*verties 97
111
0
56
81
61
68
52
25
60
8
43
22
50
94
37
44
84
96
105
117
53
104
23
95
64
35
89
48
79
109
107
3
54
112
1
74
106
103
116
45
18
97
80
47
14
83
29
10
86
42
91
55
15
70
75
58
90
110
92
41
93
9
38
65
28
40
30
4
82
6
102
118
33
21
13
36
115
72
88
32
66
24
26
67
71
46
59
114
100
119
34
31
20
73
39
76
51
*edges 
111 68
111 25
111 8
111 44
111 23
111 48
111 79
111 15
111 92
111 93
111 67
111 71
111 39
111 51
0 61
0 68
0 60
0 44
0 109
0 3
0 18
0 86
0 91
0 75
0 58
0 4
0 33
0 26
0 67
0 71
0 59
56 104
56 35
56 110
81 43
81 23
81 109
81 3
81 74
81 103
81 47
81 83
81 10
81 38
81 28
81 82
81 102
81 33
61 50
61 37
61 84
61 53
61 54
61 74
61 45
61 47
61 14
61 91
61 9
61 65
61 67
61 114
61 119
61 73
61 39
61 51
68 109
68 107
68 112
68 80
68 41
68 93
68 40
68 13
68 72
68 24
68 73
52 37
52 96
52 104
52 79
52 41
52 38
52 82
52 36
52 20
52 51
25 37
25 23
25 35
25 89
25 116
25 18
25 97
25 86
25 110
25 6
25 76
60 37
60 44
60 23
60 64
60 86
60 92
60 41
60 40
60 30
60 115
60 66
60 46
60 59
60 100
8 94
8 96
8 89
8 116
8 47
8 93
8 38
8 28
8 40
8 21
8 24
8 119
8 31
43 105
43 95
43 64
43 74
43 18
43 14
43 41
43 6
43 31
22 50
22 107
22 103
22 14
22 91
22 70
22 30
22 82
22 119
22 76
50 95
50 64
50 79
50 42
50 59
50 76
94 23
94 48
94 1
94 92
94 93
94 28
94 36
94 39
37 117
37 23
37 89
37 103
37 80
37 29
37 86
37 75
37 110
37 92
37 66
37 71
37 76
44 53
44 104
44 23
44 10
44 42
44 28
44 82
44 31
84 89
84 79
84 74
84 29
84 90
84 28
84 102
84 100
96 95
96 3
96 103
96 97
96 42
96 91
96 58
96 9
96 65
96 4
96 21
96 88
105 53
105 107
105 1
105 116
105 14
105 15
105 6
105 21
105 13
105 67
105 34
105 73
117 104
117 54
117 14
117 83
117 70
117 6
117 21
117 36
117 115
117 67
117 31
53 107
53 86
53 91
53 15
53 41
53 28
53 6
53 33
53 26
53 20
104 79
104 107
104 1
104 103
104 58
104 65
104 28
104 30
104 82
23 95
23 3
23 80
23 42
23 15
23 28
23 30
23 102
23 13
23 24
23 26
23 20
95 29
95 86
95 92
95 65
95 40
95 115
95 119
64 109
64 103
64 18
64 14
64 83
64 41
64 28
35 109
35 107
35 75
35 33
35 34
35 76
89 79
89 106
89 80
89 9
89 66
89 100
89 51
48 1
48 116
48 18
48 86
48 38
48 28
48 82
48 6
48 33
48 34
79 103
79 97
79 80
79 91
79 70
79 90
79 102
79 21
79 72
79 119
79 51
109 1
109 45
109 18
109 97
109 28
109 118
109 33
109 66
109 73
107 106
107 83
107 29
107 55
107 41
107 93
107 72
107 88
107 26
107 46
107 34
3 54
3 103
3 80
3 90
3 41
3 93
3 65
3 118
3 26
3 73
54 103
54 92
54 40
54 30
54 13
54 66
54 100
54 20
54 76
54 51
112 97
112 47
112 58
112 30
112 118
112 115
112 26
112 46
112 114
112 100
1 103
1 86
1 42
1 15
1 34
74 106
74 18
74 13
74 51
106 116
106 86
106 42
106 70
106 90
106 40
103 116
103 18
103 14
103 29
103 71
103 114
103 119
103 73
116 97
116 41
116 102
116 21
116 32
116 59
116 20
116 39
45 86
45 90
45 115
45 39
18 86
18 15
18 90
18 93
18 6
18 21
18 32
18 39
97 42
97 65
97 40
97 6
97 31
80 86
80 82
80 102
80 114
80 100
47 93
47 38
47 40
47 32
47 24
47 71
47 100
14 29
14 90
14 65
14 4
14 21
14 46
14 59
14 39
83 92
83 38
83 28
83 30
83 4
83 36
83 51
29 42
29 70
29 28
29 40
29 46
10 110
10 92
10 9
10 65
10 118
10 13
10 36
10 72
10 59
10 119
86 91
86 70
86 75
86 58
86 41
86 93
86 4
86 33
86 36
86 46
86 100
86 34
86 31
86 20
42 91
42 15
42 58
42 38
42 40
42 115
42 32
42 20
91 90
91 88
91 24
91 73
55 110
55 9
55 36
55 59
55 73
55 51
15 92
15 33
15 115
15 32
15 24
15 114
70 28
70 4
70 118
70 88
70 66
70 31
70 76
75 90
75 110
75 24
75 114
75 100
75 39
58 4
58 88
58 26
58 100
90 30
90 33
90 46
90 119
90 34
90 20
110 82
110 21
110 46
110 31
110 76
92 65
92 28
92 102
92 36
92 71
41 38
41 82
41 26
41 20
93 65
93 72
93 32
93 26
9 72
9 66
9 73
9 51
38 28
38 30
38 82
38 71
38 34
65 102
65 72
65 46
65 119
28 24
28 34
40 88
30 100
30 20
4 24
4 114
4 76
82 118
82 72
82 114
82 100
82 39
6 118
6 24
6 34
102 32
102 114
118 24
118 67
118 31
118 20
33 36
33 115
33 88
33 32
33 39
21 115
21 26
21 59
21 119
21 31
13 72
13 67
13 100
36 115
36 72
36 88
36 59
36 119
36 34
36 73
36 51
115 24
115 67
115 59
72 67
72 46
72 114
72 119
72 34
72 31
72 73
88 100
32 46
32 59
32 114
32 31
32 20
32 39
66 46
24 73
24 51
67 73
71 114
46 100
59 20
59 76
100 39
20 39
73 76
