*verties 99
2
15
37
104
13
102
35
46
98
62
103
81
70
69
114
51
72
92
64
6
41
28
80
65
96
38
58
0
61
43
29
11
60
117
55
113
47
94
8
45
118
77
20
59
19
40
48
82
9
109
7
33
91
83
79
26
90
17
97
112
57
49
99
89
22
66
88
23
73
10
101
108
84
74
42
115
50
100
31
116
106
5
95
21
105
67
27
56
4
63
36
78
39
71
110
87
52
30
85
*edges 
2 37
2 104
2 13
2 102
2 46
2 98
2 62
2 103
2 81
2 70
2 69
2 51
2 72
2 92
2 64
2 41
2 28
2 65
2 96
2 38
2 0
2 61
2 43
2 29
2 11
2 60
2 117
2 55
2 113
2 47
2 94
2 8
2 77
2 20
2 59
2 40
2 82
2 9
2 109
2 7
2 79
2 90
2 17
2 112
2 49
2 99
2 22
2 66
2 23
2 73
2 10
2 101
2 108
2 84
2 74
2 42
2 115
2 50
2 100
2 31
2 116
2 106
2 5
2 95
2 21
2 105
2 67
2 56
2 4
2 63
2 78
2 39
2 110
2 87
2 52
2 30
15 37
15 104
15 102
15 35
15 98
15 62
15 103
15 81
15 70
15 51
15 72
15 64
15 6
15 28
15 80
15 65
15 96
15 38
15 58
15 0
15 61
15 43
15 29
15 11
15 60
15 117
15 55
15 47
15 94
15 8
15 45
15 118
15 77
15 20
15 59
15 19
15 40
15 48
15 82
15 109
15 7
15 33
15 91
15 83
15 79
15 26
15 90
15 17
15 97
15 112
15 49
15 99
15 89
15 22
15 88
15 23
15 73
15 10
15 101
15 84
15 74
15 42
15 115
15 50
15 100
15 31
15 5
15 95
15 105
15 27
15 56
15 4
15 63
15 36
15 78
15 39
15 71
15 110
15 52
15 85
37 13
37 102
37 46
37 98
37 62
37 81
37 70
37 69
37 114
37 51
37 72
37 92
37 64
37 6
37 41
37 28
37 80
37 65
37 96
37 38
37 58
37 0
37 61
37 43
37 29
37 11
37 60
37 117
37 55
37 47
37 8
37 45
37 118
37 20
37 59
37 19
37 40
37 48
37 82
37 9
37 109
37 7
37 33
37 91
37 83
37 79
37 26
37 90
37 97
37 112
37 57
37 49
37 99
37 89
37 22
37 66
37 88
37 23
37 73
37 10
37 101
37 108
37 84
37 42
37 115
37 50
37 100
37 31
37 5
37 95
37 21
37 67
37 27
37 4
37 36
37 78
37 39
37 71
37 110
37 87
37 30
104 102
104 46
104 98
104 103
104 70
104 69
104 114
104 51
104 72
104 92
104 64
104 6
104 41
104 28
104 80
104 65
104 38
104 0
104 61
104 43
104 60
104 117
104 55
104 113
104 47
104 94
104 8
104 118
104 77
104 20
104 59
104 19
104 40
104 48
104 82
104 109
104 7
104 33
104 91
104 83
104 79
104 26
104 90
104 97
104 49
104 99
104 89
104 22
104 88
104 23
104 73
104 10
104 101
104 108
104 84
104 74
104 42
104 115
104 50
104 100
104 31
104 116
104 5
104 95
104 21
104 105
104 27
104 56
104 4
104 63
104 36
104 78
104 39
104 71
104 87
104 52
104 85
13 102
13 35
13 46
13 98
13 62
13 103
13 81
13 70
13 69
13 114
13 51
13 72
13 92
13 64
13 6
13 41
13 28
13 96
13 38
13 58
13 0
13 61
13 43
13 29
13 11
13 60
13 55
13 94
13 8
13 45
13 118
13 77
13 20
13 59
13 19
13 40
13 48
13 9
13 33
13 91
13 83
13 79
13 26
13 90
13 17
13 97
13 112
13 57
13 49
13 99
13 89
13 22
13 66
13 88
13 73
13 10
13 101
13 84
13 115
13 50
13 100
13 31
13 116
13 106
13 5
13 95
13 21
13 105
13 67
13 27
13 56
13 4
13 63
13 36
13 39
13 71
13 87
13 52
13 30
13 85
102 35
102 46
102 98
102 62
102 103
102 81
102 69
102 114
102 51
102 72
102 92
102 64
102 6
102 41
102 28
102 80
102 65
102 96
102 38
102 58
102 0
102 29
102 60
102 117
102 55
102 113
102 47
102 94
102 8
102 45
102 77
102 20
102 59
102 19
102 40
102 82
102 9
102 109
102 7
102 91
102 83
102 79
102 26
102 90
102 17
102 97
102 57
102 99
102 89
102 22
102 66
102 88
102 23
102 73
102 10
102 101
102 108
102 84
102 74
102 115
102 50
102 31
102 116
102 106
102 95
102 21
102 105
102 67
102 27
102 56
102 4
102 63
102 36
102 78
102 71
102 110
102 52
102 30
102 85
35 46
35 62
35 103
35 81
35 70
35 114
35 51
35 72
35 92
35 64
35 41
35 80
35 65
35 96
35 38
35 58
35 0
35 61
35 43
35 29
35 11
35 60
35 55
35 47
35 94
35 45
35 118
35 77
35 20
35 59
35 19
35 40
35 48
35 82
35 109
35 33
35 91
35 83
35 79
35 90
35 17
35 97
35 112
35 57
35 49
35 99
35 66
35 23
35 73
35 10
35 108
35 74
35 42
35 115
35 50
35 100
35 31
35 106
35 5
35 95
35 21
35 105
35 67
35 27
35 56
35 4
35 63
35 36
35 78
35 71
35 110
35 87
35 52
35 30
35 85
46 98
46 62
46 103
46 81
46 70
46 114
46 51
46 72
46 92
46 64
46 6
46 41
46 28
46 80
46 65
46 96
46 38
46 58
46 0
46 61
46 43
46 29
46 11
46 117
46 55
46 113
46 47
46 94
46 8
46 45
46 118
46 77
46 20
46 59
46 19
46 40
46 82
46 9
46 109
46 7
46 33
46 91
46 83
46 79
46 26
46 90
46 112
46 57
46 49
46 89
46 22
46 66
46 23
46 73
46 10
46 101
46 108
46 84
46 74
46 42
46 115
46 50
46 100
46 31
46 116
46 5
46 95
46 21
46 105
46 67
46 27
46 56
46 4
46 63
46 36
46 78
46 110
46 87
46 52
46 30
46 85
98 62
98 103
98 81
98 70
98 69
98 114
98 51
98 72
98 92
98 64
98 41
98 28
98 80
98 65
98 96
98 58
98 0
98 61
98 43
98 29
98 11
98 60
98 117
98 55
98 113
98 47
98 94
98 8
98 45
98 77
98 20
98 59
98 48
98 82
98 9
98 109
98 33
98 91
98 83
98 26
98 90
98 17
98 97
98 112
98 57
98 49
98 99
98 66
98 88
98 23
98 73
98 10
98 101
98 108
98 84
98 74
98 42
98 50
98 31
98 116
98 106
98 95
98 21
98 67
98 27
98 56
98 4
98 63
98 36
98 78
98 39
98 71
98 110
98 87
98 30
98 85
62 103
62 81
62 70
62 69
62 114
62 51
62 72
62 92
62 64
62 6
62 41
62 28
62 80
62 65
62 96
62 38
62 58
62 61
62 43
62 29
62 11
62 60
62 117
62 55
62 113
62 47
62 8
62 45
62 77
62 20
62 59
62 19
62 48
62 82
62 9
62 109
62 7
62 33
62 83
62 26
62 17
62 112
62 99
62 89
62 66
62 88
62 73
62 101
62 108
62 84
62 42
62 115
62 100
62 116
62 106
62 95
62 21
62 105
62 67
62 27
62 56
62 4
62 36
62 78
62 39
62 71
62 110
62 87
62 52
62 85
103 81
103 70
103 114
103 51
103 72
103 92
103 64
103 6
103 28
103 80
103 65
103 96
103 38
103 58
103 0
103 61
103 29
103 11
103 60
103 117
103 55
103 113
103 47
103 94
103 8
103 45
103 20
103 59
103 19
103 40
103 48
103 82
103 9
103 109
103 7
103 91
103 83
103 79
103 26
103 90
103 17
103 97
103 112
103 57
103 49
103 99
103 89
103 66
103 23
103 73
103 10
103 101
103 108
103 84
103 74
103 42
103 115
103 50
103 31
103 5
103 95
103 21
103 105
103 67
103 27
103 56
103 4
103 36
103 78
103 39
103 110
103 87
103 52
103 85
81 70
81 69
81 114
81 51
81 72
81 92
81 64
81 6
81 41
81 28
81 80
81 65
81 96
81 38
81 58
81 0
81 61
81 43
81 29
81 11
81 60
81 117
81 113
81 47
81 94
81 8
81 45
81 77
81 20
81 59
81 19
81 40
81 48
81 82
81 9
81 7
81 33
81 91
81 83
81 79
81 26
81 90
81 17
81 97
81 112
81 57
81 49
81 89
81 22
81 66
81 88
81 23
81 73
81 10
81 101
81 108
81 84
81 74
81 42
81 115
81 50
81 31
81 116
81 106
81 95
81 21
81 105
81 67
81 27
81 56
81 63
81 36
81 78
81 39
81 71
81 110
81 87
81 52
81 30
70 69
70 51
70 72
70 92
70 64
70 6
70 41
70 28
70 65
70 0
70 61
70 29
70 11
70 60
70 55
70 113
70 94
70 8
70 45
70 118
70 20
70 59
70 19
70 48
70 109
70 7
70 33
70 91
70 83
70 26
70 90
70 17
70 97
70 112
70 57
70 49
70 99
70 89
70 22
70 88
70 23
70 73
70 10
70 101
70 108
70 84
70 74
70 42
70 115
70 50
70 100
70 31
70 116
70 106
70 5
70 95
70 21
70 105
70 27
70 4
70 63
70 36
70 78
70 71
70 110
70 87
70 52
70 30
69 72
69 92
69 64
69 6
69 41
69 28
69 80
69 38
69 58
69 0
69 43
69 29
69 60
69 113
69 94
69 8
69 45
69 118
69 77
69 20
69 59
69 19
69 48
69 82
69 9
69 109
69 7
69 33
69 91
69 79
69 26
69 90
69 17
69 97
69 57
69 49
69 99
69 89
69 22
69 88
69 23
69 73
69 10
69 108
69 84
69 74
69 42
69 115
69 50
69 100
69 31
69 116
69 106
69 5
69 95
69 21
69 67
69 27
69 4
69 63
69 78
69 71
69 87
69 52
114 51
114 72
114 92
114 64
114 6
114 41
114 28
114 80
114 65
114 96
114 38
114 58
114 61
114 43
114 29
114 11
114 60
114 117
114 55
114 113
114 94
114 8
114 45
114 118
114 20
114 59
114 19
114 40
114 82
114 9
114 109
114 7
114 33
114 91
114 79
114 26
114 90
114 17
114 97
114 112
114 49
114 99
114 89
114 22
114 66
114 23
114 73
114 10
114 101
114 108
114 84
114 42
114 115
114 50
114 100
114 31
114 116
114 106
114 95
114 21
114 105
114 67
114 56
114 63
114 36
114 78
114 39
114 71
114 110
114 87
114 52
114 30
51 72
51 92
51 6
51 28
51 80
51 65
51 96
51 38
51 58
51 61
51 11
51 60
51 117
51 55
51 113
51 47
51 94
51 8
51 45
51 77
51 20
51 59
51 19
51 40
51 82
51 9
51 109
51 7
51 33
51 91
51 90
51 17
51 97
51 112
51 57
51 99
51 22
51 66
51 88
51 23
51 73
51 10
51 101
51 108
51 84
51 74
51 42
51 115
51 50
51 100
51 31
51 116
51 106
51 5
51 95
51 21
51 67
51 56
51 4
51 63
51 36
51 78
51 71
51 110
51 87
51 52
51 30
51 85
72 92
72 6
72 41
72 28
72 65
72 96
72 38
72 61
72 43
72 29
72 60
72 117
72 55
72 113
72 47
72 94
72 8
72 45
72 118
72 77
72 20
72 59
72 19
72 40
72 48
72 9
72 109
72 91
72 83
72 26
72 90
72 17
72 97
72 57
72 49
72 99
72 89
72 22
72 66
72 88
72 23
72 10
72 108
72 84
72 74
72 42
72 115
72 50
72 100
72 31
72 106
72 95
72 21
72 105
72 27
72 56
72 4
72 63
72 78
72 39
72 110
72 87
72 52
92 64
92 6
92 28
92 80
92 65
92 38
92 58
92 0
92 61
92 43
92 29
92 60
92 55
92 113
92 47
92 8
92 45
92 118
92 20
92 59
92 40
92 48
92 82
92 9
92 109
92 7
92 83
92 26
92 17
92 97
92 112
92 57
92 49
92 99
92 89
92 66
92 88
92 23
92 73
92 10
92 101
92 108
92 84
92 74
92 115
92 31
92 116
92 106
92 5
92 95
92 21
92 105
92 67
92 56
92 4
92 78
92 39
92 71
92 110
92 87
92 52
92 30
64 6
64 41
64 28
64 80
64 65
64 96
64 58
64 0
64 61
64 43
64 29
64 11
64 60
64 117
64 55
64 113
64 47
64 8
64 118
64 77
64 20
64 59
64 40
64 48
64 9
64 109
64 33
64 91
64 83
64 79
64 90
64 17
64 57
64 49
64 99
64 89
64 22
64 66
64 88
64 23
64 10
64 101
64 108
64 74
64 115
64 50
64 100
64 31
64 116
64 106
64 95
64 21
64 105
64 67
64 27
64 56
64 4
64 63
64 36
64 39
64 71
64 110
64 87
64 52
64 85
6 41
6 80
6 65
6 96
6 38
6 0
6 61
6 43
6 29
6 60
6 117
6 55
6 47
6 94
6 8
6 45
6 118
6 77
6 59
6 19
6 48
6 82
6 9
6 109
6 7
6 33
6 83
6 90
6 17
6 57
6 49
6 99
6 89
6 22
6 66
6 88
6 23
6 73
6 10
6 108
6 84
6 42
6 115
6 50
6 100
6 116
6 106
6 5
6 95
6 105
6 67
6 27
6 56
6 63
6 36
6 78
6 39
6 71
6 110
6 87
6 52
6 30
6 85
41 80
41 65
41 96
41 0
41 61
41 43
41 11
41 60
41 117
41 55
41 113
41 47
41 94
41 8
41 45
41 118
41 77
41 20
41 59
41 19
41 48
41 82
41 9
41 109
41 7
41 33
41 91
41 83
41 79
41 26
41 90
41 17
41 97
41 112
41 49
41 99
41 89
41 22
41 66
41 88
41 73
41 101
41 74
41 42
41 115
41 100
41 31
41 116
41 106
41 5
41 95
41 21
41 105
41 67
41 56
41 4
41 63
41 36
41 78
41 71
41 110
41 87
41 30
41 85
28 80
28 65
28 96
28 58
28 0
28 61
28 43
28 11
28 117
28 55
28 94
28 8
28 45
28 77
28 20
28 59
28 19
28 40
28 48
28 82
28 9
28 109
28 7
28 33
28 91
28 83
28 79
28 26
28 90
28 17
28 97
28 112
28 57
28 49
28 99
28 22
28 66
28 88
28 23
28 73
28 10
28 101
28 84
28 42
28 115
28 50
28 100
28 31
28 116
28 106
28 95
28 21
28 105
28 67
28 56
28 4
28 63
28 36
28 78
28 39
28 71
28 110
28 87
28 30
28 85
80 65
80 96
80 38
80 58
80 0
80 61
80 43
80 11
80 60
80 117
80 55
80 113
80 47
80 94
80 118
80 77
80 20
80 59
80 19
80 40
80 48
80 82
80 9
80 109
80 7
80 33
80 91
80 83
80 79
80 26
80 90
80 17
80 97
80 112
80 57
80 49
80 89
80 22
80 88
80 23
80 73
80 10
80 101
80 108
80 74
80 42
80 115
80 50
80 31
80 116
80 106
80 5
80 95
80 21
80 67
80 27
80 56
80 4
80 78
80 71
80 87
80 52
80 30
80 85
65 96
65 38
65 58
65 0
65 43
65 11
65 60
65 117
65 55
65 113
65 47
65 45
65 118
65 77
65 20
65 59
65 19
65 48
65 82
65 9
65 109
65 7
65 33
65 91
65 83
65 79
65 26
65 90
65 17
65 97
65 57
65 49
65 99
65 89
65 22
65 66
65 88
65 23
65 73
65 10
65 101
65 108
65 42
65 115
65 100
65 116
65 106
65 5
65 95
65 21
65 105
65 67
65 27
65 56
65 4
65 63
65 78
65 39
65 71
65 110
65 87
65 52
65 30
96 38
96 58
96 61
96 29
96 11
96 60
96 117
96 55
96 47
96 8
96 45
96 118
96 77
96 20
96 59
96 19
96 40
96 82
96 9
96 109
96 7
96 33
96 83
96 79
96 17
96 97
96 112
96 89
96 22
96 66
96 88
96 23
96 10
96 101
96 108
96 84
96 74
96 42
96 115
96 50
96 100
96 116
96 106
96 95
96 105
96 67
96 56
96 4
96 63
96 78
96 39
96 71
96 110
96 87
96 52
96 30
96 85
38 58
38 0
38 61
38 29
38 11
38 117
38 55
38 113
38 47
38 8
38 45
38 118
38 77
38 20
38 59
38 19
38 40
38 48
38 9
38 109
38 7
38 33
38 91
38 83
38 79
38 26
38 17
38 97
38 112
38 57
38 99
38 89
38 22
38 66
38 88
38 23
38 73
38 10
38 101
38 108
38 84
38 74
38 42
38 115
38 50
38 100
38 31
38 106
38 5
38 95
38 21
38 105
38 67
38 27
38 56
38 4
38 63
38 36
38 78
38 39
38 110
38 87
38 52
38 30
38 85
58 0
58 61
58 43
58 29
58 11
58 60
58 117
58 55
58 47
58 94
58 8
58 45
58 118
58 77
58 20
58 59
58 19
58 40
58 48
58 82
58 9
58 109
58 7
58 33
58 91
58 83
58 79
58 26
58 90
58 17
58 97
58 112
58 57
58 49
58 99
58 89
58 22
58 66
58 88
58 23
58 73
58 10
58 101
58 108
58 84
58 74
58 42
58 115
58 50
58 100
58 106
58 5
58 105
58 67
58 27
58 4
58 36
58 78
58 39
58 71
58 87
58 30
58 85
0 61
0 29
0 11
0 60
0 55
0 113
0 47
0 94
0 118
0 77
0 20
0 59
0 19
0 40
0 48
0 82
0 9
0 109
0 7
0 33
0 91
0 83
0 79
0 26
0 90
0 17
0 97
0 112
0 57
0 49
0 99
0 89
0 22
0 66
0 88
0 23
0 73
0 10
0 101
0 74
0 115
0 50
0 100
0 31
0 116
0 106
0 5
0 95
0 21
0 27
0 56
0 4
0 63
0 36
0 78
0 39
0 71
0 110
0 87
0 52
0 30
0 85
61 43
61 29
61 11
61 55
61 94
61 8
61 45
61 118
61 20
61 59
61 19
61 40
61 82
61 7
61 33
61 91
61 83
61 79
61 26
61 17
61 97
61 112
61 57
61 49
61 99
61 22
61 66
61 88
61 23
61 10
61 101
61 108
61 84
61 74
61 42
61 115
61 31
61 106
61 5
61 21
61 67
61 27
61 56
61 4
61 36
61 78
61 71
61 110
61 30
61 85
43 29
43 11
43 60
43 47
43 94
43 8
43 45
43 77
43 20
43 59
43 19
43 40
43 82
43 9
43 109
43 7
43 33
43 91
43 83
43 26
43 90
43 17
43 97
43 112
43 57
43 49
43 99
43 89
43 66
43 23
43 73
43 10
43 101
43 108
43 84
43 74
43 42
43 115
43 50
43 100
43 31
43 116
43 106
43 5
43 95
43 21
43 105
43 78
43 39
43 71
43 110
43 87
43 52
43 30
43 85
29 11
29 117
29 55
29 47
29 94
29 8
29 45
29 118
29 77
29 20
29 59
29 19
29 40
29 48
29 9
29 109
29 7
29 33
29 91
29 83
29 79
29 90
29 17
29 97
29 112
29 57
29 49
29 99
29 22
29 66
29 88
29 23
29 73
29 10
29 101
29 108
29 74
29 42
29 115
29 100
29 31
29 116
29 106
29 5
29 21
29 105
29 67
29 27
29 4
29 63
29 36
29 78
29 39
29 71
29 110
29 87
29 52
29 30
11 117
11 113
11 47
11 94
11 45
11 118
11 77
11 20
11 59
11 19
11 40
11 48
11 82
11 9
11 109
11 33
11 91
11 83
11 79
11 26
11 90
11 17
11 97
11 112
11 57
11 49
11 99
11 89
11 66
11 88
11 73
11 101
11 108
11 84
11 74
11 42
11 115
11 50
11 100
11 31
11 116
11 106
11 5
11 95
11 21
11 27
11 56
11 4
11 63
11 36
11 78
11 39
11 71
11 87
11 52
11 30
11 85
60 117
60 55
60 47
60 94
60 8
60 45
60 118
60 77
60 20
60 59
60 19
60 40
60 48
60 82
60 9
60 109
60 7
60 33
60 91
60 79
60 26
60 90
60 17
60 97
60 112
60 57
60 49
60 99
60 66
60 88
60 23
60 101
60 108
60 84
60 74
60 42
60 100
60 31
60 5
60 95
60 105
60 67
60 27
60 56
60 78
60 39
60 71
60 110
60 87
60 52
117 113
117 47
117 94
117 8
117 118
117 77
117 20
117 59
117 19
117 40
117 82
117 9
117 109
117 7
117 33
117 91
117 83
117 79
117 26
117 90
117 17
117 97
117 112
117 57
117 49
117 22
117 66
117 88
117 23
117 73
117 108
117 74
117 42
117 31
117 116
117 5
117 95
117 21
117 27
117 56
117 4
117 63
117 36
117 78
117 39
117 110
117 87
117 52
117 85
55 47
55 94
55 8
55 45
55 118
55 77
55 20
55 19
55 48
55 82
55 9
55 109
55 7
55 33
55 83
55 79
55 26
55 17
55 97
55 112
55 57
55 49
55 99
55 89
55 22
55 66
55 88
55 23
55 73
55 10
55 101
55 108
55 84
55 42
55 50
55 100
55 31
55 106
55 5
55 95
55 105
55 67
55 27
55 56
55 4
55 63
55 36
55 78
55 39
55 71
55 110
55 87
55 52
55 30
55 85
113 47
113 8
113 45
113 118
113 77
113 20
113 59
113 19
113 40
113 48
113 82
113 109
113 7
113 33
113 91
113 83
113 79
113 26
113 90
113 17
113 112
113 57
113 49
113 99
113 89
113 22
113 66
113 88
113 73
113 10
113 108
113 84
113 74
113 115
113 50
113 100
113 31
113 5
113 21
113 105
113 67
113 27
113 56
113 4
113 63
113 36
113 78
113 39
113 71
113 110
113 87
113 52
113 30
113 85
47 94
47 45
47 118
47 77
47 20
47 59
47 19
47 48
47 9
47 109
47 7
47 33
47 91
47 83
47 79
47 26
47 90
47 97
47 112
47 57
47 49
47 99
47 89
47 66
47 88
47 23
47 73
47 108
47 84
47 74
47 42
47 50
47 100
47 31
47 116
47 106
47 5
47 56
47 4
47 63
47 36
47 78
47 39
47 71
47 110
47 87
47 52
47 30
47 85
94 77
94 20
94 59
94 19
94 40
94 48
94 9
94 109
94 7
94 33
94 91
94 83
94 79
94 26
94 90
94 17
94 97
94 112
94 57
94 49
94 99
94 89
94 22
94 66
94 23
94 73
94 10
94 101
94 108
94 84
94 74
94 42
94 115
94 50
94 100
94 31
94 106
94 5
94 95
94 21
94 105
94 67
94 27
94 56
94 4
94 63
94 36
94 78
94 39
94 71
94 110
94 87
94 52
8 45
8 118
8 77
8 20
8 59
8 19
8 40
8 48
8 82
8 9
8 109
8 7
8 33
8 91
8 83
8 79
8 26
8 90
8 97
8 112
8 57
8 49
8 99
8 89
8 22
8 66
8 23
8 73
8 10
8 101
8 108
8 84
8 31
8 116
8 106
8 95
8 21
8 105
8 67
8 27
8 56
8 4
8 63
8 71
8 110
8 87
8 30
8 85
45 118
45 77
45 20
45 59
45 19
45 40
45 48
45 82
45 9
45 109
45 33
45 83
45 79
45 26
45 90
45 17
45 97
45 112
45 57
45 49
45 99
45 89
45 22
45 66
45 88
45 23
45 10
45 108
45 74
45 42
45 115
45 50
45 100
45 31
45 116
45 106
45 5
45 95
45 21
45 105
45 67
45 27
45 4
45 78
45 71
45 110
45 87
45 52
118 77
118 20
118 59
118 19
118 40
118 82
118 9
118 109
118 7
118 33
118 83
118 79
118 26
118 17
118 57
118 49
118 99
118 22
118 66
118 88
118 23
118 10
118 101
118 108
118 84
118 74
118 42
118 115
118 100
118 31
118 116
118 106
118 5
118 95
118 105
118 67
118 27
118 56
118 4
118 63
118 36
118 78
118 110
118 87
118 52
118 30
118 85
77 59
77 19
77 40
77 48
77 82
77 109
77 7
77 91
77 83
77 79
77 26
77 90
77 17
77 112
77 99
77 89
77 22
77 66
77 23
77 73
77 10
77 101
77 84
77 74
77 42
77 115
77 100
77 116
77 106
77 5
77 95
77 21
77 105
77 67
77 56
77 4
77 63
77 36
77 39
77 71
77 110
77 87
77 52
77 30
77 85
20 59
20 19
20 40
20 48
20 82
20 9
20 109
20 33
20 83
20 26
20 90
20 17
20 97
20 112
20 57
20 49
20 99
20 89
20 22
20 66
20 23
20 73
20 10
20 101
20 74
20 115
20 50
20 100
20 31
20 116
20 106
20 5
20 95
20 105
20 67
20 27
20 4
20 63
20 36
20 78
20 71
20 87
20 30
20 85
59 19
59 40
59 48
59 82
59 33
59 91
59 83
59 79
59 26
59 90
59 17
59 97
59 112
59 57
59 49
59 99
59 89
59 22
59 66
59 88
59 23
59 73
59 10
59 84
59 74
59 42
59 50
59 116
59 106
59 5
59 95
59 21
59 105
59 27
59 56
59 63
59 78
59 39
59 71
59 110
59 87
59 30
59 85
19 40
19 48
19 82
19 9
19 7
19 33
19 83
19 79
19 26
19 17
19 97
19 112
19 57
19 99
19 89
19 22
19 66
19 88
19 73
19 10
19 101
19 108
19 84
19 74
19 42
19 115
19 50
19 100
19 31
19 116
19 106
19 5
19 21
19 105
19 67
19 56
19 36
19 78
19 39
19 110
19 87
40 48
40 82
40 9
40 109
40 7
40 33
40 83
40 26
40 90
40 17
40 97
40 112
40 57
40 49
40 99
40 89
40 66
40 88
40 23
40 73
40 10
40 101
40 84
40 74
40 50
40 31
40 116
40 106
40 5
40 95
40 21
40 67
40 27
40 56
40 4
40 63
40 36
40 78
40 39
40 71
40 110
40 87
40 52
40 30
40 85
48 82
48 109
48 33
48 91
48 83
48 79
48 26
48 90
48 17
48 97
48 112
48 49
48 89
48 22
48 66
48 88
48 23
48 73
48 108
48 84
48 74
48 42
48 115
48 50
48 100
48 31
48 116
48 5
48 95
48 21
48 27
48 56
48 4
48 63
48 36
48 78
48 39
48 71
48 110
48 87
48 30
48 85
82 109
82 7
82 33
82 91
82 83
82 79
82 26
82 90
82 17
82 97
82 57
82 99
82 89
82 22
82 66
82 88
82 23
82 73
82 10
82 74
82 42
82 115
82 100
82 31
82 116
82 106
82 95
82 21
82 105
82 27
82 56
82 4
82 63
82 36
82 78
82 39
82 71
82 87
82 30
82 85
9 109
9 7
9 33
9 91
9 83
9 79
9 26
9 90
9 17
9 97
9 112
9 57
9 49
9 99
9 89
9 22
9 66
9 23
9 73
9 101
9 108
9 84
9 74
9 42
9 115
9 50
9 31
9 116
9 106
9 5
9 95
9 21
9 105
9 67
9 27
9 56
9 4
9 63
9 36
9 78
9 39
9 110
9 87
9 52
9 30
9 85
109 7
109 83
109 79
109 26
109 90
109 17
109 97
109 112
109 57
109 49
109 99
109 89
109 22
109 66
109 88
109 23
109 73
109 101
109 108
109 74
109 42
109 115
109 50
109 100
109 31
109 116
109 106
109 5
109 95
109 105
109 67
109 27
109 56
109 4
109 63
109 36
109 78
109 39
109 71
109 110
109 87
109 52
109 30
109 85
7 33
7 83
7 90
7 17
7 97
7 57
7 49
7 99
7 89
7 22
7 66
7 23
7 73
7 10
7 101
7 108
7 84
7 42
7 115
7 50
7 100
7 31
7 116
7 106
7 5
7 21
7 105
7 67
7 27
7 56
7 4
7 63
7 78
7 71
7 110
7 87
7 52
7 85
33 91
33 83
33 79
33 26
33 90
33 17
33 97
33 112
33 57
33 49
33 99
33 89
33 66
33 88
33 23
33 73
33 10
33 108
33 84
33 74
33 42
33 50
33 100
33 31
33 116
33 5
33 95
33 21
33 67
33 27
33 63
33 36
33 78
33 39
33 110
33 87
33 52
33 30
33 85
91 83
91 79
91 26
91 17
91 97
91 112
91 57
91 49
91 99
91 66
91 23
91 73
91 10
91 101
91 108
91 74
91 115
91 31
91 116
91 106
91 5
91 95
91 67
91 27
91 56
91 63
91 36
91 78
91 39
91 71
91 87
91 52
91 85
83 79
83 90
83 17
83 97
83 112
83 49
83 99
83 89
83 22
83 66
83 88
83 23
83 73
83 10
83 101
83 108
83 84
83 74
83 42
83 115
83 50
83 100
83 31
83 116
83 106
83 5
83 21
83 105
83 27
83 56
83 4
83 63
83 36
83 39
83 71
83 110
83 87
83 30
83 85
79 90
79 17
79 97
79 112
79 57
79 49
79 89
79 22
79 66
79 88
79 23
79 73
79 101
79 108
79 84
79 74
79 115
79 50
79 100
79 31
79 116
79 106
79 5
79 95
79 21
79 105
79 67
79 27
79 56
79 4
79 63
79 71
79 110
79 87
79 52
79 30
79 85
26 17
26 112
26 57
26 49
26 89
26 22
26 66
26 88
26 23
26 101
26 108
26 84
26 74
26 42
26 115
26 50
26 116
26 106
26 5
26 95
26 21
26 105
26 67
26 56
26 4
26 63
26 36
26 78
26 71
26 87
26 52
26 30
26 85
90 17
90 97
90 112
90 99
90 22
90 66
90 88
90 73
90 10
90 101
90 84
90 74
90 42
90 115
90 50
90 100
90 31
90 116
90 106
90 5
90 95
90 21
90 105
90 67
90 27
90 56
90 4
90 63
90 36
90 39
90 71
90 110
90 87
90 52
90 30
90 85
17 112
17 57
17 49
17 99
17 89
17 22
17 66
17 88
17 23
17 73
17 10
17 101
17 108
17 84
17 74
17 42
17 115
17 50
17 100
17 31
17 116
17 106
17 5
17 95
17 21
17 105
17 67
17 27
17 56
17 4
17 63
17 36
17 78
17 39
17 71
17 87
17 52
17 30
17 85
97 112
97 57
97 99
97 89
97 22
97 66
97 88
97 23
97 73
97 10
97 101
97 108
97 74
97 115
97 50
97 100
97 31
97 116
97 106
97 95
97 21
97 105
97 67
97 27
97 56
97 4
97 78
97 39
97 110
97 52
97 85
112 57
112 89
112 66
112 88
112 23
112 73
112 101
112 108
112 84
112 74
112 42
112 115
112 50
112 31
112 116
112 5
112 21
112 105
112 67
112 27
112 56
112 4
112 63
112 36
112 78
112 39
112 71
112 110
112 87
112 30
112 85
57 49
57 99
57 89
57 88
57 23
57 73
57 10
57 101
57 84
57 74
57 115
57 50
57 100
57 31
57 116
57 106
57 5
57 95
57 21
57 105
57 67
57 56
57 4
57 36
57 78
57 39
57 87
57 52
57 30
49 99
49 89
49 22
49 66
49 88
49 23
49 73
49 108
49 84
49 74
49 42
49 115
49 50
49 100
49 31
49 116
49 106
49 5
49 95
49 21
49 105
49 27
49 56
49 4
49 63
49 36
49 78
49 39
49 71
49 110
49 87
49 52
49 30
49 85
99 89
99 22
99 88
99 10
99 108
99 84
99 74
99 42
99 50
99 100
99 116
99 106
99 21
99 105
99 67
99 27
99 56
99 63
99 36
99 78
99 71
99 110
99 87
99 52
99 30
89 22
89 66
89 23
89 73
89 101
89 108
89 84
89 74
89 42
89 115
89 50
89 100
89 31
89 106
89 5
89 95
89 105
89 27
89 56
89 4
89 63
89 39
89 71
89 110
89 87
89 52
89 30
89 85
22 66
22 88
22 23
22 73
22 10
22 101
22 108
22 84
22 74
22 42
22 115
22 50
22 100
22 31
22 116
22 106
22 5
22 95
22 21
22 67
22 27
22 4
22 63
22 78
22 39
22 71
22 110
22 87
22 30
22 85
66 88
66 73
66 10
66 101
66 108
66 84
66 42
66 115
66 50
66 100
66 31
66 116
66 106
66 5
66 95
66 105
66 67
66 27
66 4
66 63
66 78
66 71
66 87
66 30
66 85
88 23
88 10
88 101
88 108
88 84
88 74
88 115
88 50
88 100
88 31
88 116
88 106
88 95
88 105
88 67
88 27
88 4
88 36
88 78
88 71
88 87
88 52
88 30
23 73
23 10
23 108
23 84
23 74
23 42
23 115
23 100
23 116
23 5
23 95
23 21
23 105
23 67
23 27
23 4
23 63
23 36
23 39
23 110
23 87
23 30
23 85
73 10
73 101
73 108
73 74
73 42
73 115
73 50
73 31
73 116
73 106
73 5
73 21
73 105
73 67
73 27
73 56
73 63
73 36
73 78
73 39
73 71
73 110
73 87
73 52
73 30
10 101
10 108
10 84
10 74
10 42
10 115
10 50
10 100
10 31
10 116
10 106
10 5
10 95
10 21
10 67
10 27
10 56
10 4
10 36
10 78
10 39
10 71
10 110
10 52
10 30
10 85
101 108
101 84
101 74
101 42
101 115
101 50
101 116
101 106
101 95
101 105
101 27
101 4
101 63
101 36
101 78
101 39
101 110
101 87
101 52
101 30
101 85
108 84
108 74
108 42
108 115
108 50
108 100
108 116
108 5
108 95
108 21
108 105
108 67
108 27
108 56
108 63
108 36
108 39
108 71
108 110
108 87
108 30
84 42
84 115
84 50
84 100
84 31
84 106
84 5
84 95
84 21
84 105
84 67
84 27
84 56
84 4
84 63
84 36
84 78
84 39
84 71
84 87
84 52
84 30
84 85
74 42
74 115
74 50
74 31
74 116
74 106
74 5
74 21
74 105
74 27
74 56
74 4
74 63
74 36
74 78
74 39
74 71
74 110
74 87
74 52
74 30
74 85
42 115
42 50
42 100
42 31
42 116
42 106
42 5
42 95
42 21
42 67
42 27
42 56
42 4
42 63
42 36
42 39
42 71
42 110
42 87
42 30
42 85
115 50
115 100
115 116
115 106
115 5
115 95
115 21
115 56
115 4
115 63
115 36
115 39
115 71
115 110
115 30
115 85
50 100
50 116
50 106
50 5
50 95
50 21
50 105
50 67
50 27
50 4
50 63
50 36
50 78
50 71
50 110
50 87
50 52
50 30
50 85
100 31
100 116
100 106
100 5
100 95
100 21
100 105
100 67
100 27
100 4
100 63
100 36
100 78
100 39
100 110
100 87
100 52
100 85
31 116
31 106
31 5
31 95
31 105
31 67
31 27
31 56
31 4
31 36
31 78
31 71
31 110
31 87
31 52
31 85
116 106
116 5
116 95
116 21
116 67
116 27
116 56
116 4
116 36
116 78
116 39
116 71
116 110
116 87
116 52
116 85
106 5
106 95
106 21
106 105
106 67
106 27
106 56
106 4
106 63
106 78
106 39
106 71
106 52
106 30
106 85
5 95
5 21
5 105
5 67
5 27
5 56
5 63
5 36
5 78
5 39
5 71
5 87
5 52
5 30
5 85
95 21
95 67
95 27
95 4
95 63
95 36
95 78
95 39
95 71
95 110
95 87
95 30
21 105
21 67
21 27
21 56
21 4
21 63
21 78
21 39
21 110
21 52
21 30
21 85
105 67
105 27
105 56
105 4
105 36
105 78
105 39
105 110
105 87
105 52
105 30
67 4
67 63
67 36
67 78
67 39
67 71
67 52
67 30
67 85
27 56
27 4
27 36
27 71
27 110
27 52
27 30
27 85
56 4
56 63
56 36
56 78
56 39
56 71
56 110
56 30
56 85
4 63
4 36
4 78
4 71
4 110
4 52
63 78
63 39
63 71
63 110
63 87
63 52
63 30
63 85
36 78
36 39
36 71
36 110
36 87
36 52
36 30
36 85
78 39
78 71
78 110
78 87
78 52
78 30
78 85
39 110
39 87
39 52
39 30
71 87
71 52
71 30
71 85
110 87
110 30
110 85
87 52
87 30
87 85
52 30
