*verties 116
37
103
28
55
17
111
34
56
76
83
40
80
45
53
64
113
101
35
6
72
3
88
32
81
96
30
85
67
82
115
2
44
79
18
75
15
29
11
99
105
92
119
62
57
42
106
16
91
68
61
108
87
46
117
66
14
50
90
86
39
65
71
114
73
100
7
1
8
19
0
52
78
38
109
27
54
116
118
36
13
74
51
47
24
48
107
4
95
43
31
112
70
69
89
20
98
9
84
110
63
49
41
5
104
58
102
25
94
22
21
12
26
10
97
60
93
*edges 
37 103
37 28
37 55
37 17
37 111
37 56
37 83
37 80
37 45
37 53
37 64
37 113
37 101
37 72
37 88
37 81
37 85
37 67
37 82
37 115
37 44
37 18
37 75
37 15
37 29
37 11
37 99
37 105
37 92
37 119
37 62
37 106
37 68
37 108
37 87
37 46
37 117
37 66
37 14
37 50
37 90
37 86
37 39
37 71
37 73
37 100
37 7
37 1
37 8
37 19
37 0
37 52
37 78
37 38
37 109
37 27
37 54
37 116
37 118
37 36
37 13
37 74
37 47
37 24
37 48
37 107
37 4
37 95
37 43
37 31
37 112
37 69
37 89
37 98
37 9
37 84
37 110
37 63
37 49
37 41
37 5
37 104
37 58
37 102
37 25
37 22
37 21
37 12
37 26
37 97
37 60
37 93
103 55
103 111
103 34
103 56
103 76
103 83
103 40
103 80
103 45
103 53
103 64
103 113
103 101
103 35
103 6
103 72
103 32
103 81
103 96
103 30
103 85
103 67
103 82
103 2
103 44
103 79
103 18
103 75
103 15
103 29
103 11
103 99
103 105
103 92
103 119
103 62
103 57
103 42
103 106
103 16
103 91
103 68
103 61
103 108
103 87
103 46
103 117
103 66
103 14
103 50
103 90
103 39
103 71
103 114
103 100
103 1
103 8
103 0
103 52
103 78
103 38
103 109
103 27
103 54
103 116
103 118
103 36
103 13
103 51
103 47
103 24
103 48
103 107
103 4
103 95
103 43
103 31
103 70
103 69
103 89
103 98
103 9
103 84
103 49
103 41
103 104
103 58
103 102
103 94
103 22
103 21
103 10
103 60
103 93
28 55
28 17
28 111
28 34
28 56
28 76
28 83
28 40
28 80
28 45
28 53
28 64
28 101
28 35
28 72
28 88
28 32
28 81
28 96
28 30
28 85
28 67
28 115
28 2
28 44
28 79
28 18
28 75
28 15
28 29
28 11
28 99
28 105
28 92
28 119
28 62
28 57
28 42
28 106
28 16
28 91
28 68
28 61
28 108
28 87
28 46
28 117
28 66
28 50
28 90
28 86
28 39
28 65
28 71
28 114
28 100
28 7
28 8
28 19
28 0
28 52
28 78
28 38
28 109
28 27
28 54
28 116
28 13
28 74
28 51
28 47
28 24
28 48
28 4
28 95
28 43
28 31
28 112
28 70
28 69
28 89
28 20
28 98
28 9
28 84
28 110
28 63
28 49
28 41
28 5
28 58
28 25
28 94
28 22
28 21
28 26
28 10
28 97
28 60
28 93
55 17
55 111
55 56
55 76
55 83
55 40
55 80
55 53
55 64
55 113
55 101
55 35
55 6
55 72
55 3
55 88
55 32
55 81
55 96
55 30
55 85
55 82
55 115
55 2
55 44
55 79
55 18
55 15
55 29
55 11
55 99
55 105
55 92
55 62
55 57
55 42
55 106
55 16
55 91
55 68
55 61
55 108
55 87
55 46
55 117
55 14
55 50
55 90
55 86
55 114
55 100
55 1
55 8
55 19
55 0
55 52
55 78
55 38
55 109
55 27
55 116
55 118
55 36
55 13
55 74
55 24
55 48
55 107
55 4
55 95
55 43
55 31
55 70
55 89
55 20
55 98
55 9
55 84
55 63
55 5
55 104
55 58
55 102
55 25
55 94
55 22
55 21
55 12
55 26
55 97
55 60
55 93
17 111
17 34
17 76
17 83
17 40
17 80
17 45
17 53
17 64
17 113
17 101
17 72
17 3
17 88
17 81
17 30
17 85
17 67
17 82
17 115
17 2
17 44
17 79
17 18
17 75
17 15
17 11
17 99
17 105
17 92
17 119
17 62
17 57
17 91
17 68
17 87
17 46
17 66
17 14
17 50
17 86
17 39
17 71
17 114
17 100
17 7
17 1
17 8
17 0
17 52
17 78
17 38
17 109
17 27
17 116
17 118
17 36
17 13
17 51
17 47
17 24
17 48
17 107
17 4
17 95
17 43
17 31
17 112
17 70
17 69
17 89
17 20
17 98
17 9
17 84
17 63
17 5
17 104
17 58
17 102
17 25
17 94
17 22
17 21
17 12
17 26
17 10
17 97
17 93
111 34
111 56
111 76
111 83
111 40
111 80
111 45
111 53
111 113
111 101
111 35
111 6
111 72
111 32
111 30
111 85
111 67
111 82
111 115
111 44
111 79
111 18
111 75
111 29
111 11
111 99
111 105
111 92
111 119
111 62
111 57
111 42
111 106
111 68
111 61
111 87
111 46
111 117
111 14
111 50
111 90
111 86
111 39
111 71
111 73
111 100
111 7
111 1
111 8
111 19
111 0
111 52
111 78
111 38
111 109
111 27
111 54
111 116
111 36
111 13
111 74
111 47
111 24
111 107
111 4
111 95
111 43
111 31
111 112
111 70
111 69
111 89
111 20
111 98
111 84
111 110
111 63
111 49
111 5
111 104
111 25
111 94
111 12
111 26
111 10
111 60
111 93
34 56
34 76
34 83
34 40
34 45
34 53
34 64
34 113
34 101
34 6
34 72
34 3
34 88
34 81
34 96
34 30
34 85
34 82
34 115
34 2
34 44
34 79
34 29
34 11
34 99
34 105
34 92
34 62
34 57
34 106
34 16
34 91
34 68
34 61
34 87
34 46
34 117
34 66
34 14
34 50
34 90
34 86
34 39
34 65
34 71
34 114
34 73
34 7
34 8
34 19
34 0
34 52
34 78
34 38
34 27
34 54
34 116
34 118
34 36
34 47
34 48
34 107
34 4
34 95
34 43
34 31
34 112
34 70
34 69
34 89
34 20
34 98
34 9
34 84
34 110
34 63
34 49
34 41
34 5
34 104
34 58
34 102
34 25
34 94
34 22
34 21
34 12
34 26
34 10
34 97
34 60
34 93
56 76
56 83
56 40
56 80
56 64
56 101
56 35
56 72
56 88
56 32
56 81
56 96
56 30
56 85
56 115
56 2
56 44
56 79
56 18
56 75
56 15
56 29
56 11
56 99
56 105
56 92
56 62
56 57
56 42
56 106
56 16
56 91
56 68
56 61
56 108
56 87
56 46
56 117
56 66
56 50
56 90
56 86
56 39
56 65
56 71
56 114
56 73
56 100
56 7
56 1
56 8
56 19
56 0
56 52
56 78
56 109
56 27
56 54
56 116
56 118
56 36
56 13
56 51
56 47
56 24
56 48
56 107
56 95
56 43
56 31
56 112
56 70
56 69
56 89
56 98
56 9
56 84
56 110
56 63
56 49
56 41
56 104
56 58
56 102
56 25
56 94
56 22
56 21
56 26
56 97
56 60
56 93
76 83
76 40
76 80
76 45
76 64
76 113
76 101
76 35
76 6
76 3
76 88
76 32
76 85
76 67
76 82
76 115
76 2
76 44
76 79
76 18
76 75
76 15
76 29
76 11
76 99
76 105
76 119
76 62
76 57
76 42
76 106
76 16
76 68
76 61
76 108
76 87
76 46
76 117
76 66
76 14
76 50
76 90
76 86
76 39
76 65
76 71
76 114
76 73
76 100
76 7
76 1
76 8
76 0
76 52
76 78
76 38
76 109
76 27
76 54
76 116
76 36
76 74
76 51
76 24
76 48
76 107
76 4
76 95
76 43
76 31
76 112
76 70
76 69
76 89
76 20
76 98
76 9
76 84
76 110
76 63
76 49
76 41
76 5
76 58
76 102
76 25
76 22
76 21
76 12
76 26
76 10
76 97
76 60
76 93
83 40
83 80
83 45
83 53
83 64
83 113
83 101
83 35
83 6
83 72
83 3
83 88
83 32
83 81
83 96
83 30
83 85
83 67
83 82
83 115
83 2
83 44
83 18
83 75
83 15
83 29
83 11
83 99
83 105
83 92
83 119
83 62
83 57
83 42
83 106
83 16
83 91
83 68
83 61
83 108
83 87
83 46
83 117
83 66
83 50
83 90
83 39
83 65
83 114
83 73
83 100
83 7
83 8
83 19
83 0
83 52
83 78
83 38
83 109
83 27
83 54
83 116
83 118
83 36
83 74
83 51
83 47
83 24
83 48
83 107
83 4
83 43
83 31
83 112
83 70
83 69
83 89
83 20
83 98
83 9
83 84
83 110
83 63
83 49
83 41
83 5
83 104
83 58
83 102
83 25
83 94
83 22
83 21
83 12
83 26
83 97
83 60
83 93
40 80
40 45
40 53
40 64
40 113
40 101
40 35
40 6
40 72
40 3
40 88
40 32
40 81
40 85
40 67
40 82
40 44
40 79
40 18
40 75
40 15
40 29
40 11
40 99
40 105
40 92
40 119
40 62
40 57
40 106
40 16
40 68
40 61
40 108
40 87
40 46
40 117
40 66
40 14
40 50
40 90
40 86
40 39
40 65
40 71
40 114
40 73
40 100
40 1
40 8
40 19
40 0
40 52
40 78
40 38
40 109
40 27
40 54
40 116
40 118
40 36
40 13
40 74
40 51
40 47
40 24
40 107
40 4
40 95
40 43
40 31
40 112
40 70
40 69
40 89
40 20
40 98
40 9
40 84
40 110
40 63
40 49
40 41
40 58
40 94
40 22
40 21
40 12
40 26
40 10
40 97
40 60
40 93
80 45
80 53
80 113
80 101
80 35
80 6
80 3
80 88
80 96
80 85
80 67
80 82
80 115
80 2
80 44
80 79
80 18
80 75
80 15
80 99
80 105
80 92
80 119
80 62
80 57
80 42
80 106
80 16
80 91
80 68
80 108
80 87
80 46
80 117
80 66
80 50
80 90
80 86
80 39
80 65
80 71
80 114
80 73
80 100
80 1
80 8
80 19
80 52
80 78
80 38
80 109
80 27
80 54
80 116
80 118
80 13
80 74
80 51
80 47
80 24
80 48
80 107
80 95
80 112
80 70
80 69
80 89
80 98
80 84
80 110
80 63
80 49
80 104
80 58
80 25
80 21
80 12
80 26
80 97
80 60
80 93
45 53
45 64
45 113
45 101
45 35
45 72
45 3
45 88
45 32
45 81
45 96
45 85
45 67
45 82
45 115
45 2
45 79
45 15
45 29
45 11
45 99
45 105
45 92
45 119
45 62
45 57
45 42
45 106
45 91
45 68
45 108
45 46
45 117
45 66
45 14
45 50
45 90
45 86
45 65
45 71
45 73
45 100
45 7
45 8
45 19
45 0
45 78
45 38
45 109
45 118
45 36
45 74
45 51
45 47
45 24
45 48
45 107
45 95
45 43
45 31
45 112
45 70
45 69
45 89
45 20
45 98
45 9
45 84
45 110
45 63
45 49
45 41
45 5
45 104
45 58
45 102
45 25
45 94
45 22
45 21
45 26
45 10
45 97
45 93
53 64
53 113
53 101
53 35
53 3
53 88
53 81
53 96
53 85
53 82
53 2
53 44
53 79
53 18
53 75
53 15
53 29
53 11
53 99
53 105
53 92
53 62
53 57
53 42
53 106
53 16
53 68
53 61
53 108
53 87
53 46
53 117
53 66
53 14
53 50
53 90
53 86
53 39
53 71
53 114
53 73
53 7
53 1
53 8
53 0
53 52
53 78
53 38
53 27
53 54
53 116
53 118
53 36
53 13
53 51
53 24
53 48
53 4
53 95
53 43
53 31
53 112
53 70
53 69
53 89
53 98
53 9
53 84
53 63
53 49
53 41
53 5
53 58
53 25
53 94
53 22
53 21
53 26
53 10
53 97
53 60
53 93
64 113
64 101
64 35
64 6
64 72
64 3
64 88
64 32
64 81
64 96
64 30
64 85
64 67
64 2
64 44
64 79
64 18
64 75
64 29
64 105
64 92
64 119
64 62
64 57
64 106
64 91
64 68
64 61
64 108
64 87
64 46
64 117
64 66
64 14
64 50
64 90
64 86
64 39
64 71
64 73
64 1
64 8
64 0
64 52
64 38
64 109
64 27
64 54
64 116
64 118
64 36
64 13
64 74
64 47
64 24
64 4
64 95
64 43
64 31
64 112
64 70
64 69
64 89
64 20
64 98
64 9
64 84
64 110
64 63
64 49
64 41
64 5
64 104
64 58
64 102
64 25
64 94
64 22
64 21
64 12
64 26
64 97
64 60
64 93
113 101
113 35
113 6
113 72
113 3
113 88
113 32
113 81
113 96
113 30
113 85
113 67
113 82
113 115
113 2
113 44
113 79
113 18
113 75
113 29
113 11
113 99
113 105
113 62
113 57
113 42
113 106
113 16
113 91
113 61
113 108
113 46
113 117
113 66
113 14
113 50
113 90
113 86
113 39
113 65
113 71
113 73
113 100
113 7
113 8
113 19
113 52
113 78
113 38
113 27
113 116
113 118
113 36
113 13
113 51
113 47
113 24
113 48
113 107
113 4
113 95
113 43
113 31
113 112
113 70
113 69
113 89
113 20
113 9
113 84
113 110
113 49
113 41
113 5
113 104
113 58
113 102
113 25
113 94
113 22
113 12
113 26
113 10
113 97
113 60
113 93
101 35
101 6
101 72
101 3
101 32
101 96
101 30
101 85
101 82
101 115
101 44
101 79
101 75
101 15
101 29
101 11
101 105
101 92
101 119
101 62
101 57
101 42
101 106
101 16
101 91
101 68
101 61
101 108
101 87
101 46
101 117
101 66
101 14
101 50
101 90
101 86
101 39
101 65
101 71
101 114
101 73
101 100
101 7
101 1
101 8
101 52
101 78
101 38
101 109
101 27
101 54
101 116
101 118
101 36
101 13
101 74
101 51
101 47
101 24
101 48
101 107
101 4
101 95
101 43
101 31
101 112
101 69
101 89
101 20
101 98
101 9
101 84
101 110
101 63
101 49
101 41
101 5
101 104
101 58
101 102
101 12
101 26
101 10
101 97
101 60
101 93
35 6
35 72
35 3
35 88
35 32
35 81
35 96
35 30
35 85
35 67
35 82
35 115
35 2
35 44
35 79
35 18
35 75
35 15
35 29
35 11
35 99
35 92
35 119
35 62
35 57
35 42
35 106
35 91
35 68
35 61
35 108
35 46
35 117
35 66
35 14
35 50
35 90
35 86
35 39
35 71
35 114
35 73
35 100
35 7
35 1
35 8
35 19
35 0
35 78
35 38
35 109
35 27
35 54
35 118
35 36
35 13
35 74
35 51
35 47
35 24
35 95
35 43
35 31
35 112
35 70
35 69
35 89
35 20
35 9
35 84
35 110
35 63
35 49
35 41
35 5
35 104
35 58
35 102
35 25
35 94
35 22
35 21
35 12
35 26
35 10
35 97
35 60
35 93
6 72
6 88
6 32
6 81
6 96
6 30
6 85
6 82
6 115
6 2
6 44
6 79
6 75
6 15
6 29
6 11
6 99
6 105
6 92
6 62
6 57
6 42
6 106
6 16
6 91
6 68
6 61
6 108
6 46
6 117
6 66
6 14
6 50
6 90
6 86
6 39
6 65
6 71
6 114
6 73
6 100
6 7
6 1
6 8
6 19
6 0
6 78
6 38
6 109
6 54
6 116
6 118
6 36
6 13
6 74
6 51
6 47
6 24
6 48
6 107
6 4
6 95
6 43
6 31
6 112
6 70
6 69
6 89
6 20
6 98
6 84
6 110
6 63
6 49
6 41
6 58
6 102
6 25
6 94
6 22
6 21
6 12
6 26
6 97
6 60
6 93
72 3
72 88
72 32
72 81
72 96
72 85
72 67
72 82
72 115
72 2
72 79
72 18
72 15
72 11
72 99
72 105
72 92
72 119
72 62
72 57
72 42
72 106
72 16
72 68
72 61
72 87
72 46
72 117
72 66
72 14
72 50
72 90
72 86
72 39
72 65
72 71
72 114
72 73
72 100
72 7
72 1
72 8
72 19
72 0
72 52
72 78
72 38
72 54
72 116
72 118
72 36
72 13
72 74
72 51
72 47
72 24
72 48
72 107
72 4
72 95
72 43
72 31
72 112
72 70
72 69
72 20
72 9
72 84
72 63
72 49
72 41
72 5
72 104
72 102
72 25
72 94
72 22
72 21
72 12
72 26
72 10
72 97
72 60
72 93
3 88
3 32
3 81
3 96
3 30
3 67
3 82
3 115
3 2
3 44
3 18
3 75
3 15
3 29
3 105
3 92
3 119
3 62
3 57
3 42
3 106
3 16
3 91
3 68
3 61
3 108
3 46
3 117
3 66
3 14
3 50
3 90
3 86
3 71
3 114
3 100
3 7
3 1
3 8
3 19
3 0
3 52
3 78
3 27
3 54
3 116
3 118
3 36
3 13
3 74
3 51
3 47
3 24
3 48
3 107
3 4
3 95
3 43
3 31
3 70
3 69
3 89
3 98
3 9
3 84
3 110
3 63
3 49
3 41
3 5
3 104
3 102
3 94
3 21
3 12
3 26
3 10
3 97
3 93
88 32
88 96
88 85
88 67
88 82
88 115
88 2
88 79
88 75
88 15
88 29
88 11
88 99
88 105
88 92
88 119
88 62
88 57
88 42
88 16
88 68
88 61
88 108
88 87
88 46
88 66
88 14
88 50
88 90
88 86
88 39
88 65
88 71
88 100
88 7
88 1
88 8
88 19
88 0
88 52
88 78
88 38
88 109
88 116
88 118
88 36
88 13
88 74
88 51
88 47
88 24
88 48
88 107
88 4
88 43
88 31
88 112
88 69
88 89
88 20
88 9
88 84
88 110
88 63
88 49
88 41
88 104
88 58
88 102
88 25
88 94
88 22
88 21
88 12
88 26
88 10
88 97
88 93
32 81
32 96
32 30
32 85
32 67
32 82
32 115
32 2
32 44
32 79
32 75
32 15
32 29
32 11
32 99
32 105
32 92
32 119
32 62
32 57
32 42
32 106
32 16
32 91
32 68
32 61
32 87
32 46
32 14
32 50
32 90
32 86
32 39
32 71
32 114
32 73
32 100
32 8
32 19
32 0
32 52
32 78
32 38
32 109
32 27
32 54
32 116
32 118
32 36
32 13
32 51
32 47
32 24
32 48
32 107
32 4
32 95
32 43
32 31
32 112
32 69
32 89
32 20
32 98
32 9
32 110
32 63
32 49
32 41
32 5
32 104
32 58
32 102
32 25
32 94
32 22
32 12
32 26
32 10
32 60
32 93
81 96
81 85
81 67
81 82
81 115
81 44
81 79
81 18
81 75
81 15
81 29
81 11
81 99
81 105
81 119
81 62
81 57
81 42
81 106
81 16
81 61
81 108
81 87
81 46
81 117
81 66
81 14
81 50
81 90
81 39
81 65
81 71
81 114
81 73
81 100
81 7
81 1
81 8
81 19
81 0
81 78
81 38
81 109
81 54
81 116
81 118
81 36
81 13
81 74
81 51
81 47
81 24
81 107
81 4
81 95
81 43
81 31
81 112
81 70
81 69
81 89
81 20
81 98
81 9
81 84
81 110
81 63
81 49
81 5
81 104
81 58
81 102
81 25
81 94
81 22
81 21
81 12
81 26
81 10
81 97
81 60
81 93
96 30
96 85
96 67
96 115
96 44
96 79
96 18
96 75
96 15
96 29
96 11
96 99
96 105
96 92
96 62
96 57
96 42
96 106
96 16
96 91
96 68
96 61
96 87
96 46
96 117
96 66
96 14
96 90
96 86
96 39
96 71
96 114
96 73
96 7
96 1
96 8
96 19
96 0
96 52
96 78
96 109
96 27
96 54
96 116
96 118
96 36
96 13
96 74
96 51
96 47
96 24
96 48
96 95
96 43
96 31
96 112
96 70
96 69
96 89
96 20
96 98
96 9
96 84
96 110
96 63
96 49
96 41
96 5
96 102
96 25
96 94
96 22
96 21
96 12
96 26
96 97
96 60
96 93
30 85
30 67
30 82
30 44
30 79
30 18
30 75
30 15
30 29
30 11
30 99
30 105
30 92
30 119
30 62
30 42
30 106
30 68
30 108
30 87
30 46
30 117
30 66
30 14
30 50
30 90
30 86
30 39
30 65
30 71
30 114
30 73
30 100
30 7
30 1
30 8
30 19
30 0
30 52
30 78
30 38
30 109
30 27
30 116
30 118
30 36
30 13
30 51
30 47
30 24
30 48
30 107
30 4
30 95
30 43
30 31
30 112
30 70
30 69
30 89
30 20
30 98
30 9
30 84
30 110
30 49
30 41
30 5
30 104
30 58
30 102
30 25
30 94
30 22
30 21
30 12
30 26
30 10
30 97
30 60
30 93
85 82
85 44
85 79
85 18
85 75
85 15
85 29
85 11
85 99
85 105
85 92
85 119
85 42
85 91
85 68
85 61
85 108
85 87
85 46
85 66
85 14
85 50
85 90
85 39
85 71
85 114
85 73
85 100
85 7
85 1
85 8
85 19
85 52
85 78
85 38
85 109
85 27
85 54
85 116
85 118
85 36
85 13
85 74
85 51
85 47
85 48
85 107
85 4
85 95
85 43
85 31
85 69
85 89
85 20
85 98
85 9
85 84
85 110
85 49
85 5
85 104
85 58
85 102
85 25
85 94
85 22
85 12
85 26
85 10
85 97
85 60
85 93
67 82
67 2
67 44
67 79
67 18
67 15
67 29
67 11
67 99
67 105
67 92
67 119
67 62
67 57
67 42
67 106
67 16
67 91
67 68
67 108
67 87
67 46
67 117
67 66
67 14
67 50
67 90
67 86
67 39
67 65
67 71
67 114
67 73
67 100
67 7
67 1
67 8
67 19
67 0
67 52
67 78
67 38
67 109
67 54
67 116
67 118
67 36
67 74
67 51
67 47
67 24
67 48
67 107
67 4
67 95
67 43
67 31
67 112
67 70
67 69
67 89
67 20
67 98
67 9
67 110
67 63
67 49
67 5
67 104
67 58
67 102
67 25
67 21
67 12
67 10
67 60
67 93
82 115
82 2
82 44
82 79
82 18
82 15
82 29
82 11
82 99
82 92
82 119
82 62
82 57
82 42
82 106
82 16
82 91
82 68
82 61
82 108
82 87
82 46
82 117
82 66
82 14
82 50
82 90
82 86
82 39
82 65
82 71
82 114
82 1
82 8
82 19
82 0
82 52
82 78
82 38
82 109
82 27
82 54
82 118
82 36
82 13
82 74
82 51
82 47
82 24
82 48
82 107
82 4
82 43
82 31
82 112
82 70
82 69
82 89
82 20
82 98
82 9
82 84
82 110
82 49
82 41
82 5
82 58
82 102
82 25
82 94
82 22
82 12
82 26
82 10
82 97
82 93
115 18
115 75
115 15
115 29
115 11
115 99
115 119
115 62
115 57
115 42
115 106
115 16
115 91
115 68
115 61
115 108
115 87
115 117
115 66
115 14
115 50
115 90
115 39
115 65
115 71
115 114
115 73
115 7
115 8
115 19
115 0
115 52
115 78
115 38
115 27
115 54
115 116
115 118
115 36
115 13
115 74
115 51
115 47
115 24
115 48
115 107
115 4
115 95
115 31
115 112
115 70
115 69
115 89
115 20
115 98
115 9
115 84
115 110
115 63
115 49
115 41
115 5
115 104
115 58
115 102
115 25
115 94
115 22
115 21
115 12
115 26
115 10
115 97
115 93
2 44
2 75
2 15
2 29
2 11
2 99
2 105
2 92
2 119
2 62
2 57
2 42
2 106
2 16
2 91
2 68
2 61
2 108
2 87
2 46
2 117
2 66
2 14
2 50
2 90
2 39
2 71
2 114
2 100
2 1
2 8
2 19
2 0
2 52
2 78
2 38
2 27
2 54
2 116
2 118
2 36
2 13
2 74
2 47
2 24
2 107
2 4
2 95
2 43
2 31
2 112
2 70
2 69
2 89
2 98
2 84
2 63
2 49
2 41
2 5
2 104
2 58
2 102
2 25
2 94
2 22
2 21
2 12
2 26
2 97
2 60
2 93
44 18
44 75
44 15
44 29
44 99
44 105
44 92
44 119
44 62
44 42
44 106
44 16
44 68
44 61
44 108
44 87
44 46
44 66
44 50
44 90
44 86
44 39
44 65
44 71
44 114
44 100
44 7
44 8
44 19
44 0
44 52
44 38
44 109
44 27
44 54
44 116
44 118
44 36
44 13
44 74
44 51
44 24
44 48
44 4
44 95
44 43
44 31
44 70
44 69
44 89
44 20
44 98
44 9
44 110
44 63
44 49
44 41
44 5
44 104
44 58
44 102
44 25
44 94
44 22
44 21
44 12
44 26
44 10
44 97
44 60
44 93
79 75
79 15
79 29
79 11
79 99
79 92
79 119
79 62
79 57
79 42
79 106
79 91
79 68
79 61
79 87
79 46
79 117
79 66
79 50
79 90
79 86
79 39
79 65
79 71
79 114
79 73
79 100
79 7
79 1
79 8
79 19
79 0
79 52
79 78
79 38
79 109
79 27
79 54
79 116
79 118
79 36
79 13
79 74
79 51
79 47
79 24
79 48
79 107
79 4
79 95
79 43
79 112
79 70
79 89
79 20
79 9
79 84
79 63
79 49
79 41
79 104
79 58
79 102
79 25
79 94
79 22
79 21
79 26
79 10
79 60
18 75
18 15
18 29
18 99
18 105
18 119
18 62
18 57
18 42
18 106
18 16
18 91
18 68
18 61
18 108
18 87
18 46
18 117
18 66
18 14
18 50
18 90
18 86
18 39
18 65
18 71
18 114
18 73
18 100
18 7
18 1
18 8
18 19
18 0
18 52
18 78
18 38
18 109
18 27
18 116
18 118
18 36
18 74
18 51
18 47
18 24
18 48
18 107
18 4
18 95
18 31
18 112
18 70
18 89
18 20
18 98
18 9
18 84
18 110
18 49
18 41
18 5
18 104
18 102
18 25
18 94
18 22
18 21
18 12
18 26
18 10
18 97
18 60
75 15
75 29
75 105
75 92
75 62
75 57
75 42
75 106
75 16
75 91
75 68
75 61
75 108
75 87
75 46
75 117
75 66
75 14
75 90
75 86
75 39
75 65
75 71
75 114
75 73
75 100
75 7
75 1
75 8
75 19
75 52
75 78
75 38
75 109
75 27
75 116
75 118
75 36
75 13
75 74
75 51
75 47
75 24
75 48
75 4
75 95
75 43
75 112
75 70
75 69
75 89
75 20
75 98
75 9
75 84
75 63
75 49
75 41
75 5
75 104
75 58
75 102
75 94
75 22
75 12
75 26
75 10
75 97
75 60
75 93
15 29
15 11
15 99
15 105
15 92
15 62
15 57
15 106
15 16
15 91
15 68
15 61
15 14
15 65
15 71
15 114
15 73
15 100
15 7
15 1
15 8
15 19
15 0
15 52
15 78
15 38
15 109
15 27
15 54
15 116
15 36
15 74
15 51
15 47
15 24
15 48
15 107
15 4
15 95
15 43
15 31
15 112
15 70
15 69
15 89
15 20
15 98
15 9
15 84
15 110
15 63
15 49
15 5
15 104
15 58
15 102
15 94
15 22
15 21
15 12
15 26
15 10
15 60
15 93
29 11
29 99
29 105
29 92
29 119
29 62
29 57
29 42
29 16
29 91
29 68
29 61
29 87
29 46
29 117
29 66
29 14
29 50
29 90
29 86
29 39
29 65
29 71
29 114
29 100
29 7
29 1
29 19
29 0
29 52
29 78
29 38
29 109
29 27
29 116
29 118
29 36
29 13
29 74
29 51
29 24
29 48
29 107
29 4
29 95
29 43
29 31
29 69
29 89
29 98
29 9
29 84
29 110
29 63
29 49
29 41
29 5
29 104
29 58
29 102
29 25
29 22
29 21
29 12
29 26
29 10
29 97
29 60
29 93
11 99
11 105
11 92
11 62
11 57
11 42
11 106
11 16
11 91
11 68
11 61
11 108
11 87
11 46
11 117
11 66
11 14
11 50
11 90
11 86
11 39
11 65
11 71
11 114
11 73
11 7
11 1
11 8
11 19
11 0
11 52
11 78
11 38
11 109
11 27
11 54
11 116
11 118
11 36
11 13
11 74
11 51
11 47
11 24
11 48
11 107
11 4
11 95
11 43
11 112
11 70
11 89
11 98
11 9
11 84
11 110
11 49
11 41
11 5
11 104
11 58
11 102
11 25
11 94
11 21
11 12
11 26
11 10
11 97
11 60
11 93
99 105
99 92
99 119
99 62
99 42
99 106
99 16
99 91
99 68
99 61
99 108
99 87
99 46
99 117
99 66
99 14
99 50
99 90
99 86
99 39
99 65
99 114
99 100
99 7
99 1
99 8
99 19
99 0
99 52
99 78
99 38
99 27
99 54
99 116
99 118
99 36
99 13
99 51
99 47
99 24
99 48
99 107
99 4
99 95
99 43
99 31
99 112
99 69
99 89
99 20
99 98
99 110
99 63
99 49
99 41
99 5
99 104
99 58
99 102
99 25
99 94
99 21
99 12
99 26
99 10
99 97
99 60
99 93
105 119
105 62
105 57
105 42
105 106
105 16
105 91
105 68
105 61
105 87
105 46
105 117
105 14
105 50
105 90
105 65
105 71
105 114
105 73
105 100
105 7
105 1
105 8
105 19
105 0
105 52
105 78
105 38
105 109
105 27
105 54
105 116
105 118
105 36
105 13
105 74
105 24
105 48
105 107
105 4
105 43
105 31
105 70
105 69
105 89
105 20
105 98
105 9
105 84
105 63
105 49
105 41
105 5
105 104
105 25
105 94
105 22
105 21
105 12
105 26
105 60
105 93
92 119
92 57
92 42
92 106
92 16
92 91
92 61
92 108
92 87
92 46
92 117
92 66
92 14
92 50
92 90
92 86
92 65
92 71
92 73
92 100
92 7
92 1
92 8
92 19
92 0
92 52
92 78
92 38
92 109
92 27
92 54
92 116
92 118
92 36
92 13
92 74
92 51
92 47
92 24
92 48
92 107
92 4
92 95
92 43
92 31
92 112
92 70
92 89
92 20
92 98
92 9
92 110
92 63
92 49
92 41
92 5
92 104
92 58
92 102
92 25
92 94
92 22
92 12
92 26
92 10
92 97
92 60
92 93
119 62
119 57
119 42
119 106
119 16
119 91
119 68
119 61
119 108
119 87
119 46
119 117
119 14
119 86
119 39
119 65
119 71
119 114
119 73
119 100
119 7
119 1
119 38
119 109
119 27
119 54
119 116
119 118
119 36
119 13
119 74
119 51
119 24
119 48
119 4
119 95
119 43
119 31
119 112
119 70
119 89
119 20
119 98
119 9
119 84
119 110
119 63
119 49
119 41
119 5
119 104
119 58
119 102
119 94
119 22
119 21
119 12
119 26
119 10
119 97
119 60
119 93
62 57
62 42
62 106
62 16
62 68
62 61
62 46
62 117
62 66
62 14
62 50
62 90
62 86
62 39
62 65
62 114
62 73
62 100
62 7
62 1
62 8
62 19
62 0
62 52
62 78
62 38
62 109
62 27
62 54
62 116
62 118
62 36
62 74
62 51
62 47
62 24
62 48
62 4
62 95
62 43
62 31
62 112
62 70
62 69
62 89
62 20
62 9
62 84
62 110
62 63
62 49
62 41
62 5
62 104
62 58
62 102
62 25
62 94
62 22
62 12
62 26
62 10
62 60
62 93
57 42
57 106
57 16
57 91
57 68
57 61
57 108
57 87
57 46
57 117
57 14
57 50
57 90
57 86
57 39
57 65
57 71
57 114
57 73
57 100
57 7
57 1
57 8
57 19
57 0
57 52
57 78
57 38
57 109
57 27
57 54
57 118
57 36
57 74
57 51
57 47
57 24
57 48
57 43
57 112
57 70
57 89
57 20
57 98
57 110
57 63
57 49
57 41
57 5
57 104
57 58
57 102
57 25
57 94
57 12
57 26
57 97
57 60
57 93
42 106
42 68
42 61
42 108
42 87
42 46
42 117
42 66
42 14
42 50
42 90
42 86
42 39
42 71
42 114
42 73
42 100
42 7
42 1
42 8
42 19
42 0
42 52
42 78
42 38
42 109
42 27
42 54
42 118
42 36
42 13
42 74
42 51
42 47
42 24
42 48
42 107
42 95
42 43
42 31
42 70
42 69
42 89
42 98
42 9
42 84
42 110
42 63
42 49
42 41
42 5
42 104
42 94
42 22
42 21
42 12
42 26
42 10
42 60
42 93
106 16
106 91
106 117
106 66
106 14
106 50
106 90
106 86
106 39
106 65
106 71
106 114
106 73
106 100
106 7
106 1
106 8
106 19
106 0
106 52
106 78
106 38
106 109
106 27
106 116
106 118
106 36
106 13
106 74
106 51
106 47
106 24
106 48
106 107
106 4
106 95
106 43
106 31
106 112
106 70
106 69
106 89
106 98
106 9
106 84
106 110
106 63
106 49
106 41
106 5
106 104
106 58
106 25
106 94
106 22
106 21
106 26
106 10
106 97
106 93
16 68
16 61
16 108
16 87
16 46
16 117
16 14
16 50
16 86
16 39
16 65
16 71
16 114
16 73
16 7
16 1
16 8
16 19
16 0
16 52
16 78
16 38
16 109
16 27
16 54
16 116
16 118
16 36
16 13
16 51
16 47
16 24
16 48
16 107
16 4
16 95
16 43
16 31
16 112
16 70
16 69
16 20
16 98
16 9
16 84
16 63
16 49
16 41
16 5
16 102
16 25
16 94
16 22
16 21
16 12
16 26
16 10
16 97
16 60
16 93
91 68
91 61
91 87
91 46
91 117
91 14
91 50
91 90
91 86
91 39
91 65
91 71
91 114
91 73
91 100
91 7
91 1
91 8
91 19
91 78
91 38
91 109
91 27
91 54
91 116
91 118
91 36
91 13
91 74
91 51
91 47
91 24
91 48
91 107
91 4
91 95
91 43
91 31
91 112
91 70
91 69
91 89
91 20
91 98
91 9
91 84
91 110
91 63
91 49
91 41
91 104
91 58
91 102
91 25
91 94
91 22
91 21
91 12
91 26
91 10
91 97
91 60
91 93
68 61
68 87
68 46
68 117
68 66
68 86
68 39
68 65
68 71
68 73
68 7
68 1
68 8
68 19
68 0
68 52
68 78
68 116
68 118
68 36
68 13
68 74
68 47
68 24
68 48
68 107
68 4
68 95
68 43
68 112
68 70
68 69
68 89
68 98
68 9
68 84
68 110
68 63
68 41
68 5
68 104
68 58
68 102
68 25
68 94
68 22
68 21
68 12
68 10
68 97
68 60
68 93
61 108
61 66
61 14
61 50
61 90
61 86
61 65
61 71
61 114
61 73
61 100
61 1
61 8
61 19
61 0
61 52
61 78
61 38
61 109
61 27
61 54
61 116
61 118
61 13
61 74
61 51
61 47
61 24
61 48
61 95
61 43
61 31
61 112
61 70
61 69
61 89
61 20
61 84
61 110
61 63
61 49
61 41
61 5
61 104
61 102
61 25
61 94
61 22
61 21
61 12
61 26
61 10
61 97
61 60
61 93
108 87
108 46
108 117
108 66
108 14
108 50
108 86
108 39
108 65
108 71
108 114
108 73
108 100
108 7
108 1
108 0
108 52
108 78
108 38
108 109
108 27
108 54
108 118
108 36
108 13
108 74
108 51
108 47
108 48
108 107
108 4
108 95
108 43
108 112
108 69
108 20
108 98
108 9
108 110
108 63
108 49
108 41
108 5
108 104
108 102
108 25
108 94
108 22
108 21
108 12
108 26
108 10
108 97
108 60
108 93
87 46
87 66
87 14
87 50
87 90
87 86
87 39
87 65
87 71
87 114
87 73
87 100
87 7
87 1
87 8
87 0
87 52
87 78
87 38
87 109
87 27
87 54
87 118
87 36
87 13
87 74
87 51
87 47
87 24
87 48
87 107
87 4
87 43
87 31
87 112
87 70
87 69
87 89
87 20
87 98
87 84
87 110
87 63
87 49
87 41
87 104
87 58
87 102
87 25
87 22
87 21
87 12
87 26
87 10
87 97
87 60
87 93
46 117
46 66
46 14
46 50
46 90
46 86
46 39
46 65
46 71
46 114
46 73
46 100
46 7
46 1
46 8
46 19
46 0
46 52
46 78
46 109
46 27
46 54
46 36
46 74
46 51
46 47
46 24
46 48
46 107
46 4
46 95
46 43
46 31
46 112
46 70
46 69
46 20
46 98
46 84
46 110
46 63
46 41
46 5
46 104
46 58
46 102
46 25
46 94
46 22
46 21
46 26
46 10
46 97
46 60
46 93
117 50
117 90
117 39
117 65
117 71
117 114
117 73
117 100
117 7
117 1
117 8
117 19
117 0
117 52
117 78
117 38
117 109
117 27
117 54
117 116
117 118
117 36
117 74
117 51
117 47
117 24
117 48
117 107
117 4
117 95
117 43
117 31
117 112
117 70
117 69
117 89
117 84
117 110
117 63
117 5
117 104
117 58
117 102
117 25
117 94
117 21
117 12
117 26
117 97
117 93
66 14
66 90
66 86
66 39
66 71
66 114
66 73
66 100
66 7
66 1
66 19
66 0
66 52
66 38
66 109
66 27
66 54
66 116
66 118
66 36
66 13
66 74
66 51
66 47
66 24
66 107
66 4
66 43
66 112
66 70
66 69
66 89
66 20
66 98
66 9
66 84
66 110
66 63
66 49
66 41
66 5
66 104
66 58
66 102
66 25
66 94
66 22
66 21
66 12
66 26
66 10
66 97
66 60
66 93
14 50
14 90
14 86
14 39
14 65
14 71
14 73
14 100
14 7
14 1
14 8
14 0
14 78
14 38
14 109
14 27
14 54
14 116
14 118
14 36
14 13
14 74
14 51
14 47
14 24
14 48
14 107
14 4
14 95
14 43
14 31
14 112
14 70
14 89
14 20
14 98
14 9
14 84
14 110
14 63
14 49
14 41
14 104
14 58
14 102
14 25
14 94
14 22
14 21
14 12
14 26
14 10
14 97
14 60
14 93
50 90
50 86
50 39
50 71
50 114
50 73
50 7
50 1
50 8
50 19
50 0
50 52
50 78
50 38
50 109
50 27
50 118
50 36
50 13
50 74
50 47
50 24
50 48
50 4
50 95
50 43
50 31
50 112
50 69
50 89
50 20
50 9
50 84
50 110
50 49
50 41
50 5
50 104
50 58
50 102
50 25
50 94
50 22
50 21
50 26
50 97
50 60
50 93
90 86
90 39
90 65
90 71
90 73
90 100
90 7
90 1
90 8
90 19
90 0
90 52
90 78
90 38
90 109
90 27
90 54
90 116
90 118
90 36
90 13
90 74
90 51
90 47
90 24
90 48
90 107
90 4
90 43
90 31
90 112
90 70
90 69
90 89
90 20
90 84
90 110
90 63
90 49
90 41
90 5
90 58
90 102
90 25
90 94
90 22
90 21
90 10
90 93
86 71
86 114
86 73
86 100
86 7
86 1
86 19
86 0
86 52
86 78
86 38
86 109
86 54
86 116
86 118
86 36
86 13
86 74
86 51
86 47
86 24
86 48
86 107
86 4
86 95
86 31
86 70
86 69
86 89
86 20
86 98
86 9
86 84
86 110
86 63
86 49
86 41
86 5
86 104
86 102
86 25
86 94
86 22
86 12
86 26
86 97
86 60
86 93
39 65
39 71
39 114
39 73
39 7
39 1
39 0
39 52
39 78
39 38
39 109
39 27
39 54
39 116
39 118
39 36
39 13
39 74
39 51
39 47
39 24
39 48
39 107
39 4
39 95
39 43
39 31
39 112
39 69
39 89
39 20
39 98
39 9
39 84
39 110
39 63
39 5
39 58
39 102
39 25
39 94
39 22
39 21
39 12
39 26
39 10
39 97
39 60
39 93
65 114
65 73
65 100
65 1
65 8
65 19
65 0
65 52
65 78
65 38
65 109
65 27
65 54
65 116
65 118
65 36
65 74
65 51
65 24
65 48
65 107
65 4
65 95
65 43
65 31
65 70
65 69
65 89
65 20
65 98
65 9
65 110
65 63
65 41
65 104
65 102
65 94
65 21
65 26
65 10
65 97
65 60
71 114
71 100
71 7
71 1
71 8
71 19
71 0
71 52
71 109
71 27
71 54
71 118
71 36
71 13
71 74
71 51
71 47
71 24
71 48
71 107
71 4
71 95
71 43
71 31
71 112
71 70
71 69
71 89
71 20
71 98
71 9
71 84
71 110
71 63
71 49
71 41
71 5
71 104
71 58
71 102
71 25
71 94
71 22
71 21
71 12
71 26
71 10
71 97
71 60
71 93
114 1
114 8
114 19
114 0
114 52
114 78
114 38
114 109
114 27
114 54
114 116
114 118
114 36
114 13
114 74
114 51
114 47
114 24
114 48
114 107
114 4
114 95
114 43
114 31
114 112
114 70
114 69
114 89
114 20
114 98
114 9
114 110
114 63
114 49
114 41
114 5
114 104
114 102
114 25
114 94
114 22
114 21
114 12
114 26
114 10
114 97
114 60
114 93
73 100
73 7
73 1
73 8
73 19
73 0
73 52
73 78
73 38
73 109
73 27
73 54
73 116
73 118
73 36
73 13
73 51
73 47
73 24
73 107
73 4
73 95
73 43
73 31
73 112
73 89
73 20
73 98
73 9
73 84
73 110
73 49
73 41
73 5
73 104
73 58
73 102
73 25
73 22
73 12
73 10
73 97
73 60
73 93
100 7
100 8
100 19
100 0
100 52
100 78
100 38
100 109
100 27
100 54
100 116
100 36
100 13
100 51
100 47
100 24
100 48
100 107
100 4
100 43
100 31
100 112
100 70
100 69
100 20
100 98
100 9
100 84
100 110
100 63
100 41
100 5
100 58
100 102
100 25
100 94
100 22
100 21
100 12
100 26
100 10
100 97
100 60
100 93
7 1
7 8
7 19
7 0
7 38
7 109
7 27
7 54
7 116
7 118
7 36
7 13
7 74
7 51
7 47
7 24
7 107
7 4
7 95
7 43
7 31
7 112
7 70
7 69
7 89
7 20
7 98
7 9
7 84
7 110
7 63
7 49
7 41
7 104
7 58
7 102
7 25
7 94
7 22
7 21
7 12
7 26
7 10
7 60
7 93
1 8
1 19
1 0
1 78
1 109
1 27
1 54
1 116
1 36
1 13
1 74
1 51
1 24
1 48
1 107
1 4
1 95
1 31
1 112
1 70
1 69
1 89
1 20
1 98
1 9
1 84
1 110
1 63
1 41
1 5
1 104
1 102
1 25
1 22
1 21
1 12
1 26
1 10
1 97
1 60
1 93
8 19
8 0
8 52
8 78
8 38
8 109
8 54
8 116
8 36
8 13
8 51
8 47
8 24
8 107
8 4
8 31
8 112
8 70
8 89
8 20
8 98
8 9
8 84
8 110
8 63
8 49
8 41
8 5
8 104
8 102
8 25
8 94
8 22
8 21
8 12
8 26
8 10
8 97
8 93
19 0
19 52
19 78
19 38
19 109
19 27
19 116
19 118
19 36
19 13
19 74
19 51
19 47
19 48
19 107
19 4
19 95
19 43
19 31
19 112
19 70
19 69
19 20
19 98
19 9
19 84
19 110
19 58
19 102
19 25
19 94
19 22
19 21
19 12
19 26
19 10
19 97
19 60
0 52
0 78
0 38
0 109
0 27
0 54
0 116
0 118
0 13
0 74
0 51
0 47
0 24
0 48
0 4
0 95
0 43
0 31
0 112
0 70
0 69
0 89
0 20
0 98
0 9
0 84
0 110
0 63
0 49
0 41
0 5
0 104
0 58
0 25
0 94
0 22
0 12
0 10
0 97
0 60
0 93
52 78
52 38
52 27
52 54
52 116
52 118
52 36
52 74
52 51
52 47
52 24
52 48
52 107
52 4
52 95
52 43
52 31
52 112
52 70
52 69
52 89
52 20
52 98
52 9
52 84
52 110
52 63
52 49
52 41
52 5
52 104
52 58
52 102
52 25
52 94
52 22
52 21
52 12
52 26
52 10
52 97
52 60
78 38
78 109
78 27
78 116
78 118
78 36
78 13
78 74
78 51
78 24
78 48
78 107
78 4
78 95
78 43
78 31
78 70
78 69
78 89
78 20
78 98
78 110
78 63
78 49
78 41
78 5
78 104
78 102
78 25
78 94
78 22
78 12
78 26
78 10
78 60
78 93
38 109
38 27
38 54
38 116
38 36
38 13
38 74
38 51
38 47
38 24
38 48
38 107
38 4
38 95
38 43
38 31
38 112
38 70
38 69
38 89
38 20
38 98
38 9
38 84
38 110
38 49
38 41
38 5
38 104
38 58
38 25
38 94
38 22
38 21
38 12
38 26
38 10
38 60
38 93
109 27
109 54
109 116
109 118
109 36
109 13
109 74
109 51
109 47
109 24
109 48
109 107
109 4
109 43
109 112
109 70
109 89
109 98
109 9
109 84
109 110
109 63
109 49
109 41
109 5
109 104
109 58
109 102
109 25
109 22
109 21
109 12
109 26
109 10
109 97
109 93
27 54
27 116
27 118
27 36
27 74
27 47
27 24
27 48
27 4
27 43
27 31
27 112
27 70
27 69
27 89
27 20
27 98
27 9
27 84
27 110
27 63
27 49
27 41
27 5
27 104
27 102
27 94
27 22
27 12
27 26
27 10
27 97
27 60
27 93
54 116
54 118
54 36
54 13
54 74
54 47
54 24
54 48
54 107
54 4
54 95
54 43
54 31
54 112
54 70
54 69
54 89
54 98
54 9
54 84
54 110
54 63
54 49
54 5
54 104
54 58
54 102
54 25
54 94
54 22
54 21
54 12
54 26
54 10
54 60
54 93
116 118
116 13
116 74
116 51
116 47
116 24
116 48
116 107
116 4
116 95
116 43
116 31
116 112
116 70
116 69
116 89
116 20
116 98
116 9
116 84
116 110
116 63
116 49
116 41
116 5
116 58
116 102
116 25
116 94
116 22
116 21
116 12
116 26
116 10
116 60
118 36
118 74
118 51
118 47
118 24
118 48
118 107
118 4
118 95
118 43
118 31
118 112
118 70
118 69
118 20
118 84
118 110
118 63
118 49
118 5
118 104
118 58
118 102
118 25
118 94
118 22
118 21
118 12
118 26
118 10
118 97
118 60
118 93
36 13
36 74
36 51
36 47
36 24
36 48
36 107
36 4
36 95
36 43
36 112
36 70
36 89
36 20
36 98
36 9
36 84
36 63
36 5
36 104
36 58
36 102
36 25
36 22
36 21
36 12
36 26
36 10
36 97
36 60
36 93
13 74
13 47
13 24
13 48
13 107
13 4
13 95
13 43
13 31
13 112
13 70
13 69
13 89
13 20
13 9
13 84
13 110
13 63
13 49
13 41
13 5
13 58
13 102
13 25
13 22
13 21
13 12
13 26
13 10
13 97
13 60
13 93
74 51
74 47
74 24
74 107
74 4
74 95
74 31
74 112
74 70
74 69
74 89
74 20
74 98
74 9
74 84
74 110
74 63
74 49
74 41
74 104
74 58
74 102
74 94
74 21
74 10
74 97
74 60
74 93
51 47
51 24
51 48
51 4
51 95
51 43
51 31
51 112
51 70
51 89
51 20
51 98
51 9
51 84
51 63
51 49
51 41
51 5
51 104
51 102
51 25
51 94
51 22
51 26
51 10
51 97
51 93
47 24
47 48
47 107
47 4
47 43
47 112
47 70
47 69
47 20
47 98
47 9
47 63
47 49
47 41
47 5
47 104
47 58
47 102
47 25
47 94
47 22
47 21
47 26
47 10
47 97
47 93
24 107
24 4
24 95
24 43
24 31
24 112
24 70
24 69
24 89
24 20
24 98
24 9
24 84
24 110
24 63
24 49
24 41
24 104
24 58
24 102
24 25
24 94
24 22
24 12
24 26
24 10
24 97
24 93
48 107
48 4
48 95
48 43
48 31
48 70
48 69
48 20
48 98
48 9
48 84
48 110
48 63
48 41
48 5
48 104
48 58
48 102
48 25
48 94
48 22
48 21
48 12
48 26
48 97
48 60
48 93
107 4
107 95
107 31
107 70
107 69
107 89
107 20
107 9
107 84
107 110
107 49
107 41
107 5
107 104
107 58
107 102
107 25
107 94
107 22
107 21
107 12
107 26
107 10
107 97
107 60
4 95
4 43
4 112
4 70
4 69
4 89
4 20
4 98
4 9
4 49
4 41
4 5
4 104
4 58
4 102
4 25
4 94
4 22
4 21
4 12
4 26
4 10
4 97
4 60
4 93
95 43
95 31
95 112
95 70
95 69
95 89
95 20
95 98
95 9
95 84
95 63
95 49
95 41
95 5
95 104
95 58
95 25
95 94
95 22
95 21
95 12
95 26
95 10
95 60
95 93
43 112
43 70
43 69
43 89
43 20
43 98
43 110
43 63
43 49
43 41
43 5
43 104
43 58
43 102
43 94
43 22
43 21
43 12
43 26
43 10
43 97
43 60
43 93
31 112
31 69
31 89
31 20
31 98
31 9
31 84
31 110
31 63
31 49
31 41
31 104
31 58
31 102
31 25
31 94
31 22
31 21
31 26
31 10
31 97
31 60
31 93
112 70
112 89
112 20
112 98
112 9
112 84
112 63
112 49
112 58
112 102
112 25
112 94
112 22
112 21
112 12
112 26
112 97
70 69
70 89
70 20
70 98
70 9
70 84
70 63
70 49
70 41
70 5
70 104
70 58
70 102
70 94
70 22
70 21
70 26
70 10
70 97
70 60
70 93
69 89
69 20
69 98
69 9
69 84
69 110
69 63
69 41
69 5
69 104
69 58
69 102
69 25
69 94
69 22
69 21
69 12
69 10
69 97
69 60
69 93
89 20
89 98
89 9
89 84
89 110
89 63
89 49
89 41
89 5
89 104
89 58
89 102
89 25
89 94
89 22
89 12
89 26
89 10
89 97
89 60
20 98
20 9
20 84
20 110
20 63
20 49
20 41
20 5
20 104
20 58
20 102
20 25
20 94
20 22
20 21
20 12
20 26
20 10
20 97
20 60
20 93
98 9
98 110
98 63
98 41
98 5
98 104
98 58
98 102
98 25
98 94
98 21
98 12
98 26
98 10
98 97
98 60
98 93
9 84
9 49
9 41
9 5
9 104
9 58
9 25
9 22
9 21
9 12
9 26
9 10
9 97
9 60
9 93
84 110
84 63
84 49
84 5
84 104
84 25
84 94
84 22
84 21
84 12
84 10
84 97
84 60
84 93
110 63
110 49
110 41
110 5
110 104
110 58
110 25
110 94
110 22
110 21
110 12
110 26
110 10
110 97
110 60
110 93
63 49
63 41
63 5
63 58
63 102
63 25
63 94
63 22
63 21
63 12
63 26
63 97
63 60
63 93
49 41
49 5
49 104
49 58
49 102
49 94
49 22
49 21
49 12
49 26
49 10
49 97
49 60
49 93
41 58
41 102
41 25
41 94
41 22
41 21
41 12
41 26
41 10
41 97
41 60
41 93
5 104
5 102
5 25
5 94
5 22
5 21
5 12
5 26
5 10
5 97
5 60
5 93
104 58
104 25
104 94
104 22
104 21
104 26
104 97
104 60
104 93
58 102
58 22
58 21
58 12
58 26
58 10
58 60
58 93
102 25
102 94
102 22
102 21
102 12
102 26
102 10
102 60
102 93
25 94
25 22
25 21
25 12
25 26
25 10
25 97
25 60
25 93
94 22
94 21
94 12
94 26
94 10
94 97
94 93
22 21
22 26
22 10
22 97
22 93
21 12
21 26
21 10
21 97
21 60
21 93
12 26
12 97
12 93
26 10
26 97
26 60
26 93
10 97
10 60
10 93
97 60
97 93
60 93
