*verties 117
35
113
17
8
45
11
40
80
72
84
36
41
23
18
9
95
83
59
33
110
52
70
24
56
62
29
89
6
49
68
47
51
104
117
12
107
53
75
22
25
43
73
2
39
82
1
119
50
111
63
38
64
93
71
97
42
66
102
67
10
96
74
61
100
81
105
88
21
54
13
98
101
103
90
79
44
91
26
30
46
76
27
85
19
65
34
0
112
4
114
118
32
55
77
106
20
115
48
37
108
31
14
109
99
60
7
57
116
5
15
28
94
86
16
87
92
69
*edges 
35 17
35 8
35 40
35 80
35 72
35 84
35 36
35 95
35 33
35 52
35 24
35 62
35 68
35 47
35 51
35 12
35 107
35 75
35 22
35 2
35 39
35 82
35 1
35 63
35 93
35 97
35 42
35 102
35 67
35 10
35 74
35 105
35 98
35 103
35 79
35 91
35 30
35 46
35 34
35 0
35 112
35 32
35 55
35 77
35 20
35 108
35 31
35 109
35 99
35 60
35 116
35 5
35 16
35 87
35 92
113 45
113 80
113 9
113 52
113 70
113 6
113 68
113 47
113 117
113 107
113 53
113 25
113 73
113 39
113 1
113 111
113 93
113 66
113 102
113 74
113 98
113 90
113 44
113 76
113 27
113 34
113 0
113 4
113 118
113 77
113 48
113 109
113 99
113 116
113 15
113 28
113 94
113 16
17 45
17 40
17 72
17 41
17 23
17 9
17 83
17 59
17 33
17 110
17 6
17 51
17 104
17 117
17 107
17 53
17 25
17 111
17 63
17 38
17 97
17 66
17 102
17 81
17 105
17 21
17 54
17 44
17 26
17 30
17 85
17 19
17 114
17 77
17 106
17 20
17 115
17 37
17 108
17 31
17 14
17 109
17 99
17 16
17 92
8 11
8 80
8 36
8 9
8 95
8 83
8 33
8 24
8 29
8 49
8 47
8 107
8 22
8 25
8 39
8 82
8 119
8 50
8 63
8 38
8 93
8 42
8 102
8 74
8 98
8 79
8 44
8 26
8 30
8 19
8 0
8 4
8 114
8 118
8 48
8 31
8 7
8 94
8 86
8 16
8 92
45 11
45 40
45 23
45 33
45 62
45 89
45 6
45 47
45 75
45 43
45 73
45 2
45 39
45 82
45 119
45 111
45 64
45 93
45 97
45 42
45 66
45 67
45 88
45 21
45 54
45 13
45 98
45 103
45 79
45 26
45 76
45 85
45 0
45 114
45 55
45 20
45 115
45 31
45 99
45 57
45 116
45 5
45 16
45 92
45 69
11 40
11 72
11 41
11 18
11 95
11 83
11 33
11 110
11 52
11 29
11 49
11 51
11 107
11 53
11 25
11 2
11 119
11 50
11 38
11 64
11 93
11 97
11 42
11 66
11 10
11 81
11 21
11 79
11 30
11 85
11 34
11 32
11 55
11 20
11 115
11 108
11 31
11 14
11 99
11 60
11 7
11 116
11 5
11 15
11 87
11 69
40 80
40 84
40 18
40 9
40 95
40 110
40 24
40 62
40 89
40 6
40 68
40 107
40 53
40 22
40 73
40 39
40 119
40 111
40 64
40 97
40 42
40 102
40 96
40 105
40 88
40 13
40 98
40 103
40 90
40 79
40 91
40 26
40 76
40 34
40 0
40 112
40 118
40 32
40 55
40 37
40 14
40 109
40 116
40 5
40 87
40 69
80 84
80 36
80 95
80 83
80 52
80 70
80 56
80 62
80 89
80 6
80 51
80 104
80 12
80 107
80 53
80 75
80 43
80 73
80 2
80 82
80 50
80 63
80 97
80 42
80 96
80 74
80 105
80 88
80 13
80 103
80 79
80 44
80 30
80 76
80 34
80 4
80 114
80 115
80 48
80 37
80 108
80 31
80 109
80 60
80 116
80 15
72 36
72 41
72 23
72 95
72 59
72 33
72 110
72 70
72 24
72 56
72 29
72 89
72 104
72 12
72 107
72 53
72 82
72 119
72 50
72 111
72 63
72 71
72 97
72 66
72 10
72 96
72 74
72 81
72 98
72 101
72 46
72 76
72 85
72 19
72 65
72 55
72 106
72 20
72 115
72 37
72 31
72 99
72 60
72 57
72 116
72 5
72 94
84 23
84 9
84 33
84 29
84 6
84 68
84 51
84 104
84 117
84 53
84 1
84 119
84 50
84 111
84 38
84 93
84 71
84 42
84 10
84 74
84 61
84 81
84 105
84 88
84 21
84 13
84 98
84 103
84 90
84 91
84 76
84 4
84 32
84 20
84 115
84 48
84 108
84 99
84 15
84 69
36 41
36 23
36 95
36 110
36 52
36 56
36 62
36 29
36 89
36 6
36 51
36 104
36 43
36 1
36 50
36 111
36 93
36 71
36 97
36 102
36 67
36 10
36 61
36 81
36 105
36 101
36 103
36 90
36 91
36 26
36 46
36 85
36 4
36 114
36 118
36 7
36 94
36 86
36 92
41 23
41 9
41 83
41 33
41 52
41 24
41 62
41 29
41 104
41 22
41 73
41 50
41 111
41 63
41 71
41 102
41 67
41 10
41 61
41 100
41 88
41 54
41 98
41 103
41 90
41 44
41 91
41 30
41 46
41 85
41 19
41 112
41 114
41 118
41 108
41 31
41 14
41 109
41 60
41 7
41 57
41 5
41 94
41 86
23 18
23 59
23 110
23 70
23 62
23 89
23 6
23 68
23 12
23 107
23 22
23 25
23 73
23 39
23 50
23 111
23 38
23 64
23 93
23 97
23 102
23 61
23 88
23 13
23 98
23 101
23 103
23 90
23 44
23 46
23 0
23 112
23 114
23 118
23 32
23 77
23 106
23 20
23 31
23 99
23 60
23 7
23 116
23 5
23 15
23 94
18 83
18 56
18 62
18 6
18 12
18 22
18 43
18 73
18 39
18 1
18 71
18 42
18 102
18 67
18 10
18 96
18 74
18 100
18 101
18 90
18 79
18 91
18 26
18 76
18 85
18 65
18 112
18 4
18 32
18 106
18 48
18 37
18 14
18 109
18 57
18 15
18 16
18 92
18 69
9 83
9 59
9 110
9 52
9 70
9 24
9 29
9 89
9 47
9 51
9 117
9 12
9 107
9 22
9 25
9 73
9 2
9 39
9 82
9 119
9 111
9 38
9 64
9 66
9 67
9 10
9 74
9 61
9 13
9 103
9 90
9 79
9 44
9 26
9 30
9 46
9 85
9 19
9 34
9 0
9 4
9 77
9 106
9 20
9 108
9 109
9 99
9 5
9 28
9 94
9 16
9 87
9 69
95 83
95 110
95 52
95 24
95 56
95 62
95 6
95 49
95 47
95 51
95 104
95 75
95 22
95 25
95 43
95 2
95 50
95 66
95 67
95 10
95 74
95 100
95 81
95 105
95 88
95 13
95 98
95 101
95 90
95 79
95 91
95 30
95 76
95 27
95 85
95 19
95 65
95 4
95 55
95 77
95 115
95 48
95 108
95 31
95 109
95 57
95 116
95 28
95 94
95 87
95 92
83 59
83 110
83 70
83 24
83 62
83 6
83 49
83 107
83 43
83 1
83 63
83 38
83 64
83 42
83 67
83 10
83 96
83 61
83 81
83 88
83 98
83 103
83 79
83 44
83 91
83 26
83 30
83 85
83 34
83 0
83 112
83 4
83 32
83 55
83 77
83 106
83 20
83 115
83 37
83 108
83 31
83 99
83 116
83 5
83 87
59 29
59 47
59 104
59 22
59 43
59 39
59 1
59 50
59 111
59 63
59 64
59 71
59 97
59 96
59 74
59 100
59 54
59 13
59 98
59 103
59 79
59 44
59 91
59 65
59 34
59 112
59 4
59 114
59 77
59 48
59 108
59 31
59 99
59 60
59 7
59 5
59 15
59 92
33 56
33 62
33 68
33 47
33 104
33 117
33 22
33 25
33 43
33 73
33 2
33 39
33 82
33 1
33 119
33 50
33 111
33 63
33 38
33 97
33 42
33 67
33 10
33 96
33 100
33 88
33 98
33 101
33 103
33 91
33 65
33 112
33 114
33 118
33 20
33 115
33 31
33 109
33 99
33 60
33 57
33 116
33 16
33 87
33 92
110 52
110 24
110 49
110 68
110 51
110 104
110 117
110 53
110 25
110 43
110 2
110 39
110 119
110 111
110 93
110 102
110 67
110 10
110 100
110 81
110 105
110 54
110 13
110 98
110 90
110 44
110 46
110 27
110 0
110 114
110 118
110 20
110 37
110 60
110 15
110 86
110 87
110 69
52 62
52 29
52 49
52 68
52 117
52 25
52 43
52 73
52 82
52 111
52 71
52 42
52 102
52 67
52 10
52 96
52 74
52 61
52 81
52 105
52 13
52 101
52 79
52 26
52 30
52 85
52 19
52 65
52 34
52 0
52 4
52 114
52 118
52 32
52 48
52 37
52 108
52 109
52 92
70 24
70 49
70 68
70 47
70 104
70 12
70 53
70 22
70 39
70 82
70 111
70 38
70 71
70 97
70 102
70 67
70 96
70 61
70 100
70 88
70 54
70 98
70 101
70 79
70 44
70 91
70 30
70 46
70 27
70 65
70 4
70 32
70 7
70 5
70 15
70 28
70 94
70 16
24 22
24 43
24 73
24 2
24 1
24 119
24 111
24 63
24 38
24 64
24 97
24 42
24 61
24 100
24 81
24 105
24 54
24 13
24 98
24 101
24 90
24 79
24 91
24 26
24 76
24 34
24 0
24 112
24 4
24 32
24 55
24 20
24 115
24 48
24 14
24 60
24 116
24 5
24 86
24 87
24 92
56 29
56 89
56 51
56 104
56 117
56 12
56 107
56 75
56 22
56 25
56 43
56 1
56 119
56 50
56 111
56 63
56 71
56 97
56 42
56 66
56 102
56 96
56 61
56 21
56 13
56 98
56 101
56 91
56 26
56 30
56 27
56 85
56 112
56 55
56 77
56 48
56 31
56 14
56 15
56 28
56 94
56 86
56 16
56 69
62 89
62 6
62 117
62 107
62 53
62 22
62 25
62 43
62 1
62 50
62 111
62 63
62 71
62 97
62 42
62 66
62 96
62 81
62 105
62 88
62 21
62 54
62 13
62 101
62 91
62 46
62 85
62 34
62 0
62 114
62 118
62 32
62 106
62 20
62 14
62 60
62 7
62 116
62 5
62 94
62 86
62 69
29 6
29 49
29 117
29 107
29 53
29 22
29 73
29 2
29 39
29 111
29 63
29 64
29 93
29 71
29 97
29 81
29 105
29 88
29 21
29 13
29 90
29 79
29 76
29 27
29 65
29 34
29 0
29 108
29 31
29 109
29 99
29 60
29 5
29 15
29 86
29 87
29 92
89 68
89 104
89 12
89 22
89 25
89 43
89 39
89 111
89 63
89 71
89 96
89 61
89 101
89 91
89 26
89 30
89 65
89 112
89 4
89 32
89 55
89 20
89 115
89 37
89 14
89 7
89 57
89 94
89 86
89 16
89 69
6 68
6 51
6 12
6 107
6 53
6 75
6 2
6 50
6 111
6 38
6 71
6 42
6 102
6 88
6 98
6 101
6 44
6 91
6 30
6 76
6 34
6 0
6 112
6 4
6 118
6 32
6 77
6 115
6 108
6 99
6 60
6 7
6 57
6 116
6 5
6 28
6 87
49 68
49 117
49 12
49 53
49 22
49 2
49 39
49 82
49 111
49 63
49 97
49 42
49 66
49 67
49 96
49 21
49 54
49 13
49 101
49 103
49 90
49 44
49 46
49 19
49 34
49 112
49 4
49 118
49 55
49 20
49 48
49 37
49 14
49 60
49 86
49 87
68 47
68 51
68 117
68 107
68 53
68 1
68 50
68 111
68 64
68 93
68 97
68 66
68 67
68 96
68 61
68 100
68 81
68 88
68 21
68 98
68 103
68 90
68 44
68 30
68 85
68 65
68 4
68 55
68 77
68 57
68 116
68 28
68 16
68 87
68 92
68 69
47 51
47 12
47 107
47 25
47 43
47 2
47 39
47 1
47 111
47 64
47 66
47 74
47 105
47 54
47 13
47 98
47 101
47 90
47 79
47 0
47 112
47 4
47 32
47 20
47 31
47 109
47 15
47 28
47 87
51 104
51 53
51 75
51 43
51 119
51 50
51 38
51 71
51 66
51 74
51 61
51 100
51 81
51 105
51 54
51 98
51 90
51 79
51 26
51 30
51 19
51 65
51 0
51 112
51 118
51 32
51 77
51 115
51 108
51 31
51 99
51 60
51 7
51 57
51 15
51 87
51 69
104 117
104 53
104 22
104 43
104 111
104 63
104 38
104 64
104 93
104 42
104 102
104 67
104 10
104 96
104 74
104 100
104 81
104 105
104 54
104 13
104 44
104 91
104 26
104 46
104 27
104 19
104 34
104 0
104 32
104 20
104 115
104 109
104 7
104 57
104 116
104 5
104 15
104 28
104 86
104 16
117 12
117 53
117 75
117 43
117 73
117 2
117 1
117 119
117 64
117 93
117 42
117 102
117 96
117 81
117 88
117 54
117 90
117 79
117 85
117 65
117 34
117 0
117 112
117 118
117 55
117 106
117 115
117 31
117 14
117 109
117 60
117 7
117 5
117 94
117 86
117 87
117 92
12 75
12 39
12 82
12 111
12 63
12 66
12 102
12 96
12 74
12 100
12 105
12 88
12 103
12 79
12 91
12 30
12 27
12 34
12 4
12 114
12 32
12 106
12 48
12 109
12 116
12 15
12 94
12 92
12 69
107 43
107 82
107 1
107 111
107 64
107 93
107 71
107 66
107 10
107 74
107 13
107 101
107 44
107 91
107 46
107 65
107 0
107 32
107 55
107 37
107 31
107 99
107 60
107 7
107 57
107 116
107 5
107 15
107 28
107 86
107 87
53 43
53 82
53 64
53 93
53 42
53 66
53 102
53 61
53 100
53 103
53 44
53 91
53 76
53 85
53 19
53 65
53 34
53 112
53 114
53 55
53 115
53 48
53 109
53 57
53 116
53 86
53 92
75 22
75 43
75 2
75 1
75 119
75 50
75 63
75 64
75 71
75 97
75 66
75 67
75 10
75 61
75 105
75 88
75 21
75 13
75 98
75 90
75 44
75 91
75 76
75 19
75 0
75 112
75 114
75 118
75 106
75 48
75 37
75 108
75 31
75 109
75 99
75 15
75 16
22 43
22 73
22 2
22 39
22 82
22 50
22 63
22 38
22 93
22 71
22 97
22 66
22 67
22 10
22 96
22 74
22 100
22 81
22 88
22 101
22 90
22 91
22 26
22 19
22 65
22 55
22 106
22 115
22 37
22 108
22 109
22 99
22 60
22 57
22 116
22 5
22 28
22 16
25 73
25 82
25 50
25 63
25 93
25 71
25 97
25 54
25 90
25 79
25 26
25 30
25 46
25 76
25 85
25 19
25 65
25 0
25 112
25 55
25 48
25 37
25 108
25 31
25 14
25 99
25 60
25 94
25 87
25 69
43 2
43 39
43 82
43 1
43 119
43 50
43 111
43 38
43 71
43 42
43 66
43 61
43 81
43 105
43 88
43 21
43 54
43 103
43 91
43 30
43 27
43 85
43 19
43 65
43 0
43 112
43 4
43 114
43 77
43 14
43 109
43 116
43 5
43 28
73 2
73 111
73 64
73 93
73 102
73 67
73 10
73 105
73 21
73 98
73 101
73 44
73 46
73 76
73 65
73 114
73 118
73 77
73 20
73 108
73 31
73 14
73 7
73 15
73 28
73 94
73 86
73 16
73 69
2 39
2 82
2 50
2 111
2 38
2 64
2 42
2 102
2 67
2 10
2 74
2 61
2 105
2 13
2 90
2 44
2 26
2 65
2 0
2 112
2 4
2 77
2 106
2 20
2 115
2 37
2 108
2 14
2 99
2 57
2 116
2 15
2 28
2 86
2 92
39 1
39 66
39 21
39 44
39 76
39 112
39 114
39 32
39 55
39 77
39 20
39 115
39 37
39 116
39 28
39 16
39 87
39 92
82 1
82 119
82 111
82 63
82 38
82 93
82 10
82 100
82 81
82 105
82 88
82 21
82 98
82 103
82 26
82 30
82 46
82 76
82 27
82 85
82 19
82 65
82 34
82 112
82 55
82 77
82 106
82 115
82 37
82 108
82 31
82 14
82 109
82 60
82 57
82 16
82 87
82 69
1 119
1 63
1 38
1 93
1 97
1 42
1 67
1 10
1 74
1 21
1 54
1 13
1 101
1 79
1 91
1 46
1 27
1 65
1 4
1 118
1 115
1 48
1 109
1 99
1 57
1 28
1 16
1 92
119 111
119 63
119 71
119 102
119 81
119 88
119 21
119 54
119 101
119 103
119 44
119 46
119 76
119 19
119 34
119 114
119 118
119 32
119 55
119 106
119 20
119 48
119 108
119 31
119 99
119 60
119 7
119 57
119 15
119 28
119 86
119 87
119 92
50 64
50 71
50 42
50 96
50 74
50 100
50 105
50 88
50 13
50 101
50 90
50 91
50 76
50 65
50 34
50 0
50 115
50 108
50 109
50 60
50 7
50 116
50 5
50 15
50 86
50 16
50 87
111 63
111 38
111 93
111 102
111 10
111 101
111 103
111 90
111 79
111 91
111 27
111 19
111 34
111 114
111 55
111 99
111 28
111 94
111 86
111 87
63 97
63 42
63 10
63 96
63 61
63 54
63 13
63 90
63 44
63 91
63 27
63 34
63 0
63 32
63 37
63 31
63 14
63 99
63 15
63 28
63 94
63 86
63 16
38 102
38 67
38 96
38 100
38 44
38 85
38 65
38 0
38 112
38 4
38 118
38 55
38 115
38 14
38 7
38 116
38 5
38 16
38 87
38 92
38 69
64 97
64 42
64 61
64 100
64 54
64 103
64 79
64 46
64 76
64 27
64 85
64 65
64 34
64 0
64 114
64 77
64 106
64 20
64 37
64 108
64 31
64 109
64 99
64 60
64 15
64 87
93 71
93 42
93 67
93 96
93 74
93 100
93 81
93 88
93 21
93 54
93 13
93 26
93 27
93 0
93 114
93 118
93 32
93 55
93 31
93 109
93 99
93 7
93 57
93 116
93 15
93 94
71 97
71 67
71 96
71 74
71 100
71 81
71 105
71 54
71 13
71 30
71 76
71 65
71 20
71 115
71 48
71 108
71 109
71 7
71 28
71 87
97 66
97 10
97 74
97 61
97 81
97 105
97 88
97 21
97 103
97 90
97 79
97 91
97 30
97 65
97 0
97 112
97 4
97 118
97 55
97 106
97 57
97 5
97 92
42 10
42 100
42 88
42 98
42 79
42 44
42 91
42 26
42 65
42 0
42 4
42 114
42 118
42 32
42 55
42 115
42 37
42 99
42 60
42 116
42 15
42 86
42 16
42 69
66 102
66 96
66 61
66 105
66 88
66 21
66 54
66 79
66 30
66 76
66 27
66 85
66 19
66 65
66 34
66 0
66 112
66 4
66 32
66 20
66 115
66 37
66 31
66 99
66 7
66 94
66 86
66 87
66 92
102 10
102 74
102 61
102 105
102 54
102 98
102 90
102 26
102 30
102 46
102 76
102 19
102 65
102 0
102 112
102 4
102 55
102 106
102 20
102 115
102 37
102 108
102 99
102 60
102 57
102 116
102 28
102 94
102 86
102 16
67 10
67 74
67 100
67 81
67 54
67 13
67 101
67 90
67 46
67 76
67 27
67 19
67 65
67 0
67 4
67 114
67 32
67 55
67 115
67 109
67 99
67 60
67 7
67 5
67 86
67 16
67 87
10 100
10 81
10 105
10 88
10 21
10 101
10 79
10 44
10 85
10 19
10 112
10 4
10 32
10 106
10 48
10 60
10 57
10 116
10 15
10 28
10 94
10 86
10 92
10 69
96 81
96 88
96 21
96 13
96 98
96 101
96 91
96 26
96 30
96 46
96 76
96 85
96 19
96 4
96 114
96 32
96 20
96 37
96 109
96 60
96 57
96 116
74 81
74 88
74 54
74 44
74 26
74 46
74 27
74 0
74 55
74 48
74 31
74 60
74 116
74 5
74 86
74 87
74 92
61 100
61 13
61 98
61 103
61 30
61 27
61 85
61 19
61 65
61 34
61 4
61 32
61 55
61 106
61 20
61 37
61 31
61 109
61 99
61 60
61 116
61 5
61 15
61 28
61 94
61 87
61 69
100 88
100 13
100 98
100 101
100 91
100 76
100 85
100 19
100 65
100 34
100 0
100 4
100 114
100 20
100 48
100 37
100 108
100 5
100 28
100 94
100 87
81 105
81 54
81 98
81 90
81 44
81 65
81 112
81 114
81 32
81 77
81 20
81 115
81 31
81 7
81 57
81 116
81 15
81 94
81 69
105 88
105 21
105 79
105 26
105 30
105 27
105 19
105 65
105 34
105 112
105 114
105 115
105 37
105 31
105 7
105 57
105 94
105 16
105 92
105 69
88 13
88 98
88 101
88 26
88 30
88 46
88 27
88 85
88 65
88 34
88 114
88 118
88 55
88 48
88 108
88 14
88 7
88 28
88 86
88 16
88 87
88 92
21 98
21 103
21 44
21 76
21 85
21 65
21 34
21 4
21 32
21 77
21 31
21 14
21 60
21 15
21 28
21 87
21 92
54 13
54 98
54 103
54 26
54 30
54 76
54 85
54 19
54 0
54 4
54 118
54 55
54 106
54 20
54 115
54 48
54 31
54 60
54 7
54 57
54 15
54 94
54 86
13 103
13 79
13 85
13 19
13 65
13 0
13 4
13 77
13 106
13 20
13 115
13 37
13 31
13 14
13 99
13 60
13 57
13 15
13 94
98 101
98 79
98 44
98 30
98 46
98 76
98 34
98 0
98 4
98 32
98 106
98 20
98 48
98 37
98 108
98 31
98 14
98 109
98 99
98 60
98 57
98 116
98 15
98 92
101 90
101 91
101 46
101 34
101 112
101 118
101 32
101 31
101 14
101 109
101 99
101 60
101 7
101 15
101 28
101 94
101 86
101 16
103 90
103 79
103 44
103 26
103 85
103 19
103 34
103 55
103 77
103 37
103 31
103 14
103 116
103 92
90 79
90 44
90 30
90 46
90 27
90 85
90 65
90 34
90 112
90 4
90 114
90 77
90 106
90 48
90 14
90 109
90 60
90 116
90 87
90 92
90 69
79 26
79 46
79 76
79 27
79 34
79 112
79 118
79 32
79 55
79 106
79 115
79 48
79 99
79 60
79 7
79 57
79 94
44 26
44 30
44 46
44 85
44 19
44 112
44 4
44 114
44 118
44 77
44 115
44 108
44 60
44 15
44 28
44 86
44 87
91 85
91 0
91 118
91 20
91 115
91 37
91 108
91 109
91 7
91 5
91 15
91 28
91 86
91 69
26 46
26 85
26 19
26 0
26 114
26 32
26 106
26 20
26 48
26 37
26 14
26 99
26 60
26 7
26 28
26 94
26 16
30 46
30 76
30 27
30 85
30 65
30 34
30 112
30 4
30 118
30 55
30 20
30 115
30 99
30 7
30 57
30 116
30 15
30 28
30 94
30 86
30 69
46 85
46 19
46 34
46 4
46 118
46 77
46 115
46 37
46 108
46 99
46 7
46 28
46 86
46 87
76 85
76 65
76 4
76 118
76 32
76 55
76 20
76 115
76 116
76 5
76 16
76 87
76 92
76 69
27 19
27 34
27 114
27 77
27 14
27 99
27 7
27 116
27 5
27 15
27 28
27 69
85 34
85 0
85 4
85 114
85 118
85 55
85 77
85 20
85 14
85 99
85 57
85 5
85 15
85 28
19 114
19 37
19 14
19 60
19 57
19 15
19 28
65 0
65 112
65 32
65 20
65 37
65 108
65 109
65 7
65 116
65 5
65 15
65 86
65 16
65 92
34 77
34 48
34 31
34 109
34 99
34 60
34 7
34 57
34 5
34 28
34 16
34 87
34 69
0 112
0 4
0 114
0 32
0 77
0 20
0 48
0 31
0 99
0 60
0 7
0 116
0 5
0 15
0 28
0 86
0 16
0 69
112 4
112 114
112 55
112 20
112 115
112 48
112 108
112 14
112 109
112 99
112 60
112 57
112 116
112 28
112 94
112 92
112 69
4 118
4 77
4 106
4 115
4 37
4 108
4 57
4 116
4 5
4 15
4 86
4 16
4 87
4 69
114 118
114 106
114 37
114 108
114 109
114 99
114 60
114 7
114 116
114 16
114 92
118 32
118 20
118 115
118 48
118 31
118 60
118 57
118 116
32 106
32 20
32 31
32 7
32 15
32 28
32 16
32 87
32 92
55 20
55 115
55 48
55 14
55 5
55 15
55 86
55 87
77 20
77 115
77 109
77 60
77 57
77 116
77 5
77 15
77 28
77 94
77 86
77 16
77 87
77 92
106 115
106 108
106 31
106 60
106 57
106 15
106 94
106 86
106 16
106 92
20 48
20 37
20 109
20 116
20 15
20 86
20 87
20 92
115 31
115 14
115 109
115 99
115 57
115 5
115 15
115 16
48 31
48 14
48 109
48 99
48 94
37 108
37 7
37 116
37 5
37 28
37 16
37 92
108 31
108 99
108 60
108 116
108 15
108 28
108 86
108 16
108 69
31 109
31 60
31 116
31 5
31 87
14 109
14 60
14 5
14 86
14 16
14 92
14 69
109 99
109 57
109 116
109 5
109 15
109 28
109 94
109 16
109 92
109 69
99 28
99 16
99 92
99 69
60 5
60 15
60 28
60 94
60 87
60 92
7 116
7 5
7 15
7 28
7 87
7 92
7 69
57 5
57 86
57 92
116 15
116 16
116 87
116 92
5 94
5 92
5 69
15 28
15 86
15 16
15 87
28 94
28 86
28 69
94 86
94 16
16 87
16 92
87 92
87 69
