*verties 99
6
66
80
40
11
115
79
38
50
10
71
17
103
61
91
104
63
113
27
18
3
2
16
73
96
62
9
0
117
5
23
20
41
118
47
13
14
44
54
30
101
25
34
51
99
97
81
100
111
109
57
49
98
39
65
1
15
93
75
77
58
107
72
22
95
59
86
60
64
29
89
94
74
53
102
90
56
78
32
116
52
8
26
83
46
84
110
31
28
7
76
24
87
68
21
48
114
55
108
*edges 
6 17
6 96
6 41
6 47
6 51
6 99
6 81
6 98
6 59
6 29
6 89
6 90
6 84
6 28
66 79
66 63
66 62
66 9
66 14
66 30
66 99
66 109
66 15
66 72
66 22
66 90
66 8
66 68
80 50
80 10
80 17
80 3
80 118
80 54
80 81
80 15
80 107
80 89
80 116
80 52
80 26
40 11
40 17
40 2
40 5
40 118
40 13
40 54
40 111
40 64
40 89
40 74
40 46
40 28
40 7
40 55
11 61
11 9
11 41
11 54
11 99
11 77
11 22
11 64
11 78
11 116
11 110
11 7
11 87
11 68
11 55
115 3
115 2
115 16
115 20
115 30
115 100
115 98
115 39
115 65
115 15
115 107
115 59
115 53
115 78
115 32
115 8
115 46
115 110
115 87
79 50
79 91
79 113
79 96
79 62
79 14
79 101
79 99
79 97
79 39
79 75
79 60
79 46
38 17
38 103
38 61
38 63
38 113
38 18
38 3
38 2
38 117
38 41
38 39
38 15
38 93
38 107
38 78
38 26
38 31
38 108
50 91
50 63
50 113
50 96
50 0
50 5
50 118
50 75
50 77
50 58
50 22
50 95
50 89
50 53
50 78
50 32
50 52
50 76
50 114
50 108
10 103
10 113
10 16
10 117
10 23
10 1
10 15
10 22
10 29
10 53
10 78
10 26
10 84
10 28
10 24
10 114
71 16
71 9
71 118
71 47
71 49
71 75
71 77
71 72
71 89
71 8
71 26
71 84
71 31
71 21
71 48
17 113
17 117
17 14
17 54
17 57
17 39
17 77
17 59
17 60
17 89
17 78
17 87
103 61
103 104
103 27
103 73
103 117
103 30
103 34
103 65
103 52
103 83
103 46
103 84
103 28
61 118
61 47
61 51
61 59
61 56
61 52
61 31
61 21
91 63
91 113
91 18
91 62
91 44
91 1
91 22
91 95
91 86
91 74
91 78
91 32
91 116
91 84
104 3
104 16
104 62
104 0
104 25
104 49
104 98
104 58
104 107
104 95
104 102
104 116
104 26
104 31
104 7
104 76
104 68
104 55
63 18
63 3
63 9
63 41
63 34
63 98
63 77
63 107
63 86
63 116
63 110
63 76
63 55
113 41
113 101
113 34
113 111
113 57
113 98
113 15
113 93
113 77
113 107
113 95
113 29
113 102
113 32
113 26
113 83
113 76
27 5
27 54
27 109
27 57
27 1
27 75
27 22
27 60
27 94
27 24
27 108
18 20
18 47
18 14
18 30
18 99
18 98
18 65
18 1
18 86
18 83
18 110
18 31
18 7
18 68
18 108
3 0
3 44
3 25
3 51
3 99
3 81
3 111
3 95
3 102
3 7
2 9
2 23
2 57
2 98
2 65
2 77
2 58
2 78
2 32
2 116
2 83
2 110
2 76
16 34
16 51
16 81
16 49
16 65
16 1
16 75
16 77
16 95
16 60
16 89
16 94
16 32
16 8
16 48
16 114
73 13
73 44
73 34
73 100
73 75
73 77
73 107
73 72
73 74
73 102
73 78
73 8
73 46
73 21
73 55
96 57
96 58
96 94
96 74
96 90
96 52
96 26
96 28
96 24
96 87
96 68
62 5
62 81
62 109
62 57
62 49
62 75
62 60
62 29
62 94
62 74
62 110
62 7
62 87
62 48
9 20
9 30
9 34
9 99
9 81
9 49
9 93
9 64
9 102
9 116
9 110
9 31
9 87
9 68
0 118
0 25
0 77
0 29
0 116
0 84
0 31
0 68
0 55
117 47
117 14
117 30
117 34
117 51
117 15
117 74
117 102
117 32
117 83
117 31
5 25
5 51
5 97
5 98
5 1
5 93
5 75
5 107
5 59
5 90
5 116
5 24
5 48
23 20
23 101
23 34
23 99
23 39
23 1
23 15
23 102
23 90
23 56
23 32
23 8
23 110
20 14
20 101
20 51
20 109
20 75
20 107
20 59
20 86
20 64
20 29
20 89
20 53
20 102
20 56
20 52
20 46
41 47
41 44
41 30
41 77
41 107
41 95
41 29
41 46
41 84
41 31
41 24
41 21
118 25
118 97
118 98
118 1
118 95
118 94
118 76
118 114
118 55
47 44
47 25
47 51
47 100
47 109
47 57
47 22
47 29
47 53
47 31
47 28
47 48
13 25
13 97
13 77
13 72
13 86
13 60
13 64
13 89
13 53
13 78
13 52
13 46
13 28
13 87
14 30
14 99
14 111
14 98
14 93
14 95
14 86
14 26
14 7
14 76
14 24
14 55
44 54
44 97
44 81
44 57
44 39
44 65
44 77
44 95
44 102
44 8
44 48
54 111
54 1
54 93
54 107
54 95
54 60
54 29
54 94
54 26
54 46
54 110
54 68
30 34
30 51
30 81
30 100
30 15
30 86
30 32
30 8
101 99
101 57
101 98
101 107
101 59
101 64
101 8
101 76
101 87
25 34
25 97
25 1
25 107
25 64
25 78
25 52
25 110
25 55
34 97
34 100
34 93
34 58
34 94
34 56
34 52
34 8
34 46
51 86
51 56
51 78
51 32
51 116
51 8
51 26
51 31
99 97
99 81
99 111
99 39
99 1
99 75
99 86
99 52
99 87
99 48
97 57
97 49
97 75
97 59
97 53
97 32
97 52
97 8
81 93
81 32
81 116
81 46
81 31
81 108
100 1
100 59
100 60
100 94
100 74
100 116
100 46
100 21
111 93
111 53
111 32
111 7
111 48
109 57
109 98
109 95
109 29
109 89
109 74
109 110
109 31
109 48
109 114
109 108
57 77
57 107
57 59
57 29
57 94
57 74
57 110
57 7
57 108
49 1
49 107
49 86
49 60
49 64
49 32
49 8
49 83
49 110
49 24
98 60
98 32
98 46
98 31
98 28
39 15
39 58
39 107
39 72
39 86
39 89
39 53
39 78
39 32
39 116
39 110
39 31
65 75
65 64
65 29
65 53
65 90
65 32
65 76
65 108
1 93
1 77
1 64
1 32
1 116
1 52
1 110
1 31
1 55
1 108
15 93
15 77
15 107
15 72
15 53
15 48
93 64
93 29
93 94
93 28
93 24
93 68
93 55
93 108
75 77
75 52
75 26
75 46
75 7
75 76
77 59
77 64
77 89
77 74
77 78
77 46
77 28
77 7
77 24
58 59
58 89
58 90
58 32
58 8
58 46
58 31
58 28
58 108
107 22
107 56
107 46
107 76
72 22
72 86
72 60
72 64
72 53
72 26
72 83
72 28
72 24
72 55
22 95
22 64
22 53
22 78
22 76
95 86
95 60
95 94
95 32
95 116
59 48
59 114
86 56
86 78
86 32
86 52
86 26
86 31
86 68
60 89
60 52
60 8
60 110
60 55
64 7
29 90
29 56
29 116
29 31
29 21
89 94
89 56
89 116
89 84
89 21
89 48
89 108
94 56
94 8
94 28
94 24
94 48
94 114
94 108
74 53
74 116
74 52
74 84
74 48
53 83
53 76
53 87
53 68
102 56
102 83
102 7
102 24
102 87
90 78
90 116
90 8
90 110
56 78
56 52
56 8
56 46
56 31
78 32
78 31
78 28
78 68
78 55
78 108
32 52
32 8
32 46
32 110
116 110
116 31
116 76
52 87
8 46
8 110
8 108
83 76
83 21
46 110
46 7
46 87
84 48
110 24
110 21
110 55
110 108
28 108
76 55
87 114
87 55
