*verties 90
104
61
98
24
28
63
20
5
106
54
109
117
62
53
72
92
37
82
90
60
16
32
108
15
85
47
51
23
76
1
112
118
88
9
74
83
111
94
110
39
50
46
38
116
11
41
33
114
17
35
56
43
27
21
22
97
91
12
66
58
0
3
75
2
89
81
48
93
73
18
6
57
107
103
4
67
34
80
102
30
55
119
36
99
31
78
44
64
100
113
*edges 
104 61
104 98
104 24
104 28
104 20
104 5
104 106
104 54
104 109
104 62
104 72
104 92
104 37
104 90
104 16
104 32
104 15
104 47
104 51
104 76
104 112
104 118
104 88
104 83
104 111
104 110
104 39
104 38
104 116
104 11
104 41
104 33
104 114
104 17
104 35
104 56
104 22
104 97
104 91
104 66
104 0
104 3
104 2
104 89
104 81
104 48
104 18
104 57
104 107
104 103
104 67
104 34
104 80
104 102
104 55
104 119
104 36
104 99
104 31
104 78
104 44
104 64
61 98
61 24
61 28
61 63
61 5
61 106
61 109
61 117
61 62
61 53
61 72
61 92
61 82
61 90
61 60
61 16
61 32
61 108
61 15
61 85
61 51
61 23
61 1
61 118
61 88
61 9
61 74
61 111
61 94
61 39
61 50
61 46
61 38
61 116
61 11
61 33
61 114
61 17
61 35
61 56
61 43
61 27
61 21
61 22
61 97
61 91
61 12
61 66
61 58
61 0
61 3
61 2
61 89
61 81
61 48
61 93
61 73
61 18
61 6
61 57
61 107
61 4
61 67
61 80
61 102
61 30
61 119
61 36
61 99
61 31
61 78
61 44
61 64
61 100
98 28
98 63
98 5
98 106
98 54
98 117
98 62
98 53
98 72
98 92
98 37
98 82
98 90
98 60
98 16
98 32
98 108
98 15
98 47
98 23
98 1
98 112
98 88
98 9
98 74
98 83
98 111
98 110
98 50
98 38
98 116
98 11
98 41
98 33
98 114
98 17
98 27
98 21
98 22
98 97
98 91
98 12
98 66
98 58
98 75
98 2
98 89
98 81
98 93
98 73
98 18
98 6
98 107
98 103
98 4
98 67
98 102
98 30
98 55
98 119
98 36
98 99
98 31
98 78
98 44
98 64
98 100
24 28
24 63
24 20
24 5
24 106
24 109
24 62
24 53
24 37
24 82
24 90
24 16
24 108
24 15
24 85
24 47
24 23
24 76
24 1
24 112
24 118
24 88
24 9
24 111
24 110
24 39
24 38
24 11
24 41
24 114
24 17
24 35
24 43
24 27
24 22
24 97
24 91
24 12
24 66
24 58
24 3
24 75
24 2
24 89
24 81
24 93
24 18
24 6
24 107
24 103
24 4
24 67
24 34
24 80
24 102
24 30
24 119
24 36
24 99
24 31
24 78
24 44
24 64
24 100
24 113
28 63
28 20
28 5
28 106
28 117
28 62
28 72
28 92
28 82
28 90
28 60
28 32
28 108
28 15
28 85
28 47
28 51
28 23
28 76
28 1
28 118
28 9
28 83
28 110
28 39
28 50
28 38
28 116
28 41
28 33
28 114
28 17
28 35
28 43
28 27
28 22
28 91
28 12
28 58
28 2
28 81
28 48
28 93
28 73
28 18
28 6
28 107
28 103
28 4
28 67
28 34
28 80
28 102
28 30
28 55
28 119
28 36
28 31
28 44
28 64
28 100
28 113
63 106
63 54
63 117
63 62
63 53
63 72
63 37
63 82
63 90
63 60
63 16
63 32
63 108
63 85
63 47
63 51
63 23
63 1
63 88
63 9
63 74
63 83
63 111
63 39
63 46
63 38
63 11
63 41
63 33
63 114
63 17
63 35
63 56
63 43
63 27
63 21
63 22
63 97
63 91
63 66
63 58
63 0
63 3
63 89
63 48
63 93
63 73
63 18
63 6
63 107
63 103
63 4
63 34
63 80
63 102
63 30
63 55
63 119
63 36
63 99
63 78
63 44
63 64
63 100
63 113
20 106
20 117
20 62
20 72
20 92
20 37
20 82
20 60
20 16
20 32
20 108
20 85
20 47
20 51
20 76
20 1
20 118
20 9
20 83
20 111
20 110
20 39
20 50
20 116
20 11
20 41
20 33
20 17
20 35
20 56
20 27
20 22
20 97
20 91
20 12
20 66
20 58
20 3
20 75
20 2
20 89
20 81
20 48
20 93
20 18
20 57
20 4
20 67
20 34
20 102
20 30
20 119
20 99
20 31
20 78
20 44
20 64
20 113
5 54
5 109
5 117
5 53
5 72
5 37
5 82
5 16
5 32
5 108
5 15
5 85
5 47
5 51
5 76
5 1
5 112
5 118
5 9
5 74
5 83
5 111
5 94
5 110
5 39
5 50
5 46
5 116
5 41
5 33
5 114
5 43
5 27
5 21
5 91
5 12
5 66
5 58
5 0
5 3
5 75
5 2
5 89
5 81
5 93
5 73
5 6
5 57
5 107
5 103
5 4
5 67
5 34
5 80
5 102
5 30
5 55
5 119
5 36
5 99
5 31
5 78
5 44
5 64
5 100
5 113
106 54
106 109
106 53
106 72
106 92
106 37
106 82
106 90
106 60
106 16
106 32
106 108
106 15
106 85
106 51
106 23
106 76
106 112
106 118
106 88
106 9
106 74
106 111
106 94
106 110
106 39
106 38
106 41
106 33
106 114
106 17
106 56
106 21
106 91
106 12
106 66
106 0
106 3
106 75
106 2
106 89
106 81
106 48
106 93
106 73
106 18
106 107
106 103
106 4
106 67
106 34
106 80
106 102
106 30
106 119
106 36
106 99
106 78
106 44
106 64
106 113
54 109
54 117
54 62
54 53
54 72
54 92
54 37
54 90
54 60
54 108
54 47
54 23
54 76
54 1
54 112
54 118
54 88
54 9
54 83
54 94
54 110
54 39
54 46
54 38
54 116
54 11
54 41
54 33
54 114
54 35
54 56
54 43
54 27
54 97
54 91
54 12
54 66
54 3
54 75
54 2
54 89
54 81
54 48
54 73
54 18
54 57
54 107
54 4
54 67
54 34
54 30
54 55
54 36
54 99
54 31
54 78
54 100
54 113
109 62
109 53
109 92
109 37
109 90
109 60
109 16
109 32
109 15
109 85
109 51
109 23
109 1
109 112
109 118
109 88
109 9
109 83
109 94
109 50
109 46
109 116
109 11
109 114
109 17
109 35
109 56
109 43
109 27
109 22
109 97
109 91
109 66
109 58
109 0
109 75
109 89
109 81
109 48
109 73
109 18
109 6
109 57
109 107
109 103
109 67
109 34
109 80
109 102
109 55
109 119
109 36
109 99
109 78
109 44
109 100
109 113
117 62
117 72
117 92
117 37
117 82
117 90
117 60
117 32
117 108
117 15
117 85
117 47
117 23
117 1
117 112
117 118
117 88
117 94
117 110
117 39
117 50
117 46
117 116
117 11
117 41
117 17
117 35
117 43
117 27
117 21
117 22
117 91
117 12
117 66
117 58
117 2
117 89
117 81
117 93
117 73
117 18
117 6
117 57
117 107
117 4
117 67
117 34
117 80
117 30
117 119
117 36
117 31
117 78
117 44
117 64
117 100
62 53
62 92
62 37
62 82
62 60
62 108
62 85
62 47
62 51
62 23
62 76
62 1
62 112
62 118
62 9
62 74
62 83
62 111
62 110
62 46
62 38
62 116
62 41
62 33
62 35
62 56
62 43
62 21
62 22
62 91
62 66
62 58
62 0
62 3
62 75
62 2
62 81
62 73
62 18
62 6
62 57
62 107
62 103
62 4
62 67
62 34
62 80
62 102
62 30
62 55
62 36
62 99
62 31
62 78
62 44
62 100
62 113
53 72
53 92
53 37
53 82
53 90
53 16
53 51
53 1
53 112
53 118
53 88
53 9
53 74
53 83
53 111
53 94
53 39
53 50
53 38
53 116
53 11
53 41
53 33
53 114
53 35
53 56
53 43
53 27
53 21
53 97
53 12
53 66
53 58
53 0
53 3
53 75
53 2
53 81
53 48
53 93
53 73
53 18
53 6
53 107
53 103
53 67
53 34
53 102
53 119
53 36
53 99
53 64
53 100
53 113
72 92
72 37
72 82
72 90
72 108
72 15
72 85
72 47
72 51
72 23
72 1
72 88
72 9
72 74
72 83
72 94
72 110
72 38
72 116
72 11
72 41
72 17
72 35
72 56
72 43
72 21
72 22
72 91
72 12
72 66
72 58
72 0
72 3
72 75
72 2
72 89
72 48
72 93
72 73
72 6
72 57
72 103
72 4
72 34
72 80
72 102
72 55
72 36
72 99
72 78
72 44
72 64
92 37
92 108
92 47
92 51
92 23
92 76
92 1
92 118
92 88
92 94
92 110
92 39
92 50
92 38
92 116
92 11
92 41
92 33
92 114
92 17
92 35
92 56
92 43
92 27
92 21
92 22
92 97
92 91
92 12
92 66
92 58
92 0
92 3
92 75
92 89
92 81
92 48
92 93
92 73
92 18
92 6
92 67
92 34
92 102
92 30
92 55
92 119
92 36
92 99
92 31
92 78
92 100
92 113
37 90
37 16
37 32
37 108
37 15
37 85
37 47
37 23
37 76
37 1
37 112
37 88
37 9
37 83
37 94
37 110
37 39
37 50
37 38
37 116
37 11
37 41
37 33
37 114
37 17
37 35
37 43
37 27
37 21
37 22
37 97
37 12
37 58
37 0
37 3
37 75
37 2
37 89
37 81
37 48
37 93
37 73
37 18
37 6
37 57
37 107
37 103
37 4
37 67
37 34
37 30
37 55
37 119
37 99
37 31
37 44
37 64
37 113
82 90
82 60
82 16
82 32
82 108
82 47
82 51
82 76
82 1
82 88
82 9
82 83
82 110
82 39
82 50
82 46
82 116
82 11
82 41
82 33
82 114
82 17
82 35
82 21
82 97
82 91
82 66
82 58
82 0
82 3
82 75
82 2
82 81
82 48
82 93
82 73
82 6
82 57
82 107
82 103
82 4
82 67
82 34
82 102
82 55
82 119
82 36
82 99
82 78
82 44
82 64
82 100
82 113
90 60
90 32
90 108
90 15
90 85
90 47
90 23
90 76
90 1
90 118
90 88
90 74
90 83
90 94
90 110
90 39
90 50
90 46
90 38
90 116
90 33
90 114
90 17
90 56
90 27
90 97
90 12
90 66
90 58
90 0
90 3
90 75
90 2
90 89
90 48
90 93
90 73
90 18
90 57
90 103
90 4
90 80
90 102
90 30
90 55
90 119
90 36
90 99
90 78
90 64
90 113
60 16
60 32
60 108
60 15
60 85
60 47
60 51
60 23
60 76
60 1
60 112
60 118
60 74
60 111
60 94
60 110
60 50
60 38
60 11
60 114
60 17
60 35
60 56
60 27
60 21
60 22
60 97
60 66
60 58
60 0
60 3
60 2
60 89
60 81
60 93
60 18
60 6
60 57
60 103
60 4
60 67
60 34
60 80
60 102
60 119
60 36
60 99
60 78
60 44
60 64
60 100
60 113
16 32
16 108
16 15
16 85
16 47
16 51
16 76
16 112
16 118
16 88
16 9
16 74
16 83
16 111
16 110
16 39
16 50
16 46
16 38
16 41
16 33
16 114
16 17
16 35
16 56
16 43
16 22
16 12
16 66
16 0
16 3
16 75
16 2
16 89
16 81
16 48
16 73
16 18
16 6
16 57
16 107
16 4
16 67
16 34
16 102
16 30
16 119
16 36
16 31
16 44
16 100
16 113
32 85
32 47
32 51
32 23
32 76
32 1
32 112
32 118
32 88
32 9
32 74
32 94
32 110
32 39
32 50
32 38
32 116
32 11
32 114
32 56
32 43
32 21
32 22
32 97
32 91
32 12
32 66
32 58
32 0
32 3
32 75
32 2
32 89
32 81
32 48
32 93
32 73
32 57
32 4
32 67
32 80
32 102
32 30
32 55
32 119
32 36
32 99
32 31
32 78
32 44
32 100
32 113
108 15
108 85
108 47
108 51
108 23
108 76
108 1
108 112
108 118
108 88
108 9
108 83
108 111
108 94
108 110
108 50
108 38
108 116
108 41
108 33
108 114
108 17
108 35
108 56
108 43
108 27
108 91
108 12
108 66
108 58
108 0
108 3
108 75
108 2
108 89
108 48
108 93
108 73
108 18
108 6
108 57
108 103
108 4
108 34
108 80
108 102
108 55
108 119
108 36
108 31
108 78
108 64
108 113
15 51
15 23
15 1
15 112
15 88
15 74
15 83
15 111
15 94
15 110
15 50
15 11
15 41
15 33
15 114
15 35
15 43
15 27
15 21
15 22
15 97
15 91
15 12
15 66
15 58
15 3
15 75
15 2
15 89
15 81
15 73
15 18
15 6
15 107
15 4
15 67
15 80
15 55
15 119
15 36
15 99
15 31
15 64
15 113
85 51
85 76
85 1
85 118
85 88
85 9
85 74
85 83
85 111
85 94
85 110
85 39
85 46
85 38
85 116
85 11
85 41
85 17
85 35
85 56
85 27
85 21
85 97
85 91
85 12
85 58
85 0
85 3
85 75
85 2
85 89
85 81
85 48
85 93
85 73
85 18
85 6
85 57
85 103
85 67
85 34
85 80
85 55
85 119
85 36
85 99
85 31
85 78
85 64
85 100
85 113
47 51
47 23
47 76
47 1
47 112
47 74
47 83
47 111
47 94
47 110
47 39
47 38
47 116
47 11
47 41
47 33
47 114
47 17
47 56
47 43
47 22
47 97
47 91
47 12
47 66
47 58
47 0
47 3
47 75
47 2
47 93
47 57
47 107
47 34
47 80
47 102
47 30
47 55
47 119
47 99
47 78
47 44
47 64
47 100
51 1
51 118
51 83
51 94
51 110
51 39
51 46
51 38
51 116
51 11
51 41
51 33
51 114
51 17
51 35
51 56
51 27
51 22
51 97
51 12
51 66
51 58
51 0
51 3
51 75
51 89
51 48
51 93
51 73
51 6
51 57
51 107
51 103
51 4
51 67
51 34
51 80
51 102
51 30
51 119
51 36
51 31
51 78
51 44
51 64
51 100
51 113
23 76
23 112
23 118
23 88
23 74
23 83
23 111
23 94
23 39
23 50
23 38
23 116
23 11
23 41
23 114
23 17
23 56
23 43
23 27
23 21
23 22
23 97
23 91
23 66
23 0
23 3
23 75
23 2
23 89
23 81
23 48
23 93
23 18
23 6
23 107
23 103
23 4
23 67
23 102
23 30
23 55
23 119
23 36
23 99
23 31
23 78
23 64
23 100
76 1
76 112
76 88
76 9
76 74
76 83
76 111
76 94
76 110
76 39
76 50
76 46
76 38
76 116
76 11
76 41
76 33
76 35
76 56
76 43
76 27
76 21
76 22
76 91
76 12
76 66
76 58
76 0
76 3
76 75
76 89
76 48
76 18
76 6
76 107
76 103
76 4
76 67
76 34
76 80
76 102
76 30
76 55
76 119
76 99
76 31
76 78
76 44
76 100
76 113
1 112
1 88
1 9
1 83
1 111
1 110
1 39
1 50
1 46
1 38
1 116
1 11
1 41
1 114
1 35
1 56
1 27
1 21
1 22
1 91
1 58
1 3
1 2
1 89
1 81
1 48
1 93
1 73
1 18
1 6
1 107
1 103
1 67
1 34
1 80
1 102
1 36
1 99
1 31
1 64
1 100
1 113
112 118
112 88
112 9
112 83
112 111
112 94
112 110
112 39
112 50
112 46
112 38
112 116
112 11
112 33
112 35
112 56
112 27
112 22
112 97
112 91
112 12
112 66
112 58
112 0
112 3
112 75
112 2
112 89
112 93
112 18
112 6
112 103
112 4
112 67
112 34
112 80
112 55
112 119
112 36
112 99
112 31
112 78
112 44
112 64
112 113
118 88
118 74
118 83
118 94
118 110
118 39
118 50
118 46
118 116
118 41
118 114
118 17
118 35
118 43
118 21
118 22
118 97
118 91
118 12
118 0
118 3
118 75
118 2
118 81
118 48
118 93
118 73
118 18
118 57
118 107
118 103
118 67
118 34
118 80
118 55
118 119
118 36
118 31
118 78
118 100
118 113
88 9
88 74
88 111
88 94
88 110
88 39
88 50
88 38
88 116
88 41
88 33
88 17
88 21
88 97
88 91
88 12
88 66
88 58
88 0
88 3
88 89
88 48
88 93
88 73
88 18
88 6
88 107
88 67
88 34
88 80
88 102
88 55
88 119
88 36
88 99
88 31
88 78
88 44
88 64
88 100
9 74
9 111
9 110
9 39
9 50
9 46
9 38
9 116
9 11
9 41
9 56
9 27
9 22
9 91
9 12
9 66
9 58
9 0
9 3
9 2
9 89
9 81
9 48
9 93
9 73
9 57
9 107
9 103
9 4
9 67
9 34
9 80
9 30
9 55
9 119
9 36
9 99
9 31
9 78
9 44
9 100
9 113
74 83
74 111
74 94
74 110
74 39
74 50
74 46
74 38
74 116
74 11
74 41
74 33
74 114
74 17
74 56
74 21
74 22
74 97
74 91
74 12
74 66
74 58
74 0
74 75
74 81
74 93
74 73
74 18
74 57
74 107
74 103
74 4
74 67
74 34
74 80
74 30
74 55
74 36
74 99
74 31
74 78
74 44
74 64
74 100
74 113
83 94
83 110
83 39
83 50
83 46
83 38
83 116
83 11
83 41
83 33
83 114
83 17
83 35
83 27
83 22
83 97
83 58
83 0
83 75
83 2
83 89
83 48
83 73
83 18
83 6
83 57
83 107
83 103
83 4
83 67
83 34
83 80
83 102
83 30
83 55
83 36
83 99
83 31
83 44
83 64
83 100
83 113
111 94
111 110
111 39
111 46
111 38
111 116
111 11
111 41
111 35
111 27
111 22
111 97
111 91
111 66
111 0
111 3
111 75
111 2
111 81
111 48
111 73
111 6
111 4
111 67
111 34
111 80
111 102
111 30
111 55
111 119
111 36
111 99
111 31
111 78
111 44
111 64
111 113
94 110
94 39
94 50
94 46
94 38
94 116
94 11
94 41
94 33
94 114
94 56
94 27
94 21
94 22
94 97
94 91
94 12
94 66
94 58
94 75
94 89
94 81
94 48
94 93
94 73
94 18
94 6
94 57
94 107
94 4
94 67
94 34
94 80
94 30
94 119
94 36
94 99
94 31
94 78
110 39
110 38
110 116
110 11
110 41
110 33
110 114
110 35
110 56
110 43
110 27
110 22
110 97
110 91
110 12
110 0
110 75
110 2
110 81
110 48
110 93
110 73
110 18
110 6
110 57
110 107
110 103
110 4
110 67
110 34
110 102
110 30
110 55
110 119
110 36
110 99
110 31
110 44
110 100
110 113
39 50
39 46
39 38
39 116
39 41
39 33
39 114
39 17
39 56
39 43
39 27
39 21
39 22
39 97
39 91
39 66
39 58
39 0
39 3
39 75
39 2
39 81
39 48
39 93
39 73
39 6
39 57
39 107
39 4
39 67
39 34
39 80
39 102
39 30
39 55
39 119
39 99
39 31
39 44
39 64
39 100
39 113
50 38
50 41
50 33
50 114
50 17
50 35
50 56
50 43
50 27
50 21
50 22
50 97
50 91
50 12
50 66
50 58
50 0
50 3
50 2
50 81
50 48
50 93
50 73
50 18
50 6
50 57
50 107
50 103
50 4
50 67
50 34
50 80
50 102
50 30
50 119
50 36
50 78
50 64
50 100
50 113
46 116
46 11
46 114
46 17
46 35
46 21
46 22
46 97
46 12
46 66
46 3
46 75
46 2
46 89
46 81
46 93
46 73
46 6
46 57
46 107
46 103
46 4
46 67
46 34
46 102
46 55
46 119
46 99
46 31
46 78
46 44
46 100
38 11
38 41
38 33
38 114
38 17
38 56
38 22
38 12
38 58
38 3
38 75
38 48
38 73
38 18
38 6
38 57
38 107
38 103
38 80
38 102
38 55
38 119
38 36
38 99
38 78
38 44
38 100
38 113
116 11
116 41
116 33
116 35
116 56
116 43
116 21
116 97
116 91
116 12
116 0
116 3
116 75
116 2
116 89
116 81
116 48
116 73
116 18
116 6
116 57
116 107
116 4
116 67
116 34
116 80
116 30
116 36
116 99
116 31
116 78
116 44
116 64
116 100
116 113
11 33
11 114
11 17
11 35
11 56
11 43
11 27
11 21
11 97
11 66
11 58
11 0
11 3
11 75
11 2
11 89
11 48
11 93
11 57
11 107
11 103
11 67
11 80
11 30
11 119
11 99
11 31
11 78
11 44
11 100
11 113
41 33
41 35
41 56
41 97
41 91
41 58
41 75
41 81
41 48
41 73
41 18
41 6
41 57
41 107
41 103
41 4
41 67
41 55
41 119
41 36
41 99
41 31
41 44
41 64
41 100
33 114
33 17
33 35
33 56
33 43
33 27
33 21
33 22
33 97
33 91
33 12
33 66
33 58
33 3
33 75
33 2
33 89
33 81
33 48
33 93
33 73
33 18
33 6
33 107
33 103
33 4
33 67
33 34
33 80
33 30
33 55
33 119
33 36
33 99
33 31
33 78
33 44
33 64
33 100
114 17
114 56
114 43
114 21
114 22
114 97
114 12
114 66
114 58
114 0
114 3
114 75
114 2
114 48
114 73
114 18
114 6
114 57
114 107
114 34
114 102
114 30
114 55
114 119
114 99
114 31
114 64
114 100
114 113
17 56
17 27
17 21
17 91
17 3
17 75
17 2
17 89
17 81
17 48
17 93
17 73
17 18
17 6
17 107
17 103
17 67
17 34
17 80
17 102
17 55
17 119
17 36
17 99
17 78
17 44
17 64
17 100
17 113
35 43
35 27
35 21
35 22
35 97
35 91
35 12
35 66
35 58
35 75
35 2
35 89
35 81
35 48
35 93
35 73
35 18
35 6
35 57
35 67
35 34
35 80
35 55
35 119
35 99
35 31
35 44
35 100
56 43
56 27
56 22
56 97
56 12
56 58
56 0
56 2
56 89
56 81
56 48
56 93
56 73
56 107
56 103
56 4
56 34
56 119
56 36
56 99
56 31
56 78
56 44
56 64
56 113
43 27
43 22
43 97
43 91
43 12
43 66
43 58
43 0
43 3
43 2
43 89
43 81
43 48
43 73
43 6
43 57
43 4
43 67
43 34
43 80
43 102
43 55
43 119
43 36
43 99
43 31
43 78
43 44
43 64
27 22
27 91
27 12
27 58
27 0
27 3
27 2
27 81
27 48
27 93
27 73
27 18
27 6
27 107
27 103
27 4
27 67
27 80
27 102
27 30
27 55
27 119
27 36
27 99
27 31
27 78
27 100
21 97
21 91
21 12
21 66
21 58
21 0
21 3
21 81
21 48
21 93
21 73
21 18
21 6
21 57
21 67
21 34
21 80
21 30
21 119
21 36
21 99
21 64
21 100
21 113
22 97
22 91
22 12
22 66
22 58
22 0
22 3
22 75
22 2
22 89
22 48
22 93
22 73
22 6
22 57
22 107
22 67
22 80
22 102
22 30
22 55
22 119
22 36
22 99
22 31
22 44
22 64
22 100
22 113
97 91
97 12
97 66
97 58
97 0
97 75
97 2
97 89
97 81
97 48
97 73
97 18
97 57
97 107
97 103
97 4
97 34
97 80
97 30
97 55
97 119
97 36
97 78
97 64
97 113
91 12
91 58
91 0
91 3
91 75
91 2
91 81
91 93
91 73
91 18
91 6
91 107
91 103
91 4
91 34
91 80
91 102
91 30
91 55
91 119
91 36
91 99
91 31
91 78
91 44
91 64
91 100
91 113
12 66
12 58
12 0
12 2
12 89
12 48
12 93
12 73
12 18
12 6
12 57
12 107
12 103
12 34
12 80
12 30
12 55
12 119
12 99
12 31
12 78
12 44
12 113
66 3
66 75
66 2
66 89
66 81
66 93
66 18
66 6
66 57
66 107
66 34
66 80
66 102
66 55
66 119
66 36
66 99
66 31
66 78
66 44
66 100
58 0
58 75
58 2
58 89
58 81
58 93
58 18
58 6
58 80
58 102
58 55
58 119
58 36
58 99
58 31
58 44
58 64
58 100
0 3
0 75
0 89
0 81
0 48
0 73
0 18
0 6
0 57
0 107
0 103
0 4
0 67
0 80
0 102
0 30
0 119
0 36
0 99
0 31
0 78
0 64
0 100
0 113
3 75
3 2
3 89
3 81
3 93
3 73
3 6
3 107
3 103
3 4
3 67
3 34
3 102
3 30
3 36
3 99
3 31
3 78
3 64
3 113
75 2
75 89
75 93
75 73
75 18
75 6
75 57
75 107
75 4
75 67
75 34
75 80
75 102
75 55
75 119
75 36
75 99
75 31
75 78
75 44
75 64
75 113
2 89
2 93
2 73
2 18
2 103
2 4
2 67
2 34
2 102
2 30
2 55
2 119
2 36
2 31
2 44
2 64
2 113
89 81
89 48
89 93
89 73
89 6
89 107
89 4
89 67
89 34
89 80
89 102
89 30
89 55
89 119
89 31
89 78
89 44
89 64
89 100
89 113
81 48
81 93
81 73
81 18
81 6
81 57
81 107
81 103
81 4
81 67
81 34
81 80
81 55
81 119
81 36
81 99
81 78
81 44
81 64
81 100
81 113
48 93
48 73
48 6
48 57
48 107
48 103
48 4
48 34
48 119
48 36
48 31
48 78
48 44
48 64
48 100
48 113
93 73
93 6
93 57
93 103
93 4
93 67
93 34
93 80
93 119
93 36
93 99
93 31
93 78
93 44
93 64
93 100
93 113
73 57
73 107
73 103
73 4
73 67
73 34
73 80
73 30
73 119
73 36
73 99
73 78
73 64
73 100
73 113
18 6
18 57
18 107
18 4
18 34
18 80
18 102
18 55
18 119
18 36
18 31
18 78
18 64
6 57
6 107
6 103
6 4
6 67
6 34
6 55
6 119
6 36
6 99
6 78
6 44
6 64
6 100
57 107
57 4
57 34
57 80
57 30
57 55
57 119
57 36
57 99
57 78
57 44
57 64
57 100
107 103
107 67
107 34
107 102
107 55
107 119
107 36
107 99
107 78
107 64
107 100
107 113
103 4
103 67
103 34
103 80
103 102
103 119
103 31
103 78
103 44
103 100
103 113
4 34
4 80
4 30
4 55
4 119
4 31
4 78
4 64
4 100
4 113
67 80
67 102
67 30
67 55
67 119
67 36
67 99
67 78
67 44
67 64
67 100
67 113
34 102
34 30
34 55
34 119
34 36
34 31
34 78
34 44
34 64
34 100
34 113
80 30
80 55
80 119
80 36
80 31
80 78
80 100
80 113
102 30
102 55
102 31
102 64
102 100
30 55
30 119
30 36
30 99
30 31
30 78
30 64
30 100
30 113
55 36
55 99
55 31
55 78
55 64
55 100
55 113
119 64
119 100
119 113
36 99
36 31
36 78
36 100
36 113
99 31
99 78
99 44
99 100
99 113
31 78
31 44
31 64
31 100
31 113
78 44
78 100
44 100
64 100
64 113
100 113
