*verties 102
102
46
92
39
90
11
94
116
117
101
75
86
51
69
45
79
22
3
89
71
44
76
54
55
19
37
87
109
91
35
84
26
14
98
34
41
74
6
99
31
72
77
70
93
95
68
21
85
63
64
60
112
58
25
81
5
40
48
107
104
115
9
4
20
42
67
57
118
83
96
32
43
36
16
0
1
119
10
53
113
15
65
13
12
88
50
114
23
2
80
59
17
7
97
111
110
105
49
28
62
61
56
*edges 
102 94
102 86
102 45
102 79
102 22
102 87
102 91
102 84
102 26
102 14
102 41
102 99
102 72
102 70
102 21
102 64
102 58
102 81
102 9
102 20
102 118
102 83
102 96
102 0
102 10
102 15
102 65
102 13
102 12
102 2
102 59
102 7
102 110
102 61
46 94
46 116
46 101
46 75
46 86
46 71
46 44
46 54
46 87
46 91
46 74
46 21
46 85
46 60
46 81
46 40
46 67
46 57
46 43
46 36
46 1
46 119
46 12
46 114
46 23
46 17
46 7
46 111
46 105
46 61
92 39
92 51
92 79
92 3
92 54
92 91
92 35
92 26
92 70
92 93
92 95
92 21
92 64
92 58
92 81
92 40
92 107
92 115
92 67
92 57
92 32
92 16
92 1
92 113
92 65
92 114
92 59
92 111
39 11
39 51
39 69
39 54
39 19
39 87
39 35
39 84
39 26
39 14
39 34
39 70
39 95
39 68
39 64
39 112
39 25
39 81
39 48
39 104
39 20
39 67
39 83
39 96
39 32
39 1
39 65
39 12
39 88
39 23
39 2
39 80
39 17
39 7
39 111
39 49
90 94
90 75
90 86
90 22
90 3
90 89
90 76
90 54
90 74
90 68
90 85
90 64
90 60
90 112
90 58
90 81
90 5
90 107
90 67
90 96
90 32
90 10
90 113
90 15
90 114
90 59
90 97
90 62
11 116
11 75
11 86
11 69
11 45
11 79
11 89
11 76
11 54
11 55
11 87
11 35
11 26
11 98
11 41
11 99
11 31
11 72
11 70
11 95
11 85
11 64
11 58
11 115
11 42
11 67
11 32
11 1
11 119
11 10
11 53
11 12
11 88
11 23
11 2
11 59
11 17
11 49
11 28
11 56
94 117
94 86
94 69
94 44
94 37
94 91
94 35
94 98
94 34
94 41
94 77
94 95
94 21
94 64
94 81
94 107
94 20
94 42
94 67
94 43
94 1
94 15
94 65
94 12
94 114
94 23
94 2
94 59
94 17
94 111
94 105
94 28
94 56
116 101
116 51
116 79
116 22
116 44
116 76
116 91
116 35
116 84
116 34
116 74
116 70
116 95
116 85
116 63
116 58
116 25
116 5
116 48
116 104
116 115
116 9
116 20
116 118
116 83
116 32
116 43
116 1
116 53
116 15
116 13
116 2
116 80
116 49
116 28
116 62
116 56
117 75
117 3
117 89
117 76
117 34
117 99
117 31
117 95
117 21
117 64
117 25
117 5
117 48
117 107
117 4
117 20
117 67
117 96
117 32
117 0
117 53
117 12
117 88
117 50
117 114
117 28
101 75
101 51
101 45
101 3
101 89
101 44
101 55
101 109
101 26
101 98
101 6
101 95
101 21
101 85
101 63
101 64
101 60
101 112
101 81
101 40
101 104
101 4
101 119
101 10
101 53
101 113
101 65
101 88
101 7
101 97
101 110
101 28
75 51
75 45
75 22
75 3
75 76
75 54
75 19
75 37
75 35
75 84
75 26
75 14
75 34
75 74
75 72
75 95
75 21
75 60
75 81
75 5
75 40
75 20
75 42
75 57
75 83
75 16
75 65
75 12
75 88
75 50
75 7
75 105
75 61
86 51
86 79
86 3
86 44
86 76
86 54
86 91
86 35
86 84
86 14
86 41
86 74
86 77
86 70
86 68
86 85
86 63
86 112
86 5
86 48
86 107
86 115
86 9
86 4
86 42
86 67
86 118
86 83
86 16
86 1
86 15
86 65
86 114
86 23
86 7
86 110
86 49
51 3
51 54
51 55
51 37
51 87
51 35
51 6
51 99
51 70
51 85
51 64
51 81
51 5
51 32
51 43
51 36
51 1
51 119
51 53
51 88
51 59
51 7
51 111
51 110
69 79
69 89
69 76
69 54
69 35
69 26
69 98
69 41
69 72
69 58
69 81
69 9
69 20
69 67
69 83
69 96
69 0
69 1
69 53
69 23
69 2
69 80
69 59
69 17
69 111
69 110
69 62
69 61
45 3
45 44
45 54
45 55
45 19
45 87
45 109
45 84
45 14
45 41
45 99
45 77
45 95
45 64
45 40
45 107
45 20
45 96
45 43
45 1
45 119
45 53
45 15
45 88
45 114
45 2
45 80
45 97
45 110
45 105
45 49
45 62
45 61
79 3
79 55
79 37
79 26
79 14
79 34
79 93
79 21
79 85
79 63
79 60
79 112
79 58
79 81
79 5
79 104
79 42
79 67
79 96
79 32
79 36
79 0
79 15
79 65
79 50
79 114
79 2
79 59
79 97
79 61
22 89
22 71
22 87
22 14
22 41
22 77
22 68
22 85
22 64
22 60
22 112
22 58
22 81
22 40
22 20
22 67
22 57
22 43
22 36
22 1
22 53
22 113
22 65
22 88
22 114
22 80
22 59
22 17
22 7
22 97
22 111
22 62
3 89
3 19
3 98
3 99
3 72
3 95
3 21
3 85
3 63
3 64
3 58
3 40
3 48
3 107
3 104
3 115
3 118
3 96
3 0
3 1
3 119
3 10
3 15
3 12
3 50
3 23
3 2
3 80
3 7
3 62
3 56
89 71
89 87
89 109
89 91
89 35
89 14
89 98
89 34
89 6
89 99
89 70
89 95
89 63
89 25
89 48
89 107
89 104
89 9
89 42
89 83
89 36
89 16
89 15
89 65
89 114
89 80
89 17
89 7
89 97
89 111
89 105
71 44
71 37
71 87
71 91
71 84
71 34
71 93
71 95
71 85
71 64
71 60
71 58
71 107
71 115
71 20
71 67
71 57
71 118
71 83
71 32
71 43
71 0
71 10
71 113
71 65
71 12
71 50
71 23
71 17
71 97
71 105
71 28
71 61
71 56
44 76
44 19
44 37
44 87
44 109
44 91
44 84
44 6
44 77
44 70
44 68
44 112
44 40
44 107
44 104
44 9
44 42
44 57
44 36
44 16
44 1
44 10
44 53
44 13
44 12
44 50
44 114
44 23
44 59
44 17
44 97
44 110
44 62
76 19
76 37
76 87
76 91
76 41
76 74
76 99
76 70
76 93
76 64
76 58
76 40
76 4
76 57
76 118
76 96
76 36
76 16
76 1
76 119
76 10
76 113
76 15
76 65
76 50
76 80
76 17
76 105
76 49
76 61
76 56
54 37
54 87
54 31
54 72
54 77
54 95
54 63
54 64
54 58
54 25
54 107
54 104
54 115
54 42
54 57
54 96
54 43
54 16
54 0
54 10
54 53
54 113
54 65
54 50
54 23
54 2
54 80
54 17
54 7
54 28
54 62
54 61
55 109
55 91
55 84
55 14
55 41
55 74
55 99
55 77
55 93
55 21
55 64
55 25
55 81
55 5
55 104
55 115
55 67
55 83
55 32
55 0
55 10
55 113
55 15
55 88
55 50
55 114
55 23
55 17
55 110
55 105
55 49
19 37
19 87
19 84
19 26
19 41
19 6
19 99
19 31
19 77
19 93
19 21
19 85
19 63
19 64
19 60
19 48
19 107
19 42
19 67
19 57
19 118
19 119
19 10
19 53
19 113
19 15
19 13
19 12
19 50
19 23
19 80
19 17
19 97
19 111
19 105
19 49
19 28
19 62
19 61
19 56
37 109
37 35
37 41
37 99
37 77
37 70
37 95
37 64
37 58
37 81
37 48
37 107
37 4
37 67
37 118
37 83
37 96
37 32
37 16
37 0
37 119
37 53
37 15
37 80
37 7
37 111
37 105
37 61
87 109
87 84
87 14
87 98
87 34
87 74
87 31
87 72
87 85
87 81
87 40
87 4
87 20
87 57
87 83
87 16
87 0
87 1
87 10
87 53
87 88
87 17
87 7
87 105
87 61
87 56
109 84
109 26
109 41
109 31
109 93
109 68
109 63
109 58
109 40
109 32
109 36
109 0
109 119
109 53
109 113
109 15
109 65
109 12
109 50
109 114
109 2
109 80
109 97
109 110
91 84
91 26
91 98
91 41
91 31
91 93
91 64
91 58
91 25
91 5
91 40
91 115
91 42
91 57
91 118
91 83
91 16
91 119
91 15
91 65
91 12
91 88
91 50
91 114
91 23
91 2
91 80
91 7
91 110
91 56
35 84
35 98
35 74
35 31
35 72
35 77
35 95
35 68
35 85
35 64
35 107
35 104
35 115
35 9
35 42
35 32
35 119
35 15
35 2
35 80
35 97
35 111
35 105
35 62
35 56
84 26
84 6
84 99
84 72
84 70
84 5
84 40
84 4
84 20
84 43
84 15
84 88
84 59
84 97
84 105
84 28
84 56
26 98
26 34
26 41
26 72
26 70
26 95
26 21
26 85
26 64
26 58
26 25
26 81
26 40
26 48
26 107
26 104
26 9
26 42
26 96
26 43
26 36
26 119
26 53
26 50
26 23
26 17
26 97
26 111
26 105
26 28
26 56
14 34
14 68
14 85
14 64
14 112
14 48
14 107
14 115
14 9
14 20
14 67
14 83
14 43
14 16
14 119
14 15
14 2
14 61
14 56
98 77
98 93
98 63
98 60
98 40
98 107
98 4
98 42
98 1
98 113
98 13
98 88
98 50
98 80
98 17
98 7
98 111
98 28
34 6
34 70
34 93
34 68
34 21
34 85
34 60
34 112
34 25
34 81
34 57
34 118
34 0
34 1
34 53
34 113
34 13
34 12
34 23
34 17
34 7
34 105
41 6
41 95
41 21
41 63
41 60
41 81
41 115
41 9
41 4
41 42
41 96
41 32
41 0
41 53
41 65
41 12
41 50
41 114
41 2
41 80
41 17
41 7
41 111
41 28
74 6
74 95
74 68
74 21
74 63
74 64
74 107
74 9
74 67
74 57
74 83
74 32
74 36
74 119
74 10
74 113
74 15
74 88
74 50
74 114
74 23
74 2
74 110
74 49
74 28
74 61
6 99
6 31
6 68
6 85
6 63
6 60
6 112
6 25
6 81
6 40
6 107
6 42
6 57
6 83
6 16
6 1
6 53
6 15
6 12
6 23
6 17
6 7
6 97
6 111
6 110
6 28
99 31
99 70
99 64
99 60
99 81
99 5
99 118
99 83
99 43
99 15
99 12
99 2
99 59
99 97
99 49
99 28
99 62
31 77
31 70
31 95
31 85
31 63
31 64
31 5
31 48
31 4
31 42
31 57
31 32
31 43
31 36
31 0
31 1
31 10
31 53
31 113
31 65
31 12
31 88
31 59
31 111
31 110
31 49
31 28
31 62
72 25
72 40
72 104
72 115
72 96
72 32
72 43
72 36
72 16
72 119
72 65
72 12
72 23
72 80
72 17
72 110
72 49
72 61
77 21
77 85
77 48
77 4
77 43
77 0
77 1
77 113
77 13
77 88
77 110
77 49
77 62
77 56
70 93
70 95
70 21
70 85
70 64
70 60
70 112
70 58
70 81
70 5
70 48
70 83
70 43
70 65
70 114
70 23
70 17
70 111
70 105
70 49
70 62
93 95
93 68
93 21
93 112
93 58
93 40
93 107
93 104
93 9
93 67
93 96
93 113
93 13
93 50
93 23
93 2
93 59
93 111
93 110
93 28
95 68
95 58
95 25
95 5
95 107
95 115
95 57
95 83
95 10
95 53
95 13
95 114
95 23
95 80
95 59
95 111
95 105
95 62
95 56
68 85
68 60
68 112
68 81
68 40
68 107
68 115
68 4
68 20
68 42
68 67
68 83
68 36
68 16
68 10
68 53
68 65
68 88
68 2
68 111
68 61
68 56
21 40
21 4
21 96
21 36
21 16
21 1
21 10
21 53
21 15
21 12
21 2
21 80
21 97
21 56
85 63
85 60
85 112
85 25
85 81
85 40
85 118
85 83
85 0
85 10
85 53
85 113
85 65
85 23
85 80
85 17
85 7
85 111
85 105
85 62
63 40
63 48
63 9
63 4
63 20
63 67
63 57
63 43
63 16
63 119
63 10
63 113
63 12
63 23
63 2
63 17
63 105
64 112
64 58
64 5
64 40
64 48
64 4
64 42
64 67
64 118
64 83
64 0
64 15
64 65
64 50
64 114
64 80
64 111
64 110
60 112
60 25
60 115
60 118
60 1
60 113
60 13
60 88
60 50
60 114
60 2
60 59
60 7
60 97
60 105
60 28
60 56
112 58
112 25
112 81
112 104
112 57
112 96
112 16
112 113
112 12
112 17
112 97
112 110
112 105
112 49
112 28
112 61
112 56
58 81
58 40
58 48
58 104
58 9
58 42
58 118
58 32
58 43
58 0
58 119
58 113
58 15
58 65
58 13
58 12
58 114
58 23
58 59
58 17
58 97
58 110
25 81
25 48
25 104
25 9
25 42
25 57
25 118
25 96
25 32
25 0
25 113
25 65
25 50
25 114
25 23
25 7
25 111
25 110
25 28
25 62
81 40
81 48
81 115
81 9
81 42
81 67
81 83
81 32
81 36
81 0
81 10
81 53
81 65
81 12
81 88
81 59
81 111
81 105
81 28
81 62
81 56
5 4
5 20
5 67
5 83
5 0
5 113
5 12
5 88
5 50
5 2
5 59
5 17
5 7
5 49
5 61
40 9
40 20
40 42
40 67
40 57
40 83
40 96
40 32
40 0
40 1
40 113
40 80
40 110
40 28
40 62
40 61
48 104
48 9
48 4
48 20
48 118
48 96
48 43
48 16
48 0
48 119
48 53
48 15
48 114
48 80
48 17
48 97
48 110
48 105
48 49
48 28
48 56
107 104
107 115
107 9
107 4
107 20
107 42
107 67
107 57
107 118
107 83
107 43
107 15
107 65
107 12
107 80
107 59
107 17
107 7
107 111
107 105
104 9
104 4
104 20
104 42
104 57
104 118
104 83
104 96
104 43
104 10
104 53
104 113
104 15
104 65
104 13
104 12
104 23
104 59
104 7
104 110
104 61
104 56
115 20
115 67
115 118
115 96
115 36
115 10
115 53
115 65
115 13
115 12
115 17
115 111
115 28
115 62
115 61
115 56
9 32
9 43
9 36
9 0
9 113
9 13
9 88
9 2
9 80
9 17
9 97
9 110
9 28
9 61
4 20
4 96
4 32
4 1
4 119
4 53
4 15
4 2
4 7
4 97
4 62
4 56
20 36
20 1
20 10
20 113
20 15
20 50
20 23
20 59
20 17
20 97
20 110
20 62
20 61
42 57
42 118
42 96
42 36
42 1
42 10
42 15
42 13
42 80
42 7
42 97
42 111
67 83
67 36
67 1
67 119
67 113
67 15
67 80
67 111
67 62
67 61
67 56
57 118
57 83
57 36
57 1
57 119
57 113
57 15
57 13
57 88
57 114
57 80
57 59
57 111
57 105
57 49
57 28
57 61
118 96
118 16
118 119
118 15
118 50
118 114
118 23
118 2
118 80
118 61
118 56
83 0
83 1
83 10
83 113
83 88
83 23
83 2
83 7
83 97
83 105
83 28
96 36
96 113
96 65
96 12
96 23
96 59
96 105
96 28
96 61
32 36
32 16
32 1
32 10
32 65
32 13
32 88
32 50
32 2
32 80
32 59
32 97
32 61
32 56
43 36
43 50
43 23
43 2
43 59
43 7
43 111
43 110
43 49
43 62
43 61
36 0
36 119
36 53
36 15
36 13
36 50
36 114
36 23
36 80
36 17
36 7
36 97
36 61
16 1
16 10
16 53
16 65
16 80
16 59
16 110
16 49
16 61
0 113
0 15
0 13
0 88
0 23
0 80
0 59
0 17
0 7
0 56
1 113
1 65
1 2
1 80
1 97
1 49
119 53
119 15
119 12
119 114
119 17
119 97
119 111
119 105
119 49
119 56
10 53
10 15
10 88
10 2
10 49
10 56
53 113
53 15
53 13
53 88
53 80
53 111
53 28
53 62
113 50
113 114
113 23
113 17
113 97
113 105
113 49
113 61
15 65
15 12
15 59
15 111
15 105
15 49
15 61
15 56
65 114
65 2
65 59
65 7
65 97
65 105
13 2
13 97
13 111
13 110
13 105
13 62
13 61
13 56
12 114
12 23
12 7
12 28
12 56
88 114
88 23
88 2
88 59
88 7
88 111
88 49
88 62
88 61
50 80
50 17
50 7
50 105
50 49
50 62
50 61
114 2
114 80
114 59
114 17
114 97
114 111
114 110
114 105
114 62
23 17
23 7
23 62
23 56
2 105
80 111
80 28
80 61
59 110
59 28
59 62
17 97
17 111
17 105
17 28
17 62
7 28
97 111
97 49
97 28
97 61
111 110
111 105
111 28
111 62
110 49
110 56
105 49
105 61
49 62
28 56
62 61
61 56
