*verties 101
116
24
8
76
118
53
85
47
36
86
0
91
1
18
11
94
50
88
106
74
10
80
115
15
107
43
57
51
89
87
26
105
95
100
23
5
83
69
30
71
66
65
68
4
6
113
101
27
41
55
16
63
81
98
31
35
73
59
32
60
92
58
22
19
46
3
109
93
48
72
96
14
103
38
61
45
111
39
7
119
84
82
67
21
2
9
78
12
42
110
17
28
44
49
102
117
64
108
62
13
20
*edges 
116 24
116 8
116 85
116 47
116 86
116 91
116 1
116 18
116 94
116 10
116 115
116 15
116 89
116 87
116 26
116 105
116 100
116 23
116 5
116 83
116 30
116 66
116 65
116 68
116 6
116 113
116 41
116 55
116 16
116 98
116 31
116 59
116 32
116 92
116 22
116 46
116 3
116 109
116 72
116 111
116 39
116 7
116 119
116 82
116 21
116 9
116 42
116 110
116 28
116 102
116 64
116 108
116 62
116 20
24 8
24 118
24 53
24 85
24 86
24 0
24 1
24 18
24 11
24 94
24 74
24 80
24 115
24 15
24 107
24 57
24 26
24 100
24 5
24 69
24 30
24 66
24 113
24 101
24 27
24 98
24 35
24 32
24 60
24 58
24 22
24 19
24 3
24 93
24 72
24 96
24 14
24 103
24 45
24 111
24 39
24 7
24 119
24 84
24 82
24 67
24 21
24 2
24 78
24 12
24 110
24 17
24 28
24 44
24 49
24 102
24 117
24 108
24 62
24 13
8 118
8 85
8 36
8 86
8 91
8 1
8 18
8 94
8 74
8 80
8 115
8 15
8 89
8 26
8 95
8 23
8 5
8 69
8 71
8 66
8 68
8 4
8 41
8 16
8 81
8 35
8 73
8 59
8 32
8 92
8 58
8 109
8 93
8 72
8 96
8 103
8 111
8 39
8 7
8 119
8 84
8 67
8 2
8 9
8 78
8 12
8 42
8 17
8 28
8 44
8 49
8 102
8 108
8 62
8 13
76 47
76 86
76 0
76 18
76 94
76 50
76 88
76 80
76 15
76 43
76 57
76 89
76 87
76 26
76 105
76 95
76 23
76 5
76 83
76 69
76 71
76 66
76 4
76 113
76 27
76 41
76 16
76 81
76 35
76 73
76 32
76 60
76 92
76 58
76 19
76 46
76 109
76 93
76 48
76 72
76 96
76 14
76 38
76 61
76 45
76 39
76 7
76 119
76 82
76 21
76 2
76 42
76 28
76 44
76 49
76 117
76 108
76 62
76 13
76 20
118 53
118 36
118 86
118 94
118 74
118 80
118 43
118 26
118 23
118 5
118 83
118 69
118 30
118 71
118 66
118 65
118 4
118 6
118 101
118 27
118 63
118 81
118 98
118 31
118 35
118 73
118 59
118 32
118 60
118 22
118 109
118 93
118 48
118 14
118 38
118 61
118 111
118 39
118 7
118 119
118 82
118 67
118 21
118 2
118 9
118 12
118 42
118 17
118 44
118 49
118 102
118 64
118 108
118 13
53 85
53 47
53 0
53 91
53 1
53 18
53 11
53 50
53 88
53 74
53 10
53 80
53 115
53 15
53 107
53 57
53 87
53 105
53 95
53 23
53 5
53 83
53 69
53 30
53 4
53 27
53 63
53 98
53 59
53 32
53 60
53 58
53 19
53 93
53 48
53 96
53 14
53 103
53 61
53 7
53 119
53 84
53 82
53 67
53 9
53 42
53 110
53 28
53 117
53 64
53 108
53 62
53 13
53 20
85 86
85 1
85 18
85 94
85 88
85 74
85 10
85 80
85 115
85 15
85 43
85 57
85 89
85 87
85 105
85 95
85 100
85 5
85 83
85 69
85 30
85 66
85 68
85 4
85 6
85 113
85 27
85 55
85 16
85 81
85 19
85 109
85 93
85 48
85 72
85 14
85 103
85 61
85 45
85 111
85 39
85 7
85 84
85 82
85 67
85 9
85 78
85 12
85 42
85 110
85 17
85 62
85 13
85 20
47 36
47 86
47 1
47 94
47 88
47 106
47 10
47 115
47 15
47 107
47 57
47 89
47 26
47 30
47 71
47 68
47 4
47 55
47 16
47 31
47 73
47 32
47 60
47 92
47 22
47 46
47 109
47 72
47 45
47 7
47 84
47 82
47 67
47 21
47 78
47 12
47 42
47 110
47 49
47 102
47 64
47 108
47 62
47 13
47 20
36 86
36 0
36 91
36 18
36 11
36 50
36 88
36 10
36 80
36 115
36 107
36 43
36 51
36 105
36 23
36 5
36 83
36 66
36 65
36 4
36 6
36 113
36 55
36 16
36 98
36 31
36 73
36 59
36 58
36 22
36 46
36 3
36 93
36 48
36 72
36 14
36 103
36 111
36 84
36 82
36 67
36 21
36 78
36 12
36 110
36 17
36 28
36 49
36 64
36 62
36 13
86 0
86 91
86 18
86 11
86 94
86 50
86 88
86 10
86 80
86 115
86 107
86 43
86 89
86 87
86 100
86 23
86 5
86 30
86 65
86 68
86 4
86 6
86 113
86 41
86 55
86 63
86 31
86 59
86 60
86 58
86 22
86 19
86 46
86 3
86 93
86 48
86 72
86 96
86 103
86 111
86 39
86 119
86 82
86 67
86 21
86 2
86 9
86 78
86 42
86 62
86 13
86 20
0 91
0 1
0 10
0 115
0 107
0 43
0 26
0 105
0 95
0 23
0 5
0 83
0 69
0 30
0 65
0 68
0 4
0 113
0 101
0 27
0 16
0 81
0 98
0 31
0 92
0 58
0 19
0 46
0 109
0 72
0 96
0 119
0 84
0 82
0 67
0 21
0 2
0 12
0 42
0 44
0 49
0 102
0 117
0 64
0 13
91 1
91 18
91 11
91 94
91 88
91 10
91 115
91 15
91 43
91 57
91 51
91 87
91 26
91 105
91 95
91 23
91 5
91 83
91 30
91 68
91 113
91 101
91 41
91 16
91 63
91 59
91 60
91 92
91 58
91 22
91 19
91 46
91 48
91 72
91 96
91 14
91 103
91 38
91 61
91 45
91 111
91 7
91 119
91 82
91 21
91 2
91 78
91 42
91 110
91 17
91 49
91 117
91 64
91 62
91 13
1 18
1 94
1 50
1 88
1 106
1 80
1 115
1 107
1 43
1 51
1 87
1 26
1 95
1 100
1 23
1 83
1 69
1 66
1 6
1 113
1 41
1 55
1 16
1 31
1 35
1 92
1 46
1 109
1 93
1 72
1 14
1 103
1 38
1 61
1 45
1 111
1 39
1 82
1 67
1 21
1 2
1 12
1 42
1 17
1 108
1 13
1 20
18 94
18 50
18 88
18 106
18 10
18 15
18 107
18 43
18 57
18 87
18 105
18 23
18 69
18 30
18 71
18 66
18 6
18 113
18 101
18 27
18 41
18 55
18 16
18 63
18 98
18 31
18 35
18 32
18 60
18 92
18 58
18 19
18 46
18 3
18 109
18 48
18 72
18 96
18 38
18 61
18 45
18 39
18 7
18 84
18 67
18 9
18 78
18 12
18 42
18 110
18 17
18 28
18 44
18 102
18 62
18 13
11 94
11 50
11 106
11 74
11 10
11 107
11 43
11 51
11 87
11 26
11 95
11 100
11 23
11 5
11 83
11 69
11 66
11 4
11 113
11 101
11 41
11 16
11 81
11 31
11 35
11 73
11 22
11 19
11 46
11 3
11 93
11 48
11 96
11 14
11 103
11 61
11 45
11 111
11 39
11 7
11 119
11 21
11 2
11 9
11 17
11 44
11 102
11 108
11 62
11 20
94 88
94 106
94 74
94 107
94 43
94 57
94 51
94 89
94 26
94 100
94 5
94 69
94 30
94 65
94 68
94 6
94 113
94 41
94 55
94 16
94 63
94 81
94 98
94 35
94 73
94 59
94 60
94 92
94 22
94 19
94 93
94 72
94 96
94 14
94 45
94 39
94 119
94 84
94 82
94 9
94 42
94 110
94 17
94 28
94 44
94 49
94 102
94 108
94 62
50 115
50 107
50 57
50 87
50 26
50 105
50 95
50 5
50 69
50 30
50 71
50 66
50 65
50 55
50 81
50 35
50 73
50 59
50 32
50 60
50 92
50 22
50 19
50 109
50 93
50 48
50 96
50 14
50 103
50 38
50 61
50 45
50 111
50 39
50 7
50 119
50 84
50 21
50 2
50 78
50 12
50 28
50 44
50 49
50 102
50 117
50 64
50 108
50 62
50 13
50 20
88 74
88 80
88 15
88 43
88 51
88 89
88 87
88 100
88 69
88 68
88 6
88 113
88 101
88 27
88 16
88 63
88 81
88 35
88 73
88 60
88 92
88 22
88 19
88 46
88 3
88 109
88 93
88 48
88 72
88 96
88 38
88 45
88 21
88 2
88 9
88 42
88 110
88 17
88 28
88 102
88 108
88 13
88 20
106 74
106 80
106 115
106 107
106 57
106 51
106 26
106 105
106 95
106 100
106 23
106 83
106 30
106 66
106 65
106 68
106 6
106 101
106 27
106 41
106 16
106 63
106 81
106 98
106 31
106 35
106 60
106 92
106 58
106 22
106 3
106 93
106 48
106 72
106 14
106 103
106 38
106 39
106 119
106 82
106 102
106 62
106 20
74 80
74 115
74 15
74 107
74 57
74 87
74 105
74 95
74 100
74 5
74 83
74 71
74 66
74 65
74 68
74 4
74 6
74 113
74 27
74 63
74 81
74 98
74 59
74 32
74 60
74 92
74 19
74 3
74 93
74 72
74 14
74 103
74 45
74 7
74 119
74 84
74 82
74 67
74 21
74 2
74 78
74 12
74 110
74 28
74 102
74 117
74 64
74 108
74 62
74 13
10 80
10 15
10 107
10 43
10 57
10 87
10 105
10 100
10 23
10 5
10 69
10 71
10 66
10 65
10 68
10 4
10 6
10 27
10 55
10 63
10 81
10 31
10 35
10 32
10 60
10 92
10 22
10 19
10 3
10 109
10 96
10 103
10 38
10 61
10 111
10 39
10 119
10 84
10 82
10 21
10 2
10 78
10 110
10 17
10 64
10 108
10 13
10 20
80 115
80 15
80 51
80 89
80 95
80 69
80 30
80 68
80 4
80 6
80 113
80 27
80 41
80 55
80 16
80 63
80 81
80 98
80 31
80 32
80 60
80 92
80 19
80 46
80 3
80 109
80 93
80 96
80 14
80 61
80 45
80 7
80 82
80 2
80 9
80 78
80 12
80 28
80 44
80 49
80 102
80 117
80 13
115 15
115 43
115 57
115 51
115 26
115 95
115 69
115 30
115 71
115 27
115 55
115 16
115 81
115 31
115 35
115 59
115 60
115 19
115 46
115 3
115 93
115 48
115 72
115 96
115 14
115 38
115 61
115 45
115 111
115 39
115 7
115 119
115 67
115 21
115 2
115 78
115 12
115 28
115 44
115 108
115 62
15 107
15 43
15 87
15 105
15 95
15 100
15 83
15 69
15 71
15 66
15 65
15 68
15 6
15 101
15 41
15 55
15 31
15 35
15 73
15 60
15 109
15 93
15 48
15 14
15 103
15 38
15 61
15 45
15 111
15 39
15 7
15 119
15 84
15 67
15 21
15 42
15 110
15 17
15 44
15 49
15 102
15 108
15 13
107 51
107 87
107 26
107 95
107 100
107 23
107 5
107 30
107 66
107 68
107 4
107 6
107 101
107 55
107 16
107 31
107 73
107 60
107 92
107 58
107 22
107 19
107 46
107 3
107 72
107 14
107 61
107 7
107 84
107 82
107 21
107 9
107 78
107 12
107 110
107 28
107 44
107 49
107 102
107 117
107 108
107 13
43 57
43 89
43 105
43 100
43 23
43 30
43 71
43 66
43 65
43 68
43 6
43 27
43 41
43 55
43 81
43 98
43 35
43 73
43 59
43 60
43 92
43 58
43 22
43 19
43 96
43 14
43 38
43 45
43 111
43 39
43 7
43 119
43 82
43 67
43 21
43 2
43 78
43 12
43 42
43 110
43 17
43 44
43 102
43 64
43 108
43 13
57 51
57 89
57 26
57 100
57 23
57 83
57 69
57 30
57 71
57 68
57 4
57 113
57 27
57 41
57 16
57 63
57 98
57 31
57 73
57 60
57 92
57 58
57 22
57 19
57 46
57 3
57 109
57 72
57 96
57 14
57 103
57 45
57 7
57 84
57 82
57 21
57 2
57 78
57 12
57 42
57 110
57 17
57 28
57 44
57 102
57 117
57 64
57 108
57 62
57 13
57 20
51 89
51 105
51 23
51 5
51 69
51 66
51 65
51 68
51 113
51 101
51 41
51 16
51 63
51 98
51 73
51 32
51 92
51 46
51 109
51 14
51 45
51 39
51 7
51 84
51 82
51 2
51 9
51 78
51 110
51 17
51 49
51 102
51 13
51 20
89 26
89 95
89 100
89 23
89 83
89 69
89 30
89 71
89 65
89 68
89 6
89 101
89 55
89 16
89 98
89 31
89 73
89 60
89 92
89 22
89 46
89 3
89 109
89 96
89 103
89 38
89 7
89 119
89 82
89 21
89 2
89 78
89 110
89 44
89 102
89 13
89 20
87 26
87 105
87 5
87 69
87 30
87 71
87 65
87 68
87 113
87 101
87 41
87 16
87 81
87 98
87 35
87 59
87 32
87 58
87 22
87 46
87 3
87 109
87 14
87 103
87 38
87 119
87 84
87 21
87 9
87 78
87 42
87 110
87 102
87 64
87 13
87 20
26 105
26 100
26 23
26 69
26 4
26 6
26 101
26 41
26 55
26 16
26 81
26 98
26 31
26 35
26 58
26 22
26 19
26 3
26 48
26 96
26 103
26 61
26 111
26 7
26 84
26 82
26 9
26 110
26 44
26 49
26 64
26 62
105 100
105 23
105 5
105 83
105 69
105 65
105 68
105 4
105 6
105 27
105 41
105 63
105 98
105 31
105 35
105 60
105 92
105 46
105 3
105 109
105 14
105 103
105 38
105 119
105 84
105 9
105 78
105 12
105 42
105 28
105 44
105 49
105 64
105 108
105 62
105 20
95 100
95 83
95 30
95 71
95 66
95 65
95 4
95 113
95 27
95 55
95 16
95 98
95 35
95 60
95 22
95 46
95 109
95 93
95 38
95 45
95 82
95 21
95 2
95 78
95 12
95 42
95 110
95 17
95 44
95 49
95 117
95 64
95 13
100 23
100 83
100 71
100 66
100 68
100 4
100 6
100 113
100 55
100 16
100 63
100 81
100 98
100 31
100 35
100 59
100 92
100 19
100 3
100 93
100 14
100 38
100 61
100 45
100 111
100 7
100 119
100 84
100 67
100 21
100 12
100 110
100 17
100 28
100 44
100 117
100 108
23 5
23 83
23 30
23 71
23 68
23 4
23 113
23 27
23 41
23 55
23 63
23 81
23 31
23 32
23 60
23 92
23 58
23 22
23 19
23 3
23 48
23 72
23 96
23 38
23 61
23 111
23 84
23 82
23 67
23 2
23 9
23 12
23 110
23 44
23 49
23 117
23 64
23 108
23 13
23 20
5 83
5 66
5 65
5 4
5 113
5 27
5 55
5 81
5 98
5 35
5 92
5 58
5 22
5 46
5 93
5 48
5 72
5 96
5 14
5 38
5 111
5 7
5 119
5 84
5 82
5 67
5 2
5 9
5 78
5 12
5 42
5 110
5 28
5 44
5 49
5 102
5 117
5 108
5 13
83 69
83 71
83 6
83 101
83 41
83 55
83 63
83 73
83 59
83 32
83 60
83 58
83 22
83 19
83 46
83 109
83 48
83 72
83 14
83 61
83 111
83 39
83 7
83 21
83 2
83 78
83 12
83 42
83 28
83 49
83 108
83 62
83 13
83 20
69 30
69 71
69 66
69 68
69 4
69 113
69 101
69 27
69 63
69 98
69 31
69 73
69 92
69 22
69 19
69 46
69 3
69 96
69 14
69 38
69 7
69 119
69 84
69 82
69 67
69 21
69 2
69 9
69 78
69 12
69 42
69 110
69 64
69 108
69 62
69 20
30 71
30 66
30 65
30 68
30 4
30 6
30 101
30 27
30 41
30 16
30 81
30 98
30 73
30 32
30 46
30 3
30 109
30 72
30 96
30 14
30 61
30 45
30 39
30 119
30 84
30 82
30 9
30 12
30 42
30 110
30 17
30 49
30 102
30 108
30 13
71 65
71 68
71 4
71 27
71 41
71 55
71 63
71 81
71 35
71 73
71 59
71 32
71 60
71 92
71 58
71 3
71 93
71 48
71 72
71 61
71 111
71 119
71 84
71 82
71 67
71 2
71 9
71 78
71 12
71 110
71 17
71 44
71 49
71 102
71 64
71 13
66 65
66 68
66 4
66 113
66 101
66 55
66 16
66 81
66 98
66 35
66 73
66 59
66 32
66 58
66 3
66 48
66 14
66 38
66 45
66 111
66 7
66 119
66 82
66 67
66 21
66 9
66 12
66 17
66 28
66 49
66 64
66 108
66 13
65 68
65 4
65 6
65 113
65 27
65 41
65 81
65 98
65 32
65 60
65 92
65 58
65 19
65 46
65 3
65 93
65 48
65 72
65 96
65 14
65 103
65 38
65 61
65 45
65 111
65 39
65 119
65 82
65 67
65 21
65 110
65 17
65 28
65 44
65 49
65 102
65 117
65 64
65 13
68 101
68 27
68 55
68 16
68 63
68 81
68 35
68 59
68 60
68 22
68 3
68 109
68 48
68 96
68 14
68 103
68 61
68 45
68 111
68 39
68 7
68 119
68 84
68 21
68 9
68 78
68 12
68 42
68 17
68 49
68 117
68 108
68 62
68 13
68 20
4 6
4 113
4 27
4 55
4 63
4 81
4 98
4 31
4 73
4 59
4 32
4 92
4 58
4 22
4 46
4 3
4 93
4 48
4 103
4 45
4 39
4 119
4 84
4 21
4 42
4 17
4 102
4 64
4 108
4 20
6 41
6 16
6 63
6 98
6 31
6 35
6 59
6 32
6 58
6 19
6 46
6 3
6 109
6 72
6 14
6 103
6 38
6 61
6 45
6 111
6 7
6 119
6 84
6 82
6 21
6 2
6 12
6 42
6 110
6 17
6 28
6 44
6 49
6 117
113 101
113 27
113 55
113 81
113 35
113 73
113 59
113 60
113 92
113 46
113 48
113 103
113 61
113 111
113 119
113 84
113 82
113 67
113 21
113 2
113 9
113 78
113 42
113 110
113 17
113 44
113 117
113 108
113 62
113 13
113 20
101 27
101 55
101 63
101 81
101 98
101 35
101 59
101 32
101 60
101 92
101 58
101 22
101 46
101 3
101 48
101 72
101 14
101 61
101 111
101 39
101 7
101 119
101 84
101 82
101 67
101 2
101 9
101 42
101 110
101 28
101 102
101 117
101 64
101 108
101 20
27 16
27 63
27 98
27 35
27 73
27 59
27 92
27 58
27 46
27 3
27 93
27 48
27 72
27 96
27 103
27 61
27 45
27 111
27 119
27 84
27 67
27 21
27 2
27 9
27 78
27 42
27 110
27 17
27 49
27 102
27 117
27 64
27 108
27 20
41 55
41 16
41 63
41 98
41 35
41 73
41 32
41 60
41 92
41 3
41 109
41 93
41 48
41 103
41 38
41 111
41 7
41 119
41 84
41 67
41 21
41 9
41 42
41 28
41 44
41 49
41 102
41 64
41 62
41 13
41 20
55 63
55 81
55 98
55 31
55 35
55 59
55 60
55 92
55 58
55 22
55 19
55 46
55 3
55 93
55 48
55 96
55 38
55 61
55 111
55 39
55 7
55 82
55 12
55 17
55 28
55 44
55 49
55 102
55 64
55 108
55 62
55 20
16 98
16 73
16 59
16 32
16 92
16 58
16 19
16 46
16 3
16 109
16 48
16 72
16 14
16 61
16 45
16 39
16 7
16 67
16 21
16 9
16 110
16 17
16 28
16 44
16 49
16 102
16 62
16 20
63 59
63 32
63 60
63 92
63 58
63 22
63 93
63 48
63 96
63 14
63 103
63 38
63 7
63 119
63 84
63 82
63 67
63 9
63 42
63 110
63 17
63 49
63 117
63 13
81 31
81 35
81 73
81 59
81 60
81 58
81 22
81 19
81 3
81 109
81 48
81 72
81 96
81 14
81 38
81 45
81 39
81 84
81 82
81 67
81 2
81 78
81 12
81 42
81 110
81 17
81 28
81 102
81 117
81 64
81 108
81 13
81 20
98 31
98 35
98 59
98 60
98 22
98 19
98 3
98 109
98 72
98 96
98 14
98 103
98 61
98 45
98 111
98 7
98 84
98 82
98 67
98 21
98 78
98 12
98 42
98 44
98 49
98 102
98 117
98 64
98 108
98 62
98 13
31 73
31 59
31 22
31 19
31 109
31 93
31 48
31 14
31 103
31 61
31 7
31 119
31 82
31 67
31 21
31 78
31 12
31 42
31 28
31 44
31 49
31 64
31 108
31 13
35 59
35 60
35 92
35 22
35 109
35 72
35 14
35 61
35 45
35 39
35 7
35 84
35 82
35 2
35 9
35 110
35 17
35 49
35 102
35 117
35 64
35 108
35 62
73 60
73 19
73 46
73 109
73 93
73 72
73 96
73 103
73 61
73 45
73 111
73 119
73 21
73 78
73 42
73 110
73 44
73 49
73 102
73 20
59 92
59 58
59 19
59 109
59 48
59 72
59 96
59 14
59 103
59 38
59 45
59 39
59 7
59 119
59 84
59 67
59 2
59 9
59 78
59 12
59 42
59 110
59 17
59 28
59 44
59 49
59 117
59 108
59 62
59 20
32 60
32 92
32 19
32 109
32 93
32 72
32 14
32 38
32 61
32 45
32 111
32 39
32 7
32 82
32 2
32 9
32 78
32 17
32 102
32 117
32 64
32 13
60 92
60 109
60 93
60 48
60 14
60 45
60 111
60 39
60 84
60 21
60 2
60 9
60 78
60 12
60 42
60 110
60 28
60 102
60 117
60 108
60 62
60 13
60 20
92 58
92 22
92 46
92 3
92 109
92 48
92 72
92 96
92 103
92 38
92 61
92 45
92 111
92 39
92 119
92 84
92 82
92 21
92 78
92 17
92 44
92 49
92 102
92 64
92 62
58 93
58 48
58 14
58 45
58 39
58 7
58 119
58 84
58 82
58 67
58 9
58 78
58 12
58 17
58 44
58 102
58 117
58 64
58 13
58 20
22 46
22 109
22 93
22 72
22 96
22 103
22 111
22 39
22 119
22 82
22 2
22 12
22 17
22 102
22 117
22 13
19 3
19 109
19 72
19 96
19 67
19 9
19 12
19 42
19 49
19 102
19 62
19 13
19 20
46 3
46 109
46 72
46 14
46 103
46 38
46 119
46 67
46 21
46 2
46 9
46 78
46 110
46 17
46 28
46 44
46 102
46 62
3 109
3 93
3 48
3 14
3 38
3 45
3 111
3 39
3 119
3 82
3 2
3 9
3 110
3 28
3 44
3 49
3 117
3 62
3 13
109 93
109 48
109 14
109 38
109 61
109 119
109 82
109 67
109 21
109 2
109 42
109 117
109 64
109 108
109 62
109 13
109 20
93 48
93 72
93 103
93 38
93 61
93 45
93 39
93 119
93 82
93 67
93 2
93 9
93 78
93 12
93 42
93 28
93 44
93 49
93 117
93 64
93 20
48 72
48 96
48 14
48 61
48 45
48 119
48 82
48 67
48 2
48 12
48 17
48 28
48 102
48 62
48 13
48 20
72 96
72 14
72 38
72 45
72 111
72 82
72 67
72 2
72 9
72 78
72 12
72 42
72 110
72 28
72 44
72 49
72 102
72 117
72 62
72 13
72 20
96 14
96 103
96 61
96 45
96 111
96 119
96 84
96 82
96 21
96 2
96 110
96 17
96 28
96 44
96 49
96 102
96 117
96 64
96 62
96 13
14 111
14 119
14 67
14 2
14 9
14 42
14 17
14 28
14 44
14 49
14 117
14 64
14 108
14 62
14 20
103 45
103 111
103 39
103 7
103 119
103 84
103 82
103 21
103 2
103 78
103 12
103 110
103 17
103 28
103 49
103 102
103 117
103 64
103 108
103 62
103 20
38 45
38 111
38 39
38 7
38 67
38 21
38 78
38 12
38 110
38 17
38 102
38 62
38 13
61 45
61 111
61 7
61 119
61 84
61 82
61 67
61 2
61 42
61 110
61 17
61 28
61 117
61 64
61 62
61 13
61 20
45 111
45 7
45 119
45 84
45 82
45 21
45 9
45 78
45 12
45 28
45 102
45 117
45 108
45 62
45 13
45 20
111 119
111 82
111 67
111 21
111 2
111 9
111 78
111 12
111 110
111 17
111 28
111 44
111 64
111 108
39 82
39 67
39 21
39 9
39 102
39 64
39 108
39 62
39 13
7 119
7 84
7 67
7 21
7 2
7 9
7 78
7 42
7 17
7 49
7 117
7 108
7 20
119 84
119 82
119 67
119 78
119 12
119 28
119 44
119 49
119 102
119 64
119 62
119 20
84 82
84 21
84 78
84 28
84 44
84 49
84 117
84 62
84 13
84 20
82 67
82 9
82 12
82 42
82 110
82 17
82 28
82 44
82 64
82 62
67 2
67 9
67 78
67 12
67 28
67 44
67 102
67 117
67 108
21 2
21 9
21 78
21 110
21 17
21 28
21 44
21 49
21 102
21 117
21 108
21 20
2 78
2 42
2 17
2 28
2 49
2 102
2 13
2 20
9 12
9 110
9 28
9 49
9 64
9 108
9 13
9 20
78 12
78 42
78 17
78 28
78 49
78 102
78 117
78 108
12 42
12 28
12 44
12 49
12 108
12 62
12 20
42 110
42 17
42 28
42 44
42 49
42 108
42 62
42 20
110 28
110 49
110 117
110 64
110 62
110 13
110 20
17 44
17 102
17 117
17 64
17 108
17 13
28 102
28 117
28 108
28 62
28 20
44 49
44 117
44 64
44 62
44 20
49 102
49 117
49 64
49 108
49 13
49 20
102 64
102 62
102 13
102 20
117 64
117 108
117 62
117 13
117 20
64 108
64 62
64 13
64 20
108 62
108 20
62 13
62 20
13 20
