*verties 93
22
65
110
97
34
103
35
19
58
26
3
16
4
56
11
67
108
86
44
111
17
83
25
76
2
74
36
81
113
118
70
8
27
105
72
115
73
106
46
78
116
75
10
93
42
68
15
7
9
66
37
28
52
29
39
95
92
21
5
41
23
89
80
100
51
12
57
59
87
13
63
43
99
117
0
101
38
114
84
82
40
6
85
47
119
31
20
61
49
64
62
60
33
*edges 
22 103
22 3
22 4
22 56
22 111
22 17
22 76
22 70
22 72
22 73
22 78
22 7
22 9
22 66
22 39
22 41
22 80
22 13
22 99
22 101
22 119
22 61
22 62
22 33
65 97
65 103
65 35
65 19
65 11
65 108
65 44
65 111
65 81
65 113
65 70
65 73
65 78
65 75
65 37
65 52
65 39
65 95
65 92
65 23
65 89
65 100
65 51
65 57
65 59
65 13
65 63
65 43
65 117
65 47
65 20
65 61
65 62
110 35
110 58
110 56
110 86
110 44
110 83
110 2
110 74
110 118
110 70
110 8
110 27
110 105
110 115
110 116
110 10
110 93
110 9
110 37
110 92
110 100
110 12
110 87
110 43
110 0
110 38
110 40
110 6
110 85
110 31
110 61
110 64
110 62
97 34
97 103
97 35
97 11
97 17
97 76
97 81
97 113
97 118
97 105
97 106
97 116
97 10
97 68
97 15
97 9
97 66
97 28
97 39
97 41
97 89
97 80
97 100
97 13
97 114
97 84
97 82
97 40
97 31
97 49
97 64
97 62
97 60
34 58
34 3
34 11
34 83
34 74
34 118
34 70
34 8
34 115
34 15
34 28
34 21
34 80
34 51
34 12
34 63
34 6
34 85
34 31
34 49
34 64
34 62
34 60
34 33
103 35
103 19
103 16
103 56
103 11
103 44
103 17
103 76
103 81
103 113
103 70
103 8
103 27
103 105
103 72
103 115
103 73
103 106
103 46
103 116
103 10
103 93
103 68
103 7
103 37
103 28
103 52
103 29
103 95
103 23
103 59
103 13
103 38
103 84
103 40
103 6
103 61
103 49
103 64
103 60
35 58
35 4
35 44
35 76
35 81
35 70
35 115
35 73
35 68
35 9
35 37
35 28
35 29
35 95
35 92
35 5
35 89
35 0
35 85
35 119
35 49
35 62
19 58
19 3
19 56
19 44
19 25
19 76
19 2
19 74
19 36
19 113
19 118
19 75
19 66
19 52
19 29
19 39
19 95
19 89
19 87
19 63
19 38
19 84
19 82
19 85
19 47
19 31
19 20
58 26
58 16
58 4
58 11
58 67
58 76
58 2
58 74
58 81
58 115
58 75
58 68
58 7
58 9
58 52
58 21
58 89
58 100
58 51
58 57
58 59
58 63
58 43
58 99
58 117
58 101
58 6
58 85
58 33
26 3
26 4
26 11
26 67
26 86
26 44
26 25
26 118
26 105
26 72
26 115
26 106
26 46
26 78
26 116
26 10
26 15
26 9
26 66
26 37
26 28
26 92
26 80
26 51
26 13
26 117
26 0
26 38
26 40
26 20
26 33
3 16
3 56
3 11
3 67
3 70
3 8
3 72
3 10
3 42
3 68
3 66
3 29
3 5
3 41
3 80
3 100
3 51
3 57
3 59
3 87
3 13
3 63
3 117
3 0
3 84
3 40
3 6
3 47
3 20
3 62
16 4
16 17
16 83
16 2
16 36
16 73
16 116
16 42
16 39
16 95
16 92
16 21
16 5
16 41
16 80
16 100
16 51
16 57
16 63
16 43
16 40
16 20
16 49
16 64
16 62
4 11
4 44
4 111
4 74
4 36
4 105
4 72
4 46
4 116
4 93
4 42
4 9
4 29
4 23
4 89
4 51
4 12
4 43
4 101
4 38
4 82
4 6
4 85
4 31
4 61
4 64
4 62
56 111
56 83
56 36
56 118
56 27
56 115
56 116
56 68
56 15
56 9
56 28
56 95
56 92
56 5
56 23
56 89
56 80
56 12
56 43
56 117
56 38
56 6
56 47
56 31
56 49
56 64
56 62
56 60
11 108
11 111
11 2
11 74
11 81
11 27
11 115
11 10
11 42
11 68
11 7
11 5
11 80
11 100
11 117
11 114
11 6
11 20
11 64
11 60
11 33
67 111
67 25
67 76
67 74
67 118
67 70
67 27
67 115
67 10
67 15
67 9
67 37
67 29
67 39
67 92
67 21
67 23
67 12
67 59
67 13
67 63
67 114
67 84
67 40
67 119
67 31
67 61
67 62
108 86
108 76
108 2
108 74
108 36
108 81
108 70
108 73
108 106
108 10
108 93
108 7
108 37
108 29
108 21
108 5
108 57
108 87
108 13
108 117
108 101
108 40
108 47
108 119
108 20
108 33
86 111
86 25
86 2
86 81
86 113
86 8
86 105
86 72
86 106
86 46
86 78
86 42
86 68
86 37
86 52
86 21
86 59
86 0
86 82
86 60
44 25
44 76
44 36
44 81
44 27
44 105
44 106
44 116
44 93
44 7
44 9
44 52
44 29
44 95
44 92
44 23
44 99
44 0
44 101
44 38
44 114
44 82
44 40
44 6
44 85
44 119
44 60
111 2
111 105
111 73
111 93
111 15
111 9
111 37
111 28
111 95
111 92
111 21
111 89
111 80
111 59
111 63
111 0
111 85
111 119
17 83
17 81
17 118
17 70
17 8
17 27
17 72
17 106
17 93
17 15
17 7
17 37
17 52
17 29
17 100
17 51
17 87
17 13
17 63
17 99
17 0
17 101
17 82
17 6
17 85
17 47
17 61
17 64
17 62
17 60
17 33
83 25
83 8
83 27
83 106
83 68
83 15
83 7
83 9
83 66
83 29
83 92
83 41
83 51
83 12
83 57
83 87
83 13
83 63
83 0
83 101
83 38
83 114
83 31
83 61
25 74
25 81
25 118
25 27
25 106
25 46
25 42
25 7
25 66
25 95
25 23
25 89
25 51
25 57
25 59
25 13
25 43
25 82
25 64
76 2
76 81
76 70
76 105
76 68
76 7
76 66
76 37
76 39
76 95
76 92
76 5
76 41
76 23
76 80
76 100
76 87
76 63
76 43
76 99
76 117
76 38
76 82
76 47
76 119
76 20
76 61
76 49
76 64
76 62
76 60
76 33
2 36
2 113
2 8
2 72
2 116
2 10
2 93
2 42
2 15
2 28
2 52
2 21
2 41
2 89
2 117
2 101
2 82
2 40
2 6
2 85
2 61
2 64
74 36
74 8
74 27
74 73
74 106
74 46
74 42
74 9
74 52
74 5
74 51
74 57
74 59
74 117
74 0
74 38
74 114
74 84
74 47
74 31
74 20
74 60
36 113
36 8
36 105
36 72
36 106
36 46
36 116
36 68
36 37
36 52
36 92
36 5
36 23
36 89
36 80
36 100
36 12
36 57
36 101
36 82
36 62
36 60
81 113
81 118
81 72
81 73
81 75
81 93
81 7
81 29
81 39
81 95
81 5
81 23
81 89
81 63
81 43
81 101
81 38
81 84
81 82
81 85
81 119
81 64
81 62
113 8
113 27
113 106
113 116
113 93
113 42
113 68
113 15
113 7
113 9
113 52
113 23
113 89
113 100
113 99
113 38
113 84
113 82
113 20
113 61
113 64
113 62
118 27
118 72
118 116
118 75
118 10
118 42
118 7
118 9
118 52
118 41
118 23
118 51
118 59
118 87
118 6
118 61
118 49
118 62
70 105
70 106
70 75
70 15
70 7
70 28
70 21
70 5
70 23
70 89
70 100
70 13
70 63
70 43
70 99
70 117
70 114
70 84
70 82
70 40
70 49
70 60
8 72
8 115
8 10
8 68
8 7
8 37
8 28
8 52
8 29
8 5
8 89
8 51
8 12
8 59
8 43
8 99
8 38
8 84
8 40
8 62
27 105
27 72
27 75
27 9
27 95
27 21
27 5
27 100
27 51
27 59
27 87
27 13
27 63
27 43
27 99
27 101
27 114
27 82
27 47
27 119
27 61
27 49
27 64
105 72
105 73
105 10
105 93
105 15
105 7
105 28
105 52
105 39
105 23
105 80
105 12
105 13
105 82
105 20
105 61
105 60
72 115
72 106
72 78
72 116
72 10
72 42
72 52
72 5
72 23
72 80
72 100
72 51
72 12
72 43
72 0
72 101
72 47
72 119
72 31
72 61
72 64
115 42
115 7
115 66
115 39
115 95
115 5
115 41
115 100
115 87
115 99
115 117
115 0
115 84
115 119
115 49
115 62
115 60
73 78
73 93
73 7
73 9
73 37
73 52
73 92
73 41
73 23
73 89
73 51
73 59
73 13
73 99
73 38
73 6
73 47
73 20
73 61
73 49
73 64
73 33
106 78
106 68
106 37
106 21
106 12
106 57
106 59
106 63
106 114
106 84
106 40
106 6
106 85
106 119
106 31
106 61
106 64
106 33
46 116
46 9
46 66
46 92
46 5
46 23
46 89
46 80
46 43
46 114
46 84
46 82
46 40
46 119
46 31
46 64
46 33
78 75
78 10
78 68
78 7
78 9
78 66
78 28
78 52
78 5
78 80
78 51
78 59
78 87
78 63
78 43
78 99
78 101
78 38
78 114
78 84
78 31
78 61
78 64
78 60
116 93
116 68
116 7
116 29
116 21
116 41
116 51
116 12
116 0
116 101
116 38
116 84
116 6
116 119
116 49
75 68
75 9
75 37
75 52
75 92
75 23
75 89
75 51
75 12
75 59
75 87
75 63
75 43
75 114
75 82
75 40
75 62
10 42
10 68
10 28
10 95
10 92
10 23
10 89
10 100
10 57
10 63
10 0
10 38
10 40
10 6
10 49
10 64
10 60
10 33
93 15
93 7
93 37
93 29
93 39
93 21
93 57
93 13
93 38
93 82
93 85
93 31
93 49
93 62
93 60
42 52
42 39
42 92
42 5
42 89
42 12
42 57
42 59
42 87
42 43
42 0
42 49
42 64
42 33
68 15
68 7
68 66
68 37
68 28
68 95
68 92
68 41
68 89
68 80
68 100
68 12
68 43
68 117
68 38
68 47
68 20
68 64
68 60
15 7
15 9
15 95
15 92
15 5
15 23
15 80
15 51
15 12
15 43
15 117
15 101
15 84
15 20
15 49
15 33
7 28
7 39
7 23
7 89
7 12
7 63
7 0
7 38
7 85
7 47
7 49
7 64
7 33
9 66
9 37
9 28
9 52
9 29
9 39
9 95
9 92
9 21
9 23
9 89
9 80
9 51
9 12
9 59
9 13
9 63
9 0
9 84
9 82
9 40
9 6
9 85
9 20
9 61
9 49
9 64
9 60
66 95
66 23
66 100
66 59
66 87
66 0
66 114
66 64
66 62
66 33
37 52
37 95
37 92
37 21
37 23
37 89
37 51
37 57
37 59
37 13
37 0
37 38
37 82
37 6
37 47
37 119
37 49
37 62
28 23
28 80
28 51
28 12
28 59
28 87
28 117
28 0
28 101
28 38
28 84
28 82
28 6
28 85
28 47
28 119
28 20
28 64
28 62
28 60
28 33
52 95
52 92
52 5
52 23
52 80
52 12
52 57
52 0
52 101
52 114
52 84
52 47
52 61
52 49
52 62
52 60
29 95
29 92
29 41
29 80
29 100
29 51
29 59
29 87
29 13
29 99
29 0
29 101
29 114
29 40
29 85
29 47
29 20
29 61
29 49
29 33
39 23
39 12
39 57
39 0
39 101
39 38
39 114
39 47
39 119
39 31
95 92
95 21
95 5
95 23
95 89
95 51
95 63
95 117
95 0
95 84
95 6
95 47
95 119
95 61
95 64
95 60
92 21
92 41
92 23
92 12
92 57
92 43
92 99
92 0
92 40
92 6
92 31
21 5
21 12
21 87
21 13
21 43
21 117
21 84
21 85
21 31
21 62
5 12
5 13
5 101
5 38
5 40
5 64
41 89
41 100
41 12
41 59
41 13
41 43
41 99
41 117
41 0
41 101
41 38
41 82
41 85
41 47
41 119
41 20
23 89
23 80
23 12
23 57
23 87
23 13
23 99
23 101
23 40
23 6
23 119
23 20
23 61
23 49
23 64
89 12
89 43
89 99
89 117
89 38
89 84
89 82
89 6
89 85
89 20
89 62
89 33
80 51
80 57
80 59
80 101
80 82
80 85
80 31
100 51
100 57
100 87
100 63
100 84
100 6
100 85
100 47
100 20
100 62
51 87
51 43
51 84
51 82
51 40
51 47
51 119
51 62
12 57
12 59
12 87
12 13
12 43
12 84
12 82
12 40
12 6
57 59
57 87
57 13
57 99
57 117
57 0
57 101
57 38
57 40
57 49
59 87
59 13
59 43
59 0
59 101
59 6
59 85
59 119
59 31
59 60
59 33
87 63
87 38
87 82
87 47
87 61
87 64
13 117
13 114
13 84
13 40
13 31
13 49
13 64
13 62
63 99
63 117
63 6
63 64
63 33
43 0
43 101
43 114
43 40
43 119
43 49
43 64
43 62
99 101
99 82
99 85
99 61
99 49
99 62
99 60
99 33
117 101
117 38
117 114
117 84
117 40
117 6
117 85
117 47
117 31
117 20
0 101
0 114
0 40
0 6
0 62
0 60
101 38
101 84
101 40
101 31
101 49
101 62
38 40
38 85
38 47
38 49
38 62
114 82
114 40
114 20
114 62
114 33
84 82
84 47
84 20
84 64
82 6
82 85
82 47
82 20
40 6
40 85
40 47
40 119
40 31
40 20
40 61
40 64
40 60
6 119
6 61
6 49
6 64
6 62
85 31
85 64
85 33
47 31
47 20
47 60
119 20
119 60
31 64
61 49
61 64
61 60
49 33
64 33
