*verties 104
55
12
86
74
77
66
35
40
91
27
70
52
117
2
110
37
71
49
42
41
99
69
64
95
6
83
76
81
43
16
68
28
94
54
11
75
107
97
32
102
116
44
51
59
13
25
82
47
5
114
24
21
20
84
9
23
17
50
73
80
103
96
118
15
45
100
90
38
65
7
109
46
89
112
53
0
105
39
111
119
26
88
19
48
63
31
101
18
85
1
72
62
113
34
36
33
10
104
93
67
61
115
58
98
*edges 
55 12
55 86
55 74
55 77
55 66
55 35
55 40
55 91
55 27
55 70
55 52
55 117
55 2
55 110
55 37
55 71
55 49
55 42
55 41
55 69
55 95
55 6
55 83
55 76
55 81
55 43
55 16
55 68
55 94
55 54
55 11
55 107
55 97
55 32
55 102
55 116
55 44
55 51
55 13
55 25
55 82
55 5
55 114
55 21
55 20
55 9
55 23
55 17
55 50
55 73
55 80
55 103
55 96
55 118
55 15
55 45
55 100
55 90
55 38
55 65
55 7
55 109
55 46
55 89
55 112
55 53
55 0
55 105
55 39
55 111
55 119
55 26
55 88
55 19
55 48
55 63
55 31
55 101
55 18
55 72
55 62
55 34
55 36
55 33
55 10
55 93
55 67
55 61
55 115
55 58
55 98
12 74
12 77
12 66
12 40
12 91
12 27
12 70
12 117
12 2
12 110
12 37
12 71
12 49
12 42
12 99
12 69
12 64
12 6
12 83
12 76
12 81
12 43
12 16
12 68
12 28
12 94
12 54
12 11
12 75
12 107
12 97
12 32
12 102
12 116
12 44
12 51
12 59
12 13
12 25
12 82
12 47
12 5
12 114
12 24
12 21
12 20
12 84
12 9
12 23
12 17
12 50
12 73
12 80
12 15
12 45
12 100
12 90
12 38
12 7
12 109
12 46
12 89
12 112
12 0
12 105
12 111
12 119
12 88
12 19
12 48
12 63
12 31
12 101
12 18
12 85
12 1
12 72
12 62
12 113
12 34
12 36
12 33
12 10
12 104
12 61
12 58
12 98
86 74
86 77
86 66
86 40
86 91
86 27
86 70
86 52
86 117
86 2
86 37
86 71
86 42
86 41
86 99
86 69
86 64
86 95
86 76
86 81
86 43
86 16
86 94
86 54
86 11
86 107
86 97
86 102
86 116
86 25
86 82
86 47
86 5
86 24
86 21
86 84
86 9
86 23
86 17
86 50
86 73
86 80
86 103
86 96
86 118
86 15
86 45
86 90
86 38
86 65
86 7
86 109
86 46
86 89
86 112
86 0
86 105
86 111
86 119
86 26
86 88
86 19
86 63
86 31
86 101
86 18
86 85
86 1
86 72
86 62
86 33
86 10
86 104
86 93
86 67
86 61
86 115
86 58
86 98
74 77
74 66
74 35
74 40
74 27
74 70
74 52
74 2
74 110
74 37
74 71
74 49
74 42
74 41
74 99
74 69
74 64
74 6
74 83
74 76
74 81
74 16
74 28
74 94
74 54
74 11
74 75
74 107
74 97
74 32
74 102
74 116
74 51
74 59
74 13
74 25
74 82
74 24
74 21
74 20
74 9
74 23
74 50
74 73
74 80
74 103
74 118
74 15
74 45
74 100
74 90
74 38
74 109
74 46
74 89
74 112
74 105
74 39
74 111
74 119
74 26
74 19
74 63
74 31
74 101
74 18
74 85
74 1
74 72
74 62
74 34
74 36
74 33
74 93
74 67
74 61
74 115
74 58
74 98
77 66
77 35
77 40
77 91
77 70
77 117
77 2
77 110
77 37
77 71
77 42
77 41
77 99
77 69
77 64
77 95
77 6
77 76
77 81
77 43
77 16
77 28
77 94
77 75
77 97
77 32
77 116
77 51
77 59
77 25
77 47
77 5
77 114
77 24
77 23
77 17
77 50
77 73
77 80
77 103
77 96
77 118
77 15
77 45
77 100
77 38
77 65
77 7
77 109
77 46
77 89
77 112
77 0
77 105
77 39
77 111
77 119
77 26
77 88
77 63
77 31
77 101
77 18
77 85
77 1
77 72
77 62
77 113
77 34
77 36
77 33
77 10
77 104
77 93
77 115
77 58
77 98
66 35
66 40
66 91
66 27
66 2
66 110
66 71
66 49
66 42
66 41
66 99
66 69
66 64
66 95
66 83
66 76
66 81
66 16
66 68
66 94
66 54
66 11
66 75
66 107
66 97
66 32
66 102
66 116
66 44
66 51
66 25
66 82
66 47
66 5
66 114
66 24
66 20
66 84
66 9
66 23
66 17
66 50
66 73
66 80
66 103
66 96
66 118
66 45
66 100
66 90
66 38
66 65
66 7
66 109
66 46
66 89
66 112
66 105
66 39
66 111
66 119
66 26
66 88
66 48
66 63
66 31
66 101
66 18
66 85
66 1
66 72
66 62
66 113
66 34
66 36
66 33
66 104
66 93
66 67
66 61
66 115
66 58
66 98
35 40
35 91
35 27
35 70
35 52
35 117
35 2
35 110
35 71
35 49
35 42
35 99
35 69
35 64
35 95
35 6
35 83
35 81
35 43
35 16
35 68
35 94
35 54
35 75
35 107
35 32
35 102
35 116
35 59
35 13
35 25
35 82
35 47
35 5
35 114
35 24
35 20
35 84
35 23
35 50
35 73
35 80
35 103
35 96
35 118
35 15
35 45
35 100
35 38
35 7
35 46
35 89
35 112
35 53
35 0
35 105
35 39
35 111
35 119
35 26
35 88
35 48
35 63
35 31
35 18
35 85
35 1
35 72
35 113
35 34
35 36
35 33
35 10
35 61
35 58
40 91
40 27
40 70
40 52
40 2
40 110
40 71
40 49
40 41
40 99
40 69
40 95
40 83
40 76
40 43
40 68
40 54
40 11
40 75
40 107
40 97
40 32
40 102
40 116
40 51
40 59
40 13
40 82
40 5
40 114
40 24
40 21
40 20
40 84
40 9
40 23
40 50
40 73
40 80
40 96
40 45
40 100
40 90
40 38
40 65
40 7
40 109
40 46
40 89
40 112
40 53
40 0
40 105
40 39
40 111
40 119
40 26
40 19
40 48
40 63
40 31
40 101
40 18
40 85
40 1
40 62
40 113
40 34
40 36
40 33
40 10
40 104
40 93
40 67
40 61
40 115
40 58
40 98
91 27
91 52
91 117
91 2
91 49
91 42
91 41
91 99
91 69
91 64
91 95
91 6
91 83
91 76
91 16
91 68
91 28
91 94
91 11
91 75
91 107
91 97
91 32
91 102
91 116
91 44
91 51
91 59
91 25
91 82
91 47
91 5
91 114
91 24
91 21
91 20
91 84
91 23
91 50
91 103
91 96
91 15
91 45
91 100
91 90
91 38
91 65
91 7
91 109
91 46
91 89
91 112
91 0
91 105
91 39
91 111
91 119
91 26
91 88
91 48
91 31
91 101
91 18
91 85
91 1
91 72
91 62
91 36
91 33
91 10
91 93
91 61
91 58
91 98
27 52
27 117
27 2
27 110
27 37
27 71
27 49
27 42
27 41
27 99
27 69
27 64
27 95
27 83
27 76
27 81
27 43
27 16
27 68
27 94
27 54
27 11
27 75
27 107
27 32
27 102
27 116
27 44
27 51
27 82
27 47
27 5
27 114
27 84
27 9
27 23
27 17
27 50
27 80
27 103
27 96
27 15
27 90
27 38
27 65
27 109
27 46
27 112
27 53
27 0
27 105
27 39
27 111
27 88
27 48
27 63
27 31
27 101
27 85
27 1
27 72
27 62
27 113
27 36
27 33
27 10
27 104
27 93
27 67
27 61
27 115
27 98
70 52
70 117
70 2
70 37
70 71
70 49
70 42
70 41
70 99
70 69
70 64
70 6
70 83
70 76
70 81
70 43
70 68
70 28
70 94
70 54
70 107
70 97
70 32
70 102
70 116
70 59
70 25
70 82
70 114
70 24
70 21
70 20
70 84
70 9
70 23
70 17
70 50
70 73
70 80
70 103
70 96
70 118
70 15
70 100
70 90
70 38
70 65
70 109
70 46
70 89
70 0
70 105
70 39
70 111
70 119
70 26
70 88
70 19
70 48
70 31
70 101
70 18
70 85
70 1
70 72
70 62
70 113
70 36
70 104
70 93
70 67
70 61
70 115
70 58
70 98
52 117
52 2
52 110
52 37
52 71
52 42
52 41
52 99
52 64
52 95
52 6
52 83
52 76
52 81
52 43
52 16
52 28
52 94
52 54
52 11
52 107
52 97
52 32
52 102
52 116
52 44
52 51
52 59
52 13
52 25
52 82
52 47
52 5
52 24
52 21
52 20
52 9
52 23
52 17
52 50
52 73
52 80
52 103
52 96
52 118
52 15
52 90
52 65
52 7
52 109
52 46
52 89
52 53
52 0
52 111
52 119
52 26
52 88
52 19
52 48
52 63
52 31
52 101
52 85
52 1
52 72
52 62
52 113
52 34
52 36
52 10
52 104
52 93
52 67
52 61
52 115
52 58
52 98
117 2
117 110
117 37
117 71
117 49
117 42
117 41
117 99
117 64
117 95
117 6
117 76
117 81
117 43
117 16
117 68
117 94
117 54
117 11
117 75
117 107
117 97
117 32
117 102
117 116
117 44
117 51
117 59
117 13
117 25
117 47
117 114
117 21
117 20
117 84
117 9
117 17
117 50
117 73
117 80
117 103
117 96
117 118
117 100
117 90
117 38
117 65
117 109
117 89
117 112
117 53
117 105
117 119
117 26
117 88
117 19
117 48
117 63
117 31
117 101
117 18
117 85
117 1
117 72
117 34
117 33
117 10
117 93
117 67
117 115
117 58
117 98
2 110
2 37
2 49
2 42
2 41
2 99
2 69
2 64
2 95
2 6
2 83
2 76
2 81
2 43
2 16
2 68
2 28
2 94
2 54
2 11
2 75
2 97
2 32
2 102
2 116
2 44
2 59
2 13
2 25
2 82
2 47
2 114
2 24
2 21
2 84
2 9
2 23
2 17
2 50
2 73
2 80
2 103
2 96
2 118
2 15
2 100
2 90
2 38
2 65
2 7
2 109
2 46
2 112
2 53
2 105
2 111
2 119
2 26
2 88
2 19
2 48
2 31
2 18
2 85
2 1
2 113
2 34
2 36
2 33
2 10
2 104
2 93
2 67
2 61
2 115
2 58
2 98
110 71
110 49
110 42
110 41
110 99
110 64
110 95
110 6
110 83
110 76
110 81
110 43
110 68
110 28
110 94
110 54
110 11
110 75
110 97
110 32
110 44
110 51
110 59
110 13
110 25
110 82
110 47
110 5
110 114
110 24
110 20
110 84
110 23
110 17
110 50
110 73
110 103
110 96
110 118
110 15
110 45
110 100
110 90
110 38
110 65
110 7
110 109
110 46
110 53
110 0
110 105
110 39
110 111
110 119
110 26
110 19
110 48
110 63
110 101
110 18
110 1
110 72
110 62
110 34
110 33
110 10
110 104
110 93
110 67
110 61
110 115
110 98
37 99
37 69
37 95
37 6
37 83
37 81
37 43
37 68
37 28
37 94
37 54
37 11
37 75
37 107
37 97
37 32
37 102
37 116
37 44
37 51
37 59
37 25
37 82
37 47
37 5
37 114
37 24
37 21
37 20
37 84
37 9
37 23
37 17
37 50
37 80
37 103
37 96
37 118
37 15
37 45
37 100
37 90
37 38
37 65
37 7
37 109
37 46
37 89
37 112
37 105
37 39
37 111
37 119
37 88
37 19
37 48
37 63
37 31
37 101
37 18
37 1
37 72
37 62
37 113
37 34
37 36
37 33
37 10
37 104
37 93
37 67
37 61
37 115
37 98
71 49
71 42
71 41
71 99
71 69
71 64
71 95
71 6
71 83
71 76
71 43
71 54
71 11
71 107
71 97
71 32
71 102
71 116
71 51
71 59
71 25
71 5
71 114
71 24
71 84
71 9
71 23
71 17
71 50
71 73
71 80
71 103
71 96
71 15
71 45
71 100
71 90
71 38
71 65
71 7
71 109
71 46
71 89
71 112
71 53
71 0
71 105
71 26
71 48
71 63
71 31
71 18
71 1
71 62
71 113
71 34
71 33
71 10
71 93
71 61
71 115
71 58
71 98
49 42
49 99
49 69
49 95
49 83
49 76
49 81
49 43
49 16
49 68
49 28
49 94
49 54
49 11
49 107
49 97
49 32
49 102
49 116
49 51
49 59
49 25
49 47
49 5
49 114
49 24
49 21
49 20
49 17
49 50
49 73
49 80
49 103
49 100
49 65
49 109
49 46
49 112
49 53
49 0
49 105
49 39
49 119
49 26
49 88
49 48
49 63
49 101
49 18
49 85
49 1
49 72
49 62
49 113
49 34
49 36
49 33
49 104
49 93
49 67
49 61
49 115
49 58
49 98
42 99
42 64
42 95
42 6
42 76
42 81
42 43
42 68
42 28
42 94
42 54
42 75
42 32
42 102
42 116
42 44
42 51
42 13
42 25
42 82
42 47
42 5
42 114
42 24
42 21
42 20
42 84
42 9
42 50
42 103
42 96
42 118
42 15
42 45
42 38
42 65
42 7
42 109
42 46
42 89
42 112
42 53
42 105
42 111
42 26
42 88
42 19
42 48
42 31
42 18
42 85
42 1
42 72
42 113
42 34
42 36
42 33
42 10
42 93
42 67
42 61
42 115
42 58
42 98
41 69
41 64
41 95
41 6
41 83
41 76
41 43
41 16
41 68
41 28
41 94
41 54
41 11
41 107
41 97
41 32
41 116
41 44
41 51
41 59
41 13
41 25
41 82
41 47
41 24
41 21
41 20
41 84
41 9
41 23
41 73
41 103
41 96
41 118
41 15
41 45
41 100
41 90
41 65
41 7
41 109
41 46
41 89
41 53
41 0
41 105
41 39
41 111
41 26
41 88
41 48
41 63
41 31
41 101
41 18
41 85
41 72
41 62
41 113
41 36
41 33
41 10
41 104
41 61
41 115
41 98
99 69
99 64
99 95
99 6
99 83
99 76
99 81
99 43
99 16
99 68
99 28
99 94
99 11
99 107
99 97
99 32
99 116
99 44
99 59
99 13
99 25
99 82
99 47
99 5
99 114
99 24
99 21
99 20
99 84
99 9
99 23
99 17
99 50
99 73
99 80
99 103
99 96
99 118
99 45
99 100
99 90
99 38
99 65
99 7
99 109
99 89
99 112
99 53
99 0
99 105
99 39
99 111
99 119
99 26
99 88
99 19
99 48
99 63
99 31
99 101
99 85
99 1
99 72
99 62
99 113
99 34
99 36
99 33
99 104
99 67
99 61
99 115
99 58
99 98
69 64
69 95
69 6
69 83
69 81
69 43
69 16
69 68
69 28
69 94
69 54
69 75
69 107
69 97
69 32
69 102
69 116
69 51
69 13
69 25
69 82
69 47
69 5
69 114
69 24
69 21
69 9
69 23
69 17
69 50
69 80
69 103
69 96
69 45
69 90
69 38
69 65
69 109
69 46
69 89
69 112
69 53
69 0
69 105
69 39
69 111
69 119
69 88
69 19
69 48
69 63
69 101
69 18
69 85
69 1
69 72
69 62
69 113
69 36
69 10
69 104
69 93
69 115
69 58
69 98
64 95
64 6
64 83
64 76
64 81
64 16
64 28
64 94
64 54
64 75
64 107
64 97
64 32
64 116
64 44
64 51
64 59
64 13
64 82
64 47
64 5
64 114
64 24
64 21
64 84
64 9
64 23
64 17
64 50
64 73
64 103
64 15
64 45
64 100
64 90
64 38
64 65
64 7
64 109
64 46
64 89
64 112
64 53
64 0
64 39
64 111
64 119
64 26
64 88
64 19
64 48
64 63
64 101
64 18
64 85
64 1
64 72
64 113
64 34
64 36
64 33
64 10
64 104
64 93
64 61
64 115
64 58
95 6
95 83
95 76
95 81
95 43
95 16
95 68
95 28
95 94
95 54
95 11
95 75
95 107
95 97
95 32
95 102
95 116
95 44
95 59
95 25
95 82
95 5
95 24
95 21
95 20
95 84
95 23
95 17
95 50
95 73
95 80
95 103
95 96
95 118
95 15
95 90
95 38
95 65
95 7
95 109
95 89
95 112
95 53
95 0
95 105
95 39
95 111
95 119
95 26
95 88
95 19
95 48
95 63
95 31
95 18
95 85
95 1
95 72
95 62
95 113
95 34
95 36
95 33
95 10
95 104
95 93
95 67
95 61
95 115
95 98
6 83
6 76
6 81
6 43
6 16
6 68
6 28
6 54
6 107
6 97
6 32
6 102
6 116
6 44
6 59
6 13
6 25
6 82
6 47
6 5
6 114
6 24
6 21
6 84
6 9
6 23
6 17
6 50
6 73
6 80
6 103
6 96
6 118
6 15
6 100
6 90
6 38
6 65
6 7
6 109
6 46
6 112
6 53
6 0
6 39
6 111
6 119
6 26
6 88
6 19
6 48
6 63
6 18
6 85
6 1
6 62
6 113
6 34
6 36
6 33
6 10
6 104
6 93
6 67
6 61
6 115
6 58
83 81
83 43
83 16
83 68
83 28
83 54
83 11
83 75
83 107
83 116
83 44
83 13
83 25
83 82
83 47
83 5
83 24
83 21
83 84
83 9
83 23
83 17
83 50
83 80
83 96
83 118
83 15
83 45
83 100
83 90
83 38
83 65
83 7
83 109
83 46
83 89
83 53
83 0
83 105
83 39
83 111
83 119
83 26
83 88
83 19
83 48
83 31
83 101
83 18
83 85
83 1
83 72
83 62
83 34
83 36
83 33
83 10
83 104
83 93
83 67
83 115
83 98
76 81
76 43
76 68
76 28
76 94
76 54
76 11
76 75
76 107
76 97
76 102
76 44
76 51
76 59
76 13
76 25
76 82
76 47
76 5
76 114
76 24
76 21
76 20
76 9
76 23
76 50
76 73
76 103
76 118
76 15
76 45
76 100
76 90
76 65
76 7
76 46
76 89
76 112
76 53
76 0
76 105
76 111
76 119
76 26
76 88
76 19
76 63
76 31
76 101
76 18
76 85
76 1
76 72
76 62
76 34
76 36
76 33
76 104
76 115
76 98
81 43
81 16
81 68
81 28
81 94
81 54
81 11
81 75
81 107
81 32
81 102
81 44
81 51
81 59
81 13
81 25
81 5
81 114
81 21
81 84
81 9
81 23
81 17
81 50
81 80
81 103
81 96
81 118
81 15
81 45
81 100
81 90
81 65
81 7
81 109
81 46
81 89
81 112
81 53
81 0
81 39
81 111
81 119
81 26
81 88
81 48
81 63
81 31
81 101
81 18
81 85
81 1
81 62
81 113
81 34
81 36
81 33
81 104
81 93
81 67
81 61
81 115
81 98
43 16
43 68
43 28
43 94
43 75
43 107
43 97
43 32
43 102
43 44
43 59
43 13
43 82
43 5
43 114
43 24
43 21
43 20
43 84
43 9
43 23
43 17
43 50
43 80
43 103
43 96
43 118
43 15
43 100
43 90
43 38
43 7
43 46
43 89
43 112
43 53
43 0
43 105
43 39
43 111
43 119
43 19
43 48
43 63
43 101
43 18
43 1
43 72
43 62
43 113
43 34
43 36
43 33
43 104
43 93
43 61
43 115
43 98
16 68
16 28
16 94
16 54
16 11
16 75
16 107
16 97
16 32
16 102
16 116
16 59
16 25
16 82
16 47
16 5
16 114
16 24
16 20
16 84
16 9
16 23
16 17
16 50
16 73
16 103
16 96
16 118
16 45
16 100
16 90
16 38
16 65
16 7
16 46
16 89
16 112
16 53
16 0
16 105
16 39
16 111
16 119
16 26
16 88
16 19
16 48
16 63
16 101
16 18
16 85
16 1
16 72
16 62
16 33
16 104
16 93
16 61
16 115
16 98
68 54
68 75
68 107
68 32
68 102
68 116
68 44
68 51
68 13
68 25
68 82
68 47
68 5
68 114
68 24
68 21
68 84
68 9
68 23
68 50
68 80
68 103
68 96
68 118
68 15
68 45
68 100
68 38
68 65
68 109
68 53
68 0
68 39
68 111
68 119
68 26
68 88
68 48
68 63
68 31
68 101
68 1
68 113
68 34
68 36
68 33
68 10
68 104
68 93
68 67
68 61
68 115
68 58
68 98
28 94
28 11
28 75
28 107
28 97
28 102
28 116
28 44
28 51
28 59
28 13
28 82
28 47
28 5
28 114
28 24
28 21
28 9
28 23
28 17
28 50
28 73
28 80
28 96
28 118
28 45
28 38
28 65
28 7
28 109
28 89
28 112
28 0
28 105
28 39
28 111
28 119
28 26
28 88
28 19
28 48
28 63
28 31
28 101
28 18
28 85
28 1
28 62
28 113
28 33
28 10
28 93
28 67
28 61
28 115
28 58
28 98
94 11
94 75
94 107
94 97
94 102
94 44
94 51
94 59
94 13
94 25
94 5
94 24
94 21
94 20
94 84
94 9
94 23
94 17
94 50
94 103
94 96
94 118
94 15
94 45
94 100
94 90
94 38
94 7
94 109
94 46
94 89
94 112
94 53
94 0
94 105
94 39
94 111
94 119
94 26
94 19
94 48
94 63
94 31
94 101
94 18
94 85
94 1
94 34
94 36
94 33
94 10
94 104
94 93
94 67
94 115
94 98
54 11
54 75
54 107
54 97
54 32
54 102
54 116
54 44
54 51
54 59
54 13
54 25
54 47
54 5
54 114
54 21
54 20
54 84
54 9
54 23
54 17
54 50
54 73
54 80
54 103
54 96
54 118
54 15
54 45
54 100
54 90
54 38
54 65
54 7
54 109
54 46
54 89
54 112
54 0
54 105
54 111
54 19
54 48
54 31
54 101
54 85
54 1
54 72
54 62
54 113
54 34
54 36
54 33
54 10
54 104
54 93
54 67
54 61
54 115
54 58
54 98
11 75
11 107
11 97
11 32
11 102
11 44
11 51
11 59
11 25
11 82
11 47
11 5
11 114
11 24
11 21
11 20
11 84
11 9
11 17
11 50
11 80
11 103
11 96
11 118
11 15
11 45
11 90
11 65
11 7
11 109
11 46
11 0
11 105
11 39
11 111
11 119
11 26
11 88
11 19
11 48
11 31
11 101
11 18
11 85
11 1
11 72
11 62
11 113
11 34
11 33
11 10
11 104
11 93
11 67
11 61
11 115
11 58
11 98
75 107
75 97
75 32
75 102
75 116
75 44
75 51
75 59
75 13
75 25
75 82
75 47
75 5
75 114
75 20
75 84
75 9
75 23
75 17
75 50
75 80
75 96
75 118
75 15
75 45
75 100
75 90
75 38
75 65
75 7
75 109
75 46
75 89
75 53
75 0
75 105
75 39
75 111
75 88
75 48
75 63
75 31
75 101
75 18
75 85
75 1
75 72
75 62
75 113
75 34
75 36
75 10
75 67
75 61
75 58
75 98
107 97
107 32
107 102
107 116
107 51
107 13
107 25
107 47
107 5
107 114
107 21
107 20
107 84
107 9
107 23
107 17
107 50
107 73
107 80
107 103
107 96
107 45
107 100
107 65
107 7
107 109
107 46
107 112
107 53
107 0
107 105
107 111
107 119
107 26
107 88
107 19
107 48
107 63
107 31
107 101
107 18
107 85
107 72
107 62
107 113
107 36
107 33
107 10
107 104
107 93
107 67
107 115
107 58
107 98
97 32
97 102
97 116
97 59
97 13
97 82
97 47
97 114
97 24
97 21
97 9
97 23
97 17
97 50
97 73
97 80
97 103
97 96
97 118
97 100
97 90
97 38
97 65
97 109
97 46
97 89
97 53
97 0
97 105
97 39
97 111
97 119
97 26
97 88
97 19
97 48
97 63
97 31
97 101
97 18
97 85
97 1
97 72
97 62
97 113
97 34
97 36
97 33
97 10
97 104
97 67
97 61
97 115
97 58
97 98
32 102
32 116
32 51
32 59
32 13
32 25
32 5
32 114
32 24
32 21
32 20
32 84
32 9
32 23
32 17
32 73
32 118
32 15
32 45
32 100
32 90
32 38
32 65
32 7
32 109
32 112
32 53
32 0
32 119
32 26
32 88
32 48
32 85
32 1
32 62
32 113
32 34
32 36
32 33
32 10
32 104
32 93
32 67
32 61
32 115
32 58
32 98
102 116
102 44
102 51
102 5
102 114
102 24
102 21
102 20
102 17
102 73
102 80
102 103
102 118
102 15
102 45
102 100
102 90
102 38
102 7
102 109
102 46
102 89
102 112
102 53
102 0
102 105
102 119
102 26
102 88
102 19
102 48
102 63
102 31
102 18
102 85
102 1
102 72
102 113
102 33
102 104
102 93
102 61
102 115
102 58
116 44
116 51
116 13
116 25
116 47
116 5
116 114
116 24
116 21
116 20
116 9
116 23
116 17
116 80
116 103
116 96
116 118
116 15
116 45
116 100
116 90
116 38
116 65
116 7
116 46
116 112
116 53
116 0
116 105
116 39
116 111
116 119
116 26
116 88
116 19
116 48
116 31
116 101
116 18
116 85
116 1
116 72
116 62
116 113
116 34
116 36
116 33
116 10
116 104
116 93
116 67
116 61
116 115
116 58
116 98
44 59
44 13
44 25
44 82
44 5
44 114
44 20
44 84
44 9
44 23
44 17
44 50
44 73
44 80
44 103
44 96
44 118
44 15
44 45
44 100
44 90
44 38
44 65
44 7
44 109
44 46
44 89
44 112
44 53
44 0
44 105
44 39
44 111
44 119
44 26
44 88
44 19
44 48
44 31
44 101
44 18
44 85
44 1
44 113
44 34
44 36
44 10
44 93
44 67
44 61
44 115
44 58
44 98
51 59
51 13
51 82
51 47
51 5
51 114
51 24
51 21
51 84
51 23
51 17
51 50
51 80
51 103
51 118
51 15
51 45
51 100
51 90
51 65
51 7
51 46
51 89
51 112
51 53
51 0
51 105
51 39
51 111
51 119
51 26
51 88
51 19
51 48
51 63
51 31
51 18
51 85
51 1
51 72
51 62
51 113
51 34
51 10
51 104
51 93
51 67
51 115
51 58
51 98
59 13
59 20
59 84
59 9
59 23
59 17
59 50
59 73
59 80
59 103
59 96
59 118
59 15
59 45
59 90
59 38
59 7
59 109
59 53
59 105
59 39
59 111
59 119
59 26
59 48
59 63
59 31
59 101
59 18
59 85
59 1
59 72
59 62
59 113
59 34
59 36
59 33
59 10
59 104
59 93
59 67
59 61
59 98
13 25
13 82
13 5
13 114
13 21
13 20
13 84
13 9
13 17
13 73
13 96
13 118
13 15
13 45
13 100
13 90
13 38
13 65
13 7
13 109
13 46
13 89
13 112
13 0
13 39
13 119
13 26
13 88
13 48
13 63
13 101
13 18
13 85
13 1
13 72
13 113
13 34
13 36
13 10
13 104
13 67
13 61
13 115
13 98
25 82
25 5
25 114
25 21
25 84
25 9
25 23
25 17
25 50
25 73
25 103
25 96
25 118
25 15
25 100
25 90
25 38
25 65
25 109
25 46
25 89
25 112
25 53
25 0
25 105
25 39
25 111
25 119
25 88
25 19
25 48
25 63
25 18
25 85
25 1
25 72
25 62
25 113
25 34
25 10
25 67
25 61
25 115
25 58
25 98
82 47
82 5
82 114
82 24
82 21
82 84
82 9
82 23
82 17
82 50
82 73
82 80
82 103
82 96
82 118
82 15
82 100
82 90
82 65
82 109
82 46
82 89
82 53
82 105
82 111
82 119
82 26
82 88
82 19
82 48
82 63
82 31
82 101
82 18
82 85
82 72
82 62
82 113
82 34
82 36
82 33
82 104
82 67
82 61
82 115
82 58
82 98
47 5
47 114
47 24
47 21
47 20
47 84
47 9
47 23
47 50
47 73
47 80
47 103
47 96
47 15
47 45
47 100
47 90
47 38
47 65
47 7
47 109
47 46
47 89
47 112
47 53
47 0
47 111
47 119
47 26
47 88
47 19
47 48
47 63
47 101
47 18
47 1
47 72
47 62
47 34
47 36
47 33
47 10
47 104
47 93
47 67
47 61
47 115
47 58
47 98
5 114
5 24
5 21
5 84
5 9
5 23
5 73
5 80
5 103
5 118
5 15
5 45
5 100
5 90
5 38
5 65
5 46
5 0
5 105
5 39
5 111
5 119
5 88
5 19
5 48
5 63
5 31
5 101
5 18
5 85
5 1
5 72
5 113
5 36
5 33
5 10
5 104
5 93
5 67
5 61
5 115
5 98
114 21
114 20
114 23
114 17
114 50
114 80
114 103
114 118
114 15
114 100
114 38
114 7
114 109
114 46
114 89
114 112
114 53
114 0
114 105
114 39
114 111
114 119
114 26
114 88
114 19
114 48
114 63
114 101
114 18
114 85
114 1
114 72
114 62
114 113
114 34
114 36
114 33
114 10
114 104
114 93
114 67
114 115
114 58
114 98
24 21
24 20
24 84
24 9
24 23
24 50
24 73
24 80
24 103
24 96
24 118
24 15
24 45
24 90
24 38
24 65
24 7
24 109
24 46
24 89
24 112
24 53
24 105
24 39
24 111
24 119
24 26
24 88
24 48
24 63
24 31
24 101
24 18
24 85
24 1
24 72
24 62
24 113
24 34
24 36
24 10
24 104
24 93
24 67
24 61
24 115
24 58
24 98
21 20
21 84
21 9
21 23
21 17
21 50
21 80
21 103
21 96
21 118
21 15
21 100
21 90
21 38
21 7
21 109
21 46
21 89
21 53
21 0
21 105
21 39
21 111
21 26
21 88
21 19
21 48
21 101
21 18
21 1
21 72
21 62
21 34
21 36
21 10
21 93
21 67
21 115
21 58
21 98
20 9
20 23
20 17
20 50
20 73
20 80
20 103
20 96
20 118
20 15
20 45
20 100
20 90
20 38
20 65
20 7
20 109
20 46
20 89
20 112
20 53
20 0
20 105
20 39
20 111
20 119
20 26
20 48
20 31
20 101
20 18
20 85
20 1
20 72
20 113
20 34
20 33
20 104
20 93
20 115
20 98
84 9
84 23
84 50
84 73
84 80
84 96
84 118
84 45
84 100
84 90
84 7
84 109
84 89
84 112
84 53
84 0
84 105
84 39
84 111
84 88
84 48
84 31
84 101
84 18
84 85
84 1
84 72
84 113
84 34
84 33
84 104
84 93
84 67
84 61
84 115
84 58
84 98
9 73
9 80
9 103
9 15
9 45
9 100
9 90
9 38
9 65
9 7
9 109
9 46
9 89
9 112
9 105
9 39
9 111
9 119
9 26
9 88
9 48
9 31
9 101
9 1
9 72
9 62
9 113
9 34
9 33
9 10
9 93
9 61
9 115
9 98
23 17
23 50
23 73
23 80
23 103
23 96
23 15
23 45
23 100
23 90
23 38
23 65
23 7
23 109
23 53
23 105
23 39
23 111
23 119
23 26
23 88
23 19
23 48
23 31
23 101
23 18
23 1
23 72
23 62
23 113
23 36
23 33
23 10
23 104
23 93
23 67
23 61
23 58
23 98
17 73
17 80
17 96
17 118
17 15
17 45
17 100
17 90
17 7
17 109
17 89
17 112
17 53
17 0
17 105
17 39
17 119
17 26
17 88
17 19
17 48
17 63
17 31
17 101
17 18
17 1
17 72
17 113
17 34
17 36
17 33
17 10
17 104
17 93
17 67
17 61
17 115
17 58
50 73
50 80
50 103
50 118
50 15
50 45
50 100
50 90
50 38
50 65
50 7
50 109
50 89
50 112
50 53
50 0
50 105
50 39
50 111
50 119
50 19
50 48
50 31
50 101
50 18
50 1
50 72
50 62
50 113
50 34
50 33
50 104
50 115
73 80
73 96
73 118
73 15
73 45
73 100
73 38
73 65
73 7
73 89
73 53
73 39
73 111
73 119
73 88
73 19
73 48
73 63
73 31
73 101
73 85
73 72
73 62
73 113
73 34
73 36
73 33
73 10
73 104
73 93
73 67
73 61
73 115
73 58
73 98
80 103
80 118
80 15
80 100
80 90
80 38
80 65
80 109
80 46
80 89
80 112
80 53
80 0
80 105
80 39
80 111
80 119
80 26
80 88
80 19
80 48
80 63
80 31
80 101
80 18
80 1
80 72
80 62
80 34
80 36
80 33
80 10
80 104
80 93
80 67
80 61
80 115
80 58
80 98
103 118
103 15
103 100
103 90
103 38
103 65
103 7
103 109
103 46
103 89
103 53
103 0
103 39
103 119
103 26
103 19
103 48
103 63
103 31
103 101
103 18
103 85
103 1
103 72
103 62
103 113
103 34
103 36
103 33
103 10
103 104
103 67
103 61
103 115
103 58
103 98
96 118
96 15
96 45
96 100
96 90
96 38
96 65
96 7
96 46
96 89
96 112
96 53
96 0
96 105
96 39
96 111
96 26
96 88
96 19
96 48
96 63
96 31
96 101
96 18
96 85
96 1
96 72
96 62
96 113
96 34
96 36
96 33
96 104
96 93
96 67
96 61
96 115
96 98
118 15
118 45
118 90
118 38
118 65
118 7
118 109
118 89
118 112
118 53
118 0
118 105
118 39
118 111
118 119
118 26
118 48
118 63
118 31
118 101
118 18
118 85
118 1
118 113
118 36
118 33
118 10
118 104
118 93
118 67
118 61
118 115
118 58
118 98
15 45
15 90
15 65
15 7
15 109
15 46
15 89
15 112
15 53
15 0
15 105
15 39
15 119
15 26
15 88
15 48
15 63
15 31
15 101
15 18
15 85
15 1
15 72
15 62
15 113
15 34
15 36
15 10
15 104
15 93
15 67
15 61
15 115
15 58
15 98
45 100
45 90
45 38
45 65
45 7
45 109
45 46
45 89
45 53
45 0
45 105
45 39
45 111
45 26
45 88
45 19
45 48
45 63
45 31
45 101
45 18
45 1
45 72
45 113
45 34
45 36
45 33
45 10
45 104
45 93
45 67
45 61
45 115
45 98
100 90
100 65
100 7
100 109
100 46
100 89
100 53
100 39
100 111
100 26
100 88
100 19
100 63
100 31
100 101
100 85
100 1
100 72
100 62
100 113
100 34
100 36
100 10
100 104
100 93
100 67
100 58
100 98
90 38
90 65
90 7
90 109
90 46
90 89
90 112
90 53
90 0
90 105
90 39
90 111
90 119
90 26
90 88
90 48
90 31
90 101
90 18
90 85
90 62
90 113
90 34
90 36
90 33
90 10
90 104
90 93
90 67
90 115
90 58
38 65
38 109
38 46
38 89
38 112
38 53
38 39
38 111
38 119
38 26
38 18
38 85
38 1
38 72
38 62
38 113
38 34
38 36
38 33
38 10
38 104
38 93
38 67
38 61
38 58
38 98
65 7
65 109
65 46
65 89
65 112
65 53
65 0
65 105
65 39
65 111
65 119
65 26
65 88
65 19
65 48
65 63
65 101
65 18
65 85
65 1
65 72
65 62
65 113
65 34
65 36
65 33
65 10
65 67
65 61
65 115
65 58
7 109
7 46
7 112
7 53
7 0
7 105
7 39
7 111
7 119
7 26
7 88
7 48
7 63
7 31
7 101
7 85
7 1
7 72
7 62
7 113
7 34
7 36
7 33
7 10
7 104
7 93
7 67
7 61
7 58
7 98
109 89
109 112
109 53
109 0
109 39
109 111
109 119
109 26
109 88
109 19
109 48
109 31
109 18
109 1
109 72
109 62
109 113
109 34
109 10
109 104
109 93
109 67
109 61
109 115
109 58
109 98
46 89
46 112
46 53
46 0
46 105
46 39
46 111
46 119
46 26
46 88
46 19
46 48
46 63
46 31
46 101
46 18
46 1
46 72
46 36
46 33
46 10
46 104
46 93
46 67
46 61
46 115
46 98
89 112
89 53
89 0
89 105
89 39
89 111
89 119
89 48
89 31
89 101
89 18
89 85
89 1
89 72
89 62
89 113
89 34
89 36
89 33
89 10
89 104
89 93
89 67
89 61
89 115
89 58
89 98
112 53
112 0
112 105
112 39
112 111
112 119
112 26
112 88
112 19
112 63
112 31
112 101
112 18
112 85
112 72
112 113
112 34
112 36
112 33
112 10
112 104
112 93
112 67
112 115
112 58
112 98
53 0
53 105
53 119
53 26
53 88
53 19
53 48
53 63
53 101
53 18
53 1
53 72
53 62
53 34
53 36
53 33
53 10
53 104
53 93
53 67
53 61
53 58
53 98
0 105
0 111
0 119
0 88
0 19
0 48
0 63
0 18
0 85
0 1
0 72
0 62
0 34
0 36
0 10
0 104
0 93
0 67
0 61
0 98
105 39
105 119
105 26
105 88
105 19
105 48
105 63
105 31
105 101
105 18
105 85
105 1
105 72
105 62
105 113
105 34
105 36
105 33
105 10
105 104
105 93
105 67
105 61
105 115
105 58
105 98
39 111
39 119
39 26
39 88
39 19
39 48
39 31
39 101
39 18
39 85
39 1
39 72
39 62
39 113
39 34
39 36
39 33
39 10
39 104
39 93
39 67
39 61
39 98
111 119
111 19
111 48
111 63
111 31
111 101
111 18
111 85
111 1
111 72
111 62
111 113
111 34
111 36
111 33
111 10
111 104
111 93
111 61
111 115
111 58
111 98
119 88
119 19
119 48
119 63
119 101
119 18
119 72
119 62
119 113
119 34
119 36
119 33
119 10
119 104
119 93
119 67
119 61
119 115
119 58
119 98
26 88
26 19
26 48
26 31
26 18
26 85
26 1
26 72
26 113
26 34
26 33
26 10
26 104
26 67
26 61
26 115
26 58
26 98
88 19
88 48
88 63
88 31
88 101
88 85
88 1
88 62
88 113
88 34
88 36
88 33
88 93
88 67
88 61
88 58
19 48
19 63
19 31
19 101
19 85
19 1
19 72
19 62
19 113
19 34
19 36
19 33
19 104
19 93
19 67
19 61
19 115
19 58
19 98
48 63
48 31
48 101
48 18
48 85
48 62
48 113
48 36
48 33
48 10
48 93
48 67
48 115
48 58
63 31
63 101
63 18
63 85
63 1
63 72
63 62
63 113
63 34
63 33
63 104
63 93
63 67
63 61
63 115
63 58
63 98
31 101
31 18
31 85
31 1
31 72
31 62
31 113
31 34
31 36
31 10
31 104
31 93
31 115
31 98
101 85
101 1
101 62
101 113
101 36
101 33
101 104
101 93
101 61
101 115
101 58
101 98
18 85
18 1
18 72
18 62
18 113
18 34
18 10
18 104
18 93
18 67
18 61
18 115
18 98
85 1
85 113
85 34
85 33
85 10
85 104
85 93
85 67
85 61
85 115
85 98
1 72
1 62
1 34
1 36
1 10
1 104
1 93
1 61
1 115
1 58
1 98
72 113
72 34
72 36
72 33
72 10
72 104
72 67
72 115
72 98
62 113
62 36
62 10
62 104
62 93
62 67
62 61
62 115
62 58
62 98
113 34
113 36
113 33
113 10
113 104
113 115
113 58
113 98
34 36
34 33
34 10
34 104
34 93
34 67
34 61
34 98
36 33
36 104
36 93
36 67
36 61
36 115
36 58
33 104
33 93
33 67
33 61
33 115
33 98
10 104
10 93
10 61
10 115
10 58
10 98
104 67
104 61
104 115
104 58
104 98
93 61
93 115
93 58
67 61
67 115
67 58
67 98
61 115
61 58
115 58
115 98
58 98
