*verties 101
59
99
65
25
14
48
73
107
7
61
88
2
97
12
17
95
9
104
41
79
57
89
60
87
80
51
18
70
31
50
108
49
32
84
11
44
117
93
24
19
110
39
13
23
37
21
68
83
90
74
10
5
106
105
109
103
30
100
96
27
92
78
52
36
43
16
81
66
69
45
56
102
113
94
112
101
75
54
1
3
35
116
71
76
40
85
86
111
82
72
118
119
8
34
63
29
33
98
77
15
67
*edges 
59 99
59 65
59 48
59 73
59 107
59 2
59 97
59 12
59 95
59 9
59 104
59 79
59 57
59 87
59 51
59 18
59 31
59 50
59 108
59 49
59 32
59 11
59 44
59 117
59 24
59 19
59 110
59 39
59 23
59 74
59 10
59 5
59 106
59 105
59 109
59 103
59 100
59 96
59 27
59 92
59 78
59 52
59 43
59 16
59 66
59 69
59 45
59 113
59 112
59 101
59 54
59 1
59 3
59 35
59 116
59 71
59 76
59 85
59 72
59 118
59 119
59 8
59 63
59 29
59 33
59 98
59 77
59 15
99 65
99 48
99 73
99 107
99 88
99 17
99 95
99 9
99 41
99 79
99 57
99 89
99 87
99 80
99 70
99 49
99 84
99 11
99 44
99 117
99 93
99 24
99 13
99 23
99 37
99 83
99 90
99 74
99 5
99 109
99 30
99 100
99 96
99 92
99 52
99 36
99 66
99 56
99 102
99 113
99 94
99 112
99 101
99 54
99 1
99 3
99 35
99 71
99 76
99 85
99 86
99 111
99 82
99 119
99 34
99 63
99 33
99 98
99 77
65 14
65 7
65 88
65 97
65 12
65 17
65 95
65 104
65 79
65 57
65 89
65 60
65 80
65 18
65 70
65 31
65 49
65 32
65 84
65 11
65 24
65 110
65 39
65 23
65 68
65 90
65 74
65 5
65 106
65 109
65 30
65 96
65 27
65 92
65 78
65 52
65 36
65 66
65 69
65 45
65 113
65 112
65 101
65 1
65 116
65 71
65 40
65 85
65 86
65 82
65 119
65 8
65 29
65 15
65 67
25 14
25 73
25 7
25 61
25 88
25 97
25 12
25 17
25 95
25 104
25 41
25 60
25 87
25 80
25 18
25 70
25 50
25 108
25 32
25 84
25 11
25 44
25 117
25 93
25 24
25 110
25 39
25 13
25 23
25 21
25 68
25 83
25 90
25 10
25 106
25 103
25 30
25 96
25 92
25 78
25 52
25 36
25 43
25 81
25 56
25 102
25 94
25 112
25 101
25 75
25 35
25 85
25 86
25 111
25 82
25 72
25 8
25 34
25 33
25 98
25 15
25 67
14 73
14 107
14 7
14 88
14 12
14 17
14 95
14 9
14 104
14 41
14 79
14 57
14 89
14 60
14 87
14 80
14 70
14 31
14 50
14 32
14 44
14 93
14 24
14 39
14 23
14 37
14 21
14 68
14 83
14 90
14 74
14 10
14 5
14 109
14 103
14 30
14 92
14 36
14 43
14 16
14 81
14 94
14 101
14 54
14 3
14 40
14 85
14 86
14 8
14 34
14 63
14 33
14 98
14 77
14 15
14 67
48 107
48 7
48 61
48 88
48 2
48 17
48 41
48 79
48 89
48 70
48 31
48 108
48 84
48 11
48 44
48 19
48 110
48 13
48 23
48 68
48 90
48 74
48 105
48 109
48 103
48 27
48 92
48 78
48 36
48 43
48 81
48 66
48 45
48 56
48 113
48 94
48 112
48 54
48 1
48 3
48 116
48 76
48 85
48 86
48 111
48 82
48 118
48 119
48 8
48 34
48 63
48 29
48 98
48 15
48 67
73 61
73 97
73 12
73 17
73 95
73 104
73 41
73 89
73 60
73 87
73 80
73 51
73 18
73 70
73 31
73 50
73 108
73 49
73 84
73 11
73 93
73 24
73 110
73 23
73 37
73 90
73 74
73 5
73 105
73 109
73 103
73 100
73 96
73 27
73 92
73 78
73 52
73 36
73 81
73 66
73 45
73 56
73 113
73 94
73 112
73 101
73 75
73 54
73 1
73 3
73 116
73 85
73 111
73 82
73 118
73 119
73 8
73 34
73 63
73 29
73 33
73 15
73 67
107 7
107 2
107 97
107 12
107 9
107 104
107 41
107 60
107 87
107 51
107 70
107 50
107 49
107 32
107 84
107 44
107 117
107 24
107 19
107 110
107 39
107 23
107 37
107 21
107 83
107 10
107 105
107 30
107 100
107 27
107 92
107 78
107 36
107 16
107 66
107 69
107 45
107 56
107 102
107 113
107 112
107 101
107 75
107 54
107 35
107 116
107 71
107 76
107 40
107 72
107 118
107 8
107 29
107 33
107 77
107 15
107 67
7 88
7 2
7 97
7 17
7 104
7 41
7 79
7 89
7 87
7 51
7 18
7 31
7 50
7 49
7 32
7 44
7 117
7 24
7 13
7 23
7 37
7 68
7 90
7 74
7 10
7 5
7 105
7 103
7 27
7 78
7 52
7 36
7 16
7 69
7 94
7 112
7 101
7 54
7 3
7 35
7 116
7 71
7 76
7 40
7 85
7 86
7 111
7 82
7 72
7 8
7 63
7 29
7 33
7 15
7 67
61 88
61 2
61 12
61 95
61 9
61 104
61 41
61 57
61 60
61 80
61 51
61 70
61 50
61 49
61 32
61 11
61 44
61 117
61 24
61 13
61 37
61 68
61 74
61 10
61 106
61 105
61 103
61 100
61 96
61 27
61 92
61 78
61 52
61 36
61 66
61 69
61 56
61 102
61 113
61 94
61 112
61 1
61 3
61 35
61 71
61 86
61 111
61 82
61 72
61 8
61 33
61 77
88 97
88 12
88 17
88 9
88 41
88 79
88 57
88 89
88 80
88 51
88 31
88 50
88 108
88 32
88 117
88 93
88 19
88 110
88 39
88 13
88 21
88 68
88 10
88 5
88 105
88 103
88 100
88 96
88 92
88 36
88 43
88 16
88 81
88 66
88 69
88 56
88 102
88 113
88 94
88 112
88 75
88 54
88 3
88 71
88 40
88 86
88 111
88 118
88 8
88 29
88 98
88 77
2 97
2 12
2 95
2 9
2 41
2 57
2 89
2 60
2 80
2 70
2 50
2 108
2 49
2 44
2 117
2 93
2 19
2 110
2 39
2 13
2 23
2 37
2 68
2 90
2 74
2 5
2 106
2 105
2 109
2 103
2 100
2 27
2 78
2 52
2 36
2 43
2 81
2 66
2 69
2 45
2 56
2 102
2 113
2 94
2 101
2 54
2 3
2 35
2 71
2 111
2 72
2 118
2 34
2 63
2 29
2 33
2 77
2 15
2 67
97 12
97 104
97 79
97 57
97 60
97 87
97 80
97 51
97 31
97 108
97 49
97 84
97 11
97 117
97 19
97 110
97 39
97 37
97 83
97 90
97 74
97 5
97 109
97 103
97 100
97 96
97 27
97 92
97 78
97 52
97 36
97 16
97 66
97 69
97 102
97 54
97 1
97 35
97 116
97 71
97 86
97 111
97 72
97 118
97 119
97 8
97 34
97 29
97 98
97 77
97 67
12 17
12 95
12 104
12 41
12 79
12 57
12 60
12 87
12 80
12 18
12 70
12 31
12 50
12 108
12 49
12 32
12 11
12 44
12 93
12 110
12 37
12 90
12 74
12 5
12 105
12 109
12 103
12 100
12 96
12 92
12 78
12 52
12 36
12 43
12 16
12 81
12 45
12 56
12 102
12 101
12 75
12 54
12 1
12 3
12 76
12 40
12 85
12 111
12 82
12 118
12 34
12 29
12 33
12 98
12 15
17 95
17 9
17 104
17 51
17 31
17 108
17 32
17 11
17 44
17 93
17 19
17 110
17 39
17 13
17 23
17 37
17 68
17 83
17 90
17 74
17 10
17 106
17 109
17 103
17 96
17 27
17 92
17 78
17 36
17 43
17 16
17 66
17 69
17 45
17 56
17 102
17 112
17 101
17 75
17 54
17 3
17 116
17 71
17 76
17 85
17 82
17 72
17 34
17 63
17 33
17 98
17 77
17 15
17 67
95 9
95 104
95 41
95 79
95 57
95 60
95 80
95 70
95 11
95 117
95 93
95 24
95 13
95 23
95 21
95 83
95 74
95 106
95 105
95 109
95 100
95 96
95 27
95 78
95 36
95 16
95 66
95 45
95 56
95 113
95 94
95 101
95 1
95 3
95 116
95 71
95 76
95 85
95 86
95 111
95 82
95 119
95 8
95 34
95 29
95 98
95 77
9 104
9 41
9 79
9 57
9 60
9 80
9 51
9 18
9 31
9 108
9 49
9 32
9 84
9 11
9 44
9 117
9 93
9 24
9 110
9 13
9 23
9 68
9 90
9 74
9 10
9 5
9 106
9 105
9 109
9 103
9 92
9 43
9 16
9 69
9 56
9 113
9 94
9 101
9 75
9 1
9 3
9 35
9 116
9 111
9 119
9 8
9 63
9 29
9 33
9 98
9 15
9 67
104 89
104 87
104 80
104 51
104 70
104 31
104 50
104 11
104 44
104 93
104 24
104 19
104 23
104 68
104 90
104 74
104 5
104 106
104 105
104 103
104 30
104 100
104 96
104 92
104 78
104 52
104 36
104 43
104 81
104 69
104 112
104 101
104 75
104 54
104 3
104 35
104 116
104 86
104 111
104 82
104 72
104 118
104 119
104 8
104 63
104 29
104 98
104 77
41 79
41 57
41 60
41 87
41 80
41 51
41 18
41 70
41 50
41 49
41 84
41 11
41 44
41 19
41 110
41 21
41 68
41 83
41 90
41 74
41 10
41 5
41 106
41 105
41 103
41 30
41 100
41 92
41 52
41 36
41 43
41 16
41 66
41 69
41 45
41 56
41 102
41 112
41 54
41 1
41 76
41 85
41 82
41 72
41 118
41 119
41 8
41 63
41 29
41 33
41 98
41 77
41 15
79 57
79 89
79 60
79 80
79 51
79 18
79 49
79 84
79 44
79 19
79 39
79 13
79 23
79 37
79 68
79 90
79 74
79 10
79 5
79 106
79 109
79 96
79 27
79 36
79 43
79 16
79 81
79 75
79 3
79 116
79 71
79 76
79 40
79 85
79 82
79 118
79 34
79 63
79 33
79 98
79 77
57 89
57 60
57 87
57 51
57 18
57 70
57 50
57 108
57 49
57 32
57 44
57 117
57 93
57 24
57 19
57 39
57 83
57 74
57 5
57 105
57 109
57 103
57 100
57 96
57 27
57 92
57 52
57 36
57 16
57 81
57 66
57 69
57 56
57 113
57 94
57 54
57 1
57 116
57 85
57 111
57 82
57 72
57 119
57 8
57 34
57 63
57 29
57 98
57 67
89 87
89 70
89 31
89 50
89 49
89 32
89 11
89 44
89 93
89 19
89 23
89 37
89 21
89 68
89 83
89 90
89 10
89 106
89 105
89 109
89 103
89 30
89 27
89 92
89 36
89 16
89 81
89 69
89 56
89 94
89 101
89 3
89 116
89 71
89 76
89 40
89 82
89 72
89 118
89 119
89 34
89 63
89 67
60 87
60 80
60 51
60 31
60 49
60 84
60 11
60 44
60 117
60 24
60 19
60 110
60 39
60 23
60 21
60 90
60 5
60 106
60 109
60 103
60 30
60 100
60 92
60 52
60 81
60 66
60 45
60 56
60 102
60 94
60 112
60 101
60 35
60 116
60 71
60 40
60 118
60 8
60 63
60 29
60 33
60 98
60 15
87 51
87 18
87 70
87 31
87 108
87 32
87 84
87 11
87 117
87 93
87 24
87 110
87 39
87 13
87 21
87 68
87 74
87 5
87 105
87 109
87 100
87 96
87 27
87 92
87 78
87 43
87 16
87 81
87 66
87 69
87 45
87 56
87 102
87 113
87 94
87 112
87 54
87 3
87 35
87 71
87 76
87 40
87 86
87 111
87 72
87 8
87 63
87 29
87 98
87 77
87 15
87 67
80 18
80 70
80 108
80 32
80 84
80 11
80 44
80 117
80 19
80 110
80 39
80 23
80 37
80 21
80 68
80 83
80 74
80 10
80 5
80 105
80 103
80 92
80 78
80 52
80 43
80 69
80 45
80 94
80 112
80 101
80 54
80 1
80 3
80 35
80 116
80 71
80 118
80 119
80 8
80 34
80 63
80 29
80 33
80 15
51 70
51 31
51 50
51 49
51 84
51 11
51 44
51 24
51 19
51 110
51 13
51 23
51 37
51 21
51 68
51 83
51 90
51 74
51 10
51 106
51 105
51 103
51 30
51 92
51 52
51 56
51 112
51 75
51 116
51 76
51 40
51 85
51 111
51 82
51 118
51 34
51 63
51 29
51 77
51 67
18 50
18 32
18 84
18 93
18 24
18 110
18 39
18 13
18 23
18 37
18 68
18 83
18 74
18 30
18 100
18 96
18 27
18 78
18 36
18 43
18 66
18 56
18 113
18 94
18 101
18 75
18 54
18 3
18 35
18 116
18 71
18 85
18 86
18 111
18 82
18 118
18 34
18 63
18 33
70 31
70 108
70 32
70 84
70 11
70 93
70 110
70 39
70 13
70 21
70 68
70 83
70 90
70 74
70 10
70 106
70 105
70 100
70 27
70 92
70 78
70 52
70 43
70 66
70 113
70 112
70 101
70 75
70 3
70 35
70 116
70 76
70 85
70 86
70 111
70 118
70 119
70 63
70 29
70 98
70 77
31 108
31 32
31 84
31 11
31 44
31 117
31 93
31 24
31 19
31 23
31 21
31 68
31 83
31 10
31 105
31 103
31 30
31 100
31 96
31 92
31 36
31 16
31 81
31 66
31 69
31 45
31 56
31 102
31 101
31 75
31 54
31 3
31 71
31 76
31 40
31 86
31 82
31 118
31 119
31 8
31 63
31 98
31 77
31 67
50 108
50 84
50 11
50 19
50 110
50 39
50 13
50 23
50 68
50 83
50 90
50 10
50 105
50 109
50 103
50 100
50 27
50 92
50 36
50 43
50 16
50 81
50 66
50 69
50 56
50 112
50 1
50 3
50 35
50 116
50 71
50 40
50 85
50 86
50 82
50 118
50 119
50 34
50 63
50 29
50 98
50 77
50 15
50 67
108 49
108 32
108 117
108 93
108 19
108 110
108 23
108 37
108 21
108 83
108 90
108 74
108 106
108 105
108 109
108 103
108 96
108 52
108 36
108 43
108 16
108 81
108 66
108 69
108 102
108 113
108 94
108 112
108 75
108 1
108 3
108 116
108 71
108 76
108 40
108 86
108 111
108 82
108 72
108 118
108 8
108 29
108 33
108 98
108 77
108 15
108 67
49 32
49 44
49 93
49 24
49 19
49 110
49 39
49 21
49 83
49 90
49 10
49 106
49 105
49 109
49 103
49 30
49 96
49 27
49 92
49 78
49 36
49 43
49 16
49 66
49 45
49 113
49 94
49 112
49 54
49 1
49 3
49 35
49 116
49 76
49 40
49 85
49 86
49 111
49 82
49 119
49 8
49 34
49 63
49 29
49 33
49 77
32 84
32 93
32 24
32 19
32 39
32 13
32 21
32 10
32 5
32 105
32 109
32 100
32 96
32 66
32 102
32 113
32 112
32 101
32 54
32 71
32 76
32 40
32 86
32 111
32 82
32 72
32 118
32 119
32 8
32 33
32 67
84 11
84 44
84 117
84 24
84 19
84 110
84 39
84 13
84 23
84 37
84 21
84 68
84 90
84 74
84 30
84 100
84 96
84 92
84 78
84 36
84 43
84 81
84 66
84 45
84 102
84 101
84 75
84 54
84 1
84 35
84 116
84 71
84 76
84 85
84 86
84 82
84 8
84 34
84 63
84 29
84 33
84 98
84 15
11 19
11 110
11 39
11 13
11 37
11 68
11 90
11 74
11 10
11 106
11 100
11 96
11 27
11 92
11 36
11 43
11 16
11 66
11 69
11 45
11 113
11 94
11 101
11 1
11 3
11 35
11 85
11 111
11 72
11 118
11 119
11 34
11 63
11 29
11 98
11 15
44 93
44 24
44 110
44 39
44 23
44 68
44 90
44 106
44 109
44 100
44 96
44 92
44 36
44 81
44 69
44 45
44 56
44 113
44 54
44 1
44 3
44 35
44 71
44 76
44 40
44 85
44 86
44 72
44 119
44 63
44 29
44 33
44 98
44 77
44 67
117 93
117 19
117 39
117 37
117 21
117 68
117 90
117 74
117 5
117 106
117 105
117 109
117 103
117 30
117 78
117 36
117 43
117 66
117 56
117 113
117 94
117 54
117 116
117 71
117 86
117 82
117 119
117 8
117 63
117 77
117 15
117 67
93 24
93 39
93 13
93 37
93 90
93 10
93 106
93 109
93 103
93 30
93 100
93 92
93 52
93 43
93 81
93 66
93 69
93 45
93 113
93 112
93 101
93 75
93 54
93 1
93 116
93 71
93 40
93 85
93 111
93 82
93 72
93 118
93 119
93 8
93 63
93 29
93 98
93 77
93 15
93 67
24 19
24 110
24 39
24 21
24 83
24 90
24 10
24 5
24 106
24 103
24 30
24 100
24 92
24 36
24 43
24 16
24 45
24 102
24 94
24 112
24 75
24 54
24 1
24 3
24 116
24 71
24 76
24 85
24 86
24 111
24 72
24 8
24 34
24 63
24 33
24 98
24 77
24 15
19 13
19 37
19 68
19 83
19 10
19 5
19 109
19 100
19 96
19 27
19 92
19 78
19 36
19 43
19 16
19 81
19 69
19 45
19 56
19 94
19 112
19 101
19 75
19 1
19 3
19 35
19 40
19 85
19 111
19 82
19 72
19 119
19 63
19 29
19 98
19 15
110 39
110 23
110 37
110 68
110 83
110 90
110 74
110 10
110 5
110 105
110 109
110 30
110 100
110 27
110 78
110 52
110 36
110 43
110 81
110 66
110 69
110 113
110 112
110 75
110 54
110 1
110 3
110 116
110 71
110 76
110 85
110 86
110 82
110 72
110 118
110 119
110 8
110 34
110 63
110 29
110 33
110 77
110 15
110 67
39 37
39 21
39 68
39 83
39 90
39 74
39 5
39 105
39 103
39 27
39 78
39 16
39 66
39 69
39 56
39 102
39 54
39 1
39 3
39 35
39 71
39 76
39 40
39 85
39 86
39 111
39 82
39 72
39 119
39 8
39 34
39 63
39 29
39 98
39 15
39 67
13 23
13 21
13 68
13 83
13 90
13 74
13 10
13 5
13 106
13 105
13 109
13 103
13 30
13 100
13 96
13 27
13 92
13 78
13 43
13 81
13 66
13 69
13 45
13 102
13 113
13 112
13 101
13 1
13 35
13 116
13 40
13 85
13 86
13 111
13 82
13 72
13 118
13 34
13 63
13 29
13 33
13 98
23 68
23 83
23 90
23 74
23 10
23 5
23 106
23 105
23 109
23 30
23 100
23 96
23 27
23 92
23 52
23 36
23 16
23 81
23 66
23 69
23 45
23 56
23 102
23 94
23 112
23 101
23 75
23 54
23 3
23 71
23 85
23 86
23 72
23 119
23 8
23 34
23 63
23 29
23 77
23 15
23 67
37 21
37 68
37 83
37 90
37 74
37 5
37 106
37 105
37 109
37 30
37 100
37 27
37 92
37 78
37 36
37 43
37 16
37 66
37 69
37 45
37 113
37 101
37 75
37 54
37 3
37 35
37 71
37 40
37 85
37 86
37 111
37 82
37 118
37 34
37 63
37 29
37 33
37 77
37 15
21 68
21 5
21 106
21 105
21 103
21 30
21 100
21 27
21 52
21 66
21 56
21 102
21 113
21 94
21 101
21 75
21 1
21 3
21 35
21 71
21 76
21 40
21 72
21 118
21 8
21 34
21 63
21 29
21 33
21 67
68 83
68 74
68 5
68 109
68 30
68 96
68 27
68 36
68 43
68 66
68 56
68 102
68 113
68 94
68 75
68 54
68 71
68 76
68 85
68 111
68 82
68 72
68 118
68 119
68 34
68 29
83 90
83 74
83 10
83 5
83 105
83 103
83 30
83 96
83 52
83 36
83 43
83 16
83 81
83 66
83 69
83 45
83 56
83 113
83 112
83 101
83 3
83 116
83 71
83 40
83 85
83 111
83 82
83 72
83 8
83 34
83 63
83 33
83 98
83 15
90 74
90 10
90 106
90 105
90 109
90 103
90 30
90 100
90 27
90 78
90 52
90 36
90 43
90 16
90 81
90 69
90 45
90 56
90 102
90 94
90 54
90 1
90 3
90 35
90 116
90 76
90 40
90 85
90 86
90 111
90 82
90 72
90 118
90 34
90 33
90 15
74 10
74 106
74 103
74 30
74 100
74 52
74 36
74 43
74 16
74 81
74 66
74 69
74 102
74 113
74 94
74 101
74 75
74 3
74 71
74 76
74 85
74 86
74 111
74 82
74 72
74 8
74 34
74 33
74 98
74 77
10 5
10 105
10 100
10 96
10 92
10 36
10 16
10 56
10 102
10 113
10 94
10 54
10 1
10 35
10 40
10 86
10 82
10 72
10 8
10 34
10 29
10 98
10 77
10 15
10 67
5 106
5 105
5 109
5 103
5 100
5 96
5 27
5 52
5 36
5 16
5 81
5 66
5 45
5 56
5 102
5 113
5 94
5 101
5 75
5 54
5 1
5 3
5 76
5 40
5 86
5 111
5 82
5 72
5 119
5 8
5 34
5 29
5 33
5 77
5 15
5 67
106 109
106 103
106 30
106 100
106 96
106 27
106 52
106 36
106 43
106 81
106 66
106 69
106 102
106 112
106 101
106 75
106 54
106 3
106 35
106 76
106 40
106 85
106 86
106 111
106 72
106 118
106 8
106 34
106 29
106 33
106 98
106 77
106 15
106 67
105 109
105 30
105 100
105 52
105 16
105 69
105 56
105 113
105 94
105 112
105 1
105 3
105 71
105 85
105 86
105 111
105 8
105 63
105 33
105 98
105 77
105 67
109 30
109 96
109 27
109 92
109 36
109 43
109 16
109 81
109 69
109 56
109 102
109 94
109 101
109 3
109 35
109 116
109 71
109 76
109 40
109 85
109 86
109 111
109 72
109 118
109 119
109 63
109 29
109 98
109 77
109 15
103 30
103 96
103 27
103 92
103 78
103 36
103 43
103 16
103 66
103 69
103 45
103 56
103 113
103 112
103 101
103 54
103 1
103 3
103 35
103 116
103 76
103 40
103 86
103 82
103 118
103 8
103 34
103 63
103 77
103 15
103 67
30 100
30 96
30 92
30 78
30 52
30 36
30 16
30 81
30 66
30 102
30 113
30 112
30 75
30 54
30 3
30 71
30 85
30 86
30 111
30 72
30 119
30 63
30 98
30 15
30 67
100 27
100 92
100 78
100 36
100 81
100 66
100 69
100 45
100 56
100 112
100 101
100 75
100 1
100 35
100 71
100 40
100 111
100 82
100 119
100 34
100 29
100 33
100 98
100 67
96 27
96 78
96 52
96 16
96 66
96 69
96 45
96 102
96 113
96 101
96 75
96 54
96 1
96 35
96 71
96 40
96 86
96 111
96 119
96 34
96 63
96 29
96 33
96 98
96 77
27 36
27 43
27 16
27 66
27 69
27 56
27 102
27 113
27 112
27 75
27 1
27 111
27 72
27 118
27 8
27 63
27 29
27 77
27 15
27 67
92 78
92 36
92 16
92 56
92 102
92 113
92 94
92 101
92 3
92 35
92 116
92 76
92 111
92 82
92 72
92 119
92 63
92 29
92 33
92 77
92 67
78 52
78 36
78 43
78 66
78 69
78 56
78 102
78 94
78 101
78 54
78 71
78 76
78 86
78 111
78 82
78 72
78 119
78 8
78 34
78 29
78 77
78 15
52 36
52 81
52 66
52 102
52 113
52 94
52 101
52 75
52 54
52 1
52 35
52 71
52 76
52 40
52 86
52 72
52 118
52 119
52 8
52 34
52 63
52 98
52 77
52 67
36 43
36 16
36 66
36 69
36 56
36 75
36 54
36 3
36 35
36 116
36 71
36 76
36 40
36 85
36 86
36 111
36 118
36 8
36 34
36 63
36 29
36 33
36 98
36 77
43 81
43 69
43 45
43 56
43 102
43 94
43 112
43 101
43 75
43 54
43 1
43 3
43 116
43 71
43 76
43 40
43 85
43 86
43 111
43 8
43 34
43 63
43 29
43 77
43 67
16 66
16 69
16 45
16 56
16 102
16 94
16 112
16 54
16 1
16 116
16 76
16 40
16 85
16 86
16 82
16 72
16 119
16 33
16 98
16 77
16 15
16 67
81 66
81 69
81 102
81 94
81 112
81 101
81 75
81 54
81 1
81 3
81 35
81 116
81 111
81 82
81 72
81 34
81 29
81 33
81 77
81 15
66 69
66 45
66 56
66 113
66 112
66 101
66 75
66 54
66 3
66 35
66 116
66 76
66 40
66 85
66 82
66 118
66 63
66 29
66 33
66 15
69 75
69 3
69 35
69 71
69 76
69 40
69 85
69 111
69 118
69 63
69 98
69 15
69 67
45 56
45 102
45 113
45 94
45 101
45 75
45 54
45 35
45 116
45 71
45 76
45 85
45 111
45 82
45 119
45 8
45 63
45 33
45 98
45 77
45 15
45 67
56 102
56 113
56 94
56 112
56 101
56 75
56 54
56 1
56 35
56 116
56 76
56 40
56 85
56 86
56 111
56 82
56 119
56 34
56 29
56 33
56 77
56 67
102 94
102 101
102 54
102 1
102 3
102 35
102 116
102 71
102 76
102 85
102 72
102 118
102 8
102 63
102 33
102 98
102 67
113 94
113 112
113 101
113 54
113 3
113 85
113 86
113 111
113 82
113 72
113 118
113 119
113 34
113 33
113 98
94 101
94 1
94 3
94 71
94 40
94 85
94 86
94 82
94 72
94 8
94 63
94 33
94 98
94 77
94 15
112 101
112 75
112 54
112 1
112 116
112 76
112 40
112 85
112 86
112 111
112 119
112 34
112 29
112 33
112 98
112 77
112 15
101 75
101 54
101 1
101 3
101 35
101 71
101 76
101 40
101 86
101 111
101 118
101 119
101 34
101 63
101 29
101 98
101 77
101 15
101 67
75 54
75 3
75 35
75 85
75 86
75 119
75 34
75 63
75 29
75 33
75 15
75 67
54 1
54 3
54 35
54 116
54 71
54 85
54 86
54 72
54 118
54 34
54 63
54 33
54 77
54 15
1 3
1 35
1 116
1 71
1 76
1 40
1 86
1 111
1 72
1 118
1 8
1 63
1 29
1 77
1 67
3 116
3 71
3 76
3 85
3 72
3 118
3 8
3 34
3 63
3 33
3 77
3 67
35 116
35 71
35 40
35 82
35 72
35 118
35 119
35 34
35 63
35 98
35 77
35 15
116 71
116 76
116 40
116 85
116 86
116 82
116 119
116 29
116 98
116 77
116 67
71 76
71 85
71 86
71 72
71 118
71 119
71 8
71 34
71 63
71 29
71 33
71 15
76 40
76 85
76 111
76 82
76 72
76 118
76 29
76 33
76 98
76 77
40 111
40 82
40 72
40 119
40 29
40 33
40 98
40 67
85 86
85 111
85 82
85 72
85 8
85 34
85 29
85 33
85 15
86 111
86 82
86 72
86 118
86 119
86 8
86 34
86 63
86 98
86 77
86 15
111 118
111 34
111 63
111 77
111 15
111 67
82 72
82 8
82 34
82 33
82 77
82 15
82 67
72 118
72 119
72 8
72 63
72 29
72 98
72 77
118 8
118 34
118 63
118 29
118 77
119 8
119 34
119 33
119 77
119 15
8 34
8 63
8 77
8 15
8 67
34 63
34 29
34 98
34 77
34 15
34 67
63 29
63 98
29 33
29 98
29 67
98 77
77 15
77 67
