*verties 108
99
92
33
60
70
90
49
57
62
32
118
108
87
81
53
54
1
45
10
35
86
22
119
20
6
14
100
64
5
109
78
21
105
37
55
97
31
36
9
30
111
72
59
16
47
58
61
116
26
17
80
95
8
13
67
96
91
39
110
65
51
38
107
12
28
74
69
4
68
98
63
19
29
43
84
24
50
85
48
40
71
113
106
11
73
79
34
89
42
41
23
75
114
88
82
103
52
56
94
25
3
44
83
0
7
115
66
104
*edges 
99 60
99 70
99 90
99 49
99 62
99 32
99 108
99 87
99 81
99 54
99 1
99 45
99 10
99 22
99 119
99 20
99 14
99 100
99 5
99 109
99 21
99 105
99 55
99 97
99 9
99 30
99 111
99 72
99 59
99 61
99 26
99 17
99 95
99 8
99 67
99 91
99 39
99 65
99 38
99 12
99 74
99 69
99 98
99 63
99 43
99 84
99 50
99 48
99 71
99 106
99 79
99 89
99 42
99 41
99 23
99 56
99 25
99 3
99 44
99 66
92 33
92 60
92 70
92 90
92 49
92 57
92 62
92 32
92 108
92 87
92 53
92 54
92 45
92 10
92 86
92 22
92 6
92 14
92 100
92 64
92 5
92 109
92 78
92 37
92 55
92 31
92 36
92 9
92 30
92 72
92 16
92 61
92 116
92 80
92 95
92 8
92 13
92 67
92 96
92 91
92 39
92 110
92 65
92 38
92 107
92 28
92 74
92 4
92 68
92 63
92 19
92 29
92 84
92 24
92 50
92 48
92 71
92 73
92 34
92 41
92 23
92 75
92 82
92 103
92 52
92 56
92 94
92 25
92 3
92 44
92 0
92 7
92 66
33 70
33 90
33 49
33 57
33 62
33 32
33 108
33 87
33 53
33 54
33 10
33 35
33 119
33 20
33 14
33 64
33 5
33 78
33 21
33 105
33 37
33 55
33 31
33 9
33 30
33 111
33 72
33 59
33 16
33 47
33 58
33 116
33 26
33 80
33 8
33 13
33 67
33 96
33 91
33 65
33 38
33 12
33 74
33 69
33 4
33 68
33 98
33 63
33 19
33 29
33 43
33 24
33 85
33 48
33 71
33 106
33 11
33 73
33 79
33 34
33 89
33 23
33 114
33 88
33 52
33 56
33 94
33 3
33 44
33 0
33 7
33 115
33 66
33 104
60 70
60 90
60 49
60 57
60 118
60 108
60 87
60 81
60 54
60 45
60 10
60 35
60 86
60 22
60 119
60 14
60 100
60 64
60 5
60 109
60 78
60 21
60 55
60 97
60 30
60 111
60 59
60 47
60 58
60 61
60 95
60 13
60 96
60 91
60 39
60 65
60 107
60 28
60 74
60 69
60 4
60 68
60 98
60 63
60 19
60 29
60 43
60 84
60 24
60 50
60 40
60 71
60 113
60 106
60 11
60 73
60 79
60 34
60 89
60 41
60 23
60 75
60 88
60 56
60 94
60 25
60 44
60 7
60 115
60 66
60 104
70 90
70 49
70 57
70 87
70 81
70 53
70 54
70 35
70 86
70 22
70 119
70 20
70 14
70 64
70 5
70 78
70 21
70 37
70 55
70 31
70 36
70 30
70 111
70 72
70 61
70 116
70 26
70 17
70 80
70 95
70 8
70 13
70 96
70 91
70 39
70 38
70 12
70 28
70 74
70 69
70 4
70 98
70 63
70 19
70 29
70 84
70 24
70 85
70 48
70 40
70 113
70 106
70 11
70 73
70 89
70 41
70 23
70 103
70 52
70 94
70 3
70 44
70 83
70 0
70 115
70 66
70 104
90 49
90 57
90 32
90 118
90 108
90 87
90 81
90 53
90 54
90 1
90 45
90 35
90 22
90 119
90 20
90 6
90 14
90 100
90 64
90 78
90 21
90 105
90 55
90 97
90 36
90 30
90 59
90 16
90 58
90 26
90 17
90 80
90 95
90 8
90 13
90 67
90 96
90 91
90 39
90 110
90 65
90 51
90 38
90 12
90 74
90 69
90 68
90 29
90 43
90 84
90 24
90 50
90 85
90 48
90 71
90 11
90 73
90 34
90 42
90 75
90 88
90 82
90 103
90 56
90 94
90 3
90 0
90 66
49 57
49 32
49 108
49 87
49 81
49 53
49 54
49 1
49 45
49 10
49 86
49 119
49 20
49 6
49 64
49 5
49 78
49 21
49 105
49 55
49 31
49 36
49 111
49 72
49 16
49 58
49 61
49 116
49 26
49 17
49 80
49 95
49 13
49 96
49 110
49 51
49 38
49 107
49 12
49 28
49 69
49 4
49 68
49 98
49 43
49 84
49 85
49 113
49 106
49 11
49 73
49 42
49 23
49 114
49 88
49 94
49 25
49 44
49 83
49 104
57 87
57 81
57 53
57 54
57 45
57 35
57 22
57 119
57 20
57 6
57 14
57 64
57 5
57 105
57 37
57 55
57 97
57 31
57 36
57 9
57 30
57 111
57 16
57 47
57 58
57 61
57 116
57 26
57 17
57 8
57 67
57 39
57 51
57 38
57 12
57 28
57 74
57 69
57 4
57 68
57 98
57 63
57 19
57 43
57 84
57 24
57 50
57 40
57 71
57 113
57 73
57 42
57 41
57 23
57 88
57 103
57 52
57 94
57 25
57 3
57 44
57 83
57 0
57 7
57 115
62 118
62 108
62 87
62 53
62 54
62 1
62 45
62 10
62 35
62 22
62 119
62 14
62 100
62 64
62 5
62 109
62 21
62 105
62 55
62 31
62 9
62 30
62 111
62 72
62 59
62 47
62 61
62 26
62 17
62 80
62 8
62 13
62 67
62 96
62 39
62 110
62 65
62 51
62 107
62 12
62 74
62 69
62 68
62 98
62 19
62 29
62 43
62 84
62 24
62 50
62 48
62 113
62 11
62 73
62 34
62 89
62 42
62 23
62 75
62 114
62 88
62 82
62 103
62 52
62 56
62 94
62 25
62 3
62 44
62 7
62 115
62 66
32 118
32 108
32 87
32 81
32 54
32 45
32 10
32 22
32 20
32 6
32 14
32 100
32 64
32 5
32 109
32 21
32 105
32 37
32 97
32 30
32 111
32 59
32 47
32 116
32 26
32 8
32 13
32 91
32 39
32 110
32 65
32 51
32 38
32 107
32 12
32 28
32 74
32 4
32 68
32 98
32 63
32 19
32 29
32 43
32 84
32 24
32 85
32 48
32 40
32 71
32 113
32 11
32 73
32 79
32 34
32 42
32 41
32 23
32 88
32 82
32 103
32 52
32 56
32 94
32 25
32 3
32 44
32 83
32 66
32 104
118 108
118 87
118 81
118 53
118 54
118 45
118 35
118 22
118 6
118 64
118 21
118 105
118 55
118 97
118 31
118 9
118 30
118 16
118 47
118 58
118 61
118 116
118 26
118 80
118 96
118 91
118 39
118 110
118 65
118 51
118 38
118 12
118 28
118 98
118 63
118 19
118 84
118 24
118 85
118 48
118 40
118 71
118 106
118 11
118 79
118 23
118 75
118 114
118 82
118 52
118 25
118 3
118 83
118 0
118 7
118 104
108 87
108 54
108 1
108 45
108 35
108 119
108 14
108 64
108 78
108 21
108 105
108 37
108 97
108 31
108 30
108 111
108 72
108 59
108 16
108 58
108 61
108 26
108 17
108 80
108 96
108 39
108 110
108 65
108 51
108 107
108 12
108 74
108 69
108 4
108 98
108 63
108 19
108 43
108 84
108 24
108 85
108 40
108 71
108 73
108 34
108 89
108 42
108 41
108 23
108 75
108 114
108 88
108 82
108 103
108 56
108 3
108 0
108 7
108 66
108 104
87 54
87 1
87 45
87 10
87 35
87 20
87 14
87 64
87 5
87 109
87 78
87 21
87 55
87 9
87 30
87 111
87 59
87 16
87 47
87 61
87 116
87 17
87 80
87 95
87 8
87 96
87 91
87 110
87 51
87 38
87 12
87 28
87 74
87 4
87 68
87 98
87 63
87 50
87 48
87 40
87 71
87 106
87 11
87 79
87 34
87 42
87 23
87 75
87 114
87 88
87 82
87 56
87 25
87 83
87 7
87 115
87 66
87 104
81 53
81 54
81 1
81 35
81 86
81 22
81 119
81 6
81 14
81 5
81 109
81 78
81 105
81 97
81 36
81 9
81 16
81 47
81 61
81 26
81 17
81 80
81 95
81 13
81 67
81 96
81 91
81 110
81 65
81 38
81 107
81 12
81 28
81 74
81 69
81 4
81 98
81 63
81 19
81 29
81 84
81 24
81 50
81 85
81 48
81 40
81 113
81 106
81 11
81 73
81 34
81 89
81 42
81 41
81 23
81 114
81 88
81 82
81 103
81 52
81 25
81 3
81 44
81 83
81 0
81 115
81 104
53 54
53 1
53 10
53 35
53 86
53 119
53 64
53 5
53 109
53 78
53 37
53 97
53 31
53 36
53 30
53 16
53 47
53 58
53 61
53 116
53 17
53 80
53 95
53 8
53 13
53 96
53 39
53 110
53 65
53 38
53 74
53 69
53 4
53 19
53 29
53 84
53 50
53 113
53 106
53 11
53 79
53 34
53 89
53 42
53 23
53 75
53 114
53 88
53 82
53 56
53 94
53 25
53 3
53 44
53 0
53 115
53 66
54 1
54 45
54 35
54 86
54 20
54 14
54 64
54 5
54 109
54 78
54 21
54 105
54 97
54 36
54 30
54 111
54 72
54 59
54 16
54 47
54 61
54 116
54 17
54 80
54 13
54 67
54 96
54 91
54 110
54 51
54 38
54 12
54 28
54 74
54 19
54 29
54 43
54 84
54 50
54 85
54 48
54 71
54 113
54 11
54 34
54 89
54 41
54 23
54 75
54 114
54 82
54 56
54 94
54 25
54 3
54 83
54 7
54 115
54 104
1 10
1 35
1 22
1 119
1 20
1 100
1 64
1 5
1 78
1 37
1 55
1 31
1 36
1 9
1 30
1 72
1 59
1 16
1 47
1 58
1 61
1 116
1 26
1 95
1 8
1 13
1 67
1 96
1 39
1 51
1 38
1 107
1 28
1 68
1 98
1 84
1 24
1 50
1 40
1 71
1 113
1 106
1 73
1 34
1 89
1 42
1 41
1 114
1 103
1 52
1 25
1 3
1 44
1 0
1 115
1 66
45 10
45 22
45 119
45 6
45 14
45 100
45 64
45 5
45 78
45 21
45 37
45 55
45 31
45 36
45 9
45 30
45 111
45 72
45 59
45 116
45 26
45 80
45 8
45 13
45 91
45 39
45 110
45 38
45 28
45 74
45 69
45 4
45 68
45 98
45 63
45 19
45 43
45 84
45 24
45 85
45 48
45 113
45 73
45 34
45 89
45 41
45 23
45 75
45 114
45 88
45 103
45 94
45 44
45 83
45 7
45 115
45 104
10 35
10 22
10 6
10 64
10 5
10 78
10 105
10 55
10 97
10 36
10 9
10 30
10 72
10 59
10 47
10 58
10 61
10 116
10 26
10 17
10 80
10 95
10 67
10 96
10 91
10 39
10 65
10 51
10 12
10 28
10 4
10 68
10 98
10 19
10 84
10 24
10 50
10 85
10 48
10 40
10 11
10 73
10 79
10 34
10 89
10 42
10 88
10 82
10 103
10 56
10 94
10 44
10 83
10 0
10 7
10 115
10 66
10 104
35 86
35 22
35 119
35 20
35 14
35 5
35 37
35 55
35 31
35 36
35 16
35 61
35 116
35 26
35 17
35 80
35 8
35 67
35 96
35 91
35 39
35 110
35 65
35 38
35 107
35 12
35 28
35 74
35 4
35 68
35 98
35 63
35 19
35 29
35 84
35 24
35 85
35 71
35 113
35 106
35 11
35 73
35 79
35 89
35 42
35 23
35 103
35 94
35 83
35 115
35 66
86 119
86 20
86 6
86 14
86 64
86 78
86 21
86 105
86 37
86 55
86 97
86 31
86 9
86 30
86 111
86 58
86 61
86 116
86 17
86 8
86 13
86 96
86 39
86 110
86 38
86 107
86 12
86 28
86 74
86 69
86 4
86 98
86 63
86 19
86 29
86 43
86 84
86 24
86 50
86 40
86 113
86 106
86 73
86 79
86 34
86 89
86 42
86 23
86 75
86 56
86 94
86 25
86 3
86 44
86 83
86 0
86 7
86 66
86 104
22 119
22 6
22 109
22 78
22 21
22 37
22 31
22 36
22 111
22 72
22 59
22 16
22 47
22 61
22 26
22 80
22 8
22 13
22 67
22 91
22 39
22 110
22 51
22 38
22 107
22 74
22 69
22 4
22 68
22 98
22 63
22 29
22 43
22 84
22 24
22 50
22 85
22 40
22 113
22 106
22 11
22 73
22 79
22 34
22 89
22 42
22 82
22 103
22 52
22 94
22 25
22 3
22 44
22 83
22 7
22 66
22 104
119 6
119 100
119 64
119 5
119 105
119 55
119 31
119 9
119 111
119 72
119 59
119 16
119 58
119 61
119 116
119 26
119 17
119 95
119 96
119 91
119 39
119 110
119 51
119 12
119 28
119 4
119 98
119 19
119 43
119 24
119 85
119 48
119 40
119 113
119 11
119 34
119 114
119 88
119 82
119 56
119 94
119 25
119 3
119 44
119 0
119 7
119 115
119 66
20 6
20 100
20 5
20 109
20 21
20 105
20 97
20 31
20 36
20 9
20 30
20 111
20 72
20 16
20 116
20 8
20 13
20 91
20 39
20 107
20 12
20 69
20 68
20 98
20 63
20 29
20 84
20 24
20 50
20 85
20 48
20 40
20 71
20 113
20 79
20 42
20 41
20 75
20 114
20 88
20 52
20 56
20 94
20 25
20 3
20 44
20 83
20 0
20 7
20 115
20 66
20 104
6 14
6 64
6 5
6 109
6 21
6 105
6 97
6 31
6 9
6 111
6 59
6 47
6 61
6 26
6 17
6 80
6 95
6 8
6 13
6 67
6 96
6 91
6 39
6 65
6 107
6 28
6 74
6 69
6 68
6 98
6 19
6 29
6 43
6 24
6 50
6 85
6 48
6 40
6 71
6 113
6 106
6 11
6 73
6 34
6 23
6 75
6 114
6 82
6 103
6 52
6 56
6 94
6 25
6 3
6 44
6 83
6 0
6 115
6 66
6 104
14 100
14 64
14 109
14 78
14 21
14 105
14 55
14 36
14 9
14 30
14 111
14 16
14 47
14 58
14 61
14 116
14 26
14 17
14 80
14 8
14 13
14 96
14 91
14 39
14 51
14 38
14 107
14 12
14 28
14 74
14 69
14 4
14 98
14 19
14 43
14 24
14 50
14 48
14 40
14 71
14 113
14 106
14 11
14 79
14 34
14 89
14 42
14 23
14 114
14 88
14 103
14 94
14 25
14 3
14 83
14 0
14 7
14 115
14 66
14 104
100 64
100 5
100 109
100 97
100 31
100 36
100 9
100 59
100 47
100 58
100 61
100 116
100 17
100 80
100 95
100 8
100 13
100 39
100 110
100 38
100 12
100 28
100 74
100 69
100 68
100 63
100 29
100 84
100 24
100 50
100 85
100 48
100 71
100 106
100 79
100 34
100 89
100 42
100 41
100 23
100 114
100 88
100 82
100 56
100 25
100 44
100 0
100 104
64 5
64 78
64 21
64 105
64 55
64 31
64 36
64 30
64 111
64 72
64 47
64 116
64 26
64 17
64 80
64 95
64 110
64 51
64 38
64 107
64 12
64 74
64 69
64 4
64 98
64 63
64 29
64 84
64 50
64 40
64 106
64 73
64 79
64 34
64 89
64 42
64 41
64 23
64 75
64 82
64 103
64 52
64 56
64 94
64 25
64 44
64 83
64 0
64 66
5 109
5 21
5 37
5 55
5 31
5 36
5 9
5 30
5 59
5 47
5 58
5 61
5 116
5 17
5 80
5 95
5 13
5 91
5 39
5 65
5 51
5 12
5 28
5 74
5 69
5 63
5 84
5 48
5 40
5 71
5 113
5 106
5 73
5 89
5 42
5 41
5 23
5 75
5 88
5 52
5 56
5 25
5 3
5 44
5 83
5 7
5 115
5 66
109 78
109 105
109 37
109 36
109 9
109 16
109 47
109 58
109 17
109 80
109 95
109 96
109 91
109 110
109 65
109 38
109 107
109 12
109 28
109 74
109 4
109 68
109 19
109 29
109 43
109 84
109 24
109 50
109 85
109 40
109 11
109 73
109 79
109 89
109 41
109 23
109 75
109 88
109 94
109 3
109 44
109 83
109 0
109 115
109 66
109 104
78 105
78 97
78 31
78 59
78 16
78 47
78 116
78 26
78 17
78 80
78 95
78 67
78 96
78 91
78 39
78 110
78 51
78 38
78 107
78 28
78 74
78 69
78 98
78 63
78 19
78 29
78 24
78 50
78 48
78 40
78 71
78 113
78 79
78 42
78 23
78 75
78 88
78 103
78 52
78 25
78 3
78 83
78 0
78 115
78 66
78 104
21 37
21 55
21 97
21 31
21 9
21 72
21 16
21 58
21 61
21 116
21 26
21 17
21 95
21 13
21 67
21 39
21 65
21 107
21 12
21 74
21 69
21 4
21 68
21 98
21 19
21 43
21 48
21 40
21 106
21 11
21 79
21 34
21 89
21 42
21 23
21 75
21 103
21 52
21 56
21 94
21 25
21 44
21 83
21 0
21 7
105 37
105 31
105 30
105 111
105 72
105 59
105 58
105 116
105 17
105 80
105 8
105 13
105 67
105 51
105 38
105 107
105 28
105 74
105 4
105 98
105 29
105 43
105 24
105 50
105 85
105 40
105 71
105 113
105 11
105 73
105 79
105 89
105 41
105 23
105 75
105 82
105 103
105 52
105 56
105 94
105 0
105 115
105 66
105 104
37 9
37 111
37 59
37 16
37 58
37 61
37 26
37 17
37 80
37 95
37 8
37 13
37 96
37 91
37 39
37 65
37 107
37 12
37 74
37 69
37 4
37 68
37 98
37 63
37 29
37 84
37 24
37 50
37 85
37 48
37 40
37 73
37 34
37 42
37 23
37 75
37 82
37 103
37 56
37 25
37 44
37 83
37 0
37 115
37 104
55 97
55 36
55 30
55 111
55 59
55 16
55 58
55 61
55 17
55 95
55 8
55 91
55 39
55 65
55 107
55 12
55 74
55 69
55 4
55 63
55 19
55 29
55 43
55 48
55 40
55 113
55 106
55 11
55 73
55 79
55 89
55 23
55 75
55 114
55 88
55 103
55 56
55 7
55 104
97 9
97 30
97 72
97 59
97 16
97 47
97 58
97 17
97 80
97 8
97 13
97 39
97 110
97 65
97 51
97 38
97 107
97 12
97 28
97 74
97 69
97 98
97 63
97 19
97 29
97 43
97 24
97 50
97 85
97 40
97 71
97 113
97 11
97 73
97 89
97 42
97 41
97 23
97 88
97 82
97 52
97 56
97 94
97 25
97 3
97 44
97 83
97 0
97 7
97 115
97 66
97 104
31 72
31 16
31 47
31 58
31 116
31 17
31 80
31 95
31 67
31 96
31 91
31 110
31 107
31 28
31 74
31 4
31 68
31 63
31 19
31 29
31 43
31 84
31 50
31 85
31 48
31 40
31 113
31 79
31 34
31 42
31 41
31 23
31 114
31 88
31 82
31 103
31 56
31 94
31 83
31 0
31 7
31 66
36 9
36 59
36 16
36 47
36 61
36 95
36 13
36 96
36 91
36 39
36 65
36 51
36 107
36 69
36 4
36 68
36 98
36 19
36 29
36 43
36 84
36 24
36 50
36 48
36 40
36 113
36 11
36 73
36 79
36 42
36 41
36 75
36 88
36 52
36 25
36 3
36 44
36 83
36 0
36 115
36 66
36 104
9 30
9 111
9 72
9 59
9 47
9 58
9 61
9 116
9 17
9 95
9 8
9 13
9 67
9 96
9 39
9 65
9 51
9 38
9 107
9 12
9 28
9 74
9 69
9 4
9 68
9 43
9 84
9 50
9 85
9 71
9 113
9 106
9 79
9 34
9 42
9 41
9 23
9 75
9 88
9 82
9 52
9 25
9 3
9 44
9 7
9 66
9 104
30 111
30 72
30 16
30 47
30 58
30 61
30 116
30 17
30 95
30 8
30 67
30 96
30 91
30 110
30 65
30 51
30 38
30 107
30 12
30 28
30 74
30 4
30 68
30 98
30 63
30 29
30 50
30 85
30 40
30 71
30 113
30 106
30 73
30 89
30 42
30 75
30 114
30 103
30 3
30 44
30 83
30 115
30 66
111 59
111 16
111 47
111 58
111 61
111 17
111 95
111 8
111 67
111 96
111 91
111 39
111 110
111 65
111 51
111 107
111 12
111 28
111 74
111 4
111 98
111 63
111 19
111 29
111 84
111 50
111 48
111 40
111 113
111 106
111 11
111 73
111 79
111 34
111 89
111 41
111 23
111 75
111 114
111 88
111 82
111 103
111 52
111 56
111 0
111 7
111 115
111 104
72 16
72 58
72 116
72 26
72 80
72 95
72 8
72 13
72 96
72 91
72 110
72 65
72 51
72 38
72 107
72 12
72 28
72 74
72 69
72 68
72 19
72 29
72 84
72 48
72 71
72 11
72 73
72 79
72 34
72 89
72 42
72 23
72 75
72 114
72 82
72 103
72 52
72 56
72 25
72 3
72 44
72 0
72 7
72 115
72 66
59 61
59 116
59 17
59 95
59 8
59 67
59 96
59 110
59 51
59 38
59 12
59 69
59 4
59 68
59 98
59 63
59 19
59 84
59 24
59 50
59 85
59 48
59 40
59 113
59 106
59 73
59 79
59 34
59 89
59 42
59 41
59 23
59 75
59 88
59 82
59 103
59 52
59 94
59 25
59 3
59 44
59 83
59 0
59 7
59 115
59 104
16 47
16 58
16 26
16 17
16 13
16 67
16 96
16 39
16 110
16 65
16 107
16 12
16 74
16 69
16 68
16 98
16 63
16 19
16 29
16 24
16 85
16 71
16 113
16 11
16 73
16 34
16 89
16 23
16 75
16 114
16 88
16 94
16 3
16 44
16 83
16 7
16 115
16 104
47 61
47 26
47 17
47 80
47 95
47 8
47 13
47 96
47 91
47 39
47 38
47 107
47 12
47 28
47 69
47 68
47 98
47 63
47 19
47 29
47 43
47 24
47 50
47 85
47 48
47 40
47 71
47 113
47 11
47 73
47 79
47 89
47 42
47 41
47 23
47 82
47 103
47 56
47 94
47 3
47 44
47 83
47 0
47 7
47 115
47 66
58 116
58 26
58 17
58 95
58 13
58 96
58 91
58 110
58 65
58 51
58 107
58 12
58 28
58 4
58 98
58 19
58 29
58 43
58 84
58 24
58 50
58 85
58 71
58 113
58 106
58 73
58 79
58 89
58 23
58 75
58 114
58 82
58 52
58 56
58 94
58 25
58 3
58 44
58 0
58 7
58 66
58 104
61 26
61 17
61 95
61 8
61 13
61 67
61 91
61 39
61 38
61 107
61 12
61 74
61 69
61 68
61 98
61 63
61 19
61 84
61 24
61 50
61 85
61 48
61 40
61 106
61 11
61 73
61 34
61 89
61 41
61 23
61 114
61 103
61 52
61 56
61 25
61 44
61 83
61 7
61 66
61 104
116 26
116 17
116 80
116 95
116 96
116 91
116 110
116 65
116 12
116 74
116 69
116 68
116 98
116 19
116 43
116 84
116 85
116 71
116 106
116 73
116 34
116 42
116 41
116 75
116 82
116 94
116 3
116 44
116 0
116 115
116 66
26 17
26 95
26 8
26 13
26 67
26 91
26 39
26 65
26 51
26 28
26 68
26 98
26 63
26 19
26 29
26 43
26 50
26 85
26 106
26 11
26 89
26 42
26 41
26 114
26 103
26 52
26 56
26 3
26 44
26 83
26 0
26 7
26 115
26 104
17 80
17 95
17 8
17 67
17 96
17 91
17 51
17 12
17 28
17 74
17 69
17 68
17 98
17 63
17 84
17 50
17 85
17 48
17 40
17 71
17 113
17 106
17 11
17 73
17 41
17 75
17 114
17 88
17 52
17 56
17 94
17 25
17 3
17 44
17 83
17 0
17 7
17 115
17 66
17 104
80 67
80 96
80 110
80 51
80 107
80 12
80 28
80 74
80 69
80 4
80 98
80 63
80 19
80 29
80 43
80 24
80 85
80 48
80 71
80 113
80 106
80 73
80 79
80 34
80 89
80 42
80 23
80 75
80 88
80 82
80 103
80 56
80 94
80 25
80 44
80 83
80 7
80 115
80 66
95 8
95 67
95 96
95 91
95 39
95 51
95 38
95 107
95 28
95 74
95 69
95 4
95 68
95 98
95 19
95 43
95 84
95 24
95 48
95 71
95 113
95 11
95 73
95 34
95 42
95 41
95 75
95 114
95 82
95 52
95 56
95 3
95 44
95 83
95 0
95 7
95 115
95 66
95 104
8 67
8 91
8 39
8 110
8 51
8 38
8 107
8 12
8 28
8 74
8 69
8 4
8 68
8 98
8 19
8 29
8 84
8 24
8 50
8 40
8 71
8 113
8 106
8 11
8 23
8 114
8 88
8 82
8 103
8 94
8 44
8 83
8 0
8 7
8 66
13 67
13 96
13 91
13 39
13 110
13 51
13 107
13 74
13 69
13 4
13 68
13 98
13 63
13 29
13 43
13 84
13 24
13 50
13 40
13 71
13 113
13 106
13 11
13 34
13 23
13 114
13 88
13 82
13 103
13 52
13 56
13 44
13 115
13 66
13 104
67 96
67 39
67 110
67 38
67 107
67 12
67 4
67 98
67 63
67 29
67 84
67 24
67 85
67 48
67 40
67 113
67 79
67 89
67 23
67 75
67 82
67 103
67 52
67 94
67 25
67 44
67 0
67 7
67 66
67 104
96 65
96 51
96 38
96 12
96 74
96 69
96 4
96 98
96 63
96 19
96 43
96 85
96 48
96 40
96 71
96 113
96 106
96 34
96 41
96 75
96 114
96 88
96 82
96 56
96 94
96 25
96 3
96 7
96 115
96 104
91 39
91 65
91 51
91 38
91 107
91 28
91 74
91 4
91 68
91 98
91 63
91 19
91 29
91 43
91 24
91 50
91 85
91 48
91 71
91 113
91 106
91 11
91 73
91 79
91 34
91 42
91 41
91 75
91 114
91 88
91 82
91 52
91 94
91 25
91 3
91 44
91 83
91 0
91 7
91 115
91 104
39 65
39 51
39 107
39 69
39 19
39 43
39 84
39 24
39 50
39 71
39 113
39 106
39 73
39 79
39 34
39 41
39 75
39 82
39 56
39 25
39 3
39 44
39 7
39 115
39 66
110 38
110 107
110 74
110 98
110 63
110 29
110 43
110 84
110 50
110 85
110 40
110 106
110 11
110 79
110 34
110 42
110 23
110 114
110 52
110 56
110 25
110 3
110 44
110 0
110 115
110 104
65 51
65 38
65 107
65 28
65 74
65 69
65 4
65 68
65 98
65 63
65 29
65 50
65 85
65 48
65 40
65 71
65 113
65 106
65 73
65 79
65 34
65 89
65 42
65 23
65 75
65 114
65 88
65 82
65 94
65 3
65 83
65 0
65 7
65 115
65 104
51 38
51 12
51 28
51 69
51 4
51 68
51 98
51 63
51 19
51 29
51 43
51 85
51 40
51 71
51 113
51 106
51 11
51 79
51 34
51 42
51 41
51 75
51 114
51 88
51 82
51 52
51 94
51 25
51 3
51 44
51 0
51 7
51 115
51 66
51 104
38 28
38 4
38 68
38 98
38 63
38 19
38 29
38 84
38 24
38 50
38 40
38 71
38 113
38 11
38 79
38 34
38 23
38 75
38 88
38 52
38 56
38 94
38 3
38 44
38 83
38 7
38 115
38 66
38 104
107 12
107 69
107 4
107 43
107 84
107 24
107 50
107 48
107 71
107 113
107 11
107 79
107 42
107 23
107 114
107 88
107 82
107 103
107 52
107 56
107 3
107 83
107 66
12 28
12 74
12 69
12 68
12 98
12 63
12 19
12 29
12 43
12 85
12 40
12 11
12 79
12 34
12 89
12 41
12 114
12 88
12 82
12 103
12 94
12 25
12 44
12 0
12 115
12 66
12 104
28 69
28 4
28 98
28 63
28 84
28 24
28 50
28 85
28 48
28 71
28 113
28 11
28 73
28 89
28 42
28 41
28 23
28 88
28 82
28 103
28 52
28 56
28 25
28 3
28 44
28 83
28 0
28 7
74 4
74 68
74 63
74 19
74 29
74 43
74 84
74 24
74 50
74 85
74 40
74 71
74 113
74 11
74 73
74 79
74 89
74 42
74 41
74 23
74 114
74 88
74 82
74 103
74 56
74 25
74 3
74 44
74 7
74 66
74 104
69 4
69 63
69 29
69 43
69 84
69 24
69 48
69 71
69 113
69 73
69 79
69 34
69 89
69 42
69 41
69 23
69 88
69 82
69 103
69 52
69 56
69 94
69 25
69 3
69 44
69 83
69 0
69 66
69 104
4 68
4 98
4 63
4 43
4 84
4 85
4 40
4 113
4 106
4 11
4 79
4 34
4 89
4 42
4 41
4 23
4 75
4 82
4 103
4 52
4 56
4 25
4 44
4 115
68 98
68 63
68 29
68 43
68 84
68 24
68 50
68 85
68 113
68 106
68 34
68 23
68 75
68 82
68 103
68 52
68 56
68 94
68 25
68 3
68 83
68 0
68 7
68 115
98 19
98 43
98 50
98 48
98 71
98 113
98 11
98 73
98 79
98 34
98 89
98 114
98 82
98 94
98 25
98 3
98 44
98 83
98 0
98 7
98 115
98 104
63 19
63 29
63 84
63 50
63 48
63 40
63 71
63 79
63 34
63 89
63 42
63 41
63 75
63 88
63 82
63 25
63 3
63 83
63 115
63 104
19 29
19 50
19 85
19 48
19 71
19 113
19 11
19 73
19 79
19 34
19 42
19 41
19 23
19 75
19 88
19 52
19 25
19 0
19 7
19 115
19 66
19 104
29 43
29 84
29 24
29 50
29 85
29 48
29 40
29 71
29 113
29 106
29 73
29 34
29 89
29 41
29 23
29 75
29 114
29 82
29 103
29 52
29 56
29 25
29 83
29 7
29 115
29 66
29 104
43 84
43 24
43 85
43 48
43 40
43 71
43 106
43 11
43 89
43 42
43 41
43 23
43 75
43 88
43 52
43 56
43 25
43 3
43 44
43 0
43 7
43 104
84 24
84 50
84 85
84 48
84 40
84 71
84 113
84 106
84 11
84 79
84 34
84 89
84 75
84 114
84 88
84 103
84 52
84 56
84 94
84 3
84 44
84 0
84 115
84 104
24 50
24 85
24 48
24 40
24 71
24 113
24 106
24 11
24 73
24 79
24 41
24 23
24 75
24 114
24 88
24 103
24 52
24 94
24 25
24 3
24 44
24 83
24 0
24 7
24 115
24 104
50 48
50 40
50 71
50 106
50 11
50 73
50 34
50 89
50 42
50 41
50 23
50 75
50 88
50 103
50 25
50 3
50 104
85 48
85 40
85 71
85 106
85 73
85 34
85 89
85 23
85 114
85 88
85 103
85 52
85 94
85 25
85 83
85 7
85 115
85 66
85 104
48 71
48 113
48 11
48 73
48 79
48 34
48 42
48 23
48 114
48 88
48 82
48 103
48 52
48 56
48 25
48 3
48 83
48 7
48 115
48 66
40 113
40 106
40 79
40 34
40 42
40 23
40 114
40 88
40 82
40 103
40 52
40 56
40 25
40 3
40 0
40 7
40 115
40 66
40 104
71 113
71 106
71 11
71 73
71 79
71 34
71 89
71 41
71 114
71 88
71 82
71 94
71 3
71 44
71 83
71 7
71 115
113 11
113 79
113 34
113 89
113 42
113 23
113 75
113 114
113 88
113 103
113 94
113 3
113 44
113 83
113 0
113 7
113 115
113 66
106 11
106 73
106 79
106 89
106 42
106 41
106 75
106 114
106 88
106 103
106 52
106 56
106 94
106 25
106 3
106 83
106 0
106 7
106 115
106 66
106 104
11 79
11 34
11 89
11 42
11 41
11 23
11 75
11 114
11 82
11 52
11 56
11 94
11 3
11 44
11 83
11 115
11 66
11 104
73 79
73 34
73 89
73 42
73 23
73 75
73 88
73 82
73 52
73 94
73 3
73 83
73 0
73 7
73 66
79 34
79 89
79 23
79 114
79 52
79 25
79 3
79 44
79 83
79 115
79 66
79 104
34 89
34 42
34 75
34 88
34 82
34 103
34 52
34 56
34 25
34 3
34 44
34 0
34 115
34 66
89 42
89 23
89 75
89 114
89 88
89 103
89 52
89 56
89 94
89 3
89 83
89 7
89 115
89 66
42 41
42 23
42 114
42 88
42 82
42 103
42 25
42 83
42 7
41 75
41 88
41 103
41 52
41 25
41 44
41 83
41 7
41 115
41 66
41 104
23 75
23 88
23 103
23 56
23 3
23 44
23 83
23 0
23 66
75 88
75 103
75 94
75 25
75 44
75 83
75 0
75 7
75 115
75 66
114 88
114 52
114 94
114 3
114 44
114 0
114 7
114 115
88 103
88 52
88 56
88 94
88 3
88 44
88 83
88 7
88 115
88 66
88 104
82 52
82 94
82 25
82 3
82 83
82 0
82 7
82 115
82 104
103 52
103 3
103 83
103 7
103 115
103 66
103 104
52 25
52 3
52 44
52 0
52 7
52 104
56 94
56 25
56 3
56 44
56 0
56 115
56 66
56 104
94 3
94 83
94 7
94 115
94 66
25 3
25 7
25 115
25 66
3 44
3 7
3 66
3 104
44 83
44 7
44 115
44 66
44 104
83 0
83 7
83 115
83 66
83 104
0 66
7 115
7 66
66 104
