*verties 99
23
41
90
0
89
16
44
20
8
63
72
71
49
85
119
37
106
117
86
80
112
29
99
17
88
108
42
5
116
2
46
105
77
115
55
33
28
24
31
38
113
97
58
69
76
73
51
103
12
43
27
52
32
34
35
101
109
82
104
26
98
14
114
96
39
13
66
47
61
40
21
60
30
110
102
9
36
111
75
18
59
57
83
94
45
15
65
1
10
19
87
48
7
93
64
74
22
56
107
*edges 
23 90
23 16
23 119
23 37
23 86
23 29
23 108
23 42
23 33
23 31
23 97
23 109
23 14
23 110
23 18
23 59
23 83
23 15
23 1
23 64
41 16
41 44
41 20
41 99
41 17
41 88
41 116
41 2
41 77
41 28
41 38
41 58
41 43
41 52
41 101
41 40
41 102
41 15
41 19
41 48
41 64
41 107
90 106
90 117
90 80
90 33
90 69
90 32
90 109
90 98
90 114
90 96
90 60
90 83
90 94
90 1
90 87
90 93
90 64
90 56
0 89
0 44
0 72
0 49
0 85
0 86
0 46
0 33
0 24
0 38
0 97
0 27
0 32
0 34
0 35
0 101
0 96
0 13
0 21
0 102
0 59
0 94
0 48
0 7
0 93
0 56
89 63
89 71
89 86
89 80
89 29
89 99
89 105
89 115
89 33
89 73
89 61
89 21
89 60
89 110
89 102
89 36
89 10
16 71
16 49
16 119
16 5
16 2
16 46
16 105
16 55
16 28
16 31
16 38
16 73
16 103
16 52
16 104
16 98
16 14
16 66
16 47
16 21
16 36
16 59
16 65
16 87
44 8
44 42
44 28
44 31
44 76
44 51
44 12
44 27
44 52
44 104
44 98
44 66
44 9
44 94
44 45
44 65
44 64
44 74
44 56
20 8
20 106
20 86
20 80
20 17
20 108
20 116
20 33
20 24
20 58
20 27
20 52
20 101
20 98
20 114
20 96
20 39
20 66
20 30
20 45
20 56
20 107
8 72
8 85
8 106
8 46
8 38
8 69
8 43
8 34
8 39
8 13
8 66
8 47
8 60
8 30
8 18
8 74
63 49
63 80
63 73
63 43
63 101
63 109
63 14
63 39
63 83
72 49
72 106
72 117
72 112
72 17
72 108
72 5
72 2
72 31
72 113
72 58
72 12
72 52
72 34
72 35
72 13
72 60
72 94
72 64
72 107
71 49
71 119
71 112
71 99
71 17
71 2
71 38
71 113
71 69
71 27
71 52
71 21
71 45
71 15
71 10
71 56
71 107
49 37
49 46
49 55
49 58
49 52
49 34
49 101
49 104
49 114
49 21
49 111
49 45
49 65
49 87
85 106
85 42
85 5
85 115
85 24
85 97
85 12
85 109
85 26
85 98
85 114
85 13
85 47
85 61
85 56
119 29
119 76
119 43
119 98
119 60
119 30
119 102
119 36
119 59
119 57
119 94
119 48
119 7
119 64
37 86
37 112
37 29
37 108
37 115
37 28
37 113
37 58
37 69
37 51
37 103
37 40
37 30
37 36
37 57
37 15
37 19
37 93
106 117
106 46
106 55
106 28
106 113
106 12
106 82
106 26
106 75
117 99
117 42
117 46
117 38
117 58
117 34
117 82
117 104
117 26
117 114
117 40
117 30
117 110
117 36
117 18
117 15
117 56
86 80
86 112
86 99
86 31
86 69
86 12
86 43
86 32
86 101
86 109
86 39
86 47
86 110
86 9
86 36
86 83
86 10
80 112
80 116
80 2
80 77
80 31
80 38
80 103
80 32
80 34
80 101
80 110
80 102
80 9
80 75
80 57
80 15
80 107
112 29
112 5
112 55
112 51
112 12
112 52
112 34
112 82
112 40
112 102
112 9
112 36
112 94
112 22
29 88
29 2
29 115
29 51
29 43
29 27
29 14
29 66
29 61
29 21
29 9
29 111
29 75
29 57
29 1
29 7
29 56
29 107
99 42
99 5
99 2
99 33
99 31
99 38
99 113
99 32
99 39
99 47
99 9
99 83
99 94
99 19
99 87
17 42
17 116
17 31
17 98
17 96
17 40
17 21
17 94
17 45
17 87
88 108
88 55
88 24
88 76
88 109
88 82
88 104
88 47
88 102
88 9
88 111
88 75
88 18
88 57
88 83
88 65
88 10
88 93
88 64
88 56
108 46
108 115
108 76
108 103
108 12
108 35
108 101
108 26
108 98
108 14
108 96
108 39
108 47
108 110
108 94
108 45
108 1
108 87
42 115
42 33
42 38
42 43
42 101
42 47
42 61
42 21
42 30
42 9
42 111
42 75
42 57
42 83
42 10
5 105
5 31
5 69
5 34
5 35
5 26
5 14
5 39
5 110
5 102
5 87
5 56
116 46
116 105
116 55
116 24
116 97
116 69
116 27
116 35
116 101
116 109
116 13
116 47
116 18
116 65
116 87
116 22
2 77
2 28
2 31
2 51
2 12
2 27
2 32
2 82
2 104
2 39
2 66
2 61
2 9
2 36
2 75
2 18
2 57
2 19
2 7
2 93
46 33
46 113
46 97
46 69
46 101
46 104
46 98
46 66
46 60
46 102
46 65
46 10
46 64
46 22
46 107
105 77
105 58
105 73
105 103
105 27
105 34
105 104
105 98
105 39
105 47
105 9
105 111
105 18
105 57
105 1
105 64
77 24
77 38
77 12
77 52
77 32
77 26
77 57
77 83
77 45
77 15
77 65
77 48
77 93
77 64
115 97
115 73
115 32
115 39
115 110
115 102
115 57
115 94
115 87
55 38
55 113
55 97
55 43
55 32
55 35
55 114
55 39
55 66
55 111
55 59
55 57
55 15
55 1
55 93
33 24
33 38
33 113
33 97
33 12
33 34
33 26
33 14
33 13
33 102
33 9
33 18
33 45
33 15
33 56
28 24
28 76
28 27
28 26
28 66
28 111
28 7
28 64
28 56
24 113
24 69
24 76
24 73
24 51
24 43
24 34
24 35
24 109
24 82
24 40
24 18
24 15
24 87
24 93
31 97
31 58
31 32
31 109
31 39
31 47
31 59
31 65
31 1
31 19
38 58
38 69
38 12
38 27
38 104
38 98
38 96
38 39
38 13
38 47
38 61
38 40
38 21
38 30
38 110
38 75
38 45
38 65
38 93
38 74
38 107
113 12
113 43
113 27
113 96
113 47
113 61
113 9
113 57
113 83
113 19
113 87
113 7
113 74
113 56
97 109
97 114
97 47
97 30
97 110
97 9
97 75
97 83
97 19
97 7
97 64
97 107
58 51
58 82
58 96
58 39
58 66
58 111
58 18
58 57
58 45
58 65
58 10
58 56
69 76
69 103
69 43
69 109
69 26
69 14
69 60
69 30
69 75
69 83
69 45
76 47
76 57
76 83
76 94
76 65
76 19
76 48
73 52
73 32
73 34
73 26
73 114
73 13
73 66
73 40
73 30
73 57
73 65
73 1
73 64
73 74
73 22
51 103
51 43
51 35
51 101
51 109
51 98
51 14
51 66
51 21
51 60
51 102
51 9
51 18
51 94
51 45
51 65
51 19
51 93
103 82
103 104
103 98
103 14
103 39
103 13
103 61
103 21
103 9
103 57
103 15
103 1
103 19
103 48
12 34
12 104
12 98
12 14
12 114
12 47
12 40
12 21
12 30
12 59
12 15
12 19
12 87
12 7
43 82
43 96
43 30
43 59
43 65
43 1
43 19
43 87
27 101
27 109
27 114
27 110
27 102
27 9
27 36
27 18
52 32
52 109
52 26
52 39
52 66
52 40
52 110
52 102
52 59
52 87
52 7
52 64
52 74
52 22
52 107
32 34
32 101
32 114
32 39
32 66
32 110
32 111
32 75
32 15
32 107
34 14
34 13
34 66
34 61
34 30
34 110
34 102
34 75
34 59
34 57
34 65
34 19
35 14
35 13
35 66
35 47
35 61
35 21
35 18
35 57
35 83
35 74
35 22
101 104
101 39
101 47
101 30
101 59
101 57
101 94
101 1
101 87
101 93
109 114
109 40
109 60
109 102
109 36
109 59
109 94
109 64
109 22
82 96
82 110
82 111
82 18
82 83
82 45
82 48
82 7
82 74
104 96
104 21
104 110
104 102
104 57
104 83
104 22
26 13
26 30
26 83
26 94
26 74
98 14
98 60
98 57
98 19
98 48
98 7
98 74
14 114
14 18
14 59
14 93
14 64
14 74
14 107
114 60
114 9
114 111
114 18
114 94
114 10
114 87
114 64
96 60
96 30
96 75
96 93
96 74
96 22
96 56
96 107
39 21
39 60
39 102
39 36
39 59
39 1
39 19
39 22
13 94
13 45
13 10
13 93
13 22
66 30
66 110
66 9
66 111
66 45
66 1
66 19
66 93
47 61
47 110
47 111
47 57
47 10
47 19
47 93
61 30
61 9
61 10
61 93
40 60
40 102
40 83
40 15
40 10
40 87
40 64
40 22
21 60
21 9
21 59
21 83
21 65
21 74
21 22
60 36
60 75
60 19
60 7
30 36
30 57
30 15
30 1
30 87
30 22
30 56
110 9
110 83
110 94
110 10
110 93
110 64
102 75
102 57
102 15
102 65
102 1
102 107
9 36
9 75
9 83
9 45
9 1
9 10
9 48
9 7
9 107
36 111
36 18
36 10
36 93
36 64
36 74
111 75
111 18
111 59
111 83
111 10
75 1
75 19
75 48
75 7
75 64
18 83
18 15
18 56
59 57
59 45
59 10
59 87
59 93
59 22
57 93
83 15
83 65
83 87
83 93
94 48
94 22
45 10
45 87
15 65
15 64
65 10
65 93
1 10
1 64
1 56
10 87
10 48
10 7
10 64
87 22
48 22
7 74
93 74
64 22
74 56
