*verties 96
37
85
106
8
86
14
26
4
13
50
11
44
49
77
51
9
39
64
102
60
110
107
55
17
108
2
5
25
61
30
92
63
40
45
83
119
112
21
36
23
0
88
72
116
10
81
75
68
79
33
41
69
109
94
99
97
32
42
47
56
74
118
90
57
65
27
12
78
62
54
73
1
53
71
101
48
100
111
20
18
28
95
103
114
3
34
113
105
84
104
115
93
66
67
59
58
*edges 
37 106
37 8
37 86
37 14
37 26
37 13
37 50
37 44
37 49
37 77
37 51
37 102
37 110
37 55
37 17
37 5
37 25
37 61
37 30
37 63
37 45
37 119
37 112
37 21
37 23
37 0
37 72
37 116
37 10
37 81
37 75
37 33
37 109
37 97
37 32
37 42
37 47
37 56
37 74
37 118
37 90
37 57
37 65
37 27
37 12
37 78
37 62
37 54
37 73
37 71
37 101
37 48
37 100
37 111
37 20
37 18
37 28
37 95
37 103
37 34
37 113
37 105
37 84
37 93
37 66
37 67
37 58
85 106
85 8
85 86
85 13
85 50
85 11
85 51
85 39
85 102
85 107
85 55
85 17
85 5
85 25
85 61
85 30
85 92
85 63
85 40
85 83
85 36
85 23
85 88
85 116
85 10
85 75
85 79
85 33
85 41
85 99
85 97
85 32
85 47
85 56
85 118
85 90
85 57
85 65
85 27
85 12
85 78
85 54
85 1
85 53
85 71
85 101
85 48
85 100
85 20
85 95
85 114
85 3
85 34
85 113
85 105
85 104
85 115
85 93
85 66
85 67
85 59
85 58
106 8
106 86
106 26
106 4
106 11
106 49
106 77
106 55
106 108
106 5
106 25
106 61
106 30
106 40
106 45
106 83
106 119
106 112
106 0
106 72
106 116
106 75
106 68
106 79
106 33
106 41
106 69
106 94
106 97
106 32
106 42
106 74
106 118
106 90
106 65
106 12
106 78
106 62
106 54
106 1
106 53
106 71
106 101
106 100
106 28
106 95
106 114
106 3
106 34
106 84
106 104
106 115
106 66
106 67
106 58
8 26
8 4
8 11
8 44
8 49
8 77
8 9
8 39
8 64
8 102
8 60
8 110
8 55
8 17
8 108
8 25
8 61
8 30
8 92
8 40
8 112
8 21
8 0
8 72
8 10
8 81
8 68
8 79
8 41
8 69
8 109
8 94
8 99
8 97
8 118
8 27
8 12
8 78
8 73
8 71
8 101
8 100
8 111
8 20
8 18
8 28
8 103
8 114
8 34
8 105
8 84
8 104
8 115
8 93
8 66
86 14
86 26
86 4
86 13
86 50
86 11
86 44
86 77
86 9
86 64
86 102
86 110
86 55
86 17
86 108
86 25
86 61
86 30
86 92
86 40
86 119
86 112
86 88
86 10
86 81
86 68
86 79
86 33
86 41
86 94
86 97
86 47
86 56
86 90
86 27
86 12
86 62
86 54
86 73
86 1
86 53
86 71
86 20
86 28
86 95
86 103
86 114
86 113
86 105
86 84
86 104
86 115
86 93
86 66
86 67
86 59
86 58
14 26
14 13
14 11
14 77
14 51
14 39
14 64
14 102
14 60
14 110
14 108
14 2
14 25
14 30
14 92
14 63
14 83
14 119
14 21
14 23
14 88
14 68
14 79
14 41
14 109
14 94
14 32
14 56
14 57
14 27
14 78
14 73
14 53
14 71
14 101
14 48
14 100
14 111
14 20
14 95
14 34
14 113
14 105
14 84
14 104
14 93
14 67
14 58
26 4
26 13
26 11
26 49
26 77
26 9
26 64
26 102
26 60
26 107
26 108
26 2
26 5
26 25
26 61
26 30
26 92
26 83
26 119
26 112
26 21
26 36
26 23
26 0
26 72
26 10
26 68
26 79
26 33
26 41
26 99
26 97
26 32
26 42
26 47
26 56
26 74
26 118
26 90
26 57
26 65
26 12
26 78
26 62
26 53
26 71
26 101
26 48
26 100
26 111
26 20
26 95
26 103
26 114
26 3
26 34
26 105
26 115
26 93
26 67
26 58
4 13
4 11
4 49
4 77
4 51
4 39
4 64
4 102
4 55
4 108
4 2
4 61
4 92
4 45
4 112
4 21
4 36
4 72
4 116
4 10
4 81
4 75
4 68
4 33
4 69
4 94
4 97
4 32
4 42
4 47
4 56
4 118
4 57
4 65
4 12
4 78
4 54
4 1
4 71
4 101
4 18
4 28
4 103
4 3
4 34
4 113
4 105
4 84
4 104
4 115
4 93
4 58
13 50
13 11
13 49
13 77
13 51
13 39
13 64
13 60
13 110
13 107
13 17
13 108
13 5
13 25
13 61
13 30
13 92
13 40
13 45
13 83
13 119
13 112
13 21
13 36
13 0
13 88
13 72
13 116
13 10
13 81
13 79
13 33
13 41
13 94
13 99
13 32
13 42
13 56
13 90
13 57
13 65
13 12
13 78
13 62
13 54
13 73
13 1
13 53
13 71
13 101
13 100
13 111
13 20
13 28
13 95
13 103
13 34
13 105
13 84
13 104
13 93
13 66
13 59
13 58
50 11
50 49
50 77
50 51
50 9
50 39
50 102
50 60
50 110
50 55
50 17
50 108
50 2
50 5
50 25
50 61
50 30
50 92
50 63
50 40
50 45
50 83
50 112
50 21
50 23
50 88
50 72
50 10
50 75
50 68
50 79
50 41
50 94
50 99
50 47
50 56
50 74
50 118
50 90
50 27
50 78
50 62
50 54
50 1
50 101
50 48
50 100
50 111
50 95
50 114
50 3
50 34
50 113
50 105
50 84
50 104
50 115
50 66
50 67
50 59
50 58
11 49
11 51
11 9
11 64
11 102
11 110
11 55
11 17
11 2
11 5
11 25
11 30
11 92
11 63
11 40
11 83
11 119
11 112
11 21
11 23
11 0
11 88
11 72
11 116
11 10
11 81
11 41
11 109
11 94
11 99
11 32
11 47
11 56
11 74
11 118
11 12
11 62
11 73
11 1
11 53
11 71
11 101
11 48
11 20
11 18
11 28
11 95
11 103
11 114
11 34
11 113
11 105
11 84
11 104
11 115
11 66
11 59
11 58
44 49
44 77
44 39
44 64
44 110
44 55
44 2
44 5
44 25
44 61
44 30
44 92
44 63
44 40
44 45
44 83
44 112
44 21
44 36
44 23
44 0
44 88
44 72
44 10
44 81
44 75
44 79
44 33
44 41
44 69
44 109
44 94
44 99
44 97
44 32
44 42
44 74
44 118
44 90
44 57
44 27
44 62
44 53
44 71
44 48
44 100
44 111
44 20
44 28
44 114
44 3
44 113
44 105
44 115
44 66
44 59
44 58
49 77
49 51
49 39
49 102
49 60
49 107
49 17
49 25
49 61
49 30
49 45
49 112
49 23
49 0
49 72
49 116
49 10
49 79
49 41
49 69
49 94
49 99
49 97
49 32
49 42
49 47
49 56
49 90
49 57
49 12
49 62
49 1
49 53
49 101
49 48
49 100
49 111
49 20
49 18
49 95
49 103
49 114
49 3
49 34
49 113
49 104
49 93
49 66
49 67
49 59
49 58
77 9
77 39
77 64
77 102
77 110
77 107
77 55
77 25
77 61
77 40
77 83
77 112
77 21
77 23
77 0
77 88
77 72
77 116
77 10
77 81
77 68
77 79
77 33
77 41
77 69
77 94
77 32
77 47
77 56
77 74
77 118
77 90
77 57
77 65
77 12
77 78
77 73
77 1
77 53
77 111
77 20
77 28
77 95
77 114
77 3
77 104
77 93
77 66
77 67
77 59
77 58
51 9
51 39
51 64
51 102
51 60
51 55
51 108
51 2
51 5
51 25
51 30
51 63
51 40
51 45
51 119
51 112
51 36
51 72
51 116
51 75
51 68
51 79
51 41
51 69
51 94
51 99
51 47
51 74
51 118
51 57
51 65
51 12
51 78
51 62
51 54
51 73
51 1
51 53
51 71
51 101
51 48
51 20
51 18
51 103
51 114
51 3
51 113
51 84
51 93
51 59
51 58
9 39
9 64
9 102
9 60
9 110
9 107
9 17
9 108
9 2
9 5
9 25
9 30
9 92
9 63
9 119
9 112
9 21
9 0
9 116
9 10
9 81
9 75
9 33
9 41
9 69
9 109
9 94
9 99
9 56
9 74
9 118
9 65
9 12
9 78
9 62
9 73
9 1
9 53
9 71
9 101
9 48
9 100
9 111
9 18
9 95
9 103
9 114
9 34
9 113
9 105
9 84
9 93
9 66
9 67
9 59
9 58
39 64
39 107
39 55
39 17
39 108
39 2
39 5
39 61
39 30
39 92
39 45
39 83
39 0
39 88
39 72
39 116
39 68
39 41
39 69
39 109
39 97
39 32
39 42
39 56
39 74
39 118
39 90
39 57
39 65
39 12
39 78
39 62
39 54
39 73
39 1
39 53
39 71
39 48
39 111
39 20
39 18
39 28
39 95
39 103
39 114
39 3
39 34
39 105
39 104
39 115
39 93
39 66
39 67
39 59
64 60
64 110
64 107
64 17
64 108
64 2
64 5
64 61
64 30
64 92
64 63
64 45
64 83
64 119
64 112
64 36
64 23
64 88
64 81
64 68
64 79
64 33
64 41
64 109
64 94
64 32
64 42
64 47
64 56
64 74
64 118
64 57
64 27
64 12
64 78
64 62
64 54
64 53
64 71
64 101
64 111
64 20
64 28
64 103
64 3
64 105
64 84
64 115
64 93
64 66
64 67
64 59
102 60
102 110
102 107
102 17
102 2
102 25
102 61
102 30
102 45
102 83
102 119
102 21
102 36
102 23
102 0
102 88
102 72
102 81
102 79
102 41
102 69
102 109
102 94
102 99
102 42
102 47
102 74
102 118
102 65
102 27
102 12
102 78
102 101
102 100
102 20
102 18
102 95
102 103
102 114
102 3
102 34
102 113
102 104
102 115
102 93
102 66
102 67
102 59
102 58
60 110
60 107
60 108
60 5
60 25
60 30
60 92
60 63
60 40
60 45
60 83
60 119
60 112
60 21
60 36
60 23
60 0
60 88
60 72
60 116
60 10
60 81
60 75
60 79
60 33
60 41
60 69
60 109
60 99
60 97
60 42
60 47
60 56
60 90
60 57
60 65
60 12
60 78
60 62
60 54
60 53
60 71
60 100
60 111
60 18
60 28
60 114
60 3
60 34
60 113
60 105
60 104
60 115
60 93
60 66
60 67
60 59
110 107
110 17
110 108
110 61
110 92
110 83
110 119
110 36
110 23
110 0
110 88
110 72
110 116
110 10
110 81
110 68
110 79
110 33
110 41
110 69
110 99
110 47
110 56
110 74
110 118
110 90
110 57
110 27
110 12
110 54
110 73
110 1
110 53
110 71
110 101
110 48
110 100
110 111
110 20
110 18
110 95
110 103
110 114
110 113
110 84
110 104
110 115
110 93
110 66
110 67
110 59
110 58
107 55
107 17
107 108
107 2
107 61
107 92
107 63
107 40
107 83
107 112
107 36
107 0
107 88
107 72
107 116
107 10
107 68
107 79
107 41
107 69
107 94
107 99
107 32
107 42
107 47
107 74
107 118
107 90
107 57
107 12
107 78
107 62
107 54
107 73
107 1
107 53
107 71
107 100
107 111
107 20
107 18
107 28
107 95
107 103
107 114
107 3
107 34
107 105
107 104
107 93
107 67
107 59
107 58
55 17
55 108
55 5
55 25
55 61
55 30
55 63
55 119
55 88
55 116
55 10
55 81
55 75
55 68
55 79
55 33
55 41
55 69
55 109
55 99
55 97
55 32
55 47
55 56
55 74
55 118
55 90
55 65
55 12
55 54
55 1
55 71
55 100
55 20
55 28
55 95
55 103
55 3
55 34
55 113
55 84
55 115
55 93
55 66
55 67
55 59
55 58
17 2
17 5
17 25
17 61
17 92
17 63
17 40
17 45
17 83
17 36
17 23
17 0
17 88
17 72
17 10
17 81
17 75
17 79
17 41
17 69
17 94
17 99
17 97
17 42
17 56
17 74
17 90
17 57
17 65
17 27
17 12
17 54
17 73
17 1
17 53
17 71
17 101
17 48
17 111
17 20
17 18
17 95
17 103
17 113
17 105
17 66
17 59
17 58
108 2
108 25
108 61
108 63
108 40
108 45
108 83
108 119
108 112
108 21
108 88
108 72
108 10
108 81
108 68
108 33
108 41
108 69
108 109
108 94
108 99
108 97
108 32
108 42
108 118
108 90
108 57
108 12
108 78
108 62
108 54
108 1
108 53
108 101
108 48
108 100
108 111
108 18
108 114
108 105
108 84
108 104
108 115
108 66
108 67
108 59
2 5
2 25
2 61
2 92
2 40
2 45
2 83
2 119
2 112
2 36
2 23
2 88
2 72
2 10
2 81
2 68
2 79
2 33
2 109
2 94
2 97
2 42
2 56
2 74
2 118
2 90
2 57
2 27
2 12
2 78
2 62
2 54
2 73
2 53
2 101
2 48
2 28
2 95
2 103
2 3
2 34
2 84
2 93
2 66
2 59
5 25
5 61
5 30
5 40
5 45
5 83
5 119
5 112
5 23
5 88
5 116
5 10
5 75
5 68
5 69
5 109
5 99
5 97
5 42
5 47
5 74
5 57
5 65
5 78
5 62
5 54
5 73
5 1
5 101
5 48
5 111
5 20
5 18
5 28
5 114
5 3
5 34
5 113
5 84
5 115
5 93
5 66
5 67
5 59
5 58
25 61
25 30
25 45
25 119
25 112
25 21
25 23
25 0
25 88
25 10
25 81
25 79
25 33
25 41
25 69
25 109
25 97
25 32
25 42
25 74
25 118
25 90
25 57
25 65
25 78
25 62
25 53
25 71
25 101
25 100
25 111
25 20
25 28
25 95
25 103
25 114
25 113
25 105
25 115
25 93
25 66
25 67
25 58
61 92
61 45
61 83
61 119
61 112
61 23
61 72
61 10
61 81
61 68
61 79
61 41
61 69
61 109
61 94
61 99
61 97
61 42
61 47
61 56
61 74
61 118
61 57
61 65
61 27
61 12
61 78
61 62
61 53
61 71
61 101
61 100
61 111
61 20
61 28
61 95
61 3
61 105
61 84
61 104
61 115
61 93
61 66
30 92
30 63
30 40
30 45
30 83
30 119
30 112
30 21
30 0
30 72
30 116
30 10
30 81
30 75
30 68
30 79
30 33
30 41
30 69
30 109
30 94
30 99
30 32
30 47
30 56
30 74
30 90
30 65
30 12
30 78
30 62
30 54
30 73
30 1
30 53
30 71
30 48
30 100
30 111
30 20
30 18
30 28
30 103
30 114
30 3
30 34
30 113
30 105
30 84
30 104
30 93
30 67
30 58
92 40
92 45
92 83
92 119
92 112
92 21
92 23
92 81
92 75
92 33
92 41
92 109
92 99
92 97
92 32
92 47
92 56
92 118
92 90
92 57
92 65
92 27
92 12
92 62
92 54
92 73
92 53
92 71
92 101
92 48
92 100
92 111
92 20
92 28
92 95
92 103
92 114
92 34
92 113
92 84
92 104
92 115
92 93
92 59
92 58
63 40
63 45
63 83
63 21
63 23
63 72
63 116
63 10
63 68
63 33
63 69
63 109
63 94
63 99
63 42
63 47
63 74
63 118
63 65
63 27
63 78
63 73
63 1
63 53
63 101
63 48
63 100
63 111
63 20
63 114
63 3
63 105
63 104
63 115
63 93
63 66
63 59
63 58
40 83
40 119
40 36
40 0
40 116
40 10
40 75
40 41
40 69
40 109
40 99
40 42
40 56
40 74
40 90
40 57
40 65
40 12
40 78
40 62
40 54
40 73
40 1
40 101
40 48
40 100
40 111
40 95
40 103
40 114
40 34
40 113
40 84
40 67
40 58
45 21
45 36
45 0
45 72
45 116
45 10
45 81
45 75
45 79
45 33
45 41
45 69
45 109
45 94
45 97
45 32
45 42
45 47
45 56
45 118
45 90
45 57
45 65
45 12
45 78
45 62
45 73
45 1
45 48
45 111
45 20
45 18
45 3
45 34
45 113
45 105
45 104
45 115
45 93
45 66
45 67
45 59
45 58
83 119
83 36
83 0
83 72
83 116
83 10
83 81
83 75
83 68
83 79
83 33
83 69
83 99
83 97
83 32
83 47
83 74
83 118
83 90
83 65
83 27
83 12
83 78
83 54
83 73
83 1
83 53
83 71
83 101
83 48
83 100
83 111
83 20
83 18
83 95
83 103
83 114
83 113
83 115
83 66
83 67
83 58
119 112
119 21
119 23
119 0
119 88
119 72
119 116
119 10
119 81
119 33
119 69
119 94
119 99
119 97
119 32
119 42
119 47
119 74
119 118
119 57
119 65
119 78
119 62
119 73
119 53
119 71
119 101
119 48
119 100
119 111
119 18
119 28
119 95
119 103
119 114
119 3
119 34
119 105
119 84
119 104
119 115
119 93
119 66
119 59
112 21
112 36
112 23
112 88
112 116
112 10
112 75
112 79
112 69
112 94
112 97
112 32
112 42
112 47
112 56
112 90
112 57
112 65
112 12
112 78
112 73
112 71
112 111
112 18
112 28
112 95
112 103
112 114
112 105
112 115
112 93
112 66
112 58
21 36
21 23
21 0
21 72
21 116
21 10
21 81
21 68
21 79
21 41
21 69
21 109
21 94
21 99
21 32
21 42
21 47
21 56
21 74
21 90
21 57
21 65
21 12
21 62
21 54
21 73
21 1
21 53
21 48
21 111
21 18
21 28
21 34
21 84
21 104
21 93
21 66
21 59
21 58
36 0
36 88
36 81
36 75
36 68
36 79
36 33
36 41
36 69
36 99
36 97
36 32
36 74
36 57
36 65
36 78
36 54
36 1
36 53
36 71
36 101
36 100
36 111
36 20
36 18
36 28
36 103
36 114
36 34
36 113
36 105
36 84
36 115
36 66
36 67
36 59
36 58
23 72
23 116
23 79
23 33
23 69
23 109
23 94
23 99
23 97
23 32
23 42
23 47
23 56
23 74
23 118
23 90
23 57
23 65
23 27
23 12
23 62
23 54
23 73
23 1
23 71
23 101
23 48
23 100
23 18
23 95
23 103
23 114
23 93
23 59
23 58
0 116
0 81
0 75
0 68
0 79
0 41
0 69
0 109
0 94
0 99
0 97
0 32
0 42
0 47
0 56
0 74
0 118
0 90
0 57
0 65
0 54
0 73
0 1
0 53
0 71
0 101
0 48
0 100
0 111
0 20
0 95
0 103
0 114
0 113
0 105
0 84
0 104
0 115
0 67
0 59
88 10
88 81
88 75
88 68
88 79
88 41
88 69
88 109
88 94
88 99
88 97
88 32
88 42
88 47
88 74
88 118
88 57
88 12
88 78
88 62
88 54
88 73
88 1
88 53
88 71
88 101
88 48
88 100
88 20
88 18
88 28
88 103
88 114
88 3
88 113
88 105
88 84
88 93
88 66
72 10
72 81
72 79
72 41
72 69
72 94
72 97
72 90
72 57
72 62
72 54
72 1
72 53
72 71
72 101
72 100
72 111
72 20
72 28
72 114
72 3
72 105
72 104
72 93
72 67
72 59
72 58
116 81
116 68
116 79
116 33
116 109
116 94
116 99
116 97
116 32
116 42
116 47
116 74
116 118
116 90
116 57
116 12
116 78
116 62
116 54
116 101
116 48
116 100
116 111
116 20
116 18
116 28
116 95
116 3
116 34
116 113
116 104
116 115
116 93
116 59
116 58
10 81
10 68
10 79
10 33
10 41
10 69
10 109
10 94
10 97
10 32
10 65
10 27
10 78
10 73
10 1
10 53
10 71
10 101
10 111
10 20
10 18
10 95
10 114
10 113
10 93
10 66
10 58
81 75
81 68
81 79
81 33
81 69
81 109
81 94
81 99
81 32
81 42
81 47
81 56
81 74
81 90
81 57
81 65
81 27
81 78
81 62
81 54
81 53
81 71
81 48
81 100
81 111
81 18
81 103
81 114
81 3
81 105
81 84
81 115
81 66
81 59
81 58
75 68
75 79
75 33
75 41
75 94
75 99
75 97
75 42
75 47
75 56
75 74
75 118
75 90
75 57
75 65
75 27
75 12
75 78
75 62
75 54
75 73
75 1
75 53
75 71
75 101
75 48
75 20
75 28
75 95
75 103
75 113
75 84
75 104
75 66
75 67
75 59
68 79
68 33
68 41
68 69
68 94
68 97
68 42
68 56
68 74
68 90
68 57
68 65
68 27
68 12
68 78
68 62
68 54
68 73
68 1
68 71
68 100
68 111
68 20
68 28
68 114
68 113
68 105
68 84
68 104
68 115
68 93
68 66
68 67
68 59
68 58
79 69
79 109
79 99
79 97
79 32
79 47
79 74
79 118
79 90
79 65
79 12
79 78
79 62
79 54
79 1
79 71
79 101
79 111
79 20
79 18
79 95
79 103
79 3
79 34
79 105
79 84
79 104
79 115
79 93
79 67
79 59
79 58
33 69
33 109
33 32
33 47
33 118
33 90
33 65
33 27
33 12
33 62
33 54
33 73
33 53
33 71
33 101
33 111
33 18
33 28
33 114
33 3
33 34
33 113
33 84
33 104
33 115
33 93
33 59
41 69
41 94
41 99
41 97
41 32
41 42
41 47
41 56
41 74
41 90
41 57
41 65
41 27
41 12
41 78
41 62
41 54
41 73
41 1
41 53
41 101
41 48
41 100
41 111
41 20
41 18
41 114
41 104
41 93
41 66
41 58
69 99
69 97
69 32
69 47
69 56
69 74
69 90
69 57
69 27
69 12
69 62
69 73
69 53
69 71
69 48
69 111
69 20
69 28
69 95
69 103
69 114
69 3
69 105
69 84
69 115
69 93
69 66
69 67
69 59
109 94
109 99
109 97
109 32
109 42
109 56
109 74
109 118
109 57
109 65
109 27
109 12
109 62
109 1
109 53
109 71
109 101
109 48
109 100
109 111
109 18
109 28
109 95
109 103
109 114
109 3
109 34
109 113
109 105
109 84
109 115
109 93
109 66
109 67
109 59
94 97
94 32
94 47
94 56
94 74
94 118
94 90
94 57
94 65
94 27
94 78
94 54
94 73
94 53
94 71
94 101
94 48
94 100
94 111
94 18
94 28
94 103
94 3
94 34
94 113
94 105
94 84
94 115
94 67
94 58
99 47
99 74
99 57
99 65
99 78
99 62
99 54
99 1
99 71
99 101
99 100
99 111
99 18
99 103
99 34
99 113
99 105
99 84
99 115
99 93
99 66
99 67
99 59
99 58
97 32
97 47
97 56
97 74
97 90
97 65
97 27
97 78
97 62
97 73
97 1
97 53
97 71
97 101
97 48
97 100
97 111
97 20
97 18
97 28
97 95
97 103
97 114
97 113
97 84
97 104
97 115
97 93
97 66
97 67
97 58
32 42
32 47
32 56
32 74
32 118
32 57
32 65
32 12
32 73
32 1
32 53
32 71
32 20
32 18
32 28
32 95
32 103
32 3
32 113
32 105
32 115
32 66
32 58
42 56
42 74
42 57
42 65
42 27
42 12
42 54
42 73
42 53
42 71
42 101
42 48
42 100
42 20
42 95
42 103
42 114
42 113
42 105
42 84
42 104
42 93
42 67
42 59
42 58
47 74
47 57
47 65
47 12
47 78
47 62
47 54
47 73
47 1
47 53
47 101
47 48
47 100
47 20
47 18
47 95
47 114
47 3
47 113
47 105
47 104
47 115
47 93
47 67
47 58
56 74
56 118
56 90
56 57
56 27
56 12
56 78
56 62
56 54
56 73
56 1
56 53
56 71
56 100
56 111
56 20
56 18
56 28
56 95
56 114
56 3
56 34
56 113
56 84
56 104
56 115
56 66
56 67
56 59
74 118
74 90
74 57
74 65
74 27
74 62
74 73
74 1
74 53
74 101
74 48
74 20
74 18
74 114
74 3
74 113
74 105
74 84
74 104
74 93
74 66
74 59
74 58
118 90
118 65
118 27
118 12
118 78
118 62
118 73
118 1
118 53
118 101
118 100
118 111
118 20
118 28
118 95
118 103
118 114
118 3
118 113
118 84
118 104
118 115
118 93
118 66
118 67
118 59
118 58
90 57
90 65
90 27
90 12
90 78
90 62
90 73
90 101
90 48
90 100
90 111
90 114
90 3
90 34
90 115
90 93
90 66
90 67
57 65
57 27
57 12
57 62
57 54
57 53
57 48
57 100
57 20
57 95
57 103
57 113
57 105
57 104
57 115
57 93
57 66
57 67
57 59
57 58
65 78
65 62
65 54
65 73
65 1
65 53
65 71
65 48
65 100
65 20
65 18
65 95
65 103
65 114
65 34
65 113
65 115
65 66
65 67
65 59
65 58
27 12
27 73
27 1
27 53
27 71
27 101
27 100
27 111
27 20
27 28
27 95
27 103
27 114
27 3
27 34
27 105
27 84
27 104
27 93
27 66
27 59
27 58
12 78
12 62
12 1
12 53
12 71
12 101
12 48
12 100
12 28
12 95
12 103
12 3
12 34
12 84
12 104
12 67
12 59
78 62
78 54
78 73
78 1
78 53
78 71
78 48
78 100
78 28
78 95
78 103
78 114
78 3
78 34
78 113
78 105
78 84
78 115
78 66
62 1
62 101
62 100
62 18
62 28
62 95
62 114
62 34
62 84
62 67
62 59
54 73
54 53
54 48
54 100
54 111
54 20
54 18
54 28
54 103
54 114
54 3
54 34
54 113
54 105
54 104
54 66
54 59
54 58
73 53
73 71
73 48
73 100
73 111
73 20
73 18
73 95
73 114
73 84
73 104
73 115
73 93
73 67
73 58
1 71
1 101
1 100
1 111
1 20
1 28
1 95
1 103
1 114
1 3
1 34
1 113
1 105
1 104
1 93
1 58
53 71
53 101
53 100
53 20
53 28
53 95
53 103
53 114
53 3
53 34
53 113
53 105
53 84
53 93
53 66
53 67
71 101
71 48
71 111
71 20
71 18
71 28
71 103
71 114
71 3
71 34
71 113
71 105
71 84
71 104
71 93
71 67
71 59
101 20
101 28
101 95
101 103
101 114
101 113
101 105
101 104
101 93
101 66
101 67
101 58
48 100
48 20
48 18
48 28
48 103
48 114
48 34
48 113
48 105
48 84
48 104
48 93
48 67
48 59
48 58
100 18
100 28
100 95
100 103
100 3
100 34
100 113
100 105
100 84
100 115
100 93
100 66
100 67
100 59
111 20
111 18
111 28
111 95
111 103
111 114
111 3
111 105
111 104
111 115
111 93
111 59
20 18
20 28
20 103
20 34
20 113
20 115
20 66
20 59
18 95
18 103
18 114
18 3
18 113
18 104
18 66
18 59
28 95
28 103
28 3
28 34
28 113
28 84
28 104
28 115
28 66
28 67
28 59
28 58
95 114
95 3
95 113
95 105
95 115
95 93
95 66
95 67
95 59
95 58
103 114
103 34
103 113
103 105
103 104
103 115
103 93
103 66
103 67
103 59
114 34
114 105
114 84
114 115
114 93
114 67
114 58
3 34
3 113
3 105
3 104
3 93
34 113
34 104
34 115
34 93
34 67
34 58
113 105
113 115
113 93
113 67
113 59
113 58
105 84
105 104
105 67
105 58
84 104
84 115
84 93
84 66
84 67
84 59
84 58
104 66
104 59
115 93
115 66
115 67
93 66
93 67
93 58
66 58
67 58
59 58
