*verties 106
6
63
98
68
9
118
81
47
34
89
96
33
17
104
41
90
35
56
15
71
4
28
101
116
16
107
75
14
39
86
40
109
51
113
72
74
43
105
119
50
100
106
60
24
78
19
44
49
3
59
18
1
117
46
73
30
48
54
58
114
112
85
80
21
79
38
27
97
92
7
22
93
94
31
102
65
99
32
82
29
108
2
11
25
0
42
55
70
103
5
76
52
53
61
45
12
110
26
91
62
84
69
66
23
67
115
*edges 
6 98
6 68
6 81
6 34
6 104
6 41
6 90
6 56
6 15
6 28
6 16
6 107
6 75
6 109
6 113
6 72
6 74
6 105
6 100
6 60
6 24
6 78
6 44
6 59
6 18
6 1
6 73
6 112
6 27
6 93
6 99
6 82
6 2
6 11
6 25
6 42
6 55
6 70
6 103
6 5
6 45
6 110
6 26
6 62
6 84
6 66
6 23
6 67
63 34
63 89
63 41
63 90
63 71
63 28
63 116
63 107
63 75
63 14
63 86
63 109
63 51
63 43
63 105
63 106
63 60
63 19
63 44
63 49
63 3
63 1
63 117
63 46
63 73
63 30
63 48
63 114
63 85
63 92
63 94
63 102
63 32
63 108
63 0
63 53
63 61
63 26
63 62
63 84
63 67
98 9
98 118
98 47
98 34
98 17
98 104
98 41
98 56
98 15
98 101
98 16
98 14
98 86
98 40
98 51
98 74
98 43
98 105
98 50
98 100
98 24
98 44
98 3
98 46
98 58
98 114
98 112
98 80
98 21
98 97
98 7
98 22
98 93
98 94
98 82
98 29
98 70
98 103
98 76
98 52
98 45
98 62
98 84
98 69
98 67
98 115
68 118
68 81
68 89
68 96
68 33
68 104
68 41
68 56
68 15
68 71
68 28
68 16
68 75
68 72
68 119
68 100
68 60
68 78
68 19
68 3
68 117
68 73
68 112
68 85
68 80
68 7
68 22
68 93
68 94
68 65
68 32
68 82
68 11
68 0
68 5
68 45
68 62
68 23
9 81
9 47
9 96
9 33
9 104
9 41
9 35
9 15
9 116
9 14
9 39
9 51
9 113
9 74
9 105
9 100
9 24
9 78
9 19
9 44
9 18
9 30
9 112
9 85
9 21
9 79
9 27
9 92
9 22
9 93
9 65
9 32
9 82
9 29
9 0
9 76
9 52
9 61
9 12
9 91
9 66
9 67
9 115
118 47
118 104
118 41
118 56
118 4
118 101
118 116
118 16
118 75
118 14
118 39
118 51
118 74
118 119
118 100
118 19
118 49
118 46
118 30
118 79
118 38
118 94
118 102
118 65
118 99
118 29
118 42
118 55
118 5
118 26
118 66
118 23
118 67
118 115
81 96
81 104
81 90
81 35
81 15
81 71
81 4
81 28
81 116
81 16
81 107
81 14
81 40
81 113
81 74
81 119
81 50
81 100
81 106
81 60
81 3
81 18
81 46
81 73
81 48
81 58
81 112
81 80
81 79
81 38
81 97
81 92
81 94
81 31
81 102
81 65
81 82
81 29
81 2
81 11
81 103
81 76
81 53
81 45
81 69
81 66
81 23
81 67
47 34
47 33
47 17
47 104
47 41
47 90
47 35
47 56
47 15
47 4
47 28
47 101
47 107
47 14
47 39
47 51
47 72
47 74
47 105
47 119
47 100
47 24
47 78
47 44
47 49
47 117
47 46
47 73
47 54
47 58
47 114
47 112
47 80
47 21
47 27
47 97
47 7
47 94
47 31
47 102
47 82
47 108
47 11
47 25
47 0
47 55
47 5
47 76
47 52
47 61
47 84
47 69
47 66
47 23
47 115
34 96
34 17
34 90
34 56
34 71
34 4
34 75
34 39
34 40
34 72
34 74
34 119
34 60
34 24
34 78
34 19
34 44
34 59
34 117
34 73
34 30
34 48
34 54
34 58
34 112
34 85
34 80
34 21
34 38
34 97
34 22
34 102
34 29
34 108
34 11
34 25
34 42
34 103
34 5
34 52
34 53
34 61
34 12
34 110
34 84
34 23
34 67
34 115
89 96
89 90
89 35
89 56
89 4
89 28
89 101
89 16
89 75
89 14
89 39
89 113
89 74
89 43
89 119
89 50
89 106
89 78
89 19
89 44
89 59
89 30
89 58
89 97
89 65
89 29
89 25
89 55
89 5
89 52
89 61
89 110
89 84
89 69
96 104
96 90
96 15
96 71
96 28
96 116
96 16
96 75
96 14
96 40
96 109
96 51
96 105
96 119
96 100
96 78
96 44
96 49
96 3
96 18
96 1
96 46
96 73
96 48
96 54
96 114
96 112
96 21
96 27
96 7
96 65
96 32
96 82
96 108
96 11
96 103
96 5
96 61
96 45
96 12
96 110
96 26
96 84
96 66
33 17
33 35
33 15
33 71
33 116
33 75
33 14
33 86
33 109
33 74
33 43
33 100
33 60
33 24
33 78
33 44
33 49
33 59
33 117
33 73
33 30
33 54
33 58
33 112
33 80
33 79
33 38
33 27
33 97
33 22
33 93
33 31
33 65
33 99
33 32
33 82
33 108
33 25
33 55
33 70
33 76
33 45
33 62
33 66
33 23
33 67
17 41
17 90
17 35
17 71
17 4
17 116
17 16
17 75
17 39
17 86
17 51
17 74
17 105
17 78
17 19
17 44
17 59
17 1
17 46
17 30
17 48
17 114
17 85
17 80
17 27
17 92
17 93
17 31
17 65
17 99
17 32
17 82
17 108
17 55
17 70
17 103
17 5
17 52
17 53
17 61
17 91
17 84
17 69
104 28
104 16
104 113
104 72
104 43
104 50
104 24
104 78
104 49
104 3
104 59
104 18
104 117
104 54
104 114
104 112
104 21
104 27
104 7
104 22
104 93
104 94
104 31
104 65
104 99
104 29
104 25
104 42
104 55
104 70
104 53
104 110
104 26
104 91
104 84
104 66
104 67
41 107
41 75
41 14
41 39
41 40
41 109
41 51
41 72
41 43
41 50
41 44
41 1
41 46
41 58
41 80
41 21
41 79
41 27
41 65
41 32
41 82
41 108
41 42
41 70
41 5
41 110
41 26
41 91
90 35
90 56
90 71
90 16
90 107
90 14
90 72
90 105
90 119
90 50
90 24
90 78
90 44
90 49
90 46
90 73
90 80
90 79
90 38
90 27
90 31
90 82
90 0
90 70
90 110
90 91
90 84
90 23
90 67
35 56
35 101
35 116
35 14
35 39
35 109
35 51
35 105
35 100
35 24
35 19
35 49
35 1
35 117
35 48
35 54
35 58
35 85
35 21
35 79
35 92
35 7
35 93
35 65
35 2
35 11
35 25
35 70
35 103
35 5
35 45
35 12
35 23
35 67
56 75
56 86
56 109
56 43
56 100
56 106
56 78
56 59
56 18
56 30
56 79
56 38
56 93
56 94
56 31
56 102
56 82
56 29
56 2
56 11
56 42
56 70
56 5
56 53
56 12
56 91
56 62
56 23
15 71
15 4
15 75
15 14
15 39
15 40
15 51
15 113
15 72
15 43
15 100
15 106
15 24
15 3
15 1
15 48
15 54
15 58
15 85
15 21
15 79
15 38
15 92
15 7
15 102
15 32
15 11
15 42
15 61
15 12
15 110
15 91
15 62
15 84
15 66
15 23
15 67
15 115
71 101
71 86
71 40
71 109
71 51
71 72
71 119
71 50
71 19
71 3
71 1
71 117
71 30
71 58
71 114
71 112
71 80
71 38
71 27
71 92
71 31
71 102
71 108
71 2
71 25
71 55
71 70
71 103
71 12
71 84
4 101
4 107
4 75
4 86
4 113
4 74
4 43
4 119
4 100
4 78
4 1
4 73
4 112
4 85
4 80
4 79
4 27
4 97
4 92
4 31
4 82
4 108
4 2
4 25
4 42
4 55
4 70
4 53
4 26
4 62
4 69
28 116
28 75
28 14
28 86
28 51
28 105
28 106
28 24
28 44
28 49
28 1
28 117
28 73
28 30
28 48
28 54
28 114
28 112
28 85
28 21
28 97
28 65
28 99
28 29
28 0
28 70
28 52
28 45
28 12
28 26
28 66
28 115
101 116
101 86
101 40
101 51
101 43
101 105
101 119
101 49
101 59
101 18
101 117
101 73
101 54
101 79
101 27
101 97
101 7
101 22
101 94
101 31
101 108
101 70
101 5
101 76
101 110
101 26
101 91
101 62
101 23
101 67
116 86
116 74
116 43
116 3
116 73
116 48
116 54
116 112
116 80
116 38
116 27
116 97
116 22
116 93
116 32
116 29
116 2
116 25
116 42
116 5
116 52
116 61
116 91
116 84
116 69
116 23
16 107
16 14
16 39
16 40
16 109
16 105
16 50
16 100
16 78
16 19
16 59
16 18
16 1
16 46
16 48
16 54
16 85
16 80
16 92
16 93
16 94
16 65
16 99
16 82
16 42
16 70
16 53
16 12
16 110
16 69
16 66
16 23
107 40
107 109
107 51
107 72
107 74
107 119
107 100
107 106
107 24
107 78
107 19
107 44
107 49
107 3
107 46
107 73
107 30
107 54
107 114
107 112
107 97
107 7
107 22
107 94
107 82
107 25
107 0
107 70
107 103
107 52
107 53
107 61
107 45
107 110
107 84
107 66
75 14
75 39
75 86
75 109
75 72
75 74
75 43
75 105
75 50
75 106
75 60
75 24
75 78
75 3
75 46
75 30
75 54
75 79
75 27
75 94
75 31
75 102
75 99
75 82
75 0
75 55
75 76
75 53
75 26
75 62
75 69
75 66
75 23
75 67
14 86
14 109
14 51
14 72
14 43
14 119
14 100
14 24
14 78
14 44
14 3
14 59
14 18
14 46
14 30
14 54
14 58
14 112
14 38
14 27
14 7
14 22
14 94
14 31
14 102
14 65
14 99
14 108
14 25
14 42
14 5
14 53
14 61
14 45
14 62
14 84
14 69
14 66
39 40
39 113
39 119
39 100
39 60
39 19
39 44
39 49
39 46
39 58
39 114
39 85
39 27
39 97
39 22
39 102
39 65
39 99
39 32
39 25
39 55
39 5
39 53
39 45
39 12
39 84
39 23
39 115
86 40
86 109
86 74
86 119
86 50
86 19
86 49
86 3
86 18
86 1
86 73
86 48
86 54
86 58
86 114
86 112
86 21
86 92
86 7
86 99
86 32
86 108
86 2
86 25
86 42
86 70
86 76
86 52
86 53
86 61
86 45
86 12
86 110
86 91
86 84
40 113
40 72
40 74
40 100
40 3
40 73
40 30
40 54
40 114
40 85
40 21
40 38
40 27
40 22
40 94
40 65
40 99
40 32
40 11
40 42
40 70
40 45
40 91
109 73
109 30
109 85
109 79
109 38
109 94
109 65
109 82
109 29
109 11
109 25
109 42
109 103
109 53
109 45
109 110
109 26
109 91
109 62
109 69
109 23
51 113
51 119
51 60
51 78
51 1
51 117
51 73
51 54
51 114
51 79
51 97
51 7
51 22
51 99
51 32
51 108
51 103
51 76
51 52
51 66
51 67
113 74
113 105
113 119
113 106
113 24
113 78
113 44
113 3
113 59
113 18
113 1
113 117
113 46
113 30
113 58
113 21
113 31
113 32
113 108
113 2
113 25
113 42
113 5
113 61
113 45
113 84
113 66
113 67
72 105
72 50
72 100
72 24
72 49
72 3
72 1
72 117
72 46
72 73
72 112
72 80
72 21
72 27
72 92
72 31
72 102
72 99
72 82
72 11
72 0
72 42
72 5
72 76
72 12
72 26
72 62
72 84
72 66
72 67
74 105
74 119
74 50
74 60
74 78
74 49
74 3
74 18
74 46
74 73
74 54
74 112
74 80
74 97
74 7
74 93
74 94
74 65
74 99
74 32
74 82
74 11
74 0
74 70
74 5
74 76
74 45
74 12
74 91
74 62
74 84
74 66
74 23
43 105
43 106
43 60
43 24
43 78
43 44
43 3
43 48
43 54
43 114
43 112
43 80
43 21
43 38
43 27
43 7
43 94
43 31
43 102
43 99
43 32
43 82
43 11
43 55
43 70
43 52
43 61
43 12
43 91
43 62
43 69
43 23
43 115
105 50
105 106
105 24
105 78
105 44
105 49
105 1
105 46
105 73
105 30
105 58
105 114
105 112
105 80
105 79
105 38
105 92
105 7
105 94
105 102
105 99
105 32
105 82
105 29
105 108
105 2
105 0
105 42
105 55
105 103
105 45
105 23
119 18
119 1
119 117
119 73
119 30
119 112
119 80
119 21
119 27
119 97
119 94
119 82
119 42
119 55
119 52
119 61
119 26
119 69
119 66
119 115
50 106
50 19
50 49
50 3
50 18
50 1
50 30
50 48
50 54
50 58
50 79
50 38
50 27
50 97
50 7
50 22
50 93
50 94
50 31
50 82
50 29
50 0
50 103
50 76
50 52
50 61
50 45
50 110
50 26
100 106
100 60
100 59
100 18
100 1
100 117
100 73
100 54
100 114
100 85
100 79
100 38
100 93
100 29
100 2
100 11
100 53
100 61
100 45
100 12
100 110
100 66
100 115
106 78
106 59
106 18
106 46
106 73
106 30
106 48
106 54
106 58
106 79
106 97
106 7
106 93
106 94
106 65
106 32
106 29
106 108
106 2
106 11
106 25
106 42
106 103
106 76
106 45
106 26
106 91
106 69
106 66
106 23
106 115
60 24
60 78
60 1
60 46
60 30
60 58
60 114
60 85
60 21
60 92
60 93
60 94
60 31
60 65
60 99
60 11
60 55
60 103
60 5
60 76
60 53
60 45
60 110
60 62
60 84
60 69
60 66
24 78
24 49
24 3
24 1
24 48
24 54
24 58
24 112
24 80
24 79
24 38
24 7
24 22
24 31
24 65
24 82
24 29
24 0
24 42
24 55
24 70
24 103
24 76
24 61
24 45
24 12
24 26
24 115
78 49
78 3
78 18
78 54
78 58
78 114
78 112
78 85
78 21
78 97
78 7
78 31
78 102
78 82
78 29
78 108
78 2
78 11
78 0
78 76
78 52
78 53
78 45
78 91
78 62
78 115
19 44
19 59
19 73
19 30
19 54
19 58
19 85
19 80
19 38
19 92
19 94
19 102
19 99
19 32
19 82
19 29
19 25
19 0
19 42
19 55
19 70
19 61
19 45
19 23
44 1
44 117
44 73
44 48
44 58
44 112
44 85
44 21
44 79
44 38
44 92
44 93
44 94
44 31
44 102
44 32
44 2
44 11
44 42
44 103
44 5
44 61
44 110
44 26
44 84
44 69
44 66
44 23
44 67
49 59
49 1
49 73
49 85
49 80
49 21
49 38
49 27
49 7
49 93
49 94
49 31
49 65
49 99
49 29
49 2
49 11
49 55
49 70
49 103
49 52
49 53
49 12
49 84
49 69
49 23
49 115
3 59
3 18
3 46
3 73
3 30
3 114
3 80
3 21
3 79
3 27
3 92
3 7
3 31
3 82
3 29
3 2
3 5
3 53
3 61
3 110
3 26
3 66
59 18
59 1
59 46
59 30
59 58
59 114
59 27
59 92
59 93
59 94
59 102
59 99
59 32
59 82
59 29
59 2
59 0
59 42
59 55
59 5
59 53
59 12
59 62
59 66
59 115
18 117
18 114
18 38
18 27
18 7
18 93
18 94
18 102
18 65
18 29
18 2
18 11
18 25
18 55
18 70
18 103
18 5
18 52
18 61
18 45
18 26
18 62
18 84
1 46
1 73
1 58
1 112
1 85
1 80
1 92
1 82
1 108
1 0
1 42
1 55
1 70
1 103
1 76
1 52
1 61
1 45
1 62
1 66
117 46
117 30
117 54
117 85
117 79
117 38
117 22
117 94
117 31
117 102
117 65
117 32
117 82
117 11
117 0
117 42
117 70
117 5
117 52
117 61
117 45
117 12
117 91
117 62
117 84
117 69
117 115
46 73
46 54
46 58
46 79
46 38
46 7
46 22
46 93
46 94
46 65
46 2
46 25
46 55
46 5
46 52
46 45
46 26
46 91
46 62
46 84
46 69
46 66
73 30
73 21
73 92
73 7
73 31
73 65
73 42
73 55
73 70
73 53
73 45
73 62
73 23
73 115
30 85
30 80
30 21
30 79
30 38
30 27
30 97
30 92
30 22
30 102
30 99
30 82
30 108
30 11
30 25
30 55
30 70
30 103
30 76
30 52
30 53
30 61
30 69
30 23
48 58
48 85
48 21
48 97
48 93
48 94
48 31
48 108
48 11
48 25
48 0
48 42
48 55
48 5
48 76
48 52
48 12
48 110
48 91
48 62
48 84
48 69
48 23
54 114
54 112
54 85
54 21
54 27
54 92
54 7
54 22
54 65
54 32
54 82
54 108
54 0
54 42
54 55
54 5
54 61
54 45
54 26
54 69
54 66
58 112
58 21
58 79
58 97
58 92
58 7
58 93
58 31
58 82
58 108
58 55
58 70
58 103
58 5
58 45
58 12
58 110
58 91
58 62
58 84
58 66
58 67
114 80
114 38
114 27
114 97
114 22
114 102
114 99
114 32
114 29
114 108
114 2
114 25
114 70
114 103
114 76
114 61
114 12
114 26
114 62
114 67
112 79
112 27
112 94
112 99
112 32
112 82
112 108
112 11
112 25
112 0
112 42
112 55
112 5
112 52
112 66
112 23
112 115
85 21
85 27
85 7
85 93
85 94
85 31
85 65
85 99
85 29
85 2
85 11
85 55
85 5
85 52
85 45
85 12
85 110
85 91
85 84
85 69
85 23
85 115
80 21
80 38
80 27
80 97
80 92
80 93
80 31
80 99
80 32
80 82
80 2
80 25
80 0
80 42
80 55
80 103
80 76
80 52
80 45
80 110
80 91
80 62
80 69
80 23
80 115
21 79
21 22
21 93
21 94
21 82
21 29
21 108
21 11
21 25
21 70
21 103
21 5
21 76
21 61
21 45
21 62
21 66
21 67
21 115
79 92
79 93
79 31
79 2
79 25
79 5
79 53
79 69
79 23
79 67
79 115
38 94
38 102
38 65
38 0
38 5
38 53
38 61
38 91
38 84
38 69
38 23
27 22
27 93
27 102
27 65
27 99
27 11
27 55
27 70
27 103
27 76
27 52
27 61
27 91
27 66
27 115
97 92
97 7
97 22
97 93
97 31
97 65
97 32
97 11
97 55
97 5
97 76
97 61
97 45
97 26
97 91
97 115
92 22
92 93
92 102
92 65
92 99
92 29
92 11
92 25
92 5
92 76
92 53
92 61
92 45
92 26
92 66
92 67
7 93
7 94
7 102
7 65
7 99
7 32
7 0
7 42
7 55
7 70
7 61
7 12
7 26
7 91
7 23
7 67
22 94
22 31
22 102
22 99
22 82
22 29
22 108
22 2
22 42
22 70
22 5
22 53
22 12
22 62
22 69
22 23
93 65
93 99
93 108
93 25
93 0
93 42
93 103
93 76
93 52
93 45
93 12
93 110
93 26
93 91
93 66
93 23
94 65
94 82
94 29
94 108
94 2
94 11
94 25
94 0
94 55
94 5
94 76
94 53
94 110
94 69
94 66
94 23
94 115
31 65
31 32
31 11
31 25
31 0
31 55
31 76
31 52
31 53
31 61
31 110
31 115
102 65
102 82
102 11
102 0
102 42
102 76
102 45
102 91
102 84
65 99
65 29
65 108
65 2
65 25
65 0
65 42
65 55
65 70
65 103
65 5
65 76
65 53
65 45
65 26
65 91
65 62
65 67
99 32
99 82
99 108
99 11
99 25
99 0
99 55
99 76
99 52
99 61
99 84
99 67
32 29
32 42
32 5
32 76
32 53
32 45
32 12
32 69
32 66
32 67
82 29
82 2
82 42
82 70
82 103
82 52
82 53
82 26
82 91
82 69
29 11
29 25
29 110
29 91
29 23
29 115
108 42
108 55
108 5
108 76
108 53
108 61
108 110
108 66
2 11
2 25
2 42
2 55
2 70
2 76
2 45
2 12
2 91
2 84
2 69
2 66
2 23
11 42
11 55
11 103
11 76
11 53
11 12
11 91
11 84
11 23
11 67
25 0
25 42
25 103
25 5
25 76
25 45
25 91
25 84
25 23
0 42
0 55
0 70
0 103
0 5
0 76
0 52
0 53
0 45
0 12
0 69
0 66
0 23
0 67
42 61
42 12
42 69
42 66
42 67
42 115
55 52
55 45
55 12
55 110
55 91
55 62
55 69
55 23
70 103
70 5
70 52
70 53
70 45
70 26
70 91
70 23
103 53
103 61
103 110
103 26
103 91
103 84
103 69
103 66
103 115
5 52
5 53
5 110
5 91
5 84
5 67
5 115
76 26
76 84
76 23
52 12
52 110
52 62
52 66
53 12
53 91
53 62
53 84
53 23
53 115
61 12
61 62
61 84
61 69
61 67
45 91
45 62
45 84
45 23
12 62
12 69
12 115
110 91
110 23
110 67
110 115
26 91
26 62
26 69
26 23
26 67
91 23
91 67
91 115
62 66
62 23
62 115
69 66
69 23
69 67
23 67
67 115
