*verties 106
17
39
4
74
67
41
45
76
55
18
115
13
68
63
53
78
108
79
109
62
105
56
57
72
10
111
37
51
82
36
22
1
52
66
49
24
32
100
116
11
97
84
58
80
86
117
0
46
5
43
112
9
69
54
26
83
19
25
104
27
106
89
94
107
20
40
29
88
102
101
61
119
103
118
59
73
50
48
34
3
93
65
96
12
42
87
2
110
21
70
60
23
7
92
98
95
99
71
77
90
33
14
64
44
113
28
*edges 
17 45
17 55
17 13
17 32
17 97
17 69
17 27
17 106
17 29
17 119
17 118
17 34
17 93
17 71
17 14
39 54
39 26
39 104
39 94
39 50
39 65
39 2
39 60
39 92
39 77
4 67
4 68
4 24
4 32
4 117
4 0
4 27
4 107
4 40
4 29
4 3
4 93
4 33
74 67
74 45
74 108
74 105
74 10
74 82
74 1
74 80
74 104
74 101
74 59
74 48
74 12
74 7
67 108
67 51
67 1
67 32
67 11
67 69
67 94
41 76
41 55
41 1
41 32
41 100
41 58
41 112
41 83
41 104
41 40
41 87
41 70
41 28
45 58
45 0
45 43
45 106
45 89
45 107
45 103
45 34
45 87
45 110
45 95
76 115
76 68
76 53
76 57
76 72
76 82
76 24
76 5
76 104
76 107
76 119
76 73
76 48
76 110
76 60
76 98
76 113
55 53
55 79
55 56
55 51
55 82
55 49
55 84
55 112
55 69
55 26
55 89
55 29
55 50
55 48
55 87
55 23
55 44
18 115
18 109
18 57
18 52
18 0
18 46
18 112
18 9
18 29
18 65
18 110
115 13
115 62
115 10
115 111
115 66
115 24
115 100
115 117
115 5
115 83
115 106
115 118
115 50
115 65
115 42
115 44
13 56
13 37
13 101
13 61
13 73
13 110
13 90
68 57
68 10
68 52
68 54
68 106
68 102
68 119
68 48
68 65
68 2
68 60
68 113
63 79
63 62
63 100
63 84
63 107
63 34
63 3
63 93
63 14
53 51
53 22
53 32
53 100
53 11
53 84
53 0
53 9
53 83
53 19
53 25
53 102
53 118
53 73
53 48
53 34
53 3
53 93
53 70
53 14
78 80
78 54
78 40
78 29
78 102
78 118
78 59
78 73
78 93
78 23
78 14
78 28
108 79
108 109
108 57
108 111
108 37
108 51
108 82
108 52
108 49
108 32
108 116
108 80
108 46
108 50
108 96
108 12
108 2
108 92
108 113
79 117
79 0
79 5
79 54
79 20
79 29
79 101
79 61
79 119
79 103
79 65
79 96
79 87
79 99
109 62
109 10
109 37
109 51
109 1
109 100
109 80
109 86
109 117
109 0
109 69
109 94
109 118
109 42
109 87
109 23
109 77
109 90
62 56
62 82
62 24
62 100
62 5
62 83
62 107
62 101
62 59
62 21
62 77
62 14
62 44
62 28
105 10
105 82
105 49
105 11
105 43
105 26
105 104
105 27
105 106
105 107
105 103
105 48
105 65
105 71
105 77
105 44
56 10
56 36
56 66
56 49
56 100
56 116
56 69
56 25
56 106
56 94
56 34
56 110
56 99
56 77
57 51
57 52
57 66
57 116
57 86
57 19
57 40
57 73
57 48
57 34
57 87
57 60
72 100
72 5
72 25
72 103
72 48
72 34
72 60
72 71
10 37
10 66
10 49
10 24
10 5
10 87
10 110
10 44
111 37
111 1
111 58
111 0
111 5
111 9
111 26
111 27
111 61
111 118
111 42
111 87
111 70
111 23
111 99
37 51
37 80
37 19
37 104
37 106
37 40
37 61
37 34
37 2
37 21
37 70
37 92
37 71
37 77
37 14
51 86
51 43
51 89
82 66
82 97
82 84
82 43
82 73
82 48
82 87
82 21
82 44
36 112
36 104
36 89
36 20
36 119
36 99
36 64
36 113
22 66
22 11
22 86
22 117
22 69
22 54
22 26
22 102
22 103
22 70
22 14
1 43
1 112
1 94
1 118
1 50
1 48
1 3
1 12
1 23
1 77
52 117
52 5
52 54
52 106
52 101
52 50
52 65
66 116
66 117
66 50
66 21
66 95
66 77
49 11
49 5
49 112
49 102
49 73
49 50
49 71
49 113
24 86
24 69
24 118
24 73
24 60
24 14
32 97
32 43
32 83
32 119
32 50
32 93
32 21
32 7
32 33
32 44
100 97
100 80
100 88
100 23
100 77
100 90
116 84
116 117
116 112
116 29
116 101
116 119
116 103
116 21
116 71
11 84
11 112
11 25
11 40
11 61
11 119
11 42
97 86
97 5
97 43
97 9
97 83
97 27
97 29
97 3
97 110
97 7
97 95
97 14
84 107
84 40
84 103
84 34
84 3
84 70
58 80
58 26
58 19
58 25
58 106
58 61
58 50
80 83
80 29
80 103
80 12
80 21
80 98
80 95
80 71
80 90
80 28
86 117
86 54
86 25
86 119
86 92
86 95
117 5
117 9
117 54
117 101
117 3
117 2
117 110
117 77
117 113
0 54
0 26
0 83
0 25
0 104
0 89
0 92
0 77
0 33
0 64
46 54
46 96
5 26
5 89
5 64
5 28
43 20
43 103
43 59
43 3
43 2
43 23
43 98
43 44
112 9
112 40
112 88
112 48
112 93
112 95
112 28
9 106
9 102
9 119
9 103
9 48
9 42
9 2
9 21
9 14
69 19
69 61
69 103
69 48
69 110
69 71
69 28
54 104
54 88
54 102
54 103
54 48
54 60
54 77
54 33
54 14
26 83
26 27
26 40
26 102
26 98
26 99
26 33
26 113
83 101
83 119
83 103
83 73
83 65
83 99
83 77
83 33
83 44
19 104
19 89
25 119
25 118
25 59
25 65
25 21
25 33
104 27
104 107
104 101
104 34
104 93
104 23
104 14
27 20
27 34
27 42
27 60
106 107
106 20
106 40
106 2
106 70
106 23
106 7
106 28
89 107
89 40
89 88
89 101
89 59
89 73
89 70
89 92
89 98
89 14
94 29
94 118
94 34
94 3
94 28
107 103
107 48
107 23
107 7
107 90
107 14
20 29
20 88
20 64
40 103
40 118
40 59
40 70
40 23
29 61
29 119
29 118
29 48
29 70
29 98
88 101
88 61
88 50
88 7
88 90
102 118
102 65
102 70
102 60
101 50
101 48
101 60
101 23
101 98
101 95
101 90
61 48
61 34
61 110
61 7
61 92
119 118
119 34
119 96
119 70
119 99
119 33
119 64
103 34
103 87
103 77
118 73
118 50
118 44
59 87
59 95
59 14
73 96
73 12
73 95
73 77
50 93
50 110
50 92
50 71
50 33
48 60
48 95
34 23
34 7
34 71
3 95
3 44
93 23
93 92
65 7
65 77
96 98
96 90
96 64
96 113
12 70
12 60
12 92
12 77
12 90
42 87
42 21
42 23
42 33
87 2
87 21
87 33
87 113
87 28
2 90
2 14
110 23
110 77
110 14
21 7
21 92
21 95
21 77
21 90
21 64
70 14
60 23
60 64
23 71
7 95
92 98
98 33
98 14
98 28
33 44
14 113
44 113
44 28
113 28
