*verties 90
73
38
31
43
4
47
70
15
84
72
11
112
42
115
13
69
89
10
75
24
40
102
44
19
29
66
90
0
78
119
26
61
32
14
41
55
16
68
83
49
12
62
50
17
76
105
113
92
39
94
74
20
79
116
34
110
97
21
77
7
109
108
99
114
85
46
53
118
18
45
2
106
27
1
95
56
48
107
103
36
63
9
23
117
101
3
25
86
91
111
*edges 
73 38
73 31
73 4
73 70
73 72
73 115
73 13
73 69
73 89
73 10
73 75
73 44
73 19
73 66
73 90
73 0
73 78
73 26
73 32
73 41
73 55
73 16
73 68
73 83
73 49
73 12
73 50
73 17
73 76
73 113
73 92
73 74
73 20
73 79
73 34
73 21
73 77
73 108
73 114
73 85
73 53
73 18
73 45
73 106
73 27
73 1
73 95
73 103
73 36
73 63
73 117
73 101
73 3
73 25
73 91
73 111
38 31
38 43
38 70
38 84
38 72
38 11
38 69
38 89
38 10
38 102
38 29
38 90
38 0
38 78
38 119
38 68
38 12
38 62
38 17
38 105
38 92
38 39
38 74
38 20
38 34
38 110
38 97
38 114
38 46
38 53
38 118
38 18
38 2
38 106
38 27
38 56
38 48
38 107
38 63
38 25
38 86
38 111
31 43
31 47
31 15
31 72
31 11
31 112
31 42
31 13
31 24
31 102
31 29
31 90
31 0
31 32
31 14
31 16
31 83
31 49
31 12
31 62
31 113
31 74
31 79
31 116
31 97
31 77
31 7
31 109
31 108
31 99
31 46
31 53
31 18
31 45
31 2
31 1
31 95
31 48
31 36
31 9
31 23
31 25
31 91
43 4
43 47
43 84
43 72
43 11
43 112
43 13
43 69
43 89
43 10
43 44
43 19
43 29
43 66
43 61
43 41
43 68
43 83
43 12
43 62
43 50
43 17
43 113
43 92
43 110
43 77
43 109
43 108
43 85
43 46
43 53
43 18
43 56
43 107
43 103
43 63
43 23
43 101
43 25
43 86
43 91
4 47
4 15
4 72
4 11
4 112
4 69
4 89
4 10
4 24
4 40
4 102
4 44
4 78
4 14
4 55
4 16
4 83
4 12
4 50
4 17
4 76
4 105
4 39
4 94
4 20
4 110
4 97
4 21
4 77
4 99
4 114
4 85
4 46
4 53
4 118
4 45
4 106
4 27
4 1
4 95
4 103
4 36
4 63
4 23
4 117
4 101
4 86
4 91
47 15
47 11
47 42
47 115
47 13
47 69
47 89
47 10
47 75
47 24
47 44
47 66
47 90
47 0
47 78
47 119
47 26
47 83
47 49
47 113
47 92
47 94
47 74
47 116
47 110
47 97
47 7
47 109
47 108
47 99
47 114
47 85
47 46
47 53
47 2
47 106
47 1
47 95
47 48
47 107
47 103
47 63
47 101
47 25
70 15
70 84
70 11
70 112
70 13
70 89
70 10
70 75
70 24
70 40
70 102
70 66
70 90
70 26
70 61
70 32
70 14
70 41
70 68
70 49
70 62
70 17
70 105
70 113
70 92
70 39
70 94
70 74
70 20
70 79
70 21
70 7
70 109
70 108
70 99
70 114
70 85
70 46
70 53
70 45
70 106
70 27
70 63
70 3
70 86
70 91
70 111
15 11
15 42
15 69
15 24
15 40
15 44
15 29
15 66
15 0
15 119
15 61
15 32
15 14
15 41
15 55
15 16
15 83
15 12
15 17
15 76
15 105
15 39
15 74
15 79
15 34
15 110
15 109
15 108
15 99
15 114
15 46
15 53
15 118
15 18
15 45
15 2
15 27
15 1
15 95
15 56
15 48
15 36
15 9
15 117
15 25
15 86
15 91
15 111
84 72
84 112
84 13
84 69
84 89
84 10
84 75
84 24
84 102
84 19
84 90
84 78
84 119
84 26
84 14
84 55
84 16
84 68
84 49
84 12
84 62
84 50
84 76
84 113
84 92
84 39
84 94
84 74
84 79
84 116
84 7
84 109
84 99
84 114
84 85
84 46
84 53
84 18
84 45
84 27
84 1
84 48
84 103
84 63
84 9
84 23
84 101
84 3
84 25
72 112
72 42
72 115
72 69
72 75
72 24
72 40
72 102
72 19
72 66
72 90
72 26
72 41
72 55
72 83
72 49
72 17
72 76
72 39
72 94
72 74
72 79
72 116
72 97
72 109
72 99
72 114
72 46
72 45
72 2
72 27
72 1
72 95
72 107
72 103
72 36
72 63
72 9
72 117
72 3
72 25
72 91
72 111
11 112
11 13
11 89
11 40
11 102
11 44
11 66
11 90
11 0
11 119
11 61
11 14
11 41
11 16
11 62
11 50
11 76
11 105
11 92
11 74
11 20
11 79
11 97
11 46
11 53
11 118
11 45
11 27
11 1
11 95
11 107
11 103
11 36
11 9
11 23
11 117
11 101
11 3
11 91
112 24
112 102
112 19
112 29
112 119
112 26
112 61
112 32
112 14
112 41
112 68
112 17
112 76
112 113
112 92
112 39
112 94
112 20
112 79
112 116
112 110
112 21
112 7
112 109
112 99
112 114
112 53
112 118
112 18
112 45
112 2
112 107
112 103
112 36
112 9
112 23
112 86
112 91
42 115
42 13
42 69
42 24
42 40
42 19
42 61
42 32
42 14
42 41
42 16
42 83
42 62
42 50
42 76
42 113
42 92
42 20
42 116
42 34
42 7
42 108
42 99
42 114
42 46
42 18
42 45
42 106
42 27
42 95
42 107
42 103
42 36
42 23
42 117
42 101
42 3
42 25
42 91
42 111
115 89
115 10
115 75
115 40
115 44
115 29
115 0
115 119
115 26
115 61
115 14
115 41
115 55
115 16
115 68
115 83
115 12
115 62
115 17
115 76
115 113
115 92
115 39
115 74
115 34
115 21
115 7
115 108
115 99
115 85
115 53
115 18
115 45
115 2
115 1
115 95
115 56
115 107
115 103
115 36
115 23
115 117
115 25
115 111
13 69
13 89
13 24
13 40
13 44
13 19
13 29
13 66
13 90
13 0
13 78
13 26
13 61
13 32
13 14
13 16
13 68
13 49
13 62
13 17
13 105
13 113
13 92
13 39
13 94
13 74
13 79
13 34
13 110
13 21
13 77
13 7
13 109
13 99
13 114
13 85
13 46
13 18
13 106
13 27
13 1
13 95
13 56
13 48
13 103
13 36
13 63
13 23
13 117
13 91
69 10
69 75
69 40
69 44
69 29
69 66
69 0
69 119
69 41
69 55
69 16
69 68
69 12
69 17
69 105
69 113
69 92
69 79
69 116
69 34
69 97
69 21
69 77
69 7
69 85
69 46
69 53
69 18
69 2
69 95
69 56
69 48
69 107
69 103
69 36
69 9
69 23
69 117
69 101
69 3
69 25
69 86
69 91
89 10
89 24
89 102
89 44
89 0
89 119
89 26
89 32
89 41
89 55
89 16
89 68
89 17
89 113
89 92
89 39
89 94
89 74
89 20
89 34
89 110
89 97
89 21
89 77
89 7
89 108
89 85
89 46
89 118
89 18
89 45
89 2
89 27
89 56
89 48
89 103
89 36
89 117
89 3
89 25
89 111
10 24
10 102
10 44
10 19
10 66
10 119
10 61
10 14
10 55
10 68
10 83
10 12
10 113
10 39
10 94
10 74
10 34
10 97
10 21
10 77
10 7
10 109
10 85
10 46
10 18
10 27
10 95
10 48
10 9
10 23
10 117
10 25
10 91
10 111
75 24
75 44
75 90
75 0
75 78
75 14
75 55
75 16
75 68
75 49
75 62
75 113
75 92
75 94
75 74
75 34
75 7
75 99
75 114
75 85
75 118
75 45
75 2
75 106
75 1
75 56
75 48
75 107
75 63
75 9
75 3
75 25
75 86
75 91
24 40
24 102
24 44
24 19
24 0
24 119
24 26
24 61
24 32
24 41
24 16
24 68
24 12
24 62
24 50
24 76
24 92
24 39
24 79
24 116
24 21
24 77
24 7
24 108
24 99
24 114
24 46
24 118
24 18
24 106
24 1
24 95
24 103
24 9
24 23
24 117
24 101
24 3
40 19
40 29
40 78
40 26
40 14
40 41
40 16
40 49
40 50
40 92
40 39
40 94
40 74
40 34
40 110
40 77
40 109
40 99
40 53
40 118
40 45
40 2
40 27
40 1
40 95
40 56
40 48
40 107
40 9
40 117
40 101
40 3
40 86
40 91
40 111
102 44
102 29
102 66
102 119
102 61
102 32
102 14
102 41
102 55
102 16
102 68
102 76
102 105
102 113
102 39
102 94
102 79
102 34
102 97
102 77
102 7
102 109
102 46
102 2
102 106
102 56
102 48
102 107
102 103
102 36
102 63
102 9
102 117
102 3
102 86
102 111
44 29
44 66
44 0
44 78
44 119
44 26
44 32
44 14
44 55
44 16
44 49
44 113
44 92
44 94
44 74
44 116
44 97
44 21
44 77
44 7
44 99
44 85
44 53
44 2
44 106
44 27
44 107
44 101
44 3
44 25
44 86
44 91
19 66
19 90
19 119
19 26
19 61
19 32
19 14
19 55
19 12
19 50
19 17
19 105
19 113
19 92
19 94
19 79
19 34
19 110
19 97
19 21
19 77
19 7
19 114
19 46
19 45
19 2
19 95
19 56
19 48
19 103
19 36
19 9
19 23
19 101
19 3
19 86
19 91
19 111
29 66
29 90
29 0
29 26
29 61
29 32
29 41
29 16
29 83
29 49
29 12
29 62
29 50
29 17
29 76
29 105
29 113
29 92
29 39
29 94
29 20
29 116
29 110
29 77
29 7
29 99
29 114
29 85
29 46
29 118
29 2
29 95
29 56
29 48
29 107
29 103
29 63
29 23
29 101
29 3
29 86
29 111
66 78
66 119
66 32
66 41
66 55
66 16
66 83
66 49
66 12
66 50
66 113
66 39
66 74
66 20
66 79
66 34
66 110
66 97
66 77
66 108
66 99
66 114
66 46
66 53
66 118
66 45
66 2
66 27
66 1
66 95
66 56
66 48
66 103
66 36
66 63
66 9
66 117
66 3
66 86
66 91
90 0
90 78
90 119
90 61
90 14
90 41
90 55
90 83
90 12
90 17
90 76
90 39
90 94
90 20
90 79
90 116
90 34
90 110
90 97
90 77
90 7
90 114
90 85
90 46
90 118
90 18
90 45
90 2
90 95
90 107
90 103
90 101
90 3
90 86
90 91
90 111
0 78
0 119
0 26
0 14
0 41
0 55
0 49
0 62
0 50
0 76
0 105
0 39
0 94
0 79
0 77
0 109
0 99
0 53
0 118
0 18
0 2
0 106
0 1
0 95
0 56
0 48
0 107
0 103
0 36
0 101
0 3
0 25
0 111
78 119
78 26
78 61
78 32
78 14
78 55
78 16
78 68
78 83
78 49
78 17
78 76
78 105
78 92
78 39
78 74
78 110
78 97
78 21
78 77
78 7
78 99
78 114
78 85
78 46
78 53
78 118
78 18
78 45
78 106
78 1
78 56
78 103
78 36
78 63
78 23
78 117
78 25
78 86
78 91
119 26
119 61
119 32
119 41
119 55
119 16
119 83
119 49
119 12
119 62
119 17
119 39
119 74
119 20
119 79
119 34
119 110
119 97
119 21
119 77
119 7
119 108
119 114
119 53
119 18
119 45
119 2
119 106
119 27
119 95
119 56
119 107
119 103
119 36
119 23
119 117
119 25
119 86
119 91
119 111
26 41
26 55
26 68
26 17
26 76
26 92
26 39
26 94
26 74
26 20
26 79
26 116
26 34
26 21
26 77
26 108
26 99
26 46
26 118
26 18
26 2
26 1
26 56
26 48
26 103
26 117
26 101
26 25
26 91
26 111
61 32
61 14
61 55
61 12
61 50
61 17
61 105
61 113
61 92
61 20
61 79
61 21
61 7
61 109
61 108
61 99
61 118
61 18
61 2
61 27
61 56
61 48
61 107
61 36
61 117
61 101
61 3
61 86
32 14
32 41
32 16
32 49
32 62
32 50
32 17
32 113
32 74
32 20
32 116
32 34
32 110
32 109
32 99
32 114
32 85
32 18
32 106
32 27
32 1
32 107
32 36
32 63
32 9
32 3
32 25
32 111
14 55
14 16
14 68
14 83
14 62
14 76
14 105
14 113
14 39
14 94
14 74
14 20
14 116
14 34
14 97
14 21
14 109
14 114
14 85
14 46
14 53
14 1
14 95
14 56
14 103
14 36
14 117
14 3
14 91
41 16
41 68
41 49
41 12
41 62
41 50
41 76
41 39
41 94
41 74
41 79
41 116
41 110
41 21
41 46
41 53
41 118
41 18
41 45
41 2
41 27
41 95
41 56
41 107
41 36
41 63
41 9
41 23
41 117
41 101
41 25
41 111
55 16
55 68
55 83
55 49
55 12
55 62
55 50
55 17
55 76
55 74
55 116
55 97
55 21
55 77
55 7
55 109
55 99
55 114
55 118
55 18
55 2
55 106
55 1
55 56
55 36
55 3
55 86
55 91
55 111
16 12
16 62
16 17
16 76
16 105
16 113
16 92
16 39
16 94
16 74
16 34
16 97
16 21
16 77
16 7
16 108
16 99
16 85
16 53
16 118
16 45
16 2
16 106
16 48
16 107
16 103
16 23
16 3
16 91
68 12
68 62
68 17
68 113
68 39
68 94
68 74
68 79
68 110
68 97
68 77
68 7
68 114
68 85
68 53
68 18
68 45
68 2
68 27
68 103
68 36
68 9
68 117
68 25
68 86
68 91
83 49
83 12
83 50
83 17
83 113
83 92
83 20
83 79
83 34
83 110
83 97
83 77
83 7
83 108
83 99
83 85
83 18
83 95
83 107
83 36
83 9
83 23
83 117
83 101
83 91
49 12
49 62
49 50
49 17
49 113
49 94
49 74
49 34
49 97
49 7
49 109
49 108
49 114
49 2
49 106
49 27
49 1
49 95
49 48
49 107
49 103
49 36
49 9
49 3
49 25
49 111
12 62
12 50
12 17
12 76
12 113
12 94
12 74
12 79
12 116
12 110
12 21
12 109
12 108
12 99
12 46
12 53
12 45
12 106
12 1
12 48
12 107
12 36
12 63
12 9
12 23
12 117
12 3
12 86
12 91
62 50
62 17
62 39
62 74
62 79
62 116
62 34
62 21
62 77
62 7
62 99
62 85
62 46
62 118
62 106
62 95
62 56
62 36
62 23
62 117
62 111
50 17
50 76
50 92
50 74
50 97
50 77
50 109
50 114
50 46
50 27
50 95
50 56
50 107
50 36
50 23
50 3
50 25
50 91
50 111
17 76
17 105
17 39
17 20
17 79
17 116
17 77
17 108
17 99
17 114
17 85
17 18
17 45
17 27
17 1
17 56
17 63
17 23
17 101
17 86
17 111
76 105
76 113
76 92
76 39
76 20
76 79
76 34
76 97
76 109
76 108
76 99
76 114
76 85
76 46
76 53
76 18
76 45
76 2
76 1
76 95
76 103
76 36
76 63
76 9
76 117
76 101
76 3
76 86
76 111
105 92
105 94
105 20
105 79
105 116
105 34
105 97
105 21
105 7
105 109
105 108
105 53
105 18
105 2
105 106
105 27
105 1
105 48
105 107
105 103
105 36
105 63
105 23
105 117
105 91
113 92
113 39
113 20
113 79
113 34
113 110
113 97
113 109
113 53
113 18
113 45
113 106
113 27
113 103
113 36
113 63
113 9
113 3
113 25
92 39
92 74
92 79
92 110
92 97
92 21
92 77
92 109
92 99
92 46
92 18
92 45
92 106
92 27
92 95
92 48
92 103
92 36
92 117
92 86
92 91
39 94
39 20
39 79
39 110
39 97
39 21
39 109
39 99
39 85
39 46
39 118
39 18
39 106
39 27
39 1
39 95
39 56
39 48
39 107
39 103
39 9
39 23
39 101
39 86
39 91
94 74
94 79
94 116
94 97
94 21
94 7
94 109
94 108
94 99
94 114
94 53
94 118
94 45
94 2
94 106
94 1
94 95
94 56
94 48
94 107
94 36
94 9
94 23
94 101
94 3
94 25
94 86
94 91
74 20
74 79
74 116
74 97
74 21
74 7
74 109
74 108
74 85
74 46
74 53
74 118
74 45
74 2
74 106
74 27
74 1
74 95
74 48
74 103
74 36
74 9
74 23
74 25
74 91
74 111
20 79
20 34
20 110
20 97
20 7
20 109
20 99
20 114
20 46
20 118
20 18
20 45
20 2
20 27
20 95
20 56
20 48
20 107
20 103
20 36
20 9
20 23
20 3
20 25
20 86
20 91
79 34
79 21
79 7
79 109
79 108
79 99
79 114
79 85
79 46
79 118
79 18
79 27
79 95
79 56
79 48
79 36
79 63
79 117
79 3
79 25
79 86
116 34
116 110
116 21
116 109
116 85
116 53
116 118
116 45
116 2
116 106
116 27
116 95
116 63
116 23
116 117
116 101
116 86
116 111
34 110
34 97
34 77
34 7
34 109
34 99
34 46
34 53
34 18
34 45
34 2
34 27
34 95
34 56
34 48
34 107
34 103
34 36
34 9
34 23
34 117
34 25
34 86
110 97
110 21
110 77
110 7
110 109
110 108
110 99
110 85
110 46
110 53
110 45
110 106
110 1
110 107
110 103
110 36
110 63
110 23
110 117
110 86
110 111
97 77
97 109
97 108
97 85
97 53
97 118
97 2
97 106
97 27
97 1
97 107
97 103
97 36
97 23
97 117
97 3
97 25
97 86
97 111
21 77
21 85
21 53
21 45
21 56
21 63
21 23
21 101
21 25
21 86
21 91
77 108
77 99
77 114
77 46
77 53
77 118
77 2
77 106
77 27
77 1
77 48
77 107
77 36
77 9
77 23
77 101
77 3
77 86
77 91
77 111
7 108
7 114
7 46
7 53
7 118
7 2
7 106
7 27
7 56
7 48
7 36
7 9
7 23
7 117
7 101
7 3
7 25
109 108
109 99
109 114
109 85
109 53
109 18
109 95
109 48
109 36
109 63
109 23
109 117
109 3
109 86
109 91
109 111
108 114
108 46
108 118
108 18
108 45
108 2
108 106
108 1
108 107
108 63
108 9
108 25
108 86
108 91
99 114
99 85
99 53
99 118
99 2
99 106
99 103
99 36
99 63
99 9
99 23
99 3
99 86
114 85
114 46
114 118
114 18
114 45
114 106
114 1
114 95
114 56
114 48
114 36
114 9
114 23
114 3
114 25
114 111
85 46
85 53
85 45
85 106
85 27
85 95
85 56
85 48
85 9
85 117
85 101
85 25
85 111
46 118
46 18
46 106
46 1
46 56
46 103
46 9
46 117
46 101
46 25
46 86
46 91
46 111
53 18
53 45
53 106
53 27
53 1
53 95
53 48
53 63
53 9
53 25
53 86
53 91
118 18
118 45
118 2
118 27
118 95
118 56
118 48
118 107
118 36
118 63
118 9
118 23
118 117
118 3
118 25
118 86
118 91
18 45
18 1
18 95
18 56
18 48
18 107
18 103
18 36
18 63
18 23
18 117
18 101
18 3
18 25
18 91
45 2
45 106
45 27
45 56
45 48
45 103
45 63
45 9
45 23
45 117
45 101
45 3
45 25
45 91
2 106
2 56
2 107
2 36
2 63
2 23
2 117
2 101
2 91
2 111
106 27
106 1
106 95
106 48
106 63
106 23
106 117
106 3
106 25
106 111
27 95
27 103
27 36
27 23
27 101
27 3
27 25
27 86
27 91
27 111
1 95
1 36
1 63
1 9
1 23
1 101
1 3
1 25
1 86
1 91
95 56
95 48
95 103
95 36
95 9
95 23
95 86
95 91
95 111
56 48
56 107
56 103
56 9
56 23
56 3
56 86
56 91
48 107
48 36
48 9
48 3
48 91
107 103
107 63
107 9
107 23
107 117
107 91
107 111
103 36
103 9
103 23
103 117
103 25
103 86
103 91
103 111
36 63
36 9
36 117
36 86
36 91
36 111
63 9
63 23
63 101
63 25
63 91
9 23
9 117
9 101
9 3
9 25
9 91
9 111
23 101
23 91
23 111
117 101
117 111
101 25
101 86
101 91
101 111
3 91
3 111
25 86
25 111
86 91
91 111
