*verties 98
109
102
2
37
32
1
61
98
38
79
118
66
23
36
75
53
25
30
49
40
89
115
90
18
85
114
99
42
51
96
108
13
16
74
44
43
4
91
93
17
105
46
78
101
67
22
47
92
104
119
88
116
54
59
112
84
31
39
9
86
7
20
35
62
110
57
107
83
3
68
63
97
15
41
87
24
82
113
103
21
34
48
100
26
64
117
80
19
10
52
94
28
0
12
60
70
45
73
*edges 
109 102
109 2
109 32
109 61
109 98
109 79
109 118
109 66
109 23
109 36
109 75
109 53
109 30
109 49
109 40
109 89
109 115
109 114
109 99
109 42
109 51
109 108
109 74
109 44
109 91
109 93
109 17
109 46
109 78
109 67
109 22
109 47
109 92
109 119
109 88
109 116
109 54
109 84
109 39
109 9
109 86
109 20
109 35
109 62
109 110
109 57
109 107
109 83
109 3
109 68
109 97
109 15
109 87
109 24
109 82
109 113
109 103
109 21
109 26
109 64
109 10
109 52
109 94
109 60
109 70
109 73
102 2
102 37
102 32
102 61
102 98
102 38
102 79
102 66
102 36
102 75
102 25
102 40
102 85
102 114
102 99
102 42
102 51
102 96
102 108
102 13
102 74
102 44
102 43
102 4
102 91
102 93
102 105
102 46
102 78
102 101
102 67
102 92
102 104
102 119
102 116
102 54
102 59
102 112
102 84
102 39
102 9
102 86
102 7
102 35
102 110
102 57
102 83
102 68
102 63
102 97
102 41
102 87
102 24
102 113
102 103
102 48
102 100
102 26
102 64
102 117
102 80
102 19
102 94
102 12
102 60
102 45
102 73
2 37
2 32
2 1
2 61
2 98
2 38
2 79
2 118
2 66
2 75
2 25
2 30
2 49
2 40
2 89
2 115
2 90
2 85
2 99
2 42
2 108
2 16
2 44
2 43
2 4
2 93
2 17
2 105
2 46
2 78
2 67
2 22
2 92
2 119
2 88
2 116
2 59
2 112
2 39
2 9
2 86
2 20
2 35
2 62
2 110
2 57
2 107
2 3
2 68
2 63
2 41
2 87
2 24
2 113
2 103
2 21
2 34
2 48
2 26
2 117
2 80
2 19
2 10
2 52
2 94
2 12
2 60
2 45
2 73
37 32
37 1
37 38
37 118
37 66
37 23
37 36
37 53
37 25
37 30
37 49
37 40
37 89
37 115
37 90
37 18
37 85
37 114
37 99
37 42
37 51
37 96
37 108
37 16
37 74
37 44
37 43
37 93
37 17
37 105
37 46
37 78
37 101
37 67
37 92
37 104
37 88
37 54
37 59
37 112
37 39
37 9
37 86
37 7
37 110
37 57
37 83
37 3
37 63
37 97
37 41
37 87
37 24
37 82
37 113
37 103
37 21
37 34
37 100
37 26
37 64
37 117
37 52
37 94
37 28
37 12
37 60
37 70
37 45
32 1
32 61
32 98
32 38
32 79
32 118
32 66
32 23
32 36
32 75
32 53
32 25
32 30
32 49
32 40
32 115
32 18
32 85
32 114
32 99
32 42
32 51
32 96
32 108
32 13
32 16
32 43
32 4
32 91
32 17
32 46
32 78
32 101
32 67
32 47
32 119
32 116
32 54
32 59
32 112
32 9
32 86
32 7
32 35
32 110
32 57
32 107
32 83
32 63
32 15
32 41
32 87
32 24
32 103
32 21
32 34
32 48
32 100
32 117
32 80
32 19
32 10
32 52
32 94
32 28
32 0
32 60
32 70
32 45
32 73
1 61
1 98
1 38
1 79
1 118
1 66
1 23
1 36
1 75
1 40
1 89
1 115
1 90
1 18
1 85
1 114
1 99
1 42
1 51
1 96
1 108
1 13
1 16
1 74
1 44
1 43
1 91
1 93
1 46
1 78
1 101
1 67
1 22
1 47
1 92
1 104
1 119
1 88
1 112
1 39
1 9
1 86
1 20
1 35
1 62
1 110
1 57
1 3
1 63
1 97
1 15
1 41
1 87
1 24
1 82
1 113
1 103
1 34
1 48
1 26
1 64
1 80
1 19
1 94
1 28
1 0
1 12
1 60
1 70
1 45
61 38
61 79
61 118
61 23
61 36
61 75
61 53
61 25
61 49
61 40
61 115
61 90
61 18
61 114
61 99
61 51
61 96
61 44
61 4
61 91
61 93
61 17
61 105
61 78
61 67
61 22
61 47
61 92
61 104
61 88
61 116
61 59
61 112
61 31
61 39
61 9
61 86
61 7
61 20
61 62
61 110
61 83
61 3
61 63
61 97
61 15
61 87
61 82
61 103
61 21
61 34
61 48
61 100
61 26
61 117
61 19
61 10
61 52
61 94
61 28
61 0
61 12
61 60
61 70
61 45
61 73
98 79
98 118
98 66
98 36
98 53
98 25
98 49
98 89
98 90
98 18
98 85
98 114
98 99
98 42
98 51
98 96
98 108
98 13
98 4
98 91
98 17
98 105
98 46
98 101
98 67
98 22
98 47
98 92
98 88
98 116
98 59
98 112
98 84
98 31
98 39
98 9
98 86
98 7
98 20
98 35
98 62
98 110
98 57
98 83
98 3
98 63
98 97
98 15
98 41
98 87
98 24
98 82
98 113
98 21
98 34
98 48
98 26
98 64
98 80
98 19
98 10
98 52
98 12
98 60
98 70
98 45
98 73
38 79
38 118
38 66
38 23
38 36
38 75
38 53
38 25
38 30
38 49
38 40
38 89
38 85
38 114
38 99
38 42
38 96
38 13
38 74
38 44
38 43
38 4
38 91
38 105
38 101
38 67
38 47
38 119
38 88
38 116
38 54
38 59
38 112
38 84
38 39
38 9
38 86
38 20
38 35
38 62
38 57
38 107
38 83
38 3
38 68
38 15
38 41
38 24
38 82
38 113
38 103
38 21
38 34
38 48
38 100
38 26
38 64
38 117
38 19
38 0
38 12
38 60
38 70
38 45
79 118
79 66
79 23
79 75
79 53
79 30
79 49
79 40
79 89
79 115
79 90
79 18
79 114
79 99
79 42
79 96
79 108
79 13
79 16
79 74
79 44
79 43
79 4
79 91
79 17
79 78
79 101
79 67
79 22
79 47
79 104
79 119
79 116
79 54
79 59
79 112
79 31
79 39
79 9
79 86
79 7
79 20
79 35
79 57
79 83
79 63
79 41
79 87
79 24
79 113
79 103
79 21
79 34
79 48
79 100
79 26
79 117
79 80
79 19
79 52
79 94
79 28
79 12
79 60
79 70
79 45
79 73
118 36
118 75
118 53
118 30
118 40
118 89
118 115
118 90
118 18
118 85
118 114
118 99
118 96
118 108
118 13
118 74
118 43
118 4
118 93
118 17
118 105
118 78
118 101
118 22
118 92
118 104
118 119
118 88
118 116
118 112
118 84
118 31
118 39
118 86
118 35
118 62
118 83
118 3
118 68
118 63
118 97
118 15
118 41
118 87
118 24
118 113
118 103
118 21
118 48
118 26
118 64
118 117
118 80
118 19
118 10
118 52
118 94
118 28
118 0
118 12
118 60
118 70
66 36
66 75
66 53
66 30
66 49
66 40
66 115
66 18
66 85
66 114
66 51
66 108
66 13
66 16
66 74
66 44
66 43
66 4
66 91
66 93
66 17
66 105
66 78
66 101
66 67
66 22
66 47
66 92
66 119
66 88
66 116
66 54
66 59
66 84
66 31
66 39
66 86
66 20
66 35
66 62
66 110
66 57
66 107
66 83
66 3
66 68
66 63
66 97
66 15
66 41
66 87
66 24
66 113
66 34
66 48
66 100
66 26
66 117
66 80
66 19
66 10
66 52
66 94
66 28
66 0
66 12
66 70
66 45
66 73
23 75
23 30
23 49
23 40
23 89
23 115
23 18
23 85
23 42
23 51
23 96
23 108
23 74
23 44
23 43
23 4
23 93
23 17
23 105
23 46
23 78
23 101
23 67
23 47
23 92
23 119
23 88
23 116
23 54
23 59
23 112
23 84
23 39
23 9
23 86
23 7
23 20
23 35
23 62
23 110
23 57
23 83
23 3
23 68
23 97
23 41
23 87
23 113
23 21
23 34
23 48
23 100
23 26
23 117
23 19
23 10
23 52
23 94
23 0
23 12
23 45
23 73
36 75
36 49
36 90
36 18
36 85
36 99
36 42
36 51
36 13
36 16
36 4
36 91
36 17
36 46
36 67
36 22
36 47
36 104
36 119
36 116
36 54
36 59
36 112
36 31
36 39
36 9
36 86
36 7
36 20
36 35
36 62
36 110
36 57
36 107
36 83
36 63
36 15
36 41
36 87
36 82
36 113
36 103
36 21
36 34
36 48
36 117
36 80
36 19
36 10
36 94
36 28
36 60
36 70
36 45
36 73
75 53
75 25
75 49
75 40
75 89
75 115
75 85
75 114
75 51
75 108
75 13
75 74
75 44
75 43
75 91
75 93
75 17
75 105
75 46
75 67
75 92
75 104
75 119
75 116
75 54
75 59
75 112
75 84
75 39
75 9
75 86
75 20
75 35
75 57
75 83
75 68
75 63
75 97
75 15
75 41
75 87
75 24
75 82
75 113
75 103
75 34
75 100
75 64
75 117
75 80
75 10
75 52
75 94
75 28
75 0
75 12
75 60
75 70
75 45
53 25
53 49
53 89
53 115
53 90
53 18
53 85
53 114
53 99
53 42
53 51
53 96
53 108
53 16
53 74
53 44
53 43
53 4
53 93
53 17
53 105
53 46
53 78
53 101
53 67
53 47
53 92
53 104
53 119
53 88
53 116
53 54
53 59
53 112
53 84
53 9
53 86
53 7
53 20
53 35
53 62
53 110
53 57
53 83
53 3
53 68
53 63
53 97
53 15
53 41
53 87
53 24
53 82
53 113
53 103
53 21
53 34
53 100
53 64
53 117
53 80
53 52
53 94
53 28
53 0
53 12
53 60
53 45
53 73
25 49
25 40
25 89
25 115
25 90
25 85
25 114
25 99
25 51
25 96
25 108
25 13
25 16
25 44
25 91
25 17
25 105
25 78
25 101
25 67
25 22
25 92
25 88
25 116
25 54
25 112
25 84
25 31
25 39
25 86
25 7
25 35
25 110
25 107
25 83
25 68
25 63
25 97
25 41
25 87
25 24
25 82
25 103
25 21
25 34
25 48
25 100
25 26
25 64
25 117
25 80
25 19
25 10
25 52
25 28
25 0
25 60
25 70
25 45
25 73
30 49
30 40
30 89
30 115
30 90
30 18
30 85
30 114
30 99
30 42
30 51
30 96
30 108
30 16
30 74
30 44
30 43
30 4
30 91
30 17
30 105
30 46
30 78
30 67
30 22
30 47
30 92
30 104
30 119
30 116
30 54
30 112
30 84
30 31
30 39
30 86
30 7
30 35
30 110
30 57
30 107
30 83
30 3
30 68
30 63
30 15
30 41
30 87
30 82
30 48
30 100
30 64
30 117
30 80
30 10
30 52
30 94
30 28
30 12
30 60
30 70
30 73
49 89
49 115
49 90
49 85
49 114
49 99
49 42
49 51
49 96
49 108
49 13
49 16
49 74
49 44
49 43
49 4
49 91
49 17
49 105
49 46
49 78
49 101
49 67
49 47
49 92
49 119
49 88
49 54
49 59
49 31
49 39
49 86
49 7
49 35
49 110
49 57
49 107
49 83
49 3
49 68
49 63
49 97
49 15
49 41
49 87
49 24
49 82
49 113
49 103
49 21
49 48
49 100
49 26
49 117
49 80
49 10
49 52
49 94
49 28
49 0
49 12
49 60
49 70
49 45
49 73
40 90
40 18
40 85
40 99
40 42
40 51
40 108
40 13
40 74
40 44
40 43
40 91
40 93
40 17
40 46
40 101
40 67
40 22
40 92
40 104
40 88
40 54
40 84
40 9
40 86
40 7
40 20
40 35
40 62
40 110
40 57
40 107
40 63
40 97
40 15
40 41
40 87
40 24
40 82
40 103
40 34
40 48
40 100
40 26
40 64
40 117
40 80
40 10
40 52
40 12
40 70
40 45
40 73
89 115
89 90
89 18
89 85
89 108
89 13
89 16
89 44
89 4
89 91
89 93
89 105
89 46
89 78
89 101
89 67
89 22
89 47
89 92
89 104
89 88
89 116
89 59
89 84
89 31
89 20
89 62
89 110
89 107
89 83
89 3
89 63
89 15
89 41
89 87
89 82
89 103
89 48
89 100
89 64
89 80
89 19
89 10
89 52
89 28
89 0
89 12
89 60
89 45
115 18
115 85
115 114
115 99
115 51
115 108
115 13
115 16
115 74
115 43
115 91
115 17
115 46
115 78
115 101
115 22
115 47
115 92
115 119
115 116
115 54
115 59
115 112
115 84
115 31
115 39
115 86
115 7
115 20
115 35
115 107
115 3
115 68
115 63
115 15
115 41
115 24
115 82
115 113
115 34
115 48
115 64
115 117
115 80
115 52
115 94
115 28
115 0
115 12
115 60
115 70
115 45
115 73
90 18
90 85
90 114
90 42
90 51
90 108
90 13
90 74
90 44
90 43
90 4
90 91
90 93
90 17
90 78
90 101
90 67
90 22
90 47
90 92
90 104
90 119
90 88
90 116
90 54
90 59
90 112
90 84
90 31
90 39
90 9
90 86
90 20
90 35
90 62
90 110
90 83
90 3
90 68
90 97
90 41
90 87
90 82
90 113
90 103
90 21
90 34
90 48
90 100
90 26
90 64
90 117
90 80
90 19
90 10
90 52
90 94
90 28
90 0
90 12
90 60
90 70
90 45
90 73
18 85
18 99
18 42
18 51
18 96
18 108
18 13
18 16
18 74
18 43
18 4
18 93
18 17
18 105
18 46
18 78
18 101
18 67
18 22
18 47
18 92
18 104
18 119
18 88
18 54
18 59
18 112
18 84
18 31
18 9
18 86
18 35
18 62
18 110
18 57
18 107
18 83
18 3
18 63
18 97
18 15
18 41
18 87
18 24
18 82
18 113
18 21
18 34
18 48
18 100
18 26
18 117
18 80
18 19
18 10
18 52
18 94
18 28
18 0
18 12
18 60
18 45
18 73
85 114
85 99
85 42
85 51
85 96
85 108
85 13
85 16
85 74
85 44
85 43
85 4
85 91
85 93
85 17
85 105
85 46
85 78
85 67
85 22
85 47
85 92
85 119
85 88
85 54
85 59
85 84
85 31
85 86
85 7
85 20
85 35
85 62
85 57
85 107
85 83
85 3
85 68
85 63
85 97
85 15
85 41
85 87
85 24
85 82
85 103
85 21
85 34
85 48
85 100
85 26
85 64
85 117
85 80
85 19
85 10
85 52
85 28
85 0
85 60
85 45
85 73
114 99
114 51
114 96
114 108
114 13
114 74
114 43
114 93
114 17
114 105
114 78
114 101
114 67
114 22
114 47
114 92
114 104
114 119
114 88
114 59
114 112
114 84
114 31
114 39
114 86
114 7
114 20
114 35
114 62
114 110
114 57
114 107
114 83
114 3
114 63
114 97
114 15
114 87
114 82
114 103
114 21
114 34
114 48
114 100
114 26
114 64
114 117
114 80
114 19
114 52
114 28
114 60
114 70
114 45
114 73
99 42
99 51
99 96
99 13
99 74
99 43
99 4
99 93
99 105
99 46
99 101
99 67
99 22
99 92
99 104
99 88
99 116
99 54
99 59
99 112
99 84
99 39
99 9
99 86
99 7
99 20
99 62
99 57
99 107
99 3
99 97
99 24
99 82
99 113
99 103
99 21
99 34
99 100
99 26
99 117
99 52
99 28
99 0
99 60
99 70
99 73
42 51
42 96
42 13
42 16
42 74
42 44
42 43
42 91
42 93
42 17
42 78
42 67
42 22
42 47
42 92
42 104
42 119
42 88
42 116
42 54
42 84
42 31
42 39
42 9
42 86
42 20
42 62
42 110
42 57
42 107
42 63
42 97
42 15
42 24
42 113
42 103
42 21
42 48
42 100
42 26
42 64
42 117
42 80
42 19
42 10
42 52
42 94
42 28
42 0
42 12
42 70
42 45
42 73
51 13
51 16
51 74
51 44
51 4
51 91
51 17
51 46
51 101
51 67
51 22
51 47
51 92
51 104
51 88
51 116
51 59
51 112
51 84
51 9
51 7
51 20
51 35
51 62
51 57
51 107
51 83
51 3
51 63
51 15
51 41
51 87
51 82
51 113
51 103
51 21
51 34
51 48
51 100
51 64
51 117
51 80
51 19
51 10
51 94
51 28
51 0
51 12
51 45
51 73
96 108
96 16
96 44
96 43
96 91
96 93
96 17
96 105
96 46
96 22
96 47
96 92
96 104
96 119
96 88
96 116
96 54
96 59
96 112
96 84
96 9
96 86
96 7
96 20
96 35
96 62
96 110
96 107
96 3
96 68
96 97
96 15
96 87
96 24
96 113
96 103
96 34
96 100
96 26
96 64
96 117
96 80
96 52
96 94
96 28
96 0
96 12
96 60
96 70
96 45
108 13
108 16
108 74
108 43
108 4
108 93
108 17
108 105
108 46
108 78
108 101
108 67
108 104
108 119
108 88
108 116
108 54
108 59
108 112
108 84
108 39
108 9
108 7
108 20
108 62
108 110
108 57
108 63
108 97
108 41
108 87
108 24
108 82
108 113
108 103
108 21
108 48
108 100
108 117
108 80
108 19
108 52
108 94
108 28
108 12
108 60
108 73
13 74
13 4
13 17
13 105
13 46
13 78
13 101
13 47
13 92
13 104
13 119
13 116
13 54
13 59
13 112
13 86
13 7
13 20
13 35
13 110
13 107
13 83
13 3
13 63
13 97
13 87
13 24
13 82
13 113
13 103
13 21
13 34
13 48
13 100
13 26
13 64
13 117
13 10
13 52
13 94
13 28
13 12
13 60
13 70
13 73
16 74
16 44
16 43
16 4
16 93
16 46
16 67
16 22
16 47
16 119
16 88
16 116
16 54
16 112
16 84
16 86
16 7
16 20
16 35
16 62
16 110
16 107
16 83
16 68
16 97
16 15
16 41
16 82
16 21
16 34
16 48
16 100
16 117
16 80
16 19
16 94
16 28
16 0
16 12
16 70
16 45
16 73
74 43
74 4
74 91
74 93
74 101
74 67
74 22
74 104
74 88
74 54
74 59
74 112
74 84
74 39
74 9
74 86
74 20
74 35
74 110
74 107
74 83
74 3
74 68
74 63
74 97
74 15
74 87
74 24
74 82
74 113
74 103
74 34
74 100
74 26
74 117
74 80
74 10
74 94
74 12
74 60
74 70
74 45
74 73
44 43
44 4
44 91
44 93
44 17
44 105
44 46
44 78
44 101
44 67
44 22
44 47
44 92
44 104
44 119
44 88
44 116
44 54
44 59
44 112
44 31
44 9
44 20
44 62
44 57
44 107
44 83
44 3
44 63
44 15
44 41
44 87
44 24
44 82
44 113
44 103
44 21
44 34
44 48
44 100
44 64
44 117
44 80
44 19
44 10
44 52
44 94
44 28
44 12
44 70
44 73
43 4
43 91
43 93
43 17
43 105
43 46
43 78
43 22
43 104
43 88
43 116
43 54
43 112
43 84
43 39
43 9
43 86
43 7
43 35
43 62
43 110
43 57
43 83
43 3
43 63
43 97
43 15
43 41
43 87
43 24
43 82
43 113
43 103
43 21
43 34
43 48
43 100
43 26
43 117
43 80
43 94
43 28
43 12
43 70
43 45
43 73
4 91
4 93
4 17
4 105
4 46
4 101
4 22
4 47
4 104
4 119
4 116
4 54
4 59
4 112
4 39
4 9
4 7
4 20
4 35
4 62
4 110
4 107
4 83
4 3
4 68
4 63
4 15
4 41
4 87
4 24
4 82
4 113
4 103
4 21
4 34
4 48
4 100
4 26
4 117
4 19
4 10
4 52
4 94
4 28
4 0
4 60
4 70
4 45
4 73
91 93
91 17
91 105
91 46
91 78
91 101
91 67
91 92
91 104
91 119
91 116
91 54
91 112
91 84
91 31
91 39
91 9
91 86
91 7
91 20
91 35
91 62
91 110
91 83
91 68
91 63
91 97
91 15
91 87
91 24
91 82
91 113
91 21
91 48
91 100
91 26
91 117
91 80
91 19
91 10
91 52
91 94
91 28
91 70
91 45
91 73
93 17
93 105
93 46
93 78
93 67
93 22
93 47
93 92
93 104
93 119
93 88
93 116
93 54
93 84
93 39
93 9
93 86
93 7
93 20
93 35
93 62
93 110
93 57
93 107
93 83
93 3
93 68
93 63
93 97
93 15
93 41
93 87
93 24
93 82
93 113
93 103
93 21
93 48
93 100
93 26
93 64
93 117
93 19
93 10
93 52
93 28
93 0
93 12
93 60
93 70
93 45
17 78
17 22
17 47
17 104
17 119
17 88
17 116
17 59
17 84
17 31
17 39
17 9
17 86
17 7
17 20
17 62
17 110
17 57
17 107
17 3
17 68
17 63
17 97
17 15
17 24
17 82
17 103
17 21
17 48
17 26
17 80
17 19
17 10
17 94
17 28
17 0
17 60
17 73
105 78
105 101
105 67
105 47
105 92
105 104
105 119
105 88
105 116
105 54
105 112
105 84
105 31
105 39
105 9
105 86
105 7
105 20
105 35
105 62
105 57
105 107
105 3
105 68
105 63
105 97
105 15
105 41
105 87
105 24
105 82
105 103
105 21
105 48
105 117
105 19
105 10
105 52
105 94
105 28
105 0
105 12
105 60
105 45
105 73
46 78
46 101
46 67
46 22
46 47
46 92
46 104
46 119
46 88
46 116
46 59
46 31
46 9
46 20
46 35
46 110
46 57
46 107
46 97
46 15
46 41
46 87
46 24
46 21
46 34
46 48
46 100
46 64
46 117
46 80
46 19
46 10
46 52
46 94
46 28
46 0
46 12
46 60
46 70
46 45
46 73
78 67
78 22
78 92
78 104
78 88
78 116
78 112
78 84
78 31
78 9
78 7
78 35
78 62
78 110
78 57
78 107
78 83
78 3
78 68
78 63
78 15
78 41
78 87
78 82
78 103
78 21
78 34
78 48
78 100
78 26
78 64
78 10
78 52
78 94
78 28
78 12
78 60
78 45
101 67
101 22
101 47
101 92
101 104
101 119
101 88
101 59
101 112
101 84
101 31
101 9
101 86
101 7
101 20
101 62
101 110
101 83
101 3
101 68
101 63
101 97
101 15
101 87
101 24
101 82
101 113
101 103
101 21
101 34
101 100
101 64
101 80
101 19
101 10
101 52
101 28
101 0
101 12
101 60
101 70
101 45
67 22
67 47
67 119
67 88
67 54
67 59
67 112
67 84
67 31
67 7
67 35
67 62
67 110
67 57
67 107
67 83
67 3
67 68
67 97
67 15
67 41
67 87
67 24
67 113
67 103
67 34
67 48
67 100
67 64
67 117
67 80
67 19
67 10
67 94
67 28
67 0
67 12
67 70
67 45
67 73
22 47
22 92
22 104
22 88
22 116
22 54
22 59
22 84
22 31
22 39
22 7
22 110
22 57
22 83
22 3
22 63
22 97
22 15
22 41
22 87
22 24
22 103
22 21
22 34
22 48
22 100
22 26
22 64
22 19
22 52
22 94
22 28
22 0
22 12
22 60
22 70
22 73
47 92
47 104
47 119
47 88
47 116
47 54
47 59
47 112
47 84
47 31
47 39
47 9
47 7
47 20
47 35
47 62
47 110
47 57
47 3
47 97
47 15
47 82
47 113
47 103
47 21
47 48
47 26
47 117
47 19
47 10
47 94
47 28
47 12
47 60
47 70
47 73
92 88
92 116
92 59
92 112
92 31
92 9
92 86
92 7
92 20
92 62
92 57
92 107
92 83
92 3
92 68
92 15
92 41
92 87
92 82
92 21
92 34
92 48
92 100
92 26
92 117
92 19
92 10
92 94
92 28
92 0
92 12
92 60
92 70
92 73
104 119
104 88
104 116
104 54
104 59
104 84
104 31
104 39
104 7
104 20
104 35
104 62
104 110
104 107
104 3
104 68
104 63
104 97
104 15
104 41
104 87
104 24
104 82
104 113
104 103
104 34
104 48
104 100
104 64
104 117
104 19
104 10
104 52
104 94
104 0
104 12
104 60
104 70
104 45
119 88
119 54
119 59
119 112
119 31
119 39
119 9
119 86
119 7
119 35
119 62
119 110
119 107
119 83
119 68
119 63
119 97
119 15
119 87
119 24
119 113
119 103
119 34
119 48
119 117
119 80
119 19
119 10
119 94
119 28
119 0
119 12
119 60
119 73
88 54
88 112
88 84
88 31
88 39
88 9
88 86
88 7
88 62
88 110
88 57
88 83
88 3
88 68
88 63
88 15
88 41
88 87
88 82
88 113
88 103
88 21
88 34
88 48
88 100
88 64
88 117
88 19
88 10
88 52
88 94
88 28
88 0
88 12
88 70
88 45
88 73
116 59
116 112
116 84
116 31
116 9
116 86
116 20
116 35
116 62
116 110
116 57
116 107
116 68
116 15
116 41
116 82
116 113
116 103
116 21
116 48
116 64
116 80
116 19
116 10
116 52
116 94
116 28
116 0
116 12
116 60
116 70
116 45
54 112
54 84
54 31
54 9
54 7
54 20
54 35
54 110
54 57
54 107
54 83
54 3
54 68
54 41
54 87
54 24
54 82
54 113
54 21
54 34
54 100
54 64
54 117
54 80
54 19
54 10
54 52
54 94
54 28
54 0
54 12
54 60
54 70
54 73
59 112
59 84
59 31
59 39
59 9
59 86
59 7
59 20
59 62
59 110
59 57
59 107
59 83
59 3
59 68
59 15
59 41
59 87
59 82
59 113
59 103
59 34
59 100
59 117
59 80
59 19
59 52
59 28
59 0
59 12
59 60
59 70
59 45
59 73
112 84
112 31
112 39
112 9
112 86
112 7
112 20
112 35
112 62
112 110
112 57
112 83
112 3
112 68
112 63
112 15
112 41
112 87
112 24
112 82
112 103
112 21
112 34
112 48
112 117
112 19
112 94
112 28
112 0
112 60
112 70
112 45
112 73
84 31
84 9
84 86
84 7
84 20
84 35
84 62
84 110
84 57
84 107
84 83
84 3
84 63
84 97
84 15
84 41
84 24
84 82
84 113
84 103
84 21
84 34
84 48
84 100
84 117
84 80
84 19
84 10
84 52
84 28
84 0
84 12
84 60
84 70
84 45
31 39
31 9
31 86
31 7
31 20
31 35
31 62
31 110
31 107
31 83
31 3
31 68
31 63
31 41
31 87
31 24
31 82
31 103
31 21
31 34
31 48
31 100
31 64
31 117
31 80
31 19
31 10
31 52
31 94
31 28
31 0
31 12
31 70
31 73
39 9
39 86
39 7
39 62
39 110
39 107
39 3
39 68
39 63
39 15
39 41
39 87
39 24
39 82
39 103
39 21
39 34
39 48
39 100
39 26
39 80
39 19
39 10
39 94
39 0
39 12
39 60
39 70
39 45
39 73
9 7
9 62
9 110
9 57
9 107
9 83
9 3
9 68
9 63
9 97
9 15
9 41
9 82
9 113
9 103
9 21
9 34
9 48
9 26
9 64
9 117
9 19
9 10
9 52
9 0
9 60
9 45
86 35
86 62
86 110
86 57
86 107
86 83
86 3
86 68
86 63
86 97
86 15
86 41
86 87
86 82
86 21
86 34
86 48
86 100
86 64
86 117
86 19
86 10
86 52
86 94
86 28
86 0
86 12
86 60
86 70
86 45
86 73
7 20
7 35
7 110
7 68
7 63
7 97
7 15
7 41
7 24
7 82
7 113
7 103
7 21
7 34
7 48
7 117
7 80
7 19
7 10
7 28
7 0
7 12
7 60
7 70
7 45
7 73
20 110
20 57
20 107
20 83
20 3
20 63
20 15
20 41
20 24
20 82
20 113
20 34
20 48
20 100
20 64
20 117
20 80
20 19
20 52
20 94
20 28
20 0
20 60
20 70
20 45
35 62
35 110
35 57
35 83
35 3
35 63
35 97
35 41
35 87
35 24
35 82
35 113
35 103
35 21
35 34
35 48
35 100
35 26
35 64
35 117
35 80
35 10
35 52
35 94
35 28
35 0
35 60
35 45
35 73
62 110
62 107
62 83
62 3
62 68
62 63
62 15
62 24
62 82
62 113
62 21
62 34
62 26
62 64
62 80
62 19
62 10
62 52
62 94
62 28
62 0
62 60
62 45
110 107
110 83
110 3
110 68
110 97
110 15
110 87
110 24
110 82
110 103
110 34
110 48
110 100
110 26
110 64
110 80
110 52
110 28
110 0
110 12
110 60
110 70
110 45
110 73
57 107
57 3
57 68
57 97
57 15
57 87
57 24
57 82
57 113
57 103
57 34
57 100
57 26
57 64
57 117
57 10
57 52
57 28
57 0
57 60
57 70
57 73
107 83
107 3
107 68
107 63
107 97
107 15
107 24
107 82
107 103
107 21
107 34
107 48
107 100
107 26
107 64
107 117
107 80
107 10
107 52
107 0
107 12
107 60
107 70
107 45
83 3
83 68
83 63
83 97
83 41
83 87
83 24
83 82
83 113
83 103
83 21
83 34
83 48
83 100
83 64
83 80
83 19
83 10
83 52
83 94
83 28
83 0
83 12
83 60
83 70
83 45
83 73
3 68
3 63
3 97
3 15
3 41
3 113
3 103
3 21
3 34
3 48
3 100
3 26
3 64
3 117
3 80
3 19
3 10
3 52
3 94
3 28
3 12
3 60
3 70
3 45
3 73
68 63
68 15
68 87
68 24
68 82
68 113
68 103
68 21
68 34
68 48
68 100
68 26
68 64
68 117
68 80
68 10
68 94
68 28
68 0
68 12
68 60
68 70
68 45
68 73
63 97
63 15
63 41
63 87
63 24
63 82
63 113
63 103
63 21
63 100
63 26
63 64
63 117
63 80
63 10
63 52
63 94
63 28
63 60
63 70
63 45
97 15
97 41
97 87
97 24
97 82
97 113
97 103
97 21
97 34
97 26
97 64
97 117
97 80
97 19
97 52
97 94
97 28
97 0
97 12
97 60
97 73
15 41
15 24
15 82
15 103
15 21
15 34
15 48
15 100
15 26
15 117
15 19
15 52
15 94
15 28
15 0
15 60
15 45
15 73
41 24
41 82
41 103
41 21
41 48
41 100
41 26
41 64
41 117
41 80
41 19
41 10
41 52
41 94
41 28
41 0
41 12
41 70
41 45
87 24
87 82
87 113
87 21
87 48
87 100
87 26
87 64
87 80
87 19
87 10
87 52
87 28
87 12
87 60
87 70
87 45
87 73
24 82
24 113
24 103
24 21
24 34
24 48
24 100
24 26
24 64
24 117
24 10
24 52
24 94
24 28
24 0
24 60
24 45
24 73
82 113
82 103
82 34
82 48
82 100
82 26
82 80
82 19
82 10
82 52
82 94
82 28
82 0
82 60
82 70
82 73
113 103
113 21
113 48
113 64
113 19
113 10
113 52
113 28
113 0
113 12
113 60
113 70
113 45
113 73
103 34
103 48
103 100
103 26
103 64
103 80
103 10
103 52
103 94
103 28
103 0
103 70
103 45
103 73
21 34
21 48
21 100
21 26
21 64
21 117
21 80
21 19
21 10
21 52
21 28
21 0
21 12
21 60
21 70
21 73
34 100
34 26
34 64
34 117
34 80
34 19
34 10
34 52
34 94
34 28
34 0
34 12
34 45
48 100
48 64
48 117
48 80
48 10
48 52
48 94
48 28
48 0
48 70
48 45
48 73
100 26
100 64
100 117
100 80
100 19
100 10
100 94
100 0
100 60
100 70
100 45
100 73
26 64
26 117
26 80
26 19
26 52
26 94
26 0
26 60
26 45
26 73
64 117
64 19
64 10
64 52
64 94
64 0
64 12
64 60
64 70
64 73
117 19
117 10
117 52
117 94
117 28
117 0
117 12
117 60
117 70
117 45
80 19
80 94
80 28
80 12
80 60
80 70
80 45
19 52
19 94
19 28
19 12
19 70
19 45
19 73
10 52
10 12
10 70
10 45
10 73
52 94
52 28
52 0
52 12
52 70
52 45
52 73
94 0
94 12
94 60
94 70
94 45
94 73
28 0
28 60
28 70
28 45
28 73
0 60
0 70
0 45
0 73
12 60
12 70
12 45
12 73
60 70
60 45
60 73
70 45
70 73
45 73
