*verties 107
54
44
50
25
67
57
10
100
80
27
38
114
37
56
47
64
90
3
82
1
79
7
29
113
89
43
35
34
24
49
107
42
52
40
30
18
97
45
13
74
81
21
53
20
22
4
51
28
70
33
31
91
102
8
95
86
108
87
115
66
16
92
69
65
77
39
62
55
32
46
84
98
36
60
103
109
117
63
15
99
61
110
14
119
76
23
12
5
88
71
11
48
59
17
111
2
73
58
41
118
93
106
112
104
94
26
68
*edges 
54 44
54 50
54 25
54 67
54 57
54 10
54 100
54 80
54 27
54 38
54 114
54 37
54 56
54 64
54 90
54 3
54 82
54 1
54 79
54 7
54 29
54 113
54 89
54 43
54 35
54 34
54 24
54 49
54 107
54 52
54 40
54 30
54 18
54 97
54 45
54 74
54 81
54 53
54 20
54 4
54 51
54 28
54 70
54 33
54 31
54 91
54 102
54 8
54 95
54 86
54 108
54 87
54 115
54 66
54 16
54 92
54 69
54 65
54 77
54 39
54 62
54 55
54 32
54 46
54 84
54 98
54 36
54 60
54 103
54 109
54 117
54 63
54 15
54 99
54 61
54 110
54 14
54 119
54 76
54 23
54 12
54 5
54 88
54 71
54 59
54 111
54 73
54 58
54 118
54 93
54 106
54 112
54 94
54 26
54 68
44 50
44 67
44 10
44 100
44 80
44 27
44 38
44 37
44 56
44 47
44 64
44 90
44 3
44 82
44 1
44 79
44 7
44 29
44 113
44 89
44 34
44 24
44 49
44 107
44 42
44 40
44 30
44 18
44 97
44 45
44 13
44 81
44 53
44 20
44 22
44 4
44 51
44 28
44 70
44 33
44 31
44 91
44 102
44 8
44 95
44 86
44 108
44 87
44 115
44 16
44 92
44 69
44 65
44 77
44 39
44 62
44 55
44 32
44 84
44 98
44 60
44 103
44 109
44 117
44 63
44 15
44 99
44 61
44 110
44 119
44 76
44 23
44 12
44 5
44 88
44 71
44 11
44 59
44 17
44 111
44 2
44 73
44 58
44 41
44 118
44 93
44 106
44 112
44 94
44 26
44 68
50 25
50 67
50 57
50 10
50 100
50 80
50 27
50 38
50 114
50 56
50 47
50 64
50 90
50 3
50 82
50 1
50 79
50 7
50 29
50 113
50 89
50 43
50 35
50 34
50 24
50 49
50 107
50 42
50 52
50 40
50 30
50 18
50 97
50 45
50 74
50 81
50 21
50 53
50 20
50 22
50 4
50 51
50 28
50 70
50 31
50 91
50 102
50 8
50 95
50 86
50 108
50 87
50 115
50 66
50 16
50 92
50 69
50 65
50 77
50 39
50 62
50 55
50 32
50 46
50 84
50 98
50 36
50 60
50 103
50 109
50 117
50 63
50 15
50 99
50 61
50 14
50 119
50 76
50 23
50 12
50 5
50 88
50 71
50 11
50 48
50 17
50 111
50 2
50 73
50 41
50 118
50 106
50 112
50 104
50 94
50 26
50 68
25 67
25 57
25 10
25 100
25 80
25 27
25 38
25 114
25 37
25 56
25 64
25 90
25 3
25 82
25 1
25 79
25 7
25 29
25 113
25 89
25 43
25 35
25 34
25 24
25 49
25 107
25 42
25 18
25 97
25 45
25 74
25 81
25 21
25 53
25 20
25 22
25 4
25 51
25 28
25 70
25 33
25 31
25 91
25 102
25 8
25 86
25 108
25 87
25 115
25 66
25 16
25 92
25 69
25 65
25 77
25 39
25 62
25 55
25 32
25 46
25 98
25 36
25 60
25 103
25 109
25 117
25 63
25 15
25 99
25 61
25 110
25 14
25 119
25 76
25 23
25 12
25 5
25 88
25 71
25 11
25 48
25 17
25 111
25 2
25 73
25 58
25 41
25 118
25 93
25 106
25 112
25 94
25 26
25 68
67 57
67 10
67 100
67 80
67 27
67 38
67 114
67 37
67 56
67 47
67 64
67 90
67 3
67 82
67 1
67 79
67 7
67 29
67 113
67 43
67 35
67 34
67 24
67 49
67 107
67 42
67 52
67 40
67 30
67 18
67 97
67 45
67 74
67 81
67 21
67 53
67 20
67 22
67 4
67 51
67 28
67 70
67 33
67 31
67 91
67 102
67 8
67 95
67 86
67 108
67 87
67 115
67 66
67 16
67 92
67 69
67 77
67 39
67 62
67 55
67 32
67 46
67 84
67 98
67 36
67 60
67 103
67 109
67 117
67 63
67 15
67 99
67 61
67 110
67 119
67 76
67 23
67 5
67 88
67 71
67 48
67 59
67 17
67 111
67 2
67 73
67 58
67 41
67 118
67 93
67 106
67 112
67 94
67 26
67 68
57 10
57 100
57 80
57 27
57 38
57 114
57 37
57 56
57 47
57 64
57 3
57 82
57 1
57 79
57 7
57 29
57 113
57 89
57 43
57 35
57 34
57 24
57 49
57 107
57 42
57 52
57 40
57 30
57 18
57 97
57 45
57 13
57 74
57 81
57 21
57 53
57 20
57 22
57 4
57 51
57 28
57 70
57 33
57 31
57 91
57 102
57 95
57 108
57 87
57 66
57 16
57 92
57 69
57 65
57 77
57 62
57 55
57 32
57 46
57 84
57 98
57 36
57 60
57 103
57 109
57 117
57 63
57 15
57 61
57 110
57 14
57 119
57 76
57 23
57 12
57 5
57 88
57 71
57 48
57 59
57 17
57 111
57 2
57 73
57 58
57 41
57 118
57 93
57 106
57 112
57 104
57 94
57 26
57 68
10 100
10 80
10 27
10 38
10 114
10 37
10 56
10 47
10 64
10 3
10 82
10 1
10 79
10 7
10 29
10 113
10 89
10 43
10 35
10 34
10 24
10 49
10 107
10 42
10 52
10 40
10 30
10 97
10 45
10 13
10 74
10 81
10 53
10 20
10 22
10 4
10 51
10 28
10 70
10 33
10 31
10 91
10 102
10 8
10 95
10 108
10 87
10 115
10 66
10 16
10 92
10 69
10 65
10 39
10 62
10 55
10 32
10 46
10 84
10 98
10 36
10 60
10 103
10 117
10 63
10 15
10 99
10 61
10 110
10 14
10 119
10 76
10 12
10 5
10 71
10 11
10 59
10 17
10 111
10 2
10 73
10 41
10 118
10 93
10 106
10 104
10 94
10 26
10 68
100 80
100 27
100 38
100 37
100 56
100 64
100 90
100 3
100 82
100 1
100 79
100 7
100 29
100 113
100 89
100 43
100 35
100 34
100 24
100 49
100 42
100 30
100 18
100 97
100 45
100 13
100 74
100 81
100 21
100 53
100 22
100 4
100 51
100 28
100 70
100 31
100 91
100 102
100 8
100 95
100 86
100 108
100 87
100 115
100 66
100 16
100 92
100 69
100 65
100 77
100 39
100 55
100 32
100 46
100 84
100 98
100 36
100 60
100 103
100 109
100 117
100 63
100 15
100 99
100 61
100 110
100 14
100 119
100 76
100 23
100 12
100 5
100 88
100 71
100 11
100 48
100 59
100 17
100 2
100 73
100 58
100 118
100 93
100 106
100 112
100 104
100 26
100 68
80 27
80 38
80 114
80 56
80 47
80 64
80 90
80 3
80 82
80 79
80 7
80 29
80 113
80 43
80 35
80 34
80 49
80 107
80 42
80 52
80 40
80 30
80 18
80 97
80 45
80 13
80 74
80 81
80 21
80 53
80 20
80 22
80 4
80 51
80 28
80 70
80 33
80 31
80 91
80 102
80 8
80 86
80 108
80 87
80 115
80 16
80 92
80 69
80 77
80 39
80 62
80 55
80 46
80 84
80 98
80 36
80 60
80 103
80 117
80 63
80 15
80 99
80 110
80 14
80 76
80 12
80 88
80 71
80 11
80 48
80 59
80 17
80 111
80 2
80 73
80 58
80 118
80 93
80 106
80 104
80 94
80 26
80 68
27 38
27 114
27 37
27 56
27 47
27 64
27 90
27 3
27 82
27 1
27 7
27 113
27 89
27 43
27 35
27 34
27 24
27 49
27 107
27 42
27 52
27 30
27 18
27 97
27 45
27 13
27 74
27 81
27 21
27 22
27 4
27 51
27 28
27 70
27 33
27 31
27 91
27 102
27 95
27 86
27 108
27 87
27 66
27 16
27 92
27 69
27 65
27 77
27 39
27 55
27 46
27 84
27 98
27 60
27 103
27 109
27 63
27 15
27 99
27 61
27 110
27 14
27 119
27 23
27 12
27 5
27 88
27 71
27 11
27 48
27 59
27 17
27 111
27 2
27 73
27 58
27 118
27 106
27 112
27 104
27 94
27 26
38 114
38 37
38 56
38 47
38 64
38 90
38 3
38 82
38 79
38 7
38 29
38 113
38 89
38 43
38 35
38 34
38 24
38 49
38 107
38 42
38 52
38 40
38 30
38 18
38 97
38 45
38 13
38 74
38 81
38 21
38 53
38 20
38 22
38 4
38 51
38 70
38 33
38 31
38 91
38 102
38 8
38 95
38 86
38 108
38 87
38 16
38 92
38 69
38 65
38 77
38 39
38 62
38 55
38 32
38 46
38 84
38 98
38 60
38 103
38 109
38 117
38 63
38 15
38 61
38 110
38 14
38 119
38 76
38 23
38 12
38 5
38 88
38 71
38 11
38 48
38 59
38 17
38 111
38 73
38 58
38 41
38 118
38 93
38 106
38 112
38 104
38 94
38 26
38 68
114 37
114 56
114 47
114 64
114 90
114 3
114 82
114 1
114 79
114 7
114 29
114 113
114 89
114 43
114 35
114 24
114 49
114 107
114 42
114 40
114 30
114 18
114 97
114 45
114 13
114 74
114 81
114 21
114 53
114 20
114 22
114 4
114 51
114 28
114 70
114 33
114 31
114 91
114 102
114 8
114 95
114 108
114 87
114 115
114 66
114 16
114 92
114 69
114 65
114 77
114 39
114 62
114 55
114 32
114 46
114 84
114 98
114 36
114 60
114 103
114 109
114 117
114 63
114 15
114 99
114 61
114 110
114 14
114 119
114 76
114 23
114 12
114 5
114 88
114 71
114 11
114 48
114 17
114 111
114 2
114 73
114 58
114 41
114 118
114 93
114 106
114 112
114 94
114 26
37 56
37 47
37 64
37 90
37 3
37 82
37 1
37 79
37 7
37 29
37 89
37 35
37 34
37 24
37 49
37 42
37 52
37 40
37 30
37 18
37 97
37 45
37 13
37 74
37 81
37 21
37 53
37 20
37 22
37 4
37 51
37 28
37 70
37 33
37 31
37 91
37 102
37 8
37 95
37 86
37 108
37 87
37 115
37 16
37 92
37 69
37 65
37 77
37 39
37 55
37 32
37 46
37 84
37 98
37 36
37 60
37 103
37 117
37 15
37 99
37 61
37 110
37 14
37 119
37 76
37 23
37 5
37 88
37 71
37 11
37 48
37 59
37 17
37 111
37 2
37 73
37 58
37 41
37 93
37 106
37 112
37 104
56 47
56 64
56 90
56 3
56 82
56 1
56 79
56 7
56 29
56 113
56 89
56 43
56 34
56 24
56 49
56 52
56 40
56 30
56 18
56 45
56 13
56 74
56 81
56 21
56 53
56 20
56 22
56 4
56 51
56 28
56 70
56 31
56 102
56 95
56 86
56 108
56 87
56 115
56 66
56 16
56 92
56 69
56 65
56 77
56 39
56 62
56 55
56 32
56 46
56 84
56 98
56 36
56 60
56 103
56 109
56 117
56 63
56 15
56 99
56 61
56 110
56 14
56 119
56 76
56 23
56 12
56 5
56 88
56 71
56 11
56 48
56 59
56 17
56 2
56 58
56 41
56 118
56 93
56 106
56 112
56 104
56 94
56 26
56 68
47 64
47 90
47 3
47 82
47 1
47 79
47 7
47 29
47 113
47 89
47 35
47 34
47 24
47 49
47 107
47 42
47 52
47 40
47 30
47 18
47 97
47 45
47 13
47 74
47 21
47 53
47 20
47 4
47 70
47 33
47 31
47 91
47 102
47 8
47 95
47 108
47 87
47 115
47 66
47 16
47 92
47 69
47 65
47 39
47 55
47 32
47 46
47 84
47 98
47 36
47 60
47 103
47 117
47 63
47 15
47 61
47 110
47 14
47 119
47 76
47 23
47 12
47 5
47 88
47 71
47 11
47 48
47 59
47 17
47 111
47 2
47 73
47 58
47 41
47 118
47 93
47 106
47 112
47 104
47 26
47 68
64 90
64 3
64 82
64 7
64 29
64 89
64 43
64 35
64 34
64 24
64 49
64 42
64 52
64 40
64 18
64 97
64 45
64 74
64 81
64 20
64 22
64 4
64 51
64 28
64 70
64 31
64 102
64 8
64 95
64 86
64 108
64 87
64 115
64 66
64 16
64 92
64 69
64 65
64 77
64 39
64 62
64 55
64 32
64 46
64 84
64 98
64 36
64 60
64 103
64 109
64 117
64 63
64 15
64 99
64 61
64 14
64 76
64 23
64 12
64 5
64 88
64 71
64 11
64 59
64 17
64 111
64 2
64 73
64 58
64 41
64 118
64 93
64 106
64 112
64 94
64 26
64 68
90 3
90 1
90 79
90 7
90 29
90 89
90 43
90 35
90 34
90 24
90 49
90 107
90 42
90 52
90 40
90 30
90 18
90 97
90 45
90 13
90 74
90 81
90 21
90 53
90 20
90 22
90 4
90 51
90 28
90 70
90 33
90 31
90 91
90 102
90 8
90 95
90 108
90 87
90 115
90 66
90 16
90 92
90 69
90 65
90 77
90 62
90 55
90 46
90 84
90 98
90 36
90 60
90 103
90 109
90 117
90 63
90 15
90 99
90 61
90 14
90 119
90 76
90 23
90 12
90 88
90 11
90 59
90 17
90 111
90 2
90 73
90 41
90 118
90 93
90 106
90 112
90 104
90 94
90 26
90 68
3 1
3 79
3 7
3 29
3 113
3 89
3 43
3 35
3 34
3 24
3 49
3 107
3 42
3 40
3 30
3 18
3 97
3 45
3 13
3 74
3 21
3 53
3 20
3 22
3 51
3 28
3 70
3 31
3 102
3 95
3 86
3 87
3 66
3 16
3 69
3 77
3 62
3 55
3 32
3 46
3 84
3 98
3 36
3 60
3 109
3 117
3 63
3 15
3 99
3 61
3 14
3 119
3 23
3 12
3 5
3 88
3 71
3 11
3 48
3 59
3 17
3 2
3 73
3 58
3 41
3 118
3 93
3 106
3 112
3 104
3 94
3 26
3 68
82 1
82 79
82 7
82 29
82 89
82 43
82 35
82 34
82 49
82 107
82 42
82 52
82 40
82 30
82 97
82 45
82 13
82 74
82 81
82 21
82 53
82 20
82 22
82 4
82 28
82 70
82 33
82 91
82 102
82 8
82 86
82 108
82 87
82 115
82 66
82 16
82 92
82 69
82 65
82 77
82 39
82 62
82 55
82 32
82 46
82 98
82 36
82 60
82 103
82 109
82 117
82 63
82 15
82 99
82 61
82 110
82 119
82 76
82 23
82 12
82 88
82 71
82 11
82 59
82 17
82 111
82 2
82 73
82 58
82 41
82 118
82 93
82 106
82 112
82 104
82 94
82 26
82 68
1 79
1 7
1 29
1 113
1 89
1 43
1 35
1 49
1 107
1 42
1 52
1 40
1 30
1 18
1 97
1 45
1 13
1 74
1 81
1 53
1 20
1 22
1 4
1 51
1 28
1 70
1 33
1 31
1 91
1 8
1 95
1 86
1 108
1 87
1 115
1 66
1 16
1 65
1 77
1 62
1 55
1 32
1 46
1 84
1 98
1 36
1 60
1 103
1 109
1 117
1 63
1 15
1 99
1 61
1 110
1 14
1 119
1 76
1 23
1 12
1 5
1 88
1 71
1 11
1 48
1 59
1 17
1 111
1 2
1 73
1 58
1 41
1 118
1 93
1 106
1 112
1 104
1 94
1 26
1 68
79 7
79 113
79 89
79 43
79 34
79 24
79 49
79 107
79 42
79 52
79 40
79 30
79 18
79 97
79 45
79 13
79 74
79 81
79 21
79 53
79 20
79 22
79 4
79 28
79 70
79 33
79 31
79 91
79 102
79 8
79 95
79 86
79 108
79 87
79 115
79 66
79 16
79 69
79 65
79 77
79 39
79 62
79 55
79 32
79 84
79 98
79 36
79 60
79 103
79 109
79 117
79 63
79 15
79 99
79 61
79 110
79 14
79 119
79 76
79 23
79 12
79 5
79 88
79 71
79 11
79 48
79 59
79 17
79 111
79 2
79 73
79 58
79 118
79 93
79 106
79 112
79 104
79 94
79 26
79 68
7 29
7 89
7 43
7 35
7 24
7 49
7 107
7 42
7 52
7 40
7 30
7 18
7 97
7 45
7 13
7 74
7 81
7 21
7 53
7 20
7 22
7 4
7 51
7 28
7 70
7 31
7 91
7 102
7 8
7 95
7 86
7 108
7 87
7 115
7 66
7 16
7 92
7 69
7 65
7 77
7 39
7 62
7 55
7 32
7 46
7 84
7 98
7 36
7 60
7 103
7 109
7 117
7 63
7 15
7 99
7 61
7 110
7 14
7 119
7 76
7 23
7 12
7 88
7 71
7 11
7 48
7 59
7 17
7 111
7 2
7 73
7 58
7 41
7 118
7 93
7 106
7 112
7 104
7 94
7 26
7 68
29 113
29 89
29 43
29 35
29 34
29 24
29 107
29 42
29 52
29 40
29 18
29 97
29 45
29 13
29 74
29 81
29 21
29 53
29 20
29 22
29 4
29 51
29 28
29 70
29 33
29 91
29 102
29 8
29 86
29 108
29 87
29 115
29 66
29 16
29 92
29 65
29 77
29 39
29 62
29 55
29 32
29 46
29 84
29 98
29 36
29 60
29 103
29 109
29 117
29 63
29 15
29 99
29 61
29 110
29 119
29 76
29 23
29 12
29 5
29 88
29 71
29 11
29 48
29 59
29 17
29 111
29 73
29 41
29 118
29 106
29 112
29 94
29 26
113 89
113 43
113 35
113 34
113 24
113 49
113 107
113 42
113 52
113 40
113 30
113 18
113 97
113 45
113 13
113 74
113 81
113 21
113 53
113 20
113 22
113 4
113 51
113 28
113 33
113 31
113 91
113 102
113 8
113 95
113 86
113 108
113 87
113 115
113 66
113 16
113 92
113 69
113 65
113 77
113 39
113 62
113 55
113 46
113 84
113 98
113 36
113 60
113 103
113 109
113 117
113 63
113 15
113 99
113 61
113 110
113 14
113 119
113 23
113 12
113 5
113 88
113 71
113 48
113 59
113 17
113 111
113 2
113 73
113 58
113 41
113 93
113 106
113 112
113 94
113 26
113 68
89 43
89 35
89 34
89 24
89 49
89 107
89 42
89 52
89 40
89 97
89 45
89 13
89 74
89 81
89 53
89 22
89 28
89 70
89 33
89 31
89 91
89 102
89 8
89 95
89 86
89 87
89 115
89 66
89 16
89 92
89 69
89 65
89 77
89 39
89 62
89 46
89 84
89 98
89 36
89 60
89 103
89 109
89 117
89 63
89 15
89 99
89 61
89 110
89 14
89 119
89 76
89 12
89 5
89 88
89 71
89 11
89 48
89 59
89 17
89 111
89 2
89 73
89 58
89 41
89 118
89 93
89 106
89 112
89 104
89 94
89 26
89 68
43 35
43 34
43 24
43 49
43 107
43 42
43 40
43 30
43 18
43 97
43 45
43 74
43 20
43 22
43 4
43 51
43 28
43 70
43 33
43 31
43 8
43 95
43 108
43 87
43 115
43 66
43 16
43 92
43 69
43 65
43 39
43 62
43 55
43 32
43 46
43 84
43 98
43 60
43 103
43 109
43 117
43 15
43 99
43 61
43 110
43 14
43 119
43 23
43 12
43 5
43 88
43 71
43 11
43 48
43 59
43 17
43 2
43 73
43 58
43 41
43 118
43 93
43 106
43 112
43 94
43 26
43 68
35 34
35 24
35 49
35 107
35 42
35 52
35 18
35 97
35 45
35 13
35 74
35 81
35 21
35 53
35 22
35 4
35 51
35 70
35 33
35 31
35 91
35 102
35 8
35 95
35 86
35 108
35 87
35 66
35 16
35 92
35 65
35 77
35 39
35 62
35 55
35 32
35 46
35 84
35 36
35 60
35 103
35 109
35 117
35 63
35 15
35 99
35 61
35 110
35 14
35 76
35 23
35 12
35 5
35 71
35 11
35 48
35 59
35 17
35 111
35 2
35 73
35 58
35 118
35 93
35 106
35 112
35 104
35 94
35 26
35 68
34 24
34 49
34 107
34 42
34 52
34 40
34 30
34 18
34 97
34 45
34 74
34 81
34 21
34 53
34 20
34 22
34 4
34 51
34 28
34 70
34 33
34 31
34 91
34 102
34 8
34 95
34 86
34 108
34 87
34 115
34 66
34 16
34 92
34 69
34 65
34 77
34 62
34 55
34 46
34 84
34 98
34 36
34 60
34 103
34 63
34 15
34 99
34 61
34 110
34 14
34 119
34 76
34 12
34 5
34 88
34 71
34 11
34 48
34 59
34 17
34 111
34 2
34 58
34 41
34 118
34 93
34 106
34 112
34 104
34 94
34 26
34 68
24 49
24 42
24 52
24 40
24 30
24 18
24 97
24 45
24 13
24 74
24 21
24 20
24 22
24 4
24 51
24 28
24 33
24 31
24 91
24 102
24 8
24 95
24 86
24 108
24 87
24 115
24 66
24 92
24 69
24 65
24 77
24 39
24 62
24 55
24 46
24 84
24 98
24 36
24 60
24 103
24 109
24 63
24 99
24 61
24 14
24 119
24 23
24 12
24 5
24 88
24 71
24 11
24 48
24 59
24 17
24 111
24 2
24 73
24 58
24 41
24 118
24 93
24 106
24 112
24 104
24 94
24 26
24 68
49 42
49 52
49 40
49 30
49 18
49 97
49 45
49 13
49 74
49 21
49 53
49 20
49 22
49 4
49 51
49 28
49 70
49 33
49 31
49 91
49 102
49 8
49 86
49 108
49 87
49 115
49 66
49 16
49 92
49 69
49 65
49 77
49 39
49 55
49 46
49 84
49 98
49 36
49 60
49 103
49 117
49 63
49 15
49 99
49 61
49 110
49 14
49 119
49 76
49 23
49 12
49 5
49 88
49 11
49 48
49 17
49 73
49 58
49 41
49 118
49 93
49 112
49 104
49 26
107 42
107 52
107 40
107 30
107 18
107 97
107 45
107 13
107 74
107 81
107 21
107 53
107 20
107 22
107 4
107 51
107 28
107 70
107 33
107 31
107 91
107 102
107 8
107 95
107 86
107 108
107 87
107 115
107 92
107 69
107 65
107 77
107 39
107 62
107 55
107 32
107 46
107 98
107 36
107 60
107 103
107 109
107 117
107 63
107 15
107 99
107 61
107 14
107 119
107 76
107 23
107 88
107 71
107 11
107 48
107 59
107 17
107 111
107 2
107 73
107 58
107 41
107 118
107 93
107 106
107 112
107 104
107 94
107 68
42 52
42 40
42 30
42 18
42 97
42 45
42 13
42 74
42 81
42 21
42 53
42 20
42 22
42 4
42 51
42 28
42 70
42 31
42 91
42 102
42 8
42 95
42 86
42 108
42 87
42 115
42 66
42 16
42 92
42 69
42 65
42 77
42 39
42 62
42 55
42 32
42 46
42 84
42 98
42 36
42 60
42 103
42 109
42 63
42 15
42 99
42 61
42 110
42 14
42 119
42 76
42 23
42 12
42 5
42 88
42 11
42 48
42 17
42 111
42 73
42 58
42 41
42 118
42 93
42 106
42 112
42 104
42 26
42 68
52 40
52 30
52 18
52 97
52 45
52 13
52 74
52 81
52 21
52 53
52 20
52 22
52 4
52 51
52 28
52 70
52 33
52 31
52 91
52 102
52 8
52 95
52 86
52 108
52 87
52 115
52 66
52 16
52 92
52 69
52 65
52 77
52 39
52 62
52 55
52 32
52 46
52 84
52 98
52 36
52 60
52 103
52 109
52 117
52 99
52 110
52 119
52 76
52 23
52 12
52 5
52 88
52 71
52 11
52 48
52 59
52 17
52 2
52 58
52 41
52 118
52 93
52 106
52 112
52 104
52 26
52 68
40 30
40 18
40 97
40 45
40 13
40 81
40 21
40 20
40 22
40 4
40 51
40 28
40 70
40 33
40 31
40 91
40 102
40 8
40 95
40 86
40 87
40 115
40 66
40 16
40 92
40 65
40 77
40 39
40 62
40 55
40 32
40 46
40 84
40 98
40 36
40 103
40 117
40 63
40 15
40 99
40 61
40 110
40 14
40 119
40 76
40 23
40 12
40 5
40 88
40 71
40 11
40 59
40 17
40 2
40 73
40 58
40 41
40 118
40 93
40 106
40 112
40 104
40 94
40 26
40 68
30 97
30 45
30 13
30 74
30 81
30 20
30 22
30 4
30 51
30 70
30 33
30 31
30 91
30 102
30 8
30 95
30 86
30 108
30 115
30 66
30 16
30 92
30 69
30 65
30 77
30 39
30 62
30 55
30 32
30 84
30 98
30 60
30 103
30 109
30 117
30 63
30 99
30 61
30 110
30 14
30 119
30 23
30 12
30 5
30 88
30 11
30 48
30 59
30 17
30 111
30 2
30 73
30 58
30 41
30 118
30 93
30 112
30 94
30 26
30 68
18 45
18 13
18 74
18 21
18 53
18 22
18 4
18 51
18 28
18 70
18 33
18 31
18 91
18 102
18 95
18 86
18 108
18 115
18 16
18 92
18 69
18 65
18 77
18 39
18 62
18 55
18 32
18 98
18 36
18 60
18 103
18 109
18 117
18 63
18 15
18 99
18 61
18 110
18 14
18 119
18 76
18 23
18 12
18 88
18 71
18 11
18 48
18 59
18 17
18 111
18 73
18 58
18 41
18 118
18 93
18 106
18 112
18 104
18 94
18 26
18 68
97 45
97 74
97 81
97 21
97 53
97 22
97 4
97 51
97 28
97 70
97 33
97 31
97 91
97 102
97 95
97 86
97 66
97 16
97 92
97 69
97 65
97 77
97 39
97 62
97 32
97 46
97 84
97 98
97 36
97 60
97 103
97 109
97 117
97 63
97 15
97 99
97 61
97 14
97 119
97 76
97 23
97 12
97 5
97 88
97 71
97 11
97 48
97 59
97 17
97 111
97 2
97 58
97 41
97 118
97 93
97 106
97 112
97 94
97 26
97 68
45 13
45 74
45 81
45 21
45 53
45 20
45 22
45 4
45 51
45 28
45 70
45 33
45 91
45 102
45 8
45 95
45 86
45 108
45 87
45 115
45 66
45 16
45 92
45 69
45 65
45 77
45 62
45 55
45 32
45 46
45 84
45 98
45 36
45 60
45 103
45 117
45 63
45 15
45 99
45 61
45 14
45 119
45 76
45 23
45 12
45 5
45 88
45 71
45 11
45 48
45 59
45 17
45 111
45 2
45 73
45 58
45 41
45 118
45 93
45 106
45 112
45 104
45 26
45 68
13 74
13 81
13 21
13 53
13 20
13 22
13 4
13 51
13 28
13 70
13 33
13 31
13 91
13 102
13 8
13 95
13 86
13 108
13 87
13 66
13 16
13 69
13 77
13 39
13 62
13 55
13 32
13 46
13 84
13 98
13 36
13 60
13 103
13 109
13 117
13 63
13 15
13 99
13 61
13 110
13 14
13 119
13 76
13 23
13 12
13 5
13 88
13 71
13 59
13 111
13 2
13 73
13 58
13 118
13 93
13 106
13 112
13 94
13 26
13 68
74 81
74 21
74 53
74 20
74 22
74 4
74 51
74 28
74 70
74 33
74 31
74 91
74 102
74 8
74 86
74 108
74 87
74 115
74 66
74 16
74 92
74 69
74 65
74 77
74 39
74 62
74 55
74 32
74 46
74 84
74 98
74 36
74 60
74 103
74 109
74 117
74 15
74 99
74 61
74 110
74 14
74 119
74 76
74 23
74 12
74 5
74 11
74 59
74 17
74 111
74 2
74 73
74 58
74 41
74 118
74 93
74 106
74 112
74 104
74 94
74 26
74 68
81 21
81 53
81 20
81 22
81 51
81 28
81 70
81 31
81 91
81 102
81 8
81 86
81 108
81 87
81 115
81 66
81 16
81 92
81 69
81 65
81 77
81 39
81 62
81 55
81 32
81 46
81 84
81 36
81 60
81 103
81 109
81 117
81 63
81 99
81 61
81 110
81 14
81 119
81 76
81 23
81 12
81 88
81 71
81 11
81 48
81 17
81 111
81 2
81 73
81 58
81 41
81 118
81 93
81 106
81 112
81 104
81 94
81 26
81 68
21 53
21 20
21 22
21 4
21 51
21 70
21 33
21 31
21 102
21 8
21 95
21 86
21 108
21 87
21 115
21 92
21 65
21 39
21 62
21 55
21 32
21 46
21 98
21 103
21 117
21 63
21 15
21 99
21 61
21 110
21 119
21 23
21 12
21 5
21 88
21 71
21 11
21 59
21 17
21 111
21 2
21 73
21 58
21 41
21 93
21 112
21 104
21 94
21 26
21 68
53 20
53 4
53 51
53 28
53 70
53 33
53 31
53 91
53 102
53 8
53 95
53 86
53 108
53 87
53 115
53 66
53 16
53 69
53 65
53 77
53 39
53 55
53 32
53 46
53 84
53 98
53 60
53 103
53 109
53 117
53 63
53 15
53 99
53 61
53 110
53 14
53 119
53 76
53 23
53 12
53 88
53 71
53 11
53 48
53 59
53 17
53 111
53 2
53 73
53 58
53 41
53 118
53 93
53 106
53 112
53 26
53 68
20 22
20 4
20 51
20 28
20 70
20 33
20 31
20 91
20 102
20 8
20 95
20 86
20 108
20 87
20 115
20 66
20 16
20 92
20 69
20 65
20 77
20 39
20 62
20 55
20 32
20 46
20 84
20 98
20 36
20 60
20 103
20 109
20 117
20 15
20 99
20 61
20 110
20 14
20 119
20 76
20 23
20 12
20 5
20 88
20 71
20 11
20 48
20 59
20 111
20 2
20 73
20 58
20 41
20 118
20 93
20 106
20 112
20 104
20 94
20 26
20 68
22 4
22 51
22 70
22 33
22 31
22 91
22 102
22 8
22 95
22 86
22 108
22 115
22 66
22 16
22 92
22 69
22 65
22 77
22 39
22 32
22 46
22 84
22 98
22 60
22 103
22 109
22 117
22 63
22 15
22 99
22 61
22 110
22 14
22 119
22 76
22 23
22 12
22 5
22 88
22 71
22 11
22 48
22 59
22 17
22 111
22 2
22 73
22 41
22 118
22 93
22 106
22 112
22 104
22 94
22 26
22 68
4 51
4 28
4 33
4 31
4 91
4 102
4 8
4 86
4 108
4 87
4 115
4 66
4 16
4 92
4 69
4 77
4 39
4 62
4 55
4 32
4 46
4 84
4 98
4 36
4 60
4 103
4 109
4 117
4 63
4 15
4 99
4 110
4 14
4 119
4 76
4 12
4 5
4 88
4 71
4 11
4 48
4 59
4 17
4 111
4 2
4 73
4 58
4 41
4 118
4 93
4 106
4 112
4 104
4 94
4 68
51 28
51 70
51 33
51 31
51 91
51 102
51 8
51 86
51 108
51 87
51 115
51 66
51 92
51 39
51 62
51 55
51 32
51 46
51 84
51 36
51 60
51 109
51 117
51 63
51 15
51 99
51 61
51 110
51 14
51 119
51 23
51 12
51 5
51 88
51 71
51 48
51 59
51 17
51 2
51 73
51 41
51 118
51 93
51 106
51 112
51 104
51 26
51 68
28 70
28 33
28 31
28 91
28 102
28 8
28 95
28 86
28 108
28 87
28 115
28 66
28 16
28 92
28 69
28 65
28 77
28 39
28 55
28 32
28 46
28 84
28 98
28 36
28 60
28 103
28 109
28 117
28 63
28 15
28 99
28 61
28 110
28 14
28 119
28 76
28 23
28 12
28 5
28 71
28 48
28 17
28 111
28 73
28 58
28 41
28 118
28 93
28 112
28 104
28 94
28 26
28 68
70 33
70 31
70 91
70 102
70 8
70 95
70 86
70 108
70 87
70 115
70 66
70 16
70 92
70 69
70 65
70 77
70 39
70 55
70 32
70 46
70 84
70 98
70 36
70 60
70 103
70 109
70 117
70 63
70 99
70 61
70 110
70 14
70 119
70 76
70 23
70 12
70 5
70 88
70 71
70 11
70 48
70 59
70 17
70 111
70 2
70 73
70 58
70 41
70 118
70 93
70 106
70 112
70 104
70 94
70 26
70 68
33 8
33 95
33 86
33 108
33 87
33 115
33 66
33 16
33 65
33 77
33 39
33 62
33 55
33 32
33 46
33 84
33 98
33 36
33 60
33 103
33 109
33 117
33 63
33 99
33 61
33 110
33 14
33 119
33 76
33 23
33 5
33 88
33 71
33 11
33 59
33 111
33 2
33 58
33 41
33 118
33 93
33 112
33 104
33 94
33 26
33 68
31 91
31 102
31 8
31 95
31 86
31 108
31 87
31 115
31 66
31 16
31 92
31 69
31 65
31 77
31 39
31 55
31 32
31 46
31 84
31 98
31 36
31 60
31 103
31 109
31 117
31 63
31 99
31 61
31 110
31 14
31 119
31 23
31 12
31 5
31 88
31 71
31 11
31 48
31 59
31 111
31 2
31 73
31 58
31 41
31 118
31 93
31 106
31 112
31 94
31 68
91 95
91 86
91 87
91 16
91 92
91 69
91 65
91 55
91 32
91 46
91 84
91 98
91 36
91 103
91 109
91 117
91 63
91 15
91 99
91 61
91 110
91 14
91 76
91 12
91 88
91 11
91 48
91 59
91 17
91 111
91 2
91 73
91 58
91 41
91 118
91 93
91 106
91 112
91 104
91 94
91 26
91 68
102 8
102 95
102 86
102 108
102 87
102 115
102 66
102 92
102 77
102 39
102 55
102 32
102 84
102 98
102 36
102 60
102 103
102 109
102 117
102 63
102 15
102 99
102 61
102 110
102 119
102 76
102 23
102 12
102 5
102 71
102 11
102 48
102 59
102 17
102 111
102 2
102 73
102 58
102 41
102 118
102 93
102 106
102 112
102 104
102 94
102 26
8 95
8 86
8 108
8 87
8 115
8 66
8 16
8 92
8 69
8 65
8 77
8 39
8 62
8 55
8 32
8 46
8 84
8 98
8 36
8 60
8 103
8 109
8 117
8 63
8 15
8 99
8 110
8 14
8 119
8 76
8 23
8 12
8 5
8 88
8 71
8 11
8 48
8 59
8 17
8 111
8 2
8 73
8 58
8 41
8 118
8 93
8 106
8 112
8 26
8 68
95 86
95 108
95 87
95 115
95 66
95 16
95 92
95 69
95 65
95 77
95 39
95 62
95 55
95 32
95 46
95 84
95 98
95 36
95 103
95 109
95 117
95 63
95 15
95 61
95 110
95 14
95 119
95 76
95 23
95 12
95 5
95 88
95 11
95 48
95 59
95 17
95 111
95 2
95 73
95 58
95 41
95 118
95 93
95 106
95 104
95 94
95 26
95 68
86 108
86 87
86 115
86 16
86 92
86 69
86 65
86 39
86 62
86 55
86 32
86 46
86 84
86 98
86 36
86 60
86 103
86 109
86 117
86 63
86 15
86 61
86 110
86 14
86 76
86 23
86 12
86 88
86 71
86 11
86 48
86 59
86 17
86 111
86 2
86 73
86 58
86 41
86 118
86 93
86 106
86 112
86 104
86 94
86 26
86 68
108 115
108 66
108 16
108 69
108 65
108 39
108 62
108 55
108 32
108 46
108 84
108 98
108 36
108 60
108 103
108 109
108 117
108 63
108 15
108 99
108 61
108 110
108 14
108 119
108 23
108 12
108 5
108 88
108 71
108 11
108 48
108 59
108 111
108 2
108 73
108 58
108 41
108 118
108 93
108 106
108 112
108 104
108 94
108 26
108 68
87 115
87 66
87 16
87 92
87 65
87 77
87 39
87 62
87 55
87 32
87 46
87 98
87 103
87 109
87 117
87 63
87 99
87 61
87 110
87 119
87 76
87 23
87 12
87 5
87 88
87 71
87 11
87 48
87 59
87 17
87 111
87 2
87 73
87 58
87 41
87 118
87 93
87 106
87 112
87 104
87 94
87 26
87 68
115 66
115 16
115 92
115 77
115 39
115 62
115 55
115 32
115 46
115 84
115 98
115 36
115 103
115 109
115 117
115 63
115 15
115 99
115 61
115 14
115 119
115 76
115 23
115 12
115 5
115 88
115 71
115 11
115 48
115 111
115 2
115 73
115 58
115 41
115 118
115 93
115 106
115 112
115 104
115 94
115 26
115 68
66 16
66 92
66 69
66 65
66 77
66 39
66 62
66 55
66 32
66 46
66 84
66 98
66 36
66 60
66 103
66 109
66 63
66 15
66 99
66 61
66 110
66 14
66 119
66 76
66 23
66 12
66 5
66 88
66 71
66 11
66 48
66 59
66 17
66 111
66 2
66 73
66 58
66 41
66 118
66 93
66 106
66 112
66 104
66 94
66 26
66 68
16 92
16 65
16 77
16 39
16 62
16 32
16 46
16 84
16 98
16 36
16 60
16 103
16 109
16 117
16 63
16 15
16 99
16 61
16 110
16 14
16 76
16 23
16 12
16 5
16 88
16 71
16 11
16 48
16 59
16 17
16 111
16 2
16 73
16 41
16 118
16 93
16 106
16 112
16 104
16 94
16 26
16 68
92 69
92 39
92 62
92 55
92 32
92 84
92 98
92 36
92 60
92 103
92 63
92 15
92 99
92 61
92 110
92 14
92 119
92 76
92 23
92 12
92 5
92 71
92 11
92 48
92 59
92 111
92 2
92 73
92 41
92 118
92 93
92 106
92 112
92 104
92 94
92 26
92 68
69 65
69 77
69 62
69 55
69 32
69 46
69 84
69 98
69 36
69 60
69 103
69 109
69 117
69 15
69 99
69 61
69 110
69 14
69 119
69 23
69 12
69 5
69 88
69 71
69 11
69 48
69 59
69 111
69 2
69 73
69 41
69 118
69 93
69 106
69 112
69 104
69 94
69 68
65 77
65 39
65 62
65 55
65 32
65 46
65 84
65 98
65 36
65 60
65 103
65 109
65 117
65 63
65 15
65 99
65 61
65 119
65 76
65 23
65 12
65 5
65 88
65 71
65 11
65 48
65 17
65 111
65 2
65 73
65 41
65 118
65 93
65 112
65 104
65 94
65 26
65 68
77 39
77 62
77 55
77 32
77 46
77 84
77 98
77 36
77 60
77 103
77 109
77 117
77 63
77 15
77 99
77 61
77 110
77 14
77 119
77 76
77 23
77 12
77 5
77 88
77 71
77 11
77 48
77 59
77 17
77 111
77 73
77 58
77 41
77 118
77 106
77 104
77 26
77 68
39 62
39 55
39 32
39 46
39 84
39 98
39 36
39 103
39 109
39 117
39 63
39 15
39 99
39 61
39 110
39 14
39 119
39 23
39 12
39 5
39 88
39 71
39 11
39 48
39 59
39 111
39 2
39 73
39 58
39 41
39 118
39 93
39 106
39 112
39 104
39 94
39 68
62 32
62 46
62 84
62 98
62 36
62 60
62 103
62 117
62 63
62 15
62 99
62 61
62 110
62 14
62 76
62 23
62 88
62 71
62 11
62 48
62 17
62 111
62 2
62 58
62 41
62 118
62 93
62 106
62 112
62 104
62 94
62 26
62 68
55 32
55 46
55 84
55 98
55 36
55 60
55 103
55 109
55 117
55 63
55 99
55 61
55 110
55 14
55 119
55 76
55 23
55 12
55 5
55 71
55 11
55 48
55 59
55 17
55 111
55 2
55 73
55 58
55 41
55 118
55 93
55 106
55 112
55 104
55 94
55 26
55 68
32 46
32 84
32 98
32 36
32 60
32 103
32 109
32 117
32 63
32 15
32 99
32 61
32 14
32 119
32 76
32 23
32 12
32 88
32 71
32 11
32 48
32 59
32 17
32 111
32 2
32 73
32 58
32 41
32 118
32 93
32 106
32 112
32 104
32 94
32 26
32 68
46 84
46 98
46 36
46 60
46 103
46 109
46 117
46 15
46 99
46 61
46 110
46 14
46 119
46 76
46 23
46 12
46 5
46 88
46 71
46 11
46 48
46 59
46 111
46 2
46 73
46 58
46 41
46 106
46 112
46 104
46 94
46 26
46 68
84 98
84 36
84 60
84 103
84 109
84 117
84 63
84 15
84 99
84 61
84 110
84 14
84 119
84 76
84 23
84 5
84 71
84 11
84 48
84 59
84 111
84 2
84 73
84 58
84 41
84 118
84 93
84 106
84 112
84 104
84 94
84 68
98 36
98 60
98 103
98 109
98 117
98 63
98 15
98 99
98 61
98 110
98 14
98 119
98 76
98 23
98 12
98 5
98 88
98 71
98 11
98 59
98 17
98 111
98 73
98 58
98 41
98 118
98 93
98 106
98 112
98 94
98 26
98 68
36 103
36 109
36 117
36 63
36 15
36 99
36 110
36 14
36 119
36 76
36 23
36 12
36 5
36 88
36 71
36 11
36 59
36 17
36 111
36 2
36 73
36 58
36 41
36 118
36 93
36 106
36 112
36 104
36 26
36 68
60 103
60 109
60 117
60 63
60 15
60 61
60 110
60 76
60 23
60 12
60 5
60 88
60 71
60 11
60 48
60 59
60 17
60 111
60 2
60 73
60 58
60 41
60 118
60 93
60 106
60 112
60 104
60 94
60 26
103 109
103 117
103 63
103 15
103 99
103 61
103 110
103 119
103 76
103 23
103 12
103 5
103 88
103 11
103 48
103 59
103 17
103 111
103 2
103 73
103 58
103 41
103 118
103 93
103 106
103 112
103 104
103 94
103 26
103 68
109 117
109 63
109 15
109 99
109 61
109 110
109 14
109 119
109 12
109 5
109 88
109 11
109 59
109 17
109 111
109 2
109 73
109 58
109 118
109 93
109 106
109 112
109 104
109 94
109 26
117 63
117 15
117 61
117 110
117 14
117 119
117 76
117 12
117 5
117 88
117 71
117 11
117 48
117 59
117 17
117 111
117 2
117 73
117 58
117 41
117 118
117 93
117 106
117 112
117 104
117 94
117 26
117 68
63 15
63 99
63 61
63 110
63 14
63 76
63 23
63 12
63 5
63 71
63 11
63 48
63 59
63 17
63 111
63 2
63 73
63 58
63 41
63 93
63 106
63 112
63 104
63 94
63 26
63 68
15 99
15 61
15 110
15 14
15 119
15 76
15 23
15 12
15 5
15 88
15 71
15 11
15 48
15 59
15 17
15 111
15 73
15 58
15 41
15 118
15 106
15 104
15 26
15 68
99 61
99 110
99 14
99 12
99 5
99 88
99 71
99 11
99 59
99 17
99 111
99 2
99 73
99 58
99 41
99 118
99 93
99 106
99 112
99 104
99 94
99 26
99 68
61 119
61 76
61 23
61 12
61 5
61 88
61 71
61 11
61 48
61 59
61 17
61 111
61 2
61 73
61 58
61 41
61 93
61 106
61 112
61 104
61 94
61 26
61 68
110 14
110 119
110 23
110 5
110 88
110 11
110 48
110 59
110 17
110 111
110 2
110 73
110 58
110 41
110 118
110 93
110 106
110 112
110 104
110 94
110 26
110 68
14 119
14 76
14 23
14 12
14 5
14 88
14 71
14 11
14 48
14 59
14 111
14 73
14 41
14 93
14 106
14 112
14 104
14 26
14 68
119 76
119 12
119 5
119 88
119 71
119 11
119 48
119 59
119 17
119 111
119 2
119 73
119 58
119 118
119 93
119 106
119 104
119 94
119 26
119 68
76 23
76 12
76 5
76 88
76 11
76 48
76 59
76 17
76 111
76 41
76 118
76 93
76 106
76 112
76 104
76 94
76 26
76 68
23 12
23 5
23 88
23 71
23 11
23 48
23 59
23 17
23 111
23 2
23 73
23 58
23 41
23 118
23 93
23 106
23 112
23 104
23 94
23 26
23 68
12 5
12 88
12 71
12 11
12 48
12 59
12 17
12 111
12 73
12 58
12 41
12 118
12 93
12 106
12 112
12 104
12 94
12 26
12 68
5 71
5 11
5 48
5 59
5 17
5 2
5 73
5 58
5 41
5 118
5 93
5 106
5 112
5 104
5 94
5 26
5 68
88 71
88 11
88 48
88 17
88 111
88 73
88 58
88 41
88 118
88 93
88 106
88 112
88 104
88 68
71 11
71 48
71 59
71 17
71 111
71 2
71 73
71 58
71 118
71 93
71 106
71 112
71 104
71 26
71 68
11 48
11 111
11 2
11 58
11 41
11 118
11 93
11 106
11 112
11 104
11 94
11 26
11 68
48 59
48 17
48 111
48 2
48 73
48 58
48 41
48 118
48 106
48 112
48 104
48 94
48 26
48 68
59 17
59 111
59 2
59 73
59 58
59 41
59 118
59 93
59 106
59 112
59 104
59 94
59 26
59 68
17 111
17 2
17 73
17 58
17 41
17 118
17 93
17 106
17 112
17 104
17 68
111 2
111 73
111 41
111 118
111 93
111 112
111 94
111 26
111 68
2 73
2 58
2 41
2 118
2 93
2 106
2 104
2 26
2 68
73 58
73 41
73 118
73 93
73 106
73 112
73 104
73 94
73 68
58 41
58 118
58 93
58 106
58 112
58 104
58 94
58 26
58 68
41 118
41 93
41 106
41 112
41 104
41 94
41 26
41 68
118 93
118 106
118 112
118 104
118 94
118 68
93 106
93 104
93 94
93 26
106 112
106 94
106 26
106 68
112 104
112 94
112 26
112 68
104 94
104 68
94 26
94 68
26 68
