*verties 103
47
27
85
21
26
41
63
72
8
3
102
90
89
76
24
94
87
61
117
30
25
15
73
48
42
14
113
29
79
80
70
23
37
71
33
118
103
19
36
109
13
82
28
98
43
50
77
53
81
12
34
114
65
92
32
51
49
9
17
1
110
60
86
96
2
100
4
84
54
107
52
99
20
10
18
95
78
106
108
16
5
66
97
119
7
68
0
38
115
57
35
116
69
101
112
45
40
64
75
83
105
6
88
*edges 
47 27
47 85
47 26
47 41
47 63
47 3
47 102
47 90
47 89
47 76
47 24
47 94
47 87
47 117
47 30
47 25
47 48
47 42
47 14
47 113
47 29
47 80
47 70
47 23
47 71
47 103
47 19
47 109
47 13
47 82
47 28
47 43
47 50
47 77
47 12
47 34
47 114
47 32
47 51
47 9
47 17
47 60
47 86
47 96
47 2
47 100
47 4
47 84
47 52
47 99
47 10
47 106
47 108
47 16
47 5
47 68
47 57
47 35
47 64
47 75
47 105
47 88
27 85
27 26
27 41
27 72
27 90
27 89
27 24
27 25
27 73
27 37
27 33
27 109
27 28
27 98
27 43
27 77
27 53
27 12
27 65
27 92
27 110
27 60
27 86
27 100
27 4
27 106
27 66
27 119
27 0
27 115
27 57
27 35
27 116
27 112
27 45
27 6
85 21
85 41
85 72
85 8
85 3
85 102
85 24
85 61
85 30
85 25
85 15
85 73
85 14
85 113
85 70
85 37
85 33
85 118
85 103
85 19
85 36
85 13
85 28
85 98
85 81
85 12
85 114
85 65
85 32
85 17
85 1
85 110
85 2
85 4
85 84
85 54
85 52
85 20
85 10
85 18
85 108
85 66
85 7
85 0
85 35
85 112
85 40
85 105
85 6
21 41
21 72
21 8
21 102
21 89
21 76
21 94
21 87
21 61
21 117
21 30
21 25
21 73
21 42
21 14
21 113
21 29
21 80
21 70
21 23
21 37
21 71
21 118
21 28
21 50
21 77
21 81
21 12
21 34
21 65
21 32
21 51
21 9
21 110
21 86
21 107
21 99
21 20
21 10
21 16
21 119
21 38
21 115
21 57
21 35
21 45
21 6
26 41
26 63
26 72
26 90
26 89
26 24
26 61
26 117
26 25
26 15
26 29
26 79
26 80
26 70
26 71
26 33
26 118
26 36
26 109
26 50
26 77
26 12
26 34
26 114
26 65
26 92
26 32
26 51
26 9
26 17
26 1
26 60
26 100
26 84
26 54
26 107
26 52
26 18
26 106
26 108
26 5
26 66
26 7
26 68
26 0
26 38
26 115
26 57
26 35
26 116
26 101
26 45
26 105
41 72
41 8
41 76
41 61
41 117
41 30
41 15
41 73
41 48
41 14
41 113
41 79
41 80
41 70
41 37
41 71
41 33
41 36
41 82
41 77
41 12
41 34
41 114
41 51
41 49
41 17
41 110
41 86
41 84
41 52
41 99
41 18
41 95
41 5
41 97
41 119
41 68
41 38
41 57
41 35
41 112
41 45
41 88
63 8
63 3
63 89
63 94
63 73
63 29
63 79
63 80
63 23
63 71
63 19
63 109
63 28
63 43
63 77
63 81
63 12
63 34
63 65
63 51
63 49
63 9
63 86
63 2
63 100
63 84
63 107
63 20
63 10
63 108
63 5
63 0
63 35
63 45
63 64
63 75
63 105
63 6
63 88
72 90
72 94
72 87
72 30
72 14
72 29
72 70
72 37
72 118
72 103
72 19
72 98
72 43
72 12
72 65
72 92
72 32
72 17
72 110
72 86
72 96
72 100
72 4
72 84
72 54
72 107
72 52
72 99
72 20
72 18
72 95
72 16
72 5
72 97
72 68
72 38
72 115
72 35
72 45
72 75
72 105
8 3
8 102
8 24
8 25
8 15
8 48
8 42
8 79
8 80
8 70
8 23
8 33
8 118
8 19
8 36
8 109
8 13
8 82
8 43
8 65
8 51
8 49
8 9
8 17
8 110
8 60
8 2
8 4
8 84
8 54
8 107
8 52
8 18
8 97
8 119
8 0
8 38
8 116
8 69
8 45
8 83
8 105
8 6
8 88
3 102
3 90
3 76
3 24
3 94
3 61
3 25
3 15
3 48
3 79
3 80
3 70
3 23
3 71
3 33
3 36
3 77
3 53
3 81
3 12
3 114
3 65
3 32
3 49
3 9
3 17
3 1
3 60
3 100
3 4
3 84
3 107
3 52
3 10
3 108
3 66
3 7
3 115
3 35
3 116
3 101
3 64
3 83
3 6
3 88
102 89
102 76
102 94
102 61
102 117
102 15
102 73
102 14
102 29
102 23
102 33
102 118
102 103
102 19
102 13
102 82
102 43
102 50
102 12
102 114
102 65
102 92
102 51
102 49
102 110
102 60
102 86
102 96
102 100
102 52
102 10
102 95
102 106
102 16
102 66
102 97
102 0
102 38
102 57
102 35
102 116
102 69
102 112
102 64
102 75
102 6
102 88
90 89
90 76
90 87
90 61
90 30
90 48
90 14
90 23
90 37
90 71
90 118
90 103
90 13
90 28
90 98
90 43
90 50
90 53
90 12
90 32
90 51
90 9
90 17
90 1
90 60
90 86
90 54
90 107
90 108
90 16
90 5
90 66
90 119
90 38
90 115
90 35
90 116
90 101
90 112
90 45
90 40
90 64
90 83
89 76
89 94
89 87
89 61
89 30
89 48
89 42
89 29
89 79
89 80
89 33
89 109
89 13
89 82
89 28
89 98
89 43
89 50
89 77
89 49
89 9
89 1
89 110
89 86
89 107
89 10
89 16
89 68
89 0
89 116
89 69
89 64
89 75
89 105
89 88
76 24
76 87
76 117
76 73
76 48
76 42
76 79
76 70
76 71
76 33
76 103
76 36
76 82
76 43
76 12
76 65
76 51
76 49
76 110
76 96
76 2
76 107
76 78
76 16
76 5
76 66
76 97
76 119
76 68
76 0
76 115
76 35
76 101
76 112
76 45
76 64
76 75
76 83
24 61
24 30
24 15
24 14
24 29
24 80
24 70
24 36
24 109
24 13
24 28
24 98
24 43
24 50
24 77
24 81
24 12
24 92
24 32
24 51
24 9
24 17
24 1
24 60
24 84
24 107
24 18
24 95
24 78
24 5
24 119
24 68
24 0
24 38
24 115
24 112
24 45
24 40
24 6
94 117
94 30
94 73
94 48
94 29
94 71
94 33
94 118
94 36
94 13
94 98
94 81
94 12
94 114
94 9
94 110
94 96
94 4
94 107
94 18
94 106
94 16
94 5
94 66
94 119
94 7
94 68
94 57
94 35
94 116
94 112
94 45
94 83
87 117
87 30
87 25
87 73
87 48
87 42
87 113
87 23
87 33
87 118
87 98
87 43
87 81
87 34
87 114
87 92
87 49
87 9
87 17
87 1
87 60
87 96
87 84
87 54
87 99
87 20
87 10
87 95
87 78
87 5
87 66
87 97
87 119
87 0
87 38
87 115
87 57
87 69
87 112
87 45
87 64
87 83
87 6
61 117
61 25
61 15
61 73
61 48
61 42
61 79
61 80
61 23
61 71
61 118
61 109
61 13
61 82
61 98
61 43
61 50
61 53
61 81
61 12
61 114
61 65
61 92
61 17
61 1
61 110
61 60
61 4
61 107
61 99
61 78
61 108
61 119
61 38
61 115
61 57
61 35
61 45
61 64
61 75
61 83
61 88
117 71
117 33
117 103
117 19
117 13
117 28
117 50
117 77
117 53
117 34
117 114
117 65
117 92
117 51
117 49
117 60
117 86
117 96
117 100
117 4
117 84
117 54
117 107
117 52
117 18
117 108
117 5
117 57
117 116
117 69
117 112
117 40
117 64
117 75
117 83
30 79
30 70
30 13
30 82
30 98
30 43
30 50
30 77
30 81
30 114
30 65
30 32
30 60
30 86
30 2
30 84
30 54
30 10
30 108
30 5
30 97
30 68
30 0
30 38
30 57
30 69
30 112
30 45
30 75
30 83
30 105
30 88
25 48
25 14
25 113
25 29
25 80
25 37
25 71
25 103
25 109
25 13
25 82
25 98
25 43
25 50
25 77
25 65
25 32
25 51
25 110
25 60
25 2
25 4
25 107
25 20
25 10
25 95
25 78
25 106
25 16
25 66
25 68
25 0
25 38
25 35
25 116
25 45
25 40
25 64
25 75
25 83
15 73
15 42
15 14
15 29
15 37
15 71
15 33
15 19
15 36
15 13
15 50
15 53
15 81
15 12
15 34
15 65
15 92
15 9
15 110
15 60
15 100
15 84
15 20
15 10
15 95
15 78
15 108
15 119
15 68
15 38
15 57
15 35
15 75
15 88
73 48
73 113
73 29
73 80
73 70
73 23
73 103
73 36
73 82
73 98
73 43
73 50
73 77
73 81
73 12
73 65
73 92
73 32
73 9
73 1
73 110
73 86
73 96
73 100
73 4
73 84
73 10
73 18
73 95
73 106
73 108
73 5
73 66
73 97
73 7
73 0
73 57
73 35
73 116
73 69
73 40
73 88
48 14
48 79
48 80
48 118
48 109
48 28
48 43
48 53
48 81
48 34
48 17
48 110
48 2
48 4
48 84
48 54
48 52
48 99
48 20
48 10
48 95
48 78
48 5
48 0
48 38
48 69
48 101
48 112
48 45
48 64
48 75
48 105
48 88
42 14
42 29
42 80
42 33
42 118
42 103
42 13
42 82
42 43
42 50
42 77
42 65
42 32
42 51
42 9
42 17
42 1
42 110
42 96
42 100
42 4
42 52
42 99
42 20
42 10
42 18
42 95
42 108
42 16
42 97
42 119
42 7
42 68
42 38
42 115
42 35
42 116
42 69
42 112
42 40
42 75
42 83
42 6
42 88
14 113
14 29
14 71
14 13
14 114
14 92
14 49
14 1
14 60
14 96
14 84
14 107
14 18
14 78
14 66
14 119
14 7
14 68
14 38
14 115
14 57
14 35
14 116
14 69
14 101
14 64
14 83
14 105
14 6
113 29
113 79
113 80
113 70
113 37
113 118
113 19
113 13
113 77
113 53
113 12
113 65
113 92
113 32
113 9
113 17
113 1
113 110
113 60
113 86
113 96
113 84
113 54
113 20
113 10
113 78
113 16
113 97
113 68
113 0
113 115
113 116
113 69
113 101
113 45
113 64
113 75
113 6
29 79
29 70
29 37
29 71
29 118
29 19
29 36
29 28
29 98
29 43
29 50
29 77
29 53
29 81
29 12
29 34
29 114
29 92
29 32
29 51
29 9
29 17
29 1
29 110
29 54
29 52
29 20
29 10
29 95
29 16
29 5
29 97
29 57
29 116
29 45
29 75
29 105
79 80
79 70
79 71
79 118
79 36
79 109
79 28
79 98
79 77
79 81
79 12
79 92
79 9
79 17
79 1
79 2
79 84
79 54
79 52
79 119
79 68
79 57
79 83
79 6
79 88
80 70
80 23
80 37
80 71
80 118
80 19
80 109
80 82
80 28
80 81
80 114
80 65
80 32
80 49
80 9
80 1
80 60
80 96
80 2
80 4
80 52
80 20
80 108
80 16
80 5
80 97
80 7
80 68
80 69
80 101
80 45
80 75
70 23
70 37
70 33
70 103
70 19
70 36
70 13
70 28
70 12
70 34
70 114
70 65
70 9
70 96
70 2
70 100
70 4
70 84
70 107
70 20
70 95
70 5
70 97
70 7
70 0
70 115
70 69
70 40
70 64
70 88
23 37
23 103
23 19
23 82
23 43
23 81
23 114
23 65
23 51
23 49
23 9
23 17
23 96
23 4
23 84
23 20
23 18
23 78
23 5
23 97
23 68
23 0
23 35
23 101
23 112
23 75
23 105
23 6
37 103
37 19
37 82
37 28
37 50
37 53
37 81
37 34
37 114
37 65
37 9
37 1
37 60
37 86
37 2
37 100
37 4
37 84
37 107
37 99
37 10
37 95
37 106
37 66
37 68
37 0
37 38
37 35
37 69
37 101
37 112
37 64
37 75
37 105
37 6
71 33
71 118
71 103
71 36
71 13
71 82
71 43
71 77
71 12
71 51
71 17
71 1
71 2
71 84
71 54
71 99
71 10
71 18
71 78
71 66
71 119
71 68
71 38
71 57
71 35
71 116
71 112
71 64
71 83
33 19
33 109
33 13
33 82
33 12
33 34
33 65
33 92
33 9
33 17
33 110
33 60
33 96
33 2
33 84
33 107
33 99
33 18
33 95
33 108
33 119
33 0
33 38
33 57
33 101
33 75
33 83
33 6
118 19
118 109
118 13
118 43
118 50
118 77
118 32
118 51
118 9
118 17
118 100
118 107
118 20
118 10
118 18
118 95
118 78
118 106
118 108
118 5
118 66
118 7
118 0
118 115
118 57
118 35
118 116
118 101
118 112
118 45
118 40
118 64
118 83
118 105
118 6
103 109
103 28
103 77
103 53
103 81
103 34
103 114
103 32
103 51
103 49
103 9
103 17
103 1
103 110
103 2
103 100
103 84
103 52
103 95
103 106
103 108
103 16
103 5
103 97
103 119
103 7
103 68
103 0
103 38
103 35
103 112
103 45
103 83
103 105
103 6
103 88
19 109
19 13
19 98
19 43
19 77
19 81
19 12
19 65
19 92
19 17
19 86
19 96
19 100
19 4
19 84
19 18
19 108
19 97
19 119
19 68
19 38
19 45
19 75
19 83
19 6
36 13
36 28
36 50
36 81
36 32
36 1
36 60
36 100
36 84
36 54
36 107
36 20
36 95
36 108
36 69
36 101
36 40
36 64
36 83
36 6
36 88
109 28
109 50
109 77
109 34
109 114
109 51
109 9
109 1
109 110
109 60
109 96
109 2
109 84
109 107
109 52
109 99
109 95
109 78
109 5
109 119
109 0
109 45
109 64
109 75
13 82
13 98
13 43
13 77
13 12
13 92
13 9
13 110
13 86
13 96
13 100
13 4
13 54
13 10
13 97
13 68
13 0
13 38
13 35
13 116
13 69
13 101
13 40
13 83
13 6
82 50
82 77
82 53
82 81
82 34
82 114
82 32
82 9
82 1
82 60
82 86
82 2
82 100
82 84
82 54
82 107
82 52
82 99
82 20
82 18
82 106
82 5
82 68
82 0
82 35
82 116
82 101
82 112
82 40
82 83
82 6
28 77
28 53
28 34
28 17
28 110
28 96
28 2
28 100
28 52
28 20
28 108
28 5
28 119
28 7
28 68
28 0
28 115
28 116
28 69
28 45
28 40
28 6
28 88
98 50
98 53
98 34
98 51
98 17
98 86
98 2
98 100
98 54
98 10
98 18
98 95
98 106
98 108
98 97
98 7
98 38
98 115
98 57
98 116
98 75
43 53
43 81
43 12
43 34
43 114
43 65
43 49
43 9
43 17
43 86
43 96
43 2
43 107
43 52
43 99
43 10
43 18
43 5
43 97
43 0
43 57
43 35
43 101
43 112
43 64
43 83
43 105
50 53
50 12
50 32
50 110
50 60
50 86
50 100
50 107
50 52
50 99
50 78
50 106
50 16
50 7
50 68
50 0
50 38
50 57
50 35
50 116
50 69
50 45
50 40
50 83
50 105
50 88
77 81
77 34
77 9
77 110
77 60
77 86
77 96
77 4
77 54
77 99
77 20
77 95
77 5
77 119
77 0
77 116
77 101
77 40
77 75
53 12
53 114
53 65
53 32
53 51
53 49
53 9
53 17
53 110
53 96
53 84
53 107
53 20
53 10
53 18
53 95
53 78
53 108
53 97
53 68
53 0
53 115
53 45
53 64
53 105
53 88
81 12
81 34
81 32
81 51
81 49
81 17
81 110
81 2
81 4
81 107
81 99
81 18
81 95
81 78
81 97
81 119
81 38
81 115
81 35
81 112
81 45
81 64
81 75
81 83
81 88
12 34
12 65
12 51
12 49
12 17
12 60
12 96
12 100
12 54
12 107
12 10
12 95
12 97
12 7
12 68
12 115
12 69
12 101
12 112
12 64
12 75
12 88
34 114
34 51
34 9
34 17
34 110
34 60
34 96
34 100
34 54
34 18
34 16
34 119
34 68
34 0
34 115
34 69
34 112
34 64
34 75
114 32
114 51
114 17
114 60
114 86
114 2
114 100
114 107
114 52
114 99
114 20
114 10
114 95
114 108
114 5
114 7
114 68
114 0
114 38
114 115
114 35
114 116
114 69
114 83
114 105
65 92
65 17
65 1
65 110
65 100
65 54
65 99
65 10
65 18
65 95
65 78
65 106
65 16
65 5
65 66
65 7
65 0
65 38
65 57
65 35
65 101
65 112
65 45
65 75
65 105
65 6
65 88
92 51
92 49
92 110
92 60
92 100
92 84
92 52
92 10
92 18
92 78
92 66
92 97
92 57
92 116
92 69
92 101
92 45
92 64
92 75
92 105
92 6
32 9
32 17
32 96
32 100
32 4
32 84
32 54
32 107
32 52
32 99
32 20
32 10
32 18
32 106
32 16
32 119
32 69
32 101
32 45
32 75
32 83
32 105
32 88
51 49
51 9
51 110
51 86
51 96
51 2
51 84
51 107
51 52
51 18
51 95
51 16
51 66
51 119
51 7
51 0
51 38
51 115
51 35
51 101
51 112
51 88
49 9
49 110
49 60
49 86
49 2
49 100
49 52
49 20
49 18
49 95
49 78
49 68
49 38
49 115
49 35
49 45
49 75
49 83
9 17
9 1
9 110
9 96
9 2
9 54
9 10
9 18
9 106
9 68
9 115
9 57
9 116
9 45
9 88
17 1
17 110
17 60
17 96
17 2
17 84
17 52
17 95
17 78
17 106
17 97
17 119
17 0
17 115
17 35
17 116
17 69
17 101
17 112
17 40
17 64
17 105
17 6
17 88
1 86
1 100
1 4
1 54
1 99
1 20
1 18
1 16
1 97
1 68
1 115
1 69
1 112
1 45
1 105
1 6
1 88
110 60
110 2
110 100
110 4
110 20
110 108
110 5
110 66
110 97
110 119
110 38
110 57
110 35
110 69
110 45
110 75
110 88
60 96
60 2
60 4
60 54
60 107
60 10
60 78
60 106
60 66
60 97
60 119
60 68
60 0
60 115
60 35
60 116
60 69
60 40
60 75
60 88
86 2
86 100
86 4
86 84
86 10
86 78
86 108
86 66
86 97
86 38
86 115
86 35
86 116
86 69
86 112
86 45
86 40
86 83
86 6
96 4
96 107
96 99
96 20
96 10
96 18
96 95
96 78
96 108
96 5
96 38
96 57
96 35
96 69
96 40
96 105
2 100
2 54
2 20
2 18
2 78
2 108
2 5
2 66
2 97
2 7
2 57
2 35
2 116
2 75
2 83
2 6
100 84
100 54
100 107
100 52
100 20
100 5
100 97
100 119
100 7
100 38
100 101
100 112
100 40
100 64
100 83
100 105
100 88
4 84
4 54
4 99
4 10
4 16
4 97
4 68
4 0
4 38
4 115
4 116
4 101
4 105
4 88
84 52
84 20
84 10
84 66
84 7
84 116
84 75
84 83
84 88
54 107
54 52
54 99
54 10
54 5
54 68
54 38
54 115
54 57
54 101
54 75
54 83
54 88
107 52
107 20
107 78
107 16
107 5
107 97
107 119
107 7
107 68
107 35
107 69
107 40
107 6
52 10
52 18
52 108
52 97
52 7
52 68
52 116
52 69
52 101
52 45
52 64
52 75
52 83
52 105
99 20
99 18
99 106
99 5
99 97
99 119
99 7
99 68
99 0
99 38
99 35
99 69
99 101
99 45
99 40
99 83
99 105
99 6
20 10
20 78
20 106
20 5
20 66
20 97
20 68
20 0
20 116
20 40
20 75
20 88
10 18
10 95
10 106
10 108
10 5
10 119
10 7
10 0
10 38
10 116
10 69
10 45
10 40
10 64
10 83
10 105
18 95
18 78
18 16
18 119
18 38
18 115
18 101
18 112
18 64
18 75
18 105
18 88
95 78
95 5
95 97
95 68
95 38
95 116
95 101
95 112
95 75
95 83
95 88
78 106
78 16
78 5
78 66
78 68
78 38
78 115
78 57
78 35
78 116
78 69
78 112
78 45
78 40
78 64
78 75
78 105
106 108
106 66
106 119
106 57
106 35
106 116
106 112
106 45
106 64
108 5
108 97
108 119
108 0
108 38
108 35
108 116
108 101
108 83
108 6
16 5
16 119
16 7
16 68
16 38
16 115
16 45
16 40
16 64
16 105
16 6
5 119
5 0
5 115
5 57
5 35
5 69
5 101
5 112
5 75
5 6
5 88
66 119
66 7
66 68
66 101
66 112
66 40
97 119
97 7
97 38
97 116
97 69
97 112
97 45
97 64
97 75
97 105
97 88
119 68
119 115
119 101
119 64
119 75
119 83
119 105
119 6
119 88
7 38
7 35
7 40
7 64
7 75
7 83
7 105
7 6
68 38
68 116
68 101
68 64
68 105
68 6
68 88
0 38
0 35
0 101
0 45
0 64
0 83
38 115
38 57
38 35
38 116
38 101
38 45
38 40
38 75
38 83
38 105
38 6
115 35
115 116
115 69
115 101
115 112
115 45
115 40
115 64
115 75
115 83
115 6
115 88
57 35
57 116
57 69
57 112
57 64
57 75
57 105
57 6
57 88
35 69
35 40
35 105
116 69
116 112
116 45
116 64
69 75
69 88
101 40
101 64
101 83
101 105
112 45
112 64
112 75
112 105
112 6
45 75
45 83
45 88
40 75
40 83
40 6
40 88
64 75
64 83
64 105
64 6
64 88
75 83
75 105
105 6
6 88
