*verties 103
103
114
37
119
88
40
49
102
43
68
66
47
97
85
15
91
67
113
101
25
20
98
118
30
13
32
23
50
2
70
73
104
87
29
62
26
86
117
61
6
108
77
96
34
18
1
7
8
31
78
76
19
17
51
93
48
35
41
53
27
111
10
59
94
63
56
74
69
92
107
99
42
24
72
0
22
106
45
46
11
3
80
110
28
100
84
33
79
54
75
81
89
14
36
39
71
116
57
58
109
64
12
16
*edges 
103 119
103 88
103 102
103 43
103 68
103 97
103 15
103 67
103 101
103 20
103 13
103 32
103 23
103 50
103 62
103 26
103 117
103 61
103 108
103 34
103 18
103 1
103 7
103 8
103 51
103 93
103 48
103 35
103 41
103 111
103 10
103 94
103 63
103 56
103 74
103 92
103 107
103 99
103 0
103 45
103 46
103 80
103 110
103 33
103 81
103 36
103 116
103 109
114 37
114 119
114 88
114 102
114 68
114 15
114 91
114 101
114 25
114 20
114 73
114 104
114 62
114 26
114 117
114 6
114 96
114 34
114 1
114 8
114 31
114 76
114 17
114 48
114 35
114 53
114 111
114 59
114 94
114 63
114 92
114 99
114 42
114 72
114 22
114 106
114 45
114 54
114 71
114 12
37 40
37 102
37 43
37 68
37 66
37 47
37 97
37 67
37 101
37 25
37 20
37 118
37 32
37 23
37 50
37 2
37 70
37 104
37 26
37 117
37 6
37 18
37 8
37 51
37 93
37 48
37 53
37 27
37 94
37 56
37 74
37 69
37 92
37 106
37 45
37 46
37 11
37 80
37 110
37 79
37 75
37 14
37 39
37 57
37 109
37 64
119 40
119 49
119 43
119 47
119 15
119 113
119 101
119 25
119 118
119 50
119 104
119 87
119 29
119 62
119 26
119 86
119 117
119 61
119 6
119 108
119 96
119 34
119 18
119 7
119 31
119 19
119 51
119 35
119 41
119 94
119 56
119 69
119 92
119 42
119 24
119 0
119 22
119 106
119 46
119 11
119 3
119 28
119 54
119 81
119 71
119 58
119 16
88 40
88 102
88 43
88 66
88 97
88 101
88 25
88 118
88 30
88 13
88 70
88 104
88 87
88 26
88 86
88 108
88 77
88 18
88 1
88 8
88 31
88 78
88 76
88 19
88 17
88 48
88 41
88 94
88 56
88 69
88 107
88 24
88 72
88 0
88 45
88 46
88 100
88 84
88 33
88 81
88 39
88 71
88 116
88 58
88 109
88 64
88 12
40 102
40 68
40 66
40 97
40 85
40 15
40 67
40 113
40 20
40 98
40 30
40 13
40 32
40 23
40 70
40 29
40 117
40 6
40 108
40 77
40 34
40 31
40 78
40 19
40 17
40 51
40 48
40 53
40 27
40 10
40 63
40 56
40 92
40 42
40 24
40 72
40 106
40 3
40 110
40 28
40 100
40 79
40 54
40 75
40 81
40 89
40 14
40 71
40 116
40 58
40 109
49 68
49 66
49 97
49 85
49 15
49 101
49 20
49 30
49 13
49 50
49 2
49 104
49 87
49 29
49 62
49 26
49 86
49 117
49 61
49 6
49 77
49 1
49 78
49 51
49 93
49 35
49 41
49 111
49 10
49 74
49 92
49 107
49 72
49 0
49 45
49 46
49 11
49 84
49 33
49 54
49 71
49 116
49 57
49 58
49 109
49 16
102 66
102 15
102 67
102 20
102 13
102 50
102 73
102 104
102 87
102 26
102 86
102 117
102 6
102 34
102 1
102 7
102 31
102 17
102 51
102 93
102 48
102 111
102 10
102 63
102 56
102 74
102 99
102 42
102 72
102 11
102 3
102 80
102 84
102 33
102 79
102 54
102 75
102 89
102 14
102 71
102 57
102 58
102 64
102 12
43 66
43 97
43 91
43 101
43 20
43 30
43 50
43 2
43 70
43 104
43 87
43 86
43 61
43 6
43 77
43 34
43 18
43 1
43 7
43 78
43 76
43 51
43 93
43 35
43 41
43 27
43 10
43 59
43 69
43 107
43 42
43 106
43 45
43 46
43 80
43 110
43 84
43 54
43 89
43 14
43 109
43 12
43 16
68 66
68 91
68 113
68 101
68 25
68 98
68 118
68 30
68 13
68 23
68 73
68 87
68 62
68 26
68 86
68 117
68 61
68 77
68 18
68 31
68 76
68 19
68 93
68 53
68 74
68 69
68 42
68 24
68 72
68 106
68 45
68 11
68 3
68 80
68 28
68 14
68 71
68 57
68 58
68 12
68 16
66 85
66 15
66 91
66 67
66 113
66 101
66 25
66 98
66 30
66 50
66 70
66 73
66 104
66 87
66 62
66 117
66 108
66 34
66 18
66 76
66 17
66 93
66 48
66 53
66 59
66 107
66 99
66 42
66 22
66 45
66 11
66 110
66 28
66 84
66 33
66 79
66 89
66 14
66 36
66 71
66 57
66 58
66 109
66 64
66 16
47 97
47 101
47 98
47 118
47 73
47 26
47 117
47 61
47 96
47 7
47 8
47 19
47 17
47 51
47 93
47 48
47 27
47 111
47 10
47 59
47 94
47 63
47 99
47 45
47 46
47 3
47 100
47 33
47 81
47 14
47 39
47 57
47 109
47 64
97 85
97 30
97 13
97 32
97 23
97 50
97 2
97 70
97 104
97 87
97 26
97 86
97 61
97 108
97 34
97 76
97 51
97 93
97 41
97 27
97 111
97 10
97 94
97 63
97 0
97 22
97 106
97 11
97 3
97 110
97 28
97 84
97 33
97 81
97 89
97 14
97 39
97 71
97 116
97 109
97 64
97 12
97 16
85 91
85 67
85 113
85 25
85 20
85 98
85 118
85 30
85 13
85 32
85 23
85 73
85 29
85 62
85 86
85 108
85 34
85 1
85 7
85 8
85 78
85 76
85 19
85 17
85 51
85 93
85 35
85 53
85 56
85 99
85 42
85 3
85 80
85 110
85 54
85 81
85 89
85 14
85 36
85 39
85 109
85 16
15 91
15 67
15 101
15 118
15 30
15 13
15 2
15 29
15 62
15 86
15 117
15 6
15 108
15 34
15 7
15 31
15 78
15 76
15 19
15 17
15 51
15 48
15 35
15 41
15 53
15 27
15 59
15 63
15 107
15 99
15 42
15 22
15 106
15 11
15 80
15 110
15 100
15 84
15 79
15 54
15 75
15 81
15 89
15 36
15 116
15 57
15 58
15 64
15 16
91 67
91 113
91 25
91 98
91 118
91 50
91 2
91 73
91 26
91 86
91 108
91 77
91 1
91 7
91 78
91 76
91 17
91 51
91 48
91 41
91 59
91 94
91 63
91 56
91 74
91 69
91 92
91 107
91 24
91 72
91 45
91 3
91 80
91 28
91 79
91 75
91 81
91 89
91 39
91 116
91 57
91 109
91 64
91 16
67 113
67 25
67 20
67 118
67 13
67 32
67 23
67 50
67 70
67 73
67 104
67 87
67 26
67 117
67 61
67 6
67 96
67 7
67 78
67 76
67 17
67 93
67 48
67 111
67 10
67 74
67 107
67 24
67 0
67 22
67 11
67 80
67 110
67 100
67 84
67 33
67 79
67 54
67 81
67 89
67 39
67 116
67 57
67 16
113 98
113 73
113 104
113 29
113 62
113 86
113 61
113 6
113 77
113 1
113 7
113 8
113 31
113 19
113 93
113 48
113 111
113 10
113 59
113 94
113 63
113 69
113 92
113 107
113 42
113 72
113 0
113 22
113 46
113 28
113 84
113 54
113 81
113 89
113 36
113 71
113 116
113 64
101 20
101 118
101 30
101 13
101 2
101 73
101 29
101 26
101 61
101 6
101 77
101 34
101 1
101 8
101 78
101 76
101 19
101 51
101 93
101 48
101 35
101 41
101 111
101 10
101 59
101 63
101 56
101 74
101 99
101 42
101 24
101 72
101 22
101 54
101 75
101 81
101 89
101 14
101 39
101 71
101 116
101 58
101 12
101 16
25 98
25 30
25 23
25 50
25 2
25 70
25 87
25 29
25 26
25 86
25 61
25 6
25 108
25 96
25 34
25 1
25 7
25 31
25 17
25 51
25 48
25 35
25 59
25 94
25 56
25 69
25 92
25 107
25 99
25 42
25 72
25 0
25 106
25 11
25 3
25 80
25 28
25 54
25 75
25 81
25 89
25 39
25 57
25 58
25 64
25 16
20 98
20 118
20 13
20 32
20 23
20 50
20 73
20 29
20 108
20 96
20 18
20 8
20 78
20 19
20 35
20 41
20 53
20 27
20 111
20 59
20 94
20 63
20 69
20 92
20 107
20 99
20 42
20 72
20 0
20 22
20 106
20 11
20 110
20 28
20 84
20 33
20 89
20 116
20 109
20 16
98 32
98 70
98 73
98 104
98 87
98 29
98 62
98 86
98 117
98 6
98 108
98 34
98 7
98 8
98 78
98 17
98 51
98 93
98 48
98 35
98 41
98 53
98 111
98 10
98 59
98 94
98 74
98 69
98 92
98 107
98 99
98 72
98 0
98 106
98 11
98 100
98 75
98 36
98 39
98 71
98 58
98 12
98 16
118 30
118 23
118 2
118 70
118 73
118 87
118 62
118 26
118 117
118 108
118 96
118 18
118 1
118 31
118 19
118 17
118 48
118 53
118 27
118 111
118 10
118 94
118 74
118 69
118 92
118 107
118 72
118 0
118 22
118 106
118 45
118 28
118 84
118 33
118 81
118 89
118 14
118 71
118 58
118 12
118 16
30 32
30 50
30 2
30 70
30 104
30 87
30 26
30 86
30 6
30 108
30 77
30 18
30 7
30 8
30 76
30 19
30 17
30 93
30 48
30 35
30 53
30 111
30 59
30 56
30 74
30 92
30 99
30 42
30 24
30 72
30 22
30 45
30 110
30 28
30 100
30 84
30 54
30 81
30 89
30 14
30 71
30 116
30 58
30 64
30 12
30 16
13 2
13 70
13 87
13 29
13 62
13 117
13 61
13 6
13 77
13 1
13 78
13 76
13 19
13 17
13 48
13 35
13 41
13 111
13 24
13 0
13 106
13 3
13 28
13 100
13 84
13 33
13 75
13 89
13 36
13 71
13 57
32 50
32 2
32 70
32 117
32 61
32 77
32 96
32 34
32 1
32 7
32 8
32 51
32 53
32 111
32 10
32 59
32 56
32 92
32 107
32 42
32 24
32 0
32 106
32 46
32 80
32 110
32 84
32 33
32 79
32 36
32 116
32 58
32 64
32 12
32 16
23 70
23 104
23 62
23 86
23 117
23 61
23 96
23 7
23 78
23 51
23 93
23 41
23 27
23 111
23 10
23 59
23 63
23 56
23 92
23 107
23 99
23 42
23 24
23 11
23 3
23 28
23 84
23 54
23 75
23 81
23 89
23 36
23 16
50 87
50 86
50 117
50 18
50 1
50 7
50 78
50 76
50 17
50 93
50 48
50 35
50 53
50 111
50 94
50 63
50 74
50 107
50 42
50 24
50 106
50 45
50 11
50 3
50 84
50 33
50 79
50 81
50 14
50 39
50 116
50 57
50 58
50 64
50 16
2 70
2 104
2 87
2 61
2 6
2 108
2 77
2 34
2 7
2 78
2 76
2 19
2 41
2 53
2 63
2 56
2 74
2 42
2 22
2 106
2 11
2 28
2 100
2 33
2 79
2 89
2 36
2 39
2 71
2 57
2 109
2 12
2 16
70 104
70 87
70 29
70 62
70 86
70 61
70 6
70 77
70 18
70 1
70 78
70 76
70 51
70 93
70 48
70 35
70 41
70 111
70 10
70 94
70 63
70 56
70 69
70 107
70 99
70 72
70 22
70 106
70 46
70 11
70 110
70 100
70 84
70 54
70 75
70 89
70 14
70 36
70 71
70 116
70 57
70 58
70 109
70 64
70 12
70 16
73 104
73 26
73 61
73 6
73 108
73 18
73 1
73 31
73 78
73 93
73 35
73 27
73 63
73 56
73 69
73 92
73 24
73 0
73 46
73 11
73 110
73 28
73 100
73 84
73 33
73 54
73 75
73 89
73 39
73 116
73 58
73 109
73 64
104 29
104 26
104 117
104 6
104 18
104 1
104 8
104 76
104 17
104 93
104 41
104 53
104 27
104 111
104 59
104 56
104 69
104 92
104 107
104 99
104 42
104 0
104 22
104 45
104 11
104 3
104 110
104 100
104 84
104 79
104 54
104 89
104 71
104 116
104 57
104 58
104 16
87 62
87 26
87 86
87 77
87 34
87 18
87 1
87 7
87 8
87 31
87 76
87 51
87 93
87 48
87 41
87 53
87 111
87 10
87 56
87 92
87 107
87 99
87 24
87 0
87 22
87 45
87 46
87 11
87 110
87 28
87 100
87 33
87 54
87 81
87 89
87 36
87 71
87 116
87 57
87 109
87 64
87 16
29 26
29 18
29 31
29 76
29 19
29 17
29 93
29 41
29 53
29 94
29 63
29 74
29 92
29 107
29 99
29 42
29 72
29 0
29 22
29 106
29 46
29 11
29 110
29 54
29 75
29 81
29 39
29 116
29 58
29 109
29 16
62 26
62 86
62 117
62 6
62 77
62 96
62 7
62 76
62 17
62 48
62 41
62 27
62 111
62 10
62 63
62 56
62 92
62 42
62 22
62 106
62 28
62 84
62 33
62 75
62 89
62 14
62 71
62 58
62 109
62 64
62 12
62 16
26 6
26 77
26 18
26 19
26 51
26 48
26 41
26 10
26 59
26 94
26 56
26 69
26 92
26 107
26 42
26 24
26 0
26 22
26 46
26 11
26 110
26 100
26 79
26 81
26 36
26 116
26 12
26 16
86 117
86 34
86 18
86 1
86 7
86 51
86 93
86 35
86 41
86 111
86 10
86 94
86 56
86 69
86 24
86 72
86 0
86 106
86 45
86 11
86 80
86 28
86 84
86 75
86 81
86 36
86 58
86 64
86 12
86 16
117 108
117 77
117 18
117 8
117 17
117 51
117 93
117 35
117 53
117 111
117 59
117 94
117 63
117 56
117 69
117 92
117 99
117 42
117 72
117 0
117 22
117 45
117 46
117 11
117 80
117 28
117 100
117 84
117 33
117 79
117 75
117 89
117 39
117 71
117 57
117 64
117 12
117 16
61 6
61 96
61 34
61 78
61 51
61 48
61 53
61 27
61 59
61 63
61 99
61 42
61 24
61 72
61 11
61 3
61 80
61 110
61 28
61 84
61 33
61 54
61 75
61 81
61 89
61 14
61 36
61 39
61 116
61 57
61 109
61 12
61 16
6 77
6 96
6 34
6 1
6 8
6 19
6 51
6 35
6 27
6 111
6 10
6 59
6 94
6 92
6 107
6 99
6 42
6 0
6 22
6 106
6 3
6 80
6 110
6 28
6 100
6 84
6 33
6 75
6 36
6 71
6 57
6 16
108 77
108 34
108 18
108 76
108 35
108 41
108 111
108 59
108 56
108 74
108 92
108 99
108 0
108 22
108 106
108 11
108 110
108 100
108 79
108 54
108 81
108 116
108 58
108 109
108 64
108 16
77 8
77 78
77 76
77 51
77 35
77 41
77 10
77 94
77 63
77 69
77 92
77 107
77 42
77 24
77 72
77 106
77 11
77 3
77 110
77 33
77 79
77 54
77 75
77 81
77 89
77 14
77 36
77 71
77 109
77 16
96 34
96 1
96 76
96 19
96 48
96 35
96 41
96 53
96 111
96 59
96 94
96 63
96 56
96 69
96 92
96 99
96 24
96 0
96 22
96 106
96 110
96 28
96 100
96 84
96 79
96 54
96 75
96 89
96 14
96 36
96 71
96 116
96 109
96 12
34 18
34 1
34 7
34 8
34 78
34 76
34 17
34 53
34 111
34 10
34 59
34 56
34 74
34 92
34 99
34 72
34 0
34 11
34 3
34 84
34 79
34 75
34 89
34 14
34 36
34 116
34 57
34 58
34 109
34 64
34 12
18 1
18 76
18 17
18 51
18 93
18 35
18 27
18 111
18 59
18 94
18 42
18 72
18 106
18 45
18 46
18 80
18 28
18 84
18 79
18 54
18 75
18 89
18 14
18 36
18 57
18 12
18 16
1 7
1 8
1 78
1 51
1 93
1 35
1 41
1 111
1 59
1 63
1 74
1 69
1 92
1 107
1 42
1 0
1 22
1 3
1 110
1 79
1 75
1 89
1 14
1 36
1 71
1 57
1 58
1 12
1 16
7 19
7 35
7 111
7 10
7 94
7 63
7 92
7 107
7 24
7 0
7 22
7 106
7 45
7 11
7 80
7 54
7 75
7 14
7 116
7 58
7 109
8 78
8 19
8 17
8 51
8 93
8 48
8 35
8 53
8 111
8 10
8 59
8 94
8 63
8 74
8 69
8 107
8 99
8 24
8 72
8 106
8 46
8 3
8 28
8 84
8 79
8 54
8 36
8 39
8 71
8 57
8 58
8 64
8 12
31 76
31 93
31 48
31 35
31 10
31 94
31 63
31 56
31 74
31 92
31 99
31 42
31 24
31 72
31 0
31 22
31 106
31 45
31 11
31 28
31 100
31 33
31 75
31 81
31 89
31 14
31 39
31 116
31 57
31 58
31 64
31 12
78 17
78 93
78 48
78 35
78 41
78 59
78 94
78 92
78 107
78 72
78 106
78 11
78 80
78 110
78 79
78 14
78 109
78 64
76 19
76 17
76 48
76 35
76 41
76 53
76 56
76 74
76 69
76 107
76 24
76 72
76 22
76 106
76 11
76 3
76 80
76 110
76 28
76 100
76 84
76 33
76 54
76 81
76 14
76 39
76 57
76 58
76 109
76 64
19 17
19 51
19 48
19 41
19 27
19 111
19 59
19 63
19 56
19 74
19 69
19 107
19 99
19 24
19 72
19 11
19 3
19 100
19 79
19 81
19 14
19 71
19 58
19 16
17 51
17 48
17 35
17 10
17 59
17 94
17 56
17 69
17 92
17 107
17 24
17 72
17 22
17 46
17 11
17 3
17 80
17 110
17 28
17 33
17 79
17 54
17 75
17 109
17 64
17 12
17 16
51 48
51 35
51 41
51 111
51 10
51 59
51 63
51 69
51 107
51 42
51 0
51 106
51 45
51 46
51 3
51 80
51 110
51 100
51 84
51 33
51 75
51 14
51 71
51 109
93 27
93 10
93 59
93 63
93 92
93 99
93 72
93 0
93 22
93 106
93 11
93 80
93 28
93 100
93 84
93 75
93 81
93 89
93 14
93 71
93 57
93 109
93 64
93 12
93 16
48 35
48 41
48 53
48 59
48 94
48 63
48 56
48 92
48 107
48 42
48 24
48 22
48 106
48 3
48 80
48 28
48 100
48 54
48 75
48 14
48 36
48 58
48 109
48 64
48 12
35 41
35 53
35 10
35 94
35 63
35 74
35 107
35 99
35 24
35 22
35 45
35 46
35 80
35 100
35 84
35 36
35 71
35 116
35 57
35 58
35 109
35 16
41 53
41 27
41 111
41 10
41 69
41 42
41 0
41 106
41 45
41 46
41 11
41 80
41 28
41 84
41 81
41 14
41 58
53 27
53 10
53 94
53 56
53 69
53 42
53 22
53 106
53 45
53 11
53 79
53 75
53 81
53 89
53 14
53 39
53 71
53 109
53 12
27 10
27 59
27 94
27 56
27 69
27 92
27 99
27 42
27 0
27 46
27 3
27 80
27 110
27 28
27 84
27 75
27 81
27 14
27 36
27 71
27 58
27 109
27 64
27 16
111 59
111 94
111 74
111 69
111 107
111 42
111 22
111 106
111 11
111 110
111 75
111 81
111 89
111 39
111 71
111 116
111 57
111 109
111 64
10 56
10 92
10 72
10 0
10 45
10 3
10 80
10 84
10 33
10 79
10 54
10 89
10 14
10 39
10 71
10 116
10 57
10 64
10 16
59 56
59 74
59 69
59 24
59 0
59 106
59 80
59 110
59 100
59 84
59 89
59 14
59 36
94 63
94 74
94 92
94 42
94 24
94 0
94 22
94 106
94 45
94 46
94 11
94 3
94 80
94 100
94 89
94 14
94 36
94 39
94 71
94 57
94 58
94 16
63 0
63 22
63 45
63 46
63 80
63 110
63 28
63 79
63 75
63 81
63 89
63 14
63 36
63 57
63 64
63 12
63 16
56 92
56 107
56 99
56 24
56 72
56 45
56 46
56 3
56 80
56 110
56 28
56 33
56 79
56 75
56 39
56 71
56 109
56 64
74 69
74 92
74 99
74 24
74 106
74 45
74 46
74 11
74 33
74 79
74 54
74 81
74 89
74 14
74 36
74 39
74 71
74 116
74 57
74 58
74 64
69 99
69 42
69 72
69 22
69 45
69 11
69 3
69 110
69 84
69 81
69 14
69 116
69 57
69 109
69 16
92 72
92 22
92 106
92 11
92 110
92 84
92 33
92 75
92 81
92 89
92 14
92 36
92 116
92 57
92 109
107 42
107 24
107 72
107 0
107 22
107 45
107 33
107 54
107 75
107 81
107 89
107 14
107 36
107 39
107 71
107 58
107 109
107 16
99 42
99 72
99 45
99 46
99 11
99 80
99 110
99 84
99 79
99 75
99 81
99 14
99 39
99 116
99 64
99 12
42 72
42 0
42 45
42 11
42 110
42 84
42 54
42 75
42 81
42 14
42 58
42 64
42 12
42 16
24 72
24 106
24 3
24 80
24 110
24 28
24 100
24 84
24 33
24 79
24 54
24 75
24 81
24 14
24 116
24 109
24 12
24 16
72 22
72 106
72 46
72 110
72 84
72 33
72 79
72 54
72 81
72 89
72 36
72 71
72 58
72 16
0 46
0 3
0 28
0 79
0 54
0 81
0 89
0 14
0 71
0 57
0 58
0 109
0 12
22 11
22 80
22 110
22 79
22 81
22 36
22 71
22 57
22 58
22 109
22 12
106 45
106 46
106 11
106 80
106 110
106 28
106 100
106 33
106 79
106 71
106 57
106 58
106 109
106 64
106 12
106 16
45 11
45 3
45 80
45 100
45 84
45 79
45 54
45 81
45 89
45 36
45 71
45 116
45 58
46 11
46 3
46 110
46 28
46 100
46 33
46 79
46 81
46 14
46 36
46 71
46 116
46 58
46 109
46 12
46 16
11 3
11 28
11 100
11 84
11 79
11 75
11 14
11 36
11 57
11 58
11 109
11 16
3 110
3 28
3 84
3 54
3 89
3 14
3 116
80 28
80 100
80 84
80 36
80 71
80 116
80 57
80 58
80 16
110 100
110 33
110 79
110 81
110 89
110 14
110 36
110 116
110 58
110 109
110 64
28 100
28 84
28 33
28 79
28 75
28 81
28 39
28 64
100 84
100 79
100 54
100 14
100 39
100 71
100 116
100 57
100 58
100 109
100 64
100 12
84 33
84 79
84 54
84 75
84 14
84 71
84 57
84 58
84 109
33 79
33 54
33 75
33 81
33 39
33 71
33 116
33 58
33 16
79 81
79 71
79 116
79 109
79 64
79 16
54 81
54 89
54 14
54 36
54 71
54 64
75 81
75 109
75 64
75 12
81 89
81 14
81 36
81 39
81 71
81 116
81 57
81 58
81 109
81 12
89 14
89 116
89 12
89 16
14 36
14 116
14 57
14 64
14 16
36 39
36 57
36 64
36 12
39 116
39 58
71 116
71 109
71 12
116 58
116 109
116 12
116 16
57 109
57 12
58 12
12 16
