*verties 92
110
51
1
93
102
39
42
118
69
90
116
67
68
21
46
52
103
26
82
114
49
53
58
113
37
87
34
99
74
92
115
54
16
30
3
32
117
76
2
41
19
9
24
94
15
70
7
79
73
57
77
101
63
33
104
97
36
50
71
0
84
96
25
10
65
108
31
18
107
119
44
8
17
83
86
28
75
85
91
5
6
43
11
47
100
66
64
111
45
59
105
48
*edges 
110 51
110 93
110 102
110 39
110 42
110 118
110 69
110 90
110 116
110 67
110 68
110 21
110 46
110 103
110 114
110 49
110 53
110 58
110 113
110 37
110 99
110 92
110 115
110 54
110 16
110 30
110 32
110 76
110 2
110 41
110 19
110 9
110 24
110 94
110 15
110 70
110 7
110 57
110 77
110 101
110 63
110 33
110 104
110 97
110 36
110 50
110 0
110 84
110 25
110 10
110 65
110 108
110 18
110 107
110 119
110 44
110 17
110 83
110 86
110 28
110 91
110 5
110 6
110 43
110 11
110 47
110 100
110 66
110 64
110 59
110 105
110 48
51 1
51 93
51 102
51 42
51 69
51 90
51 116
51 67
51 68
51 21
51 46
51 52
51 103
51 26
51 82
51 114
51 49
51 53
51 58
51 37
51 87
51 34
51 99
51 74
51 92
51 115
51 16
51 3
51 32
51 76
51 2
51 41
51 19
51 9
51 24
51 94
51 15
51 70
51 7
51 79
51 73
51 57
51 77
51 101
51 63
51 33
51 104
51 97
51 36
51 50
51 71
51 0
51 84
51 25
51 10
51 65
51 108
51 31
51 18
51 119
51 44
51 17
51 83
51 86
51 28
51 85
51 91
51 5
51 6
51 43
51 11
51 47
51 100
51 66
51 64
51 111
51 45
51 59
51 105
51 48
1 102
1 39
1 42
1 118
1 69
1 90
1 116
1 67
1 68
1 21
1 46
1 52
1 103
1 26
1 82
1 114
1 49
1 58
1 113
1 37
1 87
1 34
1 74
1 92
1 115
1 54
1 30
1 3
1 32
1 76
1 2
1 41
1 9
1 24
1 94
1 15
1 70
1 7
1 79
1 73
1 57
1 63
1 33
1 104
1 97
1 36
1 50
1 71
1 0
1 84
1 96
1 25
1 108
1 31
1 18
1 107
1 119
1 44
1 8
1 17
1 83
1 86
1 28
1 91
1 5
1 6
1 43
1 11
1 47
1 100
1 66
1 64
1 111
1 45
1 105
1 48
93 102
93 39
93 42
93 118
93 69
93 90
93 116
93 68
93 46
93 52
93 103
93 26
93 82
93 114
93 49
93 53
93 58
93 113
93 37
93 87
93 34
93 99
93 74
93 92
93 115
93 16
93 30
93 3
93 117
93 76
93 2
93 41
93 19
93 9
93 24
93 94
93 15
93 7
93 79
93 73
93 57
93 77
93 101
93 63
93 33
93 104
93 97
93 50
93 71
93 0
93 84
93 96
93 10
93 31
93 107
93 119
93 17
93 86
93 28
93 75
93 85
93 91
93 5
93 6
93 11
93 47
93 100
93 66
93 111
93 45
93 59
93 48
102 39
102 42
102 118
102 90
102 116
102 67
102 21
102 52
102 103
102 26
102 82
102 114
102 49
102 53
102 58
102 113
102 37
102 87
102 34
102 99
102 92
102 30
102 3
102 117
102 76
102 2
102 41
102 9
102 24
102 94
102 15
102 70
102 7
102 73
102 57
102 77
102 101
102 63
102 33
102 97
102 36
102 50
102 71
102 0
102 96
102 25
102 10
102 65
102 108
102 31
102 18
102 107
102 119
102 44
102 8
102 17
102 83
102 86
102 28
102 91
102 5
102 6
102 43
102 47
102 100
102 66
102 64
102 111
102 45
102 59
102 105
102 48
39 42
39 118
39 69
39 90
39 116
39 68
39 21
39 46
39 52
39 103
39 26
39 82
39 114
39 49
39 53
39 58
39 113
39 87
39 34
39 99
39 74
39 92
39 115
39 54
39 16
39 30
39 3
39 32
39 117
39 41
39 9
39 24
39 94
39 15
39 70
39 7
39 79
39 73
39 57
39 77
39 101
39 104
39 36
39 50
39 71
39 0
39 84
39 96
39 25
39 10
39 65
39 108
39 18
39 107
39 44
39 8
39 83
39 86
39 75
39 85
39 91
39 5
39 6
39 43
39 11
39 100
39 66
39 64
39 111
39 45
39 59
39 48
42 69
42 90
42 116
42 67
42 68
42 46
42 52
42 103
42 26
42 82
42 114
42 53
42 58
42 113
42 37
42 87
42 34
42 74
42 92
42 115
42 54
42 16
42 30
42 3
42 32
42 117
42 76
42 41
42 9
42 24
42 94
42 15
42 70
42 7
42 79
42 77
42 63
42 33
42 104
42 36
42 50
42 71
42 0
42 84
42 96
42 10
42 65
42 108
42 31
42 18
42 107
42 119
42 44
42 8
42 17
42 83
42 86
42 28
42 75
42 5
42 6
42 11
42 47
42 66
42 64
42 111
42 45
42 59
42 105
42 48
118 69
118 90
118 116
118 68
118 21
118 46
118 52
118 103
118 26
118 82
118 114
118 49
118 58
118 113
118 37
118 87
118 99
118 74
118 92
118 115
118 54
118 16
118 30
118 3
118 32
118 117
118 76
118 2
118 19
118 9
118 24
118 94
118 15
118 70
118 7
118 73
118 57
118 77
118 101
118 63
118 104
118 97
118 36
118 50
118 71
118 0
118 84
118 96
118 25
118 10
118 65
118 108
118 31
118 18
118 107
118 119
118 44
118 8
118 17
118 83
118 86
118 28
118 75
118 85
118 91
118 5
118 6
118 43
118 11
118 47
118 111
118 45
118 59
118 105
118 48
69 90
69 116
69 67
69 68
69 21
69 46
69 52
69 103
69 26
69 82
69 114
69 58
69 113
69 37
69 87
69 34
69 99
69 74
69 92
69 115
69 16
69 30
69 3
69 32
69 117
69 76
69 2
69 41
69 19
69 9
69 24
69 94
69 15
69 70
69 7
69 79
69 57
69 77
69 101
69 63
69 33
69 104
69 97
69 36
69 50
69 71
69 84
69 96
69 25
69 10
69 65
69 108
69 31
69 18
69 107
69 119
69 44
69 8
69 17
69 83
69 86
69 28
69 75
69 85
69 5
69 6
69 11
69 47
69 100
69 66
69 64
69 45
69 59
69 105
90 116
90 67
90 68
90 21
90 46
90 52
90 103
90 26
90 114
90 49
90 53
90 58
90 113
90 37
90 87
90 34
90 99
90 92
90 115
90 54
90 16
90 30
90 3
90 32
90 117
90 76
90 41
90 19
90 9
90 24
90 94
90 15
90 70
90 7
90 79
90 73
90 57
90 77
90 101
90 63
90 33
90 104
90 97
90 50
90 71
90 0
90 84
90 96
90 25
90 10
90 65
90 108
90 18
90 107
90 119
90 44
90 17
90 83
90 86
90 28
90 75
90 85
90 5
90 6
90 43
90 11
90 47
90 100
90 66
90 64
90 111
90 45
90 48
116 67
116 68
116 46
116 52
116 103
116 26
116 82
116 114
116 49
116 53
116 58
116 113
116 37
116 87
116 34
116 99
116 74
116 92
116 115
116 54
116 16
116 30
116 3
116 117
116 76
116 2
116 41
116 9
116 24
116 94
116 15
116 70
116 7
116 79
116 73
116 57
116 77
116 101
116 63
116 33
116 97
116 36
116 50
116 71
116 0
116 84
116 96
116 25
116 10
116 65
116 108
116 31
116 18
116 107
116 119
116 44
116 8
116 17
116 83
116 86
116 28
116 75
116 85
116 91
116 5
116 6
116 11
116 47
116 66
116 64
116 45
116 59
116 48
67 68
67 46
67 52
67 103
67 26
67 82
67 114
67 49
67 53
67 58
67 113
67 37
67 87
67 34
67 99
67 74
67 92
67 115
67 54
67 16
67 30
67 32
67 117
67 76
67 2
67 41
67 19
67 9
67 24
67 94
67 15
67 70
67 7
67 79
67 73
67 57
67 77
67 101
67 63
67 33
67 104
67 97
67 36
67 50
67 0
67 84
67 96
67 10
67 65
67 108
67 18
67 107
67 119
67 44
67 8
67 17
67 83
67 86
67 28
67 75
67 85
67 91
67 5
67 43
67 11
67 47
67 100
67 66
67 64
67 111
67 45
67 48
68 21
68 46
68 52
68 103
68 26
68 82
68 114
68 49
68 53
68 58
68 113
68 37
68 87
68 34
68 99
68 74
68 115
68 16
68 30
68 32
68 117
68 2
68 41
68 24
68 94
68 15
68 70
68 7
68 73
68 57
68 77
68 101
68 63
68 33
68 104
68 97
68 36
68 50
68 71
68 0
68 84
68 96
68 25
68 10
68 108
68 31
68 18
68 107
68 119
68 8
68 83
68 86
68 28
68 75
68 85
68 91
68 6
68 43
68 11
68 47
68 100
68 66
68 64
68 111
68 45
68 59
68 105
68 48
21 46
21 52
21 103
21 26
21 82
21 114
21 49
21 53
21 58
21 113
21 37
21 87
21 34
21 99
21 74
21 92
21 115
21 54
21 30
21 3
21 32
21 117
21 76
21 2
21 41
21 9
21 24
21 94
21 70
21 7
21 79
21 73
21 57
21 77
21 101
21 33
21 104
21 97
21 36
21 50
21 71
21 0
21 84
21 96
21 65
21 108
21 31
21 18
21 107
21 119
21 44
21 8
21 17
21 83
21 86
21 28
21 75
21 85
21 91
21 5
21 6
21 43
21 11
21 47
21 100
21 64
21 111
21 45
21 105
21 48
46 52
46 103
46 26
46 82
46 114
46 49
46 113
46 34
46 99
46 74
46 92
46 115
46 54
46 16
46 30
46 117
46 76
46 2
46 41
46 9
46 24
46 94
46 15
46 70
46 7
46 79
46 57
46 77
46 33
46 104
46 97
46 36
46 50
46 71
46 0
46 84
46 96
46 10
46 65
46 108
46 31
46 18
46 119
46 44
46 17
46 86
46 91
46 5
46 6
46 11
46 100
46 66
46 64
46 111
46 105
46 48
52 103
52 26
52 82
52 114
52 49
52 53
52 58
52 113
52 37
52 34
52 99
52 74
52 92
52 115
52 54
52 16
52 30
52 3
52 32
52 117
52 76
52 2
52 19
52 9
52 24
52 94
52 70
52 7
52 79
52 73
52 57
52 77
52 101
52 63
52 33
52 104
52 97
52 36
52 71
52 0
52 84
52 96
52 25
52 65
52 108
52 31
52 18
52 107
52 119
52 44
52 8
52 17
52 86
52 28
52 75
52 85
52 91
52 5
52 6
52 43
52 11
52 47
52 100
52 66
52 48
103 26
103 82
103 114
103 49
103 58
103 113
103 37
103 87
103 34
103 99
103 74
103 92
103 115
103 54
103 16
103 30
103 3
103 32
103 117
103 76
103 2
103 41
103 19
103 9
103 94
103 15
103 70
103 79
103 73
103 57
103 77
103 101
103 97
103 36
103 50
103 71
103 0
103 96
103 25
103 10
103 108
103 18
103 107
103 119
103 44
103 8
103 17
103 83
103 86
103 75
103 85
103 91
103 5
103 6
103 43
103 11
103 47
103 100
103 66
103 64
103 111
103 45
103 105
26 82
26 114
26 53
26 58
26 113
26 37
26 87
26 34
26 74
26 115
26 54
26 30
26 3
26 32
26 117
26 76
26 2
26 41
26 19
26 9
26 24
26 94
26 15
26 70
26 7
26 79
26 73
26 57
26 77
26 33
26 104
26 97
26 36
26 50
26 71
26 0
26 96
26 25
26 10
26 108
26 18
26 107
26 119
26 8
26 83
26 86
26 28
26 75
26 85
26 91
26 5
26 6
26 43
26 11
26 47
26 66
26 64
26 111
26 45
26 59
26 105
26 48
82 114
82 49
82 53
82 113
82 37
82 87
82 34
82 99
82 74
82 92
82 115
82 54
82 3
82 117
82 76
82 41
82 19
82 9
82 24
82 15
82 70
82 7
82 73
82 77
82 101
82 63
82 33
82 104
82 97
82 36
82 50
82 71
82 0
82 96
82 25
82 10
82 65
82 108
82 18
82 107
82 119
82 44
82 17
82 83
82 86
82 28
82 75
82 85
82 91
82 5
82 6
82 43
82 11
82 47
82 100
82 66
82 64
82 111
82 45
82 59
82 105
82 48
114 53
114 58
114 113
114 37
114 87
114 74
114 92
114 115
114 54
114 16
114 30
114 3
114 32
114 117
114 76
114 41
114 19
114 24
114 94
114 15
114 70
114 7
114 79
114 73
114 57
114 77
114 101
114 63
114 33
114 104
114 97
114 36
114 50
114 71
114 0
114 96
114 25
114 65
114 108
114 18
114 107
114 119
114 44
114 17
114 83
114 86
114 28
114 85
114 91
114 5
114 6
114 43
114 47
114 100
114 66
114 64
114 111
114 45
114 59
114 105
114 48
49 53
49 58
49 113
49 37
49 87
49 34
49 99
49 74
49 92
49 115
49 54
49 16
49 30
49 3
49 32
49 117
49 76
49 2
49 41
49 19
49 9
49 24
49 94
49 15
49 70
49 7
49 57
49 77
49 101
49 63
49 33
49 104
49 97
49 36
49 50
49 71
49 84
49 96
49 25
49 10
49 65
49 108
49 31
49 18
49 107
49 119
49 44
49 8
49 17
49 83
49 86
49 28
49 75
49 85
49 91
49 5
49 6
49 43
49 11
49 100
49 66
49 111
49 45
49 105
49 48
53 113
53 37
53 87
53 34
53 99
53 74
53 92
53 115
53 54
53 16
53 30
53 3
53 32
53 117
53 2
53 41
53 19
53 9
53 94
53 15
53 70
53 7
53 79
53 73
53 101
53 63
53 104
53 97
53 36
53 71
53 0
53 84
53 96
53 25
53 10
53 65
53 108
53 31
53 18
53 107
53 119
53 44
53 8
53 17
53 83
53 86
53 28
53 85
53 91
53 5
53 6
53 11
53 47
53 100
53 66
53 64
53 111
53 45
53 59
53 105
53 48
58 113
58 37
58 87
58 99
58 92
58 115
58 54
58 16
58 3
58 117
58 76
58 2
58 19
58 9
58 24
58 94
58 70
58 7
58 79
58 73
58 57
58 77
58 101
58 63
58 33
58 104
58 36
58 50
58 71
58 96
58 10
58 65
58 108
58 31
58 18
58 119
58 44
58 17
58 83
58 86
58 28
58 85
58 91
58 5
58 6
58 43
58 11
58 47
58 100
58 66
58 64
58 111
58 45
58 59
58 105
58 48
113 87
113 34
113 99
113 92
113 16
113 30
113 32
113 117
113 76
113 2
113 41
113 19
113 9
113 24
113 94
113 15
113 70
113 73
113 57
113 77
113 101
113 33
113 104
113 97
113 50
113 71
113 0
113 84
113 25
113 65
113 108
113 18
113 119
113 44
113 8
113 17
113 83
113 86
113 28
113 75
113 85
113 91
113 5
113 6
113 43
113 11
113 47
113 100
113 66
113 64
113 111
113 45
113 59
113 105
113 48
37 87
37 99
37 74
37 92
37 115
37 54
37 16
37 30
37 3
37 32
37 117
37 76
37 2
37 41
37 19
37 9
37 94
37 15
37 70
37 7
37 73
37 57
37 77
37 101
37 33
37 104
37 97
37 36
37 50
37 71
37 0
37 84
37 96
37 25
37 10
37 31
37 18
37 107
37 119
37 44
37 8
37 17
37 83
37 86
37 75
37 85
37 91
37 5
37 6
37 43
37 11
37 47
37 100
37 66
37 64
37 111
37 45
37 105
37 48
87 34
87 74
87 92
87 115
87 54
87 16
87 3
87 117
87 76
87 2
87 41
87 9
87 94
87 15
87 70
87 7
87 79
87 57
87 77
87 63
87 33
87 104
87 36
87 50
87 71
87 0
87 84
87 96
87 25
87 65
87 108
87 31
87 107
87 119
87 44
87 8
87 17
87 83
87 86
87 28
87 75
87 91
87 5
87 6
87 43
87 11
87 47
87 100
87 66
87 64
87 111
87 59
87 105
87 48
34 99
34 92
34 115
34 54
34 16
34 30
34 3
34 32
34 117
34 76
34 2
34 41
34 19
34 9
34 24
34 94
34 70
34 7
34 79
34 73
34 77
34 101
34 63
34 33
34 104
34 97
34 36
34 50
34 71
34 0
34 84
34 25
34 10
34 18
34 107
34 119
34 44
34 17
34 86
34 75
34 85
34 91
34 5
34 6
34 43
34 11
34 47
34 66
34 64
34 59
34 105
34 48
99 92
99 115
99 54
99 16
99 30
99 32
99 117
99 76
99 2
99 41
99 19
99 9
99 24
99 15
99 70
99 7
99 79
99 73
99 57
99 77
99 101
99 63
99 33
99 104
99 97
99 36
99 50
99 71
99 0
99 84
99 96
99 25
99 10
99 65
99 108
99 31
99 18
99 107
99 119
99 44
99 8
99 17
99 83
99 28
99 85
99 91
99 5
99 6
99 43
99 11
99 47
99 66
99 64
99 111
99 45
99 59
99 105
99 48
74 92
74 115
74 54
74 16
74 30
74 3
74 117
74 76
74 2
74 41
74 19
74 9
74 15
74 7
74 79
74 73
74 57
74 77
74 101
74 63
74 33
74 104
74 97
74 36
74 50
74 71
74 0
74 84
74 96
74 25
74 65
74 108
74 31
74 18
74 107
74 119
74 44
74 17
74 83
74 28
74 75
74 85
74 5
74 6
74 43
74 11
74 47
74 100
74 66
74 64
74 111
74 45
74 59
74 48
92 115
92 54
92 16
92 30
92 3
92 32
92 117
92 76
92 2
92 41
92 19
92 9
92 24
92 94
92 15
92 70
92 7
92 79
92 73
92 57
92 77
92 101
92 63
92 104
92 97
92 36
92 50
92 71
92 0
92 84
92 96
92 25
92 10
92 65
92 108
92 31
92 18
92 107
92 44
92 8
92 17
92 83
92 86
92 28
92 75
92 85
92 91
92 5
92 6
92 43
92 47
92 66
92 64
92 111
92 45
92 59
92 105
92 48
115 54
115 16
115 30
115 3
115 32
115 76
115 2
115 41
115 19
115 9
115 24
115 94
115 15
115 70
115 7
115 101
115 63
115 33
115 104
115 97
115 36
115 50
115 71
115 0
115 84
115 96
115 25
115 10
115 108
115 31
115 18
115 107
115 119
115 44
115 8
115 83
115 86
115 28
115 75
115 91
115 5
115 43
115 11
115 47
115 100
115 66
115 111
115 45
115 59
115 48
54 16
54 30
54 3
54 32
54 117
54 76
54 2
54 41
54 19
54 9
54 24
54 15
54 7
54 79
54 73
54 77
54 101
54 33
54 104
54 36
54 50
54 71
54 0
54 84
54 96
54 25
54 10
54 108
54 31
54 18
54 107
54 119
54 44
54 8
54 17
54 83
54 86
54 28
54 75
54 85
54 91
54 5
54 6
54 47
54 100
54 66
54 64
54 111
54 45
54 59
54 105
16 30
16 3
16 117
16 76
16 2
16 41
16 19
16 9
16 24
16 94
16 15
16 70
16 7
16 79
16 73
16 57
16 77
16 101
16 63
16 33
16 104
16 97
16 36
16 50
16 71
16 0
16 84
16 96
16 25
16 65
16 108
16 31
16 18
16 107
16 119
16 44
16 8
16 17
16 83
16 86
16 28
16 75
16 85
16 91
16 5
16 6
16 43
16 11
16 47
16 100
16 64
16 111
16 59
16 105
16 48
30 3
30 32
30 117
30 76
30 41
30 19
30 9
30 24
30 94
30 15
30 70
30 7
30 79
30 73
30 57
30 77
30 101
30 63
30 33
30 97
30 36
30 50
30 71
30 0
30 84
30 96
30 25
30 10
30 31
30 18
30 107
30 119
30 44
30 8
30 17
30 83
30 86
30 28
30 75
30 85
30 91
30 5
30 6
30 43
30 11
30 47
30 100
30 66
30 64
30 45
30 59
30 105
3 32
3 117
3 76
3 2
3 41
3 19
3 9
3 24
3 94
3 15
3 70
3 7
3 79
3 73
3 57
3 101
3 63
3 104
3 97
3 36
3 50
3 71
3 84
3 96
3 25
3 10
3 65
3 108
3 31
3 18
3 107
3 44
3 8
3 17
3 83
3 86
3 75
3 85
3 91
3 5
3 6
3 43
3 11
3 47
3 100
3 66
3 64
3 111
3 45
3 59
3 105
3 48
32 117
32 76
32 41
32 19
32 24
32 94
32 15
32 70
32 7
32 79
32 77
32 101
32 63
32 33
32 36
32 50
32 71
32 0
32 84
32 96
32 25
32 65
32 108
32 31
32 18
32 107
32 119
32 44
32 8
32 83
32 86
32 28
32 75
32 85
32 91
32 5
32 6
32 43
32 11
32 47
32 100
32 66
32 64
32 111
32 45
32 105
32 48
117 76
117 2
117 41
117 19
117 9
117 94
117 15
117 70
117 7
117 79
117 73
117 57
117 77
117 101
117 33
117 104
117 97
117 36
117 50
117 71
117 0
117 84
117 96
117 25
117 10
117 65
117 108
117 31
117 18
117 107
117 119
117 44
117 8
117 17
117 83
117 86
117 28
117 75
117 85
117 91
117 5
117 6
117 43
117 11
117 47
117 100
117 66
117 64
117 111
117 59
117 48
76 2
76 41
76 19
76 9
76 24
76 94
76 15
76 70
76 7
76 79
76 73
76 57
76 77
76 63
76 33
76 104
76 97
76 36
76 50
76 71
76 0
76 84
76 96
76 25
76 65
76 31
76 18
76 119
76 8
76 17
76 83
76 86
76 28
76 75
76 85
76 91
76 5
76 6
76 43
76 47
76 100
76 66
76 64
76 111
76 59
76 105
76 48
2 41
2 9
2 24
2 94
2 15
2 70
2 79
2 101
2 63
2 33
2 104
2 36
2 50
2 71
2 0
2 84
2 25
2 10
2 65
2 108
2 31
2 18
2 107
2 119
2 44
2 8
2 17
2 83
2 86
2 28
2 85
2 91
2 5
2 6
2 43
2 11
2 47
2 66
2 64
2 111
2 45
2 59
2 105
2 48
41 9
41 24
41 94
41 15
41 70
41 79
41 73
41 57
41 77
41 101
41 63
41 33
41 104
41 97
41 36
41 50
41 71
41 0
41 84
41 96
41 25
41 10
41 65
41 108
41 31
41 18
41 107
41 119
41 8
41 17
41 83
41 86
41 28
41 75
41 85
41 91
41 5
41 43
41 11
41 47
41 100
41 66
41 111
41 45
41 59
41 105
41 48
19 9
19 24
19 94
19 70
19 7
19 73
19 57
19 77
19 101
19 63
19 104
19 97
19 36
19 50
19 71
19 84
19 25
19 10
19 65
19 108
19 31
19 18
19 107
19 119
19 44
19 17
19 83
19 86
19 28
19 85
19 91
19 5
19 6
19 43
19 11
19 47
19 100
19 66
19 64
19 111
19 45
19 59
19 105
9 94
9 15
9 70
9 7
9 73
9 57
9 101
9 33
9 104
9 97
9 36
9 50
9 71
9 0
9 84
9 96
9 25
9 10
9 65
9 108
9 31
9 18
9 107
9 119
9 44
9 8
9 17
9 83
9 86
9 28
9 75
9 91
9 5
9 6
9 43
9 47
9 100
9 66
9 64
9 111
9 45
9 59
9 105
24 94
24 15
24 70
24 7
24 73
24 57
24 77
24 101
24 63
24 33
24 104
24 97
24 36
24 50
24 0
24 84
24 96
24 25
24 10
24 65
24 108
24 31
24 18
24 107
24 119
24 44
24 17
24 83
24 28
24 75
24 85
24 91
24 5
24 43
24 11
24 47
24 66
24 64
24 111
24 45
24 105
24 48
94 15
94 70
94 7
94 79
94 73
94 77
94 101
94 63
94 33
94 104
94 97
94 36
94 50
94 71
94 0
94 96
94 25
94 10
94 65
94 31
94 18
94 107
94 119
94 44
94 8
94 17
94 83
94 86
94 28
94 85
94 91
94 5
94 6
94 43
94 11
94 47
94 100
94 66
94 64
94 111
94 45
94 59
94 105
94 48
15 79
15 73
15 57
15 77
15 101
15 63
15 33
15 104
15 97
15 36
15 50
15 71
15 0
15 84
15 96
15 25
15 65
15 108
15 31
15 18
15 119
15 44
15 8
15 17
15 83
15 86
15 75
15 85
15 91
15 5
15 6
15 43
15 11
15 47
15 100
15 66
15 64
15 111
15 59
15 105
15 48
70 7
70 79
70 73
70 57
70 77
70 101
70 63
70 33
70 97
70 50
70 71
70 0
70 84
70 96
70 10
70 65
70 108
70 31
70 18
70 107
70 119
70 44
70 8
70 83
70 86
70 28
70 75
70 85
70 5
70 6
70 11
70 47
70 100
70 64
70 45
70 59
70 105
70 48
7 79
7 73
7 57
7 77
7 101
7 63
7 33
7 104
7 97
7 36
7 50
7 71
7 84
7 25
7 10
7 65
7 31
7 107
7 119
7 44
7 83
7 28
7 85
7 91
7 5
7 6
7 43
7 11
7 47
7 100
7 66
7 64
7 45
7 59
7 105
7 48
79 73
79 57
79 77
79 101
79 63
79 104
79 97
79 36
79 50
79 71
79 0
79 84
79 96
79 10
79 65
79 108
79 31
79 18
79 107
79 119
79 44
79 8
79 17
79 83
79 86
79 28
79 75
79 85
79 91
79 5
79 6
79 43
79 11
79 47
79 100
79 64
79 111
79 45
79 59
79 48
73 57
73 77
73 101
73 33
73 97
73 36
73 50
73 71
73 0
73 96
73 25
73 10
73 65
73 108
73 31
73 107
73 8
73 86
73 28
73 75
73 85
73 91
73 5
73 6
73 43
73 11
73 47
73 100
73 66
73 111
73 45
73 59
73 105
73 48
57 101
57 63
57 33
57 97
57 36
57 50
57 71
57 84
57 10
57 65
57 108
57 31
57 18
57 107
57 119
57 44
57 8
57 83
57 86
57 28
57 75
57 85
57 91
57 5
57 6
57 43
57 11
57 47
57 100
57 111
57 45
57 59
57 105
57 48
77 101
77 63
77 33
77 104
77 97
77 36
77 50
77 71
77 0
77 84
77 96
77 25
77 10
77 108
77 31
77 107
77 119
77 44
77 8
77 17
77 83
77 86
77 28
77 75
77 91
77 5
77 6
77 43
77 11
77 47
77 100
77 66
77 64
77 111
77 45
77 59
77 105
77 48
101 63
101 104
101 97
101 36
101 50
101 71
101 84
101 96
101 25
101 10
101 65
101 108
101 31
101 107
101 119
101 44
101 8
101 17
101 83
101 86
101 28
101 75
101 85
101 91
101 5
101 6
101 43
101 11
101 47
101 100
101 64
101 111
101 45
101 59
101 105
63 33
63 97
63 36
63 50
63 71
63 84
63 96
63 25
63 10
63 65
63 108
63 31
63 18
63 107
63 119
63 44
63 8
63 17
63 83
63 86
63 75
63 85
63 91
63 5
63 6
63 43
63 11
63 47
63 100
63 66
63 64
63 111
63 45
63 59
63 105
63 48
33 104
33 97
33 36
33 50
33 71
33 0
33 84
33 96
33 25
33 10
33 65
33 108
33 31
33 18
33 107
33 119
33 44
33 8
33 17
33 83
33 86
33 28
33 75
33 91
33 11
33 100
33 66
33 64
33 111
33 45
33 59
104 97
104 36
104 50
104 71
104 0
104 84
104 96
104 25
104 10
104 65
104 31
104 119
104 44
104 8
104 17
104 83
104 86
104 28
104 75
104 85
104 5
104 6
104 43
104 11
104 47
104 100
104 66
104 64
104 111
104 45
104 59
104 48
97 36
97 50
97 71
97 0
97 96
97 25
97 10
97 65
97 108
97 31
97 18
97 107
97 119
97 44
97 17
97 83
97 86
97 28
97 75
97 85
97 91
97 5
97 43
97 11
97 47
97 100
97 66
97 64
97 111
97 45
97 59
97 105
97 48
36 71
36 84
36 96
36 25
36 10
36 65
36 108
36 31
36 18
36 107
36 44
36 8
36 17
36 83
36 86
36 28
36 75
36 85
36 91
36 6
36 11
36 47
36 100
36 66
36 64
36 111
36 45
36 59
36 105
36 48
50 71
50 0
50 84
50 96
50 25
50 10
50 65
50 108
50 31
50 18
50 107
50 119
50 44
50 8
50 17
50 83
50 86
50 28
50 75
50 85
50 5
50 6
50 43
50 11
50 47
50 100
50 66
50 64
50 111
50 59
50 105
50 48
71 0
71 84
71 25
71 10
71 65
71 108
71 18
71 107
71 119
71 44
71 8
71 17
71 83
71 86
71 28
71 75
71 85
71 5
71 6
71 43
71 11
71 47
71 100
71 66
71 64
71 111
71 45
71 105
0 84
0 96
0 25
0 10
0 65
0 108
0 31
0 18
0 107
0 119
0 8
0 83
0 86
0 75
0 91
0 5
0 6
0 43
0 11
0 47
0 100
0 66
0 64
0 111
0 45
0 59
84 96
84 25
84 10
84 65
84 108
84 31
84 18
84 119
84 44
84 8
84 83
84 28
84 75
84 85
84 91
84 5
84 6
84 43
84 66
84 64
84 111
84 45
84 59
84 105
84 48
96 25
96 10
96 65
96 108
96 31
96 18
96 107
96 119
96 44
96 8
96 17
96 83
96 86
96 28
96 85
96 91
96 5
96 6
96 43
96 47
96 66
96 64
96 111
96 45
96 59
96 105
96 48
25 10
25 65
25 108
25 31
25 18
25 107
25 119
25 44
25 8
25 17
25 83
25 86
25 28
25 75
25 85
25 91
25 5
25 6
25 43
25 11
25 100
25 66
25 64
25 111
25 45
25 59
25 105
10 65
10 18
10 119
10 44
10 8
10 17
10 28
10 75
10 91
10 5
10 6
10 43
10 11
10 47
10 100
10 66
10 64
10 111
10 59
10 105
10 48
65 18
65 107
65 119
65 44
65 8
65 17
65 83
65 86
65 28
65 75
65 85
65 91
65 5
65 6
65 43
65 47
65 100
65 66
65 64
65 111
65 45
65 105
65 48
108 31
108 18
108 107
108 119
108 44
108 8
108 17
108 83
108 86
108 28
108 85
108 91
108 5
108 43
108 11
108 47
108 100
108 66
108 111
108 45
108 59
108 48
31 18
31 107
31 44
31 8
31 17
31 83
31 86
31 28
31 75
31 85
31 6
31 43
31 47
31 100
31 64
31 111
31 45
31 105
31 48
18 107
18 119
18 44
18 8
18 17
18 83
18 86
18 28
18 75
18 85
18 91
18 5
18 6
18 43
18 11
18 47
18 100
18 66
18 64
18 111
18 45
18 59
18 105
18 48
107 119
107 44
107 8
107 17
107 83
107 28
107 75
107 85
107 91
107 5
107 6
107 43
107 11
107 47
107 100
107 66
107 64
107 111
107 45
107 59
107 48
119 44
119 8
119 17
119 83
119 28
119 75
119 5
119 6
119 43
119 11
119 47
119 100
119 64
119 111
119 45
119 59
119 105
44 8
44 83
44 86
44 28
44 75
44 85
44 91
44 43
44 47
44 100
44 64
44 111
44 45
44 59
44 105
44 48
8 17
8 83
8 28
8 75
8 85
8 91
8 5
8 6
8 43
8 11
8 47
8 100
8 66
8 111
8 59
8 105
8 48
17 83
17 86
17 28
17 85
17 91
17 6
17 43
17 47
17 100
17 66
17 64
17 111
17 45
17 59
17 48
83 28
83 75
83 85
83 91
83 5
83 6
83 43
83 47
83 100
83 66
83 64
83 111
83 45
83 59
83 105
83 48
86 28
86 75
86 91
86 5
86 11
86 47
86 100
86 66
86 64
86 111
86 45
86 59
86 105
86 48
28 75
28 85
28 5
28 6
28 43
28 11
28 47
28 100
28 66
28 64
28 111
28 45
28 59
28 105
75 85
75 91
75 5
75 6
75 43
75 11
75 47
75 100
75 111
75 45
75 59
75 105
75 48
85 5
85 6
85 43
85 11
85 47
85 100
85 66
85 64
85 111
85 45
85 59
85 105
85 48
91 5
91 43
91 11
91 47
91 100
91 66
91 105
91 48
5 6
5 43
5 11
5 47
5 100
5 66
5 64
5 111
5 45
5 105
5 48
6 43
6 11
6 100
6 64
6 111
6 45
6 59
6 105
6 48
43 11
43 47
43 100
43 66
43 64
43 111
43 45
43 59
43 105
43 48
11 47
11 100
11 66
11 64
11 111
11 45
11 59
11 105
11 48
47 100
47 66
47 64
47 111
47 45
47 59
47 105
47 48
100 66
100 64
100 111
100 45
100 105
100 48
66 64
66 111
66 45
66 105
66 48
64 111
64 45
64 105
64 48
111 45
111 59
111 105
111 48
45 59
45 105
45 48
59 105
105 48
