*verties 115
8
116
60
112
20
87
14
118
10
54
98
85
19
5
21
111
38
102
29
2
33
55
13
39
75
46
103
23
79
80
105
40
99
66
1
32
17
56
104
77
51
108
44
70
57
114
9
61
83
100
35
4
95
64
96
92
24
68
101
91
69
37
50
27
48
97
12
45
67
76
7
59
36
109
31
113
81
15
86
107
89
28
88
3
42
63
41
117
18
53
62
26
115
22
90
16
94
72
71
58
34
49
11
78
0
52
73
119
110
6
74
93
65
30
84
*edges 
8 116
8 60
8 112
8 87
8 14
8 118
8 10
8 54
8 85
8 19
8 5
8 21
8 111
8 38
8 29
8 33
8 55
8 13
8 75
8 46
8 79
8 80
8 105
8 99
8 66
8 1
8 32
8 17
8 56
8 104
8 51
8 44
8 70
8 114
8 9
8 61
8 100
8 4
8 95
8 64
8 96
8 92
8 68
8 91
8 69
8 50
8 48
8 97
8 12
8 45
8 67
8 7
8 36
8 31
8 15
8 86
8 107
8 89
8 28
8 88
8 3
8 42
8 117
8 18
8 53
8 62
8 26
8 115
8 22
8 90
8 16
8 94
8 71
8 58
8 34
8 49
8 11
8 78
8 0
8 52
8 73
8 110
8 6
8 74
8 93
8 65
8 30
8 84
116 60
116 112
116 20
116 14
116 118
116 10
116 54
116 98
116 19
116 5
116 21
116 111
116 38
116 29
116 2
116 55
116 13
116 39
116 75
116 46
116 103
116 23
116 79
116 80
116 105
116 40
116 99
116 66
116 1
116 32
116 17
116 56
116 104
116 77
116 51
116 44
116 70
116 57
116 114
116 9
116 61
116 83
116 100
116 4
116 95
116 96
116 92
116 24
116 68
116 101
116 91
116 69
116 50
116 27
116 48
116 97
116 45
116 67
116 76
116 7
116 59
116 36
116 109
116 31
116 113
116 81
116 86
116 107
116 89
116 28
116 88
116 3
116 42
116 63
116 41
116 117
116 53
116 26
116 22
116 90
116 16
116 94
116 72
116 71
116 58
116 49
116 11
116 78
116 52
116 119
116 6
116 93
116 65
116 30
116 84
60 112
60 20
60 87
60 14
60 10
60 98
60 19
60 21
60 38
60 102
60 29
60 2
60 55
60 39
60 75
60 46
60 23
60 79
60 80
60 105
60 40
60 99
60 66
60 1
60 32
60 17
60 56
60 77
60 108
60 44
60 57
60 9
60 61
60 35
60 4
60 95
60 96
60 92
60 24
60 68
60 101
60 91
60 69
60 50
60 27
60 48
60 97
60 12
60 45
60 67
60 76
60 7
60 59
60 113
60 81
60 15
60 86
60 107
60 89
60 3
60 42
60 63
60 41
60 117
60 18
60 53
60 62
60 26
60 115
60 22
60 90
60 16
60 94
60 71
60 34
60 49
60 11
60 78
60 0
60 52
60 73
60 119
60 6
60 74
60 93
60 84
112 87
112 118
112 54
112 19
112 5
112 21
112 111
112 38
112 102
112 29
112 2
112 33
112 13
112 39
112 75
112 46
112 103
112 23
112 79
112 105
112 40
112 99
112 1
112 32
112 56
112 108
112 70
112 57
112 114
112 9
112 61
112 83
112 100
112 35
112 4
112 95
112 64
112 96
112 68
112 101
112 91
112 37
112 50
112 27
112 48
112 97
112 12
112 45
112 67
112 76
112 7
112 59
112 36
112 109
112 31
112 113
112 81
112 15
112 107
112 89
112 88
112 3
112 42
112 63
112 41
112 117
112 18
112 62
112 26
112 115
112 22
112 90
112 16
112 94
112 72
112 49
112 11
112 78
112 0
112 52
112 73
112 119
112 110
112 6
112 74
112 93
112 30
112 84
20 87
20 14
20 10
20 54
20 98
20 85
20 5
20 21
20 111
20 38
20 29
20 2
20 33
20 55
20 13
20 39
20 75
20 46
20 103
20 23
20 80
20 105
20 40
20 99
20 66
20 1
20 32
20 17
20 56
20 77
20 51
20 44
20 57
20 114
20 9
20 61
20 83
20 100
20 35
20 4
20 64
20 96
20 92
20 68
20 101
20 91
20 69
20 37
20 27
20 48
20 97
20 12
20 45
20 67
20 76
20 7
20 59
20 36
20 109
20 31
20 113
20 81
20 15
20 86
20 107
20 89
20 28
20 88
20 3
20 63
20 41
20 117
20 62
20 115
20 22
20 72
20 71
20 58
20 34
20 49
20 11
20 78
20 0
20 52
20 73
20 119
20 110
20 6
20 74
20 93
20 65
20 30
20 84
87 14
87 118
87 10
87 54
87 85
87 19
87 21
87 111
87 38
87 102
87 2
87 33
87 13
87 39
87 46
87 103
87 23
87 80
87 105
87 40
87 99
87 66
87 32
87 17
87 56
87 104
87 51
87 108
87 70
87 57
87 114
87 9
87 61
87 83
87 100
87 35
87 4
87 95
87 64
87 96
87 92
87 24
87 68
87 91
87 37
87 50
87 27
87 48
87 97
87 12
87 67
87 76
87 7
87 59
87 113
87 81
87 15
87 107
87 89
87 28
87 88
87 42
87 63
87 41
87 117
87 18
87 62
87 115
87 22
87 16
87 72
87 71
87 58
87 34
87 49
87 78
87 0
87 52
87 73
87 119
87 110
87 6
87 74
87 93
87 65
14 118
14 10
14 54
14 19
14 5
14 21
14 38
14 29
14 2
14 55
14 39
14 75
14 79
14 80
14 105
14 40
14 99
14 66
14 1
14 32
14 17
14 56
14 104
14 77
14 51
14 44
14 70
14 57
14 83
14 100
14 35
14 4
14 95
14 64
14 96
14 92
14 68
14 69
14 37
14 50
14 27
14 48
14 97
14 12
14 45
14 67
14 7
14 59
14 109
14 31
14 113
14 81
14 15
14 86
14 107
14 89
14 28
14 88
14 3
14 42
14 41
14 117
14 18
14 53
14 62
14 115
14 22
14 90
14 16
14 94
14 71
14 34
14 49
14 11
14 0
14 73
14 119
14 110
14 93
14 65
14 30
14 84
118 10
118 54
118 98
118 85
118 19
118 5
118 21
118 102
118 29
118 2
118 33
118 55
118 13
118 39
118 46
118 105
118 66
118 1
118 32
118 17
118 104
118 77
118 51
118 108
118 44
118 70
118 57
118 61
118 100
118 35
118 95
118 96
118 92
118 24
118 101
118 69
118 37
118 50
118 27
118 48
118 97
118 67
118 76
118 36
118 81
118 15
118 86
118 28
118 88
118 3
118 42
118 63
118 117
118 18
118 62
118 26
118 115
118 22
118 90
118 94
118 71
118 49
118 78
118 52
118 73
118 119
118 110
118 6
118 74
118 93
118 65
118 30
118 84
10 54
10 98
10 85
10 19
10 5
10 21
10 111
10 102
10 29
10 2
10 55
10 13
10 39
10 75
10 46
10 103
10 23
10 79
10 80
10 66
10 1
10 32
10 17
10 56
10 104
10 51
10 108
10 70
10 57
10 114
10 9
10 83
10 100
10 4
10 95
10 64
10 24
10 68
10 101
10 50
10 48
10 97
10 45
10 67
10 76
10 7
10 59
10 109
10 31
10 113
10 81
10 15
10 86
10 89
10 28
10 88
10 3
10 63
10 117
10 18
10 53
10 62
10 26
10 115
10 22
10 90
10 72
10 71
10 49
10 11
10 78
10 0
10 73
10 110
10 6
10 93
10 65
10 30
54 98
54 85
54 19
54 5
54 111
54 102
54 29
54 33
54 13
54 39
54 46
54 103
54 23
54 79
54 80
54 105
54 40
54 99
54 66
54 32
54 56
54 104
54 77
54 51
54 108
54 70
54 57
54 114
54 61
54 83
54 100
54 35
54 4
54 95
54 92
54 24
54 68
54 101
54 91
54 69
54 37
54 50
54 48
54 97
54 12
54 45
54 67
54 76
54 7
54 59
54 36
54 109
54 31
54 113
54 81
54 15
54 107
54 89
54 28
54 88
54 3
54 63
54 117
54 18
54 53
54 62
54 26
54 115
54 22
54 90
54 16
54 94
54 72
54 34
54 49
54 11
54 0
54 52
54 73
54 119
54 110
54 74
54 93
54 65
54 30
54 84
98 85
98 19
98 5
98 21
98 111
98 38
98 102
98 29
98 2
98 55
98 39
98 75
98 46
98 103
98 23
98 79
98 80
98 105
98 99
98 66
98 32
98 17
98 56
98 104
98 77
98 108
98 70
98 9
98 61
98 83
98 4
98 95
98 96
98 92
98 24
98 101
98 91
98 37
98 27
98 48
98 97
98 76
98 59
98 36
98 109
98 113
98 81
98 86
98 107
98 89
98 3
98 42
98 63
98 41
98 117
98 18
98 62
98 22
98 16
98 94
98 72
98 71
98 58
98 34
98 11
98 78
98 0
98 52
98 119
98 110
98 6
98 93
98 65
98 30
98 84
85 19
85 5
85 21
85 111
85 38
85 29
85 2
85 33
85 55
85 39
85 75
85 46
85 103
85 23
85 79
85 105
85 40
85 99
85 66
85 1
85 32
85 104
85 77
85 51
85 108
85 44
85 70
85 57
85 114
85 9
85 61
85 83
85 100
85 35
85 4
85 95
85 64
85 24
85 68
85 101
85 69
85 37
85 50
85 27
85 48
85 97
85 12
85 67
85 76
85 7
85 59
85 36
85 109
85 31
85 113
85 81
85 15
85 86
85 107
85 28
85 88
85 42
85 63
85 41
85 117
85 18
85 53
85 62
85 26
85 115
85 16
85 94
85 72
85 71
85 58
85 34
85 49
85 11
85 78
85 0
85 73
85 110
85 6
85 93
85 65
85 30
85 84
19 5
19 21
19 111
19 38
19 102
19 29
19 2
19 33
19 55
19 13
19 39
19 75
19 46
19 103
19 23
19 79
19 80
19 105
19 40
19 99
19 66
19 1
19 32
19 17
19 56
19 51
19 44
19 70
19 114
19 61
19 83
19 95
19 96
19 92
19 24
19 91
19 69
19 37
19 50
19 27
19 97
19 12
19 45
19 67
19 59
19 109
19 31
19 113
19 81
19 15
19 86
19 107
19 89
19 28
19 88
19 3
19 42
19 63
19 41
19 117
19 18
19 62
19 26
19 22
19 90
19 16
19 94
19 72
19 71
19 58
19 34
19 11
19 0
19 52
19 73
19 110
19 93
19 65
19 30
19 84
5 21
5 111
5 38
5 29
5 33
5 55
5 13
5 39
5 75
5 103
5 79
5 80
5 105
5 40
5 99
5 66
5 1
5 32
5 56
5 104
5 77
5 51
5 108
5 44
5 70
5 114
5 9
5 61
5 83
5 100
5 35
5 4
5 96
5 92
5 24
5 101
5 91
5 37
5 50
5 27
5 48
5 97
5 45
5 76
5 7
5 36
5 109
5 31
5 113
5 81
5 15
5 86
5 107
5 89
5 28
5 88
5 3
5 42
5 41
5 117
5 18
5 53
5 62
5 26
5 115
5 22
5 16
5 72
5 34
5 49
5 11
5 78
5 0
5 52
5 73
5 110
5 6
5 74
5 30
5 84
21 111
21 29
21 2
21 33
21 55
21 13
21 39
21 46
21 103
21 23
21 79
21 80
21 66
21 1
21 32
21 17
21 104
21 77
21 51
21 108
21 44
21 57
21 114
21 9
21 61
21 83
21 100
21 35
21 4
21 64
21 96
21 92
21 24
21 68
21 101
21 69
21 50
21 48
21 97
21 12
21 45
21 67
21 76
21 7
21 59
21 36
21 109
21 31
21 113
21 81
21 86
21 107
21 28
21 88
21 3
21 42
21 63
21 117
21 18
21 53
21 62
21 26
21 115
21 22
21 90
21 94
21 72
21 71
21 58
21 34
21 49
21 11
21 78
21 0
21 52
21 73
21 110
21 74
21 93
21 65
21 30
21 84
111 38
111 2
111 33
111 13
111 39
111 23
111 79
111 105
111 99
111 66
111 1
111 17
111 104
111 77
111 51
111 44
111 70
111 57
111 114
111 9
111 61
111 83
111 100
111 35
111 4
111 95
111 64
111 96
111 92
111 24
111 101
111 91
111 69
111 50
111 27
111 48
111 97
111 45
111 67
111 7
111 36
111 109
111 113
111 81
111 86
111 107
111 28
111 88
111 3
111 42
111 63
111 117
111 18
111 53
111 26
111 115
111 22
111 90
111 94
111 72
111 71
111 58
111 49
111 11
111 78
111 0
111 52
111 119
111 6
111 74
111 93
111 65
111 30
38 102
38 29
38 33
38 55
38 39
38 75
38 46
38 103
38 23
38 79
38 80
38 105
38 40
38 99
38 66
38 1
38 17
38 56
38 104
38 77
38 51
38 108
38 44
38 70
38 57
38 114
38 9
38 61
38 83
38 100
38 35
38 4
38 64
38 96
38 92
38 24
38 68
38 101
38 69
38 37
38 50
38 27
38 48
38 97
38 12
38 45
38 67
38 76
38 7
38 109
38 31
38 113
38 81
38 15
38 86
38 89
38 28
38 3
38 42
38 63
38 41
38 117
38 18
38 53
38 62
38 26
38 115
38 22
38 90
38 94
38 71
38 34
38 11
38 78
38 52
38 73
38 119
38 110
38 6
38 74
38 93
38 65
38 84
102 2
102 55
102 13
102 75
102 46
102 103
102 23
102 79
102 40
102 99
102 66
102 1
102 17
102 56
102 104
102 77
102 51
102 108
102 70
102 57
102 9
102 61
102 83
102 100
102 35
102 4
102 64
102 96
102 92
102 24
102 68
102 101
102 91
102 69
102 37
102 50
102 27
102 48
102 97
102 12
102 45
102 67
102 76
102 7
102 59
102 109
102 31
102 113
102 81
102 15
102 86
102 107
102 89
102 28
102 42
102 63
102 41
102 117
102 18
102 53
102 62
102 22
102 90
102 16
102 94
102 72
102 71
102 58
102 34
102 78
102 0
102 73
102 119
102 110
102 6
102 74
102 93
102 65
102 30
102 84
29 2
29 33
29 55
29 13
29 39
29 103
29 79
29 80
29 105
29 40
29 99
29 1
29 32
29 17
29 56
29 104
29 77
29 51
29 108
29 70
29 57
29 114
29 9
29 61
29 83
29 100
29 4
29 95
29 96
29 24
29 68
29 101
29 91
29 69
29 37
29 50
29 27
29 48
29 12
29 67
29 76
29 7
29 59
29 36
29 109
29 31
29 113
29 81
29 15
29 86
29 107
29 28
29 88
29 3
29 42
29 63
29 41
29 117
29 62
29 26
29 115
29 22
29 90
29 94
29 72
29 71
29 34
29 49
29 11
29 78
29 52
29 73
29 119
29 110
29 6
29 74
29 93
29 65
2 33
2 55
2 39
2 75
2 46
2 103
2 23
2 80
2 105
2 40
2 99
2 66
2 32
2 17
2 77
2 51
2 108
2 44
2 70
2 57
2 114
2 9
2 61
2 83
2 100
2 35
2 4
2 95
2 92
2 68
2 91
2 69
2 37
2 27
2 48
2 97
2 45
2 67
2 76
2 7
2 59
2 109
2 31
2 113
2 15
2 107
2 89
2 28
2 88
2 3
2 42
2 63
2 41
2 53
2 62
2 115
2 22
2 72
2 71
2 58
2 34
2 49
2 11
2 78
2 0
2 52
2 119
2 110
2 6
2 84
33 55
33 13
33 39
33 46
33 103
33 23
33 80
33 105
33 99
33 66
33 1
33 17
33 56
33 104
33 108
33 44
33 57
33 114
33 61
33 83
33 100
33 4
33 95
33 64
33 96
33 92
33 68
33 101
33 69
33 50
33 27
33 48
33 97
33 45
33 76
33 7
33 59
33 36
33 31
33 113
33 81
33 15
33 86
33 107
33 28
33 42
33 41
33 117
33 62
33 26
33 22
33 16
33 94
33 71
33 58
33 34
33 49
33 11
33 78
33 0
33 52
33 119
33 110
33 74
33 65
33 30
33 84
55 13
55 39
55 46
55 103
55 80
55 105
55 40
55 99
55 66
55 1
55 104
55 77
55 108
55 44
55 57
55 114
55 9
55 61
55 100
55 35
55 95
55 96
55 24
55 68
55 101
55 91
55 69
55 37
55 50
55 27
55 48
55 97
55 45
55 59
55 109
55 113
55 81
55 15
55 107
55 89
55 28
55 88
55 3
55 42
55 63
55 41
55 117
55 53
55 62
55 26
55 115
55 22
55 90
55 94
55 72
55 58
55 49
55 78
55 52
55 6
55 74
55 65
55 30
55 84
13 39
13 75
13 103
13 23
13 79
13 105
13 99
13 66
13 32
13 56
13 104
13 77
13 51
13 44
13 70
13 57
13 61
13 83
13 100
13 35
13 4
13 95
13 64
13 96
13 92
13 24
13 68
13 101
13 91
13 50
13 27
13 48
13 12
13 45
13 67
13 76
13 59
13 36
13 109
13 31
13 113
13 81
13 15
13 86
13 107
13 89
13 28
13 88
13 3
13 42
13 63
13 41
13 117
13 18
13 53
13 62
13 115
13 90
13 16
13 72
13 71
13 34
13 49
13 11
13 78
13 52
13 119
13 6
13 74
13 93
13 65
13 84
39 46
39 103
39 23
39 79
39 80
39 40
39 99
39 66
39 1
39 32
39 17
39 56
39 104
39 77
39 108
39 44
39 70
39 57
39 114
39 9
39 61
39 100
39 35
39 64
39 92
39 24
39 68
39 101
39 69
39 37
39 50
39 48
39 12
39 67
39 7
39 59
39 36
39 109
39 31
39 113
39 81
39 15
39 86
39 89
39 28
39 88
39 3
39 42
39 63
39 41
39 117
39 53
39 62
39 115
39 22
39 90
39 71
39 58
39 49
39 11
39 78
39 52
39 73
39 119
39 6
39 74
39 93
39 65
39 30
75 46
75 103
75 23
75 79
75 80
75 105
75 40
75 99
75 66
75 1
75 32
75 17
75 56
75 104
75 77
75 51
75 108
75 70
75 57
75 114
75 9
75 61
75 83
75 100
75 4
75 95
75 64
75 96
75 92
75 101
75 91
75 50
75 48
75 97
75 12
75 45
75 67
75 7
75 59
75 31
75 113
75 81
75 15
75 86
75 89
75 88
75 3
75 42
75 63
75 41
75 18
75 53
75 62
75 26
75 22
75 90
75 16
75 94
75 72
75 58
75 34
75 49
75 11
75 78
75 73
75 119
75 110
75 6
75 74
75 65
75 30
75 84
46 23
46 79
46 105
46 40
46 66
46 1
46 32
46 17
46 104
46 108
46 44
46 70
46 57
46 114
46 9
46 61
46 83
46 100
46 35
46 4
46 64
46 96
46 92
46 24
46 68
46 101
46 69
46 27
46 48
46 97
46 12
46 45
46 67
46 76
46 7
46 59
46 36
46 109
46 31
46 113
46 81
46 15
46 86
46 107
46 89
46 28
46 88
46 42
46 63
46 41
46 117
46 18
46 53
46 62
46 26
46 115
46 22
46 90
46 16
46 94
46 71
46 58
46 11
46 78
46 0
46 52
46 119
46 110
46 6
46 74
46 93
46 65
46 30
46 84
103 23
103 79
103 80
103 105
103 40
103 99
103 66
103 1
103 32
103 17
103 104
103 77
103 51
103 108
103 44
103 70
103 57
103 114
103 9
103 61
103 83
103 100
103 35
103 4
103 95
103 64
103 96
103 92
103 24
103 68
103 101
103 91
103 69
103 50
103 27
103 48
103 12
103 45
103 76
103 7
103 59
103 113
103 81
103 15
103 86
103 89
103 28
103 3
103 42
103 63
103 41
103 117
103 18
103 26
103 22
103 90
103 16
103 94
103 72
103 71
103 49
103 78
103 0
103 73
103 119
103 110
103 74
103 93
103 65
103 30
23 79
23 80
23 105
23 40
23 99
23 1
23 32
23 17
23 56
23 104
23 77
23 51
23 108
23 44
23 70
23 57
23 114
23 61
23 83
23 35
23 4
23 95
23 96
23 92
23 68
23 101
23 91
23 69
23 37
23 50
23 27
23 48
23 97
23 12
23 45
23 67
23 7
23 36
23 109
23 31
23 113
23 81
23 15
23 86
23 107
23 89
23 28
23 88
23 3
23 42
23 63
23 41
23 53
23 26
23 115
23 22
23 90
23 16
23 94
23 71
23 58
23 34
23 49
23 78
23 0
23 52
23 119
23 110
23 6
23 74
23 93
23 65
23 30
79 80
79 105
79 99
79 66
79 1
79 32
79 17
79 104
79 77
79 51
79 108
79 44
79 70
79 57
79 114
79 9
79 61
79 83
79 100
79 35
79 4
79 95
79 64
79 68
79 101
79 91
79 37
79 50
79 27
79 45
79 76
79 7
79 36
79 31
79 113
79 81
79 15
79 86
79 107
79 89
79 88
79 3
79 42
79 63
79 41
79 117
79 53
79 62
79 26
79 22
79 90
79 72
79 34
79 49
79 78
79 52
79 73
79 119
79 110
79 6
79 74
79 65
79 30
79 84
80 105
80 40
80 99
80 66
80 1
80 32
80 17
80 56
80 104
80 77
80 51
80 44
80 70
80 57
80 9
80 61
80 100
80 35
80 4
80 95
80 64
80 96
80 92
80 24
80 68
80 101
80 91
80 37
80 50
80 27
80 48
80 97
80 12
80 45
80 7
80 59
80 36
80 31
80 113
80 81
80 15
80 107
80 89
80 28
80 3
80 63
80 41
80 117
80 18
80 53
80 62
80 26
80 115
80 22
80 90
80 16
80 94
80 71
80 58
80 49
80 11
80 0
80 73
80 110
80 6
80 74
80 93
80 65
80 30
105 99
105 66
105 1
105 17
105 56
105 104
105 108
105 70
105 57
105 9
105 61
105 83
105 100
105 35
105 4
105 95
105 64
105 96
105 92
105 24
105 101
105 91
105 37
105 50
105 27
105 97
105 12
105 45
105 67
105 76
105 59
105 36
105 109
105 31
105 113
105 81
105 15
105 86
105 28
105 3
105 42
105 41
105 18
105 62
105 26
105 90
105 16
105 94
105 71
105 58
105 34
105 49
105 11
105 78
105 0
105 52
105 73
105 119
105 110
105 6
105 74
105 93
105 30
105 84
40 66
40 1
40 32
40 17
40 56
40 51
40 108
40 44
40 70
40 57
40 114
40 9
40 61
40 83
40 100
40 35
40 4
40 64
40 96
40 92
40 68
40 101
40 91
40 37
40 27
40 48
40 97
40 12
40 45
40 7
40 36
40 31
40 113
40 81
40 15
40 89
40 88
40 3
40 42
40 63
40 41
40 18
40 26
40 115
40 22
40 16
40 94
40 72
40 71
40 34
40 49
40 78
40 0
40 52
40 73
40 119
40 6
40 74
40 93
40 65
40 30
40 84
99 66
99 1
99 32
99 17
99 56
99 77
99 51
99 108
99 70
99 57
99 114
99 9
99 61
99 83
99 100
99 35
99 4
99 95
99 64
99 92
99 24
99 68
99 101
99 91
99 69
99 27
99 48
99 12
99 45
99 76
99 7
99 81
99 15
99 86
99 107
99 89
99 3
99 42
99 41
99 117
99 53
99 26
99 115
99 22
99 90
99 71
99 58
99 11
99 0
99 73
99 119
99 6
99 93
99 65
99 30
66 1
66 32
66 17
66 56
66 104
66 77
66 51
66 108
66 44
66 57
66 9
66 83
66 4
66 95
66 64
66 96
66 92
66 24
66 68
66 101
66 69
66 37
66 50
66 27
66 48
66 97
66 12
66 45
66 67
66 76
66 7
66 36
66 109
66 31
66 113
66 81
66 15
66 86
66 107
66 28
66 3
66 42
66 63
66 41
66 18
66 62
66 26
66 115
66 22
66 94
66 72
66 71
66 58
66 49
66 78
66 0
66 52
66 73
66 119
66 110
66 6
66 74
66 93
66 65
66 30
66 84
1 32
1 17
1 77
1 51
1 108
1 70
1 57
1 114
1 9
1 61
1 83
1 100
1 4
1 95
1 64
1 96
1 92
1 24
1 68
1 101
1 91
1 69
1 37
1 50
1 27
1 48
1 97
1 45
1 7
1 59
1 36
1 109
1 31
1 113
1 81
1 15
1 86
1 107
1 89
1 28
1 3
1 42
1 63
1 41
1 117
1 18
1 53
1 26
1 115
1 22
1 90
1 16
1 94
1 71
1 58
1 34
1 11
1 78
1 0
1 52
1 73
1 6
1 65
1 30
1 84
32 17
32 104
32 77
32 51
32 108
32 70
32 57
32 114
32 9
32 61
32 83
32 100
32 35
32 4
32 95
32 64
32 96
32 92
32 24
32 101
32 91
32 69
32 37
32 27
32 97
32 12
32 67
32 59
32 36
32 109
32 15
32 86
32 107
32 89
32 28
32 88
32 3
32 42
32 63
32 41
32 117
32 18
32 53
32 62
32 26
32 90
32 16
32 94
32 72
32 71
32 49
32 11
32 78
32 0
32 52
32 110
32 6
32 65
32 30
32 84
17 104
17 77
17 51
17 108
17 44
17 70
17 57
17 114
17 9
17 61
17 83
17 100
17 35
17 4
17 95
17 64
17 96
17 92
17 24
17 68
17 91
17 69
17 27
17 48
17 97
17 12
17 45
17 67
17 76
17 59
17 36
17 31
17 81
17 86
17 107
17 89
17 28
17 18
17 53
17 26
17 115
17 22
17 90
17 16
17 72
17 71
17 58
17 34
17 49
17 11
17 0
17 52
17 110
17 74
17 93
17 65
17 30
56 104
56 77
56 44
56 70
56 57
56 114
56 61
56 83
56 100
56 35
56 96
56 92
56 24
56 37
56 50
56 48
56 12
56 45
56 36
56 109
56 31
56 81
56 86
56 107
56 89
56 28
56 88
56 3
56 63
56 41
56 117
56 53
56 62
56 115
56 22
56 16
56 72
56 71
56 34
56 11
56 78
56 0
56 52
56 73
56 119
56 110
56 6
56 74
56 93
56 65
56 30
56 84
104 51
104 108
104 44
104 57
104 114
104 9
104 61
104 83
104 100
104 35
104 4
104 95
104 64
104 96
104 92
104 68
104 101
104 69
104 50
104 27
104 48
104 45
104 67
104 76
104 59
104 36
104 109
104 31
104 113
104 81
104 15
104 86
104 107
104 89
104 28
104 88
104 3
104 42
104 41
104 117
104 18
104 53
104 62
104 26
104 22
104 90
104 16
104 94
104 72
104 71
104 34
104 49
104 78
104 0
104 52
104 73
104 119
104 110
104 6
104 74
104 93
104 30
77 108
77 44
77 57
77 114
77 9
77 61
77 83
77 100
77 35
77 95
77 64
77 96
77 92
77 24
77 68
77 101
77 69
77 50
77 27
77 48
77 97
77 45
77 67
77 76
77 7
77 59
77 36
77 109
77 31
77 113
77 81
77 15
77 86
77 107
77 89
77 28
77 88
77 42
77 63
77 41
77 117
77 18
77 53
77 62
77 115
77 90
77 16
77 72
77 71
77 58
77 34
77 49
77 11
77 78
77 0
77 52
77 73
77 119
77 110
77 6
77 74
77 93
77 65
77 30
77 84
51 108
51 44
51 70
51 57
51 114
51 61
51 100
51 35
51 4
51 95
51 64
51 96
51 24
51 68
51 91
51 69
51 48
51 12
51 45
51 76
51 59
51 36
51 109
51 31
51 113
51 81
51 15
51 86
51 107
51 89
51 28
51 3
51 41
51 117
51 53
51 62
51 26
51 115
51 22
51 90
51 94
51 72
51 71
51 58
51 34
51 11
51 0
51 52
51 119
51 110
51 6
51 74
51 65
51 30
51 84
108 44
108 70
108 114
108 9
108 61
108 83
108 100
108 4
108 64
108 96
108 68
108 101
108 69
108 37
108 50
108 27
108 48
108 97
108 12
108 45
108 67
108 76
108 59
108 109
108 113
108 15
108 86
108 107
108 28
108 3
108 42
108 63
108 41
108 117
108 18
108 62
108 26
108 115
108 90
108 16
108 94
108 72
108 71
108 34
108 49
108 0
108 52
108 73
108 119
108 110
108 6
108 93
108 65
108 30
44 70
44 57
44 114
44 9
44 61
44 83
44 100
44 35
44 4
44 64
44 96
44 92
44 24
44 68
44 101
44 91
44 50
44 27
44 97
44 12
44 45
44 67
44 76
44 7
44 59
44 36
44 31
44 113
44 81
44 15
44 86
44 107
44 89
44 28
44 3
44 42
44 63
44 41
44 117
44 18
44 53
44 62
44 26
44 115
44 90
44 16
44 94
44 72
44 71
44 58
44 34
44 49
44 11
44 0
44 52
44 73
44 119
44 110
44 6
44 74
44 30
44 84
70 57
70 114
70 61
70 83
70 100
70 4
70 64
70 96
70 92
70 24
70 68
70 101
70 91
70 69
70 37
70 50
70 27
70 97
70 12
70 45
70 7
70 59
70 36
70 109
70 31
70 113
70 81
70 15
70 86
70 89
70 28
70 3
70 63
70 117
70 18
70 53
70 62
70 26
70 115
70 90
70 16
70 94
70 72
70 71
70 58
70 49
70 11
70 119
70 6
70 74
70 93
70 65
70 30
57 114
57 61
57 83
57 4
57 95
57 96
57 92
57 24
57 68
57 101
57 69
57 37
57 27
57 97
57 12
57 45
57 76
57 59
57 36
57 31
57 15
57 86
57 89
57 28
57 3
57 42
57 41
57 117
57 18
57 53
57 62
57 26
57 22
57 90
57 16
57 94
57 72
57 71
57 58
57 34
57 49
57 11
57 78
57 52
57 119
57 110
57 74
57 93
57 65
57 30
57 84
114 9
114 61
114 83
114 100
114 35
114 64
114 96
114 92
114 24
114 68
114 101
114 91
114 37
114 27
114 48
114 97
114 12
114 67
114 7
114 59
114 36
114 109
114 113
114 81
114 15
114 86
114 107
114 89
114 28
114 88
114 63
114 41
114 117
114 18
114 53
114 62
114 26
114 22
114 90
114 16
114 72
114 71
114 58
114 34
114 49
114 11
114 78
114 0
114 52
114 73
114 110
114 6
114 74
114 93
114 65
114 30
9 83
9 100
9 4
9 95
9 96
9 92
9 24
9 68
9 101
9 91
9 69
9 37
9 27
9 48
9 97
9 12
9 45
9 76
9 7
9 59
9 36
9 109
9 31
9 113
9 81
9 15
9 86
9 107
9 89
9 28
9 88
9 3
9 42
9 63
9 41
9 18
9 53
9 115
9 22
9 90
9 16
9 94
9 72
9 71
9 58
9 34
9 49
9 11
9 78
9 52
9 119
9 110
9 74
9 93
9 65
9 30
61 83
61 35
61 4
61 95
61 64
61 96
61 24
61 68
61 101
61 91
61 69
61 37
61 50
61 97
61 12
61 76
61 7
61 59
61 36
61 109
61 31
61 113
61 81
61 15
61 86
61 107
61 89
61 88
61 3
61 63
61 41
61 117
61 18
61 53
61 26
61 22
61 90
61 94
61 72
61 58
61 34
61 49
61 11
61 0
61 73
61 119
61 110
61 6
61 74
61 93
61 65
61 30
83 95
83 64
83 96
83 92
83 68
83 91
83 37
83 50
83 48
83 12
83 45
83 76
83 7
83 36
83 109
83 31
83 113
83 81
83 15
83 86
83 89
83 28
83 88
83 3
83 63
83 41
83 117
83 18
83 53
83 62
83 26
83 115
83 90
83 16
83 94
83 72
83 71
83 58
83 34
83 49
83 11
83 78
83 0
83 52
83 73
83 110
83 74
83 93
83 30
100 35
100 95
100 64
100 92
100 24
100 68
100 101
100 91
100 69
100 50
100 27
100 48
100 97
100 12
100 45
100 67
100 7
100 59
100 36
100 109
100 31
100 113
100 81
100 15
100 86
100 107
100 89
100 28
100 3
100 42
100 63
100 41
100 117
100 18
100 53
100 62
100 115
100 22
100 90
100 16
100 72
100 71
100 58
100 34
100 49
100 78
100 0
100 52
100 73
100 119
100 6
100 74
100 93
100 65
100 30
35 4
35 95
35 96
35 24
35 101
35 91
35 69
35 37
35 48
35 97
35 12
35 45
35 67
35 7
35 36
35 31
35 81
35 15
35 86
35 107
35 28
35 42
35 63
35 117
35 18
35 53
35 62
35 26
35 22
35 90
35 16
35 94
35 72
35 71
35 58
35 34
35 49
35 11
35 78
35 0
35 73
35 119
35 110
35 6
35 74
35 93
35 65
35 30
4 95
4 96
4 92
4 24
4 68
4 101
4 91
4 69
4 37
4 50
4 27
4 48
4 97
4 45
4 67
4 76
4 59
4 36
4 31
4 113
4 81
4 15
4 107
4 89
4 28
4 88
4 3
4 42
4 63
4 41
4 117
4 53
4 62
4 26
4 115
4 22
4 90
4 16
4 72
4 71
4 58
4 34
4 11
4 78
4 0
4 52
4 119
4 110
4 74
4 93
4 65
4 30
95 64
95 24
95 101
95 69
95 37
95 50
95 48
95 97
95 12
95 45
95 67
95 76
95 7
95 59
95 36
95 31
95 113
95 81
95 15
95 107
95 89
95 28
95 88
95 3
95 42
95 117
95 18
95 62
95 26
95 22
95 90
95 16
95 94
95 72
95 71
95 58
95 78
95 0
95 52
95 73
95 119
95 110
95 6
95 74
95 30
95 84
64 96
64 92
64 24
64 68
64 101
64 91
64 37
64 27
64 48
64 45
64 7
64 59
64 36
64 109
64 113
64 81
64 86
64 107
64 89
64 88
64 3
64 42
64 63
64 41
64 117
64 18
64 53
64 26
64 115
64 22
64 90
64 16
64 94
64 72
64 71
64 34
64 11
64 78
64 0
64 52
64 73
64 119
64 110
64 6
64 74
64 93
64 65
64 30
96 92
96 24
96 68
96 91
96 69
96 37
96 50
96 27
96 48
96 97
96 12
96 45
96 7
96 59
96 36
96 31
96 113
96 81
96 107
96 89
96 28
96 3
96 42
96 41
96 117
96 53
96 26
96 115
96 22
96 90
96 94
96 71
96 11
96 78
96 0
96 73
96 119
96 110
96 6
96 74
96 65
96 30
96 84
92 24
92 68
92 91
92 69
92 27
92 48
92 97
92 45
92 67
92 76
92 36
92 109
92 31
92 113
92 81
92 15
92 107
92 89
92 88
92 63
92 41
92 117
92 18
92 53
92 62
92 26
92 115
92 22
92 90
92 16
92 94
92 72
92 71
92 34
92 49
92 11
92 78
92 0
92 110
92 6
92 74
92 93
92 65
92 30
92 84
24 68
24 101
24 91
24 50
24 27
24 48
24 97
24 12
24 45
24 7
24 59
24 36
24 31
24 81
24 15
24 86
24 107
24 89
24 88
24 3
24 63
24 41
24 53
24 62
24 26
24 115
24 22
24 16
24 94
24 72
24 71
24 58
24 34
24 49
24 11
24 78
24 0
24 52
24 119
24 110
24 74
24 93
24 65
24 30
24 84
68 101
68 91
68 69
68 37
68 50
68 48
68 12
68 45
68 67
68 76
68 7
68 59
68 36
68 31
68 15
68 86
68 89
68 28
68 88
68 3
68 42
68 63
68 41
68 117
68 18
68 26
68 115
68 22
68 90
68 16
68 94
68 72
68 71
68 58
68 34
68 49
68 11
68 0
68 52
68 73
68 119
68 93
68 30
68 84
101 91
101 69
101 37
101 50
101 27
101 48
101 97
101 12
101 45
101 76
101 7
101 59
101 36
101 109
101 113
101 81
101 15
101 86
101 107
101 89
101 28
101 3
101 42
101 63
101 41
101 117
101 62
101 26
101 115
101 22
101 90
101 16
101 94
101 58
101 34
101 78
101 0
101 52
101 73
101 119
101 110
101 6
101 93
101 65
101 84
91 50
91 27
91 97
91 76
91 7
91 59
91 36
91 109
91 31
91 81
91 86
91 107
91 28
91 88
91 3
91 42
91 63
91 41
91 117
91 18
91 53
91 62
91 26
91 115
91 22
91 90
91 16
91 94
91 72
91 71
91 58
91 49
91 11
91 0
91 52
91 73
91 119
91 110
91 6
91 74
91 93
91 65
91 30
69 27
69 12
69 45
69 67
69 76
69 59
69 36
69 109
69 113
69 15
69 86
69 107
69 89
69 28
69 3
69 41
69 18
69 62
69 115
69 22
69 71
69 58
69 11
69 52
69 73
69 119
69 110
69 6
69 74
69 65
69 30
37 50
37 97
37 12
37 45
37 67
37 76
37 59
37 36
37 109
37 31
37 113
37 81
37 15
37 86
37 107
37 89
37 28
37 3
37 42
37 63
37 41
37 117
37 53
37 62
37 26
37 115
37 90
37 16
37 94
37 72
37 71
37 58
37 49
37 11
37 78
37 0
37 52
37 73
37 110
37 6
37 74
37 93
37 65
37 30
50 27
50 48
50 97
50 12
50 45
50 76
50 7
50 59
50 36
50 109
50 31
50 113
50 81
50 15
50 86
50 89
50 28
50 88
50 3
50 63
50 41
50 117
50 18
50 62
50 26
50 115
50 22
50 90
50 16
50 94
50 72
50 58
50 49
50 11
50 78
50 73
50 119
50 6
50 93
50 65
50 30
50 84
27 97
27 12
27 67
27 76
27 7
27 59
27 36
27 31
27 81
27 15
27 86
27 89
27 42
27 41
27 117
27 53
27 62
27 26
27 115
27 22
27 90
27 16
27 94
27 71
27 58
27 49
27 78
27 0
27 52
27 73
27 119
27 74
27 93
27 65
27 30
27 84
48 97
48 12
48 67
48 76
48 59
48 36
48 109
48 113
48 81
48 15
48 86
48 107
48 28
48 88
48 42
48 63
48 41
48 117
48 18
48 62
48 26
48 115
48 22
48 90
48 94
48 72
48 71
48 58
48 34
48 52
48 73
48 119
48 110
48 6
48 74
48 93
48 30
97 12
97 45
97 67
97 76
97 7
97 59
97 36
97 109
97 113
97 81
97 15
97 86
97 89
97 28
97 88
97 3
97 42
97 63
97 41
97 117
97 18
97 53
97 26
97 115
97 22
97 90
97 16
97 72
97 71
97 58
97 34
97 49
97 11
97 78
97 0
97 52
97 73
97 119
97 110
97 6
97 93
97 65
12 45
12 67
12 76
12 7
12 59
12 36
12 109
12 31
12 81
12 15
12 86
12 89
12 28
12 88
12 3
12 42
12 63
12 41
12 117
12 53
12 62
12 115
12 22
12 94
12 72
12 58
12 34
12 49
12 11
12 78
12 0
12 73
12 110
12 6
12 74
12 93
12 65
12 30
12 84
45 67
45 76
45 7
45 59
45 36
45 109
45 31
45 113
45 81
45 107
45 28
45 88
45 42
45 63
45 117
45 18
45 53
45 62
45 26
45 115
45 22
45 90
45 16
45 71
45 58
45 34
45 49
45 11
45 78
45 52
45 73
45 119
45 6
45 74
45 93
45 65
45 30
45 84
67 76
67 7
67 36
67 109
67 31
67 113
67 81
67 15
67 89
67 28
67 88
67 3
67 42
67 41
67 117
67 18
67 62
67 26
67 115
67 22
67 90
67 16
67 94
67 72
67 71
67 58
67 49
67 11
67 78
67 0
67 110
67 6
67 74
67 30
67 84
76 7
76 59
76 36
76 109
76 31
76 113
76 81
76 15
76 86
76 107
76 88
76 3
76 42
76 63
76 41
76 53
76 62
76 26
76 115
76 22
76 90
76 16
76 72
76 58
76 34
76 49
76 11
76 0
76 52
76 73
76 119
76 110
76 6
76 93
76 30
76 84
7 36
7 109
7 31
7 113
7 81
7 15
7 107
7 28
7 88
7 3
7 42
7 63
7 41
7 117
7 53
7 62
7 26
7 90
7 94
7 58
7 11
7 78
7 0
7 119
7 110
7 6
7 74
7 93
7 65
7 30
7 84
59 109
59 31
59 113
59 81
59 15
59 107
59 89
59 88
59 63
59 41
59 117
59 18
59 53
59 62
59 26
59 115
59 22
59 16
59 94
59 72
59 58
59 34
59 49
59 78
59 0
59 52
59 73
59 110
59 93
59 30
59 84
36 109
36 31
36 113
36 81
36 15
36 86
36 107
36 89
36 28
36 88
36 42
36 63
36 18
36 53
36 62
36 26
36 115
36 22
36 90
36 16
36 94
36 72
36 71
36 58
36 34
36 11
36 0
36 73
36 110
36 6
36 74
36 93
36 65
36 30
109 31
109 113
109 15
109 86
109 28
109 88
109 3
109 42
109 41
109 117
109 53
109 62
109 115
109 22
109 90
109 94
109 72
109 58
109 34
109 49
109 11
109 78
109 0
109 73
109 119
109 110
109 6
109 74
109 93
109 65
31 113
31 81
31 15
31 86
31 107
31 89
31 88
31 3
31 42
31 117
31 53
31 62
31 26
31 22
31 90
31 16
31 71
31 58
31 49
31 11
31 78
31 0
31 52
31 73
31 110
31 6
31 65
31 30
31 84
113 81
113 15
113 86
113 107
113 3
113 41
113 117
113 18
113 53
113 26
113 22
113 16
113 94
113 72
113 71
113 58
113 11
113 78
113 0
113 73
113 119
113 110
113 6
113 74
113 65
113 30
113 84
81 15
81 86
81 107
81 89
81 28
81 88
81 3
81 42
81 41
81 117
81 18
81 26
81 115
81 22
81 90
81 16
81 72
81 71
81 58
81 34
81 49
81 0
81 52
81 73
81 110
81 6
81 74
81 93
81 65
81 30
15 86
15 107
15 89
15 28
15 88
15 3
15 63
15 41
15 117
15 53
15 62
15 26
15 115
15 22
15 16
15 94
15 72
15 71
15 34
15 49
15 78
15 0
15 52
15 73
15 119
15 6
15 74
15 93
15 30
15 84
86 89
86 28
86 3
86 42
86 63
86 117
86 53
86 62
86 26
86 115
86 22
86 90
86 16
86 94
86 71
86 58
86 34
86 49
86 0
86 73
86 110
86 74
86 93
86 30
86 84
107 89
107 28
107 3
107 42
107 63
107 41
107 117
107 18
107 53
107 62
107 26
107 115
107 22
107 90
107 16
107 94
107 72
107 71
107 58
107 34
107 11
107 78
107 0
107 52
107 73
107 119
107 6
107 74
107 93
107 30
89 28
89 88
89 3
89 63
89 41
89 117
89 18
89 53
89 62
89 26
89 115
89 22
89 90
89 16
89 94
89 72
89 58
89 34
89 11
89 78
89 73
89 119
89 6
89 74
89 65
89 30
89 84
28 3
28 42
28 63
28 41
28 18
28 53
28 26
28 115
28 22
28 16
28 94
28 72
28 71
28 58
28 34
28 11
28 78
28 73
28 119
28 110
28 6
28 74
28 65
28 30
28 84
88 3
88 42
88 63
88 117
88 53
88 26
88 22
88 90
88 94
88 72
88 71
88 58
88 34
88 11
88 0
88 73
88 119
88 110
88 6
88 74
88 30
88 84
3 63
3 41
3 117
3 18
3 62
3 26
3 115
3 22
3 90
3 16
3 94
3 71
3 58
3 34
3 49
3 78
3 0
3 52
3 73
3 119
3 110
3 74
3 65
3 84
42 63
42 117
42 18
42 53
42 62
42 115
42 22
42 90
42 16
42 94
42 72
42 71
42 58
42 34
42 11
42 78
42 0
42 52
42 73
42 119
42 110
42 6
42 93
42 30
42 84
63 41
63 18
63 53
63 26
63 22
63 90
63 16
63 94
63 72
63 71
63 34
63 49
63 11
63 78
63 0
63 119
63 6
63 74
63 93
63 65
41 117
41 53
41 62
41 26
41 22
41 90
41 16
41 94
41 71
41 34
41 49
41 52
41 73
41 119
41 110
41 6
41 74
41 93
41 65
41 30
41 84
117 18
117 62
117 26
117 115
117 22
117 90
117 16
117 94
117 72
117 71
117 58
117 34
117 49
117 78
117 0
117 52
117 119
117 110
117 6
117 74
117 93
117 65
117 84
18 53
18 62
18 115
18 22
18 90
18 16
18 94
18 72
18 71
18 34
18 49
18 78
18 0
18 52
18 73
18 119
18 6
18 74
18 93
18 30
53 62
53 26
53 115
53 22
53 90
53 16
53 94
53 72
53 71
53 34
53 49
53 11
53 78
53 0
53 52
53 119
53 110
53 6
53 74
53 93
53 65
53 30
53 84
62 26
62 115
62 22
62 90
62 16
62 94
62 72
62 34
62 52
62 73
62 119
62 110
62 6
62 74
62 30
62 84
26 115
26 22
26 90
26 16
26 94
26 71
26 58
26 34
26 0
26 52
26 119
26 110
26 6
26 74
26 93
26 65
26 30
26 84
115 22
115 90
115 16
115 94
115 71
115 58
115 49
115 11
115 0
115 52
115 119
115 110
115 6
115 65
115 30
22 90
22 16
22 94
22 72
22 71
22 34
22 49
22 11
22 78
22 0
22 52
22 73
22 119
22 110
22 6
22 93
22 65
22 30
90 94
90 72
90 58
90 34
90 49
90 11
90 78
90 0
90 52
90 73
90 119
90 110
90 6
90 93
90 84
16 71
16 58
16 34
16 49
16 11
16 0
16 52
16 73
16 6
16 93
16 65
16 30
16 84
94 72
94 71
94 58
94 34
94 49
94 11
94 78
94 0
94 52
94 73
94 119
94 110
94 65
94 30
94 84
72 34
72 49
72 78
72 0
72 52
72 73
72 119
72 110
72 6
72 74
72 93
72 65
72 84
71 58
71 34
71 49
71 11
71 78
71 0
71 52
71 73
71 119
71 110
71 6
71 74
71 93
71 65
71 30
71 84
58 34
58 49
58 11
58 78
58 0
58 52
58 73
58 119
58 6
58 93
58 65
58 30
58 84
34 49
34 11
34 78
34 0
34 52
34 73
34 119
34 110
34 74
34 93
34 65
34 30
49 78
49 0
49 52
49 73
49 119
49 110
49 6
49 74
49 93
49 65
49 30
49 84
11 78
11 0
11 52
11 73
11 119
11 110
11 6
11 74
11 93
11 65
11 30
11 84
78 0
78 52
78 73
78 110
78 6
78 74
78 93
78 30
78 84
0 52
0 73
0 6
0 74
0 93
0 65
0 30
0 84
52 73
52 6
52 74
52 93
52 65
52 30
52 84
73 6
73 74
73 65
73 30
73 84
119 110
119 65
119 30
119 84
110 74
110 65
110 30
110 84
6 65
6 30
74 93
74 65
74 30
74 84
93 65
93 84
65 30
65 84
30 84
