*verties 96
28
79
69
107
72
82
46
37
103
13
1
40
5
112
76
25
97
61
104
100
50
22
119
81
42
85
109
31
51
78
15
111
21
60
56
12
83
105
14
91
6
47
59
38
98
16
9
80
90
4
33
27
44
53
99
88
19
89
58
84
2
118
62
66
71
34
106
49
8
3
93
55
115
74
64
48
57
113
0
39
95
10
54
35
86
117
67
24
52
87
101
23
20
45
41
73
*edges 
28 56
28 6
28 57
28 67
79 47
79 66
79 57
79 0
79 101
69 54
107 13
107 1
107 80
107 4
107 58
107 84
107 71
107 49
107 54
107 86
72 12
72 105
82 16
82 66
82 8
82 3
46 1
46 89
46 118
46 64
37 21
37 6
37 35
103 61
103 42
103 105
103 10
103 35
13 104
13 119
13 111
13 90
13 55
1 45
40 39
40 10
40 101
5 112
5 104
5 51
5 60
5 83
5 27
5 49
5 48
5 52
112 105
112 91
112 4
112 44
112 53
112 49
112 101
76 100
76 85
76 59
76 4
76 89
25 105
25 4
25 99
97 61
97 51
97 87
61 100
61 78
61 12
61 38
61 48
61 10
61 54
61 73
104 6
104 27
104 53
104 49
104 52
104 101
100 6
100 80
100 4
100 33
100 88
100 55
100 23
50 51
50 6
50 86
22 31
22 47
22 98
22 44
22 2
22 55
22 67
119 105
119 59
119 9
119 44
81 4
81 34
81 35
81 41
42 59
42 84
42 55
42 95
42 73
85 105
85 49
109 111
109 21
109 59
109 33
109 62
109 93
109 113
109 0
109 117
109 101
31 80
31 27
31 62
31 0
31 35
31 117
51 59
51 84
51 3
51 0
51 67
51 101
78 106
78 23
78 41
15 3
111 83
111 91
111 34
111 55
111 48
111 117
111 87
21 106
60 53
60 64
60 48
60 20
56 16
56 44
12 53
12 23
12 73
83 66
83 101
83 23
105 59
105 71
105 34
105 115
105 39
105 54
14 49
14 101
91 8
91 64
91 35
6 90
6 4
6 54
47 59
59 90
59 66
59 8
59 3
59 115
59 101
59 73
38 58
38 66
38 55
98 80
98 62
98 93
98 55
98 74
98 24
16 19
16 89
16 67
9 89
9 66
9 57
9 101
80 49
80 93
80 95
4 99
4 19
4 84
33 88
33 2
27 84
27 62
27 67
44 8
44 55
44 48
44 67
53 86
99 3
99 52
99 23
99 41
88 118
88 115
88 95
88 67
88 41
19 113
89 52
58 49
58 54
58 86
58 20
58 41
58 73
84 8
84 20
2 66
2 35
2 86
2 117
2 24
118 55
62 3
62 52
62 41
66 93
71 106
71 24
34 45
106 93
49 10
49 86
49 87
49 101
49 45
49 41
8 57
8 10
93 48
55 48
55 54
55 117
48 54
57 23
113 10
113 87
0 23
39 67
95 45
54 67
54 73
117 101
117 45
67 23
24 87
87 23
23 45
