*verties 113
60
49
110
55
95
101
38
52
116
43
81
104
56
96
35
27
86
22
28
113
34
20
24
103
69
112
19
37
89
72
53
98
41
13
114
8
5
48
46
21
71
105
85
9
93
12
26
75
58
64
99
90
25
14
1
115
33
106
2
92
11
59
77
7
117
119
68
100
42
97
16
6
36
15
88
31
0
108
83
80
70
66
76
10
118
29
3
23
47
17
65
57
50
51
45
18
63
102
84
91
74
67
39
78
62
40
107
79
61
30
94
82
111
*edges 
60 96
60 112
60 114
60 85
60 93
60 90
60 88
60 0
60 17
60 57
60 111
49 20
49 46
49 64
49 33
49 102
49 30
110 101
110 5
110 85
110 10
110 47
110 18
55 22
55 20
55 37
55 9
55 14
55 2
55 7
55 97
55 70
55 17
95 35
95 20
95 37
95 105
95 90
95 36
95 80
95 50
95 78
101 113
101 20
101 41
101 85
101 92
101 88
101 108
101 18
101 63
101 84
38 35
38 28
38 46
38 64
38 90
38 29
38 65
38 45
52 96
52 103
52 114
52 12
52 58
52 59
52 119
52 36
52 31
52 76
52 65
52 50
52 91
52 40
116 53
116 14
116 47
116 17
116 40
43 98
43 58
43 64
43 1
43 115
43 36
43 66
43 3
43 17
43 18
43 102
81 104
81 7
81 117
81 100
81 84
104 37
104 21
104 9
104 64
104 106
104 42
104 50
104 91
104 94
56 112
56 13
56 75
56 99
56 2
56 76
56 47
56 18
96 35
96 22
96 113
96 9
96 2
96 36
96 108
96 76
96 102
35 34
35 98
35 8
35 99
35 11
35 42
35 102
35 39
35 78
27 113
27 24
27 103
27 89
27 33
27 29
27 50
86 113
86 12
86 1
86 59
86 39
22 59
22 68
22 6
22 82
28 24
28 21
28 90
28 14
28 1
28 11
28 59
28 17
28 45
113 13
113 16
113 31
113 23
34 37
34 71
34 90
34 118
34 50
34 45
34 94
20 72
20 13
20 26
20 25
20 106
20 11
20 78
20 111
24 112
24 114
24 105
24 83
24 62
103 63
103 78
103 40
69 14
69 68
69 6
69 17
69 51
69 63
69 78
69 30
112 13
112 21
112 59
112 77
112 67
112 94
19 46
19 92
19 108
19 80
19 10
19 57
19 51
19 84
19 107
37 51
89 93
89 58
89 106
89 11
89 100
89 17
72 105
72 68
72 80
72 3
72 17
72 39
72 107
72 94
72 111
53 2
53 42
53 65
98 11
98 29
98 3
98 57
98 39
98 30
41 33
41 11
41 77
13 108
13 76
13 111
114 93
114 25
114 2
114 92
114 117
114 42
114 97
114 88
114 83
114 47
114 18
114 78
114 111
8 99
8 1
8 68
8 83
8 118
8 3
8 107
5 59
5 42
5 16
5 108
5 80
5 30
48 58
48 80
48 76
48 102
46 88
46 62
21 12
21 14
21 33
21 108
21 111
71 105
71 11
71 68
71 100
71 42
71 108
71 118
71 51
105 118
105 65
105 62
105 94
85 93
85 64
85 115
85 119
85 42
85 88
85 31
85 29
85 82
9 36
9 39
9 78
93 14
93 10
12 2
12 7
12 6
12 83
12 51
12 79
12 82
26 90
26 25
26 68
26 107
26 82
75 115
75 7
75 16
75 102
75 62
58 2
58 97
58 31
58 50
64 99
64 2
64 92
64 59
64 16
64 88
64 76
64 29
64 23
64 50
64 18
64 39
99 90
99 92
99 66
99 47
99 65
99 45
99 111
90 88
90 29
90 47
90 63
25 65
25 67
14 0
14 108
14 74
14 40
1 33
1 3
1 102
115 66
115 3
115 51
115 40
33 0
33 108
33 66
106 77
106 119
106 100
106 83
106 45
106 102
2 92
2 59
2 36
2 70
2 57
2 62
2 82
92 59
92 68
92 15
92 108
92 3
92 51
92 91
92 78
92 61
11 59
11 119
11 76
59 117
59 97
59 31
59 23
59 62
77 50
77 84
77 67
7 16
7 0
7 84
7 111
117 18
117 107
119 68
119 88
119 0
119 83
119 3
119 50
68 83
68 63
68 40
100 108
100 80
100 67
42 51
97 29
97 78
16 23
16 47
16 65
16 61
6 78
36 118
36 3
36 18
36 82
15 102
15 84
88 108
88 70
88 23
88 45
88 61
31 108
31 51
31 45
31 63
31 67
31 61
0 78
108 30
83 17
83 102
83 91
83 67
83 78
83 30
83 111
80 118
80 29
80 65
66 118
66 3
66 18
66 107
76 10
76 45
76 107
10 17
10 102
10 94
118 23
118 47
29 3
29 17
29 65
29 84
29 78
29 94
3 45
3 74
3 30
23 65
23 39
47 65
47 67
57 78
57 40
50 102
45 74
45 78
45 62
45 107
91 30
74 79
78 30
78 111
62 40
79 30
