*verties 117
95
108
83
8
76
38
78
58
26
15
23
60
101
90
114
84
119
73
21
116
7
92
2
74
24
103
107
5
33
82
55
20
3
53
46
6
12
64
51
112
117
65
0
37
50
44
87
47
70
14
28
59
75
22
54
32
19
16
91
102
67
63
39
97
61
115
56
110
118
13
106
35
34
81
69
10
77
72
96
48
105
1
52
111
104
27
88
30
25
18
57
98
29
99
4
66
62
80
100
31
45
36
43
68
85
94
113
71
49
9
17
42
86
11
93
109
79
*edges 
95 83
95 8
95 76
95 38
95 78
95 58
95 15
95 23
95 60
95 101
95 90
95 114
95 119
95 73
95 21
95 116
95 7
95 92
95 2
95 74
95 24
95 103
95 107
95 82
95 55
95 20
95 6
95 12
95 64
95 51
95 112
95 65
95 0
95 50
95 44
95 87
95 47
95 14
95 28
95 59
95 22
95 32
95 19
95 16
95 91
95 102
95 67
95 39
95 97
95 110
95 118
95 13
95 35
95 34
95 69
95 77
95 72
95 96
95 48
95 105
95 1
95 52
95 104
95 27
95 88
95 30
95 25
95 18
95 57
95 98
95 4
95 62
95 80
95 100
95 31
95 68
95 94
95 113
95 71
95 49
95 17
95 42
95 11
95 93
95 109
108 83
108 8
108 76
108 78
108 58
108 26
108 15
108 23
108 101
108 90
108 114
108 119
108 73
108 21
108 116
108 7
108 92
108 2
108 74
108 24
108 103
108 107
108 33
108 82
108 55
108 20
108 3
108 46
108 6
108 12
108 64
108 112
108 117
108 65
108 0
108 37
108 44
108 87
108 70
108 14
108 59
108 75
108 54
108 32
108 19
108 91
108 67
108 63
108 97
108 61
108 115
108 110
108 118
108 13
108 81
108 69
108 10
108 77
108 72
108 96
108 48
108 105
108 1
108 52
108 104
108 27
108 88
108 25
108 57
108 98
108 99
108 62
108 80
108 100
108 31
108 45
108 36
108 43
108 68
108 85
108 94
108 113
108 71
108 49
108 9
108 17
108 42
108 86
108 11
108 109
108 79
83 76
83 38
83 78
83 26
83 15
83 90
83 84
83 119
83 73
83 21
83 116
83 7
83 92
83 2
83 74
83 24
83 107
83 33
83 55
83 20
83 3
83 46
83 6
83 65
83 0
83 37
83 50
83 44
83 87
83 47
83 28
83 75
83 54
83 32
83 19
83 16
83 91
83 102
83 63
83 39
83 97
83 61
83 115
83 56
83 110
83 118
83 34
83 81
83 69
83 10
83 77
83 72
83 48
83 1
83 104
83 27
83 30
83 25
83 98
83 62
83 80
83 100
83 31
83 45
83 43
83 85
83 94
83 113
83 49
83 42
83 86
83 11
83 93
83 109
83 79
8 76
8 38
8 58
8 26
8 15
8 23
8 60
8 101
8 90
8 84
8 119
8 116
8 7
8 92
8 2
8 74
8 24
8 103
8 107
8 5
8 33
8 55
8 20
8 3
8 53
8 46
8 6
8 64
8 51
8 112
8 117
8 65
8 0
8 50
8 87
8 47
8 70
8 28
8 59
8 75
8 22
8 54
8 32
8 16
8 91
8 67
8 39
8 97
8 61
8 56
8 110
8 118
8 106
8 35
8 34
8 10
8 48
8 111
8 104
8 27
8 88
8 30
8 25
8 18
8 57
8 98
8 29
8 99
8 4
8 62
8 80
8 31
8 45
8 36
8 85
8 94
8 113
8 49
8 9
8 86
8 11
8 93
8 109
8 79
76 26
76 15
76 23
76 90
76 114
76 84
76 119
76 73
76 21
76 116
76 7
76 92
76 74
76 5
76 33
76 82
76 55
76 20
76 3
76 53
76 46
76 12
76 112
76 117
76 65
76 50
76 44
76 47
76 70
76 28
76 59
76 22
76 54
76 32
76 19
76 16
76 102
76 67
76 63
76 39
76 97
76 115
76 56
76 110
76 118
76 106
76 35
76 34
76 81
76 69
76 10
76 77
76 105
76 1
76 52
76 111
76 104
76 27
76 29
76 99
76 4
76 62
76 80
76 100
76 31
76 36
76 68
76 94
76 113
76 49
76 9
76 17
76 42
76 86
76 11
76 93
76 109
76 79
38 58
38 26
38 15
38 60
38 101
38 90
38 114
38 84
38 119
38 73
38 21
38 7
38 92
38 2
38 103
38 107
38 5
38 33
38 82
38 55
38 3
38 53
38 12
38 64
38 51
38 112
38 117
38 65
38 50
38 44
38 87
38 47
38 70
38 14
38 28
38 59
38 75
38 22
38 54
38 32
38 19
38 16
38 91
38 102
38 67
38 39
38 97
38 61
38 115
38 56
38 110
38 118
38 13
38 34
38 81
38 69
38 77
38 96
38 48
38 105
38 1
38 52
38 111
38 104
38 27
38 88
38 30
38 25
38 57
38 29
38 99
38 4
38 66
38 62
38 80
38 31
38 45
38 36
38 43
38 68
38 85
38 94
38 113
38 71
38 17
38 86
38 11
38 93
38 109
78 58
78 26
78 15
78 101
78 90
78 114
78 119
78 73
78 21
78 7
78 92
78 2
78 74
78 24
78 33
78 82
78 53
78 46
78 6
78 12
78 64
78 51
78 112
78 117
78 65
78 0
78 50
78 44
78 87
78 47
78 70
78 14
78 28
78 59
78 75
78 22
78 54
78 91
78 102
78 67
78 97
78 61
78 115
78 56
78 110
78 118
78 13
78 35
78 81
78 69
78 10
78 77
78 72
78 96
78 105
78 1
78 52
78 111
78 88
78 30
78 25
78 18
78 57
78 98
78 29
78 99
78 4
78 66
78 80
78 100
78 31
78 45
78 68
78 85
78 94
78 113
78 71
78 49
78 9
78 17
78 42
78 86
78 11
78 93
78 109
78 79
58 26
58 15
58 23
58 60
58 101
58 90
58 119
58 73
58 7
58 92
58 2
58 74
58 103
58 107
58 5
58 33
58 82
58 55
58 20
58 3
58 53
58 46
58 6
58 12
58 64
58 51
58 112
58 117
58 50
58 44
58 47
58 70
58 14
58 28
58 75
58 22
58 32
58 19
58 16
58 91
58 102
58 39
58 97
58 61
58 115
58 56
58 110
58 118
58 106
58 34
58 81
58 10
58 77
58 96
58 52
58 111
58 104
58 27
58 30
58 25
58 98
58 29
58 99
58 4
58 66
58 62
58 80
58 100
58 31
58 45
58 36
58 43
58 68
58 85
58 94
58 113
58 71
58 9
58 17
58 93
58 109
26 60
26 101
26 90
26 84
26 73
26 21
26 116
26 7
26 92
26 74
26 24
26 103
26 33
26 20
26 3
26 53
26 6
26 12
26 64
26 51
26 112
26 117
26 65
26 0
26 37
26 50
26 44
26 59
26 75
26 22
26 54
26 32
26 19
26 16
26 91
26 102
26 39
26 61
26 115
26 56
26 110
26 118
26 13
26 106
26 35
26 34
26 81
26 69
26 10
26 77
26 72
26 96
26 48
26 1
26 52
26 30
26 57
26 98
26 29
26 99
26 4
26 80
26 100
26 31
26 45
26 36
26 43
26 85
26 71
26 49
26 9
26 17
26 42
26 86
26 11
26 109
26 79
15 23
15 60
15 101
15 90
15 84
15 119
15 73
15 21
15 116
15 92
15 74
15 24
15 103
15 107
15 5
15 33
15 82
15 55
15 20
15 3
15 6
15 12
15 112
15 117
15 65
15 0
15 37
15 44
15 87
15 47
15 70
15 14
15 28
15 75
15 32
15 19
15 16
15 91
15 67
15 63
15 61
15 115
15 56
15 110
15 118
15 13
15 106
15 35
15 34
15 81
15 69
15 10
15 77
15 72
15 48
15 105
15 1
15 52
15 111
15 104
15 27
15 88
15 30
15 25
15 18
15 57
15 98
15 29
15 99
15 66
15 62
15 80
15 45
15 36
15 43
15 68
15 85
15 113
15 49
15 42
15 93
15 109
15 79
23 60
23 101
23 90
23 114
23 84
23 119
23 21
23 7
23 92
23 74
23 24
23 103
23 107
23 5
23 33
23 82
23 55
23 20
23 53
23 46
23 12
23 64
23 51
23 112
23 117
23 65
23 0
23 37
23 50
23 44
23 87
23 47
23 28
23 59
23 75
23 22
23 54
23 32
23 67
23 63
23 39
23 97
23 61
23 56
23 110
23 13
23 106
23 35
23 34
23 81
23 69
23 77
23 96
23 48
23 52
23 27
23 88
23 98
23 29
23 99
23 4
23 66
23 62
23 80
23 100
23 45
23 43
23 68
23 85
23 113
23 71
23 49
23 9
23 17
23 42
23 86
23 11
23 109
23 79
60 101
60 90
60 114
60 84
60 119
60 73
60 21
60 116
60 92
60 2
60 24
60 103
60 107
60 5
60 33
60 82
60 55
60 20
60 3
60 53
60 46
60 6
60 12
60 51
60 112
60 117
60 0
60 37
60 50
60 44
60 70
60 14
60 28
60 59
60 75
60 54
60 32
60 19
60 16
60 91
60 67
60 39
60 97
60 61
60 115
60 56
60 118
60 13
60 35
60 34
60 69
60 10
60 77
60 72
60 96
60 48
60 105
60 1
60 52
60 111
60 27
60 30
60 25
60 18
60 57
60 29
60 99
60 4
60 80
60 100
60 31
60 36
60 43
60 68
60 85
60 71
60 49
60 9
60 17
60 42
60 86
60 11
60 109
60 79
101 90
101 114
101 84
101 21
101 7
101 92
101 2
101 74
101 24
101 103
101 107
101 5
101 33
101 82
101 55
101 20
101 3
101 53
101 46
101 12
101 64
101 51
101 0
101 37
101 50
101 44
101 87
101 47
101 70
101 14
101 75
101 54
101 16
101 102
101 63
101 39
101 97
101 61
101 56
101 110
101 118
101 13
101 106
101 35
101 34
101 81
101 69
101 72
101 96
101 105
101 1
101 52
101 104
101 27
101 88
101 25
101 57
101 98
101 29
101 4
101 66
101 62
101 80
101 31
101 45
101 43
101 68
101 85
101 113
101 9
101 17
101 42
101 11
101 93
101 109
90 114
90 84
90 119
90 73
90 7
90 92
90 2
90 74
90 24
90 107
90 33
90 82
90 20
90 3
90 53
90 46
90 6
90 12
90 64
90 112
90 117
90 65
90 0
90 37
90 50
90 44
90 47
90 70
90 14
90 28
90 75
90 22
90 32
90 19
90 16
90 102
90 67
90 63
90 97
90 61
90 115
90 56
90 110
90 118
90 13
90 35
90 34
90 81
90 69
90 10
90 72
90 96
90 48
90 105
90 1
90 52
90 111
90 27
90 30
90 25
90 18
90 99
90 66
90 62
90 100
90 45
90 36
90 43
90 85
90 113
90 71
90 49
90 42
90 86
90 11
90 93
114 84
114 119
114 73
114 7
114 92
114 2
114 74
114 103
114 107
114 5
114 33
114 55
114 12
114 64
114 112
114 117
114 65
114 0
114 37
114 50
114 44
114 87
114 47
114 70
114 59
114 75
114 22
114 32
114 19
114 91
114 63
114 39
114 97
114 61
114 115
114 118
114 13
114 34
114 81
114 69
114 10
114 77
114 72
114 96
114 48
114 52
114 104
114 88
114 57
114 99
114 4
114 62
114 80
114 100
114 31
114 45
114 36
114 43
114 68
114 85
114 71
114 17
114 86
114 11
114 109
114 79
84 119
84 73
84 21
84 7
84 92
84 2
84 24
84 103
84 107
84 5
84 55
84 20
84 53
84 46
84 6
84 12
84 112
84 0
84 50
84 70
84 14
84 28
84 59
84 75
84 54
84 32
84 19
84 16
84 67
84 63
84 39
84 97
84 61
84 115
84 56
84 110
84 118
84 106
84 35
84 69
84 10
84 77
84 72
84 96
84 48
84 1
84 111
84 27
84 88
84 30
84 25
84 18
84 57
84 99
84 4
84 66
84 62
84 80
84 100
84 31
84 45
84 36
84 43
84 85
84 113
84 71
84 49
84 17
84 42
84 86
84 93
84 109
84 79
119 21
119 7
119 2
119 74
119 24
119 103
119 107
119 5
119 33
119 82
119 55
119 3
119 53
119 46
119 6
119 12
119 64
119 112
119 117
119 65
119 0
119 37
119 50
119 47
119 70
119 59
119 75
119 54
119 32
119 19
119 67
119 39
119 97
119 61
119 115
119 56
119 110
119 118
119 106
119 34
119 81
119 69
119 10
119 72
119 96
119 48
119 105
119 27
119 88
119 30
119 25
119 57
119 29
119 99
119 4
119 62
119 80
119 100
119 45
119 36
119 43
119 68
119 85
119 113
119 71
119 49
119 9
119 17
119 79
73 116
73 7
73 92
73 74
73 24
73 103
73 107
73 5
73 82
73 20
73 3
73 53
73 6
73 12
73 64
73 51
73 112
73 117
73 65
73 37
73 87
73 47
73 70
73 28
73 59
73 75
73 54
73 32
73 19
73 16
73 91
73 102
73 67
73 39
73 97
73 115
73 56
73 110
73 118
73 13
73 35
73 34
73 69
73 10
73 77
73 72
73 96
73 48
73 105
73 52
73 111
73 104
73 27
73 30
73 18
73 57
73 29
73 99
73 4
73 62
73 80
73 100
73 31
73 45
73 36
73 43
73 68
73 71
73 9
73 17
73 42
73 86
73 93
73 109
21 116
21 7
21 92
21 2
21 74
21 103
21 107
21 33
21 82
21 55
21 53
21 46
21 6
21 12
21 64
21 51
21 112
21 117
21 65
21 0
21 37
21 50
21 44
21 87
21 47
21 70
21 28
21 59
21 75
21 22
21 54
21 32
21 16
21 91
21 102
21 39
21 97
21 61
21 56
21 110
21 118
21 13
21 35
21 34
21 81
21 69
21 10
21 77
21 72
21 96
21 48
21 105
21 1
21 52
21 111
21 104
21 27
21 88
21 30
21 25
21 57
21 29
21 80
21 100
21 31
21 45
21 36
21 43
21 68
21 85
21 94
21 113
21 71
21 49
21 9
21 17
21 42
21 86
21 79
116 2
116 24
116 107
116 5
116 33
116 82
116 55
116 20
116 3
116 53
116 46
116 6
116 12
116 64
116 51
116 117
116 37
116 50
116 44
116 70
116 28
116 59
116 75
116 22
116 32
116 19
116 102
116 67
116 39
116 61
116 115
116 56
116 110
116 118
116 106
116 35
116 34
116 69
116 72
116 48
116 1
116 52
116 111
116 104
116 88
116 30
116 25
116 18
116 57
116 29
116 99
116 4
116 62
116 80
116 100
116 31
116 36
116 43
116 68
116 85
116 113
116 71
116 49
116 17
116 42
116 86
116 11
116 93
116 79
7 92
7 2
7 74
7 24
7 103
7 107
7 5
7 33
7 3
7 46
7 6
7 12
7 51
7 112
7 117
7 65
7 0
7 37
7 50
7 44
7 87
7 47
7 70
7 14
7 28
7 59
7 75
7 22
7 54
7 32
7 19
7 16
7 102
7 67
7 63
7 39
7 97
7 115
7 56
7 110
7 118
7 13
7 106
7 35
7 69
7 10
7 96
7 105
7 1
7 111
7 104
7 25
7 18
7 98
7 29
7 99
7 4
7 66
7 62
7 31
7 45
7 36
7 43
7 68
7 94
7 113
7 49
7 9
7 17
7 42
7 86
7 11
7 93
7 109
7 79
92 2
92 74
92 24
92 103
92 107
92 33
92 20
92 3
92 53
92 46
92 6
92 12
92 64
92 51
92 117
92 65
92 0
92 44
92 47
92 70
92 14
92 28
92 54
92 32
92 16
92 91
92 102
92 67
92 63
92 39
92 97
92 61
92 115
92 56
92 110
92 118
92 13
92 35
92 34
92 10
92 77
92 72
92 96
92 105
92 52
92 30
92 18
92 57
92 98
92 29
92 99
92 4
92 66
92 80
92 100
92 31
92 45
92 43
92 94
92 113
92 42
92 86
92 93
92 109
2 74
2 24
2 103
2 107
2 5
2 33
2 46
2 6
2 12
2 117
2 65
2 0
2 37
2 47
2 70
2 14
2 59
2 75
2 22
2 54
2 32
2 19
2 16
2 91
2 102
2 39
2 97
2 61
2 115
2 56
2 110
2 118
2 13
2 106
2 81
2 69
2 10
2 77
2 72
2 96
2 1
2 52
2 104
2 30
2 25
2 18
2 57
2 98
2 29
2 66
2 62
2 80
2 100
2 31
2 45
2 43
2 68
2 85
2 94
2 113
2 71
2 49
2 9
2 42
2 86
2 11
2 93
2 109
2 79
74 24
74 107
74 5
74 82
74 20
74 3
74 46
74 12
74 64
74 51
74 112
74 117
74 65
74 0
74 37
74 50
74 44
74 87
74 28
74 59
74 22
74 54
74 32
74 19
74 16
74 91
74 102
74 67
74 63
74 39
74 115
74 56
74 110
74 118
74 106
74 35
74 34
74 81
74 10
74 72
74 105
74 1
74 111
74 104
74 27
74 88
74 30
74 25
74 18
74 57
74 98
74 29
74 99
74 4
74 80
74 45
74 36
74 43
74 68
74 85
74 113
74 71
74 49
74 9
74 42
74 11
74 93
74 79
24 107
24 5
24 82
24 3
24 12
24 64
24 51
24 117
24 65
24 0
24 37
24 50
24 44
24 87
24 47
24 28
24 75
24 54
24 19
24 16
24 91
24 97
24 115
24 56
24 110
24 118
24 13
24 106
24 34
24 81
24 10
24 77
24 72
24 96
24 48
24 1
24 52
24 104
24 27
24 88
24 30
24 25
24 18
24 98
24 29
24 4
24 66
24 80
24 31
24 36
24 43
24 94
24 113
24 71
24 49
24 9
24 17
24 11
24 93
24 109
24 79
103 5
103 33
103 82
103 55
103 20
103 3
103 53
103 46
103 6
103 12
103 64
103 117
103 65
103 0
103 37
103 50
103 44
103 87
103 47
103 28
103 75
103 22
103 32
103 19
103 16
103 91
103 102
103 63
103 39
103 61
103 115
103 56
103 110
103 118
103 35
103 34
103 81
103 10
103 77
103 96
103 105
103 1
103 52
103 111
103 104
103 27
103 88
103 30
103 25
103 18
103 57
103 4
103 62
103 80
103 100
103 31
103 45
103 36
103 43
103 68
103 94
103 113
103 71
103 49
103 9
103 17
103 42
103 86
103 11
103 109
103 79
107 5
107 33
107 82
107 20
107 3
107 53
107 46
107 6
107 12
107 64
107 51
107 112
107 117
107 65
107 0
107 37
107 50
107 87
107 47
107 70
107 14
107 28
107 59
107 32
107 19
107 16
107 91
107 63
107 97
107 61
107 56
107 110
107 118
107 13
107 106
107 35
107 34
107 81
107 69
107 10
107 77
107 72
107 96
107 48
107 1
107 111
107 27
107 88
107 25
107 57
107 98
107 66
107 62
107 100
107 36
107 43
107 68
107 85
107 94
107 113
107 49
107 9
107 86
107 11
107 93
107 79
5 33
5 20
5 53
5 46
5 6
5 12
5 64
5 51
5 112
5 117
5 37
5 50
5 87
5 47
5 70
5 14
5 28
5 59
5 22
5 19
5 16
5 102
5 67
5 63
5 39
5 61
5 115
5 56
5 110
5 118
5 13
5 106
5 35
5 69
5 10
5 77
5 96
5 1
5 111
5 88
5 25
5 18
5 57
5 98
5 29
5 99
5 66
5 62
5 80
5 100
5 31
5 45
5 36
5 43
5 68
5 85
5 94
5 113
5 71
5 9
5 42
5 86
5 11
5 109
5 79
33 55
33 20
33 3
33 53
33 46
33 12
33 64
33 51
33 112
33 117
33 0
33 50
33 44
33 87
33 47
33 70
33 59
33 75
33 22
33 54
33 16
33 91
33 102
33 67
33 63
33 39
33 97
33 115
33 56
33 110
33 118
33 13
33 106
33 35
33 10
33 77
33 96
33 105
33 1
33 52
33 104
33 27
33 88
33 30
33 25
33 99
33 4
33 66
33 62
33 80
33 100
33 31
33 45
33 36
33 43
33 94
33 113
33 71
33 17
33 42
33 86
33 109
33 79
82 55
82 20
82 3
82 46
82 6
82 12
82 64
82 51
82 117
82 65
82 37
82 50
82 44
82 87
82 47
82 14
82 28
82 59
82 75
82 54
82 32
82 19
82 16
82 91
82 102
82 63
82 39
82 61
82 110
82 118
82 106
82 35
82 81
82 69
82 10
82 77
82 96
82 48
82 1
82 52
82 104
82 27
82 88
82 30
82 57
82 98
82 99
82 4
82 66
82 100
82 31
82 45
82 36
82 43
82 68
82 85
82 94
82 113
82 71
82 49
82 9
82 17
82 42
82 86
82 93
82 79
55 3
55 6
55 12
55 64
55 112
55 65
55 50
55 44
55 87
55 70
55 14
55 28
55 59
55 75
55 22
55 54
55 32
55 19
55 16
55 91
55 102
55 67
55 39
55 97
55 61
55 56
55 13
55 106
55 35
55 34
55 10
55 77
55 72
55 96
55 48
55 105
55 1
55 52
55 27
55 88
55 30
55 25
55 18
55 57
55 98
55 99
55 4
55 66
55 62
55 80
55 100
55 31
55 45
55 36
55 43
55 68
55 94
55 49
55 9
55 17
55 42
55 86
55 93
55 109
55 79
20 53
20 46
20 6
20 12
20 64
20 65
20 0
20 37
20 50
20 44
20 87
20 70
20 14
20 28
20 59
20 75
20 22
20 54
20 19
20 91
20 102
20 67
20 63
20 39
20 115
20 110
20 118
20 13
20 106
20 81
20 69
20 96
20 48
20 105
20 1
20 52
20 111
20 27
20 88
20 25
20 18
20 57
20 29
20 4
20 66
20 62
20 80
20 31
20 45
20 43
20 68
20 85
20 94
20 49
20 9
20 17
20 86
20 11
20 93
20 79
3 53
3 46
3 6
3 64
3 112
3 65
3 0
3 37
3 50
3 44
3 70
3 14
3 28
3 59
3 75
3 54
3 19
3 16
3 91
3 102
3 63
3 39
3 97
3 61
3 115
3 56
3 110
3 118
3 13
3 106
3 35
3 34
3 81
3 69
3 10
3 72
3 96
3 48
3 105
3 52
3 111
3 27
3 88
3 30
3 25
3 57
3 4
3 66
3 62
3 80
3 100
3 45
3 36
3 43
3 68
3 85
3 113
3 49
3 9
3 17
3 42
3 86
3 11
3 93
3 109
3 79
53 46
53 6
53 64
53 51
53 112
53 117
53 0
53 37
53 50
53 44
53 47
53 70
53 14
53 59
53 75
53 22
53 54
53 32
53 19
53 91
53 102
53 63
53 39
53 97
53 61
53 118
53 13
53 106
53 35
53 81
53 69
53 10
53 77
53 72
53 96
53 48
53 105
53 52
53 111
53 88
53 30
53 18
53 57
53 98
53 29
53 99
53 66
53 62
53 100
53 31
53 45
53 36
53 43
53 85
53 94
53 113
53 71
53 49
53 9
53 17
53 11
53 93
53 109
53 79
46 6
46 12
46 64
46 112
46 65
46 0
46 50
46 44
46 47
46 70
46 14
46 28
46 59
46 75
46 22
46 54
46 32
46 16
46 91
46 102
46 67
46 63
46 39
46 97
46 61
46 56
46 110
46 118
46 13
46 106
46 35
46 69
46 77
46 96
46 105
46 1
46 111
46 104
46 88
46 25
46 18
46 57
46 4
46 66
46 62
46 80
46 100
46 45
46 68
46 85
46 94
46 113
46 42
46 86
46 93
46 109
46 79
6 12
6 51
6 112
6 117
6 65
6 37
6 50
6 44
6 87
6 47
6 70
6 14
6 28
6 59
6 75
6 22
6 54
6 19
6 16
6 91
6 63
6 39
6 97
6 61
6 115
6 56
6 110
6 118
6 13
6 106
6 35
6 34
6 81
6 69
6 10
6 77
6 72
6 96
6 48
6 105
6 1
6 52
6 111
6 104
6 27
6 88
6 18
6 57
6 98
6 29
6 66
6 62
6 100
6 31
6 45
6 43
6 85
6 94
6 113
6 71
6 49
6 9
6 42
6 86
6 11
6 93
12 64
12 51
12 117
12 65
12 0
12 50
12 44
12 87
12 47
12 28
12 75
12 54
12 32
12 91
12 102
12 67
12 63
12 61
12 115
12 56
12 110
12 13
12 34
12 81
12 69
12 77
12 72
12 96
12 105
12 1
12 52
12 111
12 104
12 27
12 88
12 30
12 25
12 57
12 29
12 99
12 4
12 66
12 62
12 80
12 31
12 45
12 36
12 43
12 94
12 113
12 49
12 9
12 42
12 86
12 109
12 79
64 51
64 112
64 117
64 65
64 0
64 37
64 44
64 87
64 14
64 28
64 59
64 75
64 22
64 54
64 32
64 19
64 16
64 91
64 102
64 67
64 39
64 97
64 61
64 115
64 56
64 110
64 118
64 13
64 106
64 35
64 34
64 69
64 10
64 77
64 105
64 52
64 111
64 104
64 27
64 88
64 30
64 25
64 18
64 57
64 98
64 29
64 99
64 4
64 66
64 62
64 80
64 100
64 31
64 36
64 43
64 94
64 71
64 9
64 17
64 42
64 11
64 93
64 109
64 79
51 112
51 117
51 65
51 50
51 87
51 47
51 70
51 14
51 28
51 59
51 75
51 22
51 54
51 32
51 16
51 91
51 102
51 63
51 39
51 61
51 115
51 56
51 110
51 118
51 34
51 81
51 69
51 10
51 72
51 96
51 48
51 105
51 1
51 52
51 111
51 104
51 88
51 30
51 57
51 98
51 29
51 99
51 4
51 62
51 31
51 36
51 43
51 68
51 85
51 94
51 71
51 49
51 17
51 42
51 86
51 11
51 79
112 117
112 0
112 50
112 87
112 47
112 14
112 28
112 59
112 75
112 22
112 32
112 16
112 67
112 39
112 97
112 61
112 115
112 110
112 118
112 13
112 106
112 34
112 69
112 77
112 72
112 48
112 105
112 1
112 52
112 111
112 27
112 30
112 25
112 18
112 57
112 29
112 99
112 66
112 62
112 100
112 31
112 68
112 85
112 71
112 9
112 17
112 42
112 86
112 93
112 109
112 79
117 0
117 37
117 50
117 87
117 70
117 14
117 28
117 75
117 22
117 54
117 32
117 16
117 91
117 102
117 67
117 63
117 39
117 56
117 106
117 35
117 34
117 81
117 69
117 10
117 72
117 48
117 105
117 52
117 111
117 30
117 25
117 18
117 29
117 99
117 4
117 62
117 31
117 36
117 43
117 68
117 113
117 49
117 9
117 17
117 42
117 79
65 50
65 44
65 87
65 70
65 14
65 28
65 75
65 32
65 19
65 16
65 102
65 67
65 63
65 39
65 61
65 115
65 56
65 13
65 35
65 34
65 81
65 69
65 77
65 72
65 96
65 105
65 1
65 52
65 111
65 104
65 27
65 88
65 30
65 25
65 18
65 57
65 98
65 29
65 99
65 4
65 66
65 62
65 80
65 100
65 31
65 45
65 85
65 71
65 49
65 9
65 17
65 42
65 86
65 11
65 79
0 37
0 50
0 87
0 47
0 70
0 14
0 28
0 59
0 75
0 22
0 32
0 16
0 91
0 102
0 67
0 63
0 39
0 61
0 115
0 56
0 110
0 118
0 13
0 106
0 35
0 34
0 81
0 69
0 10
0 72
0 105
0 1
0 104
0 27
0 88
0 30
0 18
0 57
0 98
0 29
0 99
0 4
0 66
0 62
0 80
0 31
0 45
0 36
0 43
0 68
0 85
0 94
0 113
0 71
0 49
0 9
0 17
0 86
0 93
0 109
0 79
37 47
37 70
37 14
37 28
37 59
37 75
37 54
37 32
37 19
37 16
37 91
37 102
37 63
37 39
37 97
37 61
37 115
37 56
37 110
37 118
37 13
37 106
37 35
37 34
37 81
37 69
37 77
37 96
37 48
37 105
37 1
37 111
37 104
37 27
37 30
37 25
37 57
37 98
37 99
37 66
37 62
37 80
37 31
37 45
37 36
37 68
37 85
37 94
37 71
37 17
37 42
37 86
37 93
37 79
50 14
50 59
50 75
50 54
50 32
50 19
50 91
50 102
50 67
50 61
50 115
50 110
50 118
50 106
50 35
50 34
50 81
50 77
50 72
50 96
50 48
50 105
50 1
50 52
50 104
50 88
50 30
50 25
50 57
50 98
50 29
50 99
50 4
50 62
50 80
50 100
50 31
50 45
50 36
50 43
50 85
50 94
50 113
50 71
50 49
50 17
50 42
50 86
50 93
50 109
50 79
44 87
44 47
44 70
44 14
44 28
44 59
44 75
44 22
44 54
44 32
44 16
44 91
44 67
44 97
44 61
44 56
44 110
44 118
44 106
44 35
44 34
44 81
44 69
44 10
44 77
44 96
44 48
44 105
44 1
44 52
44 88
44 30
44 57
44 98
44 29
44 99
44 4
44 62
44 80
44 31
44 36
44 43
44 85
44 113
44 49
44 17
44 42
44 86
44 11
44 93
44 109
44 79
87 47
87 14
87 28
87 59
87 75
87 54
87 19
87 102
87 67
87 63
87 39
87 115
87 56
87 110
87 13
87 106
87 34
87 81
87 10
87 72
87 96
87 48
87 105
87 52
87 104
87 27
87 88
87 30
87 25
87 18
87 98
87 29
87 99
87 4
87 66
87 62
87 80
87 45
87 36
87 43
87 85
87 94
87 113
87 71
87 49
87 9
87 17
87 42
87 86
87 11
87 93
87 109
47 70
47 14
47 75
47 22
47 32
47 19
47 16
47 102
47 67
47 63
47 39
47 115
47 13
47 35
47 34
47 81
47 10
47 72
47 96
47 48
47 52
47 111
47 104
47 27
47 88
47 30
47 25
47 57
47 29
47 99
47 4
47 62
47 80
47 100
47 45
47 36
47 68
47 94
47 113
47 71
47 49
47 9
47 17
47 42
47 11
47 93
47 109
47 79
70 14
70 28
70 22
70 54
70 32
70 19
70 91
70 102
70 67
70 63
70 97
70 115
70 56
70 110
70 118
70 13
70 35
70 34
70 81
70 69
70 77
70 72
70 96
70 48
70 105
70 1
70 52
70 104
70 27
70 88
70 30
70 25
70 18
70 57
70 29
70 4
70 66
70 62
70 31
70 45
70 36
70 43
70 68
70 94
70 113
70 49
70 9
70 42
70 11
70 109
70 79
14 75
14 22
14 54
14 32
14 19
14 16
14 91
14 67
14 63
14 39
14 97
14 56
14 110
14 118
14 13
14 35
14 81
14 10
14 72
14 105
14 52
14 111
14 88
14 30
14 25
14 18
14 57
14 80
14 100
14 45
14 68
14 94
14 113
14 71
14 49
14 9
14 42
14 86
14 93
14 79
28 75
28 22
28 19
28 16
28 91
28 63
28 39
28 97
28 61
28 115
28 56
28 118
28 106
28 35
28 34
28 81
28 69
28 10
28 77
28 72
28 96
28 105
28 1
28 52
28 111
28 104
28 27
28 30
28 57
28 98
28 29
28 4
28 80
28 31
28 45
28 36
28 43
28 68
28 85
28 94
28 113
28 71
28 49
28 9
28 17
28 86
59 22
59 54
59 32
59 19
59 16
59 102
59 67
59 63
59 39
59 97
59 61
59 115
59 56
59 110
59 118
59 13
59 106
59 35
59 34
59 81
59 69
59 10
59 72
59 96
59 48
59 1
59 52
59 111
59 88
59 30
59 25
59 18
59 57
59 98
59 29
59 99
59 4
59 66
59 62
59 100
59 45
59 36
59 43
59 68
59 85
59 94
59 113
59 49
59 9
59 17
59 42
59 86
59 11
59 93
59 109
59 79
75 22
75 54
75 19
75 16
75 102
75 67
75 63
75 39
75 61
75 115
75 56
75 110
75 118
75 13
75 106
75 35
75 34
75 81
75 69
75 10
75 77
75 72
75 96
75 48
75 1
75 52
75 104
75 27
75 30
75 25
75 57
75 98
75 29
75 99
75 66
75 45
75 36
75 43
75 68
75 85
75 94
75 113
75 71
75 9
75 17
75 42
75 86
22 32
22 19
22 16
22 91
22 102
22 67
22 63
22 97
22 61
22 115
22 56
22 110
22 13
22 106
22 35
22 34
22 69
22 10
22 77
22 72
22 96
22 105
22 1
22 52
22 111
22 104
22 88
22 30
22 25
22 57
22 98
22 29
22 99
22 4
22 66
22 80
22 100
22 45
22 36
22 85
22 94
22 71
22 49
22 9
22 17
22 42
22 86
22 11
22 93
22 109
54 32
54 19
54 16
54 102
54 67
54 63
54 97
54 61
54 115
54 56
54 110
54 118
54 106
54 35
54 81
54 69
54 10
54 77
54 72
54 96
54 52
54 27
54 88
54 25
54 18
54 57
54 98
54 29
54 99
54 4
54 62
54 80
54 100
54 45
54 36
54 43
54 94
54 113
54 71
54 9
54 86
54 11
54 93
54 109
32 19
32 16
32 91
32 102
32 67
32 63
32 39
32 97
32 61
32 115
32 56
32 110
32 118
32 106
32 35
32 34
32 69
32 10
32 72
32 48
32 105
32 1
32 52
32 111
32 104
32 88
32 25
32 18
32 98
32 29
32 4
32 66
32 62
32 80
32 100
32 31
32 45
32 36
32 43
32 68
32 85
32 86
32 11
32 93
32 79
19 16
19 67
19 63
19 39
19 97
19 61
19 115
19 56
19 118
19 13
19 106
19 35
19 34
19 81
19 77
19 96
19 48
19 105
19 1
19 52
19 111
19 88
19 30
19 25
19 57
19 98
19 29
19 99
19 66
19 62
19 80
19 100
19 31
19 45
19 43
19 68
19 85
19 94
19 113
19 49
19 17
19 42
19 86
19 93
19 109
16 91
16 102
16 67
16 39
16 97
16 56
16 110
16 118
16 106
16 35
16 34
16 81
16 69
16 10
16 77
16 72
16 96
16 48
16 105
16 1
16 52
16 111
16 104
16 27
16 88
16 30
16 25
16 18
16 57
16 29
16 99
16 4
16 66
16 62
16 80
16 100
16 31
16 36
16 68
16 94
16 113
16 71
16 17
16 42
16 11
16 79
91 102
91 67
91 39
91 97
91 61
91 118
91 13
91 106
91 34
91 81
91 69
91 10
91 96
91 48
91 105
91 52
91 111
91 104
91 27
91 88
91 30
91 25
91 18
91 57
91 29
91 4
91 66
91 80
91 100
91 45
91 36
91 43
91 113
91 49
91 9
91 42
91 109
102 67
102 39
102 97
102 115
102 56
102 110
102 118
102 13
102 35
102 34
102 10
102 72
102 96
102 48
102 105
102 1
102 52
102 111
102 104
102 88
102 30
102 25
102 18
102 57
102 4
102 66
102 62
102 100
102 31
102 45
102 36
102 43
102 68
102 85
102 94
102 71
102 49
102 42
102 11
102 79
67 63
67 39
67 97
67 61
67 106
67 35
67 81
67 69
67 10
67 72
67 48
67 105
67 1
67 52
67 111
67 104
67 27
67 88
67 30
67 25
67 18
67 57
67 99
67 66
67 80
67 100
67 31
67 45
67 36
67 43
67 68
67 85
67 94
67 113
67 71
67 49
67 9
67 17
67 42
67 86
67 11
67 93
67 79
63 39
63 61
63 115
63 56
63 106
63 35
63 34
63 81
63 69
63 10
63 48
63 1
63 104
63 27
63 88
63 30
63 25
63 18
63 57
63 98
63 29
63 99
63 66
63 62
63 80
63 100
63 31
63 45
63 85
63 94
63 71
63 49
63 17
63 86
63 93
63 79
39 97
39 115
39 110
39 118
39 13
39 106
39 35
39 34
39 69
39 10
39 77
39 72
39 96
39 48
39 105
39 1
39 52
39 111
39 27
39 88
39 30
39 25
39 18
39 98
39 29
39 99
39 4
39 66
39 31
39 45
39 36
39 43
39 68
39 85
39 94
39 113
39 71
39 9
39 17
39 11
39 93
39 109
97 61
97 115
97 110
97 13
97 106
97 35
97 34
97 81
97 69
97 10
97 77
97 72
97 96
97 48
97 105
97 52
97 104
97 27
97 30
97 25
97 18
97 98
97 29
97 99
97 4
97 66
97 62
97 100
97 45
97 43
97 68
97 85
97 94
97 113
97 71
97 49
97 17
97 42
97 86
97 11
97 93
97 109
97 79
61 115
61 56
61 118
61 106
61 35
61 81
61 10
61 77
61 72
61 48
61 105
61 1
61 52
61 111
61 27
61 88
61 25
61 18
61 57
61 98
61 29
61 80
61 100
61 45
61 36
61 43
61 68
61 94
61 113
61 71
61 49
61 9
61 17
61 42
61 86
61 93
61 109
61 79
115 56
115 110
115 118
115 13
115 106
115 35
115 34
115 81
115 69
115 10
115 77
115 96
115 48
115 105
115 1
115 111
115 27
115 88
115 30
115 25
115 18
115 57
115 98
115 99
115 4
115 66
115 62
115 80
115 100
115 31
115 45
115 36
115 43
115 68
115 85
115 94
115 113
115 71
115 49
115 9
115 42
115 93
115 109
115 79
56 110
56 118
56 13
56 106
56 35
56 34
56 81
56 69
56 10
56 72
56 96
56 48
56 105
56 52
56 104
56 27
56 88
56 25
56 18
56 57
56 98
56 29
56 99
56 4
56 66
56 80
56 100
56 45
56 43
56 68
56 85
56 94
56 113
56 71
56 9
56 42
56 86
56 11
56 93
56 109
56 79
110 118
110 13
110 106
110 35
110 34
110 69
110 10
110 77
110 96
110 105
110 1
110 111
110 25
110 57
110 29
110 99
110 66
110 62
110 80
110 31
110 45
110 43
110 68
110 85
110 113
110 71
110 49
110 42
110 93
110 109
110 79
118 13
118 106
118 35
118 34
118 81
118 69
118 10
118 77
118 72
118 48
118 105
118 1
118 52
118 104
118 27
118 88
118 30
118 25
118 18
118 57
118 98
118 29
118 99
118 4
118 62
118 80
118 100
118 31
118 45
118 36
118 68
118 85
118 94
118 113
118 71
118 49
118 17
118 42
118 86
118 11
118 93
118 109
118 79
13 106
13 34
13 81
13 10
13 77
13 72
13 96
13 48
13 105
13 52
13 111
13 104
13 27
13 30
13 25
13 57
13 29
13 99
13 4
13 62
13 80
13 100
13 31
13 45
13 36
13 43
13 68
13 85
13 94
13 113
13 71
13 49
13 9
13 17
13 42
13 11
13 93
13 109
13 79
106 34
106 81
106 69
106 10
106 72
106 96
106 48
106 105
106 1
106 52
106 104
106 27
106 88
106 30
106 18
106 57
106 29
106 99
106 4
106 66
106 80
106 100
106 31
106 36
106 68
106 85
106 94
106 113
106 49
106 9
106 42
106 86
106 11
106 93
106 109
106 79
35 34
35 69
35 10
35 77
35 72
35 48
35 105
35 1
35 52
35 111
35 104
35 88
35 30
35 18
35 57
35 98
35 29
35 4
35 66
35 62
35 100
35 45
35 43
35 68
35 94
35 113
35 71
35 49
35 9
35 86
35 11
35 93
34 69
34 10
34 77
34 72
34 96
34 48
34 1
34 52
34 111
34 104
34 27
34 88
34 30
34 18
34 57
34 29
34 99
34 4
34 66
34 62
34 100
34 45
34 36
34 43
34 68
34 85
34 113
34 71
34 49
34 9
34 42
34 11
34 93
34 79
81 69
81 10
81 77
81 72
81 105
81 1
81 52
81 111
81 104
81 88
81 30
81 25
81 98
81 29
81 99
81 4
81 62
81 80
81 100
81 36
81 43
81 68
81 85
81 94
81 113
81 9
81 17
81 42
81 86
81 11
81 93
81 109
81 79
69 77
69 96
69 48
69 105
69 1
69 52
69 104
69 27
69 88
69 25
69 18
69 57
69 29
69 4
69 66
69 62
69 80
69 31
69 36
69 68
69 85
69 113
69 71
69 49
69 9
69 42
69 86
69 11
69 93
10 77
10 96
10 105
10 52
10 104
10 88
10 30
10 18
10 57
10 98
10 29
10 62
10 80
10 100
10 45
10 36
10 85
10 113
10 71
10 49
10 9
10 86
10 11
10 109
77 72
77 105
77 1
77 111
77 104
77 27
77 30
77 25
77 18
77 98
77 29
77 4
77 66
77 62
77 80
77 31
77 45
77 36
77 68
77 85
77 94
77 113
77 49
77 9
77 17
77 42
77 86
77 11
77 93
77 109
77 79
72 48
72 105
72 1
72 104
72 27
72 30
72 18
72 57
72 98
72 99
72 4
72 100
72 31
72 45
72 36
72 43
72 68
72 85
72 113
72 71
72 49
72 9
72 42
72 86
72 11
72 93
72 109
72 79
96 48
96 1
96 52
96 111
96 104
96 27
96 88
96 25
96 18
96 57
96 98
96 29
96 99
96 4
96 66
96 80
96 31
96 45
96 36
96 68
96 94
96 113
96 71
96 49
96 9
96 17
96 42
96 86
96 11
96 93
96 109
96 79
48 111
48 27
48 88
48 25
48 57
48 98
48 29
48 99
48 66
48 80
48 31
48 45
48 36
48 43
48 85
48 94
48 113
48 9
48 17
48 42
48 86
48 11
48 93
48 109
48 79
105 1
105 52
105 111
105 104
105 88
105 30
105 25
105 98
105 4
105 66
105 80
105 100
105 45
105 36
105 43
105 68
105 85
105 113
105 71
105 49
105 9
105 17
105 42
105 86
105 11
105 93
105 109
105 79
1 52
1 104
1 88
1 30
1 57
1 98
1 29
1 99
1 4
1 62
1 80
1 100
1 31
1 45
1 36
1 43
1 68
1 94
1 113
1 71
1 49
1 9
1 17
1 11
1 93
1 79
52 111
52 104
52 30
52 25
52 57
52 98
52 29
52 99
52 4
52 66
52 62
52 80
52 31
52 45
52 85
52 113
52 71
52 9
52 17
52 42
52 109
52 79
111 104
111 27
111 88
111 30
111 25
111 18
111 57
111 99
111 66
111 62
111 31
111 45
111 36
111 68
111 94
111 113
111 71
111 49
111 9
111 17
111 42
111 86
111 11
111 93
111 109
111 79
104 27
104 88
104 57
104 98
104 29
104 99
104 4
104 66
104 62
104 80
104 100
104 31
104 45
104 36
104 68
104 85
104 94
104 113
104 49
104 17
104 86
104 109
104 79
27 25
27 18
27 29
27 99
27 4
27 66
27 62
27 80
27 100
27 45
27 36
27 43
27 68
27 94
27 71
27 49
27 9
27 42
27 11
27 93
27 109
27 79
88 30
88 25
88 57
88 98
88 62
88 80
88 45
88 36
88 43
88 68
88 85
88 94
88 113
88 71
88 49
88 9
88 42
88 86
88 93
88 109
88 79
30 25
30 18
30 57
30 98
30 29
30 99
30 66
30 80
30 100
30 31
30 43
30 68
30 85
30 94
30 71
30 9
30 17
30 42
30 86
30 11
25 18
25 57
25 98
25 29
25 99
25 4
25 66
25 62
25 80
25 100
25 31
25 45
25 68
25 85
25 94
25 113
25 71
25 49
25 9
25 86
25 11
25 109
18 57
18 29
18 99
18 4
18 62
18 80
18 100
18 31
18 45
18 68
18 85
18 94
18 113
18 71
18 49
18 9
18 86
18 109
18 79
57 98
57 29
57 99
57 4
57 66
57 100
57 31
57 45
57 36
57 43
57 68
57 85
57 113
57 49
57 17
57 86
57 11
57 109
57 79
98 29
98 99
98 4
98 66
98 62
98 100
98 31
98 43
98 68
98 85
98 94
98 71
98 49
98 9
98 17
98 42
98 86
98 93
98 109
98 79
29 4
29 66
29 62
29 80
29 100
29 45
29 36
29 113
29 71
29 17
29 42
29 86
29 93
29 109
99 4
99 66
99 62
99 80
99 100
99 31
99 36
99 43
99 85
99 94
99 113
99 71
99 49
99 9
99 42
99 86
99 11
99 109
99 79
4 66
4 62
4 80
4 100
4 31
4 36
4 43
4 85
4 94
4 113
4 71
4 49
4 9
4 17
4 42
4 11
4 93
4 109
4 79
66 62
66 80
66 100
66 31
66 45
66 36
66 85
66 113
66 71
66 49
66 42
66 86
66 11
66 109
66 79
62 80
62 100
62 45
62 36
62 43
62 68
62 85
62 94
62 49
62 9
62 17
62 42
62 86
62 11
62 93
62 109
62 79
80 100
80 31
80 36
80 43
80 68
80 113
80 71
80 49
80 9
80 42
80 86
80 11
80 93
80 109
100 45
100 85
100 94
100 113
100 71
100 9
100 17
100 42
100 86
100 93
100 79
31 45
31 36
31 68
31 85
31 94
31 113
31 71
31 17
31 86
31 11
31 93
31 109
31 79
45 36
45 85
45 94
45 113
45 71
45 49
45 9
45 42
45 86
45 11
45 93
45 109
45 79
36 43
36 68
36 85
36 94
36 71
36 9
36 17
36 42
36 86
36 11
36 93
36 109
36 79
43 94
43 113
43 71
43 49
43 17
43 86
43 93
43 79
68 85
68 94
68 113
68 71
68 49
68 9
68 86
68 93
68 109
68 79
85 113
85 71
85 49
85 17
85 42
85 86
85 11
85 109
85 79
94 113
94 71
94 49
94 42
94 93
94 109
94 79
113 71
113 49
113 9
113 17
113 11
113 109
113 79
71 9
71 17
71 42
71 86
71 11
71 93
49 17
49 86
49 11
49 93
49 109
49 79
9 17
9 42
9 86
9 11
9 93
9 109
9 79
17 42
17 86
17 11
17 109
17 79
42 86
42 11
42 93
42 109
42 79
86 93
86 79
11 93
11 109
11 79
93 109
93 79
109 79
