*verties 114
105
78
71
101
1
17
95
54
34
27
94
45
16
52
43
104
12
14
19
28
99
67
115
118
56
18
91
50
66
82
64
8
87
88
80
58
83
89
111
68
11
40
103
114
30
60
74
4
113
72
2
41
69
112
59
3
62
29
92
85
0
90
33
63
25
20
22
36
73
37
31
77
61
93
57
38
24
106
35
55
119
5
10
47
44
86
117
15
98
46
9
70
102
13
100
110
81
109
76
39
23
42
7
65
21
6
107
32
79
108
48
49
26
53
*edges 
105 78
105 71
105 1
105 95
105 54
105 27
105 94
105 45
105 16
105 52
105 104
105 14
105 19
105 99
105 67
105 118
105 56
105 91
105 50
105 66
105 87
105 58
105 89
105 103
105 114
105 60
105 74
105 4
105 113
105 72
105 2
105 41
105 69
105 3
105 29
105 85
105 0
105 90
105 33
105 25
105 20
105 37
105 31
105 77
105 57
105 35
105 119
105 5
105 10
105 44
105 15
105 46
105 9
105 70
105 13
105 110
105 76
105 23
105 21
105 6
105 107
105 32
105 79
105 108
105 48
105 53
78 101
78 1
78 17
78 95
78 54
78 34
78 27
78 94
78 16
78 43
78 104
78 12
78 14
78 19
78 28
78 99
78 67
78 56
78 50
78 66
78 8
78 87
78 88
78 111
78 68
78 114
78 60
78 74
78 113
78 72
78 41
78 112
78 3
78 29
78 63
78 20
78 36
78 37
78 31
78 61
78 57
78 38
78 35
78 55
78 119
78 10
78 47
78 44
78 86
78 117
78 15
78 46
78 9
78 70
78 102
78 100
78 110
78 81
78 23
78 42
78 7
78 65
78 107
78 32
78 53
71 101
71 17
71 54
71 27
71 45
71 16
71 52
71 43
71 104
71 12
71 14
71 19
71 28
71 99
71 115
71 118
71 18
71 91
71 50
71 82
71 64
71 87
71 80
71 89
71 111
71 68
71 11
71 40
71 103
71 60
71 113
71 2
71 41
71 69
71 59
71 62
71 85
71 0
71 90
71 33
71 25
71 22
71 73
71 77
71 61
71 93
71 57
71 38
71 5
71 44
71 117
71 15
71 98
71 46
71 9
71 100
71 81
71 109
71 39
71 42
71 7
71 21
71 6
71 107
71 32
71 79
71 48
71 49
71 26
71 53
101 17
101 54
101 16
101 52
101 43
101 104
101 28
101 67
101 115
101 118
101 56
101 18
101 91
101 8
101 88
101 80
101 83
101 89
101 68
101 40
101 103
101 114
101 74
101 4
101 113
101 2
101 69
101 59
101 29
101 92
101 0
101 90
101 63
101 22
101 73
101 37
101 93
101 57
101 106
101 119
101 5
101 10
101 47
101 44
101 86
101 15
101 98
101 9
101 13
101 100
101 110
101 81
101 39
101 42
101 7
101 21
101 6
101 107
101 32
101 79
101 49
101 53
1 54
1 34
1 27
1 94
1 45
1 16
1 52
1 43
1 104
1 14
1 28
1 67
1 118
1 91
1 50
1 82
1 64
1 80
1 58
1 89
1 68
1 103
1 30
1 2
1 69
1 112
1 59
1 3
1 29
1 85
1 0
1 63
1 25
1 20
1 22
1 73
1 37
1 31
1 77
1 61
1 57
1 38
1 106
1 55
1 5
1 10
1 47
1 44
1 86
1 117
1 15
1 98
1 9
1 70
1 102
1 109
1 76
1 39
1 23
1 7
1 65
1 21
1 107
1 79
1 48
1 26
1 53
17 54
17 52
17 43
17 12
17 14
17 67
17 56
17 50
17 66
17 87
17 58
17 89
17 111
17 68
17 40
17 103
17 114
17 74
17 4
17 113
17 72
17 2
17 41
17 69
17 59
17 3
17 62
17 29
17 92
17 85
17 20
17 36
17 57
17 38
17 24
17 106
17 35
17 5
17 10
17 86
17 46
17 70
17 13
17 110
17 109
17 76
17 39
17 42
17 7
17 65
17 6
17 107
17 79
17 48
17 49
17 53
95 54
95 27
95 94
95 16
95 52
95 104
95 118
95 56
95 18
95 91
95 50
95 8
95 88
95 80
95 58
95 83
95 89
95 40
95 114
95 30
95 60
95 74
95 2
95 112
95 59
95 62
95 85
95 0
95 33
95 36
95 31
95 61
95 93
95 57
95 38
95 24
95 55
95 5
95 10
95 44
95 86
95 117
95 46
95 102
95 13
95 100
95 110
95 109
95 39
95 23
95 42
95 21
95 6
95 107
95 108
95 48
95 49
95 26
95 53
54 34
54 27
54 94
54 16
54 43
54 104
54 12
54 14
54 19
54 28
54 99
54 67
54 118
54 50
54 66
54 82
54 64
54 87
54 88
54 80
54 58
54 83
54 111
54 68
54 11
54 40
54 103
54 114
54 30
54 60
54 74
54 4
54 113
54 2
54 41
54 3
54 62
54 0
54 33
54 63
54 25
54 20
54 22
54 37
54 61
54 93
54 57
54 38
54 106
54 55
54 44
54 86
54 117
54 15
54 98
54 46
54 9
54 102
54 13
54 100
54 110
54 109
54 76
54 39
54 23
54 42
54 7
54 79
54 108
54 48
54 49
34 27
34 43
34 14
34 19
34 28
34 99
34 67
34 115
34 56
34 50
34 87
34 58
34 83
34 111
34 68
34 11
34 40
34 4
34 113
34 72
34 2
34 41
34 69
34 3
34 29
34 92
34 85
34 90
34 33
34 25
34 20
34 22
34 36
34 31
34 77
34 93
34 57
34 38
34 35
34 55
34 119
34 10
34 47
34 44
34 98
34 70
34 100
34 110
34 109
34 39
34 23
34 65
34 6
34 32
34 108
34 26
34 53
27 94
27 16
27 52
27 43
27 104
27 14
27 28
27 99
27 67
27 115
27 118
27 18
27 91
27 50
27 66
27 64
27 8
27 87
27 88
27 80
27 11
27 40
27 103
27 114
27 30
27 60
27 74
27 113
27 72
27 41
27 112
27 59
27 62
27 92
27 85
27 90
27 33
27 63
27 20
27 36
27 73
27 37
27 93
27 57
27 24
27 106
27 35
27 119
27 5
27 10
27 47
27 86
27 117
27 15
27 46
27 9
27 110
27 76
27 23
27 42
27 7
27 65
27 21
27 6
27 32
27 79
27 48
27 49
94 16
94 52
94 12
94 14
94 28
94 67
94 118
94 18
94 50
94 64
94 58
94 83
94 111
94 68
94 103
94 30
94 74
94 2
94 69
94 3
94 29
94 92
94 85
94 90
94 33
94 20
94 22
94 73
94 37
94 31
94 77
94 61
94 93
94 38
94 24
94 106
94 35
94 55
94 119
94 10
94 47
94 44
94 117
94 46
94 9
94 70
94 102
94 13
94 100
94 110
94 81
94 109
94 39
94 23
94 42
94 7
94 21
94 32
94 79
94 48
94 53
45 52
45 14
45 19
45 28
45 99
45 118
45 56
45 18
45 91
45 50
45 66
45 82
45 8
45 88
45 80
45 58
45 83
45 11
45 40
45 114
45 60
45 4
45 113
45 2
45 41
45 112
45 3
45 62
45 92
45 85
45 20
45 22
45 31
45 57
45 38
45 55
45 119
45 5
45 10
45 47
45 86
45 117
45 98
45 70
45 102
45 13
45 110
45 109
45 39
45 42
45 7
45 32
45 79
45 108
45 48
16 43
16 104
16 12
16 14
16 28
16 115
16 118
16 56
16 66
16 82
16 64
16 88
16 80
16 68
16 40
16 60
16 4
16 72
16 2
16 59
16 62
16 29
16 85
16 0
16 90
16 33
16 63
16 77
16 61
16 93
16 57
16 38
16 24
16 106
16 119
16 5
16 47
16 117
16 46
16 9
16 70
16 102
16 13
16 100
16 81
16 109
16 76
16 23
16 7
16 21
16 6
16 32
16 108
16 48
16 53
52 43
52 104
52 14
52 28
52 99
52 115
52 56
52 18
52 66
52 82
52 64
52 88
52 58
52 111
52 68
52 11
52 103
52 4
52 113
52 41
52 69
52 112
52 59
52 3
52 29
52 92
52 0
52 90
52 33
52 25
52 73
52 31
52 93
52 24
52 106
52 35
52 119
52 5
52 44
52 86
52 117
52 15
52 98
52 46
52 9
52 102
52 13
52 81
52 23
52 7
52 107
52 32
52 108
52 48
52 49
52 26
43 104
43 12
43 19
43 28
43 99
43 67
43 115
43 56
43 18
43 91
43 82
43 64
43 8
43 87
43 88
43 80
43 58
43 83
43 89
43 68
43 11
43 40
43 103
43 60
43 113
43 72
43 112
43 3
43 62
43 92
43 85
43 0
43 90
43 33
43 25
43 20
43 22
43 37
43 31
43 61
43 57
43 38
43 24
43 106
43 35
43 119
43 5
43 47
43 44
43 117
43 15
43 9
43 70
43 102
43 13
43 100
43 110
43 81
43 109
43 39
43 23
43 7
43 6
43 107
43 26
104 19
104 28
104 99
104 67
104 56
104 91
104 66
104 82
104 87
104 80
104 58
104 83
104 89
104 68
104 40
104 114
104 30
104 4
104 2
104 41
104 69
104 112
104 3
104 62
104 29
104 92
104 0
104 25
104 20
104 36
104 73
104 37
104 31
104 77
104 93
104 38
104 55
104 119
104 5
104 10
104 86
104 98
104 46
104 70
104 13
104 100
104 109
104 39
104 23
104 7
104 65
104 21
104 32
104 48
104 49
104 26
12 14
12 99
12 67
12 56
12 18
12 50
12 66
12 82
12 87
12 88
12 80
12 58
12 83
12 111
12 68
12 40
12 103
12 60
12 4
12 72
12 2
12 69
12 112
12 3
12 29
12 92
12 0
12 90
12 33
12 25
12 22
12 36
12 73
12 37
12 31
12 77
12 93
12 38
12 55
12 119
12 10
12 47
12 44
12 86
12 117
12 98
12 46
12 9
12 70
12 102
12 100
12 81
12 39
12 42
12 7
12 65
12 21
12 6
12 107
12 48
12 49
12 53
14 19
14 99
14 115
14 118
14 56
14 18
14 91
14 50
14 66
14 64
14 87
14 88
14 58
14 83
14 89
14 68
14 30
14 60
14 4
14 72
14 2
14 41
14 69
14 112
14 3
14 62
14 29
14 92
14 85
14 90
14 33
14 22
14 36
14 73
14 37
14 24
14 35
14 5
14 44
14 86
14 117
14 15
14 70
14 102
14 13
14 110
14 76
14 39
14 6
14 107
14 79
14 49
19 28
19 67
19 118
19 56
19 91
19 66
19 82
19 64
19 87
19 88
19 58
19 83
19 68
19 103
19 30
19 60
19 4
19 72
19 41
19 112
19 59
19 3
19 62
19 85
19 0
19 20
19 22
19 36
19 77
19 57
19 24
19 35
19 119
19 5
19 10
19 47
19 44
19 98
19 46
19 9
19 102
19 13
19 81
19 109
19 39
19 42
19 65
19 21
19 6
19 107
19 79
19 108
19 48
19 49
19 53
28 99
28 67
28 118
28 56
28 91
28 50
28 66
28 82
28 64
28 87
28 88
28 58
28 83
28 89
28 111
28 11
28 40
28 60
28 113
28 72
28 2
28 41
28 69
28 59
28 3
28 29
28 92
28 85
28 0
28 90
28 33
28 63
28 25
28 20
28 22
28 36
28 73
28 37
28 31
28 93
28 24
28 119
28 5
28 44
28 15
28 46
28 102
28 100
28 110
28 109
28 23
28 42
28 7
28 65
28 6
28 107
28 32
28 108
28 48
28 49
28 26
28 53
99 115
99 118
99 56
99 50
99 66
99 82
99 64
99 88
99 80
99 83
99 89
99 68
99 40
99 103
99 30
99 74
99 72
99 62
99 92
99 85
99 0
99 33
99 63
99 25
99 37
99 31
99 77
99 61
99 57
99 38
99 55
99 47
99 44
99 117
99 100
99 109
99 76
99 23
99 42
99 7
99 65
99 6
99 107
99 32
99 79
99 108
99 49
99 53
67 115
67 18
67 50
67 82
67 8
67 80
67 58
67 89
67 40
67 103
67 114
67 60
67 113
67 72
67 2
67 41
67 69
67 59
67 3
67 29
67 92
67 85
67 90
67 36
67 73
67 31
67 77
67 24
67 5
67 10
67 47
67 44
67 117
67 98
67 9
67 70
67 102
67 13
67 100
67 110
67 81
67 109
67 76
67 39
67 42
67 7
67 65
67 21
67 107
67 32
67 79
67 49
67 26
115 18
115 50
115 66
115 82
115 64
115 8
115 87
115 88
115 80
115 58
115 83
115 89
115 111
115 11
115 40
115 30
115 2
115 69
115 112
115 29
115 85
115 0
115 25
115 73
115 37
115 77
115 61
115 106
115 35
115 55
115 119
115 44
115 86
115 117
115 15
115 98
115 46
115 70
115 102
115 100
115 110
115 81
115 109
115 76
115 39
115 42
115 65
115 21
115 107
115 32
115 79
115 48
115 26
115 53
118 56
118 18
118 91
118 50
118 82
118 64
118 87
118 58
118 83
118 89
118 111
118 68
118 11
118 40
118 103
118 114
118 30
118 60
118 72
118 69
118 112
118 59
118 85
118 33
118 63
118 25
118 20
118 36
118 73
118 37
118 77
118 93
118 57
118 38
118 35
118 55
118 119
118 5
118 10
118 47
118 44
118 86
118 15
118 98
118 9
118 70
118 81
118 39
118 23
118 65
118 21
118 107
118 49
118 53
56 18
56 50
56 66
56 82
56 64
56 87
56 88
56 80
56 58
56 89
56 111
56 114
56 30
56 60
56 74
56 4
56 72
56 69
56 112
56 59
56 62
56 92
56 0
56 33
56 31
56 77
56 38
56 24
56 106
56 35
56 55
56 10
56 44
56 117
56 15
56 70
56 102
56 110
56 23
56 42
56 7
56 32
56 108
56 26
18 50
18 66
18 82
18 64
18 87
18 80
18 83
18 68
18 11
18 40
18 114
18 30
18 113
18 62
18 92
18 85
18 90
18 25
18 20
18 22
18 36
18 77
18 61
18 57
18 24
18 106
18 35
18 55
18 5
18 10
18 47
18 44
18 86
18 117
18 102
18 100
18 81
18 109
18 39
18 65
18 21
18 107
18 32
18 49
18 53
91 50
91 82
91 64
91 8
91 88
91 58
91 83
91 89
91 111
91 68
91 40
91 103
91 4
91 72
91 2
91 41
91 69
91 59
91 62
91 92
91 90
91 25
91 20
91 22
91 36
91 31
91 77
91 61
91 106
91 35
91 55
91 119
91 5
91 47
91 117
91 98
91 46
91 9
91 70
91 13
91 39
91 42
91 7
91 65
91 21
91 6
91 107
91 108
91 49
91 26
91 53
50 64
50 87
50 88
50 58
50 111
50 103
50 60
50 4
50 72
50 2
50 69
50 112
50 62
50 92
50 85
50 0
50 33
50 63
50 22
50 77
50 61
50 24
50 106
50 10
50 47
50 86
50 15
50 9
50 70
50 102
50 13
50 100
50 110
50 109
50 39
50 23
50 42
50 65
50 21
50 6
50 107
50 79
50 108
50 48
50 26
66 82
66 64
66 83
66 89
66 68
66 11
66 114
66 30
66 4
66 113
66 72
66 2
66 69
66 112
66 59
66 3
66 62
66 92
66 85
66 33
66 63
66 25
66 20
66 73
66 37
66 31
66 77
66 61
66 93
66 38
66 55
66 119
66 10
66 47
66 117
66 15
66 13
66 100
66 110
66 81
66 109
66 39
66 23
66 7
66 65
66 108
66 48
66 49
82 8
82 87
82 88
82 80
82 58
82 68
82 103
82 30
82 72
82 2
82 41
82 69
82 112
82 3
82 62
82 29
82 92
82 0
82 33
82 25
82 20
82 36
82 73
82 37
82 31
82 77
82 61
82 57
82 38
82 24
82 106
82 35
82 5
82 47
82 44
82 117
82 46
82 70
82 102
82 13
82 100
82 110
82 81
82 76
82 7
82 65
82 6
82 107
82 32
82 79
82 108
82 48
82 49
82 26
82 53
64 87
64 103
64 114
64 30
64 74
64 4
64 113
64 72
64 2
64 41
64 112
64 59
64 29
64 92
64 85
64 33
64 73
64 31
64 77
64 93
64 38
64 24
64 106
64 35
64 55
64 47
64 44
64 117
64 98
64 46
64 102
64 13
64 110
64 81
64 109
64 23
64 7
64 21
64 107
64 32
64 79
64 48
64 49
64 53
8 87
8 88
8 58
8 83
8 89
8 113
8 2
8 69
8 3
8 62
8 29
8 92
8 85
8 33
8 25
8 20
8 22
8 36
8 31
8 61
8 57
8 106
8 35
8 119
8 47
8 44
8 86
8 117
8 98
8 9
8 70
8 102
8 100
8 110
8 39
8 23
8 7
8 65
8 6
8 107
8 32
8 79
8 108
8 26
8 53
87 88
87 58
87 83
87 68
87 11
87 30
87 60
87 113
87 2
87 69
87 59
87 3
87 62
87 92
87 90
87 63
87 25
87 20
87 93
87 57
87 38
87 24
87 106
87 35
87 55
87 44
87 86
87 117
87 15
87 98
87 46
87 70
87 13
87 109
87 76
87 39
87 23
87 42
87 7
87 21
87 6
87 32
87 49
87 26
88 80
88 83
88 89
88 111
88 68
88 103
88 4
88 2
88 41
88 69
88 3
88 92
88 0
88 90
88 22
88 37
88 31
88 61
88 93
88 57
88 38
88 24
88 106
88 35
88 5
88 47
88 44
88 86
88 15
88 98
88 46
88 9
88 70
88 102
88 13
88 110
88 81
88 76
88 39
88 23
88 7
88 65
88 21
88 6
88 32
88 79
88 48
88 49
88 26
88 53
80 111
80 68
80 11
80 103
80 30
80 4
80 113
80 41
80 69
80 112
80 59
80 3
80 29
80 85
80 90
80 33
80 20
80 22
80 31
80 77
80 61
80 57
80 24
80 106
80 55
80 10
80 47
80 86
80 117
80 98
80 46
80 9
80 70
80 102
80 100
80 39
80 23
80 7
80 65
80 21
80 6
80 107
80 32
80 26
80 53
58 83
58 89
58 111
58 68
58 11
58 40
58 103
58 114
58 30
58 60
58 113
58 72
58 2
58 41
58 69
58 112
58 59
58 62
58 29
58 92
58 0
58 33
58 63
58 25
58 20
58 22
58 37
58 31
58 61
58 24
58 106
58 55
58 119
58 10
58 44
58 86
58 15
58 98
58 46
58 70
58 102
58 100
58 81
58 109
58 76
58 39
58 42
58 65
58 21
58 32
58 79
58 108
58 53
83 111
83 11
83 103
83 60
83 74
83 41
83 59
83 3
83 62
83 29
83 92
83 90
83 33
83 63
83 25
83 20
83 73
83 31
83 77
83 93
83 57
83 106
83 119
83 5
83 44
83 86
83 117
83 98
83 46
83 9
83 102
83 100
83 76
83 23
83 7
83 65
83 21
83 6
83 107
83 32
83 79
83 108
83 48
89 111
89 68
89 40
89 103
89 60
89 74
89 4
89 41
89 69
89 112
89 3
89 62
89 29
89 92
89 85
89 33
89 63
89 22
89 73
89 37
89 77
89 61
89 93
89 57
89 38
89 24
89 106
89 35
89 119
89 5
89 10
89 47
89 86
89 117
89 98
89 102
89 100
89 110
89 39
89 23
89 42
89 7
89 107
89 32
89 79
89 49
89 26
111 68
111 11
111 60
111 74
111 4
111 113
111 72
111 2
111 41
111 59
111 3
111 92
111 0
111 90
111 33
111 63
111 25
111 20
111 73
111 31
111 57
111 38
111 24
111 35
111 55
111 5
111 10
111 44
111 117
111 98
111 102
111 13
111 110
111 81
111 76
111 39
111 42
111 65
111 21
111 6
111 107
111 32
111 48
111 49
111 26
111 53
68 11
68 40
68 103
68 114
68 30
68 60
68 4
68 113
68 72
68 112
68 62
68 29
68 85
68 0
68 33
68 20
68 22
68 73
68 31
68 93
68 57
68 38
68 24
68 106
68 47
68 44
68 86
68 117
68 15
68 98
68 46
68 70
68 102
68 13
68 110
68 81
68 109
68 39
68 23
68 42
68 6
68 107
68 79
68 108
68 48
68 49
68 53
11 103
11 114
11 60
11 74
11 4
11 72
11 41
11 3
11 62
11 29
11 92
11 85
11 0
11 63
11 25
11 20
11 22
11 73
11 37
11 77
11 61
11 93
11 57
11 38
11 106
11 35
11 55
11 5
11 10
11 46
11 9
11 102
11 81
11 109
11 76
11 39
11 23
11 42
11 7
11 65
11 21
11 6
11 32
11 79
11 49
11 53
40 114
40 4
40 113
40 2
40 41
40 112
40 62
40 85
40 33
40 63
40 25
40 20
40 22
40 31
40 38
40 119
40 47
40 86
40 15
40 46
40 70
40 7
40 65
40 21
40 6
40 107
40 108
40 49
40 26
103 30
103 74
103 113
103 2
103 69
103 112
103 3
103 62
103 29
103 92
103 90
103 25
103 22
103 31
103 77
103 61
103 38
103 24
103 35
103 55
103 119
103 44
103 86
103 117
103 98
103 9
103 70
103 102
103 100
103 81
103 109
103 76
103 23
103 21
103 32
103 48
103 49
103 26
103 53
114 74
114 4
114 113
114 72
114 41
114 112
114 3
114 62
114 92
114 85
114 90
114 33
114 25
114 22
114 36
114 37
114 31
114 61
114 38
114 24
114 106
114 35
114 55
114 117
114 98
114 9
114 13
114 100
114 110
114 109
114 76
114 39
114 7
114 65
114 21
114 79
114 48
30 4
30 113
30 72
30 2
30 41
30 69
30 112
30 3
30 62
30 92
30 85
30 63
30 37
30 77
30 61
30 93
30 24
30 35
30 55
30 10
30 47
30 44
30 117
30 98
30 46
30 9
30 70
30 13
30 100
30 76
30 23
30 65
30 21
30 107
30 32
30 48
30 49
30 26
60 4
60 72
60 2
60 69
60 112
60 59
60 29
60 85
60 25
60 36
60 77
60 93
60 57
60 35
60 119
60 44
60 86
60 15
60 46
60 70
60 102
60 110
60 109
60 39
60 7
60 21
60 6
60 79
60 48
74 4
74 72
74 2
74 69
74 112
74 3
74 29
74 92
74 85
74 90
74 25
74 20
74 36
74 37
74 31
74 77
74 61
74 93
74 57
74 38
74 24
74 5
74 47
74 86
74 117
74 9
74 110
74 81
74 109
74 23
74 42
74 7
74 6
74 107
74 32
74 79
74 108
74 48
74 26
74 53
4 72
4 2
4 41
4 69
4 112
4 62
4 29
4 85
4 90
4 33
4 63
4 25
4 20
4 22
4 36
4 73
4 37
4 31
4 77
4 57
4 38
4 24
4 106
4 35
4 119
4 10
4 44
4 86
4 117
4 98
4 46
4 9
4 102
4 100
4 110
4 81
4 39
4 23
4 7
4 65
4 6
4 32
4 79
4 108
4 48
4 49
113 72
113 41
113 112
113 59
113 62
113 29
113 92
113 0
113 90
113 25
113 20
113 31
113 77
113 93
113 38
113 106
113 55
113 119
113 5
113 10
113 117
113 98
113 46
113 100
113 81
113 76
113 39
113 23
113 42
113 7
113 65
113 21
113 107
113 32
113 79
113 108
113 49
113 53
72 2
72 41
72 112
72 62
72 29
72 85
72 0
72 90
72 63
72 20
72 22
72 73
72 37
72 77
72 61
72 93
72 57
72 106
72 35
72 55
72 119
72 5
72 10
72 44
72 86
72 15
72 98
72 46
72 9
72 70
72 102
72 100
72 110
72 109
72 76
72 42
72 7
72 21
72 6
72 107
72 32
72 79
72 49
72 53
2 41
2 59
2 3
2 62
2 29
2 92
2 0
2 90
2 63
2 25
2 20
2 36
2 31
2 77
2 61
2 24
2 106
2 119
2 5
2 47
2 86
2 15
2 98
2 46
2 70
2 102
2 100
2 81
2 109
2 76
2 39
2 42
2 7
2 21
2 6
2 107
2 32
2 108
2 48
2 49
2 53
41 69
41 59
41 3
41 62
41 92
41 85
41 90
41 33
41 63
41 25
41 20
41 37
41 61
41 57
41 38
41 24
41 106
41 55
41 119
41 10
41 47
41 86
41 117
41 15
41 46
41 102
41 100
41 81
41 76
41 23
41 42
41 7
41 65
41 6
41 107
41 32
41 49
41 26
69 62
69 29
69 85
69 0
69 33
69 63
69 25
69 22
69 36
69 73
69 37
69 31
69 93
69 38
69 24
69 119
69 10
69 47
69 44
69 117
69 15
69 98
69 46
69 9
69 70
69 13
69 100
69 110
69 76
69 39
69 23
69 42
69 7
69 65
69 21
69 6
69 107
69 79
69 48
69 53
112 59
112 92
112 90
112 33
112 20
112 22
112 36
112 37
112 31
112 77
112 61
112 93
112 38
112 24
112 35
112 55
112 119
112 44
112 98
112 46
112 9
112 70
112 102
112 13
112 100
112 81
112 76
112 39
112 23
112 42
112 7
112 21
112 107
112 32
112 108
112 48
112 49
112 26
59 3
59 92
59 85
59 0
59 33
59 63
59 36
59 31
59 61
59 93
59 38
59 24
59 35
59 55
59 119
59 5
59 10
59 47
59 86
59 117
59 98
59 9
59 70
59 102
59 13
59 23
59 7
59 65
59 21
59 6
59 107
59 79
59 108
59 48
59 26
3 85
3 90
3 33
3 63
3 36
3 37
3 61
3 93
3 57
3 24
3 106
3 55
3 119
3 5
3 10
3 44
3 117
3 15
3 98
3 46
3 70
3 110
3 76
3 39
3 23
3 7
3 65
3 21
3 6
3 79
3 108
3 48
3 49
3 26
3 53
62 92
62 85
62 0
62 33
62 22
62 36
62 31
62 61
62 93
62 24
62 119
62 5
62 10
62 86
62 9
62 70
62 13
62 100
62 81
62 76
62 23
62 7
62 65
62 107
62 32
62 108
62 48
62 26
62 53
29 0
29 33
29 20
29 31
29 93
29 38
29 106
29 55
29 44
29 117
29 9
29 102
29 100
29 110
29 81
29 76
29 23
29 7
29 21
29 6
29 107
29 32
29 79
29 108
29 48
29 49
29 53
92 0
92 90
92 63
92 20
92 73
92 57
92 38
92 24
92 106
92 35
92 119
92 47
92 86
92 117
92 15
92 98
92 9
92 70
92 100
92 110
92 109
92 76
92 7
92 65
92 21
92 107
92 32
92 79
92 48
92 49
92 26
85 0
85 90
85 22
85 73
85 37
85 31
85 93
85 38
85 24
85 35
85 55
85 5
85 10
85 47
85 44
85 70
85 102
85 13
85 100
85 109
85 76
85 39
85 42
85 65
85 6
85 107
85 32
85 79
85 48
85 49
85 26
0 90
0 33
0 63
0 20
0 22
0 77
0 93
0 24
0 106
0 35
0 55
0 10
0 47
0 117
0 98
0 46
0 9
0 100
0 76
0 39
0 42
0 65
0 21
0 6
0 32
0 79
0 49
0 53
90 33
90 25
90 22
90 36
90 73
90 31
90 61
90 93
90 57
90 38
90 24
90 5
90 10
90 47
90 44
90 117
90 98
90 70
90 100
90 76
90 39
90 7
90 65
90 6
90 32
90 48
90 26
33 63
33 36
33 73
33 37
33 31
33 77
33 61
33 93
33 57
33 38
33 106
33 35
33 119
33 5
33 47
33 15
33 98
33 46
33 70
33 102
33 13
33 100
33 7
33 65
33 107
33 79
33 108
33 49
33 26
33 53
63 25
63 20
63 36
63 73
63 31
63 77
63 57
63 38
63 24
63 106
63 55
63 119
63 47
63 117
63 98
63 9
63 102
63 13
63 100
63 110
63 81
63 109
63 76
63 39
63 23
63 7
63 21
63 107
63 32
63 108
63 49
63 53
25 31
25 57
25 24
25 55
25 5
25 44
25 86
25 117
25 15
25 98
25 46
25 9
25 70
25 102
25 100
25 110
25 76
25 39
25 42
25 7
25 65
25 6
25 107
25 32
25 108
25 48
25 49
25 26
25 53
20 73
20 61
20 93
20 35
20 119
20 5
20 10
20 47
20 44
20 117
20 15
20 98
20 46
20 9
20 70
20 102
20 13
20 100
20 81
20 109
20 76
20 39
20 23
20 65
20 6
20 79
20 108
20 48
20 49
20 53
22 73
22 37
22 31
22 77
22 61
22 24
22 106
22 35
22 55
22 5
22 44
22 86
22 117
22 15
22 46
22 70
22 13
22 100
22 110
22 109
22 76
22 23
22 7
22 6
22 32
22 108
22 48
22 49
36 73
36 77
36 61
36 93
36 106
36 55
36 119
36 47
36 86
36 15
36 70
36 102
36 100
36 110
36 81
36 109
36 42
36 7
36 6
36 79
36 108
36 48
36 49
36 26
36 53
73 37
73 31
73 77
73 57
73 24
73 106
73 35
73 119
73 86
73 117
73 46
73 9
73 70
73 100
73 39
73 23
73 42
73 65
73 6
73 32
73 108
73 48
37 77
37 93
37 38
37 35
37 55
37 10
37 47
37 44
37 86
37 117
37 46
37 9
37 102
37 110
37 109
37 76
37 7
37 65
37 6
37 79
37 108
37 26
37 53
31 93
31 57
31 24
31 106
31 35
31 55
31 10
31 47
31 44
31 117
31 15
31 98
31 46
31 70
31 102
31 13
31 100
31 110
31 81
31 109
31 76
31 42
31 65
31 6
31 107
31 79
31 108
31 48
77 61
77 57
77 38
77 35
77 55
77 119
77 10
77 47
77 44
77 117
77 15
77 98
77 102
77 100
77 81
77 109
77 76
77 39
77 23
77 42
77 7
77 21
77 107
77 32
77 79
77 108
77 49
77 26
77 53
61 93
61 57
61 38
61 24
61 106
61 35
61 55
61 5
61 47
61 86
61 15
61 98
61 46
61 9
61 13
61 100
61 110
61 109
61 76
61 23
61 42
61 7
61 65
61 32
61 79
61 48
61 26
93 57
93 38
93 24
93 106
93 119
93 10
93 47
93 15
93 46
93 70
93 102
93 81
93 76
93 39
93 23
93 42
93 7
93 65
93 6
93 107
93 32
93 26
93 53
57 24
57 106
57 55
57 119
57 44
57 117
57 15
57 98
57 70
57 110
57 81
57 109
57 76
57 39
57 23
57 42
57 7
57 65
57 21
57 6
57 32
57 108
57 48
57 49
57 26
57 53
38 106
38 35
38 119
38 47
38 44
38 98
38 46
38 9
38 102
38 100
38 110
38 109
38 76
38 42
38 65
38 21
38 6
38 32
38 108
38 53
24 106
24 119
24 10
24 86
24 15
24 98
24 9
24 70
24 110
24 109
24 23
24 42
24 7
24 65
24 6
24 107
24 32
24 48
24 26
106 35
106 10
106 47
106 44
106 46
106 102
106 13
106 110
106 109
106 76
106 23
106 42
106 65
106 6
106 79
106 26
106 53
35 119
35 10
35 47
35 117
35 15
35 9
35 70
35 102
35 13
35 100
35 110
35 109
35 76
35 39
35 7
35 65
35 79
35 49
35 26
35 53
55 119
55 10
55 44
55 117
55 98
55 46
55 70
55 102
55 13
55 100
55 110
55 81
55 109
55 76
55 23
55 42
55 7
55 65
55 6
55 107
55 48
55 53
119 5
119 47
119 15
119 98
119 46
119 9
119 70
119 102
119 100
119 110
119 81
119 109
119 76
119 39
119 42
119 65
119 21
119 6
119 107
119 48
5 10
5 117
5 98
5 9
5 102
5 13
5 100
5 76
5 39
5 23
5 42
5 7
5 65
5 21
5 107
5 79
5 108
5 48
5 49
5 53
10 47
10 44
10 86
10 98
10 46
10 9
10 13
10 100
10 110
10 81
10 39
10 23
10 6
10 107
10 32
10 108
10 48
10 26
10 53
47 44
47 15
47 70
47 102
47 100
47 81
47 39
47 42
47 7
47 21
47 6
47 107
47 32
47 79
47 108
47 49
47 53
44 86
44 15
44 98
44 9
44 70
44 102
44 100
44 81
44 109
44 39
44 6
44 107
44 79
44 108
44 48
44 49
44 26
44 53
86 117
86 15
86 98
86 46
86 70
86 100
86 110
86 76
86 39
86 42
86 7
86 65
86 21
86 6
86 107
86 108
86 48
86 49
86 26
86 53
117 98
117 46
117 70
117 102
117 81
117 109
117 76
117 39
117 23
117 42
117 7
117 65
117 21
117 6
117 107
117 32
117 79
117 108
117 48
117 26
117 53
15 9
15 70
15 13
15 110
15 109
15 39
15 7
15 65
15 6
15 107
15 32
15 48
15 49
15 26
15 53
98 46
98 13
98 100
98 110
98 42
98 21
98 107
98 32
98 48
98 49
98 26
46 70
46 13
46 100
46 110
46 81
46 109
46 39
46 23
46 42
46 7
46 21
46 6
46 107
46 32
46 108
46 49
46 26
46 53
9 70
9 102
9 13
9 100
9 110
9 76
9 39
9 23
9 42
9 7
9 65
9 21
9 32
9 79
9 49
9 53
70 102
70 13
70 100
70 110
70 81
70 76
70 6
70 107
70 79
70 108
70 53
102 110
102 109
102 76
102 23
102 7
102 65
102 21
102 6
102 32
102 79
102 108
102 49
102 26
13 81
13 109
13 76
13 39
13 23
13 42
13 7
13 65
13 6
13 107
13 32
13 79
13 26
100 110
100 81
100 76
100 7
100 65
100 21
100 48
100 53
110 81
110 109
110 76
110 39
110 42
110 7
110 21
110 6
110 107
110 79
110 48
110 49
81 109
81 76
81 23
81 42
81 65
81 21
81 6
81 107
81 32
81 79
81 48
81 49
81 26
109 39
109 23
109 32
109 108
109 48
109 49
109 26
109 53
76 39
76 23
76 42
76 7
76 65
76 21
76 107
76 79
76 108
76 48
76 49
76 53
39 23
39 65
39 21
39 6
39 108
39 49
39 26
23 42
23 65
23 21
23 6
23 107
23 32
23 26
23 53
42 7
42 65
42 79
42 108
42 49
42 26
7 65
7 21
7 107
7 79
7 26
7 53
65 107
65 32
65 79
65 48
65 49
65 26
65 53
21 6
21 107
21 79
21 108
21 48
21 49
6 107
6 32
6 79
6 48
6 53
107 79
107 108
107 26
32 49
32 26
32 53
79 108
79 48
79 49
108 48
108 49
108 26
48 49
48 26
48 53
