*verties 94
119
36
23
30
56
87
100
113
92
71
49
41
54
105
55
102
60
112
94
65
75
50
91
84
16
24
103
86
70
5
0
118
52
76
27
107
110
104
90
1
106
28
108
31
59
20
6
97
61
51
8
74
85
68
34
78
62
22
80
63
117
79
25
4
57
48
101
81
73
26
45
19
114
98
15
116
18
14
38
67
47
11
39
72
44
13
115
89
35
69
21
37
32
43
*edges 
119 36
119 23
119 30
119 56
119 87
119 100
119 113
119 92
119 71
119 49
119 41
119 54
119 105
119 55
119 102
119 60
119 94
119 65
119 75
119 50
119 91
119 84
119 16
119 24
119 103
119 86
119 70
119 5
119 0
119 118
119 76
119 27
119 107
119 110
119 90
119 1
119 106
119 28
119 31
119 59
119 20
119 6
119 97
119 61
119 51
119 8
119 74
119 85
119 68
119 34
119 78
119 62
119 22
119 80
119 63
119 117
119 57
119 48
119 101
119 81
119 73
119 26
119 45
119 19
119 114
119 15
119 116
119 18
119 14
119 38
119 47
119 11
119 72
119 44
119 13
119 89
119 35
119 69
119 21
119 37
119 32
119 43
36 23
36 30
36 56
36 87
36 100
36 113
36 92
36 71
36 49
36 54
36 105
36 55
36 102
36 60
36 112
36 94
36 65
36 75
36 84
36 16
36 24
36 103
36 86
36 70
36 5
36 0
36 118
36 52
36 76
36 27
36 107
36 110
36 104
36 90
36 1
36 106
36 28
36 108
36 31
36 59
36 20
36 6
36 97
36 61
36 51
36 8
36 74
36 85
36 68
36 34
36 78
36 62
36 22
36 80
36 63
36 117
36 25
36 4
36 57
36 48
36 101
36 81
36 73
36 26
36 45
36 19
36 114
36 98
36 15
36 116
36 18
36 14
36 38
36 67
36 47
36 11
36 39
36 72
36 13
36 115
36 89
36 35
36 69
36 21
36 37
36 32
36 43
23 30
23 56
23 87
23 100
23 113
23 92
23 71
23 49
23 41
23 54
23 105
23 55
23 102
23 60
23 112
23 94
23 65
23 75
23 50
23 84
23 16
23 24
23 103
23 86
23 5
23 0
23 118
23 52
23 76
23 27
23 107
23 110
23 104
23 90
23 1
23 106
23 28
23 108
23 31
23 59
23 20
23 6
23 97
23 61
23 51
23 8
23 74
23 85
23 68
23 34
23 78
23 62
23 22
23 80
23 63
23 117
23 79
23 25
23 4
23 57
23 48
23 101
23 81
23 73
23 26
23 45
23 19
23 114
23 15
23 116
23 18
23 14
23 38
23 67
23 47
23 11
23 39
23 44
23 13
23 115
23 89
23 35
23 69
23 21
23 37
23 32
23 43
30 87
30 100
30 113
30 92
30 71
30 41
30 54
30 105
30 55
30 102
30 60
30 112
30 94
30 65
30 75
30 50
30 91
30 84
30 16
30 24
30 103
30 86
30 70
30 5
30 0
30 118
30 52
30 76
30 27
30 107
30 110
30 104
30 90
30 1
30 106
30 28
30 108
30 31
30 59
30 20
30 6
30 97
30 61
30 51
30 8
30 74
30 85
30 68
30 34
30 62
30 22
30 80
30 63
30 117
30 79
30 25
30 4
30 57
30 48
30 101
30 81
30 73
30 26
30 45
30 19
30 114
30 98
30 15
30 116
30 18
30 14
30 38
30 67
30 47
30 11
30 39
30 72
30 44
30 13
30 115
30 89
30 35
30 21
30 37
30 32
56 87
56 100
56 113
56 92
56 71
56 49
56 41
56 54
56 105
56 55
56 102
56 60
56 112
56 94
56 65
56 75
56 50
56 84
56 16
56 24
56 103
56 86
56 70
56 5
56 0
56 118
56 52
56 27
56 107
56 110
56 104
56 90
56 1
56 106
56 28
56 108
56 31
56 59
56 20
56 6
56 97
56 61
56 51
56 8
56 74
56 85
56 68
56 34
56 78
56 62
56 22
56 80
56 63
56 117
56 79
56 25
56 4
56 57
56 48
56 101
56 81
56 73
56 26
56 45
56 19
56 114
56 98
56 15
56 116
56 18
56 14
56 38
56 67
56 47
56 11
56 39
56 72
56 44
56 13
56 115
56 89
56 35
56 69
56 21
56 37
56 32
56 43
87 100
87 113
87 92
87 71
87 49
87 41
87 54
87 105
87 55
87 102
87 60
87 112
87 94
87 65
87 75
87 50
87 91
87 84
87 16
87 24
87 103
87 86
87 70
87 5
87 0
87 118
87 52
87 76
87 107
87 110
87 104
87 90
87 1
87 106
87 28
87 108
87 31
87 59
87 20
87 6
87 97
87 61
87 51
87 8
87 74
87 85
87 68
87 34
87 62
87 22
87 80
87 63
87 117
87 79
87 25
87 4
87 57
87 101
87 81
87 73
87 26
87 45
87 19
87 114
87 15
87 18
87 14
87 38
87 67
87 47
87 11
87 39
87 72
87 44
87 13
87 115
87 89
87 35
87 69
87 21
87 37
87 32
87 43
100 113
100 92
100 71
100 49
100 41
100 54
100 105
100 55
100 102
100 60
100 94
100 65
100 75
100 50
100 91
100 84
100 16
100 24
100 103
100 86
100 70
100 5
100 0
100 118
100 52
100 76
100 27
100 107
100 110
100 104
100 90
100 1
100 106
100 28
100 108
100 31
100 59
100 20
100 6
100 97
100 61
100 51
100 8
100 74
100 85
100 68
100 34
100 78
100 62
100 22
100 80
100 63
100 117
100 79
100 25
100 4
100 48
100 101
100 81
100 73
100 26
100 45
100 19
100 114
100 98
100 15
100 116
100 18
100 38
100 67
100 47
100 11
100 39
100 44
100 13
100 115
100 89
100 35
100 69
100 21
100 37
100 32
100 43
113 92
113 71
113 49
113 41
113 54
113 105
113 55
113 102
113 60
113 112
113 94
113 65
113 75
113 50
113 91
113 84
113 16
113 24
113 86
113 70
113 0
113 118
113 52
113 76
113 27
113 107
113 110
113 104
113 90
113 1
113 106
113 28
113 31
113 59
113 20
113 6
113 97
113 61
113 51
113 8
113 74
113 68
113 34
113 78
113 62
113 63
113 117
113 79
113 25
113 4
113 57
113 48
113 101
113 81
113 73
113 26
113 45
113 114
113 98
113 15
113 116
113 18
113 14
113 38
113 67
113 47
113 11
113 39
113 72
113 44
113 13
113 115
113 89
113 35
113 69
113 21
113 37
113 32
113 43
92 71
92 49
92 41
92 54
92 105
92 55
92 102
92 60
92 112
92 94
92 65
92 75
92 50
92 84
92 103
92 86
92 70
92 5
92 0
92 118
92 52
92 27
92 110
92 104
92 90
92 1
92 106
92 28
92 108
92 31
92 59
92 20
92 6
92 97
92 61
92 51
92 8
92 74
92 85
92 68
92 34
92 78
92 62
92 22
92 80
92 63
92 117
92 79
92 25
92 4
92 57
92 48
92 101
92 81
92 73
92 26
92 45
92 19
92 114
92 98
92 15
92 116
92 18
92 14
92 38
92 67
92 47
92 11
92 39
92 72
92 44
92 13
92 115
92 89
92 35
92 69
92 21
92 37
92 32
92 43
71 49
71 41
71 54
71 105
71 55
71 102
71 60
71 112
71 65
71 75
71 50
71 91
71 84
71 24
71 103
71 86
71 70
71 5
71 0
71 118
71 52
71 76
71 27
71 107
71 110
71 104
71 90
71 1
71 106
71 28
71 108
71 31
71 59
71 20
71 6
71 97
71 61
71 51
71 8
71 74
71 85
71 68
71 34
71 78
71 62
71 22
71 80
71 63
71 117
71 79
71 25
71 4
71 57
71 48
71 101
71 81
71 73
71 26
71 45
71 19
71 114
71 98
71 15
71 116
71 18
71 14
71 38
71 67
71 47
71 11
71 39
71 72
71 44
71 13
71 115
71 89
71 35
71 69
71 21
71 37
71 32
71 43
49 41
49 54
49 105
49 55
49 102
49 60
49 112
49 94
49 65
49 75
49 50
49 91
49 84
49 16
49 24
49 103
49 86
49 70
49 5
49 118
49 52
49 76
49 27
49 107
49 110
49 104
49 90
49 1
49 106
49 28
49 108
49 31
49 59
49 20
49 6
49 97
49 61
49 51
49 74
49 85
49 68
49 34
49 78
49 62
49 80
49 63
49 117
49 79
49 25
49 4
49 57
49 48
49 101
49 81
49 73
49 26
49 45
49 19
49 114
49 98
49 15
49 18
49 14
49 38
49 67
49 47
49 11
49 39
49 72
49 44
49 13
49 115
49 89
49 35
49 69
49 21
49 37
49 32
49 43
41 54
41 105
41 55
41 102
41 60
41 112
41 94
41 65
41 75
41 50
41 91
41 84
41 16
41 24
41 103
41 86
41 70
41 5
41 0
41 118
41 52
41 76
41 27
41 107
41 110
41 104
41 90
41 1
41 106
41 28
41 108
41 31
41 59
41 20
41 6
41 97
41 61
41 51
41 8
41 74
41 85
41 68
41 34
41 78
41 62
41 22
41 80
41 63
41 79
41 25
41 4
41 57
41 48
41 101
41 81
41 73
41 26
41 45
41 19
41 114
41 98
41 15
41 116
41 18
41 14
41 38
41 47
41 11
41 39
41 72
41 44
41 13
41 89
41 35
41 69
41 21
41 37
41 32
41 43
54 55
54 102
54 60
54 112
54 94
54 65
54 50
54 91
54 84
54 16
54 24
54 103
54 86
54 70
54 5
54 0
54 118
54 52
54 76
54 27
54 107
54 110
54 104
54 90
54 1
54 106
54 28
54 31
54 59
54 20
54 6
54 97
54 61
54 51
54 8
54 74
54 68
54 34
54 78
54 62
54 22
54 80
54 63
54 117
54 79
54 25
54 4
54 57
54 48
54 101
54 81
54 26
54 45
54 19
54 114
54 98
54 15
54 116
54 18
54 14
54 38
54 67
54 47
54 39
54 13
54 115
54 89
54 35
54 69
54 21
54 37
54 32
54 43
105 55
105 102
105 60
105 112
105 94
105 65
105 75
105 50
105 91
105 84
105 16
105 24
105 103
105 86
105 70
105 5
105 0
105 118
105 52
105 76
105 27
105 107
105 110
105 104
105 90
105 1
105 106
105 108
105 31
105 59
105 6
105 97
105 51
105 8
105 74
105 85
105 78
105 62
105 22
105 80
105 63
105 117
105 79
105 25
105 4
105 57
105 48
105 101
105 81
105 73
105 26
105 45
105 19
105 114
105 15
105 116
105 18
105 14
105 38
105 67
105 47
105 11
105 72
105 44
105 13
105 115
105 89
105 35
105 69
105 21
105 32
105 43
55 102
55 60
55 112
55 94
55 65
55 75
55 50
55 91
55 84
55 16
55 24
55 103
55 86
55 70
55 5
55 0
55 118
55 52
55 76
55 27
55 107
55 110
55 104
55 90
55 1
55 106
55 28
55 108
55 31
55 59
55 20
55 6
55 97
55 61
55 51
55 8
55 74
55 85
55 68
55 34
55 78
55 62
55 22
55 80
55 63
55 79
55 25
55 4
55 57
55 48
55 101
55 81
55 73
55 26
55 45
55 19
55 114
55 98
55 15
55 116
55 18
55 14
55 38
55 67
55 47
55 11
55 39
55 72
55 44
55 13
55 115
55 89
55 69
55 21
55 37
55 32
55 43
102 60
102 112
102 94
102 65
102 75
102 50
102 91
102 84
102 16
102 24
102 103
102 86
102 70
102 5
102 0
102 118
102 52
102 76
102 27
102 107
102 110
102 104
102 90
102 1
102 28
102 108
102 31
102 59
102 20
102 6
102 97
102 61
102 51
102 8
102 74
102 85
102 34
102 78
102 62
102 22
102 80
102 63
102 117
102 79
102 4
102 48
102 101
102 81
102 73
102 26
102 45
102 19
102 114
102 98
102 15
102 116
102 18
102 14
102 38
102 47
102 11
102 39
102 72
102 44
102 13
102 115
102 89
102 35
102 69
102 21
102 37
102 32
102 43
60 112
60 94
60 65
60 75
60 50
60 91
60 84
60 16
60 24
60 70
60 5
60 0
60 118
60 52
60 76
60 27
60 107
60 110
60 90
60 106
60 28
60 108
60 31
60 59
60 20
60 6
60 97
60 61
60 51
60 8
60 74
60 85
60 68
60 78
60 62
60 22
60 80
60 63
60 117
60 79
60 25
60 4
60 57
60 48
60 101
60 81
60 73
60 26
60 45
60 19
60 114
60 98
60 15
60 116
60 18
60 38
60 67
60 47
60 11
60 39
60 72
60 44
60 13
60 115
60 89
60 35
60 69
60 21
60 37
60 32
60 43
112 65
112 75
112 50
112 91
112 84
112 16
112 24
112 103
112 70
112 5
112 0
112 118
112 52
112 76
112 27
112 107
112 104
112 90
112 1
112 106
112 28
112 108
112 31
112 59
112 20
112 6
112 97
112 61
112 51
112 8
112 74
112 85
112 68
112 78
112 62
112 22
112 80
112 63
112 117
112 79
112 25
112 4
112 57
112 101
112 81
112 73
112 26
112 45
112 19
112 114
112 98
112 15
112 18
112 14
112 38
112 67
112 47
112 11
112 39
112 44
112 13
112 115
112 89
112 35
112 69
112 21
112 37
112 32
112 43
94 65
94 75
94 50
94 91
94 84
94 16
94 24
94 103
94 86
94 70
94 5
94 0
94 118
94 52
94 76
94 27
94 107
94 110
94 104
94 90
94 1
94 28
94 108
94 31
94 59
94 20
94 6
94 97
94 61
94 51
94 8
94 74
94 85
94 68
94 34
94 78
94 62
94 22
94 80
94 63
94 117
94 79
94 25
94 4
94 57
94 48
94 101
94 81
94 73
94 26
94 45
94 19
94 114
94 98
94 15
94 116
94 18
94 14
94 38
94 67
94 47
94 11
94 39
94 72
94 44
94 13
94 115
94 89
94 35
94 69
94 21
94 37
94 32
94 43
65 75
65 50
65 91
65 84
65 16
65 24
65 103
65 5
65 0
65 118
65 76
65 27
65 107
65 110
65 104
65 90
65 1
65 106
65 28
65 108
65 31
65 59
65 20
65 6
65 97
65 61
65 51
65 8
65 74
65 85
65 68
65 34
65 78
65 62
65 22
65 80
65 63
65 117
65 79
65 25
65 4
65 57
65 48
65 101
65 81
65 73
65 26
65 45
65 19
65 114
65 98
65 15
65 116
65 18
65 14
65 38
65 67
65 47
65 11
65 39
65 72
65 44
65 13
65 115
65 89
65 35
65 69
65 21
65 37
65 32
65 43
75 50
75 91
75 84
75 16
75 24
75 103
75 86
75 70
75 5
75 0
75 118
75 52
75 76
75 27
75 107
75 110
75 104
75 90
75 1
75 106
75 28
75 59
75 20
75 6
75 97
75 61
75 51
75 8
75 74
75 85
75 68
75 34
75 78
75 62
75 22
75 80
75 63
75 117
75 79
75 25
75 4
75 57
75 48
75 101
75 81
75 73
75 26
75 45
75 19
75 114
75 98
75 15
75 116
75 18
75 14
75 38
75 67
75 47
75 11
75 39
75 72
75 44
75 13
75 89
75 35
75 69
75 21
75 37
75 32
50 91
50 84
50 16
50 24
50 103
50 86
50 70
50 5
50 0
50 118
50 52
50 76
50 27
50 107
50 110
50 104
50 90
50 1
50 106
50 28
50 108
50 31
50 59
50 20
50 6
50 97
50 61
50 51
50 8
50 74
50 85
50 68
50 34
50 78
50 62
50 22
50 80
50 63
50 117
50 79
50 25
50 4
50 57
50 48
50 101
50 81
50 73
50 26
50 45
50 19
50 114
50 98
50 15
50 116
50 18
50 14
50 38
50 67
50 47
50 11
50 39
50 72
50 44
50 13
50 115
50 89
50 35
50 69
50 21
50 37
50 32
50 43
91 84
91 16
91 24
91 103
91 86
91 70
91 5
91 0
91 118
91 52
91 76
91 27
91 107
91 110
91 104
91 1
91 106
91 28
91 108
91 31
91 59
91 20
91 6
91 97
91 61
91 51
91 8
91 74
91 85
91 68
91 34
91 78
91 62
91 22
91 80
91 63
91 117
91 79
91 25
91 4
91 57
91 48
91 101
91 81
91 73
91 26
91 45
91 19
91 114
91 98
91 15
91 116
91 18
91 14
91 38
91 67
91 47
91 11
91 39
91 72
91 44
91 13
91 115
91 35
91 69
91 21
91 37
91 32
91 43
84 16
84 24
84 86
84 70
84 5
84 0
84 52
84 76
84 27
84 107
84 110
84 104
84 90
84 1
84 106
84 28
84 108
84 31
84 59
84 20
84 6
84 97
84 61
84 51
84 8
84 74
84 85
84 68
84 34
84 78
84 62
84 22
84 80
84 63
84 117
84 25
84 4
84 57
84 48
84 101
84 81
84 73
84 26
84 45
84 19
84 114
84 98
84 15
84 116
84 18
84 14
84 67
84 47
84 11
84 39
84 44
84 13
84 115
84 89
84 35
84 69
84 21
84 37
84 32
84 43
16 24
16 86
16 70
16 5
16 0
16 118
16 76
16 27
16 107
16 110
16 90
16 1
16 106
16 28
16 108
16 31
16 59
16 20
16 6
16 97
16 61
16 51
16 74
16 85
16 68
16 34
16 78
16 62
16 22
16 80
16 63
16 117
16 79
16 25
16 4
16 57
16 48
16 101
16 73
16 26
16 45
16 19
16 114
16 98
16 116
16 18
16 14
16 38
16 67
16 47
16 11
16 39
16 72
16 44
16 13
16 115
16 89
16 35
16 69
16 21
16 37
16 43
24 103
24 86
24 70
24 5
24 0
24 118
24 52
24 76
24 27
24 107
24 110
24 104
24 90
24 1
24 106
24 28
24 108
24 31
24 59
24 20
24 6
24 51
24 8
24 74
24 85
24 68
24 34
24 78
24 62
24 80
24 63
24 117
24 25
24 4
24 57
24 48
24 101
24 81
24 73
24 26
24 45
24 19
24 114
24 98
24 15
24 116
24 18
24 14
24 38
24 67
24 47
24 11
24 44
24 13
24 115
24 89
24 35
24 69
24 21
24 37
24 32
24 43
103 70
103 5
103 0
103 118
103 52
103 76
103 27
103 107
103 110
103 104
103 90
103 1
103 106
103 28
103 108
103 31
103 59
103 6
103 97
103 51
103 8
103 74
103 85
103 68
103 34
103 78
103 62
103 22
103 80
103 63
103 117
103 79
103 25
103 4
103 57
103 48
103 101
103 73
103 26
103 45
103 19
103 114
103 98
103 15
103 116
103 18
103 14
103 38
103 67
103 47
103 11
103 39
103 72
103 44
103 13
103 115
103 89
103 35
103 69
103 21
103 37
103 32
103 43
86 70
86 5
86 0
86 118
86 52
86 76
86 27
86 107
86 110
86 104
86 90
86 1
86 106
86 28
86 108
86 31
86 59
86 20
86 6
86 97
86 61
86 51
86 8
86 74
86 85
86 68
86 34
86 78
86 62
86 22
86 80
86 63
86 117
86 79
86 25
86 4
86 57
86 101
86 81
86 73
86 26
86 45
86 114
86 98
86 15
86 18
86 14
86 38
86 67
86 47
86 39
86 72
86 44
86 115
86 89
86 35
86 21
86 37
86 32
86 43
70 5
70 0
70 118
70 52
70 76
70 27
70 107
70 110
70 104
70 90
70 1
70 106
70 28
70 108
70 31
70 59
70 20
70 6
70 97
70 61
70 51
70 8
70 74
70 85
70 68
70 34
70 78
70 62
70 22
70 80
70 63
70 117
70 79
70 4
70 57
70 48
70 101
70 81
70 73
70 26
70 45
70 19
70 114
70 98
70 15
70 116
70 18
70 14
70 38
70 67
70 47
70 11
70 39
70 72
70 44
70 13
70 115
70 89
70 35
70 69
70 21
70 37
70 32
70 43
5 118
5 52
5 76
5 27
5 107
5 110
5 104
5 90
5 1
5 106
5 28
5 108
5 31
5 59
5 20
5 6
5 97
5 61
5 51
5 74
5 85
5 68
5 34
5 78
5 62
5 22
5 80
5 63
5 117
5 79
5 25
5 4
5 57
5 48
5 101
5 81
5 73
5 26
5 45
5 19
5 114
5 98
5 15
5 116
5 18
5 14
5 38
5 67
5 47
5 11
5 39
5 72
5 13
5 115
5 89
5 35
5 21
5 37
5 32
5 43
0 118
0 52
0 76
0 27
0 107
0 104
0 90
0 106
0 28
0 108
0 31
0 59
0 20
0 6
0 97
0 61
0 51
0 8
0 74
0 85
0 68
0 34
0 78
0 62
0 22
0 80
0 63
0 117
0 79
0 25
0 4
0 57
0 48
0 101
0 81
0 73
0 26
0 45
0 19
0 114
0 98
0 15
0 116
0 18
0 14
0 38
0 67
0 47
0 11
0 39
0 72
0 44
0 13
0 115
0 89
0 69
0 21
0 37
0 32
0 43
118 52
118 76
118 27
118 107
118 110
118 104
118 90
118 1
118 106
118 28
118 108
118 31
118 59
118 20
118 6
118 97
118 61
118 51
118 8
118 74
118 68
118 34
118 78
118 62
118 22
118 80
118 63
118 117
118 79
118 25
118 4
118 57
118 48
118 101
118 81
118 73
118 26
118 45
118 19
118 114
118 98
118 116
118 18
118 14
118 38
118 67
118 47
118 11
118 39
118 72
118 44
118 13
118 115
118 89
118 35
118 69
118 21
118 37
118 32
118 43
52 76
52 27
52 107
52 104
52 90
52 1
52 106
52 28
52 108
52 31
52 59
52 20
52 6
52 97
52 61
52 8
52 74
52 85
52 68
52 78
52 62
52 22
52 80
52 63
52 117
52 79
52 25
52 4
52 57
52 48
52 101
52 81
52 73
52 26
52 45
52 19
52 114
52 98
52 15
52 116
52 18
52 14
52 38
52 47
52 11
52 39
52 72
52 44
52 13
52 115
52 89
52 35
52 69
52 21
52 37
52 32
52 43
76 27
76 107
76 104
76 90
76 1
76 106
76 28
76 108
76 31
76 59
76 20
76 6
76 97
76 61
76 51
76 8
76 74
76 85
76 68
76 34
76 78
76 62
76 22
76 80
76 63
76 117
76 79
76 25
76 4
76 57
76 48
76 101
76 81
76 73
76 26
76 45
76 19
76 114
76 98
76 15
76 116
76 18
76 14
76 38
76 67
76 47
76 11
76 39
76 44
76 13
76 115
76 89
76 35
76 69
76 21
76 37
76 43
27 110
27 104
27 90
27 1
27 106
27 28
27 108
27 31
27 59
27 20
27 6
27 97
27 61
27 8
27 74
27 85
27 68
27 34
27 78
27 62
27 22
27 80
27 63
27 117
27 79
27 25
27 4
27 57
27 48
27 101
27 81
27 73
27 26
27 19
27 114
27 98
27 15
27 116
27 18
27 14
27 38
27 67
27 47
27 11
27 72
27 44
27 13
27 115
27 89
27 35
27 69
27 21
27 37
27 32
27 43
107 110
107 104
107 90
107 1
107 106
107 28
107 108
107 31
107 59
107 6
107 97
107 61
107 51
107 8
107 74
107 85
107 68
107 34
107 78
107 62
107 22
107 80
107 63
107 117
107 79
107 4
107 57
107 48
107 101
107 81
107 73
107 26
107 45
107 19
107 114
107 98
107 116
107 18
107 14
107 38
107 67
107 47
107 11
107 39
107 72
107 44
107 13
107 115
107 89
107 35
107 69
107 21
107 37
107 32
107 43
110 90
110 1
110 106
110 28
110 31
110 59
110 20
110 6
110 97
110 61
110 51
110 74
110 85
110 68
110 34
110 78
110 62
110 22
110 80
110 63
110 117
110 79
110 25
110 57
110 48
110 101
110 81
110 73
110 26
110 45
110 19
110 114
110 98
110 15
110 116
110 18
110 14
110 38
110 67
110 47
110 11
110 39
110 72
110 13
110 115
110 89
110 35
110 69
110 21
110 37
110 32
110 43
104 90
104 1
104 106
104 28
104 108
104 31
104 59
104 20
104 6
104 97
104 61
104 8
104 74
104 68
104 34
104 78
104 62
104 22
104 80
104 63
104 117
104 79
104 25
104 4
104 48
104 81
104 73
104 26
104 45
104 19
104 114
104 116
104 18
104 14
104 38
104 67
104 47
104 11
104 39
104 72
104 44
104 13
104 115
104 89
104 35
104 69
104 21
104 37
104 32
104 43
90 1
90 106
90 28
90 108
90 31
90 59
90 20
90 6
90 97
90 61
90 51
90 74
90 85
90 68
90 78
90 62
90 22
90 80
90 63
90 117
90 79
90 25
90 4
90 57
90 48
90 101
90 81
90 73
90 26
90 45
90 19
90 114
90 15
90 116
90 18
90 14
90 38
90 67
90 47
90 11
90 39
90 72
90 44
90 13
90 115
90 89
90 35
90 69
90 21
90 37
90 32
90 43
1 106
1 28
1 108
1 31
1 59
1 20
1 6
1 97
1 61
1 51
1 8
1 74
1 85
1 68
1 34
1 78
1 62
1 22
1 80
1 63
1 117
1 79
1 25
1 4
1 57
1 48
1 101
1 81
1 73
1 26
1 45
1 19
1 114
1 98
1 15
1 116
1 18
1 14
1 38
1 67
1 47
1 11
1 39
1 72
1 44
1 13
1 115
1 89
1 35
1 69
1 21
1 37
1 32
1 43
106 28
106 108
106 31
106 59
106 20
106 6
106 97
106 61
106 8
106 74
106 85
106 68
106 78
106 62
106 22
106 63
106 117
106 79
106 25
106 4
106 57
106 48
106 101
106 81
106 73
106 26
106 45
106 19
106 114
106 98
106 15
106 116
106 18
106 14
106 67
106 47
106 11
106 39
106 72
106 44
106 13
106 115
106 89
106 35
106 69
106 21
106 32
28 108
28 31
28 59
28 20
28 6
28 97
28 61
28 51
28 8
28 74
28 85
28 68
28 34
28 78
28 62
28 22
28 80
28 63
28 117
28 79
28 25
28 4
28 48
28 101
28 81
28 73
28 26
28 45
28 19
28 114
28 98
28 15
28 116
28 18
28 14
28 38
28 67
28 47
28 11
28 39
28 72
28 44
28 13
28 89
28 35
28 69
28 21
28 37
28 32
28 43
108 31
108 59
108 20
108 6
108 61
108 8
108 74
108 85
108 68
108 34
108 78
108 62
108 22
108 80
108 63
108 117
108 79
108 25
108 4
108 57
108 48
108 101
108 81
108 73
108 26
108 45
108 19
108 114
108 98
108 15
108 116
108 18
108 14
108 38
108 67
108 47
108 11
108 39
108 72
108 44
108 13
108 115
108 35
108 69
108 21
108 37
108 32
108 43
31 59
31 20
31 6
31 97
31 61
31 51
31 8
31 74
31 85
31 34
31 78
31 62
31 22
31 80
31 63
31 117
31 79
31 25
31 4
31 57
31 48
31 101
31 73
31 26
31 45
31 19
31 114
31 98
31 15
31 116
31 18
31 14
31 38
31 67
31 47
31 11
31 39
31 72
31 13
31 115
31 89
31 35
31 69
31 21
31 37
31 32
31 43
59 20
59 6
59 97
59 61
59 51
59 8
59 74
59 68
59 34
59 78
59 62
59 22
59 80
59 63
59 117
59 25
59 4
59 57
59 48
59 101
59 81
59 73
59 26
59 45
59 19
59 114
59 98
59 15
59 116
59 18
59 38
59 67
59 47
59 11
59 39
59 72
59 44
59 13
59 115
59 89
59 35
59 21
59 37
59 32
59 43
20 97
20 61
20 51
20 8
20 74
20 85
20 68
20 34
20 78
20 62
20 22
20 80
20 63
20 117
20 79
20 25
20 4
20 57
20 48
20 101
20 81
20 73
20 26
20 45
20 19
20 114
20 98
20 15
20 116
20 18
20 14
20 38
20 67
20 47
20 11
20 39
20 72
20 44
20 13
20 115
20 89
20 35
20 69
20 21
20 37
20 32
20 43
6 97
6 61
6 51
6 8
6 74
6 85
6 68
6 34
6 78
6 62
6 22
6 80
6 63
6 117
6 79
6 25
6 4
6 57
6 48
6 101
6 81
6 73
6 26
6 45
6 19
6 114
6 98
6 15
6 116
6 18
6 14
6 38
6 67
6 47
6 11
6 39
6 72
6 44
6 13
6 115
6 89
6 35
6 69
6 21
6 37
6 32
6 43
97 61
97 51
97 8
97 74
97 85
97 68
97 34
97 78
97 62
97 22
97 80
97 63
97 117
97 79
97 25
97 4
97 57
97 48
97 101
97 81
97 73
97 45
97 19
97 114
97 98
97 15
97 116
97 18
97 14
97 38
97 67
97 47
97 11
97 39
97 72
97 44
97 13
97 115
97 89
97 35
97 69
97 21
97 37
97 32
97 43
61 51
61 8
61 74
61 85
61 34
61 78
61 22
61 80
61 63
61 117
61 79
61 25
61 4
61 57
61 48
61 101
61 81
61 73
61 26
61 45
61 114
61 98
61 15
61 116
61 18
61 14
61 38
61 67
61 47
61 11
61 39
61 72
61 44
61 13
61 115
61 89
61 35
61 69
61 21
61 37
61 32
61 43
51 8
51 74
51 85
51 68
51 34
51 62
51 22
51 80
51 63
51 117
51 79
51 25
51 4
51 48
51 101
51 81
51 73
51 26
51 45
51 19
51 114
51 98
51 116
51 18
51 14
51 38
51 67
51 47
51 11
51 39
51 72
51 44
51 13
51 115
51 89
51 35
51 69
51 21
51 37
51 32
51 43
8 74
8 85
8 68
8 34
8 78
8 62
8 22
8 80
8 63
8 117
8 79
8 25
8 4
8 57
8 48
8 101
8 81
8 73
8 26
8 45
8 19
8 114
8 98
8 15
8 116
8 18
8 14
8 67
8 47
8 11
8 39
8 72
8 44
8 13
8 115
8 89
8 35
8 69
8 21
8 32
8 43
74 85
74 68
74 34
74 78
74 62
74 22
74 80
74 63
74 117
74 79
74 25
74 4
74 57
74 48
74 101
74 81
74 73
74 26
74 45
74 19
74 114
74 98
74 15
74 116
74 18
74 14
74 38
74 67
74 47
74 39
74 72
74 44
74 13
74 115
74 89
74 35
74 69
74 21
74 37
74 32
74 43
85 78
85 62
85 22
85 63
85 117
85 79
85 25
85 4
85 57
85 48
85 101
85 81
85 73
85 26
85 45
85 19
85 114
85 98
85 15
85 116
85 18
85 14
85 38
85 67
85 47
85 11
85 39
85 72
85 44
85 13
85 115
85 89
85 35
85 69
85 21
85 37
85 32
85 43
68 34
68 78
68 62
68 22
68 80
68 63
68 117
68 79
68 25
68 4
68 57
68 48
68 101
68 81
68 73
68 26
68 45
68 19
68 114
68 98
68 15
68 116
68 18
68 14
68 38
68 67
68 47
68 11
68 39
68 72
68 44
68 13
68 115
68 89
68 35
68 69
68 21
68 37
68 32
68 43
34 78
34 62
34 22
34 80
34 63
34 117
34 79
34 25
34 4
34 57
34 48
34 101
34 81
34 73
34 26
34 45
34 19
34 114
34 98
34 15
34 116
34 18
34 14
34 38
34 67
34 47
34 11
34 39
34 72
34 13
34 115
34 89
34 35
34 69
34 21
34 37
34 32
34 43
78 62
78 22
78 80
78 79
78 25
78 4
78 57
78 48
78 101
78 81
78 73
78 26
78 45
78 19
78 114
78 98
78 15
78 116
78 18
78 14
78 38
78 67
78 47
78 11
78 39
78 72
78 44
78 13
78 115
78 89
78 35
78 69
78 21
78 37
78 32
78 43
62 22
62 80
62 63
62 117
62 79
62 25
62 4
62 57
62 48
62 101
62 81
62 73
62 26
62 45
62 19
62 114
62 98
62 15
62 116
62 18
62 38
62 67
62 47
62 11
62 39
62 72
62 44
62 13
62 115
62 89
62 35
62 69
62 21
62 32
62 43
22 80
22 63
22 79
22 25
22 4
22 57
22 48
22 81
22 73
22 26
22 45
22 19
22 114
22 98
22 15
22 116
22 18
22 14
22 38
22 67
22 47
22 11
22 39
22 72
22 44
22 13
22 115
22 89
22 35
22 69
22 21
22 37
22 32
22 43
80 63
80 117
80 79
80 25
80 4
80 57
80 48
80 101
80 81
80 73
80 26
80 45
80 19
80 114
80 98
80 15
80 116
80 18
80 14
80 38
80 67
80 47
80 11
80 39
80 72
80 44
80 13
80 115
80 89
80 35
80 69
80 21
80 37
80 32
80 43
63 117
63 79
63 25
63 4
63 57
63 48
63 101
63 81
63 73
63 26
63 45
63 19
63 114
63 98
63 15
63 116
63 18
63 14
63 38
63 67
63 47
63 11
63 39
63 44
63 13
63 115
63 89
63 69
63 21
63 37
63 32
63 43
117 79
117 25
117 4
117 57
117 48
117 101
117 81
117 73
117 26
117 45
117 19
117 114
117 98
117 15
117 116
117 18
117 14
117 38
117 67
117 47
117 11
117 39
117 72
117 44
117 13
117 115
117 89
117 35
117 69
117 21
117 37
117 32
79 25
79 4
79 57
79 48
79 101
79 73
79 26
79 45
79 19
79 114
79 98
79 15
79 116
79 18
79 14
79 38
79 67
79 11
79 39
79 72
79 44
79 13
79 115
79 89
79 35
79 69
79 21
79 37
79 32
79 43
25 4
25 57
25 48
25 101
25 81
25 73
25 26
25 45
25 19
25 114
25 98
25 15
25 116
25 18
25 14
25 38
25 67
25 47
25 11
25 39
25 72
25 44
25 13
25 115
25 89
25 35
25 69
25 21
25 37
25 32
25 43
4 57
4 48
4 101
4 73
4 26
4 45
4 19
4 114
4 98
4 15
4 116
4 18
4 14
4 67
4 47
4 11
4 39
4 72
4 44
4 13
4 115
4 89
4 35
4 69
4 21
4 37
4 32
4 43
57 48
57 101
57 81
57 73
57 26
57 45
57 19
57 114
57 98
57 15
57 116
57 18
57 14
57 38
57 67
57 47
57 11
57 39
57 44
57 13
57 115
57 89
57 35
57 69
57 21
57 37
57 32
57 43
48 101
48 81
48 73
48 26
48 19
48 114
48 98
48 15
48 116
48 18
48 14
48 38
48 67
48 47
48 11
48 39
48 72
48 44
48 115
48 89
48 35
48 69
48 21
48 37
48 32
101 81
101 73
101 26
101 45
101 19
101 114
101 98
101 116
101 14
101 38
101 67
101 47
101 11
101 39
101 72
101 44
101 13
101 115
101 89
101 35
101 69
101 21
101 37
101 32
101 43
81 73
81 26
81 45
81 19
81 114
81 98
81 15
81 116
81 18
81 14
81 38
81 67
81 47
81 11
81 39
81 72
81 44
81 13
81 115
81 89
81 69
81 21
81 37
81 32
81 43
73 26
73 45
73 19
73 114
73 98
73 15
73 116
73 18
73 14
73 38
73 67
73 47
73 39
73 72
73 44
73 13
73 115
73 89
73 35
73 69
73 21
73 37
73 32
73 43
26 45
26 19
26 114
26 98
26 15
26 116
26 18
26 14
26 38
26 67
26 47
26 39
26 72
26 44
26 13
26 115
26 89
26 35
26 69
26 37
26 32
26 43
45 19
45 114
45 98
45 15
45 116
45 18
45 14
45 38
45 67
45 47
45 11
45 39
45 72
45 44
45 13
45 89
45 35
45 69
45 21
45 37
45 32
45 43
19 98
19 15
19 116
19 18
19 14
19 38
19 67
19 47
19 11
19 39
19 72
19 44
19 13
19 115
19 89
19 35
19 69
19 21
19 43
114 98
114 15
114 116
114 18
114 14
114 38
114 67
114 11
114 39
114 72
114 44
114 13
114 115
114 89
114 35
114 69
114 21
114 37
114 32
114 43
98 15
98 116
98 18
98 14
98 38
98 67
98 47
98 11
98 39
98 72
98 44
98 13
98 115
98 89
98 69
98 21
98 37
98 32
15 116
15 18
15 14
15 38
15 67
15 47
15 11
15 72
15 44
15 13
15 115
15 89
15 35
15 69
15 21
15 37
15 32
15 43
116 18
116 14
116 38
116 67
116 47
116 11
116 39
116 72
116 44
116 13
116 115
116 89
116 35
116 69
116 21
116 37
116 32
116 43
18 14
18 38
18 67
18 47
18 11
18 39
18 72
18 13
18 115
18 89
18 69
18 21
18 37
18 32
18 43
14 38
14 47
14 11
14 39
14 72
14 13
14 115
14 89
14 35
14 69
14 21
14 37
14 32
14 43
38 67
38 47
38 11
38 39
38 72
38 13
38 115
38 35
38 69
38 21
38 37
38 32
38 43
67 47
67 11
67 39
67 72
67 44
67 13
67 115
67 35
67 69
67 21
67 37
67 32
67 43
47 11
47 39
47 72
47 44
47 13
47 115
47 89
47 35
47 69
47 21
47 37
47 32
47 43
11 39
11 72
11 44
11 13
11 115
11 89
11 35
11 69
11 21
11 37
11 32
11 43
39 72
39 44
39 13
39 115
39 89
39 35
39 21
39 37
39 32
39 43
72 13
72 115
72 89
72 35
72 69
72 21
72 37
72 32
72 43
44 13
44 115
44 35
44 69
44 21
44 37
44 32
44 43
13 115
13 89
13 35
13 69
13 21
13 37
13 32
13 43
115 89
115 35
115 69
115 21
115 37
115 32
115 43
89 35
89 69
89 21
89 37
89 32
89 43
35 69
35 21
35 37
35 32
35 43
69 21
69 37
69 32
69 43
21 37
21 32
21 43
37 32
37 43
32 43
