*verties 97
112
3
109
29
59
111
33
42
97
76
11
41
108
94
64
47
12
50
18
101
91
78
23
115
26
35
119
28
84
49
87
30
74
10
57
43
38
79
77
31
86
106
53
13
99
2
14
100
46
24
65
72
52
107
90
85
56
116
51
9
55
40
114
15
95
66
68
82
71
32
110
113
118
102
39
58
61
5
20
93
44
34
92
36
54
45
88
104
1
117
67
73
6
98
60
89
25
*edges 
112 111
112 23
112 87
112 57
112 24
112 65
112 51
112 9
112 68
112 113
112 58
112 20
3 111
3 64
3 12
3 18
3 26
3 84
3 2
3 24
3 9
3 95
3 82
3 71
3 60
3 89
109 94
109 115
109 119
109 10
109 31
109 100
109 85
109 102
109 39
29 33
29 50
29 101
29 78
29 20
29 67
59 91
59 26
59 87
59 86
111 11
111 47
111 28
111 66
111 102
111 104
111 6
111 89
33 18
33 26
33 99
33 107
33 90
33 85
33 116
33 118
33 36
33 54
33 45
33 117
33 6
42 119
42 28
42 10
42 79
42 77
42 86
42 14
42 95
42 110
42 117
42 6
97 50
97 31
97 106
97 14
97 65
97 72
97 85
97 116
97 40
97 113
97 102
97 44
97 54
76 64
76 18
76 23
76 119
76 30
76 90
76 85
76 116
76 9
76 40
76 58
76 5
76 93
76 92
76 117
76 60
11 119
11 87
11 30
11 38
11 31
11 56
11 15
11 1
11 117
41 50
41 101
41 84
41 2
41 14
41 24
41 72
41 82
41 71
41 61
41 54
108 50
108 23
108 57
108 31
108 14
108 51
108 114
108 15
108 44
108 36
108 104
94 10
94 65
94 116
94 51
94 40
94 15
94 113
94 93
94 104
94 1
94 6
94 60
94 25
64 12
64 115
64 79
64 99
64 2
64 15
64 68
64 110
64 39
64 92
64 36
64 88
64 6
47 101
47 91
47 35
47 38
47 106
47 53
47 99
47 14
47 65
47 52
47 15
47 68
47 58
47 60
12 101
12 91
12 87
12 38
12 90
12 116
12 55
12 114
12 95
12 102
12 58
12 1
50 18
50 101
50 91
50 87
50 65
50 9
50 15
50 61
50 93
50 1
18 35
18 28
18 90
18 92
18 36
18 6
101 28
101 49
101 30
101 74
101 10
101 114
101 68
101 82
101 110
101 5
101 44
91 26
91 90
91 118
91 102
91 39
91 104
91 25
78 35
78 53
78 52
78 114
78 15
78 32
78 110
78 118
78 58
78 88
78 1
23 26
23 119
23 13
23 15
23 102
23 20
23 93
23 54
23 60
115 49
115 10
115 13
115 85
115 51
115 66
115 68
115 32
115 118
115 5
115 45
115 104
115 98
26 35
26 86
26 106
26 100
26 72
26 55
26 68
26 118
26 44
26 92
26 6
26 25
35 84
35 31
35 56
35 55
35 82
35 71
119 86
119 2
119 14
119 46
119 56
119 40
119 93
119 44
119 36
119 60
119 89
119 25
28 107
28 55
28 34
28 36
28 73
28 60
84 77
84 107
84 116
84 61
84 5
84 20
84 92
84 1
84 60
49 72
49 52
49 51
49 114
49 66
49 39
49 58
49 34
49 67
87 14
87 56
87 39
87 92
87 104
30 40
30 68
30 104
30 60
30 89
74 57
74 31
74 13
74 2
74 40
74 82
74 113
74 118
74 54
74 88
74 104
74 1
10 79
10 31
10 102
10 117
10 60
57 24
57 107
57 113
57 102
57 20
57 54
43 31
43 100
43 24
43 56
43 9
43 40
43 71
43 44
43 25
38 79
38 14
38 90
38 116
38 55
38 40
38 95
38 66
38 20
38 1
38 98
79 86
79 24
79 90
79 51
79 15
79 68
79 113
79 61
79 6
77 13
77 24
77 107
77 118
77 44
77 67
77 6
77 89
31 86
31 106
31 68
31 44
31 98
86 100
86 24
86 90
86 66
86 32
86 61
86 6
86 98
106 52
106 51
106 66
106 93
106 34
106 36
106 45
106 98
53 82
53 20
53 88
53 1
13 46
13 24
13 65
13 15
13 71
13 110
99 107
99 51
99 55
99 68
99 82
99 60
2 14
2 40
2 82
2 110
2 58
2 92
2 54
2 45
2 104
2 60
14 107
14 51
14 9
14 66
14 98
100 114
100 15
100 95
100 32
100 110
100 92
46 72
46 40
46 32
46 20
46 73
46 98
24 116
24 51
24 55
24 40
24 34
24 73
65 90
65 32
65 61
65 92
65 88
65 104
65 98
72 56
72 114
72 113
72 1
72 6
72 98
72 89
72 25
52 66
52 68
52 71
52 61
52 92
52 104
107 85
107 56
107 66
107 68
107 110
107 88
90 40
90 15
90 66
90 102
90 88
56 114
56 68
56 44
56 92
56 67
116 55
116 110
116 88
116 117
116 6
51 71
51 58
51 61
51 88
51 67
9 40
9 110
9 93
55 82
55 113
55 118
55 1
55 89
55 25
40 82
40 39
40 61
40 117
114 68
114 44
114 34
114 54
114 104
114 1
114 117
15 68
15 39
15 5
15 34
15 104
15 60
15 25
95 73
66 54
66 104
66 6
68 58
68 93
68 45
82 71
82 110
82 102
82 58
82 45
82 1
71 118
71 117
71 89
32 92
110 92
110 45
110 60
113 61
113 20
113 44
113 36
113 1
113 117
113 67
113 73
118 36
102 39
102 61
102 45
39 44
39 89
58 93
58 36
58 54
58 1
61 25
5 34
5 117
20 54
20 45
20 88
20 98
93 92
93 117
93 25
34 92
34 88
34 73
92 45
92 60
45 117
88 73
88 6
1 98
117 67
67 89
6 60
98 60
