*verties 99
43
76
28
104
12
49
75
38
71
111
39
26
102
37
114
21
73
15
78
16
51
14
36
57
58
50
19
33
29
9
116
101
41
103
24
117
92
6
90
53
66
89
8
64
48
80
63
7
5
113
81
79
46
4
67
20
69
35
2
13
110
118
98
61
106
100
77
0
72
112
10
54
65
60
17
82
86
107
109
40
91
34
94
18
88
3
1
59
30
96
108
31
68
115
93
52
105
84
47
*edges 
43 76
43 28
43 49
43 75
43 38
43 71
43 111
43 39
43 26
43 102
43 37
43 114
43 21
43 73
43 16
43 14
43 58
43 50
43 19
43 33
43 9
43 116
43 101
43 24
43 117
43 92
43 6
43 53
43 89
43 8
43 64
43 48
43 80
43 63
43 5
43 113
43 79
43 46
43 4
43 67
43 20
43 35
43 2
43 13
43 110
43 118
43 98
43 106
43 100
43 72
43 112
43 10
43 54
43 65
43 60
43 17
43 82
43 86
43 107
43 34
43 94
43 88
43 3
43 1
43 59
43 30
43 96
43 108
43 31
43 68
43 115
43 93
43 52
43 84
43 47
76 104
76 12
76 75
76 38
76 111
76 26
76 102
76 114
76 21
76 15
76 78
76 16
76 51
76 14
76 36
76 57
76 50
76 19
76 33
76 29
76 9
76 116
76 101
76 41
76 103
76 24
76 117
76 92
76 6
76 90
76 53
76 89
76 8
76 64
76 48
76 80
76 63
76 5
76 113
76 46
76 67
76 69
76 2
76 13
76 110
76 118
76 98
76 61
76 106
76 77
76 0
76 72
76 112
76 10
76 54
76 60
76 17
76 82
76 86
76 109
76 40
76 91
76 34
76 94
76 18
76 88
76 3
76 1
76 59
76 30
76 96
76 108
76 31
76 68
76 115
76 52
76 105
76 84
76 47
28 12
28 49
28 75
28 38
28 71
28 111
28 39
28 26
28 102
28 37
28 114
28 73
28 15
28 78
28 16
28 14
28 36
28 58
28 50
28 19
28 33
28 29
28 9
28 116
28 101
28 41
28 103
28 24
28 117
28 92
28 90
28 66
28 64
28 48
28 80
28 7
28 5
28 79
28 46
28 67
28 20
28 69
28 35
28 2
28 110
28 118
28 98
28 106
28 100
28 77
28 0
28 72
28 10
28 54
28 65
28 60
28 86
28 107
28 109
28 40
28 34
28 94
28 18
28 88
28 3
28 1
28 30
28 96
28 108
28 31
28 68
28 115
28 93
28 105
28 84
28 47
104 12
104 49
104 71
104 111
104 39
104 26
104 102
104 37
104 114
104 73
104 15
104 78
104 16
104 51
104 36
104 57
104 58
104 50
104 19
104 33
104 29
104 9
104 101
104 41
104 103
104 24
104 117
104 92
104 53
104 66
104 89
104 8
104 80
104 63
104 7
104 5
104 113
104 81
104 79
104 4
104 67
104 20
104 69
104 35
104 2
104 13
104 110
104 118
104 106
104 100
104 77
104 0
104 10
104 54
104 65
104 17
104 86
104 107
104 109
104 40
104 91
104 94
104 18
104 88
104 3
104 1
104 30
104 108
104 31
104 68
104 115
104 93
104 52
104 105
104 84
104 47
12 75
12 38
12 111
12 39
12 26
12 21
12 78
12 16
12 14
12 36
12 57
12 58
12 19
12 33
12 9
12 116
12 101
12 41
12 103
12 24
12 117
12 92
12 6
12 90
12 53
12 89
12 8
12 64
12 48
12 80
12 63
12 7
12 5
12 113
12 81
12 79
12 46
12 4
12 20
12 69
12 35
12 2
12 13
12 110
12 118
12 98
12 61
12 106
12 100
12 0
12 72
12 112
12 54
12 65
12 17
12 82
12 86
12 107
12 109
12 40
12 91
12 34
12 94
12 18
12 88
12 1
12 30
12 96
12 108
12 68
12 115
12 93
12 52
12 105
12 47
49 75
49 38
49 71
49 111
49 39
49 37
49 114
49 21
49 15
49 78
49 16
49 51
49 14
49 36
49 58
49 19
49 33
49 29
49 9
49 116
49 101
49 41
49 117
49 92
49 6
49 90
49 53
49 66
49 89
49 8
49 64
49 48
49 63
49 7
49 5
49 113
49 81
49 79
49 46
49 4
49 20
49 69
49 35
49 2
49 13
49 110
49 118
49 98
49 61
49 106
49 100
49 0
49 72
49 54
49 65
49 17
49 82
49 86
49 109
49 40
49 91
49 34
49 94
49 18
49 88
49 59
49 30
49 96
49 108
49 31
49 68
49 115
49 93
49 105
49 47
75 38
75 71
75 111
75 39
75 26
75 102
75 37
75 114
75 21
75 15
75 16
75 51
75 14
75 36
75 57
75 58
75 50
75 19
75 29
75 9
75 116
75 101
75 41
75 103
75 24
75 117
75 92
75 90
75 66
75 89
75 8
75 64
75 48
75 63
75 7
75 113
75 81
75 79
75 46
75 4
75 20
75 35
75 2
75 13
75 110
75 98
75 61
75 106
75 100
75 77
75 0
75 72
75 112
75 54
75 65
75 60
75 17
75 82
75 86
75 107
75 109
75 40
75 91
75 34
75 94
75 18
75 88
75 3
75 1
75 59
75 96
75 108
75 31
75 68
75 115
75 93
75 105
75 47
38 111
38 39
38 26
38 102
38 37
38 114
38 21
38 73
38 15
38 78
38 16
38 51
38 14
38 36
38 57
38 50
38 19
38 33
38 29
38 9
38 116
38 103
38 24
38 92
38 6
38 66
38 89
38 64
38 48
38 80
38 63
38 5
38 81
38 79
38 46
38 4
38 67
38 20
38 69
38 35
38 2
38 13
38 98
38 61
38 106
38 77
38 0
38 72
38 112
38 54
38 65
38 60
38 82
38 86
38 107
38 109
38 40
38 91
38 34
38 94
38 18
38 88
38 3
38 1
38 59
38 30
38 96
38 108
38 31
38 115
38 93
38 52
38 105
38 84
38 47
71 39
71 26
71 102
71 37
71 114
71 21
71 73
71 15
71 16
71 51
71 14
71 57
71 50
71 19
71 33
71 29
71 9
71 116
71 41
71 103
71 24
71 117
71 92
71 6
71 90
71 53
71 66
71 89
71 8
71 64
71 48
71 80
71 63
71 7
71 5
71 113
71 81
71 79
71 46
71 4
71 67
71 20
71 69
71 35
71 13
71 110
71 118
71 98
71 61
71 106
71 100
71 77
71 0
71 72
71 112
71 10
71 65
71 60
71 17
71 82
71 86
71 107
71 109
71 91
71 34
71 94
71 88
71 3
71 1
71 59
71 30
71 96
71 108
71 68
71 115
71 93
71 52
71 105
71 84
71 47
111 39
111 26
111 102
111 37
111 114
111 21
111 73
111 78
111 16
111 14
111 36
111 57
111 58
111 50
111 19
111 33
111 29
111 9
111 116
111 41
111 103
111 117
111 92
111 53
111 66
111 89
111 8
111 64
111 48
111 80
111 63
111 7
111 5
111 113
111 81
111 79
111 4
111 67
111 20
111 69
111 35
111 2
111 13
111 110
111 98
111 106
111 77
111 0
111 72
111 10
111 54
111 60
111 82
111 86
111 109
111 40
111 91
111 34
111 94
111 18
111 88
111 3
111 59
111 30
111 96
111 108
111 31
111 68
111 115
111 52
111 105
111 84
111 47
39 26
39 102
39 37
39 114
39 73
39 15
39 78
39 16
39 14
39 57
39 58
39 50
39 33
39 29
39 116
39 101
39 41
39 103
39 24
39 117
39 92
39 6
39 90
39 66
39 8
39 64
39 48
39 80
39 7
39 5
39 113
39 79
39 46
39 4
39 20
39 69
39 35
39 2
39 13
39 110
39 118
39 98
39 61
39 106
39 100
39 77
39 0
39 112
39 10
39 54
39 65
39 60
39 17
39 82
39 86
39 107
39 109
39 91
39 34
39 94
39 18
39 88
39 3
39 59
39 96
39 108
39 31
39 115
39 52
39 105
39 47
26 37
26 21
26 73
26 15
26 16
26 14
26 36
26 57
26 58
26 50
26 19
26 33
26 29
26 9
26 116
26 41
26 24
26 117
26 92
26 6
26 90
26 53
26 66
26 89
26 8
26 64
26 48
26 80
26 63
26 5
26 113
26 81
26 79
26 46
26 4
26 67
26 35
26 2
26 110
26 118
26 98
26 61
26 106
26 100
26 77
26 0
26 72
26 112
26 54
26 65
26 82
26 107
26 40
26 34
26 94
26 18
26 88
26 3
26 1
26 59
26 30
26 108
26 31
26 68
26 115
26 93
26 47
102 37
102 114
102 21
102 73
102 15
102 78
102 16
102 51
102 36
102 57
102 58
102 19
102 9
102 101
102 41
102 103
102 24
102 117
102 6
102 90
102 53
102 66
102 89
102 8
102 64
102 48
102 80
102 63
102 5
102 81
102 79
102 4
102 67
102 20
102 69
102 35
102 13
102 110
102 98
102 61
102 106
102 100
102 77
102 0
102 112
102 10
102 54
102 65
102 60
102 17
102 82
102 86
102 109
102 40
102 91
102 34
102 18
102 88
102 3
102 59
102 96
102 108
102 68
102 115
102 93
102 52
102 105
102 84
102 47
37 114
37 21
37 73
37 15
37 16
37 14
37 36
37 57
37 58
37 50
37 19
37 33
37 29
37 9
37 116
37 101
37 41
37 103
37 117
37 92
37 6
37 90
37 53
37 89
37 8
37 64
37 48
37 80
37 63
37 7
37 5
37 113
37 81
37 79
37 46
37 67
37 20
37 69
37 35
37 13
37 110
37 118
37 61
37 106
37 100
37 0
37 10
37 54
37 65
37 17
37 86
37 107
37 40
37 91
37 94
37 18
37 88
37 3
37 1
37 59
37 30
37 68
37 115
37 93
37 52
37 105
37 84
37 47
114 73
114 15
114 78
114 16
114 51
114 14
114 36
114 57
114 58
114 19
114 33
114 29
114 116
114 41
114 103
114 24
114 117
114 92
114 6
114 90
114 53
114 66
114 89
114 8
114 64
114 48
114 80
114 63
114 7
114 5
114 113
114 81
114 46
114 69
114 35
114 110
114 118
114 98
114 61
114 106
114 100
114 77
114 0
114 72
114 112
114 10
114 54
114 65
114 60
114 17
114 82
114 86
114 107
114 40
114 91
114 34
114 94
114 18
114 88
114 3
114 1
114 30
114 96
114 108
114 31
114 68
114 115
114 93
114 52
114 105
114 84
114 47
21 78
21 16
21 51
21 36
21 57
21 50
21 19
21 33
21 29
21 9
21 101
21 41
21 103
21 24
21 117
21 92
21 6
21 90
21 53
21 8
21 64
21 48
21 63
21 5
21 113
21 81
21 79
21 46
21 4
21 67
21 69
21 13
21 118
21 98
21 61
21 106
21 100
21 77
21 0
21 72
21 10
21 54
21 82
21 86
21 107
21 109
21 91
21 34
21 94
21 18
21 88
21 59
21 96
21 108
21 31
21 68
21 115
21 93
21 52
21 105
21 84
21 47
73 78
73 16
73 14
73 36
73 57
73 58
73 50
73 19
73 33
73 29
73 9
73 116
73 101
73 41
73 103
73 117
73 92
73 6
73 90
73 53
73 66
73 89
73 8
73 64
73 48
73 80
73 63
73 7
73 5
73 113
73 46
73 4
73 67
73 20
73 69
73 35
73 2
73 13
73 110
73 118
73 98
73 61
73 106
73 100
73 77
73 72
73 112
73 10
73 54
73 65
73 82
73 109
73 40
73 91
73 34
73 94
73 18
73 1
73 59
73 30
73 96
73 108
73 31
73 68
73 115
73 93
73 105
73 84
73 47
15 78
15 51
15 57
15 58
15 50
15 19
15 33
15 9
15 116
15 101
15 41
15 103
15 24
15 117
15 92
15 90
15 53
15 66
15 89
15 8
15 64
15 48
15 80
15 63
15 7
15 5
15 113
15 81
15 79
15 46
15 4
15 67
15 20
15 35
15 110
15 118
15 98
15 61
15 106
15 0
15 72
15 112
15 54
15 65
15 60
15 82
15 86
15 107
15 109
15 40
15 91
15 34
15 94
15 18
15 88
15 3
15 1
15 59
15 30
15 96
15 108
15 31
15 68
15 115
15 93
15 52
15 105
15 84
15 47
78 16
78 36
78 57
78 58
78 50
78 19
78 33
78 29
78 9
78 116
78 101
78 41
78 103
78 24
78 117
78 92
78 90
78 66
78 89
78 8
78 64
78 48
78 80
78 7
78 5
78 81
78 79
78 4
78 67
78 20
78 69
78 35
78 2
78 13
78 110
78 118
78 98
78 61
78 106
78 77
78 72
78 112
78 10
78 54
78 65
78 60
78 17
78 82
78 86
78 107
78 109
78 40
78 91
78 34
78 94
78 88
78 3
78 1
78 59
78 30
78 96
78 31
78 115
78 93
78 52
78 105
78 84
78 47
16 51
16 14
16 36
16 57
16 58
16 50
16 19
16 33
16 116
16 101
16 41
16 103
16 24
16 117
16 92
16 6
16 90
16 53
16 66
16 89
16 8
16 64
16 48
16 80
16 63
16 7
16 113
16 81
16 79
16 46
16 4
16 67
16 20
16 69
16 35
16 2
16 13
16 110
16 118
16 106
16 100
16 77
16 0
16 72
16 112
16 10
16 54
16 65
16 17
16 82
16 86
16 107
16 109
16 40
16 34
16 94
16 18
16 3
16 59
16 30
16 96
16 108
16 31
16 68
16 115
16 93
16 105
16 84
51 14
51 36
51 57
51 50
51 19
51 9
51 116
51 41
51 103
51 117
51 92
51 6
51 90
51 53
51 66
51 89
51 64
51 48
51 7
51 5
51 113
51 81
51 79
51 4
51 67
51 69
51 13
51 118
51 98
51 61
51 100
51 77
51 0
51 72
51 112
51 10
51 54
51 65
51 82
51 86
51 107
51 109
51 91
51 34
51 94
51 18
51 3
51 1
51 59
51 30
51 108
51 31
51 115
51 52
51 105
51 84
51 47
14 36
14 57
14 58
14 50
14 33
14 29
14 9
14 116
14 41
14 103
14 24
14 117
14 92
14 6
14 66
14 89
14 8
14 64
14 48
14 80
14 7
14 5
14 113
14 81
14 79
14 46
14 4
14 67
14 20
14 69
14 2
14 13
14 110
14 118
14 98
14 106
14 100
14 77
14 0
14 72
14 10
14 54
14 60
14 17
14 86
14 107
14 109
14 40
14 34
14 18
14 88
14 30
14 96
14 108
14 31
14 68
14 115
14 93
14 52
14 105
14 84
14 47
36 57
36 50
36 19
36 33
36 29
36 9
36 101
36 41
36 103
36 24
36 117
36 92
36 90
36 53
36 66
36 89
36 8
36 64
36 48
36 80
36 63
36 7
36 5
36 79
36 46
36 4
36 20
36 69
36 35
36 2
36 13
36 98
36 106
36 100
36 77
36 72
36 54
36 65
36 60
36 82
36 86
36 107
36 109
36 40
36 91
36 18
36 88
36 3
36 1
36 30
36 96
36 108
36 31
36 68
36 115
36 93
36 52
36 105
36 84
57 58
57 19
57 33
57 29
57 9
57 101
57 41
57 24
57 6
57 53
57 66
57 89
57 8
57 64
57 80
57 63
57 7
57 5
57 113
57 46
57 4
57 67
57 69
57 35
57 2
57 13
57 110
57 118
57 98
57 106
57 77
57 0
57 72
57 112
57 10
57 54
57 65
57 17
57 82
57 86
57 109
57 40
57 91
57 34
57 94
57 88
57 3
57 1
57 59
57 96
57 108
57 31
57 68
57 115
57 105
57 84
57 47
58 50
58 19
58 33
58 9
58 116
58 101
58 41
58 103
58 24
58 117
58 92
58 53
58 89
58 8
58 64
58 48
58 80
58 63
58 7
58 5
58 113
58 81
58 79
58 4
58 67
58 20
58 35
58 2
58 110
58 118
58 98
58 61
58 106
58 100
58 77
58 0
58 112
58 54
58 60
58 17
58 82
58 107
58 109
58 34
58 94
58 18
58 88
58 3
58 1
58 59
58 30
58 96
58 108
58 31
58 68
58 115
58 93
58 105
58 84
58 47
50 19
50 33
50 29
50 9
50 116
50 24
50 117
50 6
50 90
50 53
50 89
50 8
50 64
50 48
50 7
50 5
50 113
50 81
50 67
50 20
50 69
50 35
50 13
50 110
50 118
50 98
50 61
50 106
50 100
50 0
50 112
50 10
50 54
50 65
50 60
50 17
50 107
50 109
50 40
50 94
50 18
50 88
50 3
50 1
50 59
50 30
50 96
50 108
50 31
50 115
50 52
50 105
50 47
19 33
19 29
19 9
19 101
19 41
19 103
19 24
19 117
19 92
19 6
19 90
19 66
19 89
19 8
19 64
19 80
19 7
19 5
19 113
19 81
19 79
19 46
19 67
19 20
19 69
19 35
19 2
19 13
19 110
19 118
19 98
19 106
19 100
19 77
19 0
19 72
19 10
19 54
19 65
19 60
19 17
19 82
19 86
19 107
19 40
19 34
19 94
19 18
19 88
19 3
19 59
19 96
19 31
19 68
19 93
19 52
19 105
19 47
33 29
33 9
33 116
33 101
33 103
33 24
33 117
33 90
33 53
33 66
33 89
33 8
33 64
33 48
33 80
33 63
33 7
33 5
33 81
33 79
33 46
33 4
33 20
33 69
33 35
33 2
33 13
33 110
33 118
33 106
33 100
33 77
33 0
33 72
33 10
33 65
33 60
33 17
33 82
33 86
33 109
33 40
33 91
33 34
33 18
33 88
33 3
33 1
33 59
33 96
33 108
33 31
33 68
33 115
33 52
33 105
33 84
33 47
29 9
29 116
29 101
29 41
29 103
29 24
29 92
29 6
29 90
29 53
29 66
29 8
29 64
29 48
29 80
29 7
29 5
29 113
29 81
29 79
29 46
29 4
29 67
29 20
29 35
29 2
29 13
29 118
29 98
29 61
29 100
29 77
29 0
29 72
29 112
29 10
29 54
29 65
29 60
29 17
29 82
29 86
29 107
29 109
29 91
29 34
29 94
29 18
29 88
29 3
29 1
29 30
29 96
29 108
29 68
29 115
29 93
29 52
29 105
29 47
9 116
9 101
9 103
9 24
9 92
9 6
9 90
9 66
9 89
9 8
9 64
9 48
9 80
9 7
9 5
9 81
9 46
9 4
9 67
9 35
9 2
9 118
9 98
9 61
9 106
9 100
9 77
9 0
9 72
9 112
9 10
9 54
9 60
9 17
9 82
9 86
9 109
9 91
9 94
9 88
9 3
9 1
9 59
9 30
9 108
9 68
9 115
9 52
9 105
9 47
116 101
116 41
116 103
116 24
116 92
116 90
116 53
116 66
116 8
116 64
116 48
116 63
116 7
116 5
116 113
116 81
116 79
116 46
116 4
116 69
116 35
116 2
116 13
116 110
116 118
116 98
116 106
116 100
116 0
116 72
116 112
116 10
116 54
116 60
116 17
116 82
116 86
116 107
116 109
116 40
116 91
116 94
116 18
116 3
116 1
116 59
116 30
116 96
116 108
116 31
116 68
116 115
116 93
116 52
116 105
116 84
116 47
101 41
101 103
101 24
101 117
101 90
101 53
101 66
101 89
101 8
101 64
101 113
101 81
101 79
101 46
101 4
101 67
101 20
101 69
101 2
101 13
101 110
101 98
101 61
101 106
101 100
101 77
101 0
101 72
101 112
101 54
101 65
101 17
101 82
101 107
101 109
101 40
101 34
101 94
101 88
101 3
101 1
101 59
101 30
101 108
101 31
101 68
101 93
101 105
101 84
101 47
41 24
41 117
41 6
41 90
41 53
41 66
41 89
41 8
41 64
41 48
41 80
41 63
41 7
41 5
41 46
41 4
41 67
41 20
41 69
41 35
41 13
41 110
41 118
41 61
41 106
41 100
41 77
41 0
41 72
41 112
41 10
41 65
41 60
41 17
41 82
41 86
41 107
41 109
41 40
41 91
41 94
41 18
41 88
41 3
41 59
41 30
41 96
41 108
41 31
41 115
41 93
41 52
41 105
41 84
41 47
103 24
103 92
103 6
103 90
103 53
103 89
103 8
103 64
103 48
103 80
103 63
103 7
103 5
103 113
103 81
103 79
103 46
103 4
103 67
103 20
103 69
103 35
103 13
103 110
103 98
103 61
103 100
103 77
103 0
103 72
103 112
103 10
103 54
103 65
103 60
103 107
103 109
103 40
103 91
103 34
103 18
103 3
103 1
103 59
103 30
103 108
103 31
103 68
103 115
103 93
103 52
103 105
103 84
103 47
24 117
24 6
24 90
24 53
24 89
24 8
24 48
24 80
24 63
24 7
24 5
24 113
24 81
24 79
24 46
24 4
24 67
24 20
24 35
24 2
24 110
24 118
24 98
24 61
24 106
24 100
24 77
24 0
24 72
24 112
24 10
24 54
24 65
24 60
24 17
24 82
24 86
24 109
24 40
24 91
24 34
24 94
24 88
24 3
24 1
24 30
24 96
24 108
24 31
24 52
24 105
24 47
117 92
117 6
117 53
117 89
117 8
117 64
117 80
117 63
117 7
117 5
117 113
117 79
117 4
117 67
117 69
117 35
117 2
117 13
117 118
117 98
117 61
117 106
117 77
117 72
117 112
117 10
117 54
117 65
117 60
117 17
117 82
117 86
117 107
117 109
117 40
117 91
117 34
117 94
117 18
117 3
117 1
117 59
117 30
117 96
117 108
117 68
117 93
117 52
92 6
92 90
92 53
92 66
92 89
92 48
92 63
92 7
92 5
92 113
92 81
92 79
92 4
92 67
92 20
92 69
92 2
92 13
92 110
92 118
92 98
92 61
92 106
92 100
92 77
92 0
92 112
92 10
92 54
92 65
92 60
92 17
92 82
92 86
92 107
92 40
92 91
92 34
92 18
92 3
92 1
92 59
92 30
92 96
92 108
92 31
92 68
92 115
92 93
92 52
92 105
92 47
6 90
6 89
6 8
6 64
6 63
6 7
6 5
6 113
6 81
6 79
6 46
6 20
6 69
6 2
6 13
6 110
6 118
6 100
6 72
6 112
6 10
6 65
6 82
6 86
6 107
6 40
6 91
6 34
6 94
6 18
6 88
6 1
6 59
6 30
6 96
6 108
6 68
6 93
6 52
6 84
6 47
90 53
90 89
90 8
90 64
90 48
90 63
90 7
90 5
90 113
90 81
90 79
90 46
90 4
90 67
90 69
90 35
90 2
90 13
90 110
90 118
90 98
90 61
90 106
90 100
90 77
90 0
90 72
90 112
90 10
90 65
90 60
90 17
90 82
90 107
90 109
90 91
90 18
90 88
90 1
90 59
90 96
90 108
90 31
90 115
90 93
90 52
90 84
90 47
53 66
53 89
53 8
53 64
53 48
53 80
53 63
53 7
53 113
53 81
53 79
53 46
53 4
53 67
53 20
53 35
53 2
53 13
53 110
53 118
53 100
53 77
53 0
53 72
53 112
53 10
53 54
53 65
53 60
53 82
53 107
53 40
53 91
53 34
53 94
53 18
53 88
53 3
53 1
53 59
53 30
53 96
53 31
53 115
53 93
53 52
53 105
53 47
66 89
66 8
66 64
66 48
66 63
66 5
66 113
66 81
66 46
66 4
66 67
66 20
66 69
66 35
66 2
66 13
66 118
66 61
66 106
66 100
66 77
66 0
66 112
66 10
66 54
66 65
66 60
66 82
66 86
66 107
66 91
66 34
66 94
66 18
66 1
66 59
66 30
66 96
66 108
66 31
66 68
66 93
66 52
66 105
66 84
66 47
89 8
89 64
89 48
89 63
89 7
89 5
89 113
89 81
89 79
89 46
89 4
89 67
89 69
89 35
89 13
89 110
89 118
89 98
89 61
89 100
89 77
89 0
89 72
89 10
89 54
89 65
89 60
89 82
89 107
89 109
89 40
89 91
89 34
89 18
89 88
89 3
89 1
89 59
89 30
89 96
89 31
89 115
89 52
89 105
89 84
8 64
8 48
8 80
8 63
8 7
8 5
8 81
8 79
8 20
8 69
8 35
8 2
8 110
8 118
8 61
8 106
8 100
8 77
8 0
8 72
8 112
8 54
8 65
8 60
8 17
8 86
8 107
8 40
8 91
8 94
8 18
8 88
8 3
8 1
8 30
8 96
8 108
8 115
8 93
8 52
8 105
8 84
8 47
64 48
64 80
64 63
64 7
64 5
64 113
64 81
64 79
64 46
64 4
64 67
64 20
64 35
64 2
64 13
64 110
64 118
64 61
64 106
64 100
64 0
64 72
64 10
64 65
64 60
64 17
64 107
64 109
64 34
64 94
64 88
64 3
64 1
64 59
64 30
64 108
64 31
64 68
64 115
64 93
64 52
64 105
64 84
64 47
48 80
48 63
48 5
48 113
48 79
48 67
48 20
48 69
48 35
48 13
48 110
48 118
48 98
48 61
48 106
48 77
48 0
48 72
48 112
48 65
48 60
48 17
48 82
48 86
48 107
48 109
48 40
48 91
48 34
48 94
48 18
48 88
48 3
48 1
48 59
48 30
48 108
48 31
48 68
48 115
48 93
48 52
48 105
48 84
48 47
80 63
80 7
80 5
80 113
80 81
80 79
80 4
80 20
80 69
80 35
80 2
80 13
80 110
80 118
80 98
80 61
80 100
80 0
80 72
80 112
80 10
80 54
80 65
80 60
80 17
80 86
80 107
80 40
80 34
80 94
80 18
80 88
80 3
80 1
80 30
80 96
80 108
80 31
80 115
80 93
80 52
80 105
80 47
63 7
63 5
63 113
63 81
63 79
63 46
63 4
63 67
63 20
63 35
63 2
63 110
63 118
63 98
63 61
63 106
63 100
63 77
63 72
63 112
63 10
63 54
63 60
63 17
63 82
63 86
63 107
63 109
63 40
63 34
63 3
63 59
63 30
63 96
63 31
63 68
63 115
63 93
63 52
63 105
63 84
63 47
7 5
7 113
7 79
7 46
7 4
7 67
7 20
7 69
7 13
7 110
7 118
7 98
7 61
7 106
7 100
7 77
7 0
7 72
7 112
7 10
7 54
7 65
7 60
7 17
7 82
7 86
7 107
7 109
7 40
7 94
7 18
7 88
7 3
7 1
7 59
7 96
7 31
7 68
7 115
7 52
7 105
7 84
7 47
5 46
5 4
5 67
5 20
5 69
5 2
5 13
5 110
5 118
5 98
5 61
5 106
5 77
5 0
5 112
5 10
5 54
5 65
5 60
5 17
5 82
5 86
5 107
5 109
5 40
5 91
5 94
5 18
5 3
5 1
5 59
5 30
5 96
5 108
5 31
5 68
5 93
5 52
5 105
5 84
5 47
113 46
113 4
113 67
113 20
113 69
113 2
113 110
113 118
113 61
113 106
113 100
113 77
113 0
113 72
113 112
113 10
113 54
113 17
113 82
113 86
113 107
113 109
113 91
113 34
113 94
113 18
113 3
113 59
113 30
113 96
113 108
113 31
113 115
113 93
113 52
113 105
81 79
81 46
81 4
81 20
81 35
81 2
81 13
81 110
81 98
81 61
81 106
81 100
81 77
81 0
81 72
81 112
81 54
81 65
81 60
81 82
81 86
81 40
81 91
81 34
81 94
81 18
81 88
81 3
81 1
81 59
81 30
81 96
81 108
81 31
81 93
81 52
81 105
81 84
79 46
79 4
79 67
79 20
79 69
79 35
79 2
79 13
79 110
79 118
79 98
79 61
79 106
79 77
79 0
79 72
79 112
79 10
79 65
79 60
79 17
79 82
79 107
79 109
79 40
79 91
79 34
79 94
79 1
79 59
79 30
79 96
79 108
79 68
79 93
79 52
79 105
79 84
79 47
46 4
46 20
46 69
46 35
46 2
46 110
46 118
46 98
46 61
46 106
46 100
46 0
46 72
46 112
46 10
46 54
46 60
46 17
46 82
46 86
46 107
46 40
46 91
46 94
46 18
46 88
46 1
46 108
46 31
46 68
46 115
46 93
46 52
46 84
46 47
4 67
4 20
4 69
4 35
4 2
4 13
4 110
4 118
4 61
4 106
4 0
4 112
4 54
4 65
4 17
4 82
4 86
4 109
4 40
4 91
4 34
4 94
4 18
4 88
4 3
4 1
4 59
4 30
4 96
4 31
4 68
4 93
4 52
4 105
4 47
67 20
67 69
67 13
67 118
67 61
67 106
67 100
67 77
67 0
67 72
67 112
67 65
67 60
67 17
67 82
67 86
67 107
67 40
67 91
67 34
67 94
67 88
67 3
67 1
67 96
67 108
67 31
67 115
67 93
67 52
67 105
67 84
67 47
20 69
20 35
20 2
20 118
20 98
20 61
20 72
20 112
20 10
20 54
20 65
20 60
20 17
20 82
20 107
20 109
20 40
20 91
20 34
20 94
20 88
20 3
20 1
20 59
20 96
20 108
20 31
20 115
20 93
20 52
20 84
20 47
69 35
69 2
69 13
69 118
69 61
69 106
69 100
69 77
69 72
69 112
69 10
69 54
69 65
69 60
69 17
69 86
69 107
69 109
69 40
69 91
69 34
69 94
69 18
69 88
69 3
69 1
69 59
69 30
69 96
69 108
69 31
69 68
69 115
69 93
69 52
69 105
69 84
69 47
35 2
35 13
35 110
35 118
35 98
35 106
35 100
35 72
35 112
35 10
35 54
35 60
35 17
35 82
35 107
35 109
35 91
35 34
35 94
35 18
35 88
35 3
35 1
35 59
35 30
35 96
35 31
35 68
35 93
35 52
35 105
35 47
2 13
2 110
2 118
2 106
2 100
2 77
2 0
2 10
2 54
2 65
2 60
2 17
2 82
2 107
2 109
2 40
2 91
2 94
2 18
2 88
2 1
2 59
2 30
2 96
2 108
2 31
2 68
2 115
2 93
2 52
2 105
2 84
2 47
13 110
13 61
13 100
13 77
13 10
13 54
13 17
13 82
13 86
13 107
13 109
13 40
13 34
13 94
13 18
13 88
13 3
13 1
13 59
13 30
13 96
13 108
13 31
13 68
13 115
13 93
13 52
13 105
13 84
13 47
110 118
110 98
110 61
110 106
110 100
110 0
110 72
110 112
110 10
110 54
110 60
110 17
110 82
110 107
110 109
110 40
110 91
110 94
110 18
110 3
110 1
110 59
110 30
110 96
110 108
110 31
110 93
110 105
110 84
110 47
118 98
118 61
118 106
118 100
118 77
118 72
118 112
118 10
118 54
118 65
118 60
118 82
118 86
118 107
118 109
118 40
118 91
118 34
118 18
118 3
118 1
118 59
118 30
118 96
118 108
118 31
118 68
118 115
118 52
118 105
118 84
118 47
98 106
98 100
98 77
98 0
98 72
98 112
98 10
98 65
98 60
98 17
98 82
98 107
98 109
98 40
98 91
98 34
98 94
98 18
98 88
98 1
98 59
98 30
98 96
98 108
98 31
98 68
98 115
98 93
98 52
98 105
98 84
61 77
61 0
61 72
61 112
61 10
61 60
61 17
61 82
61 107
61 40
61 34
61 94
61 18
61 88
61 3
61 1
61 59
61 108
61 31
61 68
61 115
61 93
61 52
61 105
61 84
61 47
106 100
106 77
106 72
106 112
106 10
106 54
106 65
106 17
106 82
106 86
106 107
106 109
106 40
106 91
106 94
106 18
106 88
106 3
106 1
106 30
106 96
106 108
106 31
106 68
106 115
106 52
106 105
106 84
106 47
100 77
100 0
100 72
100 112
100 65
100 17
100 82
100 86
100 107
100 40
100 91
100 34
100 94
100 18
100 88
100 3
100 1
100 59
100 30
100 96
100 108
100 31
100 68
100 115
100 93
100 52
100 105
100 47
77 0
77 112
77 10
77 65
77 60
77 17
77 82
77 86
77 107
77 40
77 34
77 94
77 88
77 1
77 30
77 96
77 68
77 115
77 93
77 52
77 105
77 84
77 47
0 72
0 112
0 10
0 65
0 60
0 107
0 109
0 40
0 91
0 34
0 94
0 18
0 88
0 3
0 1
0 59
0 30
0 108
0 31
0 68
0 115
0 52
0 105
0 84
0 47
72 112
72 10
72 60
72 17
72 86
72 107
72 109
72 40
72 91
72 94
72 18
72 88
72 3
72 1
72 59
72 30
72 96
72 108
72 31
72 68
72 115
72 93
72 52
72 105
72 84
72 47
112 10
112 54
112 60
112 82
112 86
112 107
112 109
112 40
112 34
112 94
112 18
112 3
112 1
112 59
112 30
112 96
112 108
112 31
112 93
112 52
112 105
112 84
112 47
10 65
10 17
10 86
10 107
10 109
10 40
10 91
10 34
10 94
10 18
10 88
10 3
10 59
10 30
10 31
10 68
10 115
10 52
10 105
10 84
54 60
54 82
54 86
54 107
54 109
54 91
54 34
54 94
54 18
54 88
54 3
54 1
54 59
54 30
54 96
54 108
54 31
54 68
54 115
54 93
54 52
54 105
65 60
65 17
65 107
65 40
65 34
65 94
65 18
65 88
65 3
65 1
65 59
65 30
65 108
65 68
65 115
65 93
65 52
65 105
65 84
60 17
60 86
60 107
60 109
60 34
60 94
60 18
60 3
60 1
60 59
60 30
60 96
60 108
60 31
60 115
60 52
60 84
60 47
17 86
17 107
17 109
17 40
17 91
17 34
17 94
17 18
17 88
17 3
17 59
17 30
17 31
17 115
17 93
17 52
17 84
17 47
82 86
82 107
82 109
82 40
82 34
82 94
82 18
82 88
82 3
82 1
82 59
82 30
82 108
82 68
82 115
82 93
82 52
82 105
82 84
82 47
86 107
86 91
86 34
86 94
86 88
86 1
86 59
86 30
86 108
86 31
86 93
86 105
86 47
107 109
107 40
107 91
107 34
107 94
107 18
107 1
107 59
107 96
107 31
107 68
107 115
107 93
107 52
107 105
107 84
107 47
109 40
109 91
109 34
109 94
109 18
109 88
109 1
109 59
109 30
109 96
109 31
109 68
109 115
109 93
109 52
109 105
109 84
40 91
40 18
40 88
40 3
40 1
40 59
40 30
40 96
40 108
40 31
40 68
40 115
40 93
40 52
40 105
40 84
40 47
91 34
91 18
91 88
91 3
91 1
91 59
91 30
91 96
91 31
91 68
91 115
91 93
91 52
91 105
91 84
91 47
34 94
34 18
34 88
34 3
34 59
34 30
34 108
34 31
34 68
34 115
34 93
34 52
34 105
34 84
34 47
94 18
94 88
94 1
94 30
94 96
94 31
94 68
94 93
94 52
94 105
94 84
18 3
18 59
18 30
18 96
18 108
18 31
18 68
18 115
18 93
18 52
18 105
18 84
88 3
88 1
88 30
88 96
88 108
88 31
88 68
88 115
88 52
88 105
88 84
88 47
3 1
3 30
3 96
3 108
3 31
3 68
3 93
3 84
1 59
1 30
1 96
1 108
1 31
1 115
1 93
1 52
1 84
1 47
59 30
59 108
59 31
59 68
59 93
59 52
59 105
59 84
59 47
30 108
30 31
30 68
30 115
30 93
30 52
30 105
30 84
96 108
96 31
96 68
96 115
96 52
96 105
96 84
96 47
108 115
108 93
108 52
108 105
108 84
108 47
31 115
31 93
31 105
31 47
68 115
68 93
68 52
68 84
115 52
115 105
115 84
93 52
93 105
93 84
93 47
52 105
52 84
52 47
105 84
105 47
84 47
