*verties 98
99
85
111
82
71
101
6
53
100
80
31
22
55
65
107
17
89
10
28
51
46
56
49
105
104
16
94
7
35
21
20
12
1
79
98
110
47
2
76
112
0
96
66
24
41
54
69
87
36
3
42
77
30
95
27
88
109
39
119
72
73
25
5
58
113
43
106
8
15
62
67
4
115
63
103
91
93
116
118
74
114
102
45
37
18
68
84
83
32
92
33
50
78
61
34
75
48
40
*edges 
99 85
99 111
99 82
99 71
99 101
99 6
99 100
99 80
99 31
99 22
99 55
99 107
99 17
99 89
99 10
99 51
99 46
99 56
99 49
99 105
99 16
99 94
99 7
99 35
99 21
99 20
99 12
99 1
99 98
99 110
99 47
99 2
99 76
99 112
99 96
99 66
99 41
99 54
99 69
99 36
99 3
99 42
99 30
99 95
99 27
99 109
99 72
99 25
99 113
99 43
99 106
99 8
99 15
99 62
99 67
99 115
99 63
99 103
99 91
99 116
99 118
99 74
99 114
99 102
99 45
99 37
99 18
99 68
99 84
99 83
99 33
99 50
99 34
99 75
99 48
85 82
85 71
85 101
85 53
85 80
85 31
85 22
85 55
85 65
85 107
85 17
85 89
85 10
85 28
85 51
85 46
85 56
85 49
85 104
85 16
85 7
85 35
85 21
85 20
85 1
85 79
85 47
85 2
85 112
85 0
85 96
85 66
85 24
85 41
85 54
85 69
85 87
85 36
85 42
85 30
85 95
85 27
85 88
85 119
85 72
85 73
85 25
85 5
85 58
85 113
85 43
85 106
85 15
85 62
85 67
85 115
85 103
85 91
85 93
85 118
85 74
85 114
85 45
85 37
85 18
85 68
85 84
85 83
85 32
85 92
85 50
85 78
85 61
85 75
85 48
85 40
111 71
111 6
111 53
111 100
111 80
111 31
111 22
111 107
111 17
111 89
111 10
111 28
111 51
111 49
111 105
111 104
111 16
111 94
111 35
111 21
111 1
111 79
111 98
111 110
111 47
111 0
111 96
111 66
111 41
111 54
111 69
111 87
111 36
111 42
111 77
111 30
111 95
111 27
111 88
111 109
111 39
111 72
111 73
111 25
111 5
111 58
111 113
111 43
111 106
111 8
111 62
111 67
111 4
111 115
111 63
111 103
111 91
111 93
111 116
111 118
111 74
111 114
111 102
111 45
111 37
111 18
111 68
111 84
111 83
111 32
111 92
111 50
111 61
111 75
111 40
82 71
82 101
82 6
82 53
82 100
82 80
82 31
82 65
82 107
82 17
82 89
82 10
82 28
82 51
82 56
82 49
82 105
82 16
82 94
82 7
82 35
82 21
82 1
82 79
82 98
82 110
82 47
82 2
82 112
82 0
82 96
82 66
82 24
82 41
82 54
82 69
82 87
82 36
82 3
82 42
82 77
82 30
82 95
82 27
82 109
82 39
82 72
82 73
82 25
82 5
82 58
82 113
82 43
82 106
82 8
82 15
82 115
82 63
82 91
82 116
82 118
82 74
82 102
82 37
82 18
82 84
82 83
82 32
82 92
82 33
82 50
82 61
82 34
82 48
82 40
71 101
71 53
71 100
71 80
71 22
71 55
71 65
71 17
71 89
71 10
71 28
71 51
71 46
71 49
71 105
71 16
71 94
71 7
71 35
71 21
71 1
71 98
71 47
71 2
71 76
71 112
71 0
71 96
71 24
71 69
71 36
71 3
71 30
71 95
71 27
71 109
71 39
71 25
71 5
71 58
71 113
71 8
71 15
71 62
71 4
71 115
71 63
71 103
71 93
71 116
71 114
71 102
71 45
71 37
71 68
71 84
71 83
71 32
71 92
71 33
71 50
71 61
71 34
71 75
71 48
71 40
101 6
101 80
101 22
101 55
101 107
101 17
101 89
101 10
101 28
101 51
101 56
101 49
101 105
101 104
101 7
101 21
101 20
101 12
101 1
101 79
101 110
101 47
101 2
101 76
101 112
101 96
101 24
101 41
101 54
101 69
101 87
101 77
101 30
101 88
101 39
101 119
101 72
101 25
101 58
101 113
101 43
101 106
101 8
101 15
101 62
101 67
101 4
101 115
101 63
101 91
101 118
101 74
101 114
101 102
101 45
101 37
101 18
101 68
101 84
101 83
101 92
101 33
101 50
101 78
101 61
101 34
101 75
101 48
101 40
6 53
6 100
6 80
6 22
6 55
6 65
6 107
6 89
6 51
6 46
6 56
6 49
6 105
6 104
6 16
6 94
6 7
6 35
6 21
6 20
6 12
6 1
6 79
6 98
6 110
6 47
6 2
6 76
6 112
6 0
6 96
6 66
6 24
6 41
6 54
6 87
6 36
6 3
6 42
6 77
6 30
6 95
6 27
6 88
6 109
6 39
6 119
6 72
6 73
6 25
6 5
6 43
6 106
6 8
6 62
6 67
6 4
6 115
6 103
6 118
6 114
6 102
6 45
6 18
6 84
6 83
6 32
6 92
6 33
6 50
6 78
6 34
6 75
6 48
53 100
53 80
53 22
53 55
53 107
53 17
53 89
53 10
53 28
53 51
53 49
53 105
53 104
53 16
53 94
53 7
53 35
53 21
53 12
53 1
53 79
53 98
53 110
53 47
53 2
53 76
53 112
53 96
53 66
53 24
53 41
53 54
53 69
53 87
53 36
53 3
53 42
53 77
53 30
53 95
53 27
53 109
53 39
53 119
53 73
53 25
53 58
53 106
53 8
53 62
53 67
53 115
53 63
53 103
53 91
53 93
53 116
53 118
53 74
53 114
53 102
53 45
53 37
53 18
53 68
53 83
53 32
53 92
53 33
53 78
53 34
53 75
53 48
53 40
100 80
100 31
100 22
100 55
100 65
100 17
100 56
100 49
100 105
100 104
100 94
100 7
100 12
100 1
100 98
100 110
100 112
100 0
100 96
100 66
100 54
100 69
100 87
100 36
100 42
100 77
100 30
100 95
100 109
100 119
100 72
100 73
100 25
100 5
100 113
100 43
100 106
100 8
100 15
100 62
100 67
100 4
100 115
100 63
100 103
100 91
100 93
100 116
100 118
100 74
100 114
100 45
100 37
100 68
100 83
100 92
100 78
100 61
100 75
100 48
100 40
80 31
80 22
80 55
80 65
80 107
80 17
80 89
80 10
80 28
80 56
80 49
80 105
80 104
80 94
80 21
80 20
80 1
80 79
80 98
80 110
80 47
80 2
80 76
80 112
80 0
80 96
80 66
80 24
80 41
80 69
80 87
80 36
80 42
80 77
80 95
80 27
80 88
80 39
80 119
80 73
80 25
80 5
80 58
80 113
80 43
80 106
80 8
80 15
80 62
80 67
80 115
80 103
80 91
80 74
80 18
80 84
80 83
80 32
80 92
80 50
80 75
80 48
80 40
31 22
31 107
31 17
31 89
31 10
31 28
31 51
31 46
31 56
31 49
31 105
31 104
31 16
31 94
31 7
31 20
31 12
31 1
31 79
31 110
31 47
31 2
31 76
31 112
31 66
31 24
31 41
31 42
31 77
31 30
31 95
31 109
31 39
31 119
31 72
31 25
31 5
31 58
31 113
31 43
31 106
31 8
31 15
31 62
31 67
31 4
31 115
31 63
31 103
31 91
31 116
31 102
31 18
31 68
31 84
31 83
31 92
31 33
31 50
31 78
31 34
31 40
22 55
22 65
22 107
22 17
22 89
22 10
22 28
22 51
22 46
22 56
22 49
22 104
22 16
22 94
22 7
22 21
22 20
22 12
22 1
22 79
22 98
22 110
22 47
22 76
22 112
22 0
22 96
22 66
22 24
22 41
22 54
22 69
22 36
22 3
22 42
22 77
22 30
22 27
22 109
22 39
22 72
22 73
22 25
22 5
22 58
22 113
22 43
22 106
22 8
22 15
22 62
22 4
22 63
22 103
22 91
22 93
22 116
22 118
22 114
22 102
22 45
22 18
22 68
22 84
22 83
22 32
22 92
22 33
22 50
22 78
22 61
22 34
22 75
22 48
22 40
55 65
55 107
55 17
55 89
55 10
55 28
55 51
55 105
55 104
55 16
55 94
55 7
55 35
55 21
55 12
55 1
55 79
55 110
55 2
55 76
55 96
55 66
55 24
55 41
55 54
55 69
55 87
55 36
55 3
55 42
55 77
55 30
55 27
55 88
55 109
55 39
55 73
55 25
55 5
55 58
55 113
55 43
55 106
55 67
55 4
55 115
55 63
55 103
55 91
55 93
55 118
55 74
55 114
55 102
55 45
55 18
55 68
55 84
55 83
55 32
55 33
55 78
55 61
55 48
55 40
65 107
65 17
65 89
65 10
65 28
65 51
65 46
65 56
65 49
65 105
65 104
65 16
65 94
65 7
65 35
65 21
65 20
65 1
65 79
65 110
65 2
65 76
65 112
65 0
65 96
65 66
65 24
65 41
65 54
65 69
65 87
65 3
65 42
65 77
65 30
65 95
65 27
65 88
65 109
65 39
65 119
65 73
65 25
65 5
65 58
65 113
65 43
65 8
65 15
65 62
65 67
65 4
65 115
65 103
65 91
65 116
65 74
65 114
65 102
65 45
65 37
65 18
65 68
65 84
65 83
65 32
65 92
65 33
65 50
65 78
65 34
65 48
65 40
107 17
107 89
107 10
107 28
107 46
107 49
107 105
107 104
107 94
107 7
107 35
107 12
107 1
107 79
107 2
107 76
107 112
107 0
107 96
107 66
107 24
107 87
107 36
107 3
107 42
107 30
107 95
107 27
107 109
107 39
107 119
107 73
107 25
107 113
107 43
107 106
107 15
107 62
107 67
107 4
107 115
107 103
107 93
107 118
107 18
107 68
107 84
107 32
107 92
107 78
107 61
107 75
107 48
17 89
17 10
17 28
17 51
17 46
17 56
17 49
17 105
17 104
17 16
17 94
17 35
17 20
17 12
17 1
17 98
17 110
17 47
17 2
17 76
17 0
17 96
17 66
17 41
17 54
17 69
17 87
17 36
17 3
17 77
17 30
17 95
17 109
17 39
17 119
17 72
17 73
17 58
17 43
17 106
17 8
17 15
17 62
17 67
17 4
17 115
17 63
17 91
17 93
17 116
17 118
17 102
17 45
17 37
17 18
17 68
17 84
17 32
17 92
17 50
17 61
17 75
17 48
17 40
89 10
89 28
89 51
89 46
89 56
89 49
89 104
89 16
89 94
89 7
89 35
89 20
89 1
89 79
89 98
89 110
89 47
89 2
89 112
89 0
89 96
89 66
89 24
89 41
89 54
89 87
89 3
89 42
89 77
89 30
89 95
89 27
89 109
89 39
89 119
89 72
89 25
89 5
89 58
89 113
89 43
89 106
89 8
89 62
89 103
89 91
89 93
89 116
89 118
89 74
89 37
89 18
89 68
89 84
89 83
89 32
89 33
89 50
89 78
89 61
89 75
89 40
10 28
10 51
10 46
10 49
10 105
10 104
10 16
10 7
10 20
10 12
10 79
10 98
10 110
10 47
10 76
10 112
10 0
10 96
10 66
10 54
10 87
10 3
10 42
10 77
10 30
10 95
10 88
10 109
10 39
10 119
10 72
10 73
10 25
10 58
10 106
10 8
10 15
10 62
10 67
10 103
10 93
10 116
10 74
10 114
10 102
10 45
10 18
10 32
10 50
10 78
10 34
10 75
10 48
10 40
28 56
28 49
28 105
28 16
28 94
28 7
28 35
28 21
28 20
28 98
28 47
28 76
28 112
28 0
28 66
28 41
28 54
28 87
28 36
28 42
28 77
28 30
28 95
28 27
28 88
28 109
28 39
28 119
28 72
28 25
28 5
28 58
28 43
28 106
28 8
28 15
28 62
28 115
28 63
28 91
28 93
28 74
28 114
28 102
28 45
28 18
28 68
28 83
28 92
28 33
28 50
28 78
28 61
28 75
28 48
51 46
51 56
51 49
51 105
51 104
51 16
51 94
51 35
51 21
51 20
51 12
51 98
51 110
51 47
51 2
51 76
51 112
51 0
51 96
51 66
51 24
51 54
51 69
51 87
51 36
51 42
51 30
51 27
51 88
51 109
51 39
51 119
51 72
51 73
51 25
51 58
51 43
51 106
51 8
51 62
51 67
51 4
51 115
51 93
51 116
51 118
51 74
51 114
51 45
51 37
51 18
51 68
51 32
51 92
51 33
51 78
51 61
51 34
51 48
51 40
46 56
46 104
46 16
46 94
46 7
46 35
46 21
46 20
46 1
46 79
46 98
46 47
46 2
46 76
46 112
46 0
46 66
46 24
46 41
46 54
46 69
46 87
46 36
46 3
46 42
46 30
46 95
46 27
46 109
46 39
46 119
46 72
46 73
46 5
46 58
46 113
46 43
46 106
46 8
46 67
46 4
46 115
46 63
46 103
46 91
46 93
46 116
46 118
46 74
46 114
46 102
46 45
46 37
46 68
46 84
46 83
46 32
46 92
46 33
46 50
46 61
46 34
46 75
46 40
56 49
56 104
56 16
56 94
56 7
56 35
56 21
56 20
56 1
56 98
56 110
56 47
56 76
56 112
56 0
56 96
56 66
56 41
56 54
56 69
56 87
56 36
56 3
56 42
56 77
56 30
56 95
56 88
56 109
56 119
56 73
56 5
56 58
56 113
56 8
56 62
56 67
56 4
56 115
56 63
56 91
56 93
56 116
56 118
56 74
56 114
56 102
56 45
56 18
56 68
56 84
56 32
56 92
56 33
56 50
56 78
56 61
56 34
56 75
56 48
56 40
49 105
49 104
49 16
49 94
49 7
49 35
49 21
49 20
49 12
49 79
49 98
49 110
49 47
49 2
49 76
49 112
49 96
49 66
49 24
49 41
49 54
49 69
49 87
49 36
49 3
49 30
49 95
49 27
49 88
49 109
49 39
49 119
49 72
49 25
49 58
49 113
49 43
49 106
49 67
49 115
49 63
49 103
49 93
49 116
49 118
49 74
49 114
49 45
49 37
49 18
49 68
49 83
49 92
49 50
49 78
49 61
49 34
49 75
49 48
105 104
105 16
105 94
105 7
105 35
105 21
105 20
105 12
105 79
105 98
105 110
105 47
105 2
105 76
105 112
105 96
105 66
105 24
105 41
105 54
105 69
105 87
105 36
105 3
105 42
105 30
105 95
105 88
105 109
105 39
105 119
105 72
105 73
105 25
105 58
105 113
105 8
105 62
105 67
105 4
105 115
105 63
105 103
105 91
105 116
105 118
105 74
105 114
105 102
105 84
105 83
105 32
105 33
105 50
105 61
105 34
105 75
105 48
105 40
104 16
104 94
104 7
104 35
104 21
104 20
104 12
104 79
104 110
104 47
104 2
104 76
104 0
104 96
104 66
104 24
104 41
104 54
104 69
104 36
104 77
104 27
104 88
104 109
104 119
104 72
104 73
104 25
104 5
104 113
104 43
104 106
104 8
104 15
104 62
104 67
104 115
104 63
104 103
104 91
104 93
104 74
104 114
104 102
104 45
104 37
104 18
104 68
104 84
104 83
104 32
104 92
104 50
104 78
104 61
104 34
104 75
104 48
16 7
16 21
16 20
16 12
16 1
16 79
16 98
16 47
16 2
16 0
16 96
16 24
16 41
16 54
16 69
16 87
16 3
16 30
16 95
16 27
16 88
16 39
16 72
16 73
16 25
16 113
16 43
16 8
16 15
16 62
16 67
16 91
16 93
16 116
16 118
16 74
16 114
16 45
16 37
16 18
16 84
16 83
16 32
16 92
16 33
16 50
16 78
16 61
16 75
94 35
94 21
94 12
94 1
94 79
94 98
94 110
94 47
94 2
94 76
94 112
94 0
94 96
94 41
94 69
94 87
94 36
94 77
94 30
94 95
94 88
94 72
94 73
94 25
94 58
94 113
94 43
94 106
94 8
94 15
94 62
94 67
94 63
94 103
94 91
94 93
94 116
94 118
94 74
94 114
94 102
94 45
94 18
94 68
94 84
94 83
94 32
94 92
94 33
94 50
94 78
94 61
94 34
94 75
94 48
94 40
7 35
7 21
7 20
7 1
7 79
7 98
7 47
7 2
7 76
7 112
7 0
7 24
7 41
7 54
7 69
7 36
7 42
7 30
7 95
7 88
7 109
7 39
7 119
7 72
7 73
7 25
7 5
7 58
7 43
7 8
7 15
7 115
7 103
7 91
7 116
7 118
7 74
7 114
7 45
7 37
7 18
7 84
7 83
7 32
7 92
7 33
7 78
7 61
7 75
7 48
7 40
35 21
35 20
35 12
35 1
35 79
35 98
35 47
35 2
35 76
35 96
35 66
35 24
35 41
35 54
35 69
35 87
35 36
35 3
35 42
35 77
35 30
35 109
35 39
35 119
35 73
35 25
35 5
35 58
35 113
35 8
35 15
35 62
35 67
35 103
35 93
35 116
35 118
35 114
35 102
35 45
35 37
35 18
35 68
35 84
35 83
35 32
35 92
35 78
35 61
35 75
35 48
21 20
21 12
21 98
21 110
21 47
21 2
21 76
21 112
21 96
21 66
21 24
21 41
21 69
21 36
21 3
21 42
21 77
21 30
21 95
21 109
21 39
21 119
21 72
21 73
21 25
21 58
21 113
21 43
21 106
21 8
21 15
21 4
21 115
21 63
21 103
21 91
21 116
21 118
21 74
21 114
21 102
21 45
21 37
21 18
21 68
21 84
21 83
21 32
21 92
21 33
21 50
21 78
21 61
21 75
21 40
20 12
20 1
20 79
20 110
20 47
20 76
20 112
20 0
20 96
20 66
20 24
20 69
20 87
20 36
20 3
20 42
20 77
20 30
20 95
20 109
20 119
20 25
20 5
20 58
20 113
20 106
20 8
20 15
20 67
20 4
20 63
20 103
20 91
20 118
20 74
20 114
20 102
20 45
20 37
20 18
20 68
20 83
20 32
20 92
20 33
20 50
20 61
20 75
20 40
12 1
12 79
12 98
12 110
12 47
12 76
12 112
12 0
12 96
12 66
12 24
12 69
12 87
12 3
12 77
12 30
12 88
12 109
12 119
12 72
12 73
12 25
12 5
12 113
12 43
12 106
12 8
12 67
12 4
12 115
12 103
12 91
12 93
12 118
12 114
12 102
12 45
12 37
12 18
12 68
12 84
12 83
12 32
12 92
12 50
12 61
12 75
12 48
12 40
1 79
1 98
1 110
1 47
1 2
1 112
1 0
1 96
1 66
1 41
1 87
1 36
1 3
1 42
1 77
1 30
1 95
1 27
1 88
1 109
1 39
1 119
1 25
1 58
1 113
1 43
1 106
1 15
1 62
1 67
1 4
1 115
1 63
1 103
1 93
1 116
1 74
1 114
1 102
1 45
1 37
1 68
1 84
1 83
1 92
1 33
1 50
1 78
1 61
1 34
1 75
1 40
79 110
79 47
79 2
79 76
79 112
79 0
79 96
79 66
79 41
79 36
79 42
79 77
79 95
79 27
79 88
79 39
79 119
79 72
79 73
79 25
79 58
79 43
79 106
79 15
79 62
79 67
79 4
79 115
79 63
79 103
79 91
79 93
79 116
79 118
79 74
79 114
79 102
79 45
79 37
79 18
79 68
79 83
79 32
79 92
79 33
79 50
79 61
79 75
79 48
79 40
98 47
98 2
98 76
98 112
98 0
98 96
98 66
98 24
98 41
98 69
98 87
98 36
98 3
98 77
98 30
98 95
98 27
98 88
98 39
98 119
98 72
98 73
98 25
98 5
98 113
98 8
98 15
98 62
98 4
98 63
98 103
98 91
98 93
98 116
98 118
98 74
98 102
98 45
98 37
98 18
98 68
98 83
98 32
98 92
98 33
98 50
98 78
98 61
98 34
98 75
98 48
98 40
110 47
110 2
110 76
110 112
110 0
110 96
110 66
110 24
110 41
110 54
110 69
110 87
110 36
110 3
110 42
110 77
110 30
110 95
110 27
110 88
110 39
110 119
110 73
110 25
110 5
110 58
110 113
110 43
110 106
110 8
110 62
110 4
110 63
110 103
110 91
110 93
110 116
110 74
110 102
110 45
110 37
110 18
110 68
110 84
110 92
110 33
110 50
110 78
110 61
110 34
110 75
110 48
110 40
47 2
47 76
47 112
47 0
47 96
47 66
47 24
47 41
47 69
47 36
47 3
47 42
47 77
47 30
47 27
47 88
47 109
47 39
47 119
47 73
47 25
47 5
47 58
47 113
47 43
47 106
47 8
47 15
47 62
47 67
47 4
47 115
47 103
47 91
47 93
47 116
47 118
47 74
47 114
47 102
47 45
47 37
47 18
47 68
47 84
47 83
47 32
47 92
47 33
47 50
47 78
47 61
47 34
47 75
47 48
47 40
2 76
2 112
2 96
2 66
2 24
2 41
2 54
2 69
2 87
2 3
2 42
2 77
2 30
2 95
2 27
2 88
2 109
2 119
2 72
2 73
2 25
2 5
2 58
2 8
2 15
2 62
2 67
2 4
2 63
2 103
2 93
2 74
2 114
2 45
2 37
2 18
2 84
2 83
2 92
2 33
2 50
2 78
2 61
2 34
2 75
2 48
2 40
76 112
76 0
76 24
76 41
76 87
76 36
76 3
76 42
76 77
76 30
76 27
76 88
76 109
76 39
76 119
76 73
76 25
76 5
76 58
76 113
76 43
76 8
76 62
76 67
76 4
76 115
76 103
76 91
76 116
76 118
76 74
76 114
76 45
76 18
76 83
76 92
76 33
76 61
76 34
76 75
76 48
76 40
112 0
112 96
112 66
112 24
112 41
112 87
112 3
112 30
112 95
112 27
112 88
112 109
112 39
112 119
112 72
112 5
112 113
112 43
112 106
112 8
112 15
112 67
112 115
112 63
112 103
112 91
112 93
112 116
112 118
112 74
112 114
112 102
112 37
112 18
112 68
112 83
112 92
112 33
112 50
112 78
112 34
112 75
112 48
0 96
0 66
0 24
0 69
0 36
0 3
0 42
0 77
0 88
0 109
0 39
0 119
0 73
0 25
0 5
0 113
0 43
0 106
0 8
0 15
0 62
0 67
0 115
0 63
0 103
0 91
0 93
0 116
0 74
0 114
0 45
0 37
0 18
0 83
0 32
0 92
0 33
0 50
0 78
0 40
96 66
96 24
96 41
96 69
96 36
96 3
96 42
96 30
96 95
96 88
96 39
96 119
96 72
96 25
96 5
96 58
96 43
96 106
96 8
96 62
96 4
96 115
96 63
96 103
96 93
96 116
96 114
96 45
96 37
96 18
96 68
96 83
96 92
96 33
96 50
96 78
96 34
96 75
96 48
96 40
66 24
66 41
66 54
66 69
66 87
66 36
66 42
66 77
66 30
66 95
66 27
66 88
66 109
66 39
66 72
66 73
66 25
66 58
66 113
66 43
66 8
66 62
66 67
66 4
66 115
66 91
66 93
66 116
66 118
66 74
66 102
66 18
66 68
66 84
66 83
66 32
66 33
66 50
66 78
66 34
66 75
66 48
66 40
24 41
24 54
24 87
24 3
24 42
24 77
24 30
24 27
24 109
24 39
24 119
24 72
24 25
24 5
24 58
24 113
24 106
24 8
24 62
24 4
24 115
24 103
24 93
24 116
24 118
24 74
24 114
24 102
24 45
24 37
24 18
24 68
24 84
24 83
24 32
24 33
24 50
24 78
24 61
24 34
24 75
24 48
24 40
41 54
41 69
41 3
41 42
41 77
41 30
41 95
41 27
41 88
41 109
41 39
41 119
41 72
41 73
41 25
41 5
41 58
41 113
41 43
41 8
41 15
41 62
41 67
41 115
41 63
41 103
41 91
41 93
41 114
41 102
41 37
41 18
41 68
41 84
41 83
41 32
41 92
41 33
41 78
41 34
41 75
41 48
41 40
54 69
54 87
54 3
54 77
54 30
54 95
54 27
54 88
54 109
54 39
54 72
54 73
54 25
54 5
54 58
54 106
54 8
54 15
54 62
54 67
54 4
54 115
54 63
54 103
54 91
54 93
54 116
54 118
54 74
54 114
54 45
54 37
54 18
54 84
54 83
54 92
54 33
54 50
54 78
54 48
54 40
69 87
69 3
69 77
69 30
69 95
69 27
69 88
69 109
69 39
69 119
69 72
69 73
69 5
69 58
69 113
69 43
69 106
69 62
69 67
69 4
69 115
69 63
69 103
69 91
69 116
69 118
69 74
69 114
69 102
69 45
69 37
69 68
69 84
69 83
69 92
69 33
69 50
69 78
69 61
69 75
69 40
87 36
87 3
87 42
87 77
87 27
87 109
87 119
87 72
87 73
87 5
87 58
87 113
87 106
87 8
87 15
87 62
87 4
87 115
87 63
87 103
87 91
87 93
87 116
87 118
87 74
87 114
87 45
87 18
87 68
87 84
87 83
87 92
87 33
87 61
87 34
87 75
36 3
36 77
36 30
36 95
36 27
36 39
36 119
36 73
36 25
36 58
36 106
36 8
36 15
36 62
36 67
36 63
36 103
36 91
36 93
36 116
36 118
36 74
36 114
36 102
36 37
36 18
36 68
36 84
36 32
36 92
36 33
36 50
36 61
36 34
36 75
36 48
36 40
3 42
3 77
3 30
3 95
3 27
3 109
3 39
3 72
3 73
3 25
3 5
3 113
3 43
3 106
3 8
3 62
3 67
3 115
3 63
3 103
3 91
3 116
3 118
3 74
3 114
3 102
3 45
3 37
3 18
3 68
3 84
3 83
3 32
3 92
3 33
3 78
3 61
3 75
3 48
3 40
42 77
42 30
42 95
42 88
42 109
42 39
42 119
42 72
42 73
42 25
42 5
42 58
42 113
42 43
42 106
42 8
42 15
42 62
42 67
42 4
42 63
42 103
42 91
42 93
42 116
42 118
42 114
42 102
42 45
42 68
42 84
42 83
42 32
42 92
42 50
42 78
42 75
42 48
42 40
77 30
77 95
77 27
77 88
77 109
77 39
77 72
77 25
77 5
77 58
77 113
77 43
77 106
77 8
77 15
77 67
77 4
77 63
77 103
77 91
77 118
77 114
77 102
77 45
77 18
77 68
77 83
77 32
77 92
77 78
77 61
77 34
77 75
77 48
77 40
30 95
30 88
30 119
30 72
30 25
30 5
30 58
30 113
30 106
30 8
30 15
30 62
30 67
30 4
30 63
30 103
30 91
30 74
30 102
30 45
30 37
30 18
30 68
30 84
30 83
30 32
30 50
30 61
30 75
30 48
30 40
95 88
95 109
95 39
95 72
95 73
95 58
95 113
95 43
95 106
95 8
95 15
95 62
95 67
95 4
95 115
95 63
95 103
95 91
95 93
95 116
95 118
95 74
95 114
95 102
95 45
95 18
95 68
95 83
95 32
95 33
95 50
95 78
95 61
95 34
95 75
95 48
95 40
27 88
27 109
27 39
27 119
27 73
27 25
27 5
27 58
27 106
27 15
27 4
27 115
27 63
27 91
27 93
27 116
27 118
27 74
27 102
27 37
27 18
27 68
27 84
27 83
27 92
27 50
27 78
27 61
27 34
27 48
88 109
88 39
88 119
88 72
88 25
88 5
88 58
88 113
88 43
88 106
88 62
88 67
88 115
88 63
88 103
88 93
88 118
88 74
88 114
88 102
88 45
88 37
88 18
88 68
88 84
88 83
88 32
88 92
88 33
88 50
88 78
88 75
88 48
109 39
109 72
109 25
109 5
109 58
109 113
109 106
109 8
109 15
109 62
109 67
109 4
109 115
109 103
109 91
109 93
109 116
109 118
109 114
109 102
109 45
109 37
109 18
109 68
109 84
109 83
109 32
109 92
109 33
109 50
109 61
109 34
109 75
109 48
39 119
39 72
39 25
39 5
39 58
39 113
39 106
39 8
39 15
39 67
39 4
39 115
39 63
39 91
39 93
39 116
39 118
39 74
39 102
39 45
39 18
39 68
39 84
39 83
39 92
39 33
39 50
39 78
39 61
39 34
39 75
39 40
119 73
119 5
119 58
119 113
119 43
119 106
119 15
119 4
119 115
119 63
119 103
119 91
119 93
119 116
119 118
119 74
119 114
119 102
119 45
119 37
119 68
119 84
119 83
119 92
119 33
119 50
119 78
119 61
119 34
119 75
72 73
72 5
72 113
72 43
72 8
72 15
72 62
72 67
72 4
72 115
72 63
72 103
72 91
72 116
72 74
72 114
72 102
72 45
72 37
72 18
72 68
72 84
72 32
72 92
72 33
72 50
72 61
72 34
72 75
72 40
73 5
73 58
73 113
73 43
73 106
73 62
73 67
73 4
73 115
73 63
73 103
73 91
73 116
73 118
73 74
73 114
73 102
73 45
73 37
73 68
73 83
73 32
73 92
73 33
73 50
73 78
73 61
73 34
73 75
73 48
73 40
25 5
25 58
25 113
25 43
25 106
25 15
25 62
25 67
25 4
25 115
25 63
25 103
25 91
25 93
25 116
25 118
25 74
25 114
25 102
25 45
25 37
25 18
25 68
25 84
25 83
25 32
25 92
25 33
25 50
25 78
25 61
25 34
25 48
25 40
5 113
5 43
5 106
5 8
5 62
5 67
5 4
5 115
5 63
5 103
5 91
5 93
5 116
5 118
5 74
5 114
5 102
5 45
5 37
5 18
5 68
5 84
5 83
5 32
5 92
5 50
5 34
5 75
5 40
58 113
58 43
58 106
58 8
58 15
58 4
58 115
58 63
58 103
58 91
58 93
58 118
58 74
58 114
58 102
58 83
58 32
58 92
58 33
58 50
58 61
58 34
58 40
113 43
113 106
113 8
113 15
113 62
113 4
113 63
113 103
113 91
113 93
113 116
113 118
113 102
113 45
113 37
113 68
113 84
113 83
113 32
113 92
113 33
113 34
113 75
113 48
113 40
43 106
43 8
43 15
43 62
43 67
43 4
43 115
43 63
43 103
43 93
43 116
43 118
43 74
43 114
43 102
43 45
43 37
43 18
43 68
43 84
43 83
43 32
43 92
43 33
43 50
43 61
43 34
43 75
43 40
106 15
106 4
106 115
106 63
106 103
106 91
106 116
106 118
106 74
106 114
106 102
106 45
106 18
106 68
106 84
106 83
106 32
106 33
106 50
106 61
106 34
106 75
106 48
106 40
8 15
8 62
8 67
8 4
8 115
8 63
8 103
8 91
8 93
8 116
8 118
8 102
8 45
8 37
8 18
8 83
8 33
8 50
8 78
8 61
8 34
8 75
8 48
8 40
15 62
15 67
15 4
15 115
15 103
15 91
15 93
15 116
15 114
15 102
15 45
15 37
15 68
15 84
15 83
15 32
15 92
15 50
15 61
15 34
15 75
15 48
15 40
62 4
62 63
62 91
62 93
62 116
62 118
62 74
62 114
62 102
62 45
62 37
62 18
62 68
62 84
62 32
62 92
62 33
62 50
62 78
62 61
62 34
62 75
62 48
62 40
67 4
67 115
67 63
67 103
67 91
67 93
67 116
67 118
67 114
67 102
67 37
67 84
67 83
67 32
67 92
67 33
67 50
67 78
67 61
67 75
67 48
67 40
4 115
4 63
4 103
4 93
4 74
4 114
4 45
4 37
4 18
4 68
4 84
4 83
4 92
4 33
4 50
4 78
4 61
4 34
4 75
4 48
115 91
115 93
115 116
115 118
115 74
115 114
115 102
115 37
115 68
115 84
115 32
115 92
115 33
115 78
115 75
115 48
63 91
63 93
63 116
63 74
63 114
63 45
63 37
63 18
63 68
63 84
63 83
63 32
63 92
63 50
63 78
63 61
63 75
63 48
63 40
103 91
103 93
103 116
103 118
103 74
103 114
103 102
103 45
103 37
103 18
103 83
103 32
103 92
103 50
103 78
103 34
103 75
103 48
91 93
91 116
91 118
91 74
91 114
91 45
91 37
91 18
91 68
91 84
91 83
91 50
91 78
91 61
91 34
91 48
91 40
93 114
93 102
93 45
93 84
93 92
93 33
93 50
93 78
93 61
93 75
93 48
116 118
116 74
116 114
116 102
116 45
116 18
116 68
116 84
116 83
116 92
116 50
116 78
116 61
116 34
116 75
116 48
116 40
118 102
118 45
118 37
118 68
118 32
118 33
118 50
118 78
118 61
118 34
118 75
118 40
74 102
74 45
74 18
74 68
74 84
74 83
74 32
74 92
74 50
74 78
74 61
74 34
74 75
74 48
74 40
114 102
114 45
114 18
114 68
114 84
114 83
114 92
114 33
114 50
114 78
114 61
114 75
114 40
102 45
102 18
102 68
102 32
102 92
102 33
102 50
102 61
102 34
102 48
102 40
45 37
45 68
45 84
45 83
45 32
45 92
45 33
45 50
45 78
45 61
45 75
45 48
37 18
37 68
37 84
37 32
37 92
37 33
37 78
37 34
37 75
37 48
37 40
18 84
18 83
18 32
18 92
18 50
18 78
18 61
18 34
18 75
18 40
68 83
68 32
68 33
68 78
68 61
68 34
68 40
84 32
84 92
84 33
84 50
84 61
84 34
84 75
84 40
83 32
83 92
83 33
83 50
83 78
83 34
83 75
83 48
83 40
32 92
32 33
32 61
32 34
32 48
32 40
92 33
92 50
92 78
92 34
92 48
92 40
33 50
33 78
33 34
33 75
33 48
33 40
50 78
50 61
50 34
50 75
50 40
78 34
78 48
78 40
61 34
61 75
61 48
61 40
34 48
34 40
75 40
48 40
