*verties 108
2
106
94
31
34
85
100
115
72
0
43
1
110
39
13
79
60
15
69
32
61
103
89
3
16
52
71
25
99
5
84
118
82
33
56
66
42
22
40
24
108
7
107
98
63
20
76
59
117
73
90
51
97
36
77
111
12
91
23
70
41
37
8
46
38
6
62
9
102
28
93
4
49
19
48
29
78
21
83
65
105
53
104
96
87
17
35
27
74
68
64
116
81
10
101
86
95
14
119
67
50
92
80
109
57
45
47
55
*edges 
2 106
2 94
2 31
2 34
2 85
2 115
2 0
2 43
2 1
2 110
2 39
2 13
2 79
2 60
2 15
2 32
2 61
2 103
2 89
2 3
2 16
2 52
2 25
2 99
2 5
2 84
2 82
2 33
2 56
2 66
2 42
2 22
2 40
2 24
2 7
2 107
2 98
2 63
2 20
2 76
2 59
2 117
2 73
2 90
2 97
2 36
2 111
2 12
2 23
2 38
2 6
2 62
2 9
2 102
2 28
2 93
2 49
2 19
2 48
2 29
2 78
2 21
2 83
2 105
2 53
2 104
2 96
2 17
2 35
2 27
2 68
2 116
2 10
2 101
2 86
2 95
2 14
2 119
2 67
2 50
2 80
2 109
2 57
2 45
2 47
2 55
106 94
106 31
106 34
106 85
106 115
106 72
106 0
106 1
106 60
106 69
106 32
106 61
106 103
106 3
106 16
106 52
106 71
106 99
106 5
106 84
106 82
106 33
106 22
106 40
106 108
106 7
106 76
106 59
106 117
106 73
106 36
106 12
106 91
106 23
106 70
106 37
106 46
106 38
106 9
106 93
106 4
106 49
106 19
106 48
106 29
106 21
106 83
106 105
106 53
106 104
106 96
106 87
106 17
106 35
106 27
106 74
106 68
106 64
106 116
106 10
106 101
106 86
106 95
106 67
106 50
106 92
106 109
106 57
106 55
94 31
94 85
94 100
94 115
94 72
94 0
94 110
94 39
94 79
94 60
94 69
94 32
94 61
94 103
94 3
94 16
94 52
94 25
94 5
94 84
94 118
94 33
94 56
94 66
94 42
94 22
94 40
94 24
94 108
94 7
94 98
94 63
94 20
94 76
94 59
94 117
94 73
94 90
94 51
94 97
94 36
94 77
94 111
94 91
94 41
94 46
94 6
94 62
94 9
94 102
94 28
94 93
94 4
94 19
94 48
94 29
94 78
94 83
94 105
94 104
94 96
94 87
94 17
94 35
94 27
94 74
94 68
94 64
94 116
94 81
94 10
94 101
94 14
94 119
94 67
94 50
94 92
94 80
94 47
31 34
31 85
31 115
31 0
31 1
31 39
31 13
31 15
31 69
31 32
31 61
31 103
31 89
31 3
31 16
31 52
31 71
31 25
31 99
31 84
31 82
31 66
31 42
31 22
31 40
31 24
31 107
31 63
31 76
31 59
31 117
31 73
31 36
31 77
31 111
31 12
31 23
31 41
31 46
31 38
31 62
31 9
31 28
31 93
31 4
31 49
31 48
31 29
31 78
31 21
31 65
31 105
31 53
31 96
31 17
31 35
31 27
31 74
31 68
31 81
31 86
31 95
31 67
31 50
31 92
31 80
31 109
31 57
31 45
31 55
34 100
34 115
34 72
34 0
34 43
34 79
34 15
34 103
34 89
34 3
34 16
34 5
34 84
34 118
34 82
34 33
34 66
34 22
34 40
34 24
34 108
34 107
34 98
34 63
34 20
34 59
34 117
34 90
34 97
34 36
34 77
34 111
34 23
34 70
34 41
34 37
34 8
34 46
34 38
34 6
34 62
34 9
34 102
34 93
34 4
34 49
34 19
34 48
34 29
34 78
34 21
34 83
34 65
34 105
34 53
34 17
34 35
34 27
34 74
34 68
34 64
34 116
34 10
34 101
34 95
34 119
34 67
34 50
34 92
34 57
34 45
85 115
85 72
85 0
85 110
85 39
85 13
85 79
85 60
85 69
85 32
85 103
85 89
85 3
85 16
85 99
85 84
85 118
85 82
85 33
85 56
85 66
85 42
85 40
85 24
85 7
85 107
85 98
85 63
85 76
85 59
85 73
85 90
85 51
85 97
85 36
85 77
85 111
85 12
85 91
85 23
85 70
85 41
85 37
85 8
85 46
85 38
85 6
85 62
85 9
85 28
85 49
85 29
85 21
85 83
85 65
85 53
85 104
85 96
85 87
85 17
85 35
85 27
85 74
85 68
85 116
85 81
85 95
85 14
85 119
85 50
85 92
85 80
85 109
85 57
85 47
85 55
100 115
100 72
100 0
100 43
100 1
100 110
100 79
100 60
100 69
100 32
100 61
100 103
100 89
100 16
100 25
100 99
100 5
100 84
100 118
100 82
100 33
100 56
100 66
100 22
100 24
100 108
100 7
100 107
100 63
100 76
100 59
100 90
100 51
100 97
100 36
100 91
100 70
100 41
100 37
100 8
100 46
100 6
100 62
100 9
100 102
100 93
100 49
100 19
100 48
100 78
100 21
100 83
100 65
100 105
100 53
100 104
100 96
100 87
100 17
100 35
100 27
100 74
100 68
100 64
100 116
100 81
100 10
100 101
100 86
100 95
100 14
100 119
100 92
100 80
100 109
100 57
100 45
100 47
100 55
115 72
115 0
115 43
115 1
115 110
115 79
115 60
115 15
115 69
115 32
115 61
115 16
115 52
115 99
115 84
115 118
115 82
115 33
115 66
115 42
115 22
115 40
115 24
115 108
115 7
115 63
115 76
115 73
115 90
115 51
115 97
115 36
115 77
115 111
115 12
115 91
115 23
115 70
115 41
115 37
115 8
115 46
115 38
115 6
115 62
115 28
115 93
115 4
115 49
115 19
115 48
115 29
115 78
115 83
115 65
115 105
115 96
115 35
115 27
115 74
115 68
115 64
115 81
115 10
115 86
115 95
115 67
115 50
115 92
115 45
115 55
72 0
72 43
72 1
72 110
72 39
72 13
72 60
72 69
72 32
72 61
72 103
72 89
72 3
72 52
72 25
72 99
72 5
72 84
72 118
72 82
72 66
72 108
72 7
72 107
72 98
72 63
72 59
72 51
72 97
72 36
72 77
72 111
72 12
72 91
72 23
72 41
72 38
72 9
72 102
72 49
72 19
72 48
72 29
72 21
72 83
72 65
72 105
72 96
72 87
72 17
72 27
72 68
72 64
72 116
72 10
72 101
72 14
72 119
72 67
72 50
72 92
72 80
72 57
72 47
72 55
0 43
0 110
0 13
0 79
0 15
0 69
0 61
0 103
0 89
0 3
0 52
0 71
0 25
0 99
0 5
0 118
0 82
0 33
0 56
0 66
0 108
0 7
0 107
0 98
0 20
0 117
0 73
0 51
0 97
0 36
0 77
0 12
0 23
0 70
0 41
0 8
0 46
0 6
0 62
0 9
0 102
0 28
0 93
0 4
0 19
0 65
0 53
0 104
0 96
0 27
0 74
0 68
0 64
0 116
0 81
0 10
0 14
0 119
0 67
0 50
0 92
0 45
0 47
43 1
43 39
43 13
43 79
43 60
43 15
43 32
43 89
43 3
43 52
43 71
43 25
43 5
43 84
43 118
43 82
43 56
43 42
43 22
43 24
43 7
43 98
43 63
43 20
43 76
43 59
43 73
43 97
43 77
43 111
43 12
43 91
43 70
43 41
43 37
43 8
43 46
43 62
43 102
43 28
43 93
43 49
43 29
43 21
43 83
43 105
43 17
43 35
43 27
43 74
43 64
43 81
43 101
43 86
43 95
43 119
43 67
43 92
43 80
43 57
43 55
1 110
1 39
1 13
1 60
1 69
1 32
1 103
1 3
1 16
1 71
1 25
1 99
1 84
1 118
1 82
1 33
1 56
1 66
1 42
1 22
1 40
1 24
1 7
1 107
1 98
1 20
1 76
1 59
1 117
1 73
1 90
1 51
1 36
1 77
1 12
1 23
1 41
1 37
1 46
1 6
1 102
1 93
1 4
1 48
1 29
1 78
1 21
1 83
1 53
1 104
1 96
1 87
1 74
1 116
1 81
1 101
1 14
1 67
1 50
1 92
1 80
1 109
1 57
1 55
110 39
110 13
110 79
110 60
110 15
110 32
110 61
110 89
110 3
110 52
110 71
110 25
110 99
110 5
110 84
110 118
110 66
110 22
110 24
110 108
110 7
110 107
110 98
110 20
110 59
110 117
110 51
110 97
110 36
110 77
110 91
110 70
110 37
110 8
110 46
110 38
110 6
110 9
110 102
110 28
110 4
110 49
110 19
110 48
110 29
110 78
110 21
110 83
110 65
110 105
110 53
110 104
110 87
110 17
110 35
110 74
110 68
110 64
110 81
110 101
110 86
110 67
110 50
110 92
110 80
110 57
110 55
39 13
39 32
39 61
39 103
39 89
39 3
39 52
39 5
39 84
39 118
39 82
39 56
39 42
39 40
39 24
39 108
39 7
39 107
39 98
39 59
39 117
39 73
39 90
39 51
39 36
39 77
39 12
39 91
39 23
39 70
39 41
39 37
39 8
39 46
39 38
39 6
39 62
39 9
39 28
39 93
39 4
39 49
39 19
39 48
39 29
39 21
39 83
39 65
39 53
39 104
39 96
39 87
39 35
39 27
39 74
39 64
39 116
39 81
39 86
39 14
39 119
39 109
39 47
13 69
13 61
13 103
13 3
13 16
13 52
13 25
13 99
13 5
13 82
13 33
13 56
13 66
13 42
13 22
13 40
13 24
13 107
13 98
13 63
13 20
13 76
13 59
13 117
13 73
13 51
13 97
13 36
13 77
13 111
13 23
13 70
13 37
13 8
13 46
13 38
13 6
13 9
13 28
13 93
13 4
13 49
13 19
13 48
13 29
13 78
13 21
13 83
13 105
13 53
13 96
13 17
13 35
13 74
13 68
13 64
13 116
13 81
13 10
13 86
13 95
13 14
13 67
13 50
13 57
13 45
13 47
13 55
79 60
79 69
79 32
79 61
79 103
79 89
79 16
79 25
79 99
79 5
79 84
79 118
79 82
79 56
79 42
79 22
79 40
79 108
79 98
79 63
79 20
79 76
79 117
79 90
79 51
79 97
79 36
79 77
79 111
79 91
79 23
79 70
79 41
79 37
79 8
79 38
79 6
79 62
79 9
79 102
79 28
79 4
79 49
79 19
79 48
79 29
79 78
79 21
79 83
79 65
79 105
79 53
79 104
79 87
79 17
79 35
79 27
79 74
79 64
79 95
79 14
79 67
79 50
79 92
79 80
79 109
79 57
79 45
60 15
60 69
60 32
60 103
60 89
60 3
60 16
60 52
60 71
60 25
60 99
60 5
60 84
60 118
60 33
60 56
60 66
60 22
60 40
60 108
60 7
60 107
60 63
60 76
60 59
60 90
60 51
60 36
60 77
60 12
60 91
60 23
60 37
60 8
60 38
60 6
60 62
60 102
60 93
60 4
60 49
60 19
60 48
60 29
60 78
60 21
60 83
60 65
60 53
60 96
60 87
60 17
60 35
60 64
60 81
60 10
60 101
60 86
60 14
60 119
60 80
60 57
60 45
60 47
60 55
15 69
15 32
15 61
15 103
15 89
15 3
15 52
15 71
15 25
15 5
15 84
15 82
15 33
15 56
15 66
15 42
15 22
15 40
15 24
15 108
15 7
15 98
15 63
15 117
15 51
15 97
15 36
15 111
15 12
15 91
15 23
15 70
15 8
15 6
15 62
15 9
15 102
15 28
15 93
15 4
15 49
15 19
15 48
15 29
15 78
15 21
15 83
15 65
15 105
15 104
15 96
15 87
15 27
15 74
15 68
15 116
15 10
15 101
15 86
15 95
15 14
15 119
15 67
15 50
15 92
15 80
15 109
15 57
15 45
15 47
15 55
69 32
69 89
69 16
69 71
69 25
69 5
69 84
69 118
69 82
69 33
69 56
69 42
69 22
69 40
69 24
69 7
69 98
69 63
69 20
69 59
69 73
69 51
69 77
69 111
69 12
69 91
69 23
69 70
69 41
69 37
69 8
69 46
69 6
69 62
69 9
69 102
69 28
69 4
69 49
69 19
69 48
69 29
69 78
69 21
69 65
69 96
69 87
69 35
69 27
69 74
69 68
69 64
69 81
69 10
69 86
69 95
69 119
69 67
69 50
69 80
69 109
69 57
69 47
69 55
32 89
32 3
32 16
32 71
32 25
32 99
32 5
32 84
32 118
32 33
32 66
32 42
32 22
32 40
32 24
32 108
32 107
32 98
32 63
32 59
32 90
32 51
32 36
32 77
32 12
32 23
32 70
32 41
32 8
32 46
32 6
32 62
32 28
32 93
32 4
32 49
32 19
32 29
32 21
32 83
32 65
32 105
32 96
32 87
32 17
32 35
32 27
32 74
32 68
32 64
32 116
32 81
32 10
32 95
32 14
32 119
32 92
32 80
32 45
32 47
32 55
61 103
61 3
61 16
61 52
61 25
61 99
61 118
61 33
61 56
61 42
61 22
61 24
61 108
61 7
61 107
61 98
61 63
61 76
61 117
61 73
61 90
61 97
61 36
61 77
61 111
61 12
61 91
61 23
61 41
61 37
61 8
61 62
61 9
61 102
61 28
61 93
61 4
61 49
61 19
61 48
61 78
61 21
61 83
61 65
61 105
61 53
61 104
61 96
61 87
61 35
61 74
61 68
61 64
61 81
61 10
61 86
61 95
61 14
61 119
61 67
61 50
61 80
61 57
61 47
103 89
103 3
103 71
103 25
103 99
103 5
103 84
103 118
103 82
103 56
103 66
103 42
103 22
103 24
103 108
103 7
103 107
103 98
103 20
103 59
103 117
103 73
103 90
103 51
103 97
103 36
103 12
103 91
103 23
103 70
103 37
103 8
103 46
103 38
103 62
103 9
103 102
103 19
103 48
103 29
103 78
103 21
103 83
103 65
103 105
103 53
103 104
103 96
103 87
103 17
103 35
103 27
103 68
103 64
103 116
103 81
103 86
103 95
103 14
103 50
103 92
103 80
103 109
103 57
89 16
89 52
89 71
89 5
89 84
89 82
89 56
89 66
89 42
89 22
89 40
89 7
89 63
89 76
89 59
89 73
89 90
89 97
89 36
89 77
89 12
89 23
89 41
89 8
89 46
89 6
89 62
89 9
89 102
89 28
89 4
89 49
89 19
89 29
89 78
89 21
89 83
89 65
89 105
89 96
89 17
89 35
89 74
89 68
89 64
89 116
89 81
89 10
89 101
89 86
89 95
89 14
89 119
89 92
89 80
89 109
89 57
89 45
3 16
3 52
3 25
3 99
3 5
3 84
3 118
3 82
3 33
3 56
3 66
3 42
3 40
3 24
3 108
3 7
3 107
3 98
3 76
3 73
3 90
3 51
3 36
3 77
3 12
3 91
3 23
3 70
3 41
3 37
3 8
3 46
3 38
3 6
3 62
3 9
3 28
3 93
3 4
3 19
3 48
3 29
3 21
3 83
3 65
3 105
3 104
3 17
3 27
3 116
3 81
3 10
3 101
3 86
3 95
3 14
3 119
3 67
3 50
3 80
3 109
3 45
3 47
16 52
16 25
16 99
16 118
16 82
16 56
16 42
16 22
16 40
16 108
16 7
16 98
16 20
16 59
16 117
16 73
16 90
16 36
16 77
16 12
16 23
16 70
16 37
16 46
16 9
16 102
16 93
16 4
16 49
16 48
16 29
16 21
16 65
16 105
16 53
16 104
16 96
16 87
16 35
16 27
16 68
16 64
16 116
16 81
16 10
16 101
16 86
16 95
16 14
16 67
16 50
16 80
16 57
16 45
52 25
52 99
52 5
52 84
52 82
52 40
52 7
52 107
52 20
52 76
52 59
52 117
52 73
52 90
52 51
52 12
52 91
52 70
52 41
52 8
52 46
52 38
52 6
52 28
52 93
52 4
52 19
52 48
52 29
52 78
52 21
52 83
52 65
52 105
52 104
52 96
52 87
52 17
52 35
52 74
52 68
52 10
52 101
52 86
52 95
52 14
52 119
52 67
52 80
52 57
52 45
52 55
71 99
71 5
71 84
71 118
71 82
71 33
71 56
71 66
71 42
71 22
71 40
71 24
71 108
71 107
71 98
71 63
71 76
71 59
71 73
71 90
71 51
71 77
71 111
71 12
71 91
71 70
71 41
71 37
71 46
71 9
71 102
71 93
71 4
71 49
71 19
71 48
71 29
71 78
71 21
71 83
71 65
71 105
71 104
71 87
71 35
71 27
71 74
71 68
71 64
71 81
71 86
71 95
71 67
71 92
71 80
71 109
71 57
71 45
71 47
71 55
25 99
25 5
25 84
25 118
25 82
25 33
25 56
25 66
25 42
25 22
25 108
25 107
25 98
25 63
25 76
25 59
25 73
25 51
25 97
25 77
25 12
25 23
25 70
25 41
25 37
25 8
25 38
25 9
25 102
25 28
25 93
25 48
25 29
25 65
25 105
25 104
25 87
25 17
25 74
25 68
25 64
25 116
25 81
25 10
25 101
25 14
25 119
25 67
25 50
25 92
25 57
25 45
25 47
99 84
99 82
99 33
99 56
99 66
99 42
99 22
99 40
99 24
99 108
99 7
99 107
99 59
99 117
99 73
99 90
99 51
99 97
99 36
99 77
99 111
99 12
99 23
99 70
99 41
99 37
99 8
99 38
99 6
99 62
99 9
99 102
99 28
99 93
99 48
99 78
99 21
99 83
99 65
99 105
99 53
99 104
99 35
99 27
99 74
99 68
99 64
99 116
99 10
99 101
99 86
99 95
99 14
99 119
99 67
99 50
99 109
99 57
99 45
99 47
5 84
5 82
5 33
5 56
5 66
5 42
5 22
5 24
5 108
5 7
5 98
5 63
5 20
5 73
5 51
5 97
5 36
5 77
5 111
5 12
5 91
5 41
5 8
5 6
5 62
5 9
5 102
5 28
5 93
5 49
5 19
5 48
5 29
5 78
5 21
5 83
5 105
5 53
5 104
5 96
5 87
5 17
5 35
5 27
5 68
5 64
5 116
5 81
5 10
5 101
5 14
5 119
5 92
5 80
5 109
5 45
5 55
84 33
84 56
84 66
84 42
84 22
84 40
84 24
84 108
84 7
84 107
84 98
84 59
84 73
84 97
84 36
84 12
84 91
84 70
84 41
84 37
84 8
84 46
84 38
84 6
84 62
84 9
84 102
84 28
84 49
84 48
84 83
84 65
84 105
84 53
84 104
84 96
84 87
84 17
84 35
84 27
84 116
84 95
84 67
84 50
84 92
84 80
84 109
84 45
84 47
84 55
118 56
118 66
118 42
118 22
118 24
118 7
118 107
118 76
118 59
118 117
118 73
118 90
118 51
118 97
118 36
118 77
118 12
118 23
118 70
118 41
118 37
118 8
118 38
118 6
118 62
118 9
118 102
118 28
118 4
118 19
118 48
118 29
118 78
118 83
118 65
118 105
118 53
118 104
118 35
118 74
118 64
118 10
118 86
118 95
118 14
118 50
118 80
118 109
118 57
118 45
118 55
82 33
82 56
82 66
82 22
82 40
82 24
82 108
82 7
82 107
82 98
82 20
82 59
82 117
82 73
82 90
82 51
82 97
82 77
82 91
82 23
82 70
82 41
82 37
82 38
82 9
82 102
82 28
82 93
82 4
82 49
82 19
82 48
82 29
82 21
82 83
82 65
82 105
82 53
82 104
82 87
82 35
82 74
82 68
82 64
82 116
82 81
82 10
82 86
82 14
82 119
82 67
82 50
82 109
82 57
82 45
82 55
33 66
33 42
33 40
33 24
33 107
33 98
33 63
33 20
33 76
33 59
33 73
33 90
33 97
33 77
33 12
33 23
33 70
33 46
33 38
33 6
33 62
33 9
33 102
33 28
33 93
33 19
33 48
33 29
33 21
33 83
33 65
33 104
33 87
33 17
33 35
33 27
33 74
33 64
33 116
33 10
33 101
33 86
33 14
33 119
33 67
33 50
33 92
33 80
33 45
33 47
33 55
56 66
56 22
56 40
56 24
56 7
56 107
56 98
56 63
56 20
56 76
56 59
56 117
56 73
56 90
56 51
56 36
56 12
56 91
56 23
56 41
56 37
56 8
56 6
56 9
56 102
56 28
56 49
56 48
56 29
56 78
56 21
56 105
56 53
56 96
56 87
56 64
56 116
56 81
56 10
56 95
56 14
56 67
56 92
56 80
56 109
56 57
56 45
56 47
56 55
66 22
66 24
66 108
66 7
66 107
66 98
66 63
66 20
66 76
66 90
66 51
66 97
66 36
66 77
66 111
66 12
66 91
66 23
66 8
66 46
66 38
66 62
66 9
66 102
66 28
66 93
66 49
66 19
66 29
66 78
66 21
66 83
66 65
66 105
66 53
66 104
66 96
66 87
66 17
66 27
66 68
66 64
66 116
66 101
66 86
66 95
66 119
66 67
66 50
66 92
66 80
66 109
66 57
66 45
66 55
42 22
42 40
42 108
42 7
42 98
42 63
42 20
42 76
42 59
42 117
42 73
42 90
42 51
42 97
42 36
42 111
42 12
42 46
42 38
42 62
42 9
42 102
42 28
42 4
42 48
42 29
42 21
42 83
42 105
42 104
42 96
42 87
42 17
42 27
42 64
42 116
42 81
42 10
42 101
42 86
42 95
42 14
42 119
42 67
42 50
42 92
42 109
42 57
42 45
42 47
22 24
22 107
22 20
22 76
22 59
22 117
22 73
22 90
22 51
22 97
22 36
22 77
22 111
22 12
22 91
22 70
22 41
22 8
22 46
22 9
22 28
22 4
22 49
22 48
22 29
22 78
22 21
22 83
22 65
22 105
22 53
22 96
22 17
22 35
22 27
22 64
22 116
22 10
22 101
22 95
22 14
22 67
22 50
22 92
22 80
22 109
22 47
40 24
40 108
40 7
40 107
40 98
40 63
40 20
40 59
40 117
40 73
40 51
40 97
40 36
40 77
40 111
40 12
40 70
40 41
40 37
40 8
40 38
40 6
40 62
40 9
40 102
40 93
40 19
40 48
40 29
40 78
40 21
40 65
40 105
40 53
40 96
40 87
40 17
40 35
40 68
40 64
40 116
40 81
40 10
40 101
40 86
40 95
40 14
40 119
40 67
40 92
40 109
40 45
40 47
40 55
24 108
24 7
24 98
24 63
24 20
24 76
24 59
24 73
24 51
24 111
24 91
24 23
24 41
24 37
24 8
24 46
24 38
24 6
24 62
24 9
24 102
24 28
24 93
24 4
24 49
24 48
24 21
24 83
24 53
24 96
24 87
24 27
24 74
24 68
24 64
24 81
24 10
24 101
24 95
24 14
24 50
24 92
24 109
24 57
24 45
24 47
108 107
108 98
108 63
108 20
108 76
108 59
108 117
108 73
108 90
108 51
108 36
108 77
108 41
108 37
108 38
108 6
108 62
108 9
108 93
108 49
108 48
108 78
108 21
108 83
108 65
108 105
108 53
108 104
108 87
108 17
108 35
108 27
108 68
108 64
108 116
108 81
108 10
108 101
108 86
108 95
108 14
108 119
108 67
108 92
108 109
108 55
7 107
7 98
7 20
7 117
7 73
7 90
7 51
7 97
7 36
7 77
7 91
7 23
7 70
7 41
7 37
7 8
7 46
7 6
7 9
7 28
7 19
7 48
7 78
7 83
7 65
7 104
7 87
7 17
7 35
7 27
7 74
7 68
7 81
7 10
7 101
7 86
7 95
7 14
7 119
7 67
7 50
7 92
7 80
7 109
7 57
7 45
7 47
7 55
107 98
107 63
107 20
107 76
107 59
107 90
107 51
107 111
107 12
107 70
107 37
107 8
107 46
107 6
107 62
107 9
107 102
107 28
107 93
107 4
107 49
107 19
107 48
107 21
107 65
107 53
107 104
107 87
107 17
107 35
107 27
107 74
107 64
107 116
107 81
107 86
107 119
107 50
107 92
107 57
107 47
107 55
98 63
98 20
98 76
98 59
98 73
98 51
98 97
98 77
98 111
98 12
98 23
98 70
98 41
98 8
98 38
98 6
98 9
98 28
98 93
98 4
98 19
98 78
98 83
98 105
98 53
98 96
98 87
98 35
98 74
98 68
98 64
98 116
98 81
98 101
98 14
98 67
98 92
98 80
98 57
98 45
98 47
63 76
63 117
63 73
63 90
63 51
63 97
63 36
63 77
63 111
63 12
63 91
63 23
63 70
63 37
63 8
63 46
63 38
63 62
63 9
63 28
63 4
63 49
63 19
63 29
63 21
63 83
63 65
63 105
63 53
63 104
63 87
63 17
63 35
63 27
63 74
63 68
63 64
63 81
63 86
63 95
63 14
63 119
63 67
63 50
63 92
63 80
63 109
63 57
63 45
63 47
63 55
20 76
20 117
20 90
20 51
20 97
20 36
20 77
20 91
20 23
20 70
20 37
20 46
20 38
20 9
20 102
20 28
20 49
20 19
20 48
20 29
20 78
20 21
20 83
20 65
20 105
20 53
20 104
20 96
20 17
20 35
20 27
20 74
20 68
20 64
20 81
20 10
20 101
20 86
20 95
20 119
20 67
20 50
20 80
20 109
20 57
20 47
20 55
76 59
76 117
76 73
76 51
76 36
76 77
76 111
76 12
76 91
76 41
76 37
76 38
76 62
76 9
76 102
76 93
76 4
76 49
76 19
76 29
76 21
76 105
76 53
76 104
76 74
76 68
76 64
76 116
76 81
76 10
76 86
76 95
76 119
76 67
76 50
76 92
76 80
76 57
76 47
76 55
59 117
59 51
59 97
59 36
59 111
59 12
59 91
59 23
59 41
59 37
59 8
59 46
59 38
59 62
59 28
59 4
59 49
59 48
59 29
59 21
59 65
59 105
59 53
59 104
59 96
59 87
59 17
59 27
59 68
59 116
59 81
59 101
59 86
59 95
59 14
59 119
59 67
59 50
59 92
59 80
59 57
59 47
117 73
117 90
117 51
117 97
117 36
117 111
117 12
117 91
117 23
117 70
117 41
117 37
117 8
117 46
117 38
117 6
117 62
117 102
117 93
117 4
117 49
117 19
117 48
117 29
117 78
117 21
117 83
117 65
117 105
117 53
117 96
117 87
117 17
117 35
117 27
117 74
117 64
117 116
117 95
117 50
117 92
117 80
117 109
117 57
117 45
117 47
117 55
73 90
73 97
73 77
73 12
73 41
73 37
73 8
73 46
73 38
73 6
73 62
73 102
73 93
73 4
73 19
73 48
73 29
73 21
73 83
73 105
73 53
73 104
73 87
73 17
73 35
73 27
73 68
73 81
73 10
73 86
73 95
73 14
73 119
73 50
73 92
73 80
73 109
73 47
73 55
90 36
90 77
90 111
90 23
90 41
90 37
90 8
90 46
90 38
90 6
90 62
90 9
90 102
90 28
90 4
90 49
90 19
90 48
90 29
90 78
90 21
90 83
90 105
90 53
90 104
90 96
90 87
90 17
90 35
90 68
90 116
90 81
90 101
90 86
90 95
90 119
90 67
90 80
90 109
90 57
90 55
51 97
51 36
51 77
51 91
51 70
51 41
51 8
51 46
51 6
51 62
51 9
51 102
51 28
51 93
51 4
51 19
51 48
51 78
51 65
51 53
51 104
51 96
51 87
51 17
51 74
51 68
51 64
51 116
51 10
51 101
51 86
51 119
51 50
51 80
51 109
51 57
51 45
51 55
97 36
97 70
97 37
97 38
97 62
97 28
97 4
97 19
97 48
97 29
97 78
97 21
97 83
97 65
97 53
97 87
97 17
97 35
97 27
97 68
97 64
97 81
97 101
97 119
97 67
97 92
97 80
97 57
97 45
97 55
36 77
36 111
36 91
36 41
36 37
36 8
36 46
36 6
36 62
36 9
36 102
36 28
36 93
36 49
36 19
36 48
36 29
36 78
36 21
36 83
36 65
36 105
36 53
36 104
36 17
36 35
36 27
36 74
36 116
36 81
36 86
36 95
36 67
36 50
36 92
36 80
36 109
36 57
36 45
77 111
77 12
77 91
77 23
77 70
77 41
77 37
77 8
77 46
77 38
77 6
77 62
77 9
77 102
77 93
77 4
77 49
77 48
77 29
77 78
77 83
77 105
77 96
77 87
77 17
77 35
77 74
77 68
77 64
77 116
77 10
77 101
77 86
77 95
77 14
77 50
77 80
77 57
77 45
111 12
111 91
111 23
111 70
111 41
111 37
111 8
111 46
111 62
111 9
111 28
111 93
111 19
111 29
111 83
111 65
111 104
111 96
111 87
111 17
111 27
111 74
111 68
111 116
111 10
111 101
111 86
111 95
111 14
111 119
111 50
111 92
111 57
111 45
111 47
111 55
12 91
12 23
12 70
12 41
12 8
12 46
12 38
12 6
12 62
12 9
12 102
12 28
12 4
12 19
12 48
12 29
12 21
12 65
12 53
12 104
12 96
12 87
12 17
12 35
12 68
12 64
12 116
12 81
12 10
12 86
12 95
12 119
12 67
12 50
12 92
12 109
12 45
12 55
91 23
91 70
91 46
91 38
91 62
91 9
91 102
91 28
91 4
91 49
91 19
91 29
91 78
91 65
91 53
91 104
91 96
91 87
91 17
91 35
91 64
91 116
91 81
91 10
91 101
91 86
91 95
91 67
91 50
91 80
91 109
91 57
91 45
91 47
91 55
23 70
23 41
23 46
23 6
23 62
23 9
23 93
23 4
23 49
23 48
23 29
23 21
23 83
23 65
23 105
23 53
23 96
23 87
23 17
23 35
23 27
23 74
23 68
23 64
23 116
23 81
23 10
23 86
23 95
23 14
23 119
23 67
23 50
23 80
23 109
23 47
23 55
70 41
70 46
70 6
70 62
70 9
70 102
70 28
70 93
70 4
70 49
70 19
70 48
70 78
70 21
70 83
70 65
70 105
70 104
70 96
70 87
70 17
70 35
70 27
70 74
70 68
70 64
70 116
70 81
70 10
70 86
70 95
70 14
70 50
70 92
70 80
70 109
70 45
70 47
70 55
41 8
41 46
41 38
41 6
41 9
41 102
41 28
41 49
41 19
41 29
41 21
41 83
41 105
41 53
41 104
41 87
41 27
41 74
41 68
41 64
41 116
41 81
41 10
41 101
41 14
41 119
41 50
41 92
41 109
41 45
41 47
41 55
37 8
37 46
37 38
37 6
37 28
37 93
37 4
37 49
37 19
37 48
37 29
37 78
37 21
37 65
37 105
37 53
37 104
37 17
37 35
37 27
37 74
37 64
37 116
37 81
37 10
37 101
37 86
37 119
37 67
37 92
37 57
37 45
37 47
8 46
8 38
8 6
8 62
8 28
8 93
8 4
8 49
8 48
8 29
8 78
8 21
8 83
8 65
8 105
8 53
8 104
8 96
8 87
8 35
8 27
8 74
8 64
8 116
8 81
8 10
8 101
8 14
8 67
8 50
8 92
8 80
8 109
8 45
46 6
46 62
46 9
46 28
46 49
46 29
46 21
46 83
46 65
46 105
46 104
46 96
46 87
46 17
46 35
46 74
46 68
46 64
46 116
46 81
46 10
46 86
46 67
46 80
46 109
46 57
46 45
46 47
46 55
38 9
38 102
38 28
38 93
38 49
38 19
38 48
38 29
38 78
38 83
38 65
38 105
38 104
38 96
38 87
38 17
38 35
38 74
38 68
38 64
38 116
38 81
38 10
38 101
38 95
38 119
38 67
38 50
38 45
38 55
6 62
6 102
6 28
6 4
6 19
6 29
6 78
6 21
6 83
6 105
6 104
6 96
6 27
6 74
6 64
6 10
6 86
6 95
6 14
6 50
6 92
6 80
6 109
6 57
6 45
6 47
6 55
62 9
62 102
62 28
62 93
62 4
62 49
62 19
62 48
62 29
62 78
62 83
62 65
62 105
62 53
62 104
62 96
62 87
62 17
62 74
62 68
62 64
62 116
62 81
62 10
62 86
62 95
62 14
62 119
62 67
62 50
62 92
62 80
62 57
62 45
9 102
9 28
9 4
9 19
9 48
9 29
9 78
9 83
9 65
9 105
9 53
9 104
9 96
9 87
9 35
9 27
9 74
9 64
9 116
9 81
9 101
9 95
9 14
9 119
9 67
9 50
9 92
9 80
9 109
9 57
9 47
9 55
102 28
102 93
102 49
102 19
102 29
102 78
102 21
102 83
102 65
102 53
102 87
102 27
102 64
102 116
102 10
102 101
102 86
102 14
102 50
102 92
102 57
102 45
102 47
28 93
28 4
28 49
28 48
28 29
28 78
28 21
28 83
28 65
28 105
28 53
28 104
28 96
28 87
28 17
28 35
28 27
28 74
28 68
28 64
28 116
28 81
28 10
28 101
28 95
28 14
28 119
28 67
28 50
28 92
28 80
28 109
28 45
93 49
93 19
93 48
93 78
93 83
93 105
93 53
93 104
93 96
93 87
93 35
93 27
93 74
93 64
93 81
93 10
93 101
93 86
93 95
93 14
93 119
93 50
93 92
93 80
93 109
93 57
93 45
93 47
93 55
4 49
4 19
4 48
4 78
4 83
4 105
4 53
4 104
4 96
4 87
4 35
4 27
4 68
4 64
4 81
4 101
4 86
4 95
4 14
4 119
4 109
4 57
4 45
4 47
49 19
49 48
49 29
49 78
49 83
49 65
49 53
49 96
49 87
49 17
49 27
49 74
49 68
49 64
49 116
49 81
49 10
49 101
49 95
49 14
49 119
49 67
49 92
49 80
49 109
49 45
49 47
49 55
19 48
19 29
19 78
19 21
19 83
19 65
19 96
19 87
19 35
19 27
19 74
19 68
19 64
19 116
19 10
19 101
19 86
19 95
19 14
19 119
19 67
19 50
19 92
19 80
19 109
19 47
19 55
48 29
48 78
48 21
48 83
48 65
48 105
48 53
48 104
48 87
48 17
48 35
48 27
48 74
48 68
48 64
48 81
48 10
48 101
48 86
48 95
48 14
48 119
48 67
48 50
48 80
48 57
48 45
48 47
48 55
29 78
29 21
29 83
29 65
29 105
29 104
29 96
29 87
29 35
29 27
29 74
29 68
29 64
29 116
29 81
29 10
29 14
29 119
29 67
29 92
29 80
29 109
29 57
29 45
78 21
78 83
78 65
78 53
78 104
78 96
78 35
78 27
78 74
78 64
78 116
78 81
78 101
78 86
78 67
78 50
78 92
78 80
78 57
78 47
78 55
21 65
21 87
21 17
21 35
21 27
21 74
21 68
21 116
21 10
21 86
21 14
21 119
21 67
21 92
21 80
21 109
21 57
21 55
83 105
83 53
83 104
83 96
83 35
83 27
83 68
83 116
83 101
83 86
83 14
83 119
83 67
83 50
83 92
83 80
83 109
83 57
65 87
65 17
65 27
65 74
65 68
65 64
65 116
65 10
65 101
65 95
65 14
65 67
65 50
65 80
65 109
65 47
65 55
105 53
105 104
105 96
105 87
105 17
105 27
105 68
105 116
105 10
105 101
105 86
105 95
105 14
105 67
105 80
105 109
105 57
105 45
105 47
105 55
53 96
53 87
53 17
53 35
53 74
53 64
53 81
53 10
53 101
53 86
53 14
53 119
53 67
53 50
53 92
53 80
53 109
53 57
53 45
53 47
53 55
104 87
104 27
104 68
104 64
104 116
104 81
104 10
104 101
104 95
104 14
104 119
104 50
104 92
104 80
104 57
104 45
96 87
96 27
96 74
96 64
96 116
96 81
96 10
96 101
96 14
96 119
96 67
96 50
96 80
96 109
96 45
96 47
87 68
87 10
87 86
87 14
87 119
87 67
87 50
87 92
87 109
87 55
17 27
17 74
17 64
17 81
17 10
17 101
17 86
17 95
17 14
17 119
17 67
17 50
17 92
17 80
17 109
17 57
17 45
17 47
35 27
35 74
35 68
35 64
35 81
35 10
35 101
35 86
35 95
35 14
35 119
35 67
35 50
35 80
35 109
35 45
35 47
35 55
27 74
27 64
27 81
27 101
27 86
27 14
27 119
27 50
27 92
27 80
27 109
27 45
27 47
74 64
74 116
74 101
74 86
74 95
74 119
74 50
74 92
74 80
74 109
74 45
74 47
74 55
68 64
68 116
68 81
68 10
68 101
68 86
68 95
68 14
68 119
68 67
68 50
68 92
68 45
68 55
64 116
64 81
64 95
64 14
64 119
64 50
64 109
64 57
64 45
64 47
64 55
116 81
116 10
116 101
116 86
116 95
116 14
116 119
116 50
116 80
116 57
116 47
116 55
81 10
81 101
81 95
81 14
81 67
81 92
81 80
81 57
81 45
81 55
10 101
10 86
10 119
10 67
10 50
10 92
10 80
10 47
10 55
101 86
101 95
101 14
101 119
101 50
101 92
101 109
101 45
101 47
86 95
86 14
86 119
86 67
86 50
86 92
86 109
86 57
86 55
95 14
95 119
95 67
95 50
95 92
95 80
95 109
95 57
95 55
14 119
14 67
14 50
14 92
14 80
14 109
14 57
14 45
14 47
14 55
119 67
119 50
119 92
119 80
119 57
119 45
119 47
119 55
67 92
67 80
67 109
67 57
67 45
67 55
50 80
50 57
50 45
50 47
92 109
92 47
80 109
80 57
80 45
80 47
80 55
109 57
109 45
109 47
109 55
57 45
57 47
57 55
45 47
