*verties 116
108
65
88
49
12
32
47
54
25
95
46
53
110
98
93
111
90
5
69
37
77
60
105
10
43
38
80
17
42
100
44
62
103
30
34
51
35
15
118
84
24
57
9
27
50
89
99
73
85
101
63
40
22
104
76
66
74
115
113
97
107
81
64
58
7
6
2
72
61
75
39
48
106
3
31
83
114
116
0
86
14
96
87
26
79
109
67
56
71
119
112
23
28
1
36
91
4
33
78
13
29
20
94
11
55
82
92
59
68
16
45
8
117
52
41
19
*edges 
108 65
108 49
108 12
108 32
108 47
108 54
108 25
108 95
108 46
108 53
108 93
108 5
108 69
108 37
108 77
108 60
108 105
108 10
108 43
108 17
108 42
108 44
108 103
108 34
108 51
108 35
108 15
108 57
108 27
108 50
108 89
108 99
108 85
108 63
108 113
108 97
108 107
108 58
108 72
108 61
108 39
108 106
108 31
108 83
108 114
108 0
108 86
108 14
108 87
108 109
108 67
108 56
108 119
108 112
108 1
108 91
108 33
108 78
108 20
108 94
108 11
108 92
108 68
108 16
108 45
108 117
65 88
65 49
65 12
65 32
65 47
65 25
65 95
65 46
65 98
65 111
65 5
65 37
65 77
65 43
65 38
65 80
65 17
65 42
65 100
65 44
65 62
65 103
65 30
65 34
65 35
65 15
65 84
65 9
65 27
65 50
65 99
65 73
65 85
65 101
65 63
65 40
65 76
65 66
65 74
65 113
65 97
65 64
65 7
65 6
65 2
65 61
65 75
65 39
65 48
65 3
65 31
65 83
65 116
65 0
65 86
65 14
65 96
65 87
65 109
65 67
65 71
65 1
65 36
65 4
65 33
65 78
65 13
65 29
65 11
65 55
65 82
65 68
65 16
65 8
65 41
88 49
88 32
88 47
88 54
88 25
88 95
88 53
88 93
88 111
88 5
88 69
88 37
88 77
88 10
88 43
88 38
88 80
88 42
88 100
88 44
88 62
88 51
88 15
88 118
88 84
88 9
88 27
88 50
88 89
88 99
88 73
88 101
88 40
88 22
88 104
88 76
88 66
88 74
88 115
88 97
88 107
88 81
88 64
88 6
88 2
88 61
88 75
88 48
88 106
88 31
88 114
88 0
88 86
88 14
88 79
88 109
88 67
88 71
88 119
88 112
88 23
88 28
88 1
88 4
88 33
88 13
88 94
88 11
88 55
88 82
88 59
88 68
88 16
88 117
88 52
88 41
49 12
49 32
49 47
49 54
49 25
49 95
49 46
49 53
49 98
49 111
49 90
49 5
49 69
49 37
49 77
49 60
49 105
49 10
49 17
49 100
49 44
49 103
49 30
49 51
49 35
49 15
49 118
49 84
49 24
49 9
49 27
49 50
49 85
49 101
49 63
49 22
49 104
49 76
49 74
49 115
49 113
49 97
49 64
49 7
49 6
49 2
49 72
49 61
49 75
49 106
49 3
49 31
49 83
49 114
49 0
49 86
49 14
49 96
49 87
49 79
49 109
49 67
49 23
49 28
49 36
49 91
49 33
49 78
49 13
49 29
49 55
49 82
49 68
49 8
49 117
49 52
49 41
49 19
12 47
12 54
12 95
12 53
12 110
12 98
12 93
12 90
12 5
12 77
12 60
12 105
12 10
12 43
12 38
12 80
12 100
12 62
12 30
12 34
12 51
12 35
12 15
12 118
12 27
12 50
12 73
12 85
12 101
12 63
12 40
12 22
12 104
12 76
12 66
12 74
12 97
12 107
12 81
12 64
12 58
12 7
12 6
12 2
12 72
12 61
12 75
12 39
12 48
12 106
12 31
12 83
12 114
12 116
12 86
12 96
12 87
12 26
12 79
12 67
12 71
12 119
12 23
12 36
12 91
12 4
12 33
12 78
12 29
12 20
12 94
12 11
12 55
12 68
12 16
12 45
12 8
12 117
12 52
12 41
12 19
32 54
32 25
32 95
32 46
32 53
32 98
32 93
32 111
32 90
32 5
32 69
32 37
32 60
32 10
32 43
32 80
32 42
32 100
32 62
32 34
32 35
32 118
32 84
32 57
32 50
32 89
32 99
32 73
32 85
32 101
32 40
32 22
32 76
32 113
32 97
32 107
32 81
32 64
32 58
32 7
32 6
32 2
32 61
32 75
32 39
32 106
32 3
32 116
32 86
32 14
32 96
32 26
32 79
32 109
32 67
32 112
32 23
32 28
32 91
32 4
32 33
32 78
32 29
32 20
32 11
32 82
32 92
32 16
32 117
32 41
47 54
47 25
47 46
47 110
47 98
47 111
47 90
47 69
47 37
47 77
47 105
47 38
47 17
47 100
47 44
47 103
47 30
47 51
47 35
47 118
47 24
47 9
47 50
47 99
47 85
47 101
47 63
47 40
47 22
47 66
47 115
47 113
47 81
47 64
47 58
47 2
47 72
47 75
47 39
47 48
47 106
47 3
47 83
47 114
47 116
47 0
47 86
47 14
47 96
47 87
47 109
47 67
47 71
47 112
47 28
47 91
47 4
47 33
47 78
47 29
47 20
47 94
47 11
47 82
47 92
47 59
47 68
47 16
47 45
47 8
47 117
47 52
47 41
47 19
54 95
54 46
54 53
54 110
54 98
54 93
54 111
54 90
54 5
54 69
54 105
54 38
54 80
54 42
54 100
54 44
54 62
54 103
54 35
54 15
54 84
54 57
54 9
54 99
54 85
54 101
54 40
54 22
54 74
54 115
54 97
54 81
54 64
54 58
54 7
54 6
54 2
54 75
54 48
54 106
54 31
54 83
54 114
54 116
54 86
54 96
54 87
54 26
54 79
54 109
54 67
54 56
54 71
54 112
54 23
54 28
54 1
54 36
54 91
54 4
54 33
54 78
54 13
54 82
54 92
54 59
54 16
54 45
54 8
54 52
54 41
54 19
25 95
25 53
25 111
25 5
25 69
25 105
25 10
25 43
25 38
25 80
25 17
25 42
25 62
25 51
25 35
25 15
25 118
25 84
25 24
25 57
25 50
25 99
25 73
25 85
25 40
25 104
25 76
25 66
25 115
25 113
25 81
25 7
25 6
25 61
25 75
25 39
25 48
25 3
25 31
25 83
25 114
25 0
25 14
25 96
25 67
25 56
25 71
25 119
25 112
25 23
25 28
25 1
25 36
25 91
25 13
25 29
25 94
25 11
25 92
25 45
25 8
25 117
25 52
25 41
25 19
95 46
95 53
95 110
95 98
95 93
95 90
95 5
95 69
95 37
95 77
95 10
95 43
95 17
95 42
95 103
95 35
95 15
95 118
95 84
95 24
95 57
95 9
95 27
95 50
95 89
95 99
95 85
95 63
95 40
95 104
95 76
95 74
95 115
95 113
95 81
95 64
95 58
95 6
95 2
95 72
95 61
95 75
95 39
95 48
95 106
95 83
95 114
95 116
95 0
95 86
95 14
95 96
95 109
95 67
95 119
95 112
95 23
95 1
95 36
95 91
95 33
95 78
95 13
95 94
95 55
95 82
95 92
95 59
95 68
95 16
95 45
95 8
95 52
95 41
95 19
46 53
46 111
46 90
46 69
46 60
46 105
46 10
46 43
46 38
46 80
46 17
46 44
46 62
46 103
46 30
46 34
46 51
46 35
46 15
46 118
46 84
46 9
46 27
46 50
46 89
46 99
46 73
46 101
46 63
46 40
46 76
46 66
46 115
46 113
46 97
46 107
46 81
46 64
46 58
46 7
46 6
46 72
46 75
46 39
46 48
46 3
46 31
46 83
46 114
46 116
46 0
46 86
46 96
46 87
46 26
46 79
46 109
46 56
46 23
46 28
46 1
46 4
46 33
46 78
46 29
46 20
46 94
46 11
46 55
46 82
46 92
46 59
46 68
46 16
46 45
46 8
46 117
46 52
46 19
53 110
53 98
53 93
53 90
53 5
53 69
53 37
53 105
53 10
53 17
53 42
53 62
53 103
53 15
53 118
53 24
53 57
53 9
53 27
53 50
53 89
53 99
53 85
53 101
53 63
53 40
53 104
53 76
53 74
53 115
53 107
53 58
53 75
53 39
53 48
53 106
53 3
53 83
53 86
53 14
53 96
53 26
53 79
53 109
53 67
53 56
53 71
53 112
53 36
53 4
53 33
53 78
53 13
53 94
53 55
53 92
53 59
53 16
53 117
53 41
53 19
110 98
110 93
110 111
110 90
110 5
110 105
110 10
110 38
110 80
110 17
110 42
110 100
110 44
110 62
110 103
110 30
110 34
110 35
110 118
110 84
110 24
110 50
110 73
110 85
110 63
110 40
110 104
110 66
110 74
110 113
110 97
110 107
110 81
110 64
110 58
110 7
110 6
110 72
110 75
110 39
110 106
110 31
110 116
110 0
110 14
110 96
110 26
110 79
110 109
110 67
110 56
110 71
110 119
110 112
110 23
110 28
110 1
110 91
110 4
110 13
110 29
110 94
110 11
110 55
110 82
110 92
110 68
110 16
110 8
110 117
110 52
110 41
110 19
98 93
98 90
98 5
98 69
98 37
98 10
98 38
98 80
98 100
98 30
98 51
98 15
98 84
98 24
98 57
98 9
98 27
98 50
98 89
98 99
98 73
98 85
98 22
98 104
98 76
98 66
98 115
98 97
98 107
98 81
98 64
98 58
98 7
98 75
98 39
98 48
98 3
98 31
98 83
98 114
98 116
98 86
98 14
98 96
98 87
98 79
98 109
98 67
98 56
98 71
98 119
98 112
98 23
98 28
98 36
98 91
98 33
98 78
98 13
98 20
98 94
98 11
98 55
98 92
98 68
98 8
98 41
93 111
93 5
93 69
93 37
93 77
93 60
93 10
93 43
93 38
93 17
93 100
93 62
93 34
93 51
93 15
93 118
93 84
93 24
93 57
93 9
93 50
93 89
93 73
93 85
93 101
93 22
93 104
93 76
93 115
93 113
93 97
93 58
93 7
93 2
93 72
93 61
93 75
93 39
93 48
93 116
93 0
93 86
93 14
93 96
93 87
93 67
93 71
93 119
93 23
93 36
93 91
93 4
93 33
93 78
93 13
93 29
93 94
93 11
93 55
93 82
93 92
93 59
93 16
93 45
93 52
93 41
111 90
111 5
111 37
111 60
111 38
111 80
111 17
111 100
111 44
111 62
111 30
111 35
111 15
111 84
111 24
111 9
111 27
111 50
111 89
111 99
111 73
111 85
111 101
111 104
111 66
111 113
111 107
111 64
111 58
111 7
111 61
111 75
111 39
111 48
111 106
111 3
111 31
111 83
111 114
111 0
111 96
111 87
111 26
111 79
111 109
111 67
111 56
111 71
111 119
111 23
111 28
111 1
111 4
111 78
111 13
111 29
111 82
111 92
111 59
111 68
111 16
111 8
111 117
111 52
111 41
111 19
90 69
90 37
90 77
90 105
90 10
90 38
90 80
90 17
90 42
90 100
90 62
90 103
90 51
90 35
90 118
90 84
90 24
90 57
90 9
90 27
90 89
90 99
90 73
90 101
90 63
90 40
90 22
90 104
90 76
90 74
90 115
90 107
90 64
90 58
90 6
90 2
90 61
90 75
90 39
90 48
90 114
90 116
90 0
90 14
90 87
90 79
90 56
90 71
90 119
90 23
90 36
90 33
90 13
90 29
90 20
90 11
90 55
90 82
90 92
90 59
90 68
90 16
90 45
90 8
90 117
90 19
5 69
5 37
5 43
5 17
5 100
5 44
5 103
5 30
5 34
5 51
5 118
5 84
5 24
5 9
5 50
5 99
5 73
5 101
5 63
5 22
5 76
5 66
5 74
5 115
5 113
5 107
5 81
5 64
5 58
5 6
5 72
5 61
5 75
5 39
5 48
5 106
5 31
5 83
5 114
5 116
5 0
5 14
5 87
5 79
5 56
5 71
5 119
5 112
5 28
5 1
5 91
5 4
5 33
5 78
5 13
5 29
5 20
5 94
5 11
5 55
5 82
5 59
5 68
5 16
5 45
5 8
5 52
5 41
69 37
69 60
69 105
69 10
69 43
69 38
69 80
69 44
69 103
69 30
69 34
69 35
69 15
69 118
69 84
69 24
69 57
69 9
69 27
69 50
69 89
69 73
69 101
69 63
69 40
69 22
69 74
69 115
69 113
69 97
69 81
69 64
69 6
69 72
69 61
69 39
69 48
69 106
69 3
69 83
69 114
69 116
69 0
69 86
69 14
69 96
69 87
69 26
69 79
69 109
69 56
69 71
69 119
69 112
69 23
69 28
69 1
69 36
69 91
69 4
69 33
69 78
69 13
69 20
69 11
69 55
69 82
69 92
69 59
69 8
69 117
69 52
69 41
69 19
37 77
37 60
37 10
37 38
37 103
37 30
37 51
37 35
37 15
37 84
37 24
37 9
37 27
37 50
37 99
37 73
37 85
37 63
37 40
37 22
37 76
37 66
37 115
37 107
37 64
37 58
37 7
37 6
37 72
37 75
37 31
37 0
37 86
37 14
37 87
37 79
37 109
37 56
37 112
37 1
37 36
37 91
37 4
37 33
37 78
37 13
37 29
37 20
37 11
37 55
37 82
37 92
37 59
37 45
37 117
37 52
77 60
77 105
77 38
77 80
77 17
77 42
77 100
77 44
77 103
77 51
77 15
77 118
77 84
77 24
77 57
77 50
77 89
77 73
77 85
77 101
77 104
77 76
77 66
77 115
77 97
77 107
77 81
77 64
77 58
77 7
77 6
77 2
77 72
77 61
77 75
77 39
77 106
77 31
77 114
77 116
77 14
77 96
77 87
77 26
77 79
77 109
77 67
77 71
77 119
77 112
77 23
77 28
77 36
77 91
77 78
77 13
77 29
77 20
77 94
77 11
77 82
77 8
77 117
77 52
77 41
60 105
60 10
60 38
60 80
60 42
60 30
60 34
60 15
60 84
60 57
60 27
60 50
60 89
60 101
60 63
60 40
60 22
60 104
60 76
60 115
60 113
60 107
60 81
60 58
60 7
60 2
60 72
60 61
60 39
60 48
60 106
60 3
60 83
60 114
60 86
60 14
60 87
60 79
60 119
60 112
60 23
60 28
60 36
60 33
60 13
60 20
60 11
60 55
60 82
60 68
60 16
60 117
60 52
60 41
60 19
105 10
105 38
105 80
105 100
105 44
105 30
105 34
105 35
105 15
105 118
105 84
105 57
105 9
105 27
105 50
105 22
105 104
105 76
105 66
105 74
105 115
105 113
105 97
105 107
105 81
105 64
105 2
105 72
105 61
105 39
105 48
105 106
105 31
105 0
105 14
105 96
105 87
105 26
105 79
105 109
105 119
105 112
105 28
105 1
105 36
105 91
105 4
105 33
105 78
105 29
105 20
105 94
105 11
105 92
105 59
105 16
105 45
105 8
10 43
10 38
10 80
10 42
10 62
10 103
10 30
10 34
10 35
10 15
10 84
10 57
10 27
10 50
10 89
10 99
10 101
10 63
10 74
10 107
10 81
10 64
10 58
10 2
10 72
10 39
10 3
10 31
10 83
10 114
10 116
10 86
10 79
10 109
10 119
10 112
10 28
10 13
10 20
10 55
10 68
10 16
10 45
10 117
10 52
10 41
43 38
43 80
43 17
43 42
43 62
43 103
43 30
43 51
43 35
43 15
43 118
43 24
43 57
43 9
43 50
43 99
43 85
43 101
43 63
43 40
43 104
43 76
43 66
43 115
43 113
43 97
43 64
43 58
43 7
43 6
43 39
43 3
43 31
43 83
43 114
43 0
43 14
43 96
43 87
43 26
43 79
43 109
43 67
43 56
43 71
43 119
43 112
43 28
43 1
43 36
43 91
43 4
43 33
43 78
43 13
43 29
43 94
43 11
43 55
43 82
43 92
43 59
43 68
43 45
43 8
43 117
43 52
38 80
38 100
38 62
38 103
38 34
38 35
38 15
38 84
38 24
38 9
38 27
38 89
38 73
38 85
38 101
38 63
38 40
38 104
38 115
38 113
38 97
38 107
38 81
38 64
38 58
38 61
38 75
38 39
38 48
38 83
38 114
38 116
38 0
38 86
38 14
38 26
38 79
38 109
38 67
38 56
38 71
38 119
38 112
38 28
38 1
38 36
38 29
38 94
38 11
38 55
38 82
38 92
38 59
38 68
38 16
38 45
38 8
38 117
80 17
80 42
80 30
80 51
80 35
80 118
80 84
80 24
80 57
80 9
80 89
80 99
80 73
80 85
80 101
80 63
80 40
80 22
80 66
80 113
80 107
80 81
80 64
80 7
80 6
80 2
80 72
80 48
80 3
80 31
80 83
80 116
80 0
80 86
80 14
80 96
80 87
80 67
80 119
80 112
80 23
80 28
80 36
80 91
80 4
80 13
80 29
80 82
80 92
80 68
80 16
80 45
80 8
80 117
80 52
17 100
17 44
17 62
17 103
17 30
17 35
17 118
17 84
17 24
17 27
17 99
17 73
17 85
17 63
17 104
17 76
17 66
17 74
17 115
17 113
17 107
17 81
17 58
17 7
17 6
17 72
17 61
17 106
17 31
17 83
17 114
17 86
17 96
17 87
17 26
17 79
17 109
17 67
17 56
17 71
17 112
17 36
17 91
17 4
17 29
17 20
17 94
17 55
17 82
17 92
17 59
17 68
17 16
17 8
17 117
17 52
17 41
17 19
42 62
42 30
42 34
42 51
42 15
42 24
42 57
42 9
42 27
42 50
42 99
42 73
42 85
42 22
42 104
42 66
42 113
42 81
42 64
42 58
42 7
42 2
42 72
42 39
42 83
42 116
42 0
42 14
42 87
42 26
42 109
42 67
42 56
42 71
42 119
42 112
42 23
42 28
42 1
42 36
42 4
42 33
42 78
42 13
42 29
42 20
42 11
42 82
42 92
42 59
42 16
42 45
42 8
42 117
42 52
42 19
100 62
100 103
100 30
100 34
100 51
100 35
100 15
100 118
100 24
100 9
100 27
100 50
100 99
100 73
100 85
100 101
100 63
100 40
100 104
100 76
100 66
100 107
100 81
100 64
100 58
100 7
100 61
100 39
100 106
100 3
100 83
100 114
100 86
100 96
100 87
100 26
100 79
100 109
100 67
100 56
100 71
100 119
100 112
100 28
100 1
100 36
100 91
100 33
100 13
100 29
100 94
100 55
100 82
100 92
100 59
100 16
100 45
100 8
100 117
100 41
100 19
44 62
44 30
44 34
44 51
44 118
44 57
44 50
44 89
44 73
44 85
44 101
44 63
44 40
44 22
44 104
44 74
44 115
44 97
44 107
44 81
44 64
44 58
44 6
44 2
44 72
44 61
44 75
44 39
44 48
44 31
44 83
44 86
44 14
44 96
44 87
44 26
44 79
44 56
44 112
44 23
44 28
44 1
44 36
44 91
44 4
44 78
44 13
44 94
44 82
44 16
44 45
44 52
44 41
44 19
62 34
62 35
62 15
62 118
62 57
62 27
62 89
62 73
62 63
62 40
62 22
62 104
62 76
62 66
62 74
62 115
62 97
62 107
62 81
62 58
62 7
62 2
62 72
62 61
62 75
62 39
62 48
62 106
62 3
62 31
62 83
62 116
62 0
62 14
62 96
62 87
62 26
62 79
62 67
62 56
62 71
62 23
62 28
62 1
62 91
62 78
62 13
62 29
62 20
62 11
62 55
62 92
62 59
62 68
62 16
62 8
62 117
62 19
103 34
103 51
103 15
103 118
103 84
103 24
103 9
103 27
103 50
103 99
103 85
103 101
103 63
103 40
103 104
103 76
103 74
103 115
103 113
103 97
103 81
103 64
103 58
103 2
103 72
103 61
103 48
103 106
103 31
103 83
103 114
103 116
103 0
103 14
103 87
103 26
103 79
103 109
103 67
103 56
103 112
103 23
103 28
103 1
103 91
103 4
103 33
103 78
103 13
103 20
103 94
103 11
103 68
103 117
103 41
103 19
30 34
30 35
30 118
30 24
30 57
30 9
30 27
30 50
30 73
30 101
30 63
30 40
30 22
30 104
30 76
30 74
30 115
30 97
30 107
30 7
30 6
30 2
30 72
30 48
30 3
30 114
30 116
30 0
30 14
30 87
30 79
30 109
30 67
30 56
30 71
30 119
30 112
30 28
30 1
30 36
30 91
30 33
30 78
30 13
30 20
30 94
30 11
30 82
30 92
30 59
30 16
30 8
30 117
30 41
30 19
34 51
34 35
34 118
34 57
34 9
34 50
34 89
34 99
34 73
34 40
34 76
34 66
34 74
34 113
34 107
34 64
34 58
34 6
34 2
34 61
34 75
34 48
34 83
34 114
34 116
34 86
34 96
34 87
34 109
34 56
34 71
34 119
34 112
34 23
34 1
34 36
34 91
34 33
34 78
34 94
34 55
34 82
34 59
34 68
34 45
34 8
34 117
34 52
34 41
34 19
51 35
51 15
51 118
51 84
51 57
51 27
51 73
51 63
51 40
51 76
51 115
51 107
51 7
51 6
51 2
51 72
51 39
51 31
51 83
51 114
51 116
51 0
51 86
51 87
51 26
51 109
51 67
51 56
51 119
51 23
51 28
51 36
51 91
51 4
51 33
51 13
51 20
51 94
51 55
51 82
51 59
51 16
51 45
51 117
51 52
51 41
51 19
35 15
35 24
35 57
35 9
35 50
35 99
35 73
35 85
35 101
35 63
35 40
35 104
35 66
35 115
35 113
35 97
35 107
35 81
35 64
35 7
35 6
35 2
35 72
35 61
35 75
35 39
35 106
35 3
35 31
35 83
35 116
35 0
35 14
35 96
35 26
35 67
35 71
35 112
35 23
35 91
35 11
35 92
35 59
35 68
35 16
35 45
35 8
35 41
35 19
15 118
15 84
15 24
15 9
15 89
15 99
15 73
15 85
15 63
15 40
15 22
15 104
15 66
15 115
15 113
15 97
15 107
15 81
15 7
15 61
15 48
15 106
15 31
15 83
15 116
15 14
15 96
15 87
15 26
15 56
15 119
15 112
15 23
15 1
15 36
15 4
15 33
15 78
15 29
15 20
15 94
15 11
15 55
15 92
15 59
15 16
15 8
15 117
15 52
118 84
118 24
118 57
118 9
118 27
118 50
118 99
118 73
118 85
118 101
118 40
118 76
118 66
118 74
118 113
118 97
118 64
118 7
118 6
118 2
118 72
118 75
118 106
118 3
118 31
118 83
118 114
118 0
118 86
118 96
118 87
118 26
118 109
118 67
118 56
118 71
118 119
118 23
118 1
118 36
118 91
118 4
118 33
118 78
118 20
118 94
118 55
118 82
118 92
118 59
118 117
118 52
118 41
84 24
84 57
84 27
84 50
84 89
84 99
84 85
84 63
84 40
84 115
84 113
84 81
84 64
84 58
84 6
84 72
84 61
84 39
84 48
84 106
84 3
84 83
84 116
84 0
84 96
84 26
84 79
84 67
84 71
84 119
84 112
84 28
84 1
84 36
84 33
84 29
84 94
84 11
84 92
84 59
84 68
84 16
84 45
84 8
84 117
84 52
84 41
24 57
24 27
24 50
24 99
24 73
24 85
24 101
24 63
24 40
24 104
24 76
24 74
24 115
24 113
24 107
24 58
24 7
24 6
24 61
24 39
24 48
24 83
24 0
24 86
24 96
24 79
24 109
24 67
24 56
24 71
24 112
24 23
24 28
24 1
24 4
24 33
24 29
24 20
24 11
24 55
24 82
24 68
24 16
24 45
24 8
24 52
24 41
24 19
57 9
57 27
57 89
57 73
57 63
57 22
57 104
57 74
57 115
57 113
57 107
57 64
57 58
57 6
57 2
57 61
57 75
57 39
57 48
57 3
57 31
57 83
57 116
57 0
57 86
57 14
57 96
57 26
57 79
57 109
57 71
57 112
57 28
57 1
57 36
57 91
57 33
57 78
57 13
57 29
57 20
57 94
57 11
57 55
57 59
57 68
57 45
57 52
57 19
9 27
9 50
9 99
9 63
9 40
9 22
9 76
9 66
9 74
9 115
9 113
9 97
9 107
9 64
9 7
9 6
9 2
9 72
9 75
9 39
9 106
9 3
9 31
9 0
9 14
9 87
9 26
9 79
9 109
9 67
9 71
9 119
9 112
9 1
9 91
9 33
9 78
9 29
9 20
9 94
9 55
9 82
9 92
9 59
9 16
9 45
9 8
9 117
9 52
9 19
27 85
27 63
27 22
27 104
27 76
27 66
27 74
27 115
27 113
27 107
27 81
27 64
27 6
27 2
27 72
27 75
27 39
27 48
27 3
27 83
27 116
27 0
27 87
27 79
27 67
27 71
27 119
27 112
27 23
27 1
27 91
27 4
27 33
27 78
27 13
27 94
27 82
27 68
27 16
27 45
27 8
27 117
27 52
27 41
27 19
50 89
50 101
50 104
50 76
50 66
50 74
50 113
50 97
50 81
50 64
50 7
50 6
50 2
50 72
50 61
50 75
50 39
50 48
50 106
50 3
50 31
50 83
50 114
50 0
50 86
50 14
50 96
50 79
50 67
50 56
50 71
50 28
50 1
50 91
50 13
50 29
50 20
50 55
50 92
50 68
50 16
50 45
50 52
50 19
89 99
89 73
89 85
89 101
89 40
89 22
89 104
89 76
89 66
89 74
89 115
89 97
89 107
89 81
89 58
89 7
89 6
89 2
89 75
89 3
89 31
89 114
89 116
89 86
89 14
89 96
89 87
89 26
89 109
89 67
89 56
89 119
89 112
89 23
89 28
89 1
89 36
89 91
89 4
89 33
89 13
89 29
89 20
89 94
89 11
89 82
89 92
89 59
89 68
89 16
89 45
89 117
99 73
99 85
99 63
99 40
99 22
99 66
99 74
99 107
99 81
99 58
99 7
99 6
99 2
99 61
99 75
99 106
99 3
99 31
99 83
99 114
99 116
99 0
99 86
99 14
99 96
99 87
99 26
99 109
99 67
99 71
99 119
99 28
99 36
99 91
99 4
99 33
99 29
99 94
99 11
99 92
99 59
99 16
99 41
73 85
73 63
73 40
73 66
73 74
73 97
73 81
73 7
73 6
73 72
73 61
73 75
73 39
73 48
73 106
73 3
73 31
73 83
73 114
73 86
73 14
73 79
73 109
73 67
73 56
73 71
73 119
73 112
73 28
73 4
73 13
73 29
73 11
73 55
73 82
73 92
73 59
73 45
73 8
73 41
73 19
85 101
85 63
85 40
85 22
85 66
85 74
85 115
85 113
85 97
85 107
85 81
85 58
85 7
85 6
85 2
85 72
85 61
85 75
85 48
85 3
85 31
85 83
85 114
85 0
85 86
85 96
85 26
85 79
85 67
85 56
85 71
85 119
85 112
85 23
85 1
85 36
85 91
85 4
85 33
85 78
85 13
85 29
85 20
85 94
85 55
85 82
85 59
85 68
85 52
85 41
101 22
101 104
101 76
101 66
101 74
101 115
101 97
101 107
101 81
101 64
101 58
101 7
101 2
101 61
101 3
101 83
101 116
101 14
101 96
101 26
101 79
101 109
101 67
101 56
101 112
101 28
101 1
101 36
101 91
101 4
101 33
101 78
101 13
101 20
101 82
101 59
101 16
101 117
101 41
63 40
63 22
63 104
63 76
63 66
63 74
63 115
63 107
63 81
63 64
63 58
63 7
63 6
63 2
63 61
63 75
63 106
63 3
63 116
63 0
63 86
63 96
63 87
63 79
63 67
63 56
63 119
63 112
63 23
63 36
63 4
63 33
63 78
63 13
63 29
63 20
63 94
63 11
63 55
63 68
63 16
63 45
63 117
63 52
63 41
63 19
40 22
40 104
40 76
40 115
40 113
40 107
40 81
40 64
40 58
40 72
40 61
40 75
40 39
40 48
40 106
40 31
40 83
40 114
40 116
40 86
40 14
40 96
40 87
40 79
40 67
40 56
40 71
40 119
40 23
40 28
40 1
40 36
40 91
40 33
40 78
40 29
40 20
40 11
40 55
40 82
40 92
40 59
40 68
40 45
40 8
22 66
22 115
22 107
22 58
22 6
22 39
22 48
22 106
22 3
22 31
22 116
22 14
22 96
22 26
22 79
22 109
22 67
22 71
22 28
22 1
22 4
22 33
22 13
22 94
22 82
22 92
22 16
22 8
22 117
22 41
22 19
104 76
104 74
104 115
104 97
104 107
104 81
104 64
104 7
104 6
104 2
104 72
104 61
104 75
104 39
104 48
104 106
104 3
104 31
104 83
104 114
104 116
104 86
104 14
104 26
104 79
104 109
104 67
104 56
104 71
104 119
104 23
104 28
104 36
104 91
104 4
104 33
104 94
104 11
104 82
104 92
104 59
104 68
104 45
104 8
104 117
104 41
104 19
76 66
76 74
76 113
76 97
76 107
76 81
76 58
76 7
76 6
76 72
76 61
76 75
76 106
76 31
76 114
76 116
76 0
76 86
76 96
76 26
76 79
76 109
76 67
76 71
76 119
76 112
76 23
76 4
76 78
76 13
76 29
76 94
76 11
76 55
76 92
76 68
76 45
76 117
76 52
76 41
66 113
66 97
66 64
66 58
66 6
66 72
66 61
66 39
66 3
66 31
66 0
66 86
66 96
66 87
66 26
66 79
66 67
66 56
66 119
66 112
66 23
66 28
66 36
66 91
66 4
66 33
66 13
66 29
66 11
66 59
66 68
66 16
66 45
66 8
66 117
66 41
66 19
74 115
74 113
74 107
74 64
74 58
74 6
74 2
74 61
74 39
74 48
74 106
74 3
74 114
74 116
74 0
74 14
74 26
74 79
74 109
74 119
74 1
74 36
74 91
74 33
74 78
74 29
74 20
74 94
74 55
74 92
74 59
74 68
74 16
74 8
74 117
74 41
74 19
115 113
115 107
115 81
115 58
115 7
115 6
115 72
115 61
115 75
115 39
115 31
115 83
115 116
115 86
115 14
115 96
115 87
115 79
115 109
115 67
115 56
115 71
115 119
115 112
115 23
115 1
115 91
115 4
115 33
115 78
115 13
115 94
115 11
115 55
115 82
115 92
115 59
115 68
115 16
115 52
115 41
113 97
113 107
113 58
113 72
113 61
113 39
113 48
113 106
113 3
113 83
113 116
113 0
113 86
113 14
113 87
113 26
113 79
113 67
113 56
113 71
113 119
113 23
113 28
113 1
113 36
113 91
113 78
113 29
113 55
113 45
113 8
113 117
113 41
113 19
97 107
97 64
97 58
97 6
97 2
97 61
97 75
97 39
97 48
97 106
97 3
97 31
97 114
97 0
97 14
97 87
97 26
97 79
97 109
97 67
97 71
97 1
97 36
97 91
97 33
97 78
97 13
97 20
97 11
97 55
97 92
97 68
97 16
97 45
97 8
97 117
97 52
107 64
107 7
107 6
107 2
107 61
107 48
107 3
107 31
107 83
107 114
107 116
107 0
107 14
107 96
107 79
107 109
107 67
107 71
107 119
107 112
107 23
107 28
107 1
107 91
107 4
107 33
107 13
107 29
107 20
107 11
107 55
107 92
107 59
107 68
107 45
107 8
107 117
107 41
81 2
81 72
81 75
81 39
81 106
81 3
81 31
81 114
81 0
81 86
81 96
81 87
81 26
81 79
81 109
81 67
81 71
81 119
81 112
81 1
81 4
81 33
81 13
81 29
81 20
81 94
81 11
81 55
81 92
81 59
81 45
81 8
81 117
81 52
81 41
64 6
64 39
64 106
64 3
64 83
64 114
64 0
64 96
64 26
64 79
64 109
64 67
64 71
64 119
64 112
64 28
64 1
64 36
64 4
64 78
64 20
64 94
64 55
64 82
64 92
64 59
64 45
64 52
64 41
58 7
58 6
58 2
58 75
58 39
58 106
58 3
58 31
58 114
58 116
58 0
58 86
58 14
58 96
58 87
58 26
58 79
58 109
58 56
58 71
58 119
58 112
58 1
58 91
58 4
58 33
58 13
58 29
58 20
58 94
58 55
58 82
58 92
58 59
58 68
58 16
58 8
58 41
7 2
7 72
7 39
7 48
7 106
7 31
7 83
7 116
7 86
7 96
7 87
7 26
7 109
7 67
7 56
7 119
7 112
7 23
7 1
7 36
7 91
7 4
7 13
7 29
7 20
7 94
7 92
7 59
7 68
7 16
7 45
7 8
7 117
7 41
7 19
6 75
6 39
6 48
6 114
6 116
6 0
6 14
6 96
6 87
6 26
6 79
6 109
6 56
6 71
6 112
6 23
6 36
6 33
6 78
6 13
6 29
6 94
6 82
6 92
6 68
6 16
6 45
6 8
6 117
6 52
2 39
2 48
2 3
2 31
2 83
2 114
2 116
2 0
2 86
2 14
2 96
2 79
2 67
2 71
2 119
2 112
2 23
2 1
2 36
2 4
2 33
2 13
2 29
2 20
2 94
2 82
2 16
2 45
2 8
2 52
2 41
72 75
72 39
72 48
72 3
72 31
72 83
72 0
72 14
72 87
72 109
72 56
72 119
72 23
72 91
72 4
72 13
72 29
72 20
72 11
72 82
72 92
72 68
72 8
72 117
72 52
72 19
61 75
61 39
61 48
61 106
61 3
61 83
61 116
61 0
61 86
61 14
61 96
61 79
61 109
61 71
61 119
61 23
61 28
61 36
61 91
61 4
61 33
61 78
61 13
61 29
61 20
61 11
61 55
61 92
61 59
61 68
61 16
61 45
61 8
61 117
61 41
61 19
75 39
75 48
75 31
75 83
75 116
75 86
75 96
75 87
75 26
75 109
75 67
75 23
75 1
75 36
75 91
75 4
75 33
75 78
75 13
75 29
75 20
75 94
75 55
75 45
75 117
75 52
75 41
39 48
39 106
39 3
39 114
39 116
39 86
39 96
39 79
39 109
39 67
39 119
39 23
39 1
39 91
39 4
39 33
39 13
39 29
39 20
39 11
39 82
39 59
39 68
39 45
39 8
39 117
39 41
39 19
48 31
48 86
48 79
48 109
48 67
48 56
48 119
48 112
48 28
48 1
48 91
48 4
48 33
48 78
48 20
48 11
48 82
48 92
48 68
48 45
48 117
48 41
106 3
106 83
106 114
106 96
106 87
106 26
106 79
106 109
106 67
106 56
106 71
106 23
106 28
106 36
106 91
106 4
106 78
106 13
106 29
106 20
106 82
106 59
106 16
106 45
106 8
106 52
106 41
106 19
3 83
3 116
3 86
3 14
3 87
3 26
3 109
3 112
3 1
3 36
3 4
3 33
3 78
3 13
3 29
3 11
3 82
3 59
3 68
3 16
3 8
3 117
3 52
3 41
3 19
31 83
31 116
31 86
31 14
31 87
31 109
31 67
31 56
31 71
31 112
31 23
31 36
31 91
31 4
31 33
31 78
31 13
31 29
31 94
31 11
31 55
31 82
31 92
31 59
31 16
31 45
31 8
31 117
31 52
31 19
83 114
83 116
83 0
83 86
83 14
83 96
83 26
83 109
83 67
83 56
83 71
83 119
83 36
83 4
83 33
83 13
83 29
83 20
83 11
83 55
83 82
83 59
83 68
83 16
83 45
83 117
83 41
114 0
114 96
114 87
114 109
114 67
114 56
114 112
114 28
114 1
114 36
114 91
114 33
114 13
114 20
114 11
114 92
114 59
114 68
114 45
114 8
114 117
114 52
114 19
116 86
116 14
116 26
116 109
116 67
116 56
116 119
116 112
116 23
116 28
116 36
116 33
116 78
116 13
116 29
116 94
116 11
116 55
116 59
116 68
116 16
116 8
116 117
0 14
0 96
0 87
0 26
0 109
0 67
0 56
0 71
0 119
0 112
0 23
0 28
0 1
0 33
0 78
0 13
0 29
0 20
0 55
0 82
0 59
0 68
0 16
0 52
0 41
86 87
86 79
86 67
86 56
86 112
86 23
86 28
86 36
86 91
86 4
86 29
86 20
86 94
86 55
86 92
86 59
86 68
86 16
86 8
86 117
86 52
86 41
86 19
14 26
14 79
14 67
14 56
14 71
14 119
14 112
14 28
14 36
14 78
14 29
14 20
14 11
14 82
14 92
14 59
14 68
14 45
14 117
14 52
14 41
14 19
96 87
96 109
96 67
96 56
96 119
96 112
96 23
96 28
96 1
96 36
96 91
96 78
96 13
96 29
96 20
96 94
96 11
96 92
96 59
96 16
96 8
96 41
96 19
87 26
87 109
87 67
87 56
87 119
87 112
87 28
87 91
87 4
87 78
87 13
87 29
87 20
87 11
87 55
87 82
87 92
87 59
87 16
87 45
87 52
87 41
87 19
26 79
26 109
26 67
26 56
26 71
26 119
26 1
26 4
26 33
26 78
26 13
26 29
26 20
26 94
26 82
26 68
26 16
26 8
79 109
79 67
79 56
79 71
79 119
79 112
79 23
79 1
79 91
79 4
79 78
79 29
79 20
79 94
79 11
79 55
79 82
79 92
79 68
79 16
79 45
79 117
79 52
79 19
109 67
109 71
109 119
109 112
109 1
109 36
109 91
109 4
109 33
109 78
109 13
109 29
109 11
109 82
109 92
109 16
109 45
109 8
109 117
109 52
109 41
67 56
67 71
67 112
67 23
67 1
67 91
67 4
67 78
67 13
67 29
67 94
67 11
67 55
67 59
67 68
67 8
67 117
67 52
67 41
67 19
56 71
56 112
56 23
56 28
56 1
56 4
56 33
56 78
56 13
56 29
56 20
56 94
56 55
56 82
56 92
56 59
56 16
56 117
56 41
56 19
71 119
71 112
71 23
71 28
71 1
71 4
71 33
71 78
71 13
71 29
71 94
71 11
71 82
71 92
71 59
71 68
71 45
71 8
71 52
71 41
71 19
119 112
119 23
119 4
119 33
119 78
119 13
119 20
119 94
119 55
119 92
119 68
119 16
119 8
112 23
112 91
112 4
112 78
112 29
112 94
112 11
112 82
112 59
112 68
112 16
112 45
112 8
112 117
112 41
112 19
23 28
23 1
23 36
23 91
23 4
23 78
23 13
23 29
23 20
23 82
23 92
23 59
23 68
23 16
23 8
23 52
23 19
28 1
28 91
28 4
28 33
28 78
28 13
28 29
28 20
28 11
28 55
28 92
28 68
28 16
28 45
28 8
28 41
28 19
1 78
1 13
1 20
1 11
1 55
1 82
1 45
1 8
1 117
1 52
1 41
1 19
36 91
36 33
36 13
36 94
36 55
36 92
36 59
36 68
36 16
36 8
36 117
36 52
91 4
91 33
91 78
91 20
91 55
91 82
91 92
91 59
91 45
91 8
91 117
91 52
91 41
91 19
4 33
4 13
4 29
4 11
4 92
4 59
4 68
4 45
4 117
4 41
33 78
33 13
33 29
33 94
33 11
33 55
33 59
33 68
33 45
33 117
33 52
33 41
78 29
78 20
78 11
78 55
78 82
78 92
78 68
78 16
78 45
78 8
78 117
78 52
13 29
13 94
13 11
13 55
13 82
13 59
13 45
13 117
13 19
29 20
29 94
29 11
29 55
29 82
29 68
29 45
29 8
29 41
29 19
20 92
20 59
20 68
20 16
20 45
20 8
20 117
20 52
20 19
94 55
94 92
94 59
94 16
94 8
94 117
94 52
94 41
94 19
11 55
11 82
11 92
11 16
11 45
11 8
11 117
11 41
11 19
55 82
55 16
55 45
55 8
55 117
55 41
82 92
82 59
82 45
82 8
82 117
82 52
82 41
82 19
92 68
92 16
92 45
92 8
92 52
59 45
59 117
59 52
59 19
68 16
68 8
68 52
68 41
16 45
16 8
16 117
45 8
45 117
45 52
45 19
8 117
8 41
8 19
52 41
52 19
