*verties 112
84
106
59
22
67
13
61
1
87
94
88
110
92
114
58
82
18
52
62
3
41
68
7
20
43
55
78
8
25
63
102
70
15
117
40
31
80
42
5
35
39
36
4
75
12
118
54
14
44
27
109
97
89
85
111
47
108
100
79
26
99
17
10
60
66
69
119
30
33
113
21
64
0
34
103
91
116
28
23
95
57
24
72
37
115
48
83
107
90
104
74
46
86
101
9
71
73
98
49
96
77
81
51
45
29
50
93
56
16
11
6
65
*edges 
84 106
84 67
84 13
84 61
84 1
84 87
84 94
84 110
84 92
84 114
84 58
84 18
84 62
84 3
84 41
84 68
84 20
84 55
84 78
84 8
84 63
84 102
84 70
84 15
84 117
84 40
84 31
84 80
84 42
84 5
84 35
84 36
84 4
84 75
84 12
84 109
84 97
84 85
84 47
84 79
84 26
84 17
84 10
84 60
84 66
84 33
84 113
84 0
84 34
84 103
84 28
84 23
84 24
84 115
84 83
84 107
84 104
84 46
84 86
84 101
84 9
84 73
84 98
84 96
84 77
84 81
84 45
84 29
84 50
84 11
84 65
106 59
106 13
106 61
106 1
106 94
106 88
106 110
106 68
106 20
106 43
106 55
106 63
106 70
106 15
106 117
106 40
106 31
106 80
106 35
106 36
106 4
106 75
106 118
106 27
106 85
106 111
106 47
106 17
106 66
106 119
106 30
106 33
106 21
106 34
106 103
106 91
106 116
106 23
106 95
106 57
106 24
106 72
106 37
106 115
106 83
106 107
106 46
106 86
106 71
106 98
106 49
106 96
106 77
106 81
106 51
106 45
106 93
106 11
106 65
59 61
59 88
59 114
59 58
59 82
59 18
59 62
59 3
59 41
59 68
59 20
59 43
59 78
59 8
59 102
59 117
59 40
59 42
59 35
59 39
59 36
59 4
59 12
59 54
59 14
59 89
59 85
59 111
59 47
59 100
59 79
59 26
59 10
59 60
59 30
59 113
59 64
59 0
59 34
59 103
59 91
59 23
59 57
59 72
59 37
59 115
59 48
59 83
59 107
59 90
59 104
59 74
59 46
59 86
59 101
59 49
59 77
59 81
59 45
59 50
59 93
59 16
59 11
59 6
59 65
22 61
22 1
22 87
22 88
22 92
22 114
22 58
22 82
22 18
22 52
22 62
22 3
22 55
22 78
22 8
22 25
22 102
22 15
22 40
22 80
22 5
22 35
22 75
22 12
22 54
22 44
22 97
22 89
22 111
22 47
22 108
22 79
22 99
22 17
22 10
22 60
22 66
22 119
22 30
22 113
22 64
22 23
22 83
22 107
22 90
22 104
22 74
22 46
22 9
22 73
22 49
22 96
22 77
22 81
22 51
22 45
22 29
22 50
22 93
22 56
22 16
22 6
22 65
67 1
67 87
67 94
67 88
67 110
67 58
67 82
67 62
67 41
67 68
67 20
67 43
67 55
67 8
67 25
67 63
67 15
67 117
67 40
67 31
67 80
67 35
67 39
67 36
67 75
67 118
67 14
67 44
67 27
67 89
67 85
67 111
67 47
67 26
67 17
67 10
67 119
67 30
67 21
67 64
67 34
67 103
67 57
67 72
67 115
67 107
67 90
67 104
67 74
67 46
67 9
67 73
67 96
67 77
67 81
67 45
67 29
67 50
67 56
67 6
13 88
13 110
13 92
13 114
13 58
13 18
13 52
13 62
13 41
13 20
13 55
13 78
13 8
13 102
13 70
13 117
13 40
13 31
13 80
13 42
13 5
13 39
13 75
13 54
13 14
13 27
13 109
13 89
13 85
13 111
13 47
13 108
13 79
13 99
13 10
13 66
13 69
13 119
13 64
13 0
13 91
13 28
13 23
13 95
13 57
13 37
13 83
13 107
13 90
13 46
13 86
13 71
13 45
13 50
13 93
13 56
13 11
13 6
13 65
61 1
61 87
61 94
61 88
61 92
61 58
61 18
61 52
61 62
61 3
61 68
61 7
61 20
61 43
61 78
61 8
61 15
61 117
61 40
61 31
61 80
61 42
61 5
61 36
61 75
61 12
61 118
61 54
61 44
61 27
61 109
61 89
61 85
61 111
61 108
61 100
61 79
61 26
61 99
61 17
61 60
61 69
61 33
61 21
61 0
61 34
61 103
61 116
61 28
61 23
61 95
61 72
61 48
61 107
61 90
61 104
61 74
61 46
61 86
61 98
61 49
61 77
61 51
61 45
61 29
61 50
61 93
61 56
61 16
61 65
1 88
1 110
1 58
1 18
1 3
1 41
1 68
1 25
1 63
1 102
1 70
1 15
1 117
1 42
1 5
1 36
1 4
1 12
1 118
1 54
1 14
1 44
1 97
1 89
1 108
1 100
1 17
1 10
1 66
1 69
1 30
1 33
1 64
1 28
1 95
1 57
1 24
1 72
1 37
1 83
1 90
1 101
1 9
1 81
1 51
1 45
1 29
1 93
1 56
1 11
87 94
87 110
87 92
87 114
87 82
87 18
87 52
87 62
87 41
87 68
87 7
87 43
87 55
87 78
87 25
87 70
87 117
87 31
87 42
87 5
87 39
87 12
87 118
87 54
87 14
87 44
87 27
87 109
87 89
87 85
87 111
87 108
87 100
87 26
87 99
87 10
87 66
87 69
87 119
87 33
87 113
87 64
87 0
87 34
87 23
87 24
87 72
87 37
87 115
87 48
87 90
87 104
87 74
87 46
87 86
87 101
87 71
87 73
87 49
87 96
87 81
87 51
87 45
87 29
87 50
87 16
87 11
87 6
87 65
94 110
94 18
94 52
94 62
94 3
94 41
94 68
94 7
94 20
94 55
94 8
94 63
94 102
94 15
94 40
94 31
94 80
94 35
94 4
94 75
94 44
94 27
94 109
94 97
94 89
94 111
94 47
94 108
94 100
94 79
94 26
94 99
94 17
94 69
94 119
94 33
94 113
94 21
94 64
94 0
94 34
94 116
94 23
94 57
94 37
94 115
94 83
94 107
94 90
94 74
94 46
94 86
94 71
94 73
94 98
94 96
94 77
94 81
94 51
94 45
94 29
94 16
88 110
88 92
88 58
88 18
88 52
88 62
88 3
88 41
88 68
88 7
88 20
88 55
88 63
88 117
88 31
88 42
88 35
88 39
88 4
88 75
88 12
88 118
88 97
88 89
88 111
88 47
88 108
88 100
88 79
88 17
88 10
88 119
88 113
88 64
88 91
88 116
88 23
88 95
88 115
88 48
88 83
88 74
88 9
88 71
88 73
88 98
88 81
88 51
88 45
88 50
88 93
88 11
110 92
110 114
110 58
110 52
110 62
110 3
110 7
110 43
110 55
110 8
110 25
110 15
110 40
110 31
110 42
110 35
110 36
110 4
110 12
110 118
110 44
110 27
110 89
110 111
110 108
110 79
110 26
110 99
110 10
110 66
110 69
110 119
110 30
110 34
110 116
110 28
110 23
110 95
110 57
110 72
110 37
110 48
110 83
110 107
110 90
110 86
110 9
110 71
110 73
110 98
110 96
110 77
110 81
110 51
110 45
110 29
110 50
110 56
110 16
110 11
110 6
110 65
92 58
92 18
92 52
92 62
92 20
92 43
92 8
92 25
92 63
92 15
92 31
92 35
92 36
92 4
92 12
92 118
92 14
92 27
92 109
92 89
92 85
92 26
92 99
92 60
92 66
92 69
92 64
92 0
92 103
92 91
92 116
92 23
92 57
92 72
92 37
92 115
92 107
92 90
92 104
92 74
92 101
92 71
92 73
92 49
92 96
92 77
92 51
92 93
92 16
92 6
92 65
114 58
114 18
114 52
114 62
114 3
114 7
114 20
114 55
114 78
114 25
114 63
114 102
114 15
114 117
114 40
114 80
114 42
114 5
114 35
114 39
114 36
114 4
114 12
114 118
114 44
114 85
114 47
114 108
114 100
114 99
114 17
114 10
114 66
114 30
114 34
114 103
114 28
114 57
114 115
114 48
114 83
114 107
114 90
114 104
114 74
114 46
114 101
114 9
114 71
114 73
114 98
114 81
114 51
114 45
114 29
114 50
114 93
114 56
114 16
114 11
114 65
58 62
58 41
58 7
58 20
58 55
58 8
58 25
58 63
58 70
58 15
58 31
58 80
58 42
58 5
58 35
58 39
58 75
58 12
58 118
58 54
58 44
58 109
58 97
58 85
58 47
58 100
58 26
58 99
58 17
58 60
58 119
58 30
58 113
58 34
58 103
58 91
58 28
58 95
58 24
58 72
58 37
58 115
58 48
58 83
58 107
58 90
58 104
58 46
58 86
58 101
58 9
58 71
58 73
58 98
58 96
58 51
58 45
58 50
58 93
58 56
58 6
82 52
82 62
82 3
82 68
82 43
82 78
82 8
82 25
82 102
82 117
82 31
82 42
82 35
82 39
82 36
82 12
82 54
82 44
82 27
82 85
82 108
82 79
82 99
82 17
82 69
82 119
82 30
82 21
82 0
82 34
82 103
82 116
82 28
82 23
82 57
82 72
82 115
82 48
82 90
82 46
82 86
82 101
82 9
82 98
82 49
82 96
82 77
82 51
82 45
82 16
82 11
82 65
18 62
18 3
18 41
18 68
18 7
18 20
18 43
18 25
18 63
18 70
18 15
18 31
18 80
18 42
18 39
18 36
18 4
18 75
18 118
18 44
18 27
18 109
18 97
18 111
18 108
18 79
18 26
18 99
18 17
18 10
18 60
18 30
18 33
18 113
18 103
18 116
18 28
18 23
18 95
18 57
18 24
18 72
18 37
18 115
18 48
18 83
18 90
18 74
18 86
18 9
18 98
18 96
18 77
18 51
18 45
18 50
18 56
18 16
18 65
52 7
52 20
52 43
52 8
52 25
52 63
52 102
52 70
52 117
52 40
52 31
52 5
52 35
52 36
52 118
52 54
52 14
52 44
52 109
52 89
52 85
52 100
52 79
52 26
52 99
52 10
52 66
52 119
52 33
52 64
52 0
52 91
52 116
52 95
52 57
52 24
52 115
52 107
52 90
52 104
52 86
52 101
52 9
52 71
52 73
52 98
52 96
52 77
52 45
52 29
52 50
52 93
52 56
52 6
52 65
62 3
62 41
62 68
62 7
62 20
62 55
62 8
62 70
62 15
62 117
62 40
62 5
62 35
62 36
62 4
62 75
62 118
62 14
62 109
62 97
62 89
62 111
62 47
62 108
62 79
62 99
62 17
62 60
62 69
62 119
62 30
62 113
62 21
62 0
62 103
62 91
62 95
62 57
62 24
62 72
62 115
62 48
62 83
62 107
62 46
62 86
62 101
62 71
62 98
62 81
62 45
62 29
62 93
62 56
62 16
62 11
3 41
3 20
3 55
3 78
3 25
3 102
3 15
3 31
3 80
3 42
3 5
3 35
3 39
3 36
3 4
3 75
3 118
3 54
3 44
3 27
3 109
3 111
3 60
3 69
3 119
3 30
3 33
3 113
3 21
3 0
3 34
3 103
3 91
3 116
3 28
3 23
3 95
3 57
3 24
3 72
3 115
3 83
3 107
3 90
3 104
3 74
3 86
3 9
3 73
3 96
3 77
3 45
3 50
3 93
3 16
3 65
41 7
41 8
41 70
41 117
41 80
41 42
41 5
41 35
41 36
41 4
41 118
41 54
41 14
41 97
41 89
41 47
41 108
41 100
41 79
41 26
41 99
41 10
41 69
41 30
41 33
41 21
41 64
41 0
41 34
41 91
41 23
41 57
41 37
41 48
41 90
41 74
41 86
41 9
41 71
41 73
41 96
41 77
41 29
41 93
41 16
41 6
41 65
68 7
68 20
68 43
68 8
68 102
68 70
68 117
68 40
68 31
68 42
68 35
68 39
68 36
68 4
68 75
68 118
68 14
68 44
68 27
68 97
68 89
68 111
68 47
68 79
68 99
68 17
68 60
68 69
68 119
68 33
68 64
68 0
68 34
68 91
68 23
68 95
68 57
68 24
68 37
68 48
68 90
68 104
68 46
68 86
68 101
68 9
68 71
68 73
68 96
68 77
68 51
68 45
68 29
68 93
68 16
68 11
68 65
7 43
7 8
7 80
7 42
7 5
7 39
7 36
7 75
7 12
7 118
7 54
7 44
7 89
7 85
7 47
7 108
7 100
7 79
7 26
7 17
7 60
7 66
7 69
7 30
7 33
7 113
7 34
7 103
7 116
7 28
7 95
7 57
7 37
7 48
7 83
7 107
7 104
7 74
7 46
7 9
7 73
7 98
7 96
7 81
7 29
7 50
7 93
7 56
7 11
7 65
20 43
20 55
20 25
20 102
20 70
20 15
20 40
20 31
20 80
20 42
20 35
20 39
20 4
20 75
20 12
20 118
20 54
20 14
20 44
20 27
20 109
20 89
20 111
20 47
20 108
20 17
20 60
20 66
20 69
20 30
20 113
20 21
20 0
20 34
20 103
20 28
20 23
20 95
20 57
20 37
20 48
20 90
20 86
20 9
20 71
20 73
20 98
20 49
20 77
20 51
20 29
20 16
20 65
43 78
43 8
43 102
43 117
43 80
43 42
43 5
43 35
43 39
43 36
43 4
43 54
43 14
43 44
43 109
43 89
43 85
43 47
43 108
43 100
43 99
43 60
43 33
43 113
43 21
43 0
43 34
43 23
43 95
43 37
43 115
43 48
43 83
43 107
43 90
43 74
43 9
43 71
43 98
43 96
43 81
43 45
43 29
43 50
43 56
43 16
43 11
43 6
43 65
55 8
55 25
55 63
55 102
55 70
55 15
55 117
55 80
55 42
55 5
55 35
55 75
55 12
55 54
55 27
55 109
55 97
55 111
55 108
55 26
55 99
55 17
55 10
55 69
55 119
55 30
55 33
55 64
55 0
55 103
55 91
55 116
55 28
55 23
55 95
55 72
55 48
55 83
55 107
55 90
55 104
55 46
55 86
55 9
55 71
55 73
55 96
55 77
55 51
55 29
55 93
55 56
55 16
55 11
78 25
78 63
78 102
78 117
78 40
78 80
78 42
78 5
78 35
78 39
78 36
78 4
78 12
78 118
78 14
78 85
78 108
78 17
78 10
78 69
78 30
78 33
78 113
78 0
78 34
78 91
78 116
78 23
78 95
78 24
78 72
78 115
78 107
78 90
78 74
78 46
78 86
78 71
78 73
78 96
78 77
78 81
78 45
78 50
78 6
8 63
8 102
8 117
8 80
8 39
8 36
8 75
8 12
8 118
8 54
8 14
8 27
8 109
8 89
8 85
8 111
8 47
8 108
8 26
8 99
8 17
8 10
8 66
8 69
8 119
8 30
8 113
8 34
8 103
8 91
8 23
8 95
8 57
8 24
8 107
8 90
8 104
8 46
8 86
8 101
8 9
8 98
8 96
8 77
8 51
8 45
8 29
8 50
8 56
8 16
8 11
8 6
8 65
25 102
25 70
25 117
25 40
25 31
25 35
25 4
25 75
25 12
25 118
25 54
25 14
25 109
25 97
25 89
25 47
25 100
25 79
25 26
25 99
25 60
25 66
25 33
25 64
25 0
25 34
25 103
25 91
25 116
25 23
25 95
25 57
25 24
25 37
25 48
25 83
25 107
25 90
25 104
25 74
25 46
25 86
25 101
25 9
25 71
25 98
25 96
25 81
25 51
25 50
25 56
25 11
63 70
63 15
63 117
63 80
63 5
63 35
63 39
63 4
63 12
63 54
63 14
63 109
63 97
63 111
63 108
63 26
63 10
63 60
63 66
63 69
63 119
63 21
63 0
63 34
63 103
63 91
63 116
63 23
63 95
63 57
63 24
63 37
63 115
63 83
63 107
63 90
63 104
63 74
63 46
63 86
63 9
63 71
63 98
63 49
63 81
63 51
63 45
63 29
63 93
63 56
63 16
63 6
63 65
102 70
102 15
102 117
102 80
102 5
102 36
102 4
102 75
102 12
102 54
102 97
102 89
102 47
102 100
102 26
102 17
102 10
102 60
102 66
102 69
102 119
102 30
102 33
102 113
102 64
102 0
102 103
102 116
102 28
102 107
102 104
102 74
102 46
102 101
102 73
102 98
102 49
102 96
102 51
102 29
102 93
102 56
102 16
102 6
102 65
70 15
70 40
70 31
70 80
70 42
70 5
70 35
70 39
70 36
70 75
70 12
70 118
70 44
70 27
70 97
70 89
70 85
70 111
70 47
70 108
70 100
70 79
70 26
70 99
70 60
70 66
70 33
70 21
70 0
70 34
70 103
70 116
70 23
70 95
70 57
70 24
70 72
70 37
70 83
70 90
70 104
70 74
70 46
70 101
70 9
70 73
70 98
70 96
70 77
70 45
70 56
70 16
70 11
70 6
15 117
15 80
15 42
15 5
15 36
15 4
15 75
15 12
15 118
15 44
15 27
15 109
15 89
15 111
15 100
15 79
15 99
15 17
15 10
15 60
15 66
15 30
15 21
15 64
15 34
15 28
15 95
15 24
15 48
15 107
15 90
15 104
15 74
15 46
15 86
15 101
15 9
15 71
15 73
15 98
15 96
15 77
15 51
15 29
15 50
15 93
15 56
15 11
117 31
117 42
117 5
117 35
117 39
117 4
117 75
117 54
117 44
117 27
117 109
117 97
117 89
117 111
117 47
117 108
117 99
117 17
117 60
117 66
117 69
117 30
117 113
117 21
117 103
117 116
117 23
117 95
117 24
117 72
117 37
117 115
117 48
117 83
117 104
117 74
117 73
117 98
117 96
117 77
117 81
117 45
117 29
117 50
117 6
117 65
40 31
40 5
40 39
40 36
40 118
40 54
40 14
40 44
40 109
40 47
40 108
40 100
40 79
40 17
40 60
40 69
40 30
40 33
40 64
40 0
40 28
40 23
40 57
40 24
40 37
40 115
40 48
40 83
40 107
40 104
40 46
40 101
40 71
40 98
40 49
40 77
40 51
40 56
31 42
31 5
31 36
31 4
31 75
31 12
31 118
31 54
31 109
31 97
31 89
31 85
31 108
31 100
31 26
31 10
31 66
31 119
31 33
31 21
31 64
31 0
31 34
31 91
31 28
31 95
31 57
31 24
31 72
31 37
31 115
31 48
31 83
31 107
31 104
31 46
31 86
31 101
31 9
31 98
31 49
31 96
31 51
31 56
31 16
31 11
31 6
31 65
80 42
80 39
80 75
80 118
80 54
80 44
80 85
80 17
80 10
80 69
80 119
80 30
80 113
80 21
80 64
80 0
80 34
80 28
80 57
80 24
80 115
80 107
80 90
80 104
80 74
80 46
80 86
80 101
80 9
80 73
80 98
80 49
80 51
80 45
80 29
80 93
80 56
80 16
80 6
80 65
42 5
42 35
42 36
42 75
42 118
42 54
42 89
42 85
42 108
42 79
42 99
42 17
42 10
42 60
42 66
42 69
42 119
42 30
42 33
42 113
42 21
42 91
42 28
42 24
42 72
42 115
42 48
42 107
42 90
42 104
42 74
42 86
42 49
42 96
42 77
42 51
42 45
42 29
42 93
42 16
42 65
5 39
5 36
5 75
5 12
5 118
5 54
5 27
5 111
5 47
5 26
5 17
5 10
5 60
5 66
5 69
5 21
5 0
5 91
5 116
5 95
5 24
5 72
5 37
5 48
5 83
5 107
5 90
5 104
5 46
5 9
5 73
5 98
5 49
5 96
5 77
5 45
5 11
5 6
5 65
35 4
35 12
35 118
35 14
35 109
35 97
35 85
35 47
35 108
35 99
35 17
35 10
35 69
35 119
35 33
35 21
35 64
35 103
35 91
35 116
35 28
35 23
35 95
35 57
35 72
35 37
35 48
35 83
35 104
35 86
35 101
35 71
35 49
35 96
35 81
35 45
35 29
35 56
35 16
35 6
35 65
39 36
39 4
39 12
39 118
39 54
39 14
39 89
39 111
39 47
39 108
39 100
39 79
39 17
39 10
39 69
39 119
39 30
39 33
39 64
39 91
39 116
39 28
39 95
39 37
39 115
39 83
39 90
39 104
39 74
39 46
39 86
39 101
39 9
39 73
39 49
39 96
39 77
39 81
39 45
39 29
39 93
39 16
39 6
39 65
36 4
36 118
36 109
36 97
36 89
36 85
36 47
36 108
36 26
36 99
36 17
36 10
36 66
36 69
36 119
36 30
36 33
36 21
36 0
36 116
36 95
36 57
36 72
36 37
36 48
36 107
36 90
36 104
36 74
36 86
36 101
36 71
36 73
36 98
36 49
36 77
36 45
36 29
36 93
36 6
36 65
4 75
4 12
4 118
4 54
4 14
4 44
4 27
4 109
4 85
4 108
4 10
4 60
4 69
4 119
4 30
4 113
4 64
4 0
4 34
4 103
4 91
4 23
4 95
4 24
4 72
4 48
4 83
4 107
4 90
4 74
4 46
4 86
4 9
4 73
4 98
4 49
4 77
4 81
4 51
4 29
4 50
4 56
4 16
4 11
4 6
4 65
75 118
75 14
75 44
75 27
75 97
75 85
75 108
75 79
75 26
75 99
75 17
75 10
75 60
75 66
75 119
75 113
75 21
75 64
75 34
75 28
75 95
75 57
75 72
75 37
75 48
75 46
75 101
75 9
75 73
75 98
75 49
75 96
75 81
75 45
75 93
75 56
75 65
12 118
12 44
12 97
12 89
12 85
12 108
12 100
12 79
12 26
12 99
12 10
12 66
12 119
12 30
12 33
12 113
12 21
12 64
12 0
12 34
12 116
12 23
12 95
12 57
12 72
12 107
12 104
12 74
12 86
12 101
12 9
12 71
12 73
12 98
12 77
12 51
12 45
12 29
12 50
12 56
12 16
12 11
12 6
12 65
118 54
118 14
118 44
118 97
118 89
118 85
118 111
118 108
118 100
118 79
118 60
118 66
118 69
118 119
118 30
118 33
118 64
118 0
118 34
118 28
118 23
118 95
118 57
118 37
118 115
118 90
118 104
118 74
118 46
118 101
118 9
118 71
118 73
118 98
118 77
118 81
118 51
118 29
118 56
118 11
118 6
54 44
54 27
54 85
54 26
54 17
54 10
54 66
54 30
54 33
54 0
54 34
54 103
54 116
54 28
54 95
54 83
54 90
54 104
54 46
54 101
54 9
54 71
54 98
54 49
54 96
54 81
54 51
54 45
54 50
54 93
54 56
54 16
54 11
54 6
14 44
14 27
14 89
14 85
14 47
14 79
14 26
14 99
14 30
14 33
14 21
14 64
14 103
14 91
14 116
14 28
14 57
14 24
14 72
14 48
14 83
14 107
14 90
14 104
14 86
14 101
14 9
14 73
14 98
14 77
14 45
14 29
14 50
14 56
14 16
14 11
44 27
44 109
44 85
44 111
44 47
44 108
44 26
44 69
44 119
44 30
44 113
44 64
44 34
44 91
44 95
44 57
44 24
44 72
44 37
44 48
44 83
44 90
44 86
44 101
44 73
44 49
44 96
44 77
44 45
44 29
44 93
44 56
44 16
44 6
27 109
27 97
27 89
27 26
27 99
27 10
27 66
27 69
27 33
27 113
27 0
27 34
27 103
27 91
27 23
27 48
27 104
27 86
27 101
27 98
27 49
27 96
27 77
27 81
27 51
27 45
27 50
27 93
27 56
27 16
27 11
27 6
109 89
109 85
109 111
109 47
109 108
109 79
109 26
109 17
109 10
109 60
109 66
109 69
109 119
109 30
109 33
109 64
109 34
109 103
109 91
109 116
109 28
109 95
109 24
109 37
109 115
109 107
109 46
109 86
109 101
109 9
109 71
109 73
109 98
109 49
109 96
109 77
109 81
109 51
109 50
109 93
109 56
109 6
109 65
97 89
97 111
97 108
97 26
97 99
97 10
97 60
97 66
97 119
97 33
97 64
97 0
97 116
97 28
97 23
97 95
97 37
97 115
97 48
97 83
97 107
97 90
97 86
97 101
97 9
97 71
97 98
97 49
97 77
97 81
97 51
97 45
97 29
97 16
97 11
89 111
89 108
89 100
89 79
89 26
89 17
89 10
89 60
89 66
89 119
89 33
89 113
89 64
89 34
89 103
89 91
89 116
89 23
89 95
89 72
89 37
89 48
89 83
89 107
89 74
89 86
89 9
89 71
89 73
89 49
89 96
89 81
89 51
89 45
89 29
89 93
85 111
85 108
85 26
85 99
85 17
85 60
85 66
85 69
85 30
85 21
85 34
85 103
85 95
85 115
85 48
85 104
85 86
85 9
85 71
85 73
85 98
85 49
85 96
85 81
85 51
85 45
85 29
85 50
85 93
85 56
85 11
85 65
111 47
111 108
111 79
111 99
111 17
111 60
111 66
111 69
111 30
111 33
111 21
111 34
111 116
111 28
111 23
111 95
111 57
111 24
111 37
111 83
111 107
111 74
111 86
111 101
111 9
111 71
111 98
111 49
111 77
111 51
111 45
111 29
111 56
111 16
111 11
111 6
47 26
47 60
47 66
47 119
47 30
47 33
47 64
47 116
47 95
47 57
47 24
47 72
47 48
47 107
47 104
47 74
47 46
47 86
47 101
47 73
47 98
47 96
47 51
47 29
47 50
47 16
47 11
47 6
108 100
108 79
108 26
108 99
108 17
108 10
108 66
108 69
108 119
108 30
108 33
108 64
108 0
108 91
108 116
108 28
108 24
108 72
108 37
108 48
108 90
108 104
108 74
108 46
108 101
108 98
108 96
108 77
108 81
108 51
108 45
108 29
108 50
108 93
108 56
108 6
108 65
100 79
100 26
100 17
100 10
100 69
100 119
100 30
100 33
100 21
100 64
100 0
100 34
100 23
100 95
100 57
100 24
100 72
100 83
100 104
100 71
100 98
100 49
100 96
100 77
100 81
100 45
100 93
100 11
100 6
100 65
79 26
79 17
79 10
79 60
79 69
79 119
79 30
79 21
79 64
79 34
79 116
79 28
79 23
79 95
79 24
79 115
79 104
79 74
79 46
79 86
79 101
79 9
79 71
79 98
79 96
79 77
79 81
79 51
79 45
79 29
79 93
79 56
79 11
79 6
79 65
26 99
26 17
26 10
26 66
26 69
26 119
26 30
26 33
26 113
26 64
26 0
26 91
26 116
26 23
26 95
26 57
26 24
26 115
26 48
26 90
26 104
26 46
26 9
26 71
26 73
26 98
26 49
26 81
26 45
26 29
26 50
26 93
26 56
26 11
26 6
99 17
99 60
99 66
99 119
99 33
99 64
99 0
99 91
99 28
99 23
99 95
99 24
99 72
99 37
99 48
99 83
99 74
99 86
99 9
99 71
99 98
99 49
99 96
99 51
99 93
99 56
99 16
99 11
99 6
17 10
17 60
17 66
17 33
17 21
17 0
17 34
17 91
17 116
17 28
17 23
17 95
17 24
17 72
17 115
17 48
17 107
17 74
17 46
17 86
17 98
17 49
17 77
17 81
17 29
17 50
17 93
17 56
17 16
10 60
10 66
10 69
10 30
10 33
10 113
10 21
10 34
10 91
10 28
10 95
10 57
10 72
10 115
10 48
10 107
10 74
10 46
10 101
10 9
10 71
10 49
10 77
10 81
10 51
10 45
10 50
10 93
10 56
10 16
10 11
10 65
60 66
60 69
60 119
60 30
60 113
60 21
60 64
60 34
60 103
60 116
60 28
60 57
60 24
60 115
60 48
60 107
60 90
60 104
60 74
60 101
60 9
60 49
60 96
60 77
60 81
60 51
60 29
60 50
60 93
60 56
60 16
60 11
60 6
60 65
66 69
66 119
66 33
66 113
66 0
66 34
66 91
66 28
66 23
66 95
66 57
66 24
66 115
66 48
66 83
66 107
66 90
66 86
66 101
66 73
66 98
66 49
66 96
66 81
66 45
66 50
66 93
66 11
66 6
66 65
69 119
69 33
69 0
69 103
69 91
69 116
69 28
69 23
69 24
69 37
69 104
69 74
69 46
69 86
69 101
69 9
69 98
69 49
69 96
69 77
69 51
69 45
69 29
69 50
69 93
69 16
69 11
69 65
119 30
119 113
119 21
119 64
119 34
119 91
119 116
119 23
119 24
119 72
119 37
119 115
119 48
119 107
119 104
119 74
119 46
119 86
119 98
119 96
119 77
119 81
119 51
119 45
119 50
119 93
119 56
119 16
119 6
30 21
30 64
30 0
30 103
30 91
30 116
30 28
30 95
30 57
30 37
30 115
30 48
30 83
30 104
30 74
30 46
30 101
30 9
30 73
30 49
30 96
30 77
30 51
30 45
30 29
30 93
30 56
30 16
30 6
33 21
33 64
33 0
33 91
33 116
33 23
33 95
33 37
33 115
33 48
33 107
33 104
33 74
33 46
33 86
33 101
33 49
33 96
33 81
33 51
33 29
33 93
33 56
33 16
33 6
33 65
113 21
113 0
113 103
113 23
113 95
113 57
113 24
113 37
113 115
113 83
113 107
113 104
113 46
113 86
113 101
113 49
113 96
113 77
113 51
113 29
113 93
113 56
113 16
113 11
113 6
21 64
21 91
21 28
21 23
21 95
21 72
21 115
21 48
21 83
21 104
21 74
21 46
21 71
21 73
21 98
21 49
21 96
21 77
21 81
21 51
21 45
21 29
21 93
21 16
21 65
64 103
64 28
64 23
64 24
64 72
64 115
64 48
64 83
64 74
64 46
64 86
64 101
64 9
64 73
64 98
64 49
64 77
64 81
64 51
64 45
64 93
64 16
64 11
0 103
0 28
0 95
0 57
0 24
0 72
0 37
0 83
0 107
0 90
0 104
0 86
0 101
0 71
0 73
0 49
0 96
0 81
0 50
0 56
0 16
0 11
0 6
0 65
34 103
34 23
34 57
34 72
34 37
34 115
34 83
34 107
34 90
34 104
34 86
34 9
34 71
34 73
34 98
34 77
34 81
34 51
34 45
34 29
34 56
34 16
34 11
34 6
34 65
103 91
103 28
103 95
103 57
103 72
103 115
103 48
103 83
103 90
103 46
103 86
103 101
103 71
103 98
103 49
103 77
103 81
103 45
103 29
103 50
103 56
103 11
103 6
103 65
91 28
91 23
91 72
91 37
91 48
91 107
91 74
91 46
91 101
91 71
91 73
91 98
91 49
91 96
91 81
91 51
91 45
91 29
91 50
91 93
91 16
91 11
91 6
116 57
116 72
116 83
116 90
116 104
116 74
116 46
116 86
116 9
116 71
116 73
116 49
116 96
116 81
116 45
116 50
116 93
116 11
116 6
116 65
28 23
28 57
28 24
28 115
28 83
28 107
28 90
28 46
28 9
28 71
28 98
28 49
28 96
28 51
28 45
28 29
28 93
28 56
28 16
28 11
28 65
23 24
23 72
23 115
23 48
23 83
23 107
23 90
23 86
23 101
23 71
23 98
23 77
23 81
23 51
23 29
23 93
23 56
23 16
23 11
23 65
95 57
95 24
95 72
95 37
95 83
95 107
95 86
95 101
95 9
95 71
95 73
95 98
95 96
95 77
95 51
95 45
95 50
95 93
95 56
95 16
95 11
95 6
57 72
57 37
57 115
57 86
57 9
57 98
57 49
57 96
57 77
57 81
57 51
57 45
57 50
57 16
57 6
57 65
24 72
24 37
24 83
24 107
24 104
24 46
24 101
24 9
24 71
24 98
24 49
24 96
24 77
24 81
24 45
24 29
24 93
24 56
24 16
72 37
72 115
72 83
72 107
72 90
72 46
72 86
72 101
72 77
72 29
72 50
72 56
72 11
37 83
37 90
37 74
37 101
37 71
37 73
37 98
37 96
37 81
37 56
37 16
37 6
115 48
115 83
115 86
115 9
115 71
115 73
115 98
115 49
115 81
115 45
115 29
115 50
115 56
115 16
115 11
115 6
115 65
48 83
48 107
48 90
48 101
48 9
48 71
48 73
48 98
48 49
48 96
48 77
48 81
48 51
48 56
83 90
83 104
83 74
83 86
83 9
83 71
83 73
83 49
83 77
83 51
83 45
83 29
83 50
83 93
83 56
83 65
107 90
107 46
107 101
107 9
107 71
107 73
107 98
107 77
107 29
107 50
107 93
107 16
107 11
107 6
90 104
90 46
90 101
90 73
90 98
90 49
90 96
90 77
90 81
90 51
90 45
90 29
90 50
90 56
90 16
90 11
90 6
90 65
104 74
104 86
104 101
104 9
104 81
104 29
104 50
104 93
104 56
104 6
74 46
74 86
74 9
74 71
74 98
74 49
74 96
74 77
74 51
74 45
74 29
74 93
74 56
74 11
46 86
46 101
46 71
46 73
46 77
46 81
46 51
46 29
46 50
46 6
86 9
86 71
86 73
86 98
86 49
86 77
86 81
86 51
86 45
86 29
86 50
86 56
86 16
86 6
86 65
101 9
101 71
101 73
101 98
101 96
101 77
101 51
101 56
101 16
101 11
101 65
9 73
9 98
9 49
9 96
9 77
9 81
9 51
9 29
9 56
9 16
9 11
9 65
71 49
71 96
71 77
71 56
71 16
71 11
71 6
71 65
73 98
73 49
73 96
73 77
73 81
73 45
73 29
73 50
73 93
73 56
73 11
73 6
98 49
98 81
98 50
98 56
98 16
98 11
98 6
49 96
49 51
49 29
49 50
49 93
49 56
49 16
49 11
96 81
96 29
96 50
96 56
96 16
96 6
96 65
77 45
77 29
77 50
77 16
77 11
81 51
81 45
81 50
81 56
81 16
51 29
51 93
51 56
51 11
51 65
45 29
45 50
45 93
45 56
45 11
45 65
29 50
29 93
29 56
29 11
50 93
50 56
50 16
50 6
93 6
56 11
56 65
16 11
16 6
16 65
11 6
