*verties 95
98
60
16
61
83
51
54
111
95
112
35
31
103
33
43
21
85
25
64
46
86
19
62
87
58
116
106
70
117
34
22
20
118
56
81
113
23
32
4
82
17
26
71
88
108
93
6
8
101
94
41
15
45
36
38
14
13
12
37
80
59
74
99
30
68
0
18
102
89
39
91
79
29
63
3
47
72
67
114
40
53
57
77
66
92
50
5
100
44
73
55
65
75
107
48
*edges 
98 60
98 61
98 83
98 54
98 95
98 112
98 31
98 103
98 43
98 85
98 25
98 64
98 46
98 86
98 19
98 62
98 87
98 58
98 106
98 70
98 34
98 22
98 118
98 81
98 113
98 32
98 82
98 71
98 88
98 108
98 6
98 8
98 94
98 41
98 15
98 45
98 36
98 38
98 13
98 12
98 37
98 80
98 74
98 99
98 30
98 68
98 0
98 18
98 89
98 39
98 91
98 29
98 63
98 47
98 67
98 53
98 57
98 66
98 92
98 5
98 100
98 73
98 65
98 48
60 16
60 51
60 54
60 111
60 95
60 35
60 31
60 103
60 85
60 25
60 86
60 19
60 62
60 87
60 58
60 70
60 20
60 118
60 56
60 81
60 23
60 4
60 17
60 88
60 93
60 8
60 101
60 94
60 15
60 45
60 38
60 14
60 13
60 12
60 37
60 59
60 99
60 30
60 68
60 0
60 18
60 102
60 39
60 91
60 79
60 3
60 47
60 72
60 67
60 40
60 53
60 66
60 92
60 5
60 73
60 65
60 75
60 107
16 51
16 54
16 112
16 35
16 31
16 33
16 43
16 21
16 85
16 25
16 86
16 19
16 87
16 58
16 116
16 70
16 117
16 118
16 56
16 81
16 113
16 23
16 32
16 4
16 82
16 71
16 88
16 93
16 6
16 8
16 15
16 45
16 36
16 38
16 14
16 13
16 80
16 59
16 74
16 99
16 68
16 0
16 39
16 91
16 79
16 3
16 47
16 72
16 67
16 114
16 57
16 77
16 66
16 92
16 50
16 100
16 44
16 55
16 65
16 107
61 83
61 51
61 54
61 111
61 112
61 31
61 33
61 43
61 21
61 85
61 25
61 46
61 86
61 19
61 87
61 58
61 116
61 117
61 22
61 118
61 56
61 81
61 113
61 23
61 32
61 26
61 88
61 108
61 93
61 101
61 94
61 45
61 36
61 14
61 12
61 80
61 59
61 99
61 30
61 102
61 89
61 39
61 91
61 79
61 29
61 63
61 3
61 47
61 72
61 67
61 40
61 53
61 77
61 66
61 92
61 50
61 5
61 44
61 73
61 55
61 65
61 107
61 48
83 51
83 54
83 111
83 95
83 112
83 35
83 103
83 33
83 43
83 21
83 85
83 25
83 64
83 46
83 86
83 19
83 62
83 87
83 58
83 116
83 106
83 70
83 117
83 22
83 56
83 81
83 23
83 32
83 82
83 26
83 71
83 88
83 108
83 93
83 6
83 8
83 101
83 94
83 41
83 15
83 45
83 36
83 38
83 14
83 13
83 12
83 80
83 59
83 74
83 99
83 30
83 68
83 0
83 18
83 102
83 89
83 39
83 79
83 29
83 3
83 47
83 72
83 40
83 53
83 57
83 66
83 92
83 50
83 5
83 100
83 55
83 65
83 75
83 107
51 95
51 112
51 35
51 31
51 103
51 33
51 25
51 64
51 46
51 19
51 87
51 58
51 116
51 106
51 70
51 117
51 34
51 22
51 20
51 118
51 56
51 81
51 23
51 32
51 4
51 82
51 17
51 71
51 108
51 93
51 6
51 8
51 101
51 94
51 41
51 15
51 36
51 38
51 14
51 13
51 12
51 37
51 74
51 99
51 30
51 68
51 0
51 18
51 102
51 89
51 39
51 91
51 79
51 29
51 63
51 3
51 47
51 72
51 67
51 40
51 77
51 92
51 50
51 100
51 73
51 75
51 107
51 48
54 111
54 95
54 112
54 35
54 103
54 43
54 85
54 25
54 64
54 86
54 58
54 116
54 117
54 34
54 22
54 20
54 118
54 56
54 81
54 113
54 32
54 4
54 17
54 26
54 71
54 88
54 108
54 93
54 6
54 8
54 101
54 94
54 41
54 15
54 36
54 14
54 13
54 80
54 59
54 99
54 30
54 68
54 18
54 102
54 39
54 91
54 79
54 29
54 47
54 72
54 67
54 57
54 77
54 92
54 50
54 5
54 100
54 44
54 73
54 55
54 65
54 107
54 48
111 95
111 112
111 35
111 31
111 33
111 43
111 85
111 25
111 64
111 62
111 87
111 58
111 116
111 106
111 70
111 34
111 22
111 56
111 81
111 32
111 4
111 82
111 17
111 26
111 88
111 108
111 93
111 6
111 8
111 101
111 41
111 15
111 36
111 38
111 14
111 13
111 37
111 80
111 59
111 74
111 99
111 68
111 18
111 39
111 91
111 79
111 72
111 114
111 40
111 57
111 92
111 50
111 73
111 55
111 65
111 107
111 48
95 112
95 31
95 103
95 33
95 43
95 21
95 85
95 64
95 46
95 87
95 116
95 106
95 117
95 22
95 20
95 118
95 56
95 81
95 113
95 32
95 4
95 82
95 26
95 71
95 88
95 108
95 93
95 6
95 8
95 94
95 15
95 45
95 36
95 38
95 12
95 37
95 59
95 30
95 68
95 0
95 102
95 89
95 39
95 91
95 29
95 63
95 3
95 72
95 67
95 40
95 57
95 66
95 92
95 5
95 44
95 73
95 55
95 65
95 75
95 107
95 48
112 35
112 103
112 43
112 85
112 64
112 86
112 19
112 62
112 87
112 58
112 116
112 106
112 117
112 34
112 22
112 20
112 23
112 32
112 4
112 82
112 17
112 26
112 71
112 88
112 108
112 93
112 101
112 15
112 45
112 36
112 38
112 14
112 13
112 80
112 30
112 0
112 89
112 91
112 79
112 29
112 3
112 47
112 67
112 114
112 57
112 77
112 66
112 92
112 5
112 44
112 73
112 55
112 65
35 103
35 33
35 43
35 21
35 85
35 25
35 64
35 46
35 19
35 62
35 87
35 116
35 106
35 70
35 117
35 34
35 22
35 20
35 118
35 56
35 113
35 23
35 32
35 4
35 82
35 26
35 71
35 88
35 6
35 8
35 101
35 94
35 41
35 15
35 36
35 38
35 14
35 13
35 12
35 37
35 80
35 74
35 99
35 18
35 102
35 89
35 39
35 91
35 79
35 29
35 3
35 72
35 67
35 114
35 57
35 77
35 66
35 92
35 5
35 100
35 44
35 73
35 55
35 65
35 48
31 103
31 33
31 43
31 21
31 85
31 25
31 46
31 19
31 62
31 87
31 116
31 117
31 34
31 20
31 56
31 81
31 113
31 23
31 32
31 4
31 26
31 71
31 88
31 93
31 8
31 101
31 94
31 15
31 45
31 36
31 38
31 13
31 80
31 59
31 30
31 68
31 18
31 89
31 91
31 63
31 3
31 72
31 67
31 114
31 53
31 77
31 66
31 50
31 5
31 44
31 55
31 65
31 75
31 107
31 48
103 33
103 43
103 21
103 85
103 64
103 86
103 19
103 87
103 58
103 116
103 106
103 70
103 117
103 20
103 118
103 81
103 113
103 23
103 32
103 4
103 26
103 71
103 88
103 6
103 8
103 101
103 94
103 15
103 45
103 36
103 13
103 12
103 80
103 74
103 30
103 68
103 18
103 102
103 89
103 39
103 91
103 79
103 63
103 67
103 114
103 53
103 57
103 77
103 92
103 50
103 5
103 100
103 44
103 73
103 75
103 107
33 64
33 86
33 19
33 62
33 58
33 106
33 70
33 117
33 34
33 22
33 20
33 118
33 56
33 81
33 113
33 23
33 32
33 4
33 82
33 71
33 88
33 108
33 93
33 6
33 8
33 94
33 15
33 45
33 36
33 14
33 13
33 12
33 80
33 74
33 30
33 68
33 0
33 18
33 89
33 39
33 29
33 63
33 3
33 47
33 67
33 40
33 53
33 66
33 92
33 50
33 5
33 100
33 44
33 73
33 55
33 65
33 75
33 107
33 48
43 21
43 85
43 25
43 64
43 86
43 19
43 62
43 87
43 58
43 116
43 106
43 70
43 117
43 118
43 81
43 32
43 82
43 17
43 71
43 88
43 93
43 8
43 94
43 41
43 15
43 45
43 38
43 13
43 12
43 37
43 80
43 59
43 74
43 99
43 30
43 68
43 0
43 18
43 102
43 89
43 39
43 79
43 29
43 63
43 47
43 67
43 53
43 57
43 66
43 92
43 73
43 55
43 65
43 75
43 48
21 85
21 25
21 64
21 46
21 86
21 19
21 62
21 58
21 116
21 106
21 70
21 117
21 34
21 22
21 118
21 56
21 81
21 23
21 82
21 71
21 88
21 108
21 93
21 6
21 8
21 101
21 94
21 41
21 45
21 36
21 38
21 13
21 37
21 80
21 59
21 99
21 30
21 0
21 18
21 102
21 39
21 91
21 79
21 29
21 63
21 3
21 47
21 67
21 114
21 40
21 57
21 77
21 66
21 50
21 5
21 44
21 73
21 55
21 65
21 75
21 107
21 48
85 64
85 46
85 62
85 87
85 70
85 117
85 34
85 22
85 20
85 118
85 81
85 113
85 23
85 32
85 4
85 82
85 26
85 88
85 108
85 93
85 6
85 8
85 101
85 94
85 41
85 36
85 38
85 14
85 13
85 12
85 37
85 80
85 59
85 74
85 99
85 30
85 68
85 0
85 18
85 102
85 39
85 79
85 29
85 63
85 3
85 47
85 72
85 67
85 114
85 53
85 57
85 77
85 92
85 50
85 5
85 73
85 65
85 75
85 107
85 48
25 64
25 46
25 19
25 62
25 87
25 58
25 116
25 106
25 70
25 117
25 34
25 118
25 56
25 81
25 113
25 23
25 32
25 4
25 82
25 17
25 26
25 71
25 88
25 108
25 93
25 6
25 8
25 101
25 94
25 41
25 15
25 36
25 38
25 14
25 13
25 12
25 37
25 59
25 74
25 99
25 30
25 68
25 0
25 18
25 102
25 89
25 39
25 91
25 29
25 63
25 3
25 47
25 67
25 57
25 77
25 66
25 92
25 50
25 44
25 73
25 55
25 48
64 46
64 19
64 87
64 116
64 106
64 70
64 34
64 22
64 118
64 56
64 81
64 32
64 26
64 71
64 88
64 108
64 93
64 6
64 8
64 94
64 41
64 15
64 45
64 38
64 14
64 13
64 12
64 37
64 80
64 59
64 99
64 68
64 102
64 89
64 91
64 29
64 63
64 47
64 72
64 67
64 114
64 57
64 77
64 66
64 5
64 100
64 44
64 73
64 55
64 65
64 48
46 19
46 62
46 58
46 116
46 70
46 117
46 22
46 20
46 81
46 113
46 23
46 32
46 4
46 82
46 17
46 26
46 108
46 6
46 8
46 101
46 94
46 41
46 15
46 45
46 36
46 13
46 37
46 80
46 59
46 74
46 99
46 68
46 0
46 18
46 102
46 89
46 79
46 29
46 63
46 3
46 47
46 67
46 114
46 53
46 57
46 77
46 66
46 92
46 5
46 44
46 55
46 65
46 48
86 58
86 116
86 70
86 117
86 34
86 20
86 118
86 56
86 81
86 23
86 32
86 4
86 82
86 26
86 88
86 108
86 6
86 8
86 101
86 41
86 15
86 45
86 38
86 14
86 13
86 12
86 37
86 80
86 74
86 99
86 30
86 68
86 89
86 39
86 91
86 29
86 3
86 47
86 67
86 40
86 57
86 77
86 66
86 92
86 50
86 100
86 55
86 65
86 107
86 48
19 62
19 58
19 116
19 70
19 117
19 34
19 22
19 20
19 56
19 113
19 23
19 32
19 4
19 26
19 88
19 108
19 93
19 6
19 8
19 101
19 94
19 41
19 15
19 45
19 36
19 38
19 13
19 12
19 37
19 80
19 74
19 99
19 30
19 68
19 0
19 18
19 89
19 39
19 29
19 47
19 72
19 114
19 57
19 77
19 66
19 92
19 50
19 5
19 100
19 73
19 55
19 65
19 75
19 107
19 48
62 87
62 58
62 70
62 22
62 118
62 81
62 23
62 32
62 26
62 93
62 8
62 101
62 94
62 41
62 45
62 36
62 14
62 37
62 80
62 59
62 99
62 30
62 68
62 0
62 18
62 102
62 39
62 91
62 79
62 29
62 3
62 47
62 72
62 40
62 53
62 57
62 66
62 92
62 50
62 5
62 44
62 73
62 55
62 75
87 58
87 116
87 106
87 70
87 22
87 81
87 23
87 4
87 82
87 17
87 26
87 108
87 6
87 101
87 94
87 15
87 45
87 38
87 14
87 13
87 12
87 37
87 80
87 99
87 30
87 18
87 102
87 91
87 79
87 29
87 63
87 3
87 47
87 67
87 114
87 57
87 77
87 66
87 50
87 5
87 44
87 73
87 55
87 75
58 116
58 106
58 70
58 117
58 22
58 118
58 56
58 81
58 23
58 32
58 4
58 26
58 88
58 108
58 6
58 8
58 94
58 15
58 14
58 13
58 80
58 99
58 30
58 0
58 102
58 39
58 79
58 29
58 63
58 3
58 72
58 67
58 40
58 53
58 57
58 77
58 66
58 92
58 50
58 5
58 100
58 44
58 73
58 65
58 48
116 70
116 34
116 22
116 20
116 118
116 56
116 81
116 113
116 32
116 4
116 17
116 26
116 71
116 88
116 108
116 93
116 101
116 94
116 41
116 45
116 36
116 14
116 13
116 12
116 74
116 99
116 30
116 68
116 0
116 18
116 102
116 91
116 79
116 29
116 63
116 3
116 47
116 72
116 67
116 114
116 53
116 57
116 77
116 66
116 92
116 50
116 5
116 44
116 55
116 65
116 75
116 48
106 70
106 117
106 22
106 20
106 81
106 113
106 23
106 32
106 82
106 17
106 26
106 8
106 94
106 15
106 45
106 36
106 14
106 13
106 12
106 80
106 99
106 68
106 18
106 102
106 89
106 39
106 29
106 63
106 3
106 47
106 72
106 67
106 40
106 77
106 66
106 92
106 50
106 5
106 100
106 73
106 65
106 75
106 107
70 117
70 34
70 22
70 118
70 81
70 113
70 23
70 32
70 4
70 82
70 17
70 26
70 71
70 108
70 8
70 41
70 15
70 45
70 38
70 13
70 80
70 59
70 74
70 68
70 0
70 18
70 102
70 89
70 91
70 29
70 63
70 3
70 47
70 72
70 40
70 53
70 92
70 5
70 44
70 73
70 55
70 65
70 107
117 34
117 20
117 118
117 81
117 113
117 23
117 32
117 4
117 82
117 17
117 26
117 71
117 88
117 108
117 93
117 6
117 101
117 41
117 15
117 45
117 36
117 38
117 14
117 13
117 12
117 80
117 59
117 74
117 99
117 30
117 68
117 18
117 102
117 89
117 39
117 91
117 79
117 29
117 63
117 47
117 72
117 67
117 40
117 57
117 77
117 92
117 50
117 5
117 100
117 55
117 65
117 107
117 48
34 20
34 118
34 56
34 81
34 113
34 32
34 4
34 17
34 26
34 108
34 93
34 6
34 101
34 94
34 41
34 15
34 45
34 36
34 14
34 12
34 37
34 80
34 74
34 99
34 30
34 68
34 0
34 18
34 102
34 39
34 91
34 29
34 63
34 3
34 47
34 72
34 67
34 57
34 77
34 66
34 92
34 50
34 5
34 100
34 55
34 65
34 75
34 48
22 118
22 56
22 81
22 113
22 32
22 4
22 82
22 17
22 26
22 93
22 101
22 94
22 41
22 15
22 36
22 38
22 14
22 13
22 12
22 37
22 80
22 59
22 74
22 30
22 0
22 18
22 102
22 89
22 39
22 91
22 63
22 3
22 72
22 67
22 114
22 40
22 53
22 57
22 66
22 5
22 100
22 44
22 73
22 65
22 107
22 48
20 81
20 23
20 32
20 4
20 82
20 17
20 26
20 71
20 108
20 6
20 8
20 101
20 94
20 41
20 45
20 36
20 38
20 14
20 13
20 12
20 37
20 80
20 74
20 99
20 68
20 0
20 102
20 89
20 91
20 79
20 29
20 3
20 47
20 114
20 40
20 57
20 77
20 66
20 92
20 100
20 44
20 55
20 65
20 75
20 107
118 56
118 81
118 113
118 32
118 4
118 82
118 17
118 26
118 88
118 108
118 6
118 94
118 41
118 45
118 36
118 38
118 37
118 80
118 59
118 74
118 30
118 68
118 18
118 102
118 89
118 91
118 79
118 29
118 72
118 67
118 114
118 57
118 77
118 92
118 5
118 100
118 73
118 55
118 65
118 107
118 48
56 81
56 113
56 23
56 82
56 26
56 88
56 93
56 6
56 8
56 101
56 94
56 41
56 15
56 45
56 36
56 38
56 14
56 37
56 80
56 59
56 74
56 99
56 0
56 18
56 102
56 89
56 39
56 91
56 79
56 3
56 47
56 72
56 67
56 114
56 40
56 53
56 50
56 5
56 100
56 73
56 65
56 75
56 107
56 48
81 113
81 32
81 4
81 82
81 26
81 71
81 108
81 93
81 8
81 101
81 94
81 15
81 45
81 36
81 38
81 14
81 12
81 80
81 59
81 74
81 99
81 30
81 68
81 102
81 39
81 91
81 79
81 29
81 63
81 47
81 72
81 67
81 114
81 40
81 57
81 77
81 92
81 5
81 100
81 44
81 73
81 75
81 107
81 48
113 32
113 17
113 71
113 88
113 108
113 93
113 6
113 8
113 101
113 94
113 41
113 15
113 45
113 36
113 14
113 12
113 80
113 59
113 74
113 99
113 30
113 18
113 102
113 89
113 39
113 79
113 29
113 63
113 72
113 67
113 114
113 40
113 57
113 77
113 92
113 50
113 5
113 100
113 44
113 73
113 55
113 75
113 107
113 48
23 32
23 82
23 17
23 26
23 71
23 108
23 93
23 6
23 8
23 41
23 45
23 36
23 38
23 14
23 13
23 37
23 74
23 99
23 30
23 68
23 0
23 18
23 39
23 79
23 29
23 63
23 3
23 47
23 72
23 40
23 57
23 77
23 92
23 50
23 5
23 44
23 73
23 55
23 65
23 75
23 48
32 4
32 82
32 17
32 71
32 88
32 8
32 94
32 41
32 15
32 45
32 36
32 38
32 13
32 12
32 37
32 80
32 99
32 30
32 68
32 18
32 102
32 89
32 91
32 29
32 3
32 47
32 72
32 67
32 114
32 40
32 53
32 57
32 77
32 92
32 5
32 100
32 44
32 55
32 75
32 107
4 82
4 17
4 26
4 108
4 93
4 8
4 101
4 41
4 15
4 45
4 36
4 14
4 12
4 37
4 59
4 74
4 30
4 68
4 102
4 89
4 39
4 79
4 72
4 114
4 40
4 53
4 77
4 66
4 92
4 50
4 100
4 73
4 55
4 65
4 75
4 48
82 17
82 71
82 108
82 93
82 6
82 101
82 41
82 15
82 45
82 36
82 13
82 12
82 37
82 80
82 59
82 74
82 99
82 30
82 0
82 18
82 102
82 89
82 91
82 79
82 3
82 72
82 67
82 114
82 40
82 53
82 57
82 77
82 66
82 92
82 50
82 5
82 100
82 44
82 73
82 55
82 75
82 107
17 26
17 71
17 108
17 93
17 6
17 94
17 15
17 36
17 38
17 14
17 13
17 59
17 74
17 99
17 30
17 68
17 0
17 18
17 102
17 89
17 91
17 79
17 29
17 63
17 3
17 47
17 72
17 67
17 114
17 40
17 57
17 77
17 66
17 92
17 5
17 73
17 55
17 65
17 75
17 48
26 88
26 108
26 93
26 6
26 8
26 94
26 41
26 15
26 45
26 13
26 12
26 37
26 80
26 59
26 74
26 99
26 30
26 68
26 0
26 18
26 102
26 89
26 91
26 79
26 63
26 3
26 72
26 67
26 114
26 53
26 57
26 66
26 50
26 100
26 44
26 73
26 65
26 48
71 108
71 93
71 6
71 8
71 45
71 36
71 12
71 80
71 74
71 99
71 30
71 18
71 102
71 89
71 79
71 29
71 3
71 47
71 72
71 67
71 40
71 53
71 50
71 5
71 100
71 44
71 73
71 55
71 65
88 108
88 6
88 8
88 101
88 94
88 41
88 15
88 45
88 36
88 14
88 13
88 37
88 59
88 74
88 30
88 68
88 0
88 18
88 102
88 91
88 79
88 29
88 63
88 3
88 47
88 72
88 67
88 40
88 92
88 50
88 5
88 44
88 73
88 55
88 65
88 75
88 107
88 48
108 93
108 8
108 101
108 41
108 15
108 45
108 38
108 12
108 80
108 59
108 74
108 30
108 68
108 18
108 89
108 39
108 79
108 3
108 47
108 67
108 114
108 40
108 53
108 57
108 77
108 100
108 44
108 73
108 55
108 65
108 75
108 107
108 48
93 6
93 8
93 101
93 94
93 15
93 45
93 38
93 14
93 12
93 37
93 30
93 0
93 102
93 89
93 39
93 91
93 79
93 29
93 63
93 47
93 72
93 67
93 40
93 53
93 77
93 66
93 50
93 100
93 44
93 55
93 65
93 75
93 48
6 8
6 101
6 41
6 15
6 45
6 36
6 38
6 14
6 13
6 12
6 37
6 80
6 59
6 74
6 30
6 68
6 0
6 39
6 79
6 29
6 63
6 3
6 47
6 72
6 67
6 40
6 53
6 66
6 92
6 50
6 5
6 100
6 44
6 55
6 65
6 75
6 48
8 101
8 41
8 15
8 45
8 36
8 38
8 14
8 12
8 37
8 80
8 59
8 68
8 102
8 89
8 79
8 29
8 3
8 72
8 67
8 40
8 53
8 77
8 66
8 92
8 50
8 5
8 44
8 65
8 75
8 107
8 48
101 94
101 15
101 45
101 36
101 38
101 13
101 12
101 37
101 80
101 59
101 99
101 68
101 18
101 102
101 89
101 91
101 79
101 3
101 47
101 72
101 67
101 57
101 77
101 66
101 50
101 100
101 44
101 73
101 65
101 75
94 41
94 45
94 38
94 13
94 12
94 37
94 80
94 59
94 99
94 30
94 0
94 18
94 89
94 91
94 79
94 29
94 63
94 3
94 47
94 72
94 114
94 40
94 57
94 77
94 66
94 92
94 50
94 44
94 55
94 75
94 107
94 48
41 45
41 36
41 38
41 14
41 13
41 37
41 80
41 74
41 99
41 30
41 68
41 0
41 18
41 39
41 79
41 29
41 3
41 72
41 40
41 53
41 57
41 66
41 92
41 50
41 5
41 100
41 44
41 73
41 55
41 48
15 45
15 14
15 37
15 80
15 59
15 74
15 99
15 30
15 68
15 0
15 18
15 102
15 89
15 79
15 29
15 63
15 3
15 47
15 72
15 114
15 57
15 92
15 50
15 5
15 100
15 44
15 73
15 55
15 75
15 107
45 36
45 38
45 13
45 59
45 74
45 30
45 68
45 0
45 18
45 102
45 39
45 63
45 47
45 72
45 40
45 57
45 77
45 92
45 5
45 44
45 73
45 75
45 107
45 48
36 38
36 14
36 13
36 37
36 80
36 59
36 30
36 68
36 0
36 102
36 89
36 39
36 79
36 29
36 63
36 3
36 72
36 67
36 114
36 40
36 53
36 57
36 66
36 92
36 50
36 5
36 100
36 44
36 73
36 55
36 65
38 14
38 13
38 12
38 37
38 80
38 59
38 74
38 99
38 68
38 18
38 89
38 39
38 91
38 29
38 63
38 3
38 47
38 72
38 114
38 40
38 57
38 77
38 66
38 92
38 50
38 5
38 100
38 44
38 55
38 75
38 107
38 48
14 13
14 12
14 80
14 74
14 99
14 30
14 68
14 0
14 18
14 102
14 89
14 91
14 79
14 29
14 63
14 3
14 47
14 72
14 40
14 53
14 57
14 77
14 92
14 50
14 5
14 100
14 44
14 73
14 55
14 65
14 75
14 107
13 37
13 80
13 59
13 74
13 30
13 68
13 0
13 18
13 102
13 39
13 79
13 29
13 63
13 3
13 47
13 72
13 67
13 114
13 40
13 57
13 77
13 92
13 50
13 44
13 65
13 107
12 37
12 80
12 59
12 74
12 30
12 68
12 102
12 89
12 39
12 91
12 29
12 63
12 3
12 47
12 67
12 40
12 53
12 57
12 77
12 66
12 5
12 100
12 65
12 107
37 80
37 59
37 74
37 30
37 18
37 89
37 39
37 79
37 114
37 40
37 53
37 50
37 5
37 100
37 44
37 55
37 65
37 75
37 107
80 59
80 30
80 68
80 0
80 18
80 102
80 39
80 91
80 79
80 29
80 3
80 47
80 72
80 67
80 114
80 40
80 57
80 77
80 66
80 92
80 100
80 73
80 55
80 65
80 75
80 107
59 99
59 68
59 102
59 91
59 79
59 63
59 3
59 47
59 72
59 67
59 53
59 77
59 92
59 100
59 44
59 73
59 55
59 65
59 107
59 48
74 30
74 68
74 0
74 39
74 91
74 79
74 29
74 63
74 3
74 47
74 72
74 67
74 114
74 40
74 53
74 50
74 5
74 100
74 73
74 55
74 65
74 75
99 68
99 18
99 102
99 39
99 79
99 3
99 47
99 114
99 40
99 57
99 77
99 66
99 50
99 5
99 55
99 65
99 107
30 102
30 89
30 39
30 91
30 79
30 29
30 63
30 3
30 47
30 72
30 67
30 40
30 53
30 77
30 92
30 50
30 5
30 100
30 44
30 55
30 65
30 75
30 107
30 48
68 0
68 18
68 89
68 39
68 91
68 79
68 3
68 47
68 40
68 57
68 66
68 92
68 50
68 5
68 73
68 55
68 75
68 107
68 48
0 102
0 89
0 39
0 91
0 29
0 63
0 72
0 67
0 114
0 40
0 53
0 57
0 77
0 66
0 50
0 5
0 100
0 44
0 73
0 65
0 75
0 48
18 102
18 89
18 39
18 91
18 79
18 29
18 47
18 67
18 53
18 57
18 77
18 66
18 92
18 50
18 5
18 100
18 44
18 73
18 55
18 65
18 75
18 107
18 48
102 89
102 39
102 79
102 63
102 3
102 47
102 72
102 67
102 114
102 40
102 53
102 77
102 66
102 92
102 50
102 5
102 73
102 55
102 65
102 107
89 39
89 91
89 29
89 63
89 3
89 47
89 72
89 67
89 114
89 40
89 57
89 77
89 66
89 92
89 100
89 44
89 73
89 55
89 65
89 75
89 107
89 48
39 91
39 79
39 63
39 3
39 72
39 67
39 114
39 53
39 57
39 77
39 92
39 50
39 5
39 100
39 44
39 73
39 55
39 65
39 48
91 29
91 63
91 3
91 47
91 67
91 53
91 66
91 92
91 50
91 100
91 44
91 55
91 65
91 75
91 48
79 29
79 63
79 47
79 72
79 67
79 40
79 53
79 57
79 77
79 66
79 5
79 100
79 44
79 55
79 75
79 48
29 63
29 3
29 47
29 72
29 67
29 114
29 40
29 53
29 57
29 66
29 5
29 100
29 44
29 107
29 48
63 3
63 47
63 72
63 67
63 114
63 53
63 57
63 77
63 66
63 50
63 5
63 100
63 44
63 73
63 65
63 107
3 47
3 72
3 114
3 40
3 53
3 57
3 66
3 92
3 50
3 100
3 44
3 55
3 65
3 75
3 107
3 48
47 72
47 67
47 114
47 53
47 57
47 77
47 66
47 50
47 100
47 44
47 73
47 55
47 65
47 107
47 48
72 67
72 114
72 40
72 57
72 77
72 5
72 100
72 44
72 73
72 55
72 65
72 75
72 107
67 57
67 66
67 92
67 5
67 100
67 73
67 55
67 65
67 107
67 48
114 40
114 53
114 77
114 66
114 92
114 100
114 44
114 73
114 55
114 65
114 75
114 107
114 48
40 57
40 66
40 50
40 5
40 100
40 44
40 75
40 107
40 48
53 57
53 66
53 5
53 100
53 55
53 48
57 77
57 66
57 92
57 50
57 5
57 44
57 73
57 65
57 75
57 48
77 100
77 73
77 55
77 65
77 75
77 48
66 92
66 50
66 44
66 55
66 65
66 75
66 107
66 48
92 50
92 5
92 44
92 73
92 55
92 107
92 48
50 100
50 44
50 73
50 55
50 65
50 75
50 48
5 44
5 73
5 55
5 65
5 75
5 107
100 44
100 65
100 107
100 48
44 73
44 55
44 65
44 75
44 107
73 55
73 65
73 75
73 107
73 48
55 65
55 75
55 48
65 75
65 107
65 48
75 107
107 48
