*verties 104
29
71
52
40
115
70
97
60
23
76
11
107
106
91
113
74
36
67
2
3
41
105
95
16
14
17
8
78
72
96
27
73
33
51
118
55
5
10
57
25
81
21
86
56
45
9
114
4
59
0
49
65
46
99
90
104
85
37
112
35
68
83
6
13
39
108
42
102
62
34
82
92
75
54
32
110
1
50
66
64
24
69
87
61
77
19
80
58
43
116
101
119
18
15
111
22
31
53
30
98
89
100
103
26
*edges 
29 115
29 91
29 14
29 10
29 21
29 45
29 59
29 0
29 68
29 75
29 32
29 110
29 61
29 80
29 111
29 31
71 74
71 36
71 95
71 78
71 73
71 5
71 10
71 81
71 86
71 49
71 37
71 112
71 32
71 64
71 119
71 30
52 40
52 60
52 74
52 36
52 2
52 16
52 8
52 51
52 55
52 59
52 85
52 13
52 92
52 75
52 54
52 32
52 69
52 58
52 89
52 100
40 11
40 74
40 3
40 14
40 96
40 51
40 81
40 9
40 4
40 59
40 102
40 62
40 34
40 66
40 116
40 26
115 17
115 5
115 21
115 4
115 0
115 83
115 108
115 34
115 32
115 110
115 66
115 64
115 87
115 77
115 116
115 53
70 107
70 106
70 74
70 3
70 41
70 17
70 78
70 72
70 73
70 118
70 5
70 57
70 25
70 21
70 114
70 0
70 49
70 65
70 46
70 90
70 104
70 6
70 13
70 39
70 54
70 1
70 101
70 15
97 106
97 91
97 113
97 74
97 2
97 72
97 33
97 118
97 55
97 81
97 56
97 45
97 65
97 104
97 85
97 112
97 42
97 62
97 119
97 111
97 30
60 76
60 91
60 113
60 105
60 16
60 118
60 45
60 46
60 90
60 37
60 42
60 92
60 75
60 69
60 19
60 31
60 30
60 89
60 26
23 106
23 2
23 41
23 96
23 27
23 5
23 21
23 90
23 35
23 1
23 66
23 64
23 61
23 19
23 58
23 15
23 111
76 113
76 16
76 17
76 33
76 57
76 65
76 85
76 108
76 66
76 87
76 77
76 31
11 107
11 16
11 51
11 56
11 114
11 90
11 104
11 35
11 13
11 50
11 22
11 26
107 67
107 72
107 96
107 51
107 55
107 10
107 25
107 81
107 114
107 59
107 49
107 46
107 99
107 85
107 6
107 102
107 1
107 61
107 80
107 43
106 91
106 8
106 78
106 96
106 25
106 86
106 49
106 46
106 37
106 34
106 1
106 87
91 67
91 2
91 41
91 8
91 57
91 81
91 21
91 86
91 45
91 9
91 4
91 0
91 65
91 46
91 37
91 13
91 39
91 32
91 58
91 111
91 31
91 89
113 67
113 2
113 3
113 17
113 51
113 118
113 10
113 25
113 86
113 45
113 9
113 4
113 49
113 85
113 35
113 13
113 39
113 75
113 64
113 87
113 19
113 30
113 100
74 95
74 16
74 8
74 96
74 55
74 10
74 86
74 56
74 0
74 83
74 39
74 32
74 110
74 1
74 80
74 89
36 95
36 16
36 17
36 5
36 10
36 86
36 65
36 83
36 75
36 32
36 50
36 87
36 61
36 101
36 119
36 111
36 53
36 89
67 96
67 33
67 118
67 0
67 90
67 35
67 6
67 13
67 108
67 62
67 32
67 43
67 101
67 18
67 15
67 111
67 53
67 98
67 100
67 103
67 26
2 33
2 56
2 59
2 90
2 112
2 83
2 32
2 1
2 77
2 116
2 111
3 105
3 72
3 55
3 0
3 46
3 39
3 102
3 82
3 66
3 64
3 80
3 119
3 53
3 98
41 14
41 96
41 73
41 55
41 81
41 45
41 59
41 46
41 104
41 34
41 50
41 101
41 18
41 15
41 89
105 95
105 17
105 33
105 55
105 25
105 21
105 9
105 65
105 46
105 90
105 35
105 68
105 83
105 108
105 82
105 32
105 64
105 116
105 119
95 17
95 55
95 10
95 57
95 56
95 45
95 65
95 104
95 112
95 35
95 68
95 6
95 39
95 42
95 34
95 92
95 69
95 19
95 15
95 22
95 98
16 14
16 96
16 51
16 10
16 21
16 56
16 4
16 59
16 49
16 65
16 46
16 85
16 13
16 39
16 66
16 77
16 58
16 119
16 15
16 22
16 53
16 89
14 17
14 33
14 55
14 5
14 57
14 81
14 21
14 46
14 13
14 75
14 32
14 50
14 64
14 58
14 98
14 26
17 8
17 57
17 21
17 86
17 45
17 9
17 59
17 46
17 99
17 83
17 62
17 1
17 64
17 24
17 19
17 98
17 103
8 96
8 73
8 10
8 57
8 81
8 56
8 49
8 65
8 99
8 90
8 37
8 83
8 13
8 34
8 82
8 92
8 1
8 66
8 87
8 80
8 58
8 43
8 18
8 15
8 22
8 31
8 89
78 55
78 57
78 56
78 59
78 90
78 83
78 13
78 82
78 66
78 18
78 31
72 96
72 33
72 55
72 5
72 10
72 114
72 0
72 65
72 82
72 92
72 75
72 110
72 50
72 15
72 111
72 22
96 33
96 118
96 10
96 25
96 56
96 114
96 0
96 90
96 85
96 112
96 35
96 68
96 101
96 31
96 53
96 100
27 51
27 10
27 59
27 104
27 35
27 68
27 6
27 13
27 42
27 75
27 66
27 61
27 77
27 58
27 31
27 30
27 89
73 51
73 55
73 81
73 45
73 59
73 0
73 6
73 39
73 50
73 64
73 31
73 98
73 26
33 99
33 112
33 35
33 39
33 62
33 34
33 32
33 66
33 87
33 19
33 80
33 119
33 111
51 55
51 35
51 83
51 102
51 34
51 1
51 19
51 80
51 58
51 119
51 18
51 103
118 57
118 9
118 4
118 90
118 35
118 6
118 39
118 54
118 24
118 19
118 18
118 30
118 89
118 103
55 56
55 59
55 49
55 85
55 37
55 68
55 34
55 54
55 110
55 77
55 116
55 119
55 15
55 98
5 57
5 46
5 85
5 83
5 6
5 39
5 34
5 92
5 54
5 66
5 69
5 87
5 77
5 19
5 80
5 119
10 21
10 86
10 56
10 85
10 37
10 68
10 102
10 34
10 119
10 15
10 53
10 89
10 26
57 81
57 4
57 59
57 46
57 6
57 39
57 54
57 32
57 1
57 24
57 77
57 80
57 116
57 22
57 53
57 98
57 26
25 0
25 85
25 68
25 83
25 102
25 75
25 64
25 61
25 19
25 30
81 65
81 85
81 83
81 80
81 119
81 111
81 22
81 31
21 83
21 39
21 102
21 92
21 32
21 19
21 101
21 18
21 30
21 103
21 26
86 56
86 112
86 6
86 13
86 102
86 1
86 87
86 19
86 80
86 116
86 18
86 30
86 100
86 103
86 26
56 35
56 13
56 62
56 82
56 69
56 61
56 43
56 53
56 98
56 100
56 26
45 46
45 99
45 37
45 82
45 75
45 110
45 50
45 69
45 58
45 119
45 18
45 111
45 22
45 89
9 0
9 112
9 13
9 92
9 110
9 77
9 19
9 43
9 116
9 18
9 22
9 31
9 30
9 26
114 59
114 46
114 104
114 50
114 66
114 24
114 19
114 80
114 58
114 18
114 31
4 0
4 99
4 90
4 35
4 108
4 42
4 82
4 75
4 50
4 119
4 22
4 31
4 53
59 85
59 37
59 35
59 83
59 108
59 54
59 50
59 64
59 19
59 101
59 22
59 53
0 68
0 83
0 6
0 75
0 24
0 61
0 77
0 58
0 15
0 22
49 65
49 37
49 112
49 6
49 108
49 62
49 92
49 32
49 77
49 80
49 43
49 116
49 101
49 119
49 18
49 100
49 103
65 99
65 112
65 6
65 102
65 34
65 92
65 32
65 64
65 61
65 19
65 80
65 101
65 30
65 100
65 103
46 99
46 13
46 42
46 62
46 66
46 64
46 101
46 30
46 89
46 26
99 104
99 112
99 68
99 6
99 34
99 54
99 64
99 69
99 77
99 19
99 101
99 26
90 104
90 37
90 6
90 39
90 42
90 82
90 64
90 116
90 30
90 98
104 68
104 39
104 75
104 69
104 77
104 116
104 30
104 89
104 100
85 42
85 102
85 110
85 1
85 66
85 24
85 87
85 101
37 69
37 58
37 111
37 31
37 53
37 89
112 110
112 69
112 18
35 34
35 110
35 77
35 43
35 103
68 6
68 13
68 54
68 64
68 24
68 61
68 31
83 108
83 92
83 61
83 77
83 19
83 111
83 103
83 26
6 108
6 62
6 54
6 110
6 50
6 116
6 111
6 103
13 39
13 62
13 1
13 64
13 77
13 111
13 31
13 26
39 42
39 62
39 50
39 61
39 116
39 15
39 111
39 22
39 26
108 92
108 75
108 54
108 32
108 80
108 43
108 22
42 34
42 82
42 92
42 54
42 32
42 69
42 87
42 61
42 77
42 119
42 15
42 103
102 34
102 110
102 64
102 69
102 43
102 116
102 101
102 22
102 98
62 110
62 69
62 19
62 58
62 116
62 119
62 111
62 22
62 53
34 92
34 75
34 50
34 24
34 80
34 119
82 75
82 32
82 64
82 61
82 19
82 119
82 18
92 50
92 64
92 77
92 18
92 15
92 31
92 100
75 50
75 64
75 87
75 18
54 110
54 50
54 69
54 58
54 15
54 30
54 98
54 100
32 66
32 24
32 19
32 26
110 69
110 58
110 116
110 101
110 30
110 100
110 103
1 61
1 18
1 22
1 53
50 64
50 69
50 58
50 43
50 22
50 31
50 53
50 30
66 31
64 19
64 43
64 116
64 30
24 61
24 58
24 101
24 119
24 31
24 98
24 26
69 61
69 80
69 101
69 22
69 53
87 61
87 58
87 119
87 18
61 80
61 101
61 119
61 98
61 103
77 58
77 43
77 15
77 22
77 53
77 89
77 26
19 80
80 31
80 103
58 18
58 22
58 98
58 89
58 26
43 116
43 119
43 15
43 31
43 89
43 100
116 100
101 22
119 30
18 15
18 31
18 30
18 100
15 22
15 98
15 89
15 100
15 26
22 53
53 103
30 89
30 103
30 26
98 103
98 26
100 103
