*verties 99
112
49
26
77
32
33
82
68
3
14
76
8
97
69
59
31
110
11
34
28
70
18
63
111
38
103
1
57
117
116
36
39
104
114
6
51
24
91
10
107
37
92
115
98
67
55
84
81
2
72
95
9
60
100
12
83
45
16
118
89
40
20
119
56
48
25
30
7
62
50
64
41
52
5
78
0
93
90
85
71
27
87
35
79
96
66
73
74
65
43
86
13
80
102
17
99
61
23
21
*edges 
112 3
112 34
112 104
112 91
112 55
112 16
112 89
112 40
112 20
112 119
112 48
112 25
112 71
112 96
112 65
49 77
49 82
49 3
49 31
49 110
49 28
49 18
49 117
49 36
49 39
49 24
49 10
49 37
49 67
49 12
49 118
49 56
49 48
49 0
49 71
49 87
49 35
49 79
49 96
49 65
49 80
49 99
26 82
26 8
26 69
26 59
26 70
26 57
26 116
26 114
26 24
26 92
26 55
26 89
26 62
26 50
26 27
26 79
26 96
26 13
26 99
77 3
77 8
77 59
77 63
77 103
77 104
77 6
77 98
77 81
77 2
77 9
77 100
77 83
77 20
77 62
77 74
77 21
32 8
32 70
32 1
32 57
32 116
32 92
32 12
32 16
32 40
32 93
32 85
32 27
32 35
32 65
32 61
33 3
33 97
33 31
33 70
33 111
33 36
33 6
33 107
33 37
33 72
33 95
33 9
33 93
33 71
33 13
33 17
33 21
82 97
82 28
82 111
82 103
82 51
82 91
82 107
82 67
82 60
82 20
82 64
82 78
82 93
82 90
82 87
82 35
82 96
82 73
82 13
82 61
82 23
68 3
68 59
68 110
68 39
68 98
68 81
68 60
68 118
68 25
68 50
68 0
68 90
68 96
3 110
3 63
3 38
3 103
3 117
3 116
3 36
3 114
3 51
3 10
3 107
3 92
3 98
3 67
3 2
3 60
3 100
3 62
3 52
3 5
3 85
3 35
3 79
3 80
14 59
14 31
14 10
14 92
14 55
14 95
14 12
14 83
14 89
14 20
14 56
14 50
14 90
14 43
76 69
76 34
76 63
76 103
76 1
76 10
76 81
76 119
76 48
76 41
76 79
76 102
8 110
8 11
8 34
8 70
8 18
8 114
8 6
8 24
8 60
8 118
8 56
8 5
8 0
8 85
8 43
8 23
97 69
97 11
97 70
97 36
97 39
97 114
97 51
97 60
97 25
97 30
97 87
97 96
97 65
69 110
69 70
69 1
69 57
69 36
69 91
69 107
69 60
69 71
69 35
69 79
59 110
59 57
59 81
59 9
59 60
59 89
59 119
59 25
59 71
59 73
31 34
31 18
31 39
31 6
31 10
31 107
31 98
31 84
31 2
31 95
31 12
31 118
31 89
31 40
31 64
31 41
31 90
31 35
31 79
31 86
110 11
110 34
110 1
110 117
110 24
110 10
110 100
110 118
110 20
110 50
110 41
110 52
110 85
110 35
110 96
110 61
11 34
11 18
11 1
11 36
11 6
11 67
11 2
11 9
11 40
11 56
11 27
11 66
11 86
11 13
11 80
11 61
11 23
34 38
34 116
34 6
34 92
34 81
34 72
34 12
34 7
34 50
34 0
34 35
34 96
34 73
34 17
28 103
28 36
28 6
28 10
28 107
28 72
28 16
28 118
28 20
28 79
28 99
28 61
70 38
70 103
70 114
70 115
70 81
70 83
70 56
70 7
70 50
70 93
70 90
70 87
18 38
18 1
18 116
18 24
18 67
18 55
18 84
18 2
18 95
18 45
18 48
18 62
18 78
18 35
18 79
18 99
18 23
63 114
63 6
63 24
63 67
63 2
63 83
63 16
63 118
63 56
63 5
63 78
63 80
63 99
63 61
111 57
111 117
111 114
111 91
111 37
111 55
111 72
111 100
111 89
111 40
111 50
111 52
111 5
111 87
111 74
111 65
111 43
111 86
38 1
38 57
38 117
38 51
38 37
38 67
38 100
38 118
38 40
38 119
38 30
38 41
38 71
38 73
38 102
38 23
103 57
103 104
103 10
103 55
103 45
103 48
103 64
103 35
103 79
103 73
103 102
1 6
1 51
1 92
1 55
1 72
1 12
1 45
1 16
1 20
1 25
1 62
1 0
1 90
1 96
1 65
1 23
57 114
57 37
57 55
57 95
57 60
57 12
57 89
57 119
57 25
57 41
57 52
57 65
57 21
117 24
117 10
117 92
117 98
117 81
117 72
117 9
117 12
117 7
117 5
117 0
117 85
117 66
117 80
116 39
116 107
116 98
116 81
116 100
116 25
116 27
116 74
116 86
116 80
36 6
36 55
36 81
36 60
36 20
36 56
36 25
36 52
36 85
36 65
36 102
36 61
39 115
39 60
39 40
39 41
39 5
39 93
39 71
39 87
39 66
39 17
104 67
104 60
104 100
104 12
104 25
104 62
104 41
104 52
104 0
104 90
104 85
104 27
104 35
104 73
104 65
104 17
114 6
114 107
114 20
114 50
114 41
114 52
114 78
114 90
114 73
114 86
114 17
6 51
6 24
6 10
6 92
6 115
6 2
6 89
6 119
6 62
6 90
6 85
6 73
6 74
6 86
51 37
51 92
51 84
51 95
51 9
51 12
51 89
51 56
51 62
51 0
51 35
51 65
51 13
51 17
24 100
24 118
24 56
24 25
24 93
24 90
24 85
24 71
24 74
24 86
24 80
91 92
91 115
91 55
91 12
91 45
91 52
91 35
91 79
91 99
10 92
10 115
10 67
10 9
10 100
10 45
10 118
10 41
10 5
10 78
10 93
10 66
10 65
10 80
10 99
107 115
107 72
107 60
107 118
107 119
107 48
107 7
107 5
107 78
107 96
107 66
107 13
37 2
37 45
37 56
37 25
37 30
37 7
37 52
37 0
37 71
37 87
37 66
37 80
37 102
92 81
92 16
92 30
92 41
92 0
92 87
92 35
92 73
92 65
92 43
92 99
115 98
115 55
115 84
115 9
115 100
115 41
115 0
115 86
98 81
98 72
98 100
98 45
98 16
98 89
98 64
98 93
98 90
98 85
98 96
98 80
67 118
67 40
67 20
67 64
67 41
67 93
67 87
67 79
67 65
67 13
67 80
55 83
55 71
55 43
55 13
55 102
84 2
84 25
84 52
84 78
84 85
84 87
84 74
84 43
84 99
84 23
81 45
81 20
81 48
81 50
81 64
81 5
81 0
81 27
81 66
81 74
81 102
81 17
2 95
2 60
2 56
2 7
2 74
2 13
2 80
2 102
2 61
72 83
72 45
72 35
72 74
72 23
72 21
95 9
95 60
95 40
95 7
95 64
95 5
95 90
95 66
95 65
9 60
9 89
9 25
9 30
9 78
9 90
9 35
9 66
9 86
9 13
60 20
60 64
60 52
60 80
60 99
100 83
100 45
100 40
100 48
100 7
100 0
100 27
100 66
100 86
12 119
12 25
12 64
12 5
12 0
12 90
12 85
12 87
12 73
12 102
83 40
83 25
83 50
83 41
83 93
83 87
83 35
83 79
83 73
45 16
45 40
45 20
45 30
45 64
45 78
45 93
45 71
16 40
16 56
16 5
16 0
118 20
118 7
118 50
118 5
118 79
118 73
118 17
89 40
89 20
89 5
89 43
40 56
40 48
40 30
40 52
40 78
40 0
40 96
40 65
20 56
20 50
20 41
20 93
20 90
20 43
20 80
20 17
119 41
119 52
119 86
119 17
56 48
56 64
56 71
56 27
56 35
56 73
56 17
56 21
48 50
48 78
48 93
48 79
48 73
48 102
48 61
25 30
25 7
25 41
25 90
25 71
25 79
30 90
30 85
30 96
7 50
7 41
7 90
7 87
7 35
7 79
7 96
7 65
7 43
7 13
7 99
7 23
62 50
62 64
62 52
62 78
62 93
62 27
62 79
62 74
62 13
62 21
50 90
50 87
50 35
50 13
50 80
50 17
50 61
64 93
64 35
64 96
64 23
64 21
41 5
41 93
41 43
41 61
52 78
52 0
52 90
52 35
52 79
52 96
52 65
52 61
5 0
5 17
5 21
78 74
0 27
0 87
0 43
0 86
0 13
0 80
93 27
93 87
93 86
93 13
93 21
90 66
90 99
90 21
85 71
85 35
85 96
85 99
85 61
71 96
71 66
71 61
71 23
27 87
27 35
27 74
27 65
27 43
27 17
27 21
87 74
87 43
87 23
35 79
35 96
35 61
35 21
79 13
79 61
66 65
66 23
73 13
73 61
65 43
65 17
43 61
86 99
86 21
13 23
102 99
102 61
99 23
