*verties 116
84
53
62
101
21
16
89
85
66
82
50
118
29
74
46
103
96
44
48
109
75
113
32
36
40
64
56
68
19
102
63
8
37
83
22
100
11
47
2
106
42
59
105
108
98
30
115
104
25
112
55
5
27
45
23
72
17
117
15
24
86
93
51
90
1
67
20
60
7
41
65
18
119
97
71
79
49
6
38
87
13
94
91
52
9
34
31
81
111
28
69
80
58
26
95
0
99
110
70
73
57
77
4
3
88
76
33
12
43
54
39
61
78
10
92
114
*edges 
84 101
84 16
84 89
84 82
84 29
84 74
84 96
84 48
84 109
84 64
84 102
84 63
84 8
84 106
84 59
84 30
84 25
84 112
84 55
84 27
84 45
84 17
84 117
84 24
84 93
84 51
84 1
84 67
84 60
84 7
84 65
84 71
84 79
84 87
84 13
84 94
84 52
84 9
84 95
84 99
84 110
84 77
84 4
84 3
84 88
84 76
84 43
84 39
84 61
84 10
84 92
84 114
53 62
53 101
53 16
53 89
53 66
53 82
53 50
53 74
53 103
53 96
53 48
53 113
53 36
53 64
53 56
53 68
53 102
53 63
53 37
53 22
53 100
53 11
53 106
53 98
53 30
53 25
53 112
53 5
53 23
53 72
53 86
53 93
53 90
53 67
53 20
53 60
53 7
53 18
53 119
53 49
53 38
53 87
53 91
53 34
53 111
53 69
53 80
53 58
53 110
53 70
53 77
53 4
53 12
53 43
53 54
53 78
53 92
62 101
62 21
62 66
62 50
62 29
62 44
62 48
62 75
62 113
62 32
62 40
62 64
62 56
62 19
62 102
62 8
62 37
62 83
62 100
62 47
62 106
62 42
62 59
62 105
62 108
62 115
62 112
62 55
62 27
62 45
62 23
62 72
62 117
62 24
62 86
62 67
62 20
62 18
62 71
62 38
62 94
62 91
62 31
62 81
62 111
62 28
62 80
62 58
62 26
62 95
62 0
62 73
62 4
62 3
62 88
62 76
62 33
62 12
62 43
62 61
62 10
62 92
62 114
101 21
101 16
101 89
101 85
101 82
101 50
101 118
101 74
101 103
101 96
101 109
101 113
101 32
101 36
101 40
101 56
101 63
101 8
101 37
101 11
101 2
101 42
101 105
101 108
101 98
101 115
101 104
101 25
101 5
101 27
101 45
101 23
101 17
101 117
101 86
101 93
101 60
101 65
101 71
101 79
101 87
101 94
101 91
101 9
101 81
101 111
101 28
101 58
101 26
101 95
101 0
101 99
101 110
101 70
101 73
101 57
101 76
101 33
101 43
101 54
101 39
101 61
101 78
101 114
21 85
21 82
21 29
21 74
21 46
21 103
21 113
21 36
21 64
21 56
21 68
21 8
21 37
21 83
21 100
21 11
21 47
21 2
21 42
21 98
21 30
21 25
21 112
21 55
21 5
21 45
21 72
21 17
21 86
21 93
21 51
21 90
21 1
21 20
21 18
21 119
21 71
21 49
21 38
21 13
21 91
21 52
21 34
21 28
21 69
21 80
21 26
21 110
21 70
21 76
21 33
21 12
21 43
21 54
21 39
21 61
21 78
21 10
16 89
16 85
16 118
16 29
16 46
16 103
16 96
16 48
16 109
16 75
16 36
16 64
16 56
16 68
16 8
16 37
16 106
16 105
16 108
16 30
16 115
16 55
16 5
16 27
16 23
16 17
16 117
16 86
16 51
16 90
16 1
16 60
16 7
16 41
16 65
16 18
16 97
16 71
16 94
16 52
16 34
16 31
16 81
16 111
16 28
16 80
16 58
16 26
16 0
16 110
16 70
16 73
16 57
16 77
16 4
16 3
16 12
16 43
16 54
16 39
16 61
16 92
89 85
89 66
89 82
89 50
89 118
89 29
89 74
89 103
89 44
89 48
89 109
89 113
89 32
89 40
89 64
89 68
89 102
89 63
89 8
89 83
89 22
89 100
89 11
89 47
89 42
89 59
89 108
89 30
89 112
89 55
89 5
89 23
89 117
89 15
89 24
89 93
89 51
89 1
89 67
89 7
89 41
89 119
89 71
89 6
89 94
89 91
89 52
89 81
89 111
89 69
89 26
89 95
89 99
89 57
89 4
89 3
89 76
89 12
89 43
89 39
89 61
89 78
89 92
89 114
85 118
85 29
85 74
85 103
85 96
85 75
85 113
85 32
85 36
85 40
85 64
85 68
85 102
85 63
85 37
85 22
85 11
85 47
85 2
85 106
85 108
85 98
85 55
85 27
85 117
85 15
85 24
85 93
85 90
85 67
85 7
85 41
85 65
85 18
85 119
85 13
85 91
85 52
85 9
85 31
85 81
85 28
85 80
85 26
85 95
85 0
85 99
85 70
85 57
85 77
85 33
85 12
85 43
85 54
85 39
85 61
85 78
85 10
85 92
85 114
66 29
66 46
66 103
66 44
66 48
66 109
66 32
66 40
66 64
66 56
66 19
66 102
66 63
66 37
66 22
66 100
66 11
66 106
66 42
66 59
66 108
66 30
66 115
66 25
66 45
66 72
66 17
66 117
66 15
66 24
66 86
66 51
66 1
66 20
66 7
66 119
66 97
66 71
66 49
66 38
66 91
66 9
66 31
66 81
66 111
66 28
66 69
66 80
66 26
66 95
66 0
66 110
66 73
66 57
66 4
66 3
66 88
66 76
66 33
66 12
66 43
66 54
66 61
66 10
66 92
82 118
82 46
82 103
82 48
82 109
82 75
82 113
82 32
82 36
82 40
82 64
82 63
82 37
82 83
82 2
82 106
82 42
82 59
82 105
82 98
82 25
82 112
82 5
82 27
82 23
82 117
82 51
82 90
82 1
82 67
82 60
82 7
82 41
82 65
82 119
82 97
82 79
82 49
82 6
82 87
82 13
82 94
82 111
82 69
82 80
82 95
82 99
82 110
82 73
82 57
82 77
82 3
82 88
82 39
82 61
82 78
50 74
50 44
50 48
50 109
50 113
50 32
50 36
50 40
50 63
50 8
50 100
50 47
50 2
50 106
50 42
50 105
50 108
50 98
50 115
50 104
50 55
50 27
50 17
50 15
50 93
50 51
50 90
50 67
50 20
50 60
50 7
50 65
50 119
50 79
50 49
50 6
50 38
50 87
50 9
50 34
50 80
50 0
50 110
50 70
50 73
50 77
50 3
50 88
50 76
50 54
50 39
50 10
50 114
118 74
118 46
118 48
118 75
118 32
118 36
118 40
118 56
118 68
118 19
118 37
118 83
118 100
118 2
118 106
118 59
118 112
118 5
118 17
118 117
118 24
118 86
118 51
118 90
118 67
118 60
118 7
118 41
118 119
118 6
118 38
118 87
118 91
118 9
118 34
118 31
118 81
118 80
118 58
118 26
118 0
118 99
118 70
118 73
118 77
118 4
118 33
118 12
118 61
118 78
118 92
118 114
29 103
29 48
29 109
29 75
29 113
29 68
29 19
29 102
29 83
29 22
29 47
29 2
29 42
29 105
29 104
29 25
29 55
29 5
29 45
29 23
29 72
29 17
29 15
29 93
29 51
29 90
29 20
29 60
29 65
29 18
29 71
29 79
29 38
29 52
29 9
29 31
29 81
29 111
29 80
29 58
29 95
29 99
29 57
29 3
29 76
29 33
29 54
29 78
29 10
29 92
29 114
74 103
74 48
74 109
74 113
74 32
74 40
74 64
74 63
74 8
74 37
74 106
74 42
74 59
74 108
74 115
74 25
74 45
74 17
74 117
74 90
74 1
74 67
74 60
74 41
74 119
74 97
74 71
74 38
74 94
74 91
74 9
74 31
74 81
74 28
74 58
74 26
74 95
74 99
74 110
74 70
74 73
74 77
74 4
74 3
74 88
74 76
74 33
74 43
74 61
74 78
74 114
46 96
46 44
46 48
46 109
46 75
46 32
46 40
46 64
46 56
46 68
46 63
46 83
46 22
46 11
46 2
46 42
46 59
46 108
46 30
46 115
46 25
46 55
46 5
46 27
46 23
46 15
46 24
46 51
46 67
46 20
46 60
46 41
46 65
46 119
46 97
46 79
46 49
46 38
46 87
46 94
46 31
46 111
46 28
46 69
46 80
46 58
46 26
46 95
46 0
46 99
46 70
46 73
46 4
46 3
46 88
46 33
46 43
46 54
46 78
46 92
103 44
103 48
103 75
103 113
103 36
103 64
103 56
103 19
103 102
103 37
103 22
103 11
103 42
103 105
103 108
103 98
103 30
103 5
103 27
103 72
103 17
103 15
103 24
103 86
103 93
103 90
103 20
103 7
103 41
103 65
103 71
103 79
103 49
103 6
103 13
103 94
103 91
103 52
103 9
103 34
103 111
103 26
103 95
103 0
103 73
103 57
103 77
103 4
103 76
103 43
103 78
103 10
103 92
96 109
96 113
96 40
96 64
96 56
96 68
96 102
96 37
96 106
96 42
96 59
96 115
96 5
96 72
96 17
96 117
96 15
96 86
96 1
96 20
96 60
96 7
96 41
96 18
96 71
96 79
96 49
96 6
96 38
96 94
96 52
96 34
96 31
96 28
96 95
96 99
96 70
96 57
96 77
96 4
96 88
96 33
96 54
96 78
96 10
96 92
96 114
44 48
44 109
44 75
44 32
44 36
44 64
44 56
44 68
44 63
44 83
44 100
44 47
44 106
44 42
44 59
44 105
44 108
44 98
44 115
44 104
44 55
44 27
44 72
44 17
44 117
44 24
44 1
44 67
44 20
44 60
44 7
44 65
44 71
44 6
44 38
44 13
44 94
44 52
44 34
44 31
44 111
44 80
44 26
44 95
44 0
44 99
44 57
44 4
44 33
44 12
44 54
44 39
44 61
44 92
48 109
48 75
48 113
48 68
48 102
48 63
48 8
48 22
48 2
48 106
48 108
48 30
48 104
48 55
48 27
48 23
48 15
48 24
48 93
48 90
48 20
48 41
48 97
48 79
48 49
48 87
48 94
48 9
48 34
48 31
48 81
48 80
48 58
48 70
48 77
48 3
48 88
48 76
48 33
48 12
48 43
48 54
48 39
48 10
48 114
109 75
109 36
109 64
109 56
109 19
109 63
109 22
109 47
109 42
109 59
109 98
109 115
109 104
109 55
109 27
109 45
109 23
109 117
109 24
109 93
109 51
109 90
109 67
109 60
109 41
109 119
109 71
109 6
109 38
109 94
109 91
109 9
109 34
109 69
109 80
109 26
109 0
109 99
109 110
109 70
109 77
109 4
109 43
109 61
109 78
109 114
75 40
75 56
75 8
75 22
75 100
75 47
75 42
75 105
75 108
75 98
75 104
75 5
75 72
75 15
75 24
75 86
75 51
75 60
75 7
75 97
75 6
75 87
75 13
75 91
75 52
75 9
75 28
75 69
75 58
75 26
75 99
75 110
75 70
75 57
75 77
75 4
75 3
75 88
75 76
75 43
75 54
75 39
75 61
75 78
75 10
113 32
113 40
113 68
113 19
113 83
113 22
113 100
113 2
113 59
113 105
113 30
113 115
113 104
113 112
113 55
113 5
113 45
113 23
113 17
113 15
113 86
113 51
113 90
113 41
113 65
113 119
113 79
113 49
113 38
113 87
113 13
113 34
113 31
113 81
113 69
113 99
113 110
113 57
113 4
113 33
113 54
113 39
113 61
113 114
32 36
32 64
32 102
32 63
32 8
32 37
32 100
32 2
32 59
32 98
32 112
32 5
32 27
32 45
32 23
32 72
32 24
32 86
32 1
32 20
32 60
32 7
32 97
32 71
32 49
32 38
32 91
32 31
32 81
32 111
32 69
32 58
32 0
32 99
32 73
32 77
32 4
32 76
32 12
32 43
32 39
32 78
32 92
36 40
36 56
36 102
36 63
36 22
36 100
36 2
36 106
36 42
36 108
36 98
36 30
36 115
36 25
36 55
36 27
36 45
36 23
36 72
36 117
36 15
36 86
36 93
36 20
36 65
36 18
36 119
36 97
36 79
36 49
36 6
36 13
36 52
36 34
36 111
36 80
36 95
36 70
36 77
36 4
36 88
36 33
36 43
36 54
36 61
36 114
40 56
40 19
40 63
40 37
40 83
40 100
40 47
40 106
40 42
40 105
40 115
40 104
40 55
40 5
40 27
40 23
40 72
40 86
40 93
40 90
40 20
40 41
40 119
40 97
40 71
40 79
40 38
40 13
40 94
40 91
40 9
40 81
40 28
40 69
40 80
40 58
40 26
40 99
40 110
40 70
40 73
40 76
40 33
40 43
40 54
40 39
40 61
64 68
64 19
64 83
64 100
64 11
64 2
64 108
64 98
64 115
64 104
64 25
64 23
64 72
64 17
64 117
64 15
64 24
64 86
64 93
64 1
64 67
64 60
64 7
64 41
64 65
64 119
64 71
64 49
64 6
64 38
64 94
64 91
64 9
64 31
64 81
64 28
64 69
64 26
64 95
64 99
64 70
64 73
64 3
64 88
64 76
64 33
64 12
64 43
64 54
64 39
64 78
56 68
56 102
56 8
56 37
56 22
56 11
56 47
56 2
56 106
56 42
56 98
56 30
56 115
56 104
56 25
56 112
56 5
56 27
56 23
56 72
56 17
56 117
56 51
56 90
56 1
56 67
56 60
56 7
56 119
56 49
56 91
56 9
56 34
56 28
56 80
56 58
56 110
56 73
56 4
56 88
56 33
56 12
56 39
56 61
56 78
56 92
68 19
68 102
68 63
68 37
68 83
68 22
68 100
68 11
68 47
68 2
68 59
68 105
68 98
68 30
68 104
68 25
68 112
68 27
68 72
68 117
68 15
68 1
68 67
68 7
68 41
68 65
68 18
68 49
68 6
68 94
68 52
68 9
68 81
68 28
68 69
68 80
68 26
68 0
68 99
68 73
68 57
68 76
68 43
68 54
68 61
68 78
68 114
19 102
19 37
19 83
19 47
19 2
19 106
19 59
19 105
19 115
19 25
19 112
19 55
19 72
19 17
19 117
19 15
19 24
19 86
19 1
19 67
19 7
19 65
19 119
19 71
19 79
19 38
19 87
19 13
19 34
19 31
19 81
19 111
19 28
19 69
19 58
19 0
19 99
19 110
19 70
19 73
19 4
19 3
19 88
19 76
19 33
19 39
19 10
102 63
102 83
102 22
102 47
102 98
102 25
102 112
102 5
102 27
102 45
102 17
102 15
102 86
102 93
102 20
102 41
102 71
102 79
102 6
102 38
102 87
102 13
102 94
102 91
102 52
102 34
102 28
102 58
102 95
102 70
102 73
102 88
102 76
102 12
102 43
102 54
102 78
102 92
63 8
63 37
63 83
63 22
63 100
63 106
63 105
63 30
63 115
63 55
63 5
63 45
63 17
63 117
63 86
63 1
63 41
63 65
63 18
63 119
63 97
63 79
63 38
63 52
63 9
63 34
63 80
63 26
63 95
63 70
63 57
63 4
63 3
63 88
63 33
63 43
63 39
63 78
63 92
8 37
8 83
8 11
8 47
8 106
8 42
8 59
8 108
8 98
8 30
8 115
8 104
8 5
8 27
8 23
8 117
8 93
8 51
8 41
8 97
8 71
8 79
8 87
8 9
8 31
8 81
8 28
8 69
8 58
8 0
8 99
8 110
8 57
8 77
8 4
8 76
8 33
8 12
8 43
8 54
8 39
8 114
37 83
37 22
37 11
37 47
37 59
37 105
37 108
37 98
37 115
37 104
37 25
37 55
37 5
37 23
37 72
37 86
37 51
37 90
37 1
37 67
37 20
37 7
37 18
37 119
37 71
37 79
37 49
37 6
37 87
37 94
37 91
37 52
37 31
37 28
37 58
37 26
37 95
37 110
37 73
37 57
37 4
37 3
37 76
37 12
37 54
37 61
37 10
37 92
83 11
83 106
83 42
83 59
83 98
83 30
83 5
83 27
83 45
83 72
83 117
83 86
83 51
83 90
83 41
83 119
83 49
83 6
83 87
83 94
83 91
83 52
83 9
83 34
83 31
83 81
83 80
83 95
83 0
83 110
83 73
83 4
83 88
83 76
83 33
83 54
83 39
83 61
83 10
83 92
22 100
22 47
22 106
22 98
22 30
22 115
22 5
22 27
22 45
22 72
22 17
22 15
22 24
22 86
22 90
22 1
22 67
22 60
22 7
22 41
22 119
22 71
22 31
22 81
22 111
22 28
22 80
22 58
22 0
22 70
22 77
22 4
22 88
22 33
22 43
22 92
100 11
100 106
100 59
100 105
100 108
100 98
100 30
100 25
100 112
100 55
100 5
100 27
100 45
100 23
100 17
100 15
100 86
100 67
100 20
100 65
100 18
100 6
100 38
100 87
100 13
100 91
100 9
100 81
100 111
100 28
100 26
100 0
100 99
100 110
100 73
100 77
100 4
100 33
100 92
100 114
11 42
11 105
11 115
11 25
11 112
11 55
11 5
11 27
11 72
11 117
11 15
11 24
11 86
11 93
11 51
11 90
11 7
11 41
11 65
11 6
11 87
11 9
11 81
11 111
11 28
11 80
11 26
11 110
11 73
11 4
11 88
11 33
11 43
11 78
11 10
11 92
11 114
47 42
47 105
47 98
47 30
47 115
47 25
47 72
47 17
47 117
47 15
47 24
47 86
47 90
47 41
47 18
47 119
47 97
47 79
47 38
47 87
47 13
47 52
47 34
47 31
47 69
47 95
47 0
47 99
47 70
47 57
47 4
47 3
47 88
47 33
47 43
47 54
47 78
47 92
47 114
2 106
2 105
2 108
2 98
2 104
2 25
2 112
2 55
2 23
2 17
2 15
2 24
2 86
2 93
2 67
2 20
2 41
2 97
2 71
2 6
2 87
2 13
2 94
2 52
2 81
2 28
2 80
2 95
2 0
2 70
2 77
2 3
2 88
2 33
2 12
2 43
2 54
2 78
2 10
2 92
106 42
106 105
106 98
106 30
106 112
106 5
106 45
106 72
106 17
106 117
106 24
106 90
106 41
106 65
106 18
106 119
106 71
106 79
106 49
106 6
106 38
106 87
106 94
106 91
106 52
106 81
106 111
106 80
106 58
106 26
106 0
106 70
106 73
106 57
106 3
106 76
106 33
106 54
106 39
106 61
106 10
106 114
42 115
42 25
42 55
42 5
42 27
42 23
42 17
42 117
42 93
42 90
42 20
42 60
42 7
42 41
42 119
42 97
42 79
42 49
42 38
42 87
42 13
42 94
42 52
42 34
42 31
42 28
42 69
42 95
42 0
42 110
42 73
42 57
42 77
42 4
42 3
42 88
42 76
42 12
42 114
59 105
59 108
59 98
59 30
59 25
59 112
59 55
59 27
59 23
59 72
59 117
59 24
59 86
59 93
59 51
59 90
59 67
59 20
59 60
59 7
59 41
59 65
59 119
59 71
59 79
59 49
59 38
59 87
59 13
59 52
59 31
59 111
59 69
59 58
59 0
59 70
59 73
59 4
59 88
59 33
59 12
59 43
59 39
59 78
59 10
105 108
105 30
105 115
105 112
105 55
105 5
105 27
105 45
105 17
105 117
105 86
105 51
105 67
105 60
105 7
105 41
105 65
105 119
105 97
105 71
105 6
105 87
105 52
105 34
105 31
105 111
105 58
105 26
105 70
105 57
105 4
105 76
105 33
105 43
105 61
105 78
105 114
108 30
108 115
108 27
108 72
108 17
108 15
108 86
108 90
108 1
108 20
108 60
108 7
108 41
108 65
108 97
108 79
108 6
108 13
108 94
108 9
108 34
108 31
108 28
108 69
108 26
108 0
108 99
108 110
108 73
108 57
108 4
108 3
108 76
108 12
108 43
108 39
108 10
108 114
98 30
98 115
98 112
98 5
98 45
98 72
98 117
98 15
98 86
98 51
98 90
98 1
98 20
98 60
98 18
98 71
98 79
98 6
98 38
98 94
98 52
98 9
98 69
98 80
98 26
98 0
98 70
98 77
98 76
98 12
98 54
98 78
98 10
98 92
30 104
30 25
30 112
30 55
30 45
30 23
30 15
30 90
30 67
30 7
30 18
30 97
30 49
30 6
30 38
30 87
30 13
30 91
30 52
30 34
30 28
30 69
30 80
30 58
30 99
30 110
30 3
30 88
30 33
30 12
30 54
30 39
30 61
30 78
30 10
115 104
115 55
115 27
115 23
115 72
115 15
115 86
115 93
115 67
115 20
115 60
115 41
115 65
115 18
115 71
115 79
115 49
115 6
115 13
115 94
115 91
115 52
115 9
115 31
115 28
115 80
115 26
115 95
115 0
115 70
115 57
115 88
115 33
115 54
115 39
115 78
115 114
104 25
104 55
104 5
104 27
104 72
104 117
104 15
104 24
104 86
104 93
104 51
104 1
104 67
104 20
104 60
104 7
104 41
104 71
104 79
104 6
104 38
104 94
104 9
104 34
104 31
104 28
104 69
104 58
104 26
104 0
104 99
104 57
104 3
104 88
104 76
104 33
104 43
104 61
104 92
25 55
25 5
25 45
25 72
25 17
25 117
25 86
25 93
25 51
25 90
25 1
25 60
25 18
25 97
25 38
25 87
25 94
25 91
25 52
25 9
25 31
25 111
25 28
25 69
25 80
25 58
25 95
25 0
25 99
25 57
25 76
25 33
25 54
25 61
25 10
25 92
112 5
112 27
112 23
112 72
112 117
112 93
112 51
112 90
112 20
112 60
112 65
112 18
112 119
112 97
112 49
112 6
112 87
112 13
112 94
112 91
112 9
112 34
112 31
112 111
112 28
112 58
112 57
112 77
112 4
112 88
112 76
112 12
112 43
112 54
112 39
112 78
112 92
112 114
55 27
55 45
55 117
55 15
55 86
55 93
55 90
55 1
55 67
55 60
55 41
55 65
55 119
55 79
55 6
55 87
55 13
55 91
55 34
55 81
55 111
55 28
55 69
55 26
55 0
55 70
55 73
55 4
55 3
55 88
55 76
55 33
55 12
55 43
55 61
55 114
5 27
5 45
5 23
5 15
5 24
5 93
5 1
5 20
5 60
5 41
5 65
5 18
5 71
5 79
5 49
5 6
5 38
5 13
5 94
5 91
5 52
5 9
5 31
5 80
5 58
5 0
5 99
5 70
5 4
5 76
5 78
5 10
5 92
5 114
27 23
27 72
27 117
27 15
27 86
27 90
27 20
27 7
27 41
27 65
27 71
27 79
27 13
27 91
27 52
27 28
27 58
27 26
27 99
27 110
27 70
27 3
27 88
27 76
27 33
27 12
27 54
27 61
27 92
45 23
45 17
45 15
45 93
45 1
45 20
45 60
45 7
45 41
45 65
45 97
45 71
45 79
45 49
45 13
45 94
45 52
45 34
45 111
45 28
45 80
45 110
45 70
45 73
45 57
45 77
45 76
45 33
45 12
45 54
45 39
45 61
45 78
45 10
23 72
23 17
23 117
23 86
23 93
23 51
23 1
23 67
23 60
23 7
23 65
23 18
23 97
23 71
23 79
23 49
23 6
23 38
23 34
23 31
23 81
23 28
23 69
23 58
23 95
23 70
23 77
23 4
23 76
23 33
23 54
23 61
23 78
72 17
72 117
72 86
72 51
72 1
72 67
72 7
72 41
72 119
72 97
72 71
72 79
72 49
72 94
72 91
72 52
72 9
72 34
72 28
72 69
72 0
72 73
72 57
72 3
72 33
72 12
72 39
72 61
72 114
17 93
17 90
17 67
17 20
17 60
17 41
17 119
17 38
17 87
17 13
17 94
17 91
17 52
17 9
17 31
17 111
17 28
17 69
17 80
17 26
17 99
17 73
17 77
17 4
17 88
17 12
17 54
17 39
17 61
17 92
17 114
117 15
117 24
117 93
117 51
117 67
117 60
117 7
117 41
117 18
117 119
117 71
117 6
117 13
117 94
117 91
117 9
117 34
117 31
117 28
117 69
117 26
117 95
117 99
117 110
117 57
117 4
117 88
117 76
117 33
117 61
117 92
15 24
15 93
15 90
15 67
15 60
15 41
15 18
15 97
15 79
15 49
15 87
15 91
15 34
15 81
15 28
15 69
15 80
15 110
15 70
15 73
15 57
15 77
15 4
15 76
15 43
15 54
15 78
15 10
15 92
24 67
24 20
24 60
24 65
24 18
24 71
24 6
24 38
24 13
24 94
24 34
24 81
24 111
24 28
24 99
24 110
24 70
24 73
24 57
24 77
24 33
24 43
24 54
24 10
86 51
86 67
86 20
86 97
86 79
86 49
86 38
86 87
86 13
86 91
86 52
86 9
86 34
86 28
86 80
86 58
86 95
86 99
86 4
86 3
86 88
86 54
86 39
86 10
93 51
93 90
93 1
93 60
93 41
93 65
93 18
93 71
93 79
93 6
93 38
93 87
93 91
93 9
93 111
93 80
93 58
93 95
93 0
93 70
93 73
93 57
93 77
93 4
93 3
93 88
93 76
93 33
93 43
93 54
93 61
93 114
51 1
51 20
51 41
51 65
51 119
51 97
51 71
51 79
51 49
51 13
51 94
51 91
51 52
51 9
51 81
51 111
51 69
51 80
51 26
51 95
51 0
51 99
51 110
51 70
51 4
51 3
51 76
51 33
51 12
51 43
51 39
51 10
51 114
90 67
90 60
90 65
90 18
90 97
90 79
90 6
90 38
90 87
90 91
90 31
90 28
90 69
90 80
90 95
90 0
90 110
90 70
90 57
90 77
90 4
90 3
90 76
90 33
90 12
90 43
90 39
90 61
90 10
90 92
1 67
1 20
1 60
1 41
1 65
1 18
1 119
1 87
1 13
1 91
1 52
1 9
1 81
1 111
1 28
1 69
1 80
1 26
1 95
1 0
1 70
1 57
1 77
1 4
1 88
1 33
1 54
1 39
1 78
1 92
1 114
67 60
67 18
67 119
67 71
67 79
67 6
67 87
67 9
67 81
67 111
67 28
67 69
67 0
67 99
67 110
67 70
67 57
67 4
67 3
67 33
67 39
67 61
67 10
67 92
67 114
20 60
20 7
20 41
20 65
20 18
20 97
20 71
20 79
20 49
20 38
20 87
20 94
20 34
20 81
20 111
20 69
20 80
20 58
20 95
20 99
20 57
20 3
20 88
20 76
20 12
20 54
20 61
20 10
20 92
20 114
60 7
60 18
60 119
60 97
60 71
60 79
60 49
60 6
60 38
60 87
60 94
60 52
60 9
60 31
60 111
60 26
60 110
60 57
60 4
60 76
60 39
60 78
60 92
7 65
7 119
7 49
7 38
7 87
7 13
7 91
7 9
7 34
7 31
7 81
7 111
7 28
7 69
7 0
7 99
7 110
7 70
7 73
7 4
7 3
7 88
7 76
7 12
7 43
7 54
7 61
7 92
41 65
41 18
41 119
41 97
41 6
41 87
41 13
41 94
41 91
41 9
41 34
41 31
41 81
41 28
41 80
41 58
41 95
41 70
41 57
41 3
41 88
41 33
41 12
41 43
41 54
41 61
41 92
41 114
65 97
65 71
65 79
65 6
65 38
65 13
65 94
65 9
65 31
65 69
65 58
65 26
65 0
65 110
65 70
65 73
65 57
65 3
65 33
65 43
65 61
65 78
65 92
18 97
18 71
18 79
18 9
18 81
18 111
18 69
18 80
18 26
18 95
18 0
18 110
18 73
18 57
18 88
18 33
18 61
18 10
119 97
119 71
119 79
119 87
119 91
119 81
119 28
119 69
119 58
119 26
119 0
119 73
119 77
119 3
119 88
119 43
119 61
119 78
119 114
97 71
97 79
97 6
97 38
97 52
97 34
97 31
97 81
97 69
97 26
97 110
97 70
97 73
97 4
97 88
97 12
97 43
97 54
97 39
97 61
97 10
97 92
71 79
71 49
71 87
71 52
71 34
71 31
71 81
71 69
71 58
71 26
71 99
71 70
71 57
71 3
71 76
71 33
71 39
71 61
71 92
79 49
79 38
79 94
79 52
79 31
79 81
79 28
79 69
79 26
79 95
79 99
79 70
79 33
79 12
79 54
79 39
79 61
79 10
79 92
79 114
49 94
49 52
49 9
49 34
49 81
49 111
49 28
49 69
49 26
49 57
49 77
49 3
49 88
49 76
49 12
49 39
49 61
49 78
49 10
49 92
6 38
6 13
6 91
6 52
6 9
6 31
6 81
6 111
6 28
6 58
6 26
6 99
6 110
6 57
6 77
6 4
6 3
6 88
6 54
6 78
6 10
38 94
38 9
38 34
38 81
38 111
38 58
38 26
38 95
38 0
38 73
38 57
38 77
38 4
38 88
38 76
38 33
38 43
38 39
38 92
87 91
87 9
87 28
87 58
87 26
87 0
87 110
87 77
87 4
87 3
87 88
87 33
87 43
87 54
87 39
87 114
13 94
13 91
13 52
13 31
13 81
13 95
13 99
13 110
13 70
13 73
13 57
13 88
13 76
13 43
13 78
13 114
94 52
94 34
94 31
94 80
94 58
94 26
94 99
94 70
94 57
94 88
94 76
94 12
94 43
94 61
94 78
94 92
91 52
91 9
91 31
91 81
91 111
91 28
91 26
91 0
91 70
91 57
91 3
91 88
91 76
91 33
91 12
91 54
91 78
91 10
52 9
52 111
52 28
52 80
52 26
52 95
52 0
52 99
52 110
52 73
52 57
52 77
52 4
52 3
52 12
52 43
52 54
52 61
52 92
9 31
9 81
9 111
9 69
9 80
9 95
9 110
9 73
9 77
9 4
9 3
9 88
9 33
9 43
9 54
34 31
34 81
34 28
34 69
34 58
34 0
34 99
34 57
34 77
34 4
34 43
34 61
34 10
31 111
31 69
31 80
31 58
31 26
31 95
31 99
31 110
31 73
31 57
31 4
31 33
31 54
31 61
31 10
31 92
81 28
81 58
81 99
81 73
81 57
81 4
81 76
81 33
81 12
81 39
81 61
81 10
81 114
111 28
111 69
111 58
111 26
111 99
111 110
111 70
111 73
111 57
111 3
111 76
111 12
111 43
111 39
111 61
111 78
111 10
111 92
28 69
28 80
28 99
28 110
28 77
28 3
28 76
28 33
28 43
28 39
28 61
28 10
28 114
69 58
69 26
69 95
69 99
69 110
69 70
69 73
69 77
69 4
69 3
69 76
69 43
69 54
69 39
69 61
80 0
80 99
80 70
80 73
80 57
80 76
80 12
80 39
80 61
80 10
58 95
58 99
58 110
58 70
58 57
58 4
58 3
58 76
58 33
58 12
58 43
58 54
58 61
58 78
58 92
26 77
26 3
26 88
26 76
26 33
26 12
26 54
26 39
26 61
95 99
95 110
95 4
95 88
95 54
95 39
95 78
95 10
95 114
0 57
0 76
0 54
0 92
0 114
99 110
99 70
99 57
99 77
99 3
99 54
99 39
99 61
99 78
99 10
99 114
110 70
110 57
110 77
110 4
110 88
110 76
110 43
110 54
110 39
70 57
70 4
70 3
70 33
70 12
70 43
70 61
70 78
70 92
70 114
73 57
73 77
73 3
73 76
73 54
73 39
73 61
73 78
57 77
57 88
57 43
57 54
57 61
57 78
57 10
77 4
77 88
77 76
77 43
77 54
4 3
4 76
4 12
4 43
4 39
3 76
3 12
3 43
3 39
3 78
3 10
3 92
3 114
88 76
88 33
88 12
88 43
88 54
88 39
88 10
88 92
76 12
76 39
76 10
76 92
33 43
33 54
33 39
33 61
33 78
33 92
12 61
12 78
12 92
12 114
43 54
43 39
43 61
43 10
43 92
43 114
54 39
39 61
39 78
39 92
39 114
61 92
78 92
78 114
10 114
