*verties 118
13
65
55
25
30
26
72
31
91
61
70
74
75
119
5
47
115
58
34
94
60
95
118
11
73
2
3
22
41
83
112
4
27
92
104
45
12
85
24
97
37
51
16
106
86
63
110
90
8
32
59
43
56
101
66
23
69
78
42
62
21
29
102
35
33
10
105
87
107
84
9
99
40
76
39
53
49
77
89
100
82
18
71
48
93
81
68
46
113
20
88
50
15
67
117
111
19
103
28
36
79
1
44
17
6
98
64
14
116
52
38
7
108
54
114
109
80
57
*edges 
13 65
13 55
13 25
13 30
13 26
13 72
13 31
13 91
13 61
13 70
13 74
13 75
13 5
13 115
13 58
13 34
13 94
13 60
13 118
13 73
13 2
13 3
13 22
13 112
13 4
13 27
13 92
13 104
13 45
13 12
13 85
13 24
13 97
13 37
13 51
13 16
13 106
13 86
13 63
13 8
13 32
13 43
13 56
13 101
13 66
13 23
13 69
13 78
13 42
13 62
13 21
13 29
13 102
13 35
13 33
13 10
13 105
13 87
13 107
13 84
13 9
13 99
13 40
13 76
13 39
13 49
13 89
13 100
13 18
13 71
13 48
13 93
13 81
13 68
13 46
13 113
13 50
13 15
13 67
13 117
13 19
13 103
13 28
13 36
13 79
13 1
13 44
13 17
13 6
13 98
13 64
13 14
13 116
13 52
13 38
13 7
13 108
13 54
13 114
13 80
13 57
65 55
65 30
65 26
65 72
65 31
65 91
65 70
65 119
65 5
65 47
65 115
65 58
65 34
65 94
65 60
65 118
65 11
65 73
65 2
65 3
65 22
65 41
65 83
65 112
65 4
65 27
65 92
65 104
65 45
65 12
65 85
65 24
65 97
65 37
65 16
65 106
65 63
65 110
65 90
65 8
65 32
65 59
65 43
65 56
65 101
65 66
65 23
65 69
65 78
65 42
65 62
65 21
65 29
65 35
65 33
65 105
65 87
65 107
65 84
65 9
65 99
65 76
65 39
65 53
65 49
65 77
65 89
65 100
65 71
65 48
65 93
65 81
65 113
65 20
65 88
65 15
65 67
65 111
65 19
65 103
65 28
65 36
65 44
65 17
65 6
65 98
65 14
65 116
65 52
65 38
65 7
65 108
65 54
65 114
65 109
65 57
55 25
55 30
55 26
55 72
55 31
55 91
55 61
55 70
55 75
55 119
55 5
55 47
55 34
55 94
55 60
55 95
55 118
55 11
55 73
55 3
55 22
55 41
55 112
55 27
55 92
55 104
55 45
55 12
55 85
55 24
55 97
55 37
55 51
55 16
55 106
55 86
55 63
55 90
55 8
55 32
55 59
55 43
55 56
55 101
55 66
55 69
55 78
55 42
55 62
55 21
55 29
55 102
55 35
55 33
55 10
55 105
55 87
55 107
55 84
55 9
55 99
55 40
55 76
55 39
55 53
55 49
55 77
55 100
55 82
55 18
55 48
55 93
55 81
55 68
55 46
55 113
55 20
55 88
55 50
55 15
55 67
55 111
55 19
55 103
55 28
55 36
55 79
55 1
55 44
55 17
55 6
55 64
55 14
55 116
55 52
55 7
55 108
55 54
55 109
55 80
55 57
25 30
25 26
25 72
25 31
25 91
25 61
25 74
25 75
25 119
25 5
25 47
25 115
25 58
25 34
25 60
25 95
25 118
25 73
25 2
25 3
25 22
25 41
25 83
25 112
25 4
25 92
25 104
25 12
25 85
25 24
25 97
25 37
25 51
25 16
25 106
25 63
25 110
25 90
25 8
25 32
25 59
25 56
25 101
25 66
25 23
25 69
25 78
25 42
25 62
25 29
25 102
25 35
25 33
25 10
25 105
25 87
25 107
25 84
25 9
25 99
25 40
25 76
25 39
25 53
25 49
25 77
25 89
25 100
25 71
25 93
25 81
25 68
25 46
25 113
25 88
25 50
25 15
25 67
25 117
25 111
25 19
25 103
25 28
25 36
25 79
25 1
25 17
25 6
25 98
25 64
25 14
25 116
25 38
25 7
25 108
25 54
25 114
25 80
25 57
30 26
30 72
30 31
30 91
30 61
30 70
30 74
30 75
30 119
30 5
30 47
30 58
30 94
30 60
30 95
30 118
30 11
30 73
30 2
30 3
30 22
30 41
30 83
30 112
30 4
30 27
30 92
30 104
30 45
30 12
30 85
30 24
30 97
30 37
30 51
30 16
30 106
30 86
30 63
30 90
30 8
30 32
30 59
30 56
30 101
30 66
30 23
30 69
30 78
30 42
30 62
30 21
30 29
30 102
30 35
30 33
30 10
30 105
30 87
30 107
30 84
30 9
30 99
30 76
30 39
30 53
30 49
30 77
30 89
30 100
30 82
30 18
30 71
30 48
30 93
30 81
30 68
30 46
30 113
30 20
30 88
30 50
30 15
30 67
30 117
30 111
30 103
30 28
30 36
30 79
30 1
30 44
30 17
30 6
30 64
30 14
30 116
30 52
30 38
30 7
30 108
30 54
30 114
30 109
30 80
30 57
26 72
26 31
26 91
26 61
26 70
26 74
26 75
26 119
26 5
26 47
26 58
26 34
26 94
26 95
26 118
26 11
26 2
26 3
26 22
26 41
26 83
26 112
26 4
26 27
26 92
26 104
26 45
26 12
26 85
26 24
26 97
26 37
26 51
26 106
26 86
26 63
26 110
26 90
26 8
26 32
26 59
26 43
26 56
26 101
26 66
26 23
26 78
26 42
26 62
26 21
26 29
26 102
26 35
26 33
26 10
26 105
26 87
26 107
26 84
26 9
26 99
26 40
26 76
26 39
26 53
26 49
26 77
26 89
26 100
26 82
26 18
26 71
26 48
26 93
26 81
26 68
26 113
26 20
26 88
26 50
26 15
26 67
26 117
26 111
26 19
26 103
26 28
26 36
26 79
26 44
26 17
26 6
26 98
26 64
26 14
26 116
26 52
26 38
26 7
26 108
26 54
26 114
26 109
26 80
26 57
72 31
72 91
72 61
72 70
72 74
72 75
72 119
72 5
72 47
72 115
72 58
72 34
72 94
72 60
72 95
72 118
72 11
72 73
72 2
72 3
72 22
72 41
72 83
72 112
72 4
72 27
72 104
72 45
72 12
72 85
72 97
72 51
72 16
72 106
72 63
72 110
72 90
72 8
72 32
72 59
72 43
72 56
72 101
72 66
72 23
72 78
72 42
72 62
72 21
72 29
72 102
72 35
72 33
72 10
72 105
72 87
72 107
72 84
72 9
72 99
72 40
72 76
72 39
72 53
72 49
72 77
72 89
72 82
72 18
72 71
72 48
72 93
72 81
72 68
72 46
72 113
72 20
72 88
72 15
72 67
72 117
72 111
72 19
72 103
72 28
72 36
72 79
72 1
72 17
72 6
72 98
72 64
72 14
72 116
72 52
72 38
72 7
72 108
72 54
72 109
72 80
72 57
31 91
31 61
31 70
31 74
31 75
31 119
31 5
31 47
31 115
31 34
31 94
31 60
31 95
31 118
31 11
31 73
31 2
31 3
31 22
31 41
31 83
31 112
31 4
31 27
31 92
31 104
31 45
31 12
31 24
31 97
31 37
31 51
31 106
31 86
31 63
31 110
31 90
31 8
31 32
31 59
31 43
31 56
31 101
31 66
31 23
31 69
31 78
31 42
31 62
31 21
31 29
31 102
31 35
31 33
31 10
31 105
31 87
31 107
31 84
31 9
31 99
31 40
31 39
31 53
31 49
31 77
31 89
31 100
31 82
31 18
31 71
31 48
31 93
31 81
31 68
31 46
31 113
31 20
31 88
31 50
31 15
31 67
31 117
31 111
31 19
31 28
31 36
31 79
31 1
31 17
31 98
31 64
31 14
31 116
31 52
31 38
31 7
31 108
31 54
31 114
31 109
31 80
31 57
91 61
91 70
91 74
91 75
91 119
91 5
91 47
91 58
91 34
91 94
91 60
91 95
91 118
91 11
91 73
91 2
91 3
91 22
91 41
91 112
91 4
91 27
91 92
91 45
91 12
91 85
91 24
91 97
91 37
91 51
91 16
91 106
91 63
91 110
91 90
91 8
91 32
91 59
91 43
91 56
91 101
91 66
91 23
91 69
91 78
91 42
91 62
91 21
91 29
91 102
91 35
91 33
91 10
91 105
91 87
91 107
91 84
91 9
91 99
91 76
91 39
91 53
91 49
91 89
91 100
91 82
91 71
91 48
91 93
91 81
91 68
91 46
91 113
91 20
91 88
91 15
91 67
91 117
91 111
91 19
91 103
91 28
91 36
91 79
91 1
91 44
91 17
91 6
91 98
91 64
91 14
91 116
91 52
91 38
91 7
91 108
91 109
91 80
91 57
61 70
61 74
61 75
61 119
61 5
61 115
61 58
61 94
61 60
61 95
61 118
61 11
61 73
61 2
61 3
61 41
61 83
61 112
61 27
61 92
61 104
61 45
61 12
61 85
61 24
61 97
61 37
61 51
61 16
61 106
61 86
61 63
61 110
61 90
61 8
61 32
61 59
61 43
61 56
61 101
61 66
61 23
61 69
61 78
61 42
61 62
61 21
61 102
61 35
61 33
61 10
61 105
61 87
61 107
61 84
61 9
61 99
61 76
61 39
61 53
61 49
61 77
61 89
61 100
61 82
61 18
61 71
61 48
61 93
61 81
61 68
61 46
61 113
61 20
61 88
61 50
61 15
61 67
61 117
61 111
61 19
61 103
61 28
61 79
61 1
61 44
61 17
61 6
61 98
61 64
61 14
61 116
61 52
61 7
61 108
61 54
61 114
61 109
61 80
61 57
70 74
70 75
70 119
70 5
70 47
70 115
70 58
70 34
70 94
70 95
70 118
70 11
70 73
70 2
70 3
70 22
70 41
70 83
70 112
70 92
70 45
70 12
70 85
70 24
70 97
70 37
70 51
70 106
70 86
70 63
70 110
70 90
70 32
70 43
70 56
70 101
70 66
70 23
70 69
70 78
70 42
70 62
70 21
70 29
70 102
70 35
70 33
70 10
70 105
70 87
70 107
70 84
70 40
70 39
70 53
70 49
70 77
70 89
70 100
70 82
70 18
70 71
70 48
70 93
70 81
70 68
70 46
70 113
70 20
70 88
70 50
70 15
70 67
70 117
70 19
70 103
70 28
70 36
70 79
70 1
70 44
70 17
70 6
70 98
70 64
70 14
70 116
70 52
70 7
70 108
70 114
70 109
70 80
70 57
74 75
74 119
74 5
74 47
74 115
74 58
74 34
74 94
74 60
74 95
74 118
74 73
74 2
74 3
74 22
74 41
74 83
74 27
74 92
74 104
74 45
74 12
74 85
74 24
74 97
74 37
74 51
74 16
74 106
74 86
74 110
74 90
74 8
74 32
74 59
74 43
74 66
74 23
74 69
74 78
74 42
74 62
74 21
74 29
74 102
74 35
74 33
74 10
74 105
74 87
74 107
74 84
74 9
74 99
74 40
74 76
74 39
74 53
74 49
74 77
74 89
74 18
74 71
74 48
74 93
74 81
74 68
74 46
74 113
74 20
74 88
74 50
74 15
74 67
74 117
74 111
74 19
74 103
74 28
74 36
74 79
74 44
74 17
74 6
74 98
74 64
74 14
74 116
74 52
74 38
74 7
74 54
74 109
74 80
74 57
75 5
75 47
75 115
75 58
75 34
75 94
75 60
75 95
75 118
75 11
75 73
75 2
75 3
75 22
75 41
75 83
75 112
75 4
75 27
75 92
75 104
75 45
75 12
75 85
75 24
75 97
75 16
75 106
75 86
75 63
75 110
75 90
75 8
75 32
75 59
75 43
75 56
75 101
75 66
75 23
75 69
75 78
75 42
75 21
75 29
75 102
75 35
75 33
75 10
75 105
75 87
75 107
75 84
75 9
75 99
75 40
75 76
75 39
75 53
75 49
75 77
75 89
75 100
75 82
75 18
75 71
75 48
75 81
75 68
75 46
75 113
75 88
75 50
75 15
75 67
75 117
75 111
75 19
75 28
75 36
75 1
75 44
75 17
75 6
75 98
75 64
75 14
75 116
75 52
75 38
75 7
75 108
75 54
75 114
75 109
75 57
119 5
119 47
119 115
119 34
119 94
119 60
119 95
119 118
119 11
119 73
119 2
119 3
119 22
119 41
119 83
119 112
119 4
119 27
119 92
119 104
119 45
119 12
119 85
119 24
119 97
119 37
119 51
119 16
119 106
119 86
119 63
119 110
119 90
119 8
119 32
119 59
119 56
119 101
119 66
119 23
119 69
119 78
119 42
119 62
119 21
119 29
119 102
119 35
119 33
119 87
119 107
119 84
119 9
119 99
119 40
119 76
119 39
119 53
119 77
119 89
119 82
119 18
119 71
119 48
119 93
119 81
119 68
119 46
119 113
119 20
119 88
119 50
119 15
119 67
119 117
119 111
119 19
119 28
119 36
119 79
119 1
119 44
119 17
119 6
119 64
119 14
119 116
119 52
119 38
119 7
119 108
119 54
119 114
119 109
119 80
119 57
5 47
5 58
5 34
5 94
5 60
5 95
5 11
5 73
5 2
5 3
5 22
5 41
5 83
5 112
5 4
5 27
5 92
5 104
5 45
5 12
5 24
5 97
5 37
5 51
5 16
5 106
5 86
5 63
5 110
5 90
5 8
5 32
5 59
5 43
5 56
5 101
5 66
5 23
5 69
5 78
5 42
5 62
5 21
5 29
5 102
5 35
5 33
5 105
5 87
5 107
5 84
5 99
5 40
5 76
5 39
5 53
5 49
5 89
5 100
5 82
5 18
5 71
5 48
5 93
5 81
5 68
5 46
5 113
5 20
5 50
5 15
5 67
5 117
5 19
5 28
5 36
5 79
5 1
5 44
5 17
5 6
5 98
5 64
5 14
5 116
5 38
5 108
5 54
5 114
5 80
5 57
47 58
47 34
47 94
47 60
47 95
47 118
47 11
47 73
47 2
47 3
47 22
47 41
47 27
47 92
47 104
47 12
47 85
47 24
47 97
47 37
47 51
47 16
47 106
47 86
47 63
47 110
47 90
47 8
47 32
47 59
47 43
47 56
47 78
47 42
47 62
47 21
47 29
47 35
47 33
47 10
47 105
47 107
47 84
47 9
47 99
47 40
47 76
47 39
47 53
47 49
47 77
47 89
47 100
47 82
47 18
47 71
47 48
47 93
47 81
47 68
47 46
47 113
47 20
47 88
47 50
47 15
47 117
47 111
47 19
47 103
47 28
47 36
47 79
47 1
47 44
47 6
47 64
47 14
47 116
47 38
47 7
47 108
47 54
47 114
47 109
47 80
47 57
115 58
115 34
115 94
115 60
115 118
115 11
115 73
115 2
115 3
115 22
115 41
115 83
115 112
115 4
115 27
115 92
115 104
115 45
115 24
115 97
115 37
115 51
115 16
115 86
115 63
115 110
115 90
115 8
115 59
115 43
115 56
115 101
115 69
115 78
115 42
115 62
115 21
115 29
115 102
115 35
115 33
115 10
115 105
115 87
115 107
115 84
115 9
115 99
115 40
115 76
115 39
115 53
115 49
115 77
115 89
115 100
115 82
115 18
115 71
115 48
115 81
115 68
115 46
115 113
115 88
115 50
115 15
115 19
115 103
115 28
115 79
115 1
115 44
115 17
115 6
115 98
115 64
115 14
115 116
115 38
115 7
115 108
115 54
115 114
115 109
115 80
115 57
58 34
58 94
58 60
58 95
58 118
58 11
58 73
58 2
58 3
58 22
58 41
58 112
58 4
58 27
58 92
58 104
58 45
58 12
58 85
58 24
58 97
58 37
58 51
58 16
58 106
58 86
58 63
58 110
58 90
58 8
58 32
58 59
58 43
58 56
58 101
58 66
58 23
58 69
58 78
58 42
58 21
58 29
58 102
58 35
58 33
58 10
58 105
58 87
58 84
58 9
58 99
58 40
58 76
58 39
58 89
58 100
58 82
58 18
58 71
58 68
58 46
58 113
58 20
58 50
58 15
58 67
58 117
58 19
58 103
58 28
58 36
58 79
58 44
58 17
58 6
58 98
58 64
58 14
58 116
58 52
58 38
58 7
58 108
58 54
58 114
58 109
58 80
58 57
34 94
34 60
34 95
34 118
34 11
34 73
34 2
34 3
34 41
34 83
34 112
34 4
34 27
34 92
34 104
34 45
34 12
34 85
34 24
34 97
34 51
34 16
34 106
34 86
34 63
34 110
34 90
34 8
34 59
34 43
34 101
34 66
34 23
34 69
34 78
34 42
34 62
34 21
34 29
34 102
34 35
34 33
34 10
34 105
34 107
34 84
34 9
34 99
34 40
34 76
34 39
34 53
34 49
34 77
34 89
34 100
34 82
34 18
34 71
34 48
34 93
34 81
34 46
34 113
34 20
34 88
34 50
34 15
34 117
34 111
34 19
34 103
34 28
34 1
34 44
34 17
34 6
34 98
34 64
34 14
34 116
34 52
34 38
34 108
34 54
34 114
34 109
34 80
34 57
94 60
94 95
94 118
94 11
94 73
94 2
94 3
94 22
94 83
94 112
94 4
94 27
94 92
94 104
94 12
94 85
94 24
94 97
94 37
94 51
94 16
94 106
94 86
94 63
94 90
94 8
94 32
94 59
94 43
94 56
94 101
94 66
94 23
94 69
94 78
94 42
94 62
94 21
94 29
94 102
94 35
94 33
94 105
94 87
94 107
94 84
94 9
94 99
94 40
94 76
94 39
94 53
94 49
94 77
94 100
94 82
94 18
94 71
94 48
94 93
94 81
94 68
94 46
94 113
94 88
94 50
94 15
94 67
94 117
94 111
94 19
94 28
94 36
94 79
94 44
94 17
94 6
94 98
94 64
94 14
94 116
94 52
94 38
94 108
94 54
94 114
94 109
94 80
94 57
60 95
60 118
60 73
60 2
60 3
60 22
60 41
60 83
60 112
60 4
60 27
60 92
60 104
60 45
60 12
60 85
60 24
60 97
60 37
60 51
60 16
60 106
60 86
60 63
60 110
60 8
60 32
60 59
60 43
60 56
60 101
60 66
60 23
60 69
60 78
60 42
60 21
60 29
60 102
60 35
60 33
60 10
60 105
60 87
60 107
60 84
60 9
60 99
60 40
60 76
60 39
60 53
60 49
60 77
60 89
60 82
60 18
60 71
60 48
60 81
60 68
60 46
60 113
60 20
60 50
60 15
60 67
60 117
60 111
60 19
60 103
60 28
60 36
60 79
60 1
60 44
60 6
60 98
60 64
60 14
60 116
60 52
60 38
60 108
60 54
60 109
60 80
95 118
95 11
95 73
95 2
95 3
95 22
95 41
95 83
95 112
95 4
95 27
95 92
95 104
95 45
95 12
95 85
95 24
95 97
95 37
95 51
95 16
95 106
95 86
95 63
95 110
95 8
95 32
95 59
95 43
95 56
95 101
95 66
95 23
95 69
95 78
95 42
95 62
95 21
95 29
95 102
95 33
95 10
95 105
95 87
95 107
95 84
95 9
95 99
95 40
95 76
95 53
95 49
95 77
95 89
95 82
95 18
95 71
95 48
95 93
95 81
95 68
95 46
95 113
95 88
95 50
95 15
95 67
95 117
95 111
95 19
95 103
95 28
95 36
95 79
95 17
95 6
95 98
95 64
95 14
95 116
95 52
95 38
95 7
95 108
95 54
95 114
95 109
95 80
95 57
118 11
118 73
118 2
118 3
118 22
118 41
118 83
118 112
118 4
118 27
118 92
118 104
118 45
118 85
118 24
118 97
118 37
118 51
118 16
118 106
118 86
118 110
118 90
118 8
118 32
118 59
118 43
118 56
118 101
118 23
118 69
118 78
118 42
118 62
118 21
118 102
118 35
118 33
118 10
118 105
118 87
118 84
118 9
118 99
118 40
118 76
118 39
118 53
118 77
118 89
118 100
118 82
118 18
118 71
118 48
118 93
118 81
118 68
118 113
118 20
118 88
118 50
118 15
118 67
118 117
118 111
118 103
118 28
118 36
118 79
118 6
118 98
118 64
118 14
118 52
118 38
118 7
118 108
118 54
118 114
118 109
118 80
118 57
11 73
11 2
11 3
11 22
11 41
11 83
11 112
11 4
11 27
11 92
11 104
11 45
11 85
11 24
11 97
11 37
11 51
11 16
11 106
11 86
11 63
11 110
11 90
11 8
11 32
11 59
11 43
11 101
11 66
11 23
11 78
11 42
11 21
11 29
11 102
11 35
11 33
11 10
11 105
11 87
11 107
11 84
11 9
11 99
11 40
11 76
11 39
11 53
11 77
11 89
11 100
11 82
11 18
11 71
11 48
11 93
11 81
11 68
11 113
11 20
11 88
11 50
11 15
11 117
11 111
11 19
11 103
11 28
11 36
11 79
11 6
11 98
11 64
11 14
11 116
11 52
11 38
11 7
11 108
11 54
11 114
11 109
11 80
11 57
73 2
73 3
73 22
73 41
73 83
73 112
73 4
73 27
73 92
73 104
73 45
73 85
73 24
73 97
73 37
73 16
73 106
73 86
73 63
73 110
73 90
73 8
73 32
73 59
73 43
73 56
73 101
73 66
73 23
73 69
73 78
73 42
73 62
73 21
73 29
73 35
73 33
73 10
73 105
73 107
73 84
73 9
73 99
73 40
73 76
73 49
73 77
73 89
73 100
73 82
73 18
73 71
73 48
73 93
73 81
73 46
73 113
73 20
73 88
73 50
73 15
73 67
73 117
73 19
73 28
73 36
73 79
73 1
73 44
73 17
73 6
73 98
73 64
73 14
73 116
73 52
73 38
73 7
73 108
73 54
73 114
73 109
73 80
73 57
2 3
2 22
2 41
2 83
2 112
2 4
2 27
2 92
2 104
2 45
2 12
2 85
2 24
2 97
2 51
2 16
2 106
2 86
2 63
2 110
2 90
2 8
2 32
2 59
2 43
2 56
2 66
2 23
2 69
2 78
2 42
2 62
2 21
2 29
2 102
2 35
2 33
2 10
2 105
2 87
2 107
2 84
2 9
2 40
2 39
2 77
2 89
2 100
2 82
2 18
2 71
2 48
2 93
2 81
2 68
2 113
2 20
2 88
2 50
2 15
2 67
2 111
2 19
2 103
2 28
2 79
2 1
2 44
2 17
2 6
2 98
2 64
2 14
2 116
2 38
2 7
2 108
2 54
2 114
2 109
2 80
2 57
3 22
3 41
3 83
3 112
3 4
3 27
3 92
3 104
3 45
3 85
3 24
3 97
3 37
3 51
3 16
3 86
3 63
3 110
3 90
3 8
3 32
3 43
3 56
3 101
3 66
3 23
3 78
3 42
3 62
3 29
3 102
3 35
3 33
3 10
3 105
3 87
3 107
3 84
3 9
3 99
3 40
3 76
3 39
3 53
3 49
3 77
3 89
3 100
3 71
3 48
3 81
3 68
3 46
3 113
3 20
3 88
3 50
3 15
3 67
3 117
3 111
3 19
3 103
3 36
3 79
3 1
3 44
3 17
3 6
3 98
3 64
3 14
3 52
3 38
3 7
3 108
3 54
3 114
3 109
3 80
3 57
22 41
22 112
22 92
22 104
22 45
22 12
22 85
22 24
22 37
22 16
22 106
22 110
22 90
22 8
22 32
22 59
22 43
22 56
22 101
22 66
22 23
22 69
22 78
22 42
22 62
22 21
22 29
22 102
22 35
22 33
22 10
22 105
22 87
22 107
22 84
22 9
22 99
22 76
22 39
22 53
22 49
22 77
22 89
22 100
22 82
22 18
22 48
22 81
22 68
22 113
22 88
22 50
22 15
22 67
22 117
22 111
22 19
22 103
22 36
22 79
22 1
22 44
22 17
22 98
22 64
22 14
22 52
22 38
22 7
22 108
22 114
22 109
22 80
22 57
41 83
41 112
41 27
41 92
41 104
41 45
41 12
41 85
41 37
41 51
41 16
41 106
41 86
41 63
41 110
41 90
41 8
41 59
41 43
41 56
41 101
41 23
41 69
41 78
41 42
41 62
41 21
41 29
41 102
41 35
41 33
41 10
41 105
41 107
41 84
41 9
41 99
41 40
41 39
41 53
41 49
41 77
41 89
41 100
41 82
41 48
41 81
41 46
41 113
41 20
41 88
41 50
41 15
41 67
41 117
41 19
41 103
41 28
41 36
41 44
41 17
41 64
41 14
41 38
41 7
41 108
41 54
41 114
41 109
41 80
41 57
83 112
83 4
83 27
83 92
83 104
83 45
83 85
83 24
83 97
83 37
83 51
83 16
83 106
83 86
83 63
83 110
83 90
83 8
83 32
83 59
83 43
83 56
83 101
83 66
83 23
83 69
83 78
83 42
83 62
83 21
83 29
83 102
83 35
83 33
83 105
83 87
83 107
83 84
83 9
83 99
83 40
83 76
83 39
83 53
83 49
83 77
83 89
83 100
83 82
83 18
83 71
83 93
83 81
83 68
83 113
83 20
83 50
83 15
83 67
83 117
83 111
83 19
83 103
83 28
83 36
83 79
83 1
83 44
83 17
83 98
83 64
83 14
83 116
83 52
83 38
83 7
83 108
83 54
83 114
83 109
83 80
83 57
112 4
112 27
112 92
112 45
112 12
112 85
112 24
112 97
112 37
112 51
112 16
112 106
112 86
112 63
112 110
112 8
112 32
112 59
112 43
112 56
112 101
112 66
112 23
112 69
112 78
112 42
112 62
112 21
112 29
112 35
112 33
112 10
112 105
112 87
112 107
112 84
112 9
112 99
112 76
112 39
112 53
112 49
112 77
112 89
112 100
112 82
112 18
112 71
112 48
112 93
112 81
112 68
112 46
112 113
112 20
112 88
112 50
112 15
112 67
112 111
112 19
112 103
112 28
112 36
112 79
112 1
112 44
112 17
112 98
112 64
112 14
112 116
112 52
112 38
112 7
112 108
112 54
112 114
112 109
112 80
112 57
4 27
4 92
4 104
4 12
4 85
4 97
4 37
4 51
4 16
4 106
4 86
4 63
4 110
4 90
4 8
4 32
4 59
4 43
4 101
4 66
4 23
4 69
4 78
4 62
4 21
4 29
4 102
4 35
4 33
4 10
4 105
4 87
4 107
4 84
4 9
4 99
4 40
4 76
4 39
4 53
4 49
4 77
4 89
4 100
4 82
4 18
4 71
4 48
4 93
4 81
4 46
4 113
4 20
4 50
4 15
4 67
4 117
4 111
4 19
4 103
4 36
4 79
4 1
4 44
4 17
4 6
4 98
4 64
4 14
4 116
4 52
4 38
4 108
4 54
4 114
4 109
4 80
4 57
27 92
27 104
27 45
27 12
27 85
27 24
27 97
27 37
27 51
27 16
27 106
27 86
27 63
27 110
27 90
27 8
27 32
27 59
27 43
27 56
27 101
27 66
27 23
27 69
27 78
27 42
27 62
27 21
27 29
27 102
27 35
27 33
27 10
27 105
27 107
27 84
27 9
27 99
27 40
27 76
27 39
27 53
27 49
27 77
27 89
27 82
27 18
27 71
27 48
27 93
27 81
27 68
27 46
27 113
27 20
27 88
27 50
27 15
27 67
27 117
27 111
27 19
27 103
27 28
27 36
27 79
27 1
27 44
27 17
27 6
27 98
27 14
27 116
27 52
27 38
27 7
27 108
27 109
27 80
92 104
92 45
92 12
92 85
92 97
92 37
92 51
92 16
92 106
92 86
92 63
92 110
92 90
92 8
92 32
92 59
92 43
92 56
92 101
92 66
92 23
92 69
92 78
92 42
92 21
92 102
92 35
92 33
92 10
92 105
92 107
92 84
92 9
92 99
92 40
92 76
92 39
92 53
92 49
92 77
92 89
92 100
92 82
92 18
92 71
92 48
92 93
92 81
92 46
92 113
92 20
92 88
92 50
92 15
92 67
92 117
92 111
92 19
92 103
92 28
92 36
92 79
92 44
92 17
92 6
92 98
92 64
92 116
92 52
92 38
92 7
92 108
92 54
92 109
92 80
92 57
104 45
104 12
104 85
104 24
104 97
104 37
104 51
104 16
104 106
104 86
104 63
104 110
104 90
104 8
104 32
104 59
104 43
104 56
104 101
104 66
104 23
104 69
104 78
104 42
104 62
104 21
104 29
104 102
104 35
104 33
104 10
104 107
104 84
104 9
104 99
104 40
104 76
104 39
104 53
104 49
104 77
104 89
104 100
104 18
104 71
104 48
104 93
104 81
104 68
104 46
104 113
104 20
104 50
104 15
104 67
104 117
104 111
104 19
104 103
104 28
104 79
104 1
104 44
104 17
104 6
104 98
104 64
104 14
104 116
104 52
104 38
104 7
104 108
104 54
104 114
104 109
104 80
104 57
45 12
45 85
45 24
45 97
45 37
45 51
45 16
45 106
45 86
45 63
45 8
45 32
45 59
45 56
45 66
45 23
45 69
45 78
45 42
45 62
45 21
45 29
45 102
45 35
45 10
45 105
45 87
45 107
45 84
45 99
45 76
45 39
45 53
45 77
45 89
45 100
45 82
45 18
45 71
45 48
45 93
45 81
45 68
45 46
45 113
45 20
45 88
45 15
45 67
45 117
45 111
45 19
45 103
45 28
45 36
45 79
45 1
45 44
45 6
45 98
45 14
45 116
45 52
45 38
45 108
45 114
45 109
45 80
45 57
12 85
12 24
12 97
12 37
12 51
12 16
12 106
12 86
12 63
12 110
12 90
12 8
12 32
12 59
12 43
12 56
12 101
12 66
12 23
12 69
12 42
12 62
12 21
12 29
12 102
12 35
12 33
12 10
12 105
12 87
12 107
12 84
12 9
12 99
12 76
12 39
12 53
12 49
12 77
12 100
12 82
12 71
12 48
12 93
12 81
12 68
12 46
12 113
12 88
12 15
12 67
12 117
12 111
12 19
12 103
12 28
12 36
12 79
12 1
12 44
12 17
12 6
12 98
12 64
12 14
12 116
12 52
12 38
12 7
12 108
12 54
12 109
12 80
12 57
85 24
85 97
85 37
85 51
85 16
85 106
85 86
85 63
85 110
85 90
85 8
85 32
85 43
85 56
85 101
85 66
85 23
85 69
85 78
85 42
85 62
85 21
85 29
85 102
85 35
85 33
85 10
85 105
85 87
85 107
85 84
85 9
85 40
85 76
85 39
85 53
85 49
85 77
85 89
85 100
85 82
85 18
85 71
85 48
85 93
85 81
85 68
85 46
85 113
85 88
85 50
85 15
85 67
85 117
85 111
85 19
85 103
85 28
85 36
85 79
85 1
85 44
85 17
85 6
85 98
85 64
85 14
85 116
85 52
85 38
85 7
85 108
85 54
85 114
85 109
85 80
85 57
24 97
24 37
24 51
24 16
24 106
24 86
24 63
24 110
24 90
24 8
24 32
24 59
24 43
24 56
24 101
24 66
24 23
24 69
24 78
24 42
24 62
24 21
24 29
24 102
24 35
24 10
24 105
24 87
24 107
24 84
24 9
24 99
24 40
24 76
24 39
24 53
24 49
24 77
24 89
24 100
24 82
24 18
24 71
24 48
24 93
24 81
24 68
24 46
24 113
24 20
24 88
24 50
24 15
24 67
24 117
24 111
24 19
24 103
24 28
24 36
24 79
24 1
24 44
24 17
24 6
24 98
24 64
24 14
24 52
24 38
24 7
24 108
24 54
24 114
24 109
24 80
24 57
97 37
97 51
97 16
97 106
97 86
97 63
97 110
97 90
97 8
97 32
97 59
97 43
97 56
97 101
97 66
97 23
97 78
97 42
97 21
97 29
97 102
97 35
97 33
97 10
97 105
97 87
97 107
97 84
97 9
97 99
97 40
97 76
97 53
97 49
97 77
97 100
97 82
97 18
97 71
97 48
97 93
97 81
97 68
97 46
97 113
97 20
97 88
97 50
97 67
97 117
97 111
97 103
97 28
97 36
97 79
97 1
97 44
97 17
97 6
97 98
97 64
97 14
97 52
97 54
97 109
97 80
97 57
37 51
37 16
37 106
37 63
37 110
37 90
37 8
37 32
37 59
37 43
37 101
37 66
37 23
37 69
37 78
37 42
37 62
37 21
37 29
37 102
37 35
37 33
37 10
37 105
37 87
37 107
37 9
37 99
37 40
37 76
37 39
37 53
37 49
37 77
37 100
37 82
37 18
37 71
37 48
37 93
37 81
37 68
37 46
37 88
37 50
37 15
37 117
37 111
37 19
37 103
37 28
37 36
37 79
37 1
37 44
37 17
37 6
37 98
37 64
37 14
37 116
37 52
37 38
37 7
37 108
37 54
37 114
37 109
37 80
37 57
51 16
51 106
51 86
51 63
51 110
51 90
51 59
51 43
51 56
51 101
51 66
51 23
51 69
51 78
51 42
51 62
51 21
51 29
51 102
51 35
51 33
51 10
51 87
51 107
51 84
51 99
51 40
51 76
51 39
51 53
51 49
51 77
51 89
51 100
51 82
51 71
51 48
51 93
51 81
51 68
51 46
51 113
51 88
51 50
51 15
51 67
51 117
51 111
51 19
51 103
51 36
51 79
51 1
51 44
51 17
51 6
51 98
51 64
51 14
51 116
51 52
51 38
51 7
51 108
51 54
51 114
51 109
51 80
51 57
16 106
16 86
16 63
16 110
16 90
16 8
16 32
16 59
16 43
16 101
16 66
16 23
16 69
16 78
16 42
16 62
16 21
16 29
16 102
16 35
16 10
16 105
16 87
16 107
16 84
16 9
16 99
16 40
16 76
16 39
16 53
16 49
16 77
16 82
16 18
16 71
16 48
16 93
16 81
16 68
16 46
16 20
16 88
16 50
16 15
16 67
16 117
16 111
16 103
16 28
16 36
16 79
16 44
16 17
16 6
16 98
16 64
16 14
16 116
16 52
16 38
16 7
16 108
16 54
16 114
16 109
16 80
16 57
106 86
106 90
106 8
106 32
106 59
106 43
106 56
106 101
106 66
106 23
106 69
106 78
106 42
106 62
106 21
106 29
106 102
106 35
106 33
106 105
106 87
106 107
106 9
106 99
106 40
106 76
106 39
106 53
106 49
106 77
106 89
106 100
106 82
106 18
106 71
106 48
106 81
106 68
106 113
106 20
106 88
106 50
106 15
106 67
106 117
106 111
106 19
106 103
106 28
106 36
106 79
106 1
106 44
106 17
106 6
106 98
106 64
106 116
106 52
106 38
106 7
106 114
106 109
106 80
106 57
86 63
86 110
86 90
86 8
86 32
86 59
86 43
86 101
86 66
86 23
86 69
86 78
86 42
86 62
86 21
86 29
86 102
86 35
86 33
86 10
86 105
86 87
86 107
86 84
86 9
86 99
86 76
86 39
86 49
86 77
86 89
86 100
86 18
86 71
86 48
86 93
86 81
86 68
86 46
86 113
86 20
86 88
86 50
86 15
86 67
86 117
86 111
86 19
86 103
86 28
86 36
86 1
86 17
86 6
86 98
86 64
86 116
86 52
86 38
86 7
86 108
86 54
86 109
86 80
86 57
63 110
63 90
63 8
63 32
63 59
63 56
63 66
63 23
63 42
63 62
63 21
63 29
63 102
63 35
63 33
63 10
63 87
63 107
63 84
63 9
63 99
63 40
63 76
63 39
63 53
63 49
63 77
63 89
63 100
63 82
63 18
63 71
63 48
63 93
63 81
63 68
63 46
63 113
63 20
63 88
63 50
63 15
63 67
63 117
63 111
63 19
63 103
63 28
63 36
63 79
63 1
63 44
63 17
63 6
63 98
63 14
63 116
63 52
63 38
63 7
63 108
63 114
63 80
63 57
110 90
110 8
110 59
110 43
110 101
110 66
110 69
110 78
110 42
110 62
110 21
110 29
110 102
110 35
110 33
110 10
110 87
110 107
110 84
110 9
110 99
110 40
110 76
110 39
110 49
110 77
110 89
110 100
110 82
110 18
110 71
110 48
110 93
110 81
110 68
110 113
110 20
110 88
110 50
110 15
110 67
110 117
110 111
110 19
110 103
110 28
110 36
110 79
110 1
110 44
110 6
110 64
110 14
110 116
110 52
110 38
110 7
110 54
110 114
110 109
110 80
110 57
90 8
90 32
90 59
90 43
90 56
90 101
90 66
90 23
90 69
90 78
90 62
90 21
90 29
90 102
90 35
90 33
90 10
90 105
90 87
90 107
90 84
90 9
90 40
90 76
90 39
90 53
90 49
90 77
90 89
90 100
90 82
90 18
90 71
90 48
90 93
90 81
90 68
90 46
90 113
90 20
90 88
90 50
90 15
90 67
90 117
90 111
90 19
90 103
90 28
90 36
90 79
90 1
90 44
90 17
90 6
90 14
90 116
90 52
90 38
90 7
90 54
90 114
90 109
90 57
8 32
8 66
8 23
8 69
8 78
8 42
8 62
8 21
8 29
8 102
8 35
8 10
8 105
8 87
8 107
8 84
8 9
8 99
8 40
8 76
8 39
8 53
8 49
8 77
8 89
8 100
8 82
8 71
8 48
8 93
8 81
8 68
8 113
8 88
8 50
8 15
8 67
8 117
8 111
8 19
8 103
8 28
8 36
8 1
8 44
8 17
8 98
8 64
8 116
8 52
8 38
8 108
8 54
8 114
8 109
8 80
8 57
32 59
32 43
32 56
32 101
32 66
32 23
32 69
32 78
32 42
32 62
32 21
32 29
32 102
32 35
32 10
32 105
32 87
32 107
32 84
32 9
32 99
32 76
32 39
32 53
32 49
32 77
32 89
32 100
32 82
32 18
32 71
32 48
32 93
32 68
32 46
32 113
32 88
32 50
32 67
32 117
32 111
32 19
32 103
32 28
32 36
32 79
32 1
32 44
32 17
32 6
32 98
32 64
32 14
32 116
32 52
32 38
32 7
32 108
32 114
32 109
32 80
32 57
59 56
59 101
59 66
59 23
59 69
59 42
59 62
59 21
59 29
59 102
59 35
59 33
59 87
59 107
59 9
59 99
59 40
59 76
59 39
59 53
59 49
59 77
59 89
59 100
59 82
59 18
59 48
59 93
59 81
59 68
59 46
59 113
59 20
59 88
59 50
59 15
59 67
59 117
59 111
59 19
59 28
59 36
59 79
59 1
59 44
59 17
59 6
59 98
59 64
59 14
59 116
59 52
59 38
59 108
59 54
59 114
59 109
59 80
59 57
43 56
43 101
43 23
43 69
43 78
43 42
43 62
43 21
43 29
43 102
43 35
43 33
43 105
43 87
43 107
43 84
43 9
43 99
43 40
43 76
43 39
43 53
43 49
43 77
43 89
43 100
43 82
43 18
43 71
43 48
43 93
43 81
43 68
43 46
43 113
43 20
43 88
43 50
43 15
43 111
43 19
43 103
43 28
43 36
43 79
43 1
43 17
43 6
43 98
43 64
43 116
43 52
43 38
43 108
43 114
43 109
43 80
43 57
56 101
56 66
56 69
56 42
56 62
56 21
56 29
56 102
56 35
56 10
56 105
56 107
56 84
56 9
56 99
56 40
56 76
56 39
56 53
56 49
56 77
56 89
56 100
56 82
56 18
56 48
56 93
56 81
56 68
56 46
56 113
56 88
56 50
56 15
56 67
56 117
56 111
56 19
56 103
56 28
56 36
56 79
56 1
56 44
56 17
56 98
56 14
56 116
56 52
56 38
56 7
56 54
56 114
56 109
56 80
56 57
101 66
101 23
101 69
101 42
101 62
101 21
101 29
101 33
101 10
101 87
101 107
101 84
101 9
101 99
101 40
101 76
101 39
101 49
101 77
101 89
101 100
101 82
101 18
101 71
101 48
101 93
101 81
101 68
101 113
101 20
101 88
101 50
101 15
101 67
101 117
101 111
101 19
101 103
101 28
101 36
101 1
101 44
101 17
101 6
101 98
101 14
101 116
101 52
101 38
101 7
101 108
101 54
101 114
101 109
101 80
101 57
66 23
66 69
66 78
66 42
66 62
66 21
66 29
66 102
66 33
66 10
66 105
66 87
66 107
66 84
66 9
66 40
66 76
66 39
66 53
66 49
66 77
66 89
66 100
66 82
66 18
66 71
66 48
66 93
66 81
66 68
66 46
66 113
66 20
66 88
66 50
66 15
66 67
66 117
66 111
66 19
66 103
66 28
66 36
66 79
66 1
66 44
66 17
66 6
66 98
66 64
66 14
66 116
66 52
66 38
66 7
66 108
66 54
66 114
66 109
66 57
23 69
23 78
23 42
23 62
23 21
23 29
23 102
23 35
23 33
23 10
23 105
23 87
23 84
23 9
23 99
23 40
23 76
23 39
23 53
23 49
23 77
23 89
23 100
23 82
23 18
23 71
23 48
23 93
23 81
23 68
23 46
23 113
23 20
23 88
23 50
23 15
23 67
23 117
23 111
23 19
23 103
23 36
23 79
23 1
23 17
23 6
23 64
23 116
23 52
23 38
23 7
23 108
23 54
23 114
23 109
23 80
23 57
69 78
69 42
69 62
69 21
69 29
69 102
69 35
69 33
69 10
69 105
69 87
69 107
69 84
69 9
69 99
69 40
69 76
69 39
69 49
69 89
69 100
69 82
69 18
69 71
69 48
69 93
69 81
69 68
69 46
69 113
69 20
69 88
69 50
69 15
69 67
69 117
69 19
69 103
69 28
69 36
69 79
69 1
69 17
69 6
69 98
69 64
69 14
69 116
69 52
69 38
69 7
69 108
69 54
69 114
69 109
69 80
69 57
78 42
78 62
78 21
78 29
78 102
78 35
78 33
78 10
78 105
78 87
78 107
78 84
78 9
78 99
78 40
78 76
78 39
78 53
78 49
78 77
78 100
78 18
78 71
78 48
78 93
78 68
78 46
78 113
78 20
78 88
78 15
78 67
78 117
78 111
78 19
78 103
78 28
78 36
78 79
78 1
78 44
78 17
78 6
78 98
78 64
78 14
78 116
78 52
78 38
78 7
78 108
78 54
78 114
78 109
78 80
78 57
42 62
42 21
42 29
42 102
42 35
42 10
42 105
42 87
42 107
42 84
42 9
42 99
42 40
42 39
42 53
42 49
42 77
42 89
42 82
42 18
42 71
42 48
42 93
42 81
42 113
42 88
42 50
42 15
42 67
42 117
42 111
42 19
42 103
42 28
42 36
42 79
42 1
42 44
42 17
42 6
42 98
42 64
42 14
42 116
42 52
42 38
42 7
42 54
42 114
42 80
42 57
62 21
62 29
62 102
62 35
62 10
62 105
62 87
62 107
62 84
62 9
62 40
62 39
62 53
62 49
62 77
62 89
62 100
62 82
62 18
62 71
62 48
62 93
62 81
62 68
62 46
62 113
62 20
62 88
62 50
62 15
62 67
62 117
62 111
62 19
62 28
62 36
62 79
62 1
62 17
62 98
62 64
62 14
62 52
62 38
62 108
62 54
62 114
62 109
62 80
62 57
21 29
21 102
21 35
21 33
21 10
21 105
21 87
21 84
21 9
21 99
21 40
21 39
21 53
21 49
21 77
21 89
21 100
21 82
21 18
21 48
21 93
21 81
21 68
21 46
21 113
21 20
21 88
21 50
21 15
21 67
21 111
21 19
21 103
21 28
21 1
21 44
21 17
21 6
21 98
21 64
21 14
21 116
21 52
21 7
21 108
21 54
21 114
21 109
21 57
29 102
29 35
29 33
29 10
29 105
29 87
29 107
29 84
29 9
29 99
29 40
29 76
29 39
29 53
29 49
29 77
29 89
29 100
29 82
29 18
29 71
29 48
29 93
29 81
29 68
29 46
29 113
29 20
29 88
29 50
29 15
29 67
29 117
29 111
29 19
29 103
29 28
29 36
29 79
29 1
29 17
29 6
29 98
29 64
29 14
29 116
29 52
29 38
29 7
29 108
29 114
29 109
29 80
102 33
102 10
102 105
102 107
102 84
102 9
102 99
102 40
102 39
102 53
102 49
102 89
102 100
102 82
102 18
102 71
102 48
102 93
102 81
102 68
102 46
102 113
102 20
102 88
102 15
102 67
102 117
102 111
102 19
102 103
102 28
102 36
102 79
102 1
102 44
102 17
102 6
102 98
102 64
102 14
102 116
102 52
102 38
102 7
102 54
102 114
102 109
102 80
102 57
35 33
35 10
35 87
35 107
35 84
35 9
35 99
35 40
35 76
35 39
35 53
35 49
35 77
35 89
35 100
35 18
35 71
35 48
35 93
35 81
35 46
35 113
35 20
35 88
35 50
35 15
35 67
35 117
35 111
35 19
35 103
35 28
35 36
35 79
35 1
35 17
35 6
35 98
35 64
35 14
35 116
35 52
35 38
35 7
35 108
35 54
35 114
35 109
35 80
35 57
33 10
33 105
33 107
33 84
33 9
33 99
33 76
33 39
33 53
33 49
33 77
33 89
33 100
33 82
33 18
33 71
33 93
33 81
33 68
33 46
33 113
33 20
33 88
33 50
33 15
33 117
33 111
33 19
33 103
33 28
33 36
33 79
33 1
33 44
33 17
33 6
33 98
33 14
33 116
33 52
33 38
33 7
33 108
33 54
33 114
33 109
33 57
10 105
10 87
10 107
10 84
10 9
10 99
10 76
10 39
10 53
10 49
10 77
10 89
10 100
10 82
10 18
10 71
10 48
10 93
10 81
10 46
10 113
10 20
10 88
10 15
10 67
10 117
10 111
10 19
10 103
10 79
10 1
10 44
10 17
10 6
10 98
10 64
10 14
10 116
10 52
10 38
10 7
10 108
10 54
10 114
10 109
10 80
10 57
105 87
105 107
105 84
105 99
105 40
105 76
105 39
105 53
105 49
105 77
105 100
105 82
105 18
105 71
105 48
105 93
105 68
105 46
105 113
105 20
105 88
105 50
105 15
105 67
105 117
105 19
105 28
105 36
105 79
105 1
105 17
105 6
105 98
105 64
105 14
105 116
105 52
105 38
105 54
105 114
105 80
105 57
87 107
87 84
87 9
87 99
87 40
87 39
87 53
87 49
87 77
87 89
87 100
87 18
87 71
87 48
87 81
87 68
87 46
87 113
87 20
87 88
87 50
87 15
87 67
87 117
87 19
87 28
87 36
87 79
87 1
87 44
87 17
87 6
87 98
87 64
87 14
87 116
87 52
87 7
87 108
87 54
87 114
87 80
87 57
107 84
107 9
107 99
107 76
107 39
107 53
107 49
107 77
107 89
107 100
107 82
107 18
107 71
107 48
107 93
107 81
107 68
107 46
107 20
107 88
107 50
107 15
107 67
107 117
107 111
107 19
107 103
107 28
107 36
107 44
107 17
107 6
107 98
107 64
107 14
107 116
107 52
107 7
107 108
107 54
107 114
107 109
107 80
107 57
84 9
84 40
84 39
84 53
84 100
84 82
84 18
84 71
84 48
84 93
84 81
84 68
84 46
84 113
84 20
84 88
84 50
84 15
84 67
84 117
84 111
84 19
84 103
84 28
84 36
84 79
84 1
84 44
84 17
84 6
84 98
84 64
84 14
84 52
84 38
84 7
84 108
84 54
84 80
84 57
9 99
9 40
9 76
9 39
9 53
9 49
9 77
9 89
9 100
9 82
9 18
9 93
9 81
9 68
9 46
9 113
9 20
9 88
9 50
9 15
9 67
9 111
9 19
9 103
9 28
9 36
9 79
9 1
9 17
9 6
9 98
9 64
9 14
9 116
9 52
9 38
9 108
9 54
9 114
9 109
9 80
9 57
99 40
99 76
99 39
99 53
99 49
99 77
99 100
99 82
99 18
99 71
99 48
99 93
99 81
99 68
99 46
99 113
99 20
99 88
99 50
99 15
99 67
99 117
99 111
99 19
99 103
99 28
99 36
99 79
99 1
99 44
99 17
99 98
99 64
99 116
99 52
99 38
99 7
99 108
99 54
99 114
99 109
99 80
99 57
40 76
40 39
40 53
40 49
40 77
40 89
40 100
40 71
40 48
40 93
40 81
40 68
40 46
40 113
40 20
40 88
40 50
40 15
40 67
40 117
40 111
40 19
40 103
40 28
40 79
40 1
40 44
40 17
40 6
40 98
40 64
40 14
40 116
40 52
40 38
40 7
40 108
40 54
40 114
40 109
40 80
76 39
76 53
76 49
76 77
76 89
76 82
76 71
76 48
76 93
76 81
76 68
76 46
76 113
76 20
76 88
76 50
76 15
76 67
76 117
76 111
76 19
76 103
76 36
76 79
76 44
76 17
76 6
76 98
76 64
76 14
76 116
76 52
76 38
76 7
76 108
76 54
76 114
76 109
76 80
39 53
39 49
39 77
39 89
39 100
39 82
39 18
39 48
39 93
39 81
39 68
39 46
39 113
39 20
39 88
39 50
39 15
39 67
39 117
39 111
39 19
39 103
39 28
39 36
39 79
39 1
39 44
39 17
39 6
39 98
39 64
39 14
39 116
39 38
39 7
39 54
39 114
39 109
39 80
39 57
53 49
53 89
53 100
53 82
53 18
53 71
53 48
53 93
53 81
53 68
53 46
53 113
53 20
53 88
53 50
53 15
53 117
53 111
53 19
53 28
53 36
53 79
53 1
53 44
53 17
53 6
53 98
53 64
53 116
53 52
53 38
53 7
53 108
53 54
53 114
53 109
53 80
53 57
49 77
49 89
49 100
49 82
49 18
49 71
49 48
49 81
49 68
49 46
49 113
49 20
49 88
49 50
49 15
49 67
49 117
49 111
49 19
49 103
49 28
49 36
49 79
49 44
49 17
49 6
49 98
49 14
49 116
49 52
49 38
49 7
49 108
49 54
49 114
49 109
49 80
49 57
77 89
77 100
77 18
77 48
77 81
77 68
77 46
77 113
77 20
77 88
77 50
77 15
77 117
77 111
77 19
77 103
77 28
77 36
77 79
77 1
77 44
77 17
77 6
77 98
77 64
77 14
77 116
77 52
77 38
77 7
77 108
77 114
77 109
77 80
77 57
89 100
89 82
89 18
89 71
89 48
89 93
89 81
89 68
89 46
89 113
89 20
89 88
89 50
89 15
89 117
89 111
89 19
89 103
89 28
89 36
89 79
89 1
89 44
89 17
89 6
89 98
89 64
89 14
89 116
89 52
89 38
89 7
89 108
89 54
89 114
89 109
89 80
89 57
100 82
100 18
100 71
100 48
100 93
100 81
100 46
100 113
100 20
100 88
100 50
100 15
100 67
100 117
100 111
100 19
100 103
100 28
100 79
100 1
100 44
100 17
100 6
100 98
100 64
100 14
100 116
100 52
100 38
100 7
100 108
100 54
100 114
100 109
100 80
100 57
82 18
82 48
82 93
82 81
82 68
82 46
82 113
82 20
82 88
82 50
82 15
82 67
82 117
82 111
82 19
82 103
82 28
82 79
82 1
82 44
82 17
82 6
82 98
82 64
82 14
82 116
82 52
82 7
82 108
82 54
82 114
82 109
82 80
82 57
18 71
18 48
18 93
18 81
18 68
18 46
18 113
18 20
18 50
18 15
18 67
18 117
18 111
18 19
18 28
18 36
18 79
18 1
18 44
18 17
18 6
18 98
18 64
18 14
18 116
18 52
18 7
18 108
18 54
18 114
18 109
18 80
18 57
71 48
71 93
71 81
71 68
71 46
71 113
71 20
71 88
71 50
71 15
71 67
71 117
71 111
71 19
71 103
71 28
71 36
71 79
71 1
71 44
71 17
71 6
71 98
71 64
71 14
71 116
71 52
71 38
71 108
71 54
71 114
71 109
71 80
71 57
48 93
48 81
48 68
48 46
48 113
48 20
48 50
48 15
48 67
48 117
48 111
48 19
48 103
48 28
48 36
48 79
48 1
48 44
48 17
48 6
48 14
48 116
48 52
48 7
48 108
48 54
48 114
48 109
48 80
48 57
93 81
93 68
93 46
93 20
93 88
93 50
93 15
93 67
93 117
93 111
93 19
93 103
93 28
93 36
93 1
93 44
93 17
93 6
93 98
93 64
93 14
93 116
93 52
93 38
93 108
93 54
93 109
93 80
93 57
81 68
81 46
81 113
81 88
81 50
81 15
81 67
81 117
81 19
81 103
81 28
81 36
81 79
81 1
81 44
81 17
81 6
81 64
81 14
81 116
81 52
81 38
81 7
81 108
81 54
81 114
81 109
81 80
81 57
68 46
68 113
68 20
68 88
68 50
68 15
68 67
68 117
68 111
68 19
68 28
68 36
68 79
68 1
68 44
68 17
68 6
68 98
68 64
68 14
68 116
68 52
68 38
68 7
68 108
68 54
68 114
68 109
68 80
68 57
46 113
46 20
46 88
46 50
46 15
46 67
46 117
46 111
46 19
46 28
46 36
46 79
46 44
46 17
46 6
46 98
46 64
46 116
46 52
46 38
46 7
46 108
46 54
46 114
46 109
46 80
46 57
113 20
113 88
113 50
113 15
113 67
113 111
113 19
113 28
113 36
113 79
113 1
113 44
113 17
113 6
113 64
113 14
113 38
113 7
113 108
113 114
113 109
113 80
113 57
20 88
20 15
20 67
20 111
20 19
20 103
20 28
20 36
20 79
20 1
20 44
20 17
20 6
20 98
20 64
20 14
20 116
20 52
20 7
20 108
20 54
20 114
20 109
20 80
20 57
88 50
88 15
88 67
88 117
88 111
88 19
88 103
88 28
88 36
88 79
88 1
88 44
88 17
88 6
88 98
88 64
88 14
88 116
88 52
88 38
88 7
88 108
88 54
88 114
88 109
88 80
88 57
50 15
50 67
50 117
50 111
50 28
50 79
50 1
50 44
50 17
50 6
50 98
50 14
50 116
50 52
50 38
50 7
50 108
50 54
50 114
50 109
50 80
50 57
15 67
15 111
15 19
15 103
15 28
15 36
15 79
15 1
15 44
15 17
15 6
15 98
15 64
15 14
15 116
15 52
15 7
15 108
15 54
15 114
15 109
15 80
15 57
67 117
67 111
67 19
67 103
67 28
67 36
67 79
67 1
67 44
67 17
67 6
67 98
67 64
67 14
67 116
67 52
67 38
67 7
67 108
67 54
67 114
67 109
67 80
67 57
117 111
117 19
117 103
117 28
117 36
117 79
117 1
117 44
117 17
117 6
117 98
117 14
117 116
117 38
117 7
117 108
117 54
117 114
117 109
117 80
117 57
111 19
111 103
111 28
111 36
111 1
111 44
111 17
111 6
111 98
111 64
111 14
111 116
111 52
111 38
111 7
111 108
111 54
111 114
111 109
111 80
111 57
19 103
19 28
19 36
19 79
19 1
19 44
19 17
19 6
19 98
19 64
19 14
19 116
19 52
19 38
19 108
19 54
19 114
19 109
19 80
19 57
103 28
103 36
103 1
103 44
103 17
103 6
103 64
103 14
103 116
103 52
103 38
103 7
103 108
103 54
103 114
103 109
103 80
103 57
28 36
28 79
28 1
28 44
28 17
28 6
28 64
28 14
28 116
28 38
28 7
28 108
28 114
28 109
28 80
28 57
36 79
36 1
36 44
36 17
36 6
36 98
36 64
36 14
36 116
36 52
36 38
36 7
36 108
36 54
36 114
36 109
36 80
36 57
79 1
79 44
79 17
79 6
79 98
79 64
79 14
79 116
79 52
79 38
79 7
79 108
79 54
79 114
79 109
79 57
1 44
1 17
1 6
1 98
1 64
1 14
1 116
1 52
1 38
1 7
1 108
1 114
1 109
1 80
1 57
44 17
44 6
44 98
44 64
44 14
44 116
44 52
44 38
44 7
44 108
44 54
44 109
44 80
44 57
17 6
17 98
17 64
17 14
17 116
17 52
17 38
17 7
17 108
17 54
17 114
17 109
17 80
17 57
6 98
6 64
6 14
6 116
6 52
6 38
6 7
6 108
6 54
6 114
6 109
6 80
6 57
98 64
98 14
98 52
98 38
98 7
98 108
98 54
98 114
98 109
98 80
98 57
64 116
64 52
64 38
64 108
64 54
64 114
64 80
64 57
14 116
14 52
14 38
14 7
14 108
14 54
14 114
14 109
14 80
14 57
116 52
116 7
116 108
116 54
116 114
116 109
116 57
52 108
52 54
52 114
52 109
52 80
52 57
38 7
38 108
38 54
38 114
38 109
38 80
7 108
7 54
7 114
7 109
7 80
7 57
108 54
108 114
108 109
108 80
108 57
54 109
54 80
54 57
114 109
114 80
114 57
109 80
109 57
80 57
