*verties 108
78
4
20
19
67
42
66
14
109
92
119
41
10
30
90
51
0
31
75
108
52
17
56
113
57
73
25
16
93
96
63
60
24
23
118
33
7
61
5
1
64
28
11
53
40
35
43
91
9
98
44
95
85
110
15
114
65
58
116
111
3
8
106
82
55
104
34
102
26
45
100
29
32
36
88
59
49
48
97
18
27
80
2
12
76
117
38
79
101
84
94
72
112
86
54
83
21
22
115
47
69
6
62
99
68
71
70
74
*edges 
78 67
78 42
78 14
78 90
78 73
78 16
78 93
78 63
78 24
78 23
78 11
78 35
78 98
78 85
78 65
78 3
78 106
78 104
78 45
78 100
78 36
78 59
78 97
78 117
78 84
78 86
78 83
78 21
78 62
78 99
4 67
4 30
4 113
4 25
4 93
4 24
4 118
4 15
4 111
4 82
4 55
4 34
4 102
4 18
4 117
4 38
4 79
4 72
4 22
4 115
4 68
20 92
20 30
20 52
20 17
20 25
20 11
20 98
20 95
20 85
20 114
20 3
20 106
20 55
20 45
20 36
20 88
20 27
20 80
20 79
20 72
20 86
20 54
20 21
20 115
20 47
20 74
19 42
19 10
19 30
19 90
19 51
19 56
19 113
19 96
19 63
19 24
19 33
19 61
19 64
19 28
19 91
19 9
19 98
19 95
19 85
19 15
19 114
19 26
19 45
19 36
19 88
19 49
19 97
19 27
19 2
19 76
19 38
19 6
19 70
67 66
67 75
67 56
67 118
67 33
67 5
67 1
67 11
67 53
67 43
67 91
67 9
67 98
67 15
67 111
67 8
67 82
67 34
67 26
67 32
67 97
67 2
67 117
67 38
67 101
67 94
67 72
67 112
67 86
67 54
67 22
67 62
67 68
42 66
42 92
42 0
42 108
42 17
42 57
42 60
42 24
42 53
42 40
42 91
42 98
42 85
42 58
42 55
42 26
42 29
42 97
42 18
42 80
42 2
42 38
42 72
42 115
42 99
42 71
42 74
66 92
66 119
66 51
66 0
66 73
66 11
66 53
66 40
66 91
66 85
66 58
66 8
66 104
66 26
66 36
66 88
66 80
66 38
66 112
66 6
66 99
14 109
14 17
14 57
14 63
14 5
14 1
14 28
14 11
14 40
14 91
14 58
14 106
14 55
14 104
14 48
14 2
14 54
14 74
109 92
109 41
109 75
109 108
109 57
109 25
109 16
109 23
109 5
109 28
109 11
109 95
109 110
109 58
109 82
109 104
109 45
109 100
109 32
109 18
109 27
109 2
109 38
109 94
109 112
109 69
109 6
109 99
109 71
109 74
92 10
92 108
92 17
92 25
92 60
92 24
92 23
92 118
92 5
92 11
92 35
92 44
92 110
92 58
92 111
92 3
92 82
92 55
92 26
92 80
92 2
92 76
92 79
92 101
92 84
92 72
92 83
92 21
92 47
92 69
92 71
92 70
119 10
119 90
119 96
119 24
119 118
119 61
119 1
119 40
119 43
119 9
119 44
119 85
119 116
119 111
119 106
119 26
119 45
119 32
119 27
119 94
119 72
119 83
119 21
119 68
119 70
119 74
41 30
41 31
41 75
41 56
41 25
41 93
41 96
41 53
41 44
41 85
41 58
41 82
41 34
41 100
41 59
41 49
41 97
41 2
41 101
41 21
41 22
41 69
41 70
10 90
10 113
10 16
10 93
10 96
10 118
10 33
10 61
10 11
10 95
10 110
10 116
10 55
10 34
10 26
10 48
10 80
10 117
10 22
10 47
10 69
30 75
30 25
30 63
30 24
30 7
30 40
30 35
30 44
30 8
30 106
30 104
30 45
30 18
30 86
30 115
30 47
30 69
90 31
90 52
90 16
90 93
90 63
90 118
90 5
90 11
90 53
90 40
90 91
90 85
90 110
90 15
90 3
90 55
90 34
90 36
90 59
90 2
90 38
90 79
90 94
90 112
90 83
90 21
90 22
90 115
90 47
90 62
90 71
51 0
51 113
51 73
51 16
51 93
51 96
51 60
51 7
51 61
51 64
51 40
51 58
51 116
51 106
51 100
51 59
51 97
51 18
51 6
0 17
0 56
0 57
0 16
0 93
0 63
0 23
0 1
0 53
0 40
0 43
0 44
0 85
0 65
0 3
0 104
0 45
0 100
0 88
0 2
0 38
0 79
0 84
0 72
0 112
0 86
0 21
0 22
0 47
0 70
31 25
31 96
31 24
31 7
31 61
31 64
31 43
31 91
31 44
31 85
31 116
31 82
31 55
31 104
31 34
31 88
31 97
31 18
31 2
31 12
31 76
31 117
31 38
31 84
31 83
31 21
31 115
31 70
75 52
75 73
75 96
75 63
75 64
75 9
75 98
75 58
75 116
75 111
75 8
75 106
75 34
75 102
75 26
75 100
75 29
75 32
75 36
75 38
75 72
75 86
75 21
75 22
75 47
75 69
75 6
75 71
108 17
108 57
108 16
108 93
108 23
108 118
108 7
108 95
108 114
108 58
108 26
108 100
108 88
108 59
108 49
108 18
108 27
108 94
108 115
108 47
108 69
108 6
52 23
52 118
52 11
52 40
52 43
52 98
52 114
52 8
52 102
52 45
52 36
52 59
52 48
52 97
52 2
52 83
52 22
52 115
52 68
52 71
17 60
17 61
17 53
17 35
17 91
17 95
17 8
17 82
17 45
17 49
17 97
17 38
17 79
17 84
17 72
17 54
17 115
17 62
17 71
17 70
56 57
56 73
56 93
56 60
56 23
56 61
56 9
56 58
56 106
56 29
56 2
56 76
56 38
56 101
56 86
113 23
113 118
113 1
113 53
113 43
113 91
113 98
113 44
113 110
113 58
113 116
113 8
113 26
113 45
113 27
113 80
113 117
113 79
113 115
113 69
113 62
113 74
57 73
57 93
57 28
57 11
57 91
57 9
57 44
57 85
57 110
57 114
57 106
57 32
57 36
57 27
57 76
57 38
57 54
57 47
57 74
73 16
73 93
73 63
73 23
73 7
73 91
73 95
73 85
73 15
73 116
73 106
73 82
73 104
73 100
73 29
73 88
73 49
73 76
73 84
73 86
73 54
73 69
73 68
73 71
73 74
25 93
25 24
25 23
25 33
25 5
25 1
25 53
25 40
25 91
25 110
25 58
25 116
25 106
25 82
25 49
25 97
25 80
25 12
25 86
25 47
25 62
16 93
16 63
16 33
16 5
16 35
16 44
16 15
16 65
16 116
16 111
16 3
16 106
16 55
16 104
16 32
16 12
16 38
16 101
16 72
16 83
16 22
16 69
16 6
16 62
16 68
93 60
93 118
93 33
93 64
93 28
93 44
93 95
93 58
93 3
93 82
93 55
93 45
93 29
93 36
93 80
93 79
93 101
93 72
93 22
93 62
96 24
96 118
96 7
96 1
96 11
96 91
96 44
96 95
96 58
96 8
96 82
96 104
96 26
96 45
96 49
96 101
96 94
96 72
96 83
63 118
63 33
63 61
63 5
63 53
63 98
63 15
63 82
63 34
63 100
63 59
63 97
63 27
63 80
63 76
63 112
63 86
60 24
60 7
60 1
60 64
60 28
60 11
60 40
60 35
60 91
60 44
60 110
60 114
60 3
60 8
60 34
60 45
60 32
60 48
60 18
60 101
60 84
60 112
60 21
60 47
60 6
60 62
60 99
60 74
24 11
24 53
24 43
24 55
24 104
24 102
24 26
24 45
24 29
24 32
24 36
24 88
24 59
24 49
24 48
24 27
24 76
24 117
24 94
24 21
24 99
23 7
23 53
23 40
23 111
23 3
23 8
23 82
23 104
23 36
23 49
23 27
23 2
23 76
23 86
23 21
23 69
23 74
118 7
118 11
118 95
118 110
118 58
118 8
118 106
118 82
118 45
118 76
118 94
118 47
118 68
33 40
33 35
33 43
33 15
33 65
33 58
33 45
33 49
33 80
33 76
33 84
33 94
33 62
33 74
7 5
7 44
7 65
7 58
7 116
7 55
7 102
7 45
7 29
7 36
7 48
7 27
7 80
7 2
7 112
7 54
7 83
61 28
61 11
61 53
61 35
61 43
61 110
61 65
61 55
61 102
61 26
61 100
61 36
61 12
61 117
61 21
61 69
61 62
61 68
61 71
5 91
5 116
5 82
5 32
5 88
5 49
5 2
5 12
5 101
5 86
5 83
5 21
5 99
5 71
1 64
1 28
1 11
1 91
1 9
1 110
1 114
1 111
1 106
1 55
1 88
1 59
1 48
1 18
1 80
1 2
1 12
1 72
1 54
1 69
1 68
1 71
64 28
64 91
64 85
64 65
64 116
64 104
64 102
64 36
64 80
64 76
64 101
64 112
64 54
64 62
64 99
28 35
28 91
28 44
28 104
28 102
28 18
28 27
28 2
28 38
28 94
28 54
28 47
28 69
28 70
11 40
11 95
11 106
11 82
11 55
11 34
11 59
11 80
11 38
11 84
11 62
11 68
11 74
53 9
53 85
53 15
53 82
53 34
53 100
53 59
53 18
53 27
53 2
53 76
53 79
53 54
53 21
53 6
53 68
53 70
53 74
40 98
40 85
40 114
40 111
40 106
40 55
40 32
40 36
40 59
40 49
40 97
40 76
40 47
40 99
40 71
40 70
35 98
35 44
35 15
35 8
35 82
35 100
35 97
35 18
35 76
35 38
35 94
35 86
35 83
35 115
35 71
35 70
43 58
43 55
43 45
43 29
43 32
43 36
43 88
43 59
43 48
43 2
43 117
43 79
43 72
43 112
43 86
43 21
43 47
43 69
43 70
91 98
91 44
91 95
91 65
91 58
91 111
91 82
91 55
91 100
91 76
91 79
91 112
91 86
91 54
91 83
91 115
91 6
91 71
9 44
9 85
9 114
9 3
9 106
9 104
9 26
9 36
9 48
9 86
9 83
9 21
9 68
9 71
98 110
98 111
98 82
98 104
98 34
98 36
98 49
98 48
98 27
98 2
98 117
98 86
98 22
98 69
98 68
44 114
44 65
44 116
44 111
44 104
44 102
44 100
44 49
44 27
44 80
44 22
44 47
44 62
95 116
95 82
95 34
95 102
95 26
95 49
95 48
95 2
95 117
95 38
95 47
95 99
95 74
85 15
85 58
85 3
85 106
85 82
85 55
85 102
85 26
85 29
85 32
85 88
85 49
85 48
85 27
85 38
85 72
85 112
85 83
85 21
85 69
85 6
85 62
85 68
110 15
110 58
110 82
110 55
110 100
110 36
110 59
110 48
110 27
110 12
110 54
110 69
110 6
110 70
15 106
15 36
15 18
15 80
15 117
15 101
15 72
15 83
15 47
15 70
114 65
114 8
114 82
114 45
114 32
114 88
114 49
114 48
114 80
114 117
114 84
114 86
114 83
114 22
114 69
114 99
114 74
65 111
65 106
65 82
65 29
65 97
65 27
65 101
65 72
65 112
65 86
65 83
65 115
65 47
65 62
65 68
65 74
58 34
58 32
58 88
58 59
58 48
58 97
58 38
58 115
58 6
58 99
58 71
58 74
116 55
116 102
116 29
116 32
116 49
116 84
116 72
116 86
116 83
116 47
116 6
116 68
116 71
116 74
111 3
111 82
111 55
111 26
111 45
111 36
111 48
111 18
111 84
111 112
111 21
111 22
111 71
3 82
3 45
3 100
3 29
3 36
3 88
3 97
3 76
3 38
3 101
3 21
3 22
3 115
3 62
3 99
8 34
8 102
8 29
8 88
8 49
8 80
8 12
8 79
8 101
8 84
8 6
8 62
8 70
8 74
106 55
106 26
106 36
106 49
106 27
106 79
106 84
106 112
106 83
106 22
106 69
106 71
82 34
82 29
82 97
82 12
82 38
82 72
82 86
82 54
55 26
55 88
55 97
55 27
55 80
55 2
55 117
55 38
55 84
55 86
55 83
55 62
104 32
104 59
104 84
104 94
104 47
104 62
104 70
104 74
34 102
34 100
34 32
34 36
34 97
34 2
34 117
34 79
34 112
34 21
34 47
34 69
34 62
102 45
102 100
102 36
102 59
102 2
102 76
102 117
102 84
102 83
102 22
102 115
102 71
102 74
26 59
26 80
26 117
26 72
26 86
26 22
26 6
26 99
26 68
45 100
45 49
45 27
45 117
45 38
45 101
45 83
45 47
45 69
45 99
100 32
100 36
100 48
100 2
100 79
100 115
100 99
100 71
100 74
29 36
29 88
29 49
29 12
29 117
29 54
29 21
29 115
29 47
29 6
29 62
32 88
32 80
32 2
32 79
32 94
32 72
32 86
32 47
32 6
32 70
36 88
36 59
36 49
36 48
36 12
36 76
36 117
36 79
36 72
36 54
36 22
36 99
36 71
36 74
88 97
88 12
88 72
88 115
88 47
88 99
88 70
59 49
59 97
59 27
59 2
59 76
59 54
59 47
59 6
59 70
59 74
49 48
49 80
49 101
49 94
49 72
49 22
49 99
48 97
48 12
48 79
48 101
48 72
48 112
48 54
48 21
48 115
48 6
48 99
97 12
97 76
97 117
97 94
97 115
97 69
97 6
97 68
97 70
18 38
18 79
18 84
18 94
18 62
27 80
27 79
27 101
27 84
27 86
27 54
27 115
27 6
27 62
27 70
27 74
80 12
80 117
80 79
80 101
80 22
80 115
80 6
80 62
2 12
2 38
2 101
2 112
2 86
2 99
12 72
12 112
76 117
76 72
76 21
76 6
76 62
76 68
76 70
117 94
117 112
117 47
117 62
117 71
38 54
38 22
38 70
79 101
79 21
79 115
79 62
101 112
101 54
101 47
101 71
84 94
84 86
84 83
84 22
84 47
84 99
94 86
94 6
72 54
72 22
72 47
72 71
112 54
112 47
112 99
112 74
86 54
86 115
86 62
86 71
86 70
86 74
54 21
54 115
54 47
54 99
54 68
54 74
83 21
83 22
21 115
21 99
21 71
22 62
22 99
22 70
115 47
115 62
115 71
47 69
47 6
47 71
6 62
6 71
6 70
62 99
62 71
99 70
99 74
71 74
