*verties 101
64
115
87
49
61
29
11
75
105
4
10
12
36
65
54
109
107
99
41
90
33
43
97
24
31
35
114
8
89
62
19
27
25
110
103
119
63
16
58
98
78
9
86
34
13
47
50
96
60
118
38
67
39
45
117
66
81
84
72
7
32
44
108
42
79
15
59
57
51
6
1
5
92
40
88
30
70
53
100
82
23
102
104
76
21
69
85
2
28
17
74
116
94
91
111
48
80
37
77
73
3
*edges 
64 49
64 61
64 75
64 54
64 90
64 114
64 62
64 98
64 78
64 117
64 72
64 32
64 79
64 15
64 1
64 37
64 77
64 73
115 61
115 75
115 10
115 43
115 97
115 8
115 19
115 110
115 78
115 9
115 86
115 38
115 84
115 94
115 91
87 65
87 27
87 40
87 30
87 111
87 80
49 31
49 58
49 45
49 84
49 59
49 104
49 21
49 85
61 75
61 12
61 54
61 89
61 103
61 78
61 60
61 40
61 102
29 4
29 97
29 31
29 58
29 117
29 79
29 51
29 76
29 2
29 48
29 77
29 3
11 107
11 33
11 43
11 24
11 89
11 118
11 7
11 111
75 33
75 43
75 97
75 24
75 35
75 114
75 89
75 16
75 34
75 47
75 66
75 72
75 79
75 51
75 104
75 48
105 114
105 34
105 50
105 67
105 66
105 84
105 7
105 42
105 79
105 82
105 76
105 28
105 116
105 3
4 10
4 54
4 25
4 66
4 81
4 5
4 88
4 100
4 102
4 28
4 111
4 80
4 77
4 73
10 90
10 89
10 27
10 34
10 45
10 84
10 57
10 51
10 40
10 30
12 41
12 62
12 19
12 98
12 59
12 1
12 70
12 82
12 102
12 28
12 94
12 77
36 54
36 114
36 16
36 58
36 9
36 67
36 81
36 7
36 1
36 70
36 53
36 100
36 102
36 104
36 2
36 17
36 77
65 99
65 33
65 31
65 27
65 103
65 47
65 50
65 60
65 57
65 17
54 99
54 16
54 58
54 47
54 39
54 57
54 51
54 70
54 69
54 85
54 37
109 8
109 62
109 38
109 117
109 44
109 40
109 30
109 91
107 35
107 86
107 34
107 81
107 79
107 100
107 116
107 91
99 33
99 43
99 8
99 60
99 81
99 72
99 44
99 53
99 104
99 21
99 116
99 111
99 73
41 24
41 8
41 63
41 57
41 92
41 70
41 76
41 21
41 2
41 94
41 111
90 24
90 103
90 98
90 13
90 6
90 23
90 77
33 24
33 62
33 98
33 9
33 67
33 39
33 108
33 57
33 6
33 92
33 40
33 85
33 80
33 37
43 97
43 24
43 35
43 27
43 66
43 72
43 7
43 32
43 104
43 69
43 73
97 19
97 110
97 58
97 9
97 50
97 67
97 7
97 108
97 42
97 6
97 70
97 104
97 21
97 111
97 77
24 8
24 19
24 16
24 78
24 47
24 96
24 81
24 7
24 79
24 92
24 69
24 80
31 114
31 119
31 58
31 118
31 7
31 15
31 92
35 114
35 16
35 34
35 108
35 5
35 92
35 82
35 111
114 25
114 98
114 96
114 39
114 66
114 72
114 51
114 40
8 86
8 38
8 117
8 44
8 15
8 57
8 51
8 30
8 104
8 94
8 91
89 19
89 103
89 50
89 45
89 81
89 85
62 19
62 27
62 78
62 13
62 96
62 42
62 51
62 104
62 111
19 63
19 50
19 38
19 39
19 117
19 81
19 92
19 40
19 76
19 77
27 78
27 96
27 104
27 85
27 37
25 96
25 67
25 45
25 59
25 92
25 23
25 21
110 119
110 98
110 57
110 51
110 30
110 17
110 116
110 3
103 16
103 34
103 13
103 45
103 66
103 108
103 51
103 40
103 88
103 30
103 53
119 67
119 117
119 59
119 1
119 5
119 102
119 69
63 81
63 15
63 6
63 70
63 104
63 28
16 44
16 57
16 6
16 53
58 9
58 60
58 118
58 15
58 6
58 88
58 100
58 82
58 85
58 37
98 60
98 118
98 42
98 79
98 23
98 85
98 3
78 9
78 13
78 39
78 45
78 66
78 108
78 42
78 59
78 80
9 86
9 84
9 44
9 108
9 51
9 100
9 82
9 23
9 94
9 48
86 38
86 45
86 44
86 79
86 6
86 82
86 2
86 91
86 111
86 48
86 37
34 39
34 66
34 72
34 42
34 15
34 92
34 53
34 82
34 104
13 81
13 92
13 100
13 76
13 69
13 28
47 50
47 66
47 72
47 32
47 44
47 92
47 30
47 21
47 17
47 3
50 96
50 44
50 48
96 42
96 6
96 28
60 84
60 30
60 116
60 80
118 45
118 66
118 88
118 102
118 111
118 37
38 67
38 57
38 6
38 92
38 88
38 53
38 82
38 102
38 2
38 17
38 74
38 37
67 117
67 66
67 59
67 6
67 100
67 102
67 111
67 48
67 80
39 117
39 66
39 84
39 59
39 40
39 82
39 21
39 94
39 80
45 51
45 82
45 37
117 7
117 82
117 94
66 81
66 84
66 7
66 108
66 6
66 104
66 76
66 85
66 2
66 37
81 79
81 6
81 88
81 85
81 91
84 44
84 42
84 15
84 92
84 88
84 100
84 3
72 44
72 79
72 102
72 104
72 76
72 116
72 77
72 3
7 32
7 88
7 17
32 92
32 76
32 37
44 30
44 82
44 76
44 69
108 42
108 51
108 5
108 92
108 53
108 76
42 76
42 17
79 92
79 85
79 48
79 80
79 3
15 23
15 69
15 28
15 111
15 37
59 23
59 85
57 40
57 53
57 23
57 76
57 69
57 2
57 116
57 111
51 5
51 92
51 23
6 5
6 94
6 91
1 88
1 104
1 2
5 88
5 82
5 116
5 48
92 40
92 88
92 3
40 100
40 21
40 111
40 37
88 30
88 69
88 2
88 94
88 80
88 73
30 70
30 23
30 102
30 76
30 94
30 48
70 53
70 104
70 37
70 77
70 73
53 23
53 91
53 48
100 48
82 102
82 76
82 21
82 116
82 80
82 77
23 21
23 85
23 91
23 77
23 73
104 17
104 116
104 91
76 85
76 111
21 85
21 2
21 91
21 80
69 94
69 91
69 3
85 111
85 48
85 37
2 74
2 94
2 91
2 80
28 80
17 37
17 3
74 116
74 37
74 77
116 80
94 111
111 48
111 77
111 73
111 3
80 73
