*verties 190
158
94
188
205
56
79
167
62
208
211
127
97
31
182
195
83
165
133
176
134
33
110
189
102
89
122
130
163
19
136
42
145
17
16
125
128
154
177
76
183
202
49
28
46
141
213
84
9
138
26
152
1
118
193
106
7
147
153
207
96
99
107
164
30
51
179
172
10
14
20
54
39
58
34
155
61
117
68
38
157
191
82
85
186
114
160
91
88
101
171
120
131
11
87
23
198
90
108
73
15
174
104
156
170
72
13
199
45
0
63
93
74
203
27
100
166
8
175
21
64
37
180
151
95
200
123
204
35
113
212
4
168
98
24
78
197
109
40
12
41
32
124
57
132
190
6
29
137
146
18
69
161
103
144
135
159
115
150
169
217
86
173
214
219
25
60
43
111
81
3
47
196
206
70
142
66
112
139
65
53
162
59
216
140
119
209
71
48
2
126
*edges 
158 195
158 136
158 26
158 118
158 107
158 164
158 20
158 157
158 171
158 72
158 74
158 21
158 151
158 78
158 197
158 124
158 18
158 115
158 47
94 110
94 189
94 130
94 213
94 96
94 99
94 34
94 117
94 104
94 113
94 6
188 195
188 83
188 110
188 102
188 130
188 51
188 14
188 61
188 160
188 11
188 0
188 93
188 27
188 100
188 4
188 32
188 115
188 150
188 86
188 140
205 195
205 134
205 110
205 102
205 202
205 28
205 198
205 72
205 175
205 95
205 113
205 212
205 78
205 124
205 29
205 86
205 60
205 53
205 119
205 126
56 182
56 33
56 164
56 51
56 20
56 34
56 186
56 131
56 108
56 21
56 212
56 4
56 24
56 57
56 214
56 219
56 206
56 112
79 141
79 54
79 85
79 15
79 74
79 37
79 18
79 115
79 150
79 25
79 60
167 84
167 9
167 99
167 157
167 85
167 114
167 91
167 11
167 198
167 74
167 166
167 175
167 35
167 168
62 133
62 177
62 183
62 14
62 34
62 117
62 186
62 23
62 95
62 4
62 169
62 86
62 81
62 206
62 59
62 119
62 126
208 176
208 110
208 189
208 128
208 138
208 7
208 68
208 120
208 200
208 169
208 142
208 71
211 31
211 125
211 128
211 177
211 183
211 28
211 30
211 90
211 13
211 35
211 41
211 190
211 173
211 60
211 43
211 81
127 83
127 42
127 138
127 26
127 61
127 160
127 131
127 6
127 144
127 135
127 53
97 176
97 33
97 42
97 76
97 183
97 141
97 107
97 51
97 10
97 157
97 90
97 219
97 25
31 163
31 213
31 84
31 164
31 14
31 15
31 45
31 166
31 200
31 217
31 70
182 133
182 76
182 49
182 107
182 51
182 54
182 157
182 88
182 199
182 45
182 64
182 151
182 200
182 132
182 69
182 169
182 86
182 206
182 142
195 83
195 122
195 16
195 183
195 10
195 58
195 11
195 23
195 35
195 18
195 69
195 60
195 206
195 162
83 110
83 179
83 34
83 191
83 85
83 131
83 108
83 104
83 93
83 37
83 4
83 24
83 159
83 214
83 47
165 130
165 49
165 14
165 61
165 120
165 73
165 104
165 203
165 132
165 146
165 196
165 112
133 130
133 46
133 61
133 117
133 120
133 108
133 15
133 139
176 89
176 42
176 145
176 138
176 107
176 186
176 171
176 87
176 21
176 64
176 124
176 29
176 217
176 111
176 216
176 119
134 130
134 136
134 125
134 76
134 138
134 155
134 91
134 198
134 13
134 8
134 64
134 151
134 25
134 60
33 20
33 38
33 157
33 90
33 95
33 204
33 212
33 190
110 102
110 19
110 9
110 107
110 164
110 91
110 120
110 11
110 198
110 108
110 27
110 169
189 42
189 38
189 15
189 199
189 93
189 64
189 204
189 168
189 24
189 41
189 159
189 217
189 3
189 47
102 9
102 1
102 118
102 186
102 160
102 174
102 166
102 124
102 135
102 115
102 65
102 162
89 130
89 145
89 46
89 107
89 58
89 82
89 88
89 156
89 4
89 29
89 144
89 139
122 145
122 17
122 16
122 9
122 172
122 24
122 70
122 65
130 26
130 61
130 87
130 73
130 15
130 100
130 200
130 123
130 113
130 40
130 144
130 112
130 140
130 119
130 48
163 42
163 46
163 141
163 26
163 118
163 153
163 170
163 135
163 196
163 140
163 209
19 177
19 14
19 91
19 199
19 115
19 60
19 3
19 119
19 48
136 125
136 179
136 14
136 34
136 174
136 21
136 95
136 113
136 146
136 18
136 214
136 112
42 213
42 39
42 68
42 114
42 13
42 8
42 109
42 12
42 47
42 142
42 139
42 48
42 2
145 125
145 46
145 84
145 14
145 68
145 198
145 72
145 146
145 159
145 47
145 139
145 48
17 20
17 58
17 88
17 120
17 11
17 32
17 57
17 137
17 53
17 209
17 126
16 20
16 58
16 198
16 72
16 27
16 103
16 142
16 216
125 202
125 84
125 54
125 117
125 88
125 101
125 199
125 100
125 123
125 12
125 18
125 150
125 173
125 43
125 70
125 53
128 26
128 106
128 96
128 179
128 155
128 38
128 120
128 21
128 151
128 190
128 137
128 115
128 81
128 196
154 49
154 46
154 114
154 171
154 174
154 13
154 81
154 142
154 48
154 2
177 138
177 118
177 193
177 106
177 54
177 87
177 100
177 37
177 78
177 197
177 135
177 159
177 150
177 65
177 59
76 202
76 28
76 9
76 153
76 207
76 30
76 34
76 108
76 170
76 72
76 0
76 151
76 32
76 86
76 139
183 164
183 172
183 54
183 85
183 90
183 15
183 104
183 204
183 212
183 115
183 70
183 209
202 99
202 10
202 14
202 155
202 68
202 191
202 186
202 175
202 78
202 65
202 216
49 172
49 155
49 186
49 160
49 93
49 203
49 21
49 37
49 35
49 32
49 29
49 48
49 2
28 141
28 84
28 106
28 96
28 203
28 8
28 168
28 24
28 57
28 190
28 159
28 111
46 179
46 172
46 82
46 87
46 100
46 95
46 150
46 25
141 84
141 30
141 58
141 34
141 88
141 29
141 103
141 86
141 206
213 9
213 179
213 88
213 101
213 100
213 40
213 135
213 216
213 209
84 1
84 58
84 82
84 186
84 174
84 63
84 21
84 132
84 29
84 196
84 70
84 162
84 71
9 153
9 15
9 170
9 74
9 6
9 161
9 169
9 217
9 70
9 59
9 48
138 96
138 156
138 170
138 78
138 109
138 57
138 142
138 71
138 48
26 147
26 30
26 58
26 155
26 85
26 101
26 131
26 45
26 109
26 132
26 18
26 217
26 86
26 209
152 73
152 13
152 100
152 8
152 159
152 162
152 2
1 172
1 155
1 198
1 45
1 0
1 95
1 12
1 150
1 173
1 59
1 209
118 96
118 164
118 172
118 54
118 38
118 104
118 27
118 180
118 204
118 217
118 60
118 53
118 216
193 10
193 68
193 64
193 212
193 40
193 32
193 18
193 159
193 119
193 48
106 34
106 157
106 198
106 166
106 95
106 212
106 57
106 214
106 142
7 107
7 38
7 85
7 88
7 23
7 37
7 151
7 95
7 4
7 109
7 103
7 70
7 216
147 38
147 186
147 101
147 87
147 123
147 12
147 32
147 6
147 144
153 99
153 30
153 63
153 214
153 60
153 66
207 30
207 117
207 186
207 64
207 78
207 112
207 119
207 71
207 48
96 30
96 14
96 155
96 90
96 219
96 25
96 47
96 112
96 162
96 2
99 14
99 101
99 120
99 11
99 170
99 13
99 74
99 203
99 27
99 64
99 212
99 137
99 159
99 86
99 111
107 38
107 88
107 131
107 11
107 108
107 45
107 21
107 12
107 135
107 81
107 47
164 20
164 58
164 131
164 23
164 45
164 63
164 74
164 18
164 47
164 139
30 14
30 58
30 160
30 156
30 170
30 72
30 123
30 24
30 6
30 115
51 198
51 15
51 104
51 151
51 35
51 212
51 47
51 66
51 112
51 48
179 88
179 95
179 124
179 57
179 132
179 150
179 140
172 120
172 175
172 64
172 113
172 168
172 78
172 69
172 161
172 162
10 20
10 88
10 73
10 199
10 21
10 168
10 98
10 173
10 60
10 111
14 38
14 160
14 23
14 13
14 98
14 70
14 112
14 140
14 48
20 157
20 93
20 8
20 159
20 70
20 53
54 34
54 91
54 131
54 87
54 198
54 37
54 95
54 35
54 168
54 109
54 86
54 111
54 196
54 70
54 142
39 87
39 132
39 81
39 112
39 140
58 27
58 98
58 78
58 115
58 66
58 162
58 71
34 191
34 15
34 27
34 175
34 37
34 200
34 109
34 103
34 60
34 216
155 72
155 0
155 8
155 124
155 43
155 139
61 38
61 90
61 21
61 123
61 6
61 217
61 86
117 186
117 160
117 120
117 74
117 37
117 78
117 214
117 81
117 70
68 191
68 171
68 108
68 13
68 8
68 175
68 78
68 109
68 217
68 219
38 191
38 114
38 108
38 174
38 13
38 197
38 12
38 86
38 126
157 191
157 101
157 87
157 13
157 199
157 63
157 169
157 173
157 206
157 53
191 72
191 64
191 103
191 139
82 23
82 108
82 15
82 45
82 175
82 159
82 169
85 131
85 198
85 104
85 64
85 35
85 197
85 57
85 146
85 161
85 214
186 91
186 13
186 151
186 78
186 6
186 86
114 101
114 156
114 93
114 4
114 124
114 66
114 59
160 171
160 170
160 169
160 173
160 196
160 162
91 156
91 203
91 64
91 37
91 151
91 95
91 35
91 40
91 41
91 103
91 86
91 43
91 142
88 174
88 100
88 4
88 24
88 40
88 60
88 71
101 87
101 174
101 13
101 93
101 175
101 180
101 190
101 144
101 216
101 126
171 198
171 174
171 93
171 4
171 168
171 103
171 25
171 111
171 70
120 11
120 15
120 8
120 21
120 64
120 200
120 113
120 57
120 161
120 81
120 3
120 196
120 70
131 73
131 13
131 175
131 151
131 137
131 150
11 198
11 166
11 180
11 95
11 109
11 32
11 115
11 140
87 166
87 175
87 95
87 190
87 137
87 47
87 142
23 198
23 18
23 169
23 111
23 196
23 112
23 71
198 45
198 166
198 190
198 18
198 206
90 199
90 45
90 27
90 175
90 64
90 204
90 197
90 112
90 65
90 71
108 73
108 174
108 124
108 115
108 111
108 81
108 142
108 65
108 209
108 71
73 15
73 156
73 203
73 180
73 132
73 137
73 161
73 2
15 0
15 4
15 86
15 206
15 66
174 170
174 64
174 41
174 190
174 103
174 115
174 150
174 209
104 203
104 151
104 132
104 29
104 69
104 135
104 111
104 206
104 140
156 0
156 166
156 212
156 168
156 98
156 173
156 206
170 0
170 151
170 190
170 137
170 146
170 115
170 173
170 53
72 4
72 29
72 219
72 140
13 27
13 4
13 24
13 78
13 60
13 70
199 100
199 197
199 6
199 159
199 3
199 53
199 162
45 93
45 109
45 29
0 168
0 78
0 18
0 161
0 214
0 70
0 65
0 48
63 74
63 100
63 200
63 168
63 109
63 162
63 71
93 113
93 144
93 214
93 70
74 166
74 21
74 64
74 37
74 113
74 29
74 196
74 209
203 35
203 6
203 69
203 86
203 219
203 81
203 112
203 126
27 35
27 197
27 86
27 60
27 81
100 175
100 35
100 43
166 4
166 98
166 132
166 173
8 204
8 29
8 137
8 112
8 65
8 119
175 212
175 144
175 196
175 65
175 216
21 113
21 212
21 6
21 144
21 159
21 81
21 142
21 48
64 35
64 124
64 18
64 219
64 59
64 216
37 95
37 69
37 144
37 111
180 151
180 18
180 59
180 209
151 168
151 146
151 43
151 139
95 78
95 190
95 29
95 69
95 217
95 25
95 139
200 212
200 86
200 2
123 24
123 137
123 86
123 48
204 169
204 219
204 43
204 70
35 113
35 24
35 69
35 142
35 139
35 48
35 126
113 41
113 32
113 29
212 6
212 150
212 86
212 81
212 209
4 168
4 98
4 169
4 173
4 43
4 81
4 3
4 59
4 119
168 57
168 132
168 190
168 169
168 214
168 60
168 139
168 140
98 132
98 146
98 69
98 112
98 216
98 119
24 29
24 47
24 48
24 2
78 132
78 144
78 3
78 206
197 12
197 57
109 217
109 119
40 144
40 150
40 65
40 162
12 69
12 169
12 111
12 65
12 216
12 140
32 150
32 81
32 162
32 140
124 190
124 135
124 219
124 48
57 6
57 144
57 173
190 137
190 112
190 119
6 86
6 219
6 71
29 217
29 214
29 60
29 47
29 112
29 140
137 144
137 150
137 196
137 112
137 119
137 209
146 115
146 150
146 214
146 47
146 139
146 162
18 70
69 60
69 111
103 150
144 173
144 119
135 70
135 66
135 216
159 86
115 209
115 2
150 47
150 142
169 217
169 111
169 47
169 126
217 219
86 216
173 139
214 196
214 139
219 25
219 119
219 71
25 3
25 206
25 142
25 59
60 206
60 216
60 209
60 2
43 71
81 206
81 209
3 71
47 71
206 162
112 126
139 65
139 2
139 126
162 126
59 140
