*verties 203
139
126
160
158
71
199
63
88
99
36
66
38
198
97
103
129
218
106
191
83
52
151
92
47
204
89
65
193
140
42
45
211
188
141
98
110
125
124
3
182
13
128
146
7
80
115
130
170
207
133
202
101
11
9
26
86
168
17
162
5
68
19
154
157
100
111
104
27
210
78
32
194
50
46
175
205
176
183
153
152
18
150
180
72
8
189
20
76
43
212
74
135
113
84
28
169
112
118
155
81
184
166
54
132
75
59
6
185
149
200
91
213
77
55
134
172
142
173
190
56
123
148
0
48
137
33
85
93
161
165
206
179
62
41
53
60
192
217
16
171
95
167
109
120
121
197
208
164
40
39
29
138
4
23
163
49
57
34
195
15
117
196
12
35
61
127
73
214
209
186
147
119
144
201
131
87
67
96
219
136
69
143
159
156
187
102
51
203
105
216
215
14
116
70
44
31
21
64
37
58
2
145
122
*edges 
139 126
139 160
139 199
139 97
139 103
139 52
139 47
139 89
139 140
139 42
139 45
139 188
139 125
139 182
139 128
139 146
139 130
139 202
139 101
139 17
139 111
139 118
139 166
139 59
139 200
139 91
139 55
139 172
139 48
139 137
139 165
139 4
139 15
139 117
139 196
139 61
139 127
139 186
139 147
139 219
139 69
139 159
139 156
139 51
139 216
139 215
139 31
126 63
126 66
126 38
126 191
126 47
126 188
126 98
126 13
126 207
126 17
126 19
126 154
126 157
126 100
126 50
126 153
126 150
126 20
126 43
126 113
126 184
126 166
126 59
126 33
126 179
126 16
126 167
126 120
126 121
126 208
126 57
126 196
126 35
126 73
126 144
126 67
126 219
126 143
126 203
126 14
126 70
126 21
160 199
160 198
160 97
160 191
160 47
160 89
160 98
160 124
160 182
160 13
160 130
160 170
160 202
160 101
160 11
160 100
160 27
160 32
160 175
160 150
160 72
160 189
160 74
160 113
160 28
160 169
160 184
160 166
160 54
160 59
160 200
160 91
160 213
160 142
160 85
160 165
160 206
160 179
160 62
160 120
160 121
160 197
160 39
160 49
160 12
160 186
160 219
160 143
160 102
160 51
160 203
160 216
158 199
158 198
158 92
158 47
158 211
158 98
158 124
158 3
158 111
158 210
158 78
158 194
158 175
158 176
158 183
158 152
158 76
158 43
158 169
158 166
158 54
158 149
158 77
158 142
158 190
158 56
158 123
158 165
158 206
158 62
158 41
158 53
158 217
158 16
158 95
158 167
158 120
158 121
158 40
158 138
158 15
158 73
158 214
158 67
158 136
158 159
158 156
158 187
158 105
158 216
158 116
158 21
158 37
158 145
158 122
71 66
71 97
71 103
71 129
71 47
71 193
71 140
71 211
71 141
71 110
71 125
71 124
71 146
71 130
71 170
71 202
71 162
71 19
71 111
71 104
71 27
71 153
71 18
71 212
71 84
71 28
71 118
71 75
71 173
71 48
71 85
71 165
71 206
71 41
71 60
71 39
71 34
71 12
71 127
71 67
71 96
71 187
199 99
199 198
199 97
199 218
199 191
199 92
199 193
199 140
199 182
199 170
199 11
199 26
199 86
199 162
199 68
199 104
199 210
199 176
199 153
199 18
199 72
199 189
199 76
199 74
199 113
199 112
199 75
199 137
199 33
199 85
199 206
199 62
199 60
199 95
199 40
199 214
199 209
199 119
199 87
199 159
199 187
199 105
199 31
199 37
63 66
63 191
63 83
63 151
63 47
63 193
63 45
63 211
63 188
63 124
63 7
63 80
63 115
63 157
63 27
63 210
63 43
63 212
63 84
63 166
63 54
63 6
63 200
63 91
63 213
63 142
63 123
63 0
63 165
63 179
63 192
63 16
63 171
63 95
63 109
63 197
63 57
63 15
63 12
63 35
63 61
63 209
63 147
63 143
63 51
63 215
63 31
63 64
63 145
88 38
88 198
88 52
88 204
88 140
88 42
88 45
88 98
88 128
88 133
88 5
88 19
88 157
88 111
88 205
88 176
88 189
88 184
88 75
88 59
88 185
88 149
88 55
88 172
88 142
88 190
88 123
88 0
88 48
88 179
88 53
88 192
88 120
88 121
88 208
88 49
88 35
88 127
88 214
88 119
88 187
88 203
88 215
99 218
99 191
99 83
99 92
99 89
99 65
99 193
99 141
99 182
99 13
99 128
99 11
99 26
99 100
99 27
99 43
99 28
99 184
99 59
99 6
99 149
99 200
99 91
99 213
99 165
99 206
99 60
99 197
99 40
99 4
99 163
99 195
99 117
99 61
99 127
99 73
99 119
99 144
99 131
99 219
99 51
99 105
99 216
99 14
99 31
99 64
99 145
36 198
36 129
36 191
36 52
36 47
36 89
36 211
36 188
36 98
36 125
36 3
36 7
36 80
36 133
36 11
36 26
36 162
36 154
36 210
36 46
36 152
36 150
36 169
36 81
36 184
36 59
36 185
36 55
36 134
36 172
36 48
36 137
36 179
36 62
36 41
36 53
36 95
36 167
36 120
36 121
36 208
36 40
36 29
36 195
36 15
36 35
36 209
36 147
36 201
36 131
36 87
36 96
36 143
36 203
36 105
36 216
36 215
36 14
36 116
36 31
36 21
36 2
36 145
66 38
66 106
66 83
66 193
66 211
66 141
66 98
66 13
66 128
66 7
66 86
66 168
66 162
66 5
66 157
66 111
66 104
66 27
66 78
66 72
66 189
66 212
66 135
66 118
66 6
66 185
66 200
66 173
66 85
66 165
66 206
66 41
66 16
66 208
66 138
66 4
66 23
66 195
66 35
66 201
66 87
66 159
66 216
66 14
66 70
66 44
66 64
66 37
66 58
66 2
66 145
38 47
38 204
38 89
38 140
38 42
38 98
38 3
38 154
38 157
38 210
38 78
38 150
38 180
38 72
38 76
38 81
38 184
38 132
38 59
38 149
38 200
38 91
38 123
38 85
38 41
38 95
38 121
38 197
38 164
38 40
38 39
38 195
38 117
38 61
38 73
38 119
38 131
38 67
38 69
38 14
38 44
38 37
198 106
198 83
198 52
198 193
198 45
198 211
198 207
198 133
198 86
198 162
198 210
198 194
198 50
198 153
198 8
198 28
198 169
198 155
198 81
198 75
198 185
198 55
198 56
198 123
198 93
198 206
198 179
198 62
198 41
198 53
198 60
198 167
198 109
198 208
198 138
198 23
198 57
198 34
198 195
198 15
198 117
198 196
198 35
198 214
198 209
198 186
198 144
198 201
198 67
198 143
198 187
198 51
198 216
198 58
198 145
97 218
97 52
97 151
97 89
97 140
97 130
97 162
97 157
97 100
97 104
97 78
97 194
97 46
97 205
97 18
97 150
97 72
97 8
97 20
97 113
97 28
97 142
97 173
97 33
97 62
97 60
97 192
97 171
97 167
97 138
97 4
97 34
97 195
97 117
97 12
97 96
97 219
97 69
97 143
97 156
97 187
97 51
97 21
103 106
103 191
103 125
103 124
103 3
103 80
103 115
103 133
103 202
103 168
103 17
103 19
103 154
103 100
103 194
103 175
103 18
103 180
103 76
103 43
103 212
103 74
103 135
103 81
103 59
103 185
103 172
103 190
103 137
103 33
103 161
103 217
103 16
103 167
103 120
103 121
103 23
103 49
103 15
103 117
103 12
103 61
103 147
103 201
103 159
103 102
103 44
103 31
103 21
129 191
129 140
129 42
129 188
129 182
129 9
129 168
129 19
129 154
129 205
129 183
129 153
129 152
129 180
129 74
129 135
129 155
129 166
129 59
129 149
129 200
129 77
129 55
129 172
129 173
129 85
129 93
129 206
129 95
129 167
129 109
129 195
129 15
129 73
129 214
129 51
129 216
129 215
129 14
129 64
218 52
218 47
218 204
218 45
218 98
218 110
218 207
218 162
218 100
218 104
218 32
218 50
218 183
218 152
218 150
218 113
218 112
218 118
218 166
218 6
218 91
218 172
218 0
218 206
218 53
218 217
218 16
218 171
218 120
218 197
218 208
218 29
218 23
218 117
218 196
218 67
218 219
218 187
218 51
218 216
218 116
218 44
218 31
218 37
106 204
106 65
106 98
106 110
106 80
106 101
106 9
106 19
106 100
106 111
106 27
106 210
106 176
106 150
106 189
106 74
106 185
106 77
106 134
106 190
106 123
106 48
106 85
106 161
106 53
106 16
106 95
106 197
106 29
106 4
106 15
106 12
106 61
106 214
106 119
106 67
106 96
106 143
106 159
106 187
106 102
106 203
106 116
106 44
106 37
106 145
191 204
191 13
191 80
191 130
191 170
191 86
191 17
191 162
191 78
191 153
191 152
191 189
191 74
191 28
191 184
191 166
191 75
191 149
191 142
191 190
191 0
191 48
191 137
191 85
191 161
191 4
191 23
191 49
191 15
191 196
191 12
191 214
191 143
191 203
191 2
83 146
83 115
83 11
83 9
83 86
83 168
83 157
83 100
83 210
83 78
83 32
83 150
83 8
83 189
83 43
83 84
83 166
83 75
83 6
83 77
83 134
83 173
83 190
83 56
83 0
83 179
83 62
83 60
83 16
83 197
83 208
83 39
83 29
83 138
83 4
83 57
83 117
83 209
83 69
83 143
83 159
83 156
83 51
83 216
83 14
83 70
83 44
83 64
83 58
83 2
52 204
52 42
52 45
52 110
52 182
52 128
52 101
52 17
52 154
52 27
52 210
52 50
52 176
52 183
52 152
52 189
52 75
52 6
52 213
52 77
52 172
52 190
52 56
52 123
52 85
52 93
52 161
52 165
52 179
52 62
52 41
52 95
52 120
52 121
52 138
52 117
52 12
52 201
52 131
52 219
52 136
52 143
52 203
52 37
151 193
151 42
151 128
151 7
151 115
151 170
151 207
151 68
151 111
151 50
151 175
151 153
151 152
151 8
151 74
151 135
151 84
151 169
151 77
151 148
151 0
151 137
151 171
151 95
151 208
151 164
151 40
151 39
151 163
151 57
151 195
151 196
151 12
151 119
151 201
151 131
151 96
151 143
151 216
151 58
151 2
151 145
92 47
92 89
92 42
92 141
92 110
92 125
92 13
92 128
92 7
92 80
92 26
92 162
92 68
92 157
92 100
92 210
92 194
92 175
92 176
92 150
92 72
92 189
92 28
92 155
92 75
92 59
92 91
92 172
92 190
92 165
92 60
92 120
92 4
92 23
92 163
92 15
92 196
92 35
92 61
92 73
92 214
92 201
92 69
92 143
92 156
92 105
92 215
92 14
92 21
92 58
47 193
47 45
47 110
47 13
47 146
47 115
47 207
47 26
47 86
47 168
47 17
47 19
47 50
47 183
47 169
47 81
47 166
47 75
47 134
47 62
47 41
47 16
47 167
47 109
47 4
47 23
47 57
47 34
47 15
47 12
47 61
47 87
47 67
47 187
47 116
47 44
47 31
47 64
47 37
204 89
204 140
204 110
204 125
204 128
204 80
204 26
204 168
204 17
204 162
204 68
204 19
204 100
204 27
204 32
204 176
204 152
204 8
204 76
204 212
204 28
204 112
204 155
204 132
204 149
204 134
204 123
204 137
204 93
204 161
204 165
204 206
204 192
204 217
204 167
204 121
204 208
204 164
204 23
204 163
204 34
204 73
204 209
204 186
204 201
204 96
204 136
204 69
204 105
204 215
204 14
204 122
89 193
89 42
89 124
89 182
89 13
89 26
89 162
89 100
89 111
89 210
89 72
89 8
89 20
89 166
89 54
89 6
89 185
89 172
89 137
89 165
89 62
89 41
89 217
89 120
89 39
89 29
89 4
89 163
89 49
89 15
89 12
89 186
89 119
89 144
89 219
89 136
89 143
89 159
89 215
89 70
89 21
89 37
65 193
65 188
65 125
65 124
65 128
65 133
65 101
65 168
65 104
65 78
65 32
65 194
65 152
65 18
65 180
65 189
65 43
65 212
65 169
65 112
65 155
65 81
65 166
65 54
65 6
65 200
65 213
65 134
65 93
65 62
65 60
65 171
65 164
65 138
65 196
65 12
65 214
65 131
65 219
65 159
65 203
65 44
65 21
65 58
65 2
193 42
193 124
193 101
193 9
193 162
193 68
193 154
193 111
193 27
193 8
193 113
193 169
193 118
193 75
193 149
193 200
193 213
193 77
193 172
193 148
193 137
193 165
193 16
193 167
193 121
193 29
193 23
193 117
193 35
193 61
193 209
193 186
193 119
193 219
193 187
193 102
193 216
193 14
193 44
193 31
193 145
140 45
140 211
140 188
140 110
140 125
140 170
140 207
140 202
140 5
140 19
140 100
140 111
140 104
140 50
140 176
140 152
140 72
140 8
140 135
140 28
140 132
140 213
140 165
140 206
140 179
140 171
140 95
140 40
140 39
140 144
140 136
140 143
140 70
140 44
140 122
42 45
42 188
42 110
42 146
42 80
42 115
42 170
42 168
42 19
42 78
42 205
42 152
42 180
42 189
42 20
42 76
42 43
42 74
42 113
42 84
42 184
42 166
42 213
42 173
42 56
42 179
42 192
42 217
42 171
42 109
42 121
42 4
42 57
42 34
42 12
42 209
42 186
42 96
42 136
42 156
42 70
42 21
45 211
45 141
45 124
45 3
45 128
45 86
45 5
45 68
45 19
45 194
45 50
45 175
45 205
45 180
45 113
45 118
45 184
45 6
45 213
45 123
45 0
45 161
45 192
45 171
45 167
45 4
45 163
45 34
45 15
45 196
45 214
45 144
45 201
45 187
45 21
45 145
211 98
211 146
211 130
211 11
211 26
211 19
211 104
211 175
211 72
211 8
211 113
211 166
211 59
211 149
211 0
211 165
211 206
211 60
211 95
211 121
211 208
211 40
211 23
211 15
211 214
211 209
211 144
211 215
211 64
188 98
188 133
188 202
188 162
188 68
188 104
188 176
188 152
188 18
188 8
188 76
188 43
188 190
188 0
188 137
188 85
188 165
188 62
188 41
188 53
188 197
188 164
188 39
188 138
188 73
188 214
188 209
188 201
188 187
188 215
188 31
188 2
188 145
141 80
141 202
141 101
141 11
141 5
141 154
141 194
141 176
141 183
141 153
141 152
141 8
141 189
141 28
141 200
141 172
141 123
141 93
141 62
141 41
141 171
141 109
141 120
141 121
141 57
141 15
141 35
141 87
141 69
141 102
141 216
141 2
98 146
98 7
98 80
98 130
98 170
98 101
98 11
98 17
98 5
98 68
98 205
98 153
98 8
98 169
98 112
98 132
98 59
98 172
98 56
98 206
98 53
98 16
98 197
98 127
98 214
98 143
98 156
98 14
98 44
98 58
110 130
110 86
110 111
110 78
110 153
110 18
110 28
110 81
110 213
110 77
110 190
110 148
110 0
110 137
110 179
110 192
110 109
110 208
110 164
110 163
110 49
110 34
110 186
110 147
110 131
110 67
110 136
110 69
110 156
110 187
110 51
110 116
110 70
110 31
110 21
110 145
125 182
125 80
125 115
125 170
125 26
125 86
125 162
125 19
125 152
125 150
125 20
125 212
125 135
125 81
125 6
125 185
125 134
125 123
125 148
125 53
125 171
125 39
125 29
125 138
125 195
125 12
125 61
125 67
125 219
125 143
125 102
125 215
125 116
125 21
124 3
124 182
124 5
124 68
124 27
124 78
124 194
124 183
124 112
124 118
124 81
124 75
124 142
124 123
124 33
124 85
124 206
124 217
124 16
124 167
124 109
124 120
124 57
124 195
124 35
124 61
124 214
124 159
124 156
124 116
124 44
124 145
3 13
3 128
3 7
3 80
3 133
3 202
3 11
3 17
3 162
3 100
3 111
3 210
3 183
3 150
3 8
3 43
3 212
3 113
3 28
3 184
3 132
3 6
3 190
3 56
3 0
3 161
3 62
3 41
3 217
3 95
3 40
3 29
3 4
3 49
3 34
3 12
3 127
3 147
3 143
3 187
3 105
3 70
182 128
182 146
182 7
182 130
182 133
182 202
182 26
182 168
182 17
182 68
182 157
182 100
182 194
182 205
182 176
182 183
182 74
182 135
182 132
182 200
182 55
182 134
182 48
182 41
182 192
182 16
182 171
182 95
182 109
182 121
182 164
182 15
182 209
182 186
182 144
182 143
182 159
182 51
182 105
182 31
182 21
182 37
13 80
13 115
13 130
13 170
13 207
13 202
13 86
13 162
13 19
13 154
13 175
13 205
13 18
13 72
13 8
13 189
13 43
13 74
13 112
13 118
13 132
13 149
13 213
13 55
13 142
13 173
13 62
13 217
13 39
13 138
13 195
13 15
13 117
13 35
13 61
13 67
13 96
13 219
13 159
13 2
13 145
128 115
128 170
128 78
128 32
128 194
128 50
128 46
128 176
128 183
128 152
128 72
128 212
128 135
128 113
128 84
128 169
128 112
128 184
128 132
128 59
128 91
128 48
128 137
128 85
128 93
128 161
128 206
128 41
128 16
128 171
128 167
128 109
128 197
128 40
128 138
128 49
128 196
128 12
128 35
128 73
128 96
128 51
128 105
128 215
128 14
128 44
128 21
128 37
128 145
146 7
146 115
146 27
146 50
146 205
146 183
146 153
146 18
146 180
146 189
146 212
146 74
146 28
146 169
146 132
146 59
146 55
146 142
146 173
146 190
146 0
146 161
146 53
146 217
146 95
146 109
146 29
146 4
146 35
146 61
146 127
146 201
146 87
146 102
146 203
146 215
146 44
146 37
7 115
7 130
7 170
7 9
7 26
7 168
7 17
7 162
7 5
7 78
7 194
7 176
7 76
7 169
7 155
7 184
7 166
7 54
7 75
7 185
7 142
7 0
7 137
7 33
7 41
7 171
7 95
7 121
7 208
7 39
7 138
7 163
7 57
7 12
7 61
7 73
7 209
7 147
7 131
7 96
7 219
7 136
7 143
7 102
7 31
7 37
80 17
80 162
80 5
80 19
80 157
80 78
80 50
80 176
80 153
80 180
80 43
80 212
80 113
80 81
80 166
80 149
80 77
80 55
80 134
80 172
80 142
80 56
80 123
80 93
80 179
80 121
80 49
80 195
80 117
80 73
80 201
80 219
80 136
80 105
80 215
80 145
80 122
115 170
115 133
115 202
115 68
115 19
115 27
115 78
115 175
115 153
115 152
115 113
115 84
115 112
115 54
115 6
115 91
115 172
115 173
115 190
115 33
115 93
115 53
115 164
115 49
115 15
115 35
115 61
115 127
115 73
115 186
115 96
115 136
115 156
115 31
115 145
130 170
130 207
130 162
130 27
130 194
130 205
130 176
130 180
130 20
130 74
130 135
130 28
130 169
130 184
130 6
130 200
130 134
130 56
130 123
130 0
130 48
130 137
130 41
130 192
130 171
130 95
130 120
130 121
130 138
130 163
130 34
130 195
130 35
130 61
130 119
130 131
130 87
130 96
130 136
130 69
130 187
130 102
130 203
130 105
170 26
170 5
170 19
170 100
170 111
170 27
170 210
170 205
170 183
170 76
170 43
170 28
170 155
170 184
170 213
170 142
170 206
170 192
170 171
170 197
170 164
170 39
170 127
170 209
170 147
170 201
170 51
170 203
170 215
170 21
170 122
207 168
207 19
207 210
207 194
207 152
207 18
207 150
207 180
207 76
207 74
207 84
207 112
207 155
207 81
207 184
207 54
207 149
207 213
207 123
207 148
207 85
207 179
207 171
207 95
207 120
207 197
207 138
207 4
207 49
207 195
207 15
207 196
207 12
207 61
207 214
207 209
207 201
207 67
207 96
207 69
207 156
207 14
207 44
207 145
207 122
133 86
133 168
133 162
133 111
133 176
133 152
133 184
133 172
133 173
133 56
133 48
133 85
133 16
133 109
133 40
133 4
133 195
133 15
133 117
133 127
133 144
133 201
133 67
133 96
133 69
133 159
133 156
133 203
133 21
133 58
202 26
202 86
202 68
202 19
202 157
202 111
202 27
202 194
202 175
202 176
202 153
202 152
202 43
202 212
202 155
202 59
202 6
202 200
202 91
202 77
202 172
202 0
202 48
202 137
202 217
202 109
202 57
202 196
202 35
202 119
202 96
202 187
202 203
202 215
202 14
202 64
202 2
101 9
101 19
101 111
101 32
101 50
101 175
101 183
101 8
101 189
101 76
101 113
101 28
101 155
101 81
101 54
101 75
101 185
101 200
101 190
101 56
101 0
101 161
101 206
101 62
101 217
101 121
101 164
101 40
101 39
101 138
101 49
101 34
101 117
101 35
101 127
101 73
101 209
101 147
101 119
101 131
101 87
101 156
101 102
101 203
101 105
101 216
101 215
101 116
101 70
11 9
11 26
11 168
11 5
11 19
11 100
11 210
11 46
11 152
11 72
11 189
11 74
11 135
11 113
11 149
11 91
11 142
11 0
11 48
11 137
11 93
11 60
11 217
11 16
11 95
11 109
11 40
11 34
11 196
11 61
11 127
11 201
11 131
11 69
11 102
11 21
11 37
9 157
9 100
9 104
9 32
9 205
9 183
9 150
9 43
9 28
9 112
9 213
9 172
9 142
9 190
9 0
9 33
9 85
9 179
9 41
9 60
9 217
9 167
9 109
9 138
9 23
9 35
9 61
9 127
9 143
9 159
9 51
9 145
26 86
26 17
26 32
26 205
26 180
26 20
26 43
26 212
26 112
26 75
26 185
26 172
26 173
26 137
26 33
26 85
26 93
26 192
26 16
26 167
26 109
26 120
26 197
26 40
26 117
26 209
26 87
26 96
26 51
26 70
26 44
26 37
26 145
86 168
86 162
86 27
86 194
86 175
86 176
86 153
86 43
86 74
86 135
86 113
86 155
86 166
86 213
86 0
86 137
86 33
86 85
86 161
86 179
86 41
86 192
86 171
86 39
86 23
86 57
86 35
86 61
86 131
86 67
86 96
86 156
86 51
86 116
86 21
86 64
168 17
168 162
168 104
168 78
168 152
168 18
168 74
168 135
168 113
168 155
168 54
168 75
168 6
168 185
168 56
168 123
168 137
168 161
168 206
168 60
168 167
168 208
168 219
168 136
168 143
168 116
168 37
168 145
17 162
17 154
17 157
17 27
17 194
17 50
17 46
17 153
17 118
17 155
17 81
17 184
17 6
17 200
17 41
17 60
17 171
17 197
17 208
17 164
17 4
17 15
17 117
17 12
17 73
17 144
17 219
17 70
17 64
162 111
162 210
162 183
162 150
162 28
162 54
162 185
162 172
162 142
162 85
162 161
162 60
162 16
162 171
162 40
162 29
162 49
162 195
162 15
162 196
162 12
162 214
162 201
162 143
162 159
162 156
162 203
162 105
162 215
162 44
162 64
162 122
5 68
5 27
5 176
5 150
5 180
5 72
5 76
5 84
5 28
5 155
5 132
5 185
5 200
5 190
5 56
5 161
5 206
5 179
5 62
5 41
5 217
5 16
5 109
5 121
5 138
5 49
5 117
5 12
5 214
5 119
5 96
5 159
5 105
5 14
5 31
5 21
5 145
5 122
68 32
68 46
68 183
68 152
68 76
68 113
68 28
68 112
68 54
68 132
68 149
68 213
68 173
68 161
68 165
68 179
68 62
68 16
68 120
68 121
68 208
68 164
68 4
68 23
68 163
68 57
68 12
68 214
68 147
68 131
68 69
68 143
68 102
68 105
68 44
68 64
68 2
68 145
19 194
19 152
19 18
19 135
19 113
19 118
19 134
19 56
19 123
19 0
19 48
19 93
19 192
19 197
19 208
19 40
19 4
19 49
19 117
19 35
19 127
19 131
19 96
19 219
19 136
19 143
19 187
19 44
19 31
19 64
19 122
154 100
154 104
154 46
154 175
154 183
154 150
154 74
154 135
154 28
154 155
154 54
154 59
154 185
154 200
154 213
154 190
154 123
154 0
154 33
154 62
154 41
154 197
154 138
154 57
154 119
154 144
154 201
154 96
154 143
154 159
154 156
154 187
154 203
154 70
154 44
154 37
154 58
157 104
157 210
157 176
157 183
157 150
157 76
157 212
157 113
157 75
157 185
157 149
157 55
157 56
157 0
157 137
157 85
157 161
157 179
157 41
157 53
157 171
157 167
157 40
157 39
157 4
157 57
157 12
157 127
157 186
157 96
157 219
157 136
157 187
157 216
157 122
100 210
100 78
100 32
100 50
100 46
100 76
100 169
100 81
100 75
100 77
100 55
100 134
100 56
100 137
100 33
100 93
100 53
100 60
100 40
100 39
100 138
100 163
100 15
100 35
100 214
100 186
100 147
100 69
100 187
100 105
100 216
100 215
100 116
100 64
100 58
111 194
111 152
111 150
111 8
111 113
111 84
111 28
111 155
111 184
111 166
111 200
111 134
111 142
111 123
111 148
111 137
111 206
111 60
111 16
111 95
111 197
111 208
111 138
111 15
111 87
111 136
111 102
111 51
111 203
111 44
111 31
111 145
104 210
104 50
104 205
104 153
104 72
104 189
104 43
104 74
104 135
104 184
104 91
104 93
104 161
104 179
104 41
104 167
104 109
104 208
104 40
104 39
104 29
104 138
104 163
104 34
104 15
104 117
104 196
104 35
104 186
104 119
104 201
104 69
104 156
104 203
104 105
104 216
104 14
104 116
104 64
104 122
27 175
27 150
27 72
27 20
27 76
27 43
27 84
27 169
27 118
27 213
27 142
27 173
27 190
27 85
27 179
27 62
27 120
27 208
27 23
27 34
27 61
27 73
27 214
27 87
27 96
27 159
27 64
27 145
210 78
210 50
210 46
210 175
210 205
210 153
210 150
210 72
210 8
210 43
210 84
210 169
210 118
210 184
210 166
210 132
210 59
210 185
210 91
210 55
210 134
210 137
210 41
210 16
210 171
210 208
210 39
210 4
210 49
210 57
210 61
210 214
210 201
210 143
210 44
210 31
210 37
78 32
78 50
78 176
78 153
78 43
78 74
78 84
78 169
78 75
78 59
78 6
78 134
78 56
78 0
78 179
78 53
78 95
78 121
78 197
78 164
78 209
78 119
78 144
78 201
78 131
78 159
78 203
78 70
78 21
78 37
32 46
32 205
32 183
32 20
32 113
32 75
32 185
32 91
32 77
32 190
32 137
32 179
32 217
32 171
32 40
32 49
32 35
32 119
32 201
32 87
32 96
32 143
32 159
32 102
32 14
32 37
32 58
32 122
194 8
194 20
194 76
194 43
194 118
194 81
194 75
194 59
194 6
194 185
194 91
194 55
194 148
194 137
194 161
194 62
194 60
194 120
194 39
194 138
194 163
194 57
194 34
194 12
194 73
194 147
194 201
194 131
194 96
194 69
194 187
194 216
194 14
194 44
194 2
194 145
50 46
50 205
50 176
50 81
50 132
50 6
50 91
50 77
50 134
50 173
50 123
50 93
50 53
50 60
50 167
50 120
50 29
50 163
50 196
50 209
50 147
50 96
50 31
50 58
46 212
46 112
46 155
46 81
46 185
46 213
46 172
46 142
46 56
46 179
46 60
46 16
46 95
46 121
46 208
46 29
46 49
46 195
46 117
46 127
46 219
46 136
46 69
46 51
46 203
46 21
46 37
175 205
175 176
175 153
175 150
175 180
175 8
175 189
175 118
175 81
175 166
175 54
175 75
175 173
175 56
175 123
175 161
175 41
175 171
175 167
175 121
175 164
175 40
175 29
175 4
175 23
175 195
175 196
175 209
175 147
175 201
175 96
175 159
175 156
175 187
175 102
175 105
175 14
175 116
175 70
175 37
175 58
205 8
205 76
205 169
205 112
205 118
205 149
205 173
205 190
205 56
205 0
205 137
205 33
205 165
205 206
205 62
205 41
205 53
205 192
205 16
205 120
205 121
205 29
205 196
205 35
205 214
205 186
205 147
205 144
205 67
205 69
205 143
205 156
205 203
205 216
205 44
205 31
205 58
176 153
176 152
176 8
176 20
176 135
176 118
176 155
176 6
176 137
176 33
176 85
176 206
176 179
176 95
176 164
176 39
176 29
176 23
176 214
176 209
176 186
176 147
176 87
176 136
176 69
176 51
176 14
183 76
183 169
183 155
183 184
183 54
183 75
183 59
183 149
183 142
183 173
183 190
183 85
183 41
183 60
183 95
183 4
183 49
183 57
183 117
183 73
183 201
183 69
183 203
183 105
183 215
183 31
183 2
153 152
153 28
153 112
153 75
153 185
153 172
153 137
153 192
153 120
153 121
153 117
153 159
153 156
153 105
153 2
153 145
152 150
152 72
152 76
152 118
152 184
152 54
152 6
152 149
152 91
152 142
152 173
152 33
152 206
152 62
152 217
152 208
152 40
152 39
152 29
152 4
152 163
152 49
152 15
152 196
152 35
152 61
152 73
152 214
152 96
152 159
152 51
152 203
152 105
152 216
152 14
152 2
18 72
18 74
18 81
18 184
18 132
18 6
18 200
18 213
18 77
18 48
18 33
18 161
18 206
18 60
18 16
18 208
18 39
18 15
18 117
18 73
18 119
18 201
18 96
18 143
18 159
18 116
18 2
150 180
150 189
150 20
150 74
150 28
150 155
150 6
150 77
150 172
150 173
150 137
150 60
150 171
150 95
150 40
150 196
150 35
150 87
150 219
150 69
150 143
150 159
150 156
150 187
150 216
150 215
150 14
180 74
180 135
180 113
180 54
180 132
180 59
180 6
180 149
180 134
180 173
180 56
180 137
180 161
180 206
180 109
180 208
180 138
180 4
180 23
180 57
180 117
180 127
180 209
180 131
180 143
180 159
180 187
180 105
180 215
180 70
180 31
180 2
180 145
72 43
72 84
72 169
72 81
72 185
72 91
72 134
72 172
72 190
72 206
72 60
72 16
72 121
72 29
72 23
72 163
72 49
72 57
72 117
72 196
72 73
72 209
72 119
72 144
72 67
72 219
72 159
72 14
72 58
72 145
8 189
8 212
8 84
8 112
8 155
8 132
8 59
8 6
8 185
8 172
8 123
8 137
8 85
8 93
8 165
8 192
8 171
8 95
8 109
8 164
8 4
8 23
8 163
8 49
8 57
8 34
8 195
8 196
8 209
8 147
8 119
8 67
8 136
8 143
8 102
8 51
8 203
8 216
8 64
8 58
189 74
189 113
189 169
189 112
189 118
189 155
189 54
189 185
189 134
189 142
189 161
189 62
189 41
189 192
189 16
189 121
189 197
189 29
189 57
189 196
189 35
189 209
189 186
189 147
189 144
189 67
189 219
189 159
189 187
189 51
189 14
189 116
189 70
189 21
20 212
20 113
20 28
20 59
20 77
20 134
20 172
20 173
20 123
20 0
20 33
20 53
20 208
20 164
20 39
20 138
20 163
20 57
20 34
20 195
20 15
20 117
20 196
20 35
20 61
20 136
20 215
20 64
20 122
76 43
76 212
76 135
76 112
76 184
76 75
76 59
76 55
76 85
76 179
76 60
76 192
76 217
76 171
76 167
76 109
76 208
76 23
76 49
76 117
76 73
76 214
76 209
76 119
76 131
76 96
76 143
76 102
76 51
76 31
76 58
76 2
76 145
43 81
43 166
43 6
43 213
43 55
43 190
43 123
43 0
43 33
43 161
43 179
43 53
43 95
43 208
43 164
43 49
43 34
43 196
43 35
43 69
43 159
43 102
43 122
212 81
212 132
212 6
212 213
212 172
212 190
212 56
212 0
212 48
212 137
212 93
212 41
212 53
212 60
212 208
212 23
212 57
212 195
212 61
212 73
212 119
212 67
212 156
212 102
212 145
74 118
74 155
74 132
74 6
74 185
74 55
74 172
74 0
74 53
74 16
74 171
74 167
74 197
74 208
74 39
74 138
74 23
74 163
74 195
74 117
74 196
74 35
74 214
74 147
74 201
74 203
74 105
74 122
135 113
135 28
135 155
135 166
135 55
135 173
135 56
135 123
135 0
135 48
135 161
135 206
135 60
135 217
135 29
135 163
135 49
135 34
135 195
135 12
135 127
135 201
135 131
135 159
135 105
135 116
135 21
135 37
135 145
113 84
113 118
113 81
113 166
113 132
113 213
113 134
113 172
113 0
113 85
113 217
113 197
113 163
113 57
113 15
113 61
113 144
113 96
113 219
113 69
113 143
113 159
113 156
113 102
113 116
113 70
113 37
84 169
84 155
84 81
84 91
84 173
84 148
84 0
84 179
84 41
84 60
84 95
84 109
84 120
84 164
84 49
84 195
84 196
84 12
84 147
84 70
84 2
28 112
28 118
28 81
28 184
28 54
28 75
28 91
28 213
28 55
28 134
28 190
28 56
28 16
28 167
28 35
28 61
28 144
28 201
28 105
28 215
28 14
28 44
28 31
28 21
28 64
169 112
169 118
169 184
169 91
169 55
169 134
169 172
169 161
169 165
169 41
169 192
169 217
169 95
169 29
169 163
169 196
169 201
169 67
169 156
169 187
169 102
169 116
169 64
112 155
112 166
112 54
112 6
112 91
112 190
112 148
112 33
112 85
112 93
112 62
112 41
112 192
112 208
112 29
112 163
112 49
112 57
112 34
112 127
112 147
112 201
112 67
112 69
112 143
112 14
112 31
112 64
118 166
118 54
118 75
118 200
118 213
118 77
118 134
118 172
118 206
118 179
118 53
118 16
118 167
118 109
118 197
118 164
118 4
118 195
118 15
118 117
118 196
118 35
118 127
118 119
118 131
118 67
118 96
118 159
118 14
118 31
155 54
155 173
155 190
155 179
155 62
155 41
155 167
155 121
155 138
155 4
155 49
155 61
155 127
155 73
155 214
155 147
155 119
155 87
155 136
155 69
155 203
155 215
81 166
81 55
81 134
81 33
81 161
81 62
81 60
81 121
81 197
81 208
81 29
81 34
81 15
81 209
81 219
81 203
81 105
81 216
81 116
81 70
81 31
81 122
184 132
184 213
184 172
184 173
184 190
184 48
184 95
184 164
184 40
184 163
184 34
184 12
184 119
184 131
184 96
184 156
184 102
184 14
184 64
184 58
166 54
166 59
166 6
166 185
166 172
166 148
166 161
166 165
166 192
166 16
166 171
166 109
166 208
166 39
166 23
166 195
166 15
166 117
166 61
166 147
166 201
166 219
166 143
166 14
166 116
166 31
166 64
166 58
54 59
54 6
54 200
54 142
54 190
54 56
54 33
54 206
54 62
54 60
54 29
54 23
54 195
54 15
54 12
54 35
54 201
54 67
54 219
54 143
54 187
54 31
54 2
54 145
54 122
132 55
132 134
132 190
132 206
132 62
132 41
132 192
132 95
132 109
132 208
132 39
132 138
132 57
132 34
132 117
132 73
132 14
132 37
75 6
75 200
75 91
75 0
75 48
75 60
75 167
75 120
75 164
75 40
75 39
75 138
75 4
75 23
75 34
75 15
75 117
75 35
75 214
75 119
75 219
75 51
75 216
75 31
75 58
75 2
75 122
59 134
59 172
59 148
59 137
59 161
59 62
59 60
59 192
59 16
59 120
59 138
59 34
59 127
59 186
59 201
59 131
59 67
59 96
59 69
59 102
59 116
59 145
6 185
6 134
6 172
6 173
6 190
6 56
6 123
6 165
6 206
6 62
6 53
6 217
6 16
6 171
6 120
6 40
6 138
6 23
6 163
6 15
6 196
6 35
6 61
6 214
6 219
6 51
6 105
6 14
6 70
6 44
6 37
6 2
185 200
185 55
185 123
185 0
185 33
185 85
185 161
185 62
185 41
185 53
185 121
185 208
185 61
185 119
185 87
185 96
185 69
185 116
185 44
185 64
185 37
149 200
149 91
149 55
149 172
149 190
149 148
149 0
149 165
149 206
149 192
149 16
149 197
149 164
149 23
149 163
149 57
149 34
149 15
149 61
149 144
149 69
149 156
149 203
149 215
149 70
149 31
149 21
149 37
200 77
200 123
200 48
200 33
200 41
200 95
200 109
200 208
200 164
200 40
200 49
200 34
200 196
200 73
200 147
200 144
200 67
200 96
200 69
200 156
200 187
200 105
200 14
200 116
200 44
200 64
200 2
200 122
91 213
91 190
91 123
91 148
91 93
91 165
91 206
91 192
91 109
91 164
91 39
91 138
91 163
91 12
91 214
91 147
91 144
91 131
91 96
91 136
91 215
91 31
91 145
213 172
213 48
213 161
213 41
213 60
213 16
213 167
213 120
213 197
213 138
213 23
213 49
213 117
213 196
213 12
213 209
213 186
213 119
213 201
213 131
213 219
213 69
213 143
213 51
213 105
213 216
213 64
213 58
213 2
77 134
77 172
77 173
77 56
77 148
77 48
77 62
77 41
77 60
77 171
77 197
77 117
77 196
77 35
77 127
77 119
77 96
77 159
77 156
77 215
77 14
77 116
55 172
55 142
55 190
55 48
55 137
55 85
55 161
55 41
55 171
55 40
55 23
55 163
55 195
55 12
55 127
55 96
55 136
55 69
55 143
55 102
55 203
55 105
55 216
55 31
55 37
55 58
55 122
134 0
134 93
134 62
134 217
134 109
134 208
134 40
134 195
134 117
134 35
134 61
134 186
134 119
134 131
134 67
134 136
134 187
134 105
134 44
134 145
172 148
172 48
172 137
172 165
172 41
172 192
172 167
172 29
172 23
172 57
172 195
172 196
172 127
172 87
172 136
172 69
172 105
172 116
172 58
172 145
142 137
142 33
142 179
142 16
142 109
142 197
142 39
142 29
142 23
142 163
142 117
142 35
142 61
142 214
142 209
142 186
142 119
142 201
142 69
142 143
142 216
142 215
142 70
142 64
142 2
173 148
173 85
173 165
173 179
173 16
173 171
173 109
173 197
173 39
173 4
173 23
173 144
173 219
173 156
173 2
173 122
190 56
190 123
190 48
190 120
190 121
190 208
190 39
190 4
190 49
190 35
190 73
190 209
190 186
190 87
190 136
190 102
190 51
190 215
190 64
56 0
56 137
56 93
56 179
56 192
56 217
56 16
56 208
56 40
56 39
56 12
56 35
56 119
56 144
56 201
56 67
56 143
56 203
56 44
56 31
56 58
56 2
123 148
123 217
123 109
123 121
123 39
123 29
123 49
123 57
123 61
123 73
123 201
123 87
123 67
123 102
123 215
123 64
123 37
123 58
123 2
148 48
148 85
148 167
148 197
148 208
148 138
148 117
148 35
148 127
148 73
148 201
148 87
148 67
148 159
148 51
148 122
0 179
0 62
0 95
0 164
0 138
0 4
0 23
0 195
0 35
0 73
0 67
0 136
0 187
0 51
0 203
0 14
48 137
48 93
48 53
48 60
48 192
48 171
48 109
48 29
48 138
48 195
48 117
48 196
48 127
48 73
48 214
48 209
48 186
48 201
48 67
48 96
48 143
48 156
48 187
48 51
48 14
48 116
48 21
48 64
48 37
48 58
48 2
137 33
137 192
137 16
137 109
137 120
137 121
137 29
137 15
137 73
137 214
137 186
137 201
137 131
137 187
137 216
137 215
137 116
137 70
33 165
33 53
33 60
33 217
33 95
33 109
33 40
33 4
33 163
33 61
33 73
33 119
33 159
33 187
33 203
33 145
85 93
85 161
85 62
85 167
85 208
85 4
85 163
85 61
85 67
85 219
85 143
85 14
85 44
85 2
93 179
93 41
93 60
93 95
93 39
93 138
93 57
93 15
93 35
93 147
93 144
93 67
93 51
93 203
93 14
93 44
93 37
93 2
93 122
161 62
161 41
161 16
161 167
161 109
161 121
161 197
161 208
161 29
161 49
161 57
161 15
161 73
161 147
161 144
161 201
161 131
161 67
161 51
161 105
161 215
161 21
161 122
165 53
165 192
165 167
165 197
165 164
165 29
165 4
165 23
165 57
165 195
165 209
165 144
165 67
165 143
165 156
165 51
165 203
165 145
206 217
206 171
206 167
206 120
206 4
206 117
206 35
206 144
206 131
206 87
206 96
206 187
206 102
206 203
206 216
206 215
206 70
206 44
206 58
206 2
179 217
179 171
179 120
179 164
179 40
179 39
179 49
179 57
179 61
179 209
179 87
179 67
179 69
179 159
179 203
179 145
62 41
62 171
62 95
62 23
62 195
62 12
62 214
62 186
62 96
62 143
62 102
62 14
62 44
62 37
62 58
41 171
41 121
41 164
41 163
41 34
41 117
41 127
41 201
41 131
41 69
41 105
41 215
41 58
41 2
53 192
53 16
53 120
53 121
53 164
53 4
53 214
53 119
53 159
53 102
53 14
60 95
60 40
60 138
60 15
60 117
60 61
60 144
60 201
60 136
60 69
60 143
60 203
60 44
60 31
60 58
60 2
60 145
60 122
192 95
192 121
192 197
192 39
192 23
192 49
192 15
192 196
192 127
192 186
192 96
192 219
192 105
192 64
192 37
192 58
217 197
217 208
217 138
217 4
217 49
217 195
217 15
217 117
217 61
217 209
217 201
217 67
217 69
217 203
217 105
16 95
16 197
16 164
16 40
16 39
16 163
16 57
16 195
16 35
16 147
16 144
16 219
16 143
16 116
171 95
171 40
171 39
171 163
171 49
171 15
171 35
171 73
171 147
171 96
171 156
171 105
171 70
171 44
171 21
171 145
95 121
95 197
95 208
95 29
95 138
95 4
95 57
95 12
95 35
95 73
95 186
95 144
95 67
95 96
95 69
95 156
95 203
95 216
167 109
167 121
167 23
167 12
167 209
167 186
167 201
167 131
167 156
167 187
167 51
167 216
167 14
167 44
167 145
109 120
109 208
109 164
109 40
109 4
109 117
109 35
109 186
109 87
109 143
109 159
109 187
109 105
109 216
109 70
109 21
109 64
120 197
120 208
120 164
120 57
120 214
120 147
120 119
120 96
120 219
120 156
120 187
120 102
120 51
120 215
120 44
121 164
121 57
121 34
121 12
121 147
121 201
121 67
121 219
121 159
121 187
121 203
121 116
121 44
121 64
121 37
197 23
197 49
197 61
197 127
197 214
197 119
197 201
197 67
197 219
197 187
197 105
197 116
197 2
208 39
208 138
208 23
208 61
208 127
208 214
208 209
208 144
208 201
208 131
208 219
208 136
208 159
208 102
208 14
208 31
208 21
208 64
208 58
164 49
164 15
164 127
164 119
164 96
164 136
164 69
164 216
164 215
164 44
164 21
164 145
40 138
40 12
40 119
40 201
40 131
40 159
40 105
40 14
40 64
40 2
39 23
39 117
39 35
39 186
39 96
39 136
39 143
39 156
39 187
39 216
39 70
39 37
29 138
29 23
29 15
29 12
29 35
29 119
29 131
29 159
29 187
29 203
29 105
29 216
29 116
29 64
29 145
138 4
138 23
138 57
138 34
138 196
138 127
138 209
138 131
138 96
138 116
138 145
138 122
4 163
4 57
4 117
4 196
4 127
4 73
4 214
4 219
4 159
4 156
4 216
4 14
4 64
4 58
23 196
23 73
23 186
23 147
23 96
23 219
23 102
23 105
23 31
23 64
23 2
163 15
163 117
163 12
163 61
163 119
163 144
163 201
163 219
163 136
163 187
163 203
163 105
163 116
163 70
163 44
163 31
163 21
49 34
49 195
49 117
49 61
49 127
49 186
49 147
49 201
49 216
49 14
57 195
57 15
57 117
57 73
57 119
57 67
57 136
57 143
57 187
57 102
57 105
57 116
57 21
34 12
34 144
34 201
34 96
34 143
34 203
34 105
34 216
34 70
195 35
195 61
195 214
195 147
195 67
195 96
195 187
195 31
195 2
15 117
15 196
15 61
15 73
15 214
15 219
15 136
15 143
15 159
15 187
15 216
15 70
15 44
15 64
15 37
15 58
15 145
117 196
117 35
117 127
117 186
117 201
117 219
117 159
196 127
196 209
196 87
196 67
196 69
196 159
196 102
196 203
196 105
196 215
196 116
196 70
196 31
196 21
12 61
12 73
12 144
12 87
12 96
12 187
12 102
12 203
12 116
12 58
12 2
12 145
12 122
35 127
35 209
35 186
35 201
35 69
35 156
35 51
35 31
35 21
35 58
35 145
35 122
61 214
61 209
61 144
61 201
61 87
61 136
61 159
61 156
61 187
61 102
61 215
61 14
61 64
61 2
127 73
127 214
127 209
127 186
127 219
127 69
127 159
127 44
127 31
127 21
127 64
127 58
127 122
73 96
73 69
73 159
73 156
73 187
73 102
73 116
73 44
73 31
73 21
73 64
73 58
73 145
73 122
214 209
214 147
214 119
214 144
214 96
214 219
214 216
214 44
214 21
214 64
214 2
209 201
209 136
209 159
209 216
209 44
209 37
186 147
186 119
186 131
186 219
186 69
186 216
186 58
186 2
147 136
147 69
147 143
147 159
147 187
147 105
147 215
147 64
147 37
119 156
119 105
119 44
119 145
119 122
144 67
144 219
144 156
144 51
144 215
144 37
144 145
201 219
201 69
201 159
201 44
201 21
201 122
131 159
131 51
131 203
131 14
131 70
131 37
87 51
87 70
87 44
87 21
87 145
67 156
67 215
96 219
96 69
96 51
96 215
96 21
96 37
96 2
219 136
219 143
219 187
219 116
219 44
219 58
136 14
136 116
136 31
136 37
69 156
69 187
69 216
69 31
69 21
69 37
69 2
143 187
143 102
143 51
143 215
143 44
143 31
143 21
143 64
159 187
159 203
159 216
159 44
159 31
159 37
159 58
159 122
156 105
156 14
156 31
156 58
156 122
187 102
187 116
187 44
187 31
187 21
102 21
102 64
102 122
51 31
51 2
51 145
51 122
203 105
203 216
203 116
203 37
105 215
105 116
105 70
105 64
105 37
105 58
105 2
216 31
216 21
216 122
215 64
215 122
14 122
116 31
116 58
70 122
44 2
44 145
31 21
31 2
31 122
21 2
21 122
64 37
64 58
64 2
64 122
37 58
37 122
58 122
