*verties 195
100
120
219
115
55
60
68
202
114
86
127
189
140
84
172
21
180
174
15
101
176
74
210
206
73
144
183
152
175
104
165
98
169
5
12
95
91
45
61
10
109
35
62
24
157
28
65
80
42
75
123
200
72
188
40
181
185
194
209
17
132
57
89
1
66
139
171
94
197
83
135
155
29
90
36
126
107
173
16
6
87
26
187
129
198
3
201
2
111
22
164
149
71
43
64
161
141
154
103
13
37
102
14
131
134
11
122
41
147
69
117
160
8
82
125
106
208
186
156
33
32
116
159
48
99
88
118
190
25
31
76
81
51
212
196
58
192
130
195
113
63
170
119
146
177
52
184
96
93
56
138
4
158
97
38
179
77
193
150
18
92
7
53
108
216
128
0
205
163
178
79
46
133
214
218
47
112
49
145
191
27
162
70
34
137
54
136
167
67
182
199
39
207
105
59
*edges 
100 115
100 84
100 101
100 210
100 144
100 12
100 91
100 10
100 109
100 123
100 181
100 89
100 66
100 197
100 26
100 37
100 102
100 131
100 106
100 33
100 32
100 192
100 170
100 158
100 53
100 163
120 68
120 114
120 86
120 84
120 180
120 174
120 98
120 35
120 171
120 90
120 107
120 16
120 187
120 129
120 3
120 154
120 103
120 13
120 125
120 106
120 99
120 4
120 158
120 128
120 70
120 54
120 207
219 114
219 86
219 183
219 95
219 157
219 36
219 173
219 16
219 13
219 32
219 31
219 119
219 146
219 38
219 46
219 137
219 167
115 101
115 175
115 169
115 5
115 12
115 45
115 62
115 28
115 75
115 194
115 57
115 83
115 29
115 126
115 201
115 154
115 69
115 82
115 116
115 195
115 177
115 108
115 49
115 27
115 54
115 199
115 105
55 60
55 189
55 57
55 1
55 173
55 164
55 102
55 14
55 69
55 88
55 25
55 130
55 96
55 138
55 193
55 92
55 53
55 108
55 205
55 163
55 214
55 218
55 27
60 68
60 21
60 180
60 144
60 200
60 181
60 1
60 139
60 3
60 164
60 43
60 64
60 103
60 37
60 147
60 160
60 125
60 159
60 81
60 113
60 93
60 18
60 163
60 178
60 70
60 136
60 39
60 207
60 59
68 15
68 104
68 169
68 45
68 24
68 200
68 40
68 132
68 90
68 6
68 198
68 103
68 208
68 48
68 51
68 196
68 58
68 18
68 92
68 7
202 114
202 181
202 89
202 66
202 171
202 198
202 154
202 14
202 131
202 76
202 63
202 184
202 193
202 128
202 79
202 47
202 49
202 34
114 21
114 45
114 10
114 80
114 188
114 185
114 139
114 171
114 107
114 16
114 187
114 164
114 64
114 13
114 116
114 88
114 31
114 53
114 163
114 34
86 183
86 45
86 24
86 72
86 185
86 83
86 135
86 129
86 22
86 13
86 69
86 93
86 158
86 53
127 84
127 206
127 98
127 24
127 157
127 181
127 2
127 71
127 43
127 154
127 134
127 122
127 8
127 99
127 118
127 63
127 56
127 4
127 158
127 97
127 150
127 46
127 49
127 191
127 162
127 105
189 12
189 109
189 24
189 42
189 200
189 16
189 3
189 2
189 149
189 43
189 13
189 160
189 208
189 33
189 97
189 7
189 108
189 216
189 205
189 163
189 46
189 67
140 180
140 12
140 45
140 61
140 200
140 83
140 90
140 208
140 32
140 159
140 77
140 163
140 133
140 214
140 27
140 137
84 210
84 109
84 24
84 200
84 90
84 37
84 11
84 147
84 82
84 156
84 88
84 190
84 113
84 63
84 92
84 128
84 47
84 207
172 175
172 169
172 91
172 65
172 29
172 107
172 6
172 11
172 156
172 88
172 51
172 119
172 216
172 0
172 205
172 163
172 214
172 112
21 101
21 183
21 165
21 12
21 123
21 72
21 57
21 83
21 36
21 154
21 13
21 37
21 14
21 122
21 147
21 186
21 156
21 31
21 212
21 192
21 195
21 113
21 146
21 93
21 56
21 158
21 97
21 193
21 92
21 108
21 163
21 133
21 47
21 34
180 74
180 73
180 152
180 169
180 62
180 75
180 40
180 29
180 187
180 2
180 141
180 131
180 117
180 8
180 190
180 76
180 192
180 138
180 128
180 163
180 136
174 152
174 165
174 61
174 62
174 28
174 75
174 209
174 94
174 197
174 126
174 107
174 201
174 2
174 111
174 149
174 103
174 131
174 69
174 106
174 116
174 76
174 158
174 77
174 216
174 112
15 176
15 152
15 98
15 169
15 5
15 95
15 35
15 200
15 188
15 94
15 22
15 103
15 37
15 134
15 125
15 208
15 186
15 192
15 177
15 77
15 150
15 108
15 112
15 67
101 104
101 123
101 89
101 155
101 36
101 16
101 198
101 161
101 141
101 58
101 56
101 179
101 163
101 137
101 199
176 183
176 104
176 75
176 132
176 29
176 43
176 195
176 97
176 179
176 150
176 216
176 199
74 210
74 109
74 62
74 65
74 188
74 185
74 57
74 66
74 2
74 111
74 14
74 160
74 116
74 99
74 25
74 81
74 212
74 196
74 63
74 52
74 138
74 77
74 18
74 136
210 62
210 72
210 139
210 171
210 29
210 14
210 41
210 106
210 76
210 51
210 195
210 113
210 96
210 56
210 4
210 38
210 77
210 79
210 191
210 162
210 137
206 165
206 35
206 200
206 185
206 194
206 1
206 94
206 198
206 64
206 103
206 102
206 14
206 160
206 186
206 116
206 195
206 170
206 146
206 96
206 56
206 138
206 4
206 34
206 67
73 65
73 123
73 83
73 29
73 36
73 126
73 107
73 6
73 187
73 111
73 134
73 8
73 208
73 32
73 130
73 193
73 133
73 214
144 183
144 109
144 75
144 171
144 41
144 159
144 196
144 113
144 119
144 133
144 70
183 165
183 95
183 45
183 62
183 24
183 139
183 187
183 198
183 71
183 43
183 13
183 192
183 113
183 177
183 56
183 138
183 7
183 191
183 27
183 182
152 175
152 28
152 123
152 40
152 181
152 185
152 57
152 89
152 36
152 131
152 186
152 192
152 56
152 97
152 214
152 218
152 137
152 182
175 98
175 107
175 173
175 41
175 117
175 32
175 76
175 38
175 193
175 46
175 199
104 42
104 75
104 123
104 188
104 89
104 16
104 129
104 64
104 117
104 32
104 159
104 190
104 212
104 97
104 128
104 47
165 171
165 197
165 155
165 13
165 14
165 156
165 81
165 51
165 93
165 97
165 0
165 205
165 163
165 133
165 145
165 67
165 39
98 90
98 208
98 190
98 196
98 195
98 184
98 97
98 79
98 145
98 162
98 34
169 35
169 132
169 155
169 201
169 141
169 13
169 82
169 106
169 99
169 63
169 119
169 218
5 181
5 90
5 126
5 6
5 43
5 122
5 160
5 33
5 58
5 192
5 63
5 52
5 96
5 77
5 0
5 46
5 214
5 39
5 207
12 10
12 65
12 185
12 1
12 197
12 90
12 107
12 111
12 43
12 141
12 103
12 102
12 14
12 122
12 196
12 113
12 179
12 145
12 137
12 136
12 199
95 62
95 94
95 87
95 198
95 122
95 41
95 117
95 125
95 76
95 195
95 184
95 93
95 79
95 133
95 112
95 54
91 109
91 65
91 155
91 107
91 173
91 6
91 26
91 2
91 154
91 103
91 131
91 48
91 93
91 97
91 214
91 218
91 47
91 182
45 35
45 80
45 94
45 197
45 90
45 141
45 32
45 116
45 76
45 170
45 184
45 96
45 38
45 92
45 0
45 133
45 137
61 28
61 65
61 42
61 200
61 185
61 6
61 198
61 141
61 154
61 117
61 158
61 150
61 108
61 0
61 49
61 191
61 136
10 185
10 209
10 66
10 6
10 141
10 118
10 59
109 209
109 107
109 8
109 125
109 76
109 195
109 52
109 38
109 178
109 39
35 149
35 37
35 190
35 167
62 24
62 197
62 155
62 129
62 164
62 13
62 37
62 8
62 33
62 196
62 93
62 207
24 181
24 29
24 6
24 187
24 3
24 103
24 116
24 88
24 52
24 216
24 178
24 46
24 207
157 65
157 66
157 94
157 173
157 198
157 149
157 43
157 154
157 37
157 208
157 48
157 212
157 56
157 179
157 216
28 65
28 80
28 42
28 171
28 94
28 126
28 173
28 187
28 13
28 37
28 186
28 156
28 118
28 195
28 63
28 119
28 92
28 108
28 163
28 112
28 27
28 105
65 42
65 72
65 17
65 132
65 66
65 29
65 201
65 164
65 154
65 41
65 159
65 31
65 192
65 52
65 128
65 0
65 49
65 136
65 59
80 123
80 188
80 29
80 16
80 117
80 125
80 156
80 118
80 31
80 81
80 184
80 56
80 97
80 92
80 7
80 46
80 49
80 191
80 27
80 162
80 167
42 185
42 16
42 22
42 37
42 11
42 69
42 125
42 99
42 196
42 63
42 177
42 7
42 162
42 34
75 22
75 164
75 41
75 125
75 212
75 58
75 119
75 158
75 150
75 205
75 163
75 133
75 137
75 54
75 67
123 132
123 126
123 173
123 129
123 117
123 8
123 106
123 146
123 138
123 18
123 47
200 132
200 139
200 16
200 103
200 37
200 134
200 69
200 186
200 33
200 184
200 96
200 179
200 193
200 163
200 178
200 46
200 145
200 34
72 139
72 171
72 135
72 26
72 149
72 43
72 64
72 122
72 33
72 159
72 81
72 113
72 96
72 4
72 178
72 214
72 27
188 40
188 89
188 135
188 111
188 141
188 33
188 159
188 31
188 119
188 52
188 96
188 92
188 205
188 163
188 67
188 182
188 105
40 197
40 83
40 29
40 173
40 129
40 201
40 131
40 32
40 56
40 193
40 108
40 199
181 83
181 129
181 111
181 164
181 149
181 122
181 8
181 159
181 81
181 51
181 58
181 113
181 7
181 112
181 39
185 57
185 90
185 187
185 198
185 111
185 117
185 8
185 208
185 88
185 31
185 76
185 196
185 170
185 96
185 207
194 197
194 126
194 107
194 26
194 2
194 111
194 186
194 33
194 32
194 31
194 212
194 58
194 150
194 53
194 0
194 79
194 214
209 139
209 197
209 107
209 43
209 64
209 32
209 96
209 46
209 214
209 112
209 54
209 105
17 132
17 57
17 139
17 83
17 11
17 159
17 130
17 128
17 47
132 126
132 129
132 71
132 14
132 11
132 125
132 88
132 190
132 31
132 196
132 119
132 56
132 92
132 7
132 205
132 79
132 191
132 199
57 89
57 155
57 126
57 6
57 161
57 14
57 190
57 25
57 97
57 18
57 178
57 112
57 49
57 70
57 137
57 67
89 29
89 22
89 11
89 82
89 58
89 130
89 170
89 52
89 158
89 77
89 193
89 163
89 46
89 27
89 137
1 139
1 29
1 173
1 187
1 82
1 48
1 190
1 192
1 158
1 77
1 193
1 92
1 53
1 128
1 218
1 49
66 171
66 94
66 173
66 130
66 177
66 56
66 97
66 133
66 49
66 145
66 70
66 137
139 16
139 43
139 41
139 190
139 25
139 158
139 108
139 218
139 145
139 27
139 167
171 83
171 26
171 187
171 129
171 111
171 102
171 82
171 212
171 146
171 7
171 53
171 128
171 163
171 218
171 34
171 54
171 67
171 105
94 197
94 16
94 129
94 71
94 156
94 116
94 51
94 146
94 108
94 128
94 79
94 133
94 145
197 173
197 22
197 164
197 149
197 103
197 134
197 11
197 160
197 195
197 177
197 38
197 108
83 36
83 107
83 6
83 22
83 14
83 41
83 160
83 186
83 192
83 177
83 53
83 79
83 218
83 49
135 90
135 16
135 187
135 201
135 106
135 25
135 196
135 63
135 158
135 179
135 133
135 162
135 137
135 59
155 64
155 8
155 159
155 119
155 177
155 96
155 49
155 70
155 199
29 107
29 173
29 87
29 198
29 3
29 149
29 32
29 116
29 99
29 81
29 212
29 146
29 96
29 4
29 136
29 207
90 149
90 106
90 158
90 178
90 218
90 49
90 54
90 136
36 173
36 102
36 125
36 106
36 99
36 76
36 7
36 79
126 149
126 33
126 118
126 76
126 58
126 170
126 158
126 18
126 0
126 178
126 27
126 70
107 111
107 149
107 154
107 103
107 37
107 69
107 116
107 58
107 97
107 79
173 22
173 71
173 43
173 103
173 13
173 131
173 156
173 190
173 31
173 196
173 119
173 184
173 178
173 112
173 145
173 162
16 111
16 164
16 71
16 160
16 159
16 48
16 170
16 145
6 149
6 154
6 103
6 192
6 63
6 177
6 7
87 22
87 134
87 159
87 58
87 63
87 177
87 193
26 164
26 71
26 161
26 37
26 58
26 146
26 38
26 179
26 193
26 18
26 92
26 163
26 191
26 70
26 182
187 2
187 71
187 102
187 14
187 69
187 190
187 31
187 170
187 93
187 128
187 163
187 46
187 218
187 49
187 145
187 54
187 59
129 93
129 38
129 92
129 128
129 178
129 79
129 54
129 105
198 149
198 71
198 13
198 37
198 147
198 99
198 31
198 119
198 138
198 4
198 18
198 7
198 108
198 205
198 112
3 149
3 64
3 161
3 134
3 160
3 125
3 33
3 32
3 159
3 190
3 195
3 179
3 150
3 128
3 214
3 49
3 137
3 136
201 64
201 31
201 196
201 150
201 92
201 70
201 136
2 154
2 14
2 125
2 32
2 159
2 48
2 118
2 190
2 81
2 108
2 79
2 67
111 149
111 71
111 154
111 116
111 159
111 118
111 31
111 130
111 113
111 184
111 205
111 79
111 133
111 191
111 167
111 39
22 71
22 106
22 33
22 32
22 146
22 52
22 96
22 158
22 193
22 207
164 102
164 186
164 32
164 76
164 195
164 184
164 145
164 207
164 105
149 103
149 13
149 69
149 106
149 146
149 177
149 96
149 56
149 214
149 218
149 47
149 49
149 191
149 182
71 154
71 13
71 11
71 69
71 32
71 192
71 93
71 4
71 97
71 53
71 0
71 112
71 199
43 161
43 117
43 130
43 133
43 136
43 199
43 105
64 161
64 13
64 102
64 69
64 125
64 145
161 103
161 106
161 190
161 58
161 96
161 92
161 53
161 128
161 205
161 112
161 182
141 13
141 122
141 8
141 51
141 58
141 177
141 96
141 138
141 92
141 7
141 163
141 214
141 191
141 70
141 167
141 182
141 199
154 131
154 160
154 82
154 48
154 118
154 76
154 196
154 58
154 177
154 133
154 47
154 207
154 105
154 59
103 102
103 14
103 131
103 117
103 160
103 82
103 190
103 58
103 138
103 4
103 193
103 216
103 207
13 11
13 8
13 118
13 63
13 96
13 178
13 49
13 145
13 191
13 54
37 102
37 32
37 25
37 196
37 195
37 113
37 63
37 170
37 177
37 97
37 112
37 49
37 162
37 34
37 105
102 14
102 160
102 106
102 88
102 170
102 133
102 182
14 117
14 196
14 58
14 96
14 179
14 214
14 47
14 70
131 186
131 113
131 96
131 158
131 179
131 0
131 163
131 145
131 137
131 105
134 147
134 160
134 32
134 159
134 31
134 177
134 96
134 7
134 108
134 214
134 162
11 41
11 117
11 63
11 119
11 56
11 0
11 105
122 41
122 159
122 51
122 119
122 184
122 138
122 0
122 205
122 163
122 47
122 112
41 147
41 117
41 32
41 52
41 4
41 193
41 216
41 34
41 59
147 156
147 7
147 108
147 0
147 163
147 178
147 182
69 8
69 88
69 51
69 56
69 193
69 145
69 191
69 34
69 167
69 39
117 99
117 195
117 97
117 163
117 105
160 192
160 195
160 7
160 34
160 67
8 156
8 116
8 52
8 96
8 56
8 108
8 46
8 191
8 167
8 199
82 33
82 159
82 31
82 51
82 212
82 196
82 63
82 146
82 56
82 205
82 79
82 46
82 105
125 186
125 58
125 119
125 146
125 193
125 53
125 108
125 70
125 67
125 199
106 118
106 58
106 52
106 4
106 18
106 92
106 178
106 46
106 133
106 218
106 112
106 191
106 70
208 186
208 88
208 4
208 179
208 92
208 79
208 47
208 67
186 51
186 63
186 138
186 92
186 207
156 32
156 63
156 178
156 47
156 54
156 207
33 88
33 192
33 52
33 38
33 214
33 145
33 162
33 182
33 199
32 96
32 79
32 47
32 207
116 81
116 130
116 18
116 145
116 162
159 118
159 184
159 179
159 218
159 137
159 136
48 190
48 130
48 177
48 56
48 38
48 0
48 39
99 190
99 63
99 146
99 97
99 179
99 205
99 137
99 59
88 51
88 170
88 119
88 177
88 49
88 182
118 192
118 195
118 56
118 150
118 137
118 39
190 25
190 170
190 138
190 205
190 133
190 54
190 105
25 58
25 63
25 52
25 77
25 178
25 47
25 34
25 137
25 136
25 207
25 105
31 195
31 138
31 77
31 193
31 70
31 39
76 177
76 145
76 70
76 54
76 67
81 97
81 7
51 196
51 52
51 77
51 128
51 27
51 70
212 130
212 170
212 119
212 56
212 18
212 53
212 216
212 214
212 112
212 136
212 59
196 38
196 193
196 92
196 218
196 191
196 59
58 97
58 128
58 163
58 191
58 70
58 59
192 146
192 38
192 53
192 79
192 133
130 4
130 38
130 53
130 128
130 163
130 178
130 70
195 170
195 177
195 96
195 77
195 128
195 0
195 205
195 163
195 79
195 218
195 162
195 137
113 52
113 93
113 108
113 216
113 128
113 178
113 137
63 158
63 46
63 67
63 199
170 146
170 193
170 0
119 7
119 53
119 136
119 199
119 207
119 59
146 184
146 38
146 7
146 133
146 182
177 4
177 77
177 108
177 49
177 145
177 191
177 27
177 67
52 138
52 34
52 137
184 93
184 4
184 97
184 214
184 162
184 137
96 179
96 53
96 0
96 34
96 67
93 179
93 92
93 145
93 137
93 105
56 18
56 163
56 79
56 133
56 49
56 191
56 54
138 38
138 193
138 216
138 205
138 133
138 112
138 136
138 182
138 59
4 77
4 70
4 54
4 207
4 105
158 46
158 136
97 46
97 145
97 191
97 27
97 162
97 182
38 7
38 47
38 70
38 167
38 39
179 214
179 27
77 145
193 34
193 136
193 167
150 205
150 207
150 105
18 7
18 128
18 0
18 218
18 199
92 199
7 218
7 54
53 163
53 49
53 54
108 205
108 162
108 136
108 207
216 163
216 27
216 34
216 105
128 46
128 214
128 27
128 105
205 178
205 136
205 182
163 214
163 136
163 67
163 182
163 39
178 49
178 70
79 70
79 39
46 214
46 218
46 162
46 70
133 145
133 162
133 207
133 59
214 27
214 167
214 199
214 39
214 105
218 67
47 145
47 137
112 145
49 182
145 54
145 105
191 105
27 199
162 207
162 59
70 137
34 182
34 39
34 207
137 199
136 105
