*verties 194
162
23
199
6
99
212
76
57
7
102
152
160
192
217
3
98
175
170
95
107
44
52
144
21
139
8
12
172
206
203
115
149
17
18
33
215
165
16
22
194
43
61
80
89
90
45
77
106
9
53
133
59
103
63
92
156
1
20
132
163
196
180
25
214
24
66
31
177
198
169
126
137
74
91
56
26
142
87
47
5
204
158
112
124
11
186
19
123
14
208
29
210
65
193
184
216
36
182
134
13
179
183
185
2
153
189
97
171
128
37
178
219
96
4
161
167
70
34
168
83
51
60
54
130
39
50
78
145
125
138
135
105
211
121
113
174
117
75
155
191
15
136
187
108
109
173
49
69
147
40
127
154
27
10
0
111
42
86
166
164
104
157
148
176
190
94
122
205
118
28
67
79
202
84
72
35
119
120
41
197
55
101
195
188
181
143
58
201
48
46
64
218
100
85
*edges 
162 23
162 6
162 99
162 76
162 57
162 7
162 102
162 152
162 160
162 98
162 170
162 107
162 44
162 52
162 144
162 8
162 172
162 115
162 149
162 17
162 18
162 16
162 43
162 89
162 90
162 45
162 77
162 106
162 9
162 53
162 59
162 156
162 20
162 132
162 163
162 25
162 214
162 24
162 66
162 31
162 177
162 169
162 137
162 87
162 47
162 5
162 204
162 112
162 124
162 14
162 29
162 216
162 36
162 134
162 128
162 219
162 96
162 4
162 161
162 70
162 168
162 83
162 60
162 54
162 135
162 121
162 113
162 117
162 75
162 191
162 15
162 187
162 108
162 109
162 49
162 69
162 147
162 127
162 27
162 10
162 0
162 42
162 86
162 164
162 104
162 148
162 205
162 118
162 28
162 67
162 79
162 202
162 84
162 72
162 120
162 55
162 101
162 201
162 46
162 64
162 100
162 85
23 6
23 76
23 57
23 7
23 152
23 160
23 192
23 217
23 3
23 107
23 44
23 144
23 21
23 139
23 8
23 12
23 172
23 206
23 203
23 17
23 18
23 165
23 16
23 61
23 89
23 90
23 45
23 106
23 9
23 53
23 59
23 103
23 63
23 20
23 25
23 24
23 66
23 31
23 177
23 198
23 126
23 137
23 74
23 87
23 5
23 204
23 112
23 11
23 123
23 14
23 208
23 29
23 210
23 193
23 36
23 13
23 179
23 183
23 2
23 189
23 97
23 171
23 37
23 219
23 168
23 83
23 51
23 60
23 78
23 138
23 135
23 105
23 211
23 113
23 174
23 117
23 75
23 15
23 136
23 187
23 108
23 109
23 49
23 69
23 127
23 10
23 111
23 42
23 86
23 166
23 164
23 104
23 157
23 148
23 190
23 94
23 122
23 205
23 118
23 67
23 202
23 84
23 35
23 120
23 41
23 197
23 55
23 143
23 58
23 201
23 48
23 46
23 218
23 100
23 85
199 99
199 212
199 57
199 7
199 102
199 160
199 3
199 107
199 44
199 52
199 144
199 21
199 139
199 8
199 12
199 172
199 206
199 203
199 149
199 17
199 215
199 165
199 16
199 61
199 90
199 45
199 77
199 133
199 103
199 92
199 156
199 1
199 20
199 163
199 196
199 25
199 24
199 31
199 177
199 198
199 169
199 126
199 74
199 91
199 56
199 26
199 87
199 47
199 5
199 112
199 186
199 19
199 208
199 29
199 210
199 65
199 193
199 216
199 36
199 182
199 134
199 13
199 183
199 185
199 2
199 189
199 97
199 171
199 128
199 37
199 219
199 4
199 167
199 70
199 34
199 83
199 51
199 54
199 39
199 50
199 78
199 125
199 138
199 121
199 75
199 155
199 191
199 15
199 136
199 187
199 108
199 109
199 49
199 69
199 147
199 40
199 154
199 27
199 0
199 86
199 104
199 94
199 122
199 205
199 118
199 28
199 79
199 84
199 72
199 119
199 197
199 55
199 101
199 195
199 188
199 58
199 201
199 48
199 46
199 218
199 85
6 76
6 57
6 7
6 102
6 98
6 44
6 52
6 21
6 12
6 206
6 203
6 115
6 18
6 33
6 215
6 16
6 22
6 194
6 43
6 61
6 80
6 89
6 45
6 9
6 53
6 133
6 59
6 156
6 132
6 163
6 196
6 180
6 25
6 214
6 24
6 31
6 169
6 126
6 91
6 56
6 47
6 5
6 204
6 112
6 186
6 123
6 14
6 208
6 29
6 210
6 184
6 13
6 179
6 183
6 185
6 2
6 189
6 97
6 171
6 128
6 37
6 161
6 167
6 70
6 168
6 83
6 51
6 60
6 54
6 130
6 39
6 78
6 105
6 211
6 113
6 174
6 75
6 155
6 191
6 136
6 108
6 109
6 173
6 49
6 69
6 147
6 127
6 154
6 10
6 111
6 42
6 86
6 166
6 164
6 157
6 148
6 176
6 190
6 122
6 205
6 79
6 202
6 72
6 35
6 120
6 41
6 55
6 195
6 58
6 201
6 46
6 64
6 218
99 212
99 76
99 102
99 160
99 192
99 217
99 3
99 98
99 175
99 170
99 44
99 52
99 139
99 172
99 206
99 115
99 149
99 17
99 18
99 33
99 22
99 61
99 89
99 90
99 77
99 106
99 9
99 53
99 103
99 92
99 132
99 163
99 196
99 25
99 214
99 66
99 169
99 126
99 74
99 91
99 56
99 26
99 142
99 87
99 5
99 204
99 112
99 11
99 186
99 19
99 123
99 14
99 208
99 29
99 210
99 193
99 182
99 134
99 13
99 179
99 183
99 185
99 189
99 128
99 37
99 178
99 219
99 96
99 161
99 167
99 168
99 83
99 51
99 130
99 39
99 145
99 125
99 138
99 105
99 211
99 174
99 117
99 75
99 191
99 136
99 187
99 108
99 173
99 69
99 127
99 154
99 27
99 0
99 104
99 94
99 122
99 205
99 202
99 84
99 119
99 41
99 195
99 188
99 143
99 58
99 201
99 48
99 85
212 76
212 160
212 3
212 170
212 95
212 107
212 52
212 144
212 139
212 8
212 12
212 206
212 17
212 215
212 165
212 22
212 194
212 61
212 80
212 89
212 45
212 77
212 106
212 9
212 53
212 63
212 156
212 132
212 163
212 196
212 25
212 214
212 177
212 169
212 137
212 91
212 56
212 87
212 47
212 204
212 158
212 124
212 11
212 14
212 29
212 193
212 184
212 216
212 36
212 182
212 134
212 13
212 183
212 2
212 153
212 97
212 171
212 37
212 219
212 96
212 161
212 167
212 34
212 51
212 60
212 54
212 50
212 138
212 135
212 211
212 121
212 174
212 117
212 75
212 108
212 173
212 69
212 127
212 10
212 0
212 111
212 86
212 164
212 157
212 176
212 190
212 205
212 118
212 28
212 67
212 202
212 84
212 72
212 120
212 55
212 101
212 188
212 181
212 143
212 48
212 64
212 218
212 100
212 85
76 57
76 192
76 44
76 52
76 139
76 8
76 12
76 203
76 149
76 165
76 22
76 194
76 61
76 80
76 89
76 90
76 106
76 9
76 133
76 59
76 103
76 92
76 156
76 1
76 20
76 132
76 163
76 196
76 25
76 66
76 31
76 177
76 198
76 169
76 126
76 137
76 74
76 91
76 56
76 26
76 142
76 47
76 5
76 158
76 112
76 123
76 14
76 29
76 210
76 193
76 216
76 36
76 182
76 179
76 183
76 185
76 2
76 153
76 189
76 171
76 128
76 37
76 219
76 96
76 60
76 54
76 130
76 39
76 50
76 78
76 145
76 211
76 121
76 174
76 117
76 155
76 191
76 15
76 136
76 108
76 173
76 40
76 127
76 154
76 27
76 0
76 111
76 42
76 86
76 157
76 148
76 176
76 94
76 122
76 205
76 118
76 67
76 202
76 84
76 119
76 41
76 55
76 101
76 188
76 181
76 143
76 58
76 201
76 48
76 46
76 64
76 85
57 102
57 152
57 160
57 217
57 3
57 98
57 175
57 170
57 107
57 144
57 8
57 12
57 172
57 206
57 203
57 149
57 18
57 33
57 215
57 16
57 22
57 43
57 89
57 45
57 77
57 106
57 53
57 103
57 63
57 92
57 156
57 20
57 132
57 163
57 196
57 180
57 214
57 66
57 177
57 198
57 169
57 126
57 137
57 74
57 26
57 142
57 87
57 47
57 5
57 158
57 124
57 14
57 29
57 210
57 193
57 134
57 13
57 179
57 183
57 185
57 2
57 153
57 189
57 97
57 171
57 128
57 37
57 96
57 4
57 167
57 70
57 34
57 51
57 60
57 54
57 130
57 39
57 145
57 138
57 135
57 105
57 211
57 113
57 117
57 155
57 15
57 187
57 108
57 173
57 69
57 147
57 127
57 154
57 10
57 111
57 86
57 104
57 176
57 94
57 122
57 205
57 79
57 72
57 35
57 120
57 41
57 197
57 101
57 195
57 188
57 181
57 143
57 201
57 48
57 46
57 218
57 100
57 85
7 152
7 192
7 3
7 170
7 52
7 144
7 12
7 206
7 203
7 115
7 17
7 18
7 215
7 165
7 16
7 22
7 80
7 90
7 45
7 77
7 9
7 53
7 59
7 63
7 92
7 1
7 163
7 196
7 180
7 25
7 24
7 66
7 177
7 169
7 126
7 91
7 26
7 87
7 47
7 5
7 204
7 158
7 112
7 124
7 11
7 123
7 14
7 208
7 210
7 65
7 184
7 134
7 13
7 183
7 2
7 189
7 97
7 171
7 128
7 178
7 219
7 96
7 4
7 161
7 167
7 34
7 168
7 51
7 54
7 130
7 39
7 50
7 78
7 145
7 105
7 121
7 75
7 155
7 191
7 187
7 173
7 49
7 69
7 147
7 127
7 27
7 42
7 166
7 164
7 157
7 148
7 176
7 190
7 94
7 67
7 202
7 84
7 72
7 35
7 119
7 197
7 101
7 188
7 181
7 48
7 100
7 85
102 152
102 160
102 170
102 95
102 107
102 144
102 21
102 139
102 8
102 12
102 149
102 17
102 61
102 89
102 45
102 106
102 53
102 59
102 92
102 1
102 163
102 196
102 180
102 24
102 66
102 31
102 177
102 74
102 91
102 56
102 26
102 142
102 47
102 5
102 112
102 208
102 29
102 210
102 65
102 193
102 184
102 216
102 182
102 134
102 179
102 2
102 153
102 189
102 97
102 171
102 128
102 37
102 96
102 4
102 161
102 167
102 34
102 168
102 83
102 60
102 54
102 130
102 39
102 78
102 145
102 138
102 135
102 105
102 211
102 174
102 117
102 75
102 191
102 15
102 136
102 109
102 173
102 49
102 127
102 27
102 86
102 166
102 164
102 157
102 148
102 176
102 190
102 94
102 122
102 205
102 118
102 28
102 67
102 202
102 84
102 72
102 35
102 119
102 120
102 41
102 197
102 55
102 195
102 181
102 143
102 58
102 201
102 48
102 46
102 64
102 100
102 85
152 160
152 192
152 217
152 98
152 170
152 44
152 52
152 144
152 8
152 12
152 172
152 203
152 17
152 165
152 22
152 43
152 45
152 77
152 9
152 63
152 92
152 20
152 132
152 196
152 25
152 214
152 24
152 66
152 177
152 198
152 169
152 137
152 91
152 47
152 5
152 204
152 112
152 124
152 11
152 19
152 123
152 14
152 210
152 65
152 193
152 216
152 36
152 13
152 179
152 2
152 189
152 97
152 171
152 128
152 37
152 219
152 4
152 161
152 70
152 51
152 60
152 54
152 130
152 39
152 78
152 145
152 138
152 105
152 211
152 121
152 113
152 117
152 75
152 15
152 136
152 187
152 108
152 49
152 69
152 147
152 40
152 127
152 154
152 10
152 0
152 166
152 164
152 104
152 148
152 94
152 122
152 118
152 202
152 119
152 120
152 197
152 55
152 101
152 143
152 58
152 48
152 46
152 64
152 100
152 85
160 192
160 170
160 44
160 52
160 21
160 139
160 8
160 206
160 203
160 115
160 149
160 18
160 165
160 22
160 43
160 61
160 89
160 45
160 77
160 106
160 133
160 59
160 103
160 63
160 92
160 156
160 1
160 132
160 196
160 180
160 25
160 214
160 66
160 31
160 169
160 126
160 137
160 91
160 56
160 26
160 142
160 158
160 112
160 124
160 11
160 19
160 123
160 14
160 208
160 29
160 193
160 13
160 185
160 2
160 189
160 97
160 171
160 128
160 37
160 178
160 219
160 161
160 167
160 34
160 168
160 51
160 60
160 54
160 130
160 39
160 50
160 78
160 145
160 125
160 138
160 105
160 113
160 174
160 117
160 155
160 191
160 136
160 187
160 108
160 49
160 69
160 147
160 40
160 10
160 0
160 86
160 166
160 164
160 104
160 157
160 148
160 190
160 122
160 205
160 118
160 67
160 79
160 202
160 84
160 41
160 197
160 101
160 195
160 181
160 143
160 48
160 46
160 64
160 85
192 217
192 3
192 98
192 175
192 170
192 95
192 44
192 21
192 139
192 8
192 12
192 172
192 206
192 17
192 18
192 33
192 215
192 165
192 22
192 194
192 61
192 45
192 77
192 53
192 103
192 156
192 1
192 132
192 163
192 180
192 25
192 24
192 66
192 31
192 177
192 126
192 74
192 91
192 56
192 26
192 142
192 204
192 112
192 124
192 11
192 186
192 19
192 14
192 65
192 184
192 216
192 36
192 182
192 134
192 13
192 179
192 185
192 2
192 189
192 97
192 171
192 128
192 178
192 219
192 34
192 168
192 83
192 51
192 50
192 135
192 105
192 113
192 174
192 117
192 155
192 15
192 136
192 187
192 108
192 109
192 49
192 40
192 127
192 0
192 111
192 166
192 164
192 157
192 148
192 190
192 94
192 205
192 28
192 67
192 79
192 202
192 119
192 120
192 41
192 197
192 195
192 188
192 143
192 58
192 201
192 46
192 218
192 100
217 3
217 98
217 175
217 170
217 95
217 44
217 52
217 21
217 172
217 206
217 115
217 17
217 33
217 16
217 194
217 80
217 90
217 45
217 106
217 9
217 133
217 103
217 63
217 20
217 132
217 163
217 196
217 180
217 66
217 31
217 137
217 74
217 91
217 56
217 87
217 204
217 158
217 124
217 11
217 186
217 19
217 123
217 14
217 29
217 65
217 184
217 36
217 179
217 183
217 2
217 153
217 128
217 178
217 96
217 4
217 161
217 167
217 34
217 83
217 60
217 130
217 78
217 145
217 125
217 138
217 121
217 174
217 117
217 155
217 109
217 49
217 147
217 40
217 127
217 154
217 27
217 111
217 42
217 166
217 104
217 148
217 176
217 190
217 94
217 205
217 28
217 79
217 202
217 84
217 72
217 119
217 197
217 101
217 195
217 58
217 201
217 48
217 64
217 218
3 107
3 44
3 52
3 144
3 21
3 12
3 172
3 115
3 149
3 17
3 33
3 215
3 16
3 22
3 61
3 106
3 9
3 53
3 103
3 92
3 156
3 1
3 132
3 163
3 180
3 25
3 24
3 66
3 31
3 177
3 169
3 126
3 137
3 74
3 91
3 56
3 142
3 87
3 47
3 5
3 204
3 158
3 124
3 11
3 186
3 19
3 123
3 14
3 210
3 182
3 134
3 13
3 183
3 185
3 153
3 97
3 128
3 37
3 219
3 96
3 70
3 168
3 83
3 51
3 54
3 39
3 145
3 125
3 138
3 121
3 113
3 155
3 191
3 15
3 136
3 108
3 173
3 69
3 147
3 40
3 27
3 0
3 111
3 164
3 104
3 148
3 190
3 94
3 122
3 205
3 28
3 84
3 72
3 119
3 120
3 41
3 197
3 188
3 181
3 201
3 48
3 64
98 175
98 44
98 52
98 21
98 139
98 12
98 172
98 203
98 115
98 149
98 33
98 215
98 194
98 80
98 89
98 90
98 45
98 77
98 106
98 9
98 53
98 133
98 59
98 103
98 63
98 92
98 156
98 1
98 163
98 196
98 24
98 169
98 74
98 26
98 47
98 5
98 204
98 112
98 186
98 19
98 123
98 208
98 29
98 210
98 65
98 193
98 36
98 182
98 134
98 183
98 185
98 2
98 97
98 171
98 178
98 96
98 4
98 161
98 168
98 83
98 54
98 50
98 78
98 125
98 138
98 135
98 105
98 211
98 121
98 117
98 75
98 155
98 191
98 15
98 136
98 187
98 108
98 173
98 69
98 40
98 154
98 0
98 111
98 42
98 86
98 164
98 104
98 157
98 148
98 190
98 94
98 205
98 28
98 67
98 79
98 202
98 84
98 41
98 197
98 55
98 188
98 181
98 201
98 46
98 218
98 100
98 85
175 170
175 107
175 44
175 8
175 12
175 115
175 149
175 18
175 33
175 215
175 165
175 43
175 80
175 90
175 77
175 106
175 9
175 53
175 133
175 103
175 92
175 156
175 20
175 196
175 180
175 25
175 214
175 198
175 169
175 126
175 137
175 74
175 91
175 56
175 26
175 47
175 204
175 123
175 14
175 208
175 29
175 65
175 193
175 179
175 183
175 185
175 2
175 171
175 37
175 178
175 219
175 161
175 70
175 168
175 83
175 51
175 50
175 78
175 125
175 135
175 211
175 121
175 113
175 75
175 15
175 136
175 187
175 108
175 109
175 154
175 0
175 104
175 176
175 190
175 94
175 205
175 118
175 67
175 202
175 119
175 197
175 101
175 143
175 201
175 64
175 85
170 107
170 44
170 8
170 12
170 172
170 149
170 17
170 33
170 16
170 22
170 43
170 80
170 90
170 77
170 9
170 53
170 133
170 59
170 63
170 92
170 156
170 20
170 132
170 163
170 214
170 177
170 126
170 74
170 26
170 142
170 87
170 47
170 5
170 204
170 124
170 186
170 123
170 14
170 210
170 65
170 193
170 184
170 216
170 182
170 134
170 183
170 153
170 189
170 97
170 171
170 128
170 37
170 96
170 70
170 34
170 83
170 60
170 54
170 130
170 39
170 50
170 78
170 125
170 138
170 117
170 75
170 155
170 136
170 108
170 109
170 173
170 49
170 69
170 40
170 127
170 154
170 27
170 10
170 111
170 42
170 86
170 166
170 164
170 104
170 157
170 148
170 176
170 94
170 118
170 28
170 67
170 35
170 119
170 120
170 41
170 143
170 58
170 218
170 100
170 85
95 107
95 44
95 52
95 21
95 139
95 12
95 203
95 115
95 17
95 215
95 16
95 194
95 43
95 80
95 90
95 45
95 53
95 133
95 59
95 103
95 92
95 156
95 1
95 163
95 180
95 25
95 24
95 177
95 126
95 137
95 74
95 56
95 87
95 47
95 5
95 204
95 112
95 124
95 193
95 216
95 36
95 13
95 2
95 153
95 128
95 37
95 178
95 96
95 4
95 161
95 70
95 34
95 168
95 51
95 60
95 130
95 50
95 125
95 135
95 105
95 121
95 113
95 117
95 75
95 136
95 108
95 147
95 40
95 127
95 154
95 27
95 10
95 111
95 42
95 86
95 166
95 164
95 104
95 157
95 148
95 176
95 122
95 205
95 118
95 28
95 67
95 202
95 35
95 120
95 197
95 55
95 101
95 195
95 58
95 46
95 64
95 218
95 85
107 44
107 52
107 144
107 21
107 139
107 203
107 115
107 17
107 18
107 215
107 165
107 80
107 90
107 45
107 77
107 106
107 133
107 103
107 92
107 156
107 20
107 196
107 180
107 25
107 214
107 66
107 198
107 126
107 137
107 91
107 26
107 47
107 204
107 112
107 11
107 186
107 19
107 208
107 29
107 184
107 182
107 13
107 185
107 2
107 153
107 97
107 171
107 128
107 37
107 178
107 219
107 96
107 167
107 70
107 34
107 168
107 83
107 60
107 130
107 50
107 78
107 125
107 121
107 113
107 117
107 75
107 15
107 109
107 173
107 69
107 147
107 127
107 154
107 27
107 10
107 0
107 42
107 86
107 164
107 104
107 176
107 28
107 84
107 72
107 119
107 120
107 41
107 101
107 188
107 181
107 58
107 218
107 100
107 85
44 144
44 21
44 139
44 8
44 12
44 172
44 206
44 115
44 149
44 18
44 33
44 215
44 165
44 194
44 43
44 80
44 89
44 77
44 106
44 63
44 92
44 156
44 1
44 163
44 196
44 214
44 24
44 177
44 74
44 91
44 56
44 142
44 47
44 5
44 204
44 158
44 124
44 186
44 19
44 14
44 208
44 29
44 210
44 193
44 182
44 134
44 183
44 185
44 2
44 153
44 189
44 97
44 128
44 178
44 219
44 96
44 4
44 167
44 70
44 168
44 51
44 54
44 130
44 50
44 78
44 125
44 138
44 135
44 113
44 174
44 117
44 75
44 191
44 15
44 136
44 108
44 109
44 173
44 49
44 69
44 40
44 154
44 0
44 111
44 42
44 166
44 104
44 157
44 148
44 190
44 94
44 122
44 118
44 28
44 67
44 84
44 72
44 195
44 188
44 181
44 64
44 100
52 172
52 149
52 18
52 215
52 16
52 22
52 61
52 89
52 53
52 133
52 59
52 63
52 92
52 156
52 1
52 132
52 163
52 180
52 25
52 214
52 31
52 198
52 126
52 137
52 26
52 142
52 87
52 47
52 204
52 158
52 112
52 124
52 11
52 186
52 19
52 123
52 208
52 29
52 210
52 193
52 216
52 36
52 134
52 13
52 179
52 153
52 128
52 37
52 178
52 219
52 161
52 167
52 70
52 34
52 51
52 130
52 39
52 50
52 145
52 125
52 135
52 105
52 121
52 113
52 191
52 15
52 108
52 173
52 69
52 147
52 40
52 127
52 27
52 10
52 0
52 111
52 42
52 164
52 148
52 94
52 118
52 67
52 41
52 197
52 55
52 195
52 143
52 58
52 201
52 48
52 46
52 64
52 218
52 100
144 21
144 12
144 203
144 149
144 33
144 165
144 16
144 22
144 43
144 61
144 80
144 45
144 77
144 133
144 103
144 63
144 92
144 156
144 180
144 25
144 214
144 24
144 66
144 177
144 198
144 169
144 126
144 91
144 56
144 26
144 142
144 87
144 47
144 204
144 158
144 112
144 124
144 11
144 19
144 208
144 65
144 193
144 216
144 182
144 179
144 183
144 185
144 2
144 189
144 171
144 37
144 178
144 219
144 161
144 70
144 83
144 51
144 54
144 130
144 39
144 145
144 135
144 117
144 155
144 136
144 187
144 109
144 49
144 69
144 147
144 127
144 154
144 10
144 0
144 111
144 104
144 157
144 148
144 176
144 94
144 122
144 205
144 118
144 28
144 67
144 202
144 84
144 72
144 119
144 41
144 195
144 188
144 181
144 143
144 48
144 46
144 218
144 85
21 139
21 12
21 172
21 206
21 203
21 149
21 18
21 33
21 165
21 22
21 194
21 61
21 80
21 89
21 45
21 77
21 53
21 59
21 63
21 20
21 132
21 163
21 196
21 25
21 24
21 66
21 31
21 169
21 126
21 137
21 74
21 91
21 56
21 142
21 87
21 47
21 5
21 204
21 112
21 124
21 19
21 123
21 29
21 210
21 65
21 193
21 36
21 134
21 179
21 185
21 2
21 153
21 97
21 171
21 219
21 96
21 161
21 167
21 70
21 51
21 60
21 54
21 130
21 39
21 50
21 78
21 125
21 138
21 105
21 121
21 117
21 75
21 191
21 15
21 136
21 187
21 109
21 173
21 49
21 147
21 40
21 154
21 111
21 42
21 86
21 166
21 164
21 104
21 157
21 176
21 190
21 94
21 122
21 205
21 118
21 28
21 79
21 202
21 84
21 120
21 41
21 55
21 188
21 58
21 201
21 48
21 46
21 100
21 85
139 12
139 172
139 206
139 203
139 115
139 149
139 17
139 18
139 33
139 215
139 16
139 22
139 194
139 61
139 89
139 90
139 45
139 77
139 106
139 59
139 103
139 63
139 92
139 1
139 20
139 163
139 196
139 180
139 25
139 24
139 66
139 31
139 198
139 126
139 74
139 26
139 47
139 158
139 112
139 11
139 19
139 29
139 210
139 184
139 182
139 185
139 2
139 153
139 189
139 128
139 178
139 4
139 167
139 83
139 51
139 54
139 130
139 39
139 50
139 78
139 145
139 105
139 211
139 113
139 174
139 117
139 155
139 108
139 49
139 147
139 27
139 10
139 0
139 111
139 42
139 166
139 122
139 205
139 118
139 28
139 67
139 79
139 202
139 84
139 72
139 35
139 119
139 41
139 55
139 188
139 181
139 48
139 46
139 218
139 85
8 12
8 172
8 203
8 17
8 33
8 194
8 43
8 61
8 80
8 89
8 77
8 9
8 53
8 133
8 59
8 103
8 92
8 1
8 163
8 180
8 24
8 66
8 31
8 177
8 198
8 169
8 137
8 56
8 26
8 47
8 204
8 11
8 186
8 123
8 14
8 208
8 29
8 210
8 65
8 193
8 182
8 134
8 13
8 183
8 185
8 153
8 189
8 128
8 37
8 178
8 96
8 4
8 161
8 167
8 70
8 34
8 168
8 83
8 51
8 130
8 50
8 138
8 135
8 105
8 174
8 117
8 75
8 155
8 15
8 136
8 187
8 109
8 49
8 69
8 127
8 10
8 0
8 111
8 42
8 166
8 164
8 104
8 157
8 148
8 176
8 94
8 205
8 118
8 67
8 202
8 84
8 72
8 55
8 101
8 188
8 58
8 46
8 218
8 85
12 172
12 206
12 203
12 149
12 18
12 215
12 165
12 22
12 194
12 80
12 45
12 77
12 106
12 9
12 53
12 59
12 103
12 156
12 1
12 132
12 196
12 180
12 66
12 31
12 177
12 198
12 169
12 126
12 74
12 56
12 87
12 47
12 5
12 204
12 158
12 112
12 124
12 186
12 19
12 14
12 29
12 210
12 65
12 193
12 184
12 216
12 182
12 183
12 185
12 2
12 171
12 128
12 37
12 178
12 219
12 4
12 161
12 34
12 51
12 130
12 39
12 78
12 105
12 121
12 75
12 155
12 191
12 15
12 136
12 187
12 108
12 69
12 147
12 40
12 127
12 10
12 111
12 86
12 176
12 122
12 118
12 28
12 67
12 84
12 72
12 35
12 120
12 41
12 55
12 101
12 195
12 188
12 181
12 58
12 201
12 48
12 46
12 64
12 218
12 100
172 203
172 115
172 149
172 17
172 33
172 165
172 16
172 43
172 80
172 89
172 90
172 77
172 106
172 9
172 53
172 133
172 103
172 63
172 92
172 156
172 1
172 20
172 132
172 163
172 180
172 25
172 214
172 24
172 66
172 31
172 177
172 198
172 137
172 56
172 26
172 142
172 204
172 112
172 124
172 11
172 186
172 19
172 14
172 208
172 29
172 210
172 65
172 216
172 36
172 134
172 13
172 2
172 97
172 128
172 4
172 161
172 167
172 70
172 34
172 168
172 83
172 60
172 54
172 39
172 78
172 145
172 138
172 105
172 121
172 113
172 174
172 117
172 155
172 191
172 15
172 136
172 187
172 108
172 173
172 49
172 69
172 40
172 127
172 111
172 42
172 86
172 164
172 148
172 94
172 122
172 205
172 72
172 35
172 41
172 197
172 55
172 101
172 188
172 181
172 143
172 48
172 46
172 64
172 218
172 85
206 115
206 149
206 17
206 33
206 215
206 165
206 16
206 22
206 61
206 90
206 77
206 53
206 133
206 59
206 63
206 156
206 1
206 20
206 196
206 180
206 25
206 66
206 31
206 177
206 198
206 169
206 126
206 137
206 56
206 26
206 142
206 47
206 5
206 204
206 124
206 11
206 19
206 123
206 14
206 29
206 65
206 184
206 216
206 36
206 182
206 134
206 13
206 2
206 153
206 97
206 171
206 178
206 4
206 161
206 167
206 70
206 83
206 60
206 54
206 130
206 39
206 50
206 78
206 125
206 135
206 121
206 113
206 174
206 75
206 191
206 15
206 187
206 108
206 173
206 49
206 69
206 147
206 127
206 154
206 0
206 111
206 86
206 166
206 164
206 104
206 157
206 148
206 190
206 94
206 122
206 205
206 28
206 67
206 79
206 84
206 72
206 35
206 41
206 197
206 101
206 195
206 188
206 58
206 48
206 218
206 85
203 149
203 33
203 165
203 22
203 194
203 43
203 80
203 89
203 77
203 106
203 53
203 59
203 92
203 156
203 1
203 20
203 132
203 196
203 180
203 25
203 24
203 66
203 198
203 169
203 137
203 91
203 26
203 87
203 47
203 112
203 186
203 123
203 14
203 208
203 210
203 193
203 184
203 216
203 182
203 179
203 183
203 185
203 2
203 153
203 189
203 171
203 128
203 178
203 219
203 96
203 161
203 167
203 70
203 34
203 168
203 60
203 54
203 130
203 50
203 145
203 125
203 138
203 135
203 105
203 211
203 121
203 174
203 75
203 136
203 109
203 49
203 127
203 0
203 111
203 164
203 104
203 148
203 176
203 205
203 118
203 67
203 79
203 84
203 72
203 119
203 41
203 55
203 101
203 188
203 58
203 201
203 48
203 64
203 218
203 100
115 149
115 17
115 18
115 33
115 215
115 16
115 194
115 43
115 61
115 80
115 89
115 90
115 106
115 9
115 59
115 103
115 132
115 196
115 180
115 214
115 24
115 177
115 169
115 137
115 91
115 142
115 5
115 204
115 158
115 112
115 124
115 11
115 186
115 19
115 14
115 29
115 210
115 193
115 184
115 216
115 182
115 134
115 13
115 179
115 185
115 2
115 97
115 171
115 128
115 37
115 219
115 4
115 161
115 167
115 168
115 83
115 60
115 130
115 39
115 50
115 78
115 135
115 105
115 211
115 174
115 191
115 136
115 187
115 108
115 173
115 49
115 147
115 40
115 154
115 27
115 10
115 0
115 111
115 86
115 166
115 164
115 157
115 190
115 122
115 118
115 28
115 67
115 35
115 120
115 197
115 195
115 188
115 181
115 143
115 58
115 64
115 218
115 100
115 85
149 17
149 18
149 22
149 194
149 61
149 89
149 45
149 77
149 106
149 9
149 53
149 133
149 59
149 103
149 63
149 92
149 156
149 1
149 20
149 132
149 214
149 24
149 66
149 31
149 137
149 91
149 56
149 26
149 142
149 124
149 11
149 186
149 123
149 14
149 208
149 29
149 210
149 65
149 193
149 216
149 182
149 179
149 185
149 2
149 153
149 189
149 128
149 37
149 219
149 96
149 4
149 161
149 70
149 51
149 60
149 54
149 130
149 39
149 50
149 78
149 145
149 138
149 135
149 105
149 211
149 121
149 113
149 174
149 75
149 191
149 187
149 109
149 173
149 69
149 40
149 127
149 154
149 27
149 42
149 86
149 164
149 157
149 148
149 176
149 122
149 28
149 202
149 72
149 35
149 119
149 55
149 195
149 188
149 181
149 143
149 58
149 201
149 46
149 218
149 85
17 33
17 22
17 194
17 43
17 61
17 80
17 89
17 90
17 45
17 77
17 106
17 9
17 53
17 133
17 59
17 103
17 92
17 156
17 1
17 20
17 163
17 196
17 214
17 24
17 66
17 31
17 177
17 169
17 137
17 74
17 91
17 26
17 87
17 47
17 5
17 204
17 112
17 124
17 11
17 186
17 19
17 14
17 208
17 29
17 216
17 36
17 182
17 179
17 183
17 189
17 37
17 178
17 219
17 96
17 4
17 167
17 34
17 83
17 51
17 60
17 130
17 39
17 50
17 125
17 138
17 105
17 211
17 121
17 174
17 75
17 155
17 15
17 136
17 187
17 109
17 69
17 111
17 42
17 166
17 164
17 104
17 157
17 148
17 190
17 94
17 28
17 79
17 84
17 120
17 41
17 55
17 101
17 195
17 181
17 201
17 48
17 46
17 218
17 85
18 33
18 165
18 194
18 80
18 89
18 45
18 77
18 59
18 92
18 156
18 20
18 163
18 25
18 214
18 66
18 177
18 169
18 126
18 74
18 56
18 142
18 87
18 47
18 5
18 204
18 186
18 19
18 123
18 208
18 29
18 210
18 65
18 184
18 216
18 182
18 179
18 183
18 185
18 2
18 153
18 189
18 37
18 178
18 219
18 96
18 4
18 161
18 167
18 34
18 51
18 54
18 125
18 105
18 211
18 121
18 113
18 117
18 191
18 136
18 108
18 109
18 173
18 69
18 147
18 127
18 154
18 27
18 10
18 42
18 164
18 190
18 94
18 205
18 67
18 202
18 72
18 35
18 119
18 120
18 41
18 55
18 188
18 181
18 201
18 218
18 85
33 165
33 16
33 22
33 43
33 77
33 53
33 133
33 59
33 103
33 92
33 156
33 1
33 20
33 163
33 196
33 25
33 24
33 66
33 177
33 126
33 74
33 26
33 142
33 204
33 112
33 123
33 208
33 210
33 193
33 36
33 182
33 179
33 185
33 153
33 189
33 97
33 171
33 128
33 219
33 96
33 161
33 167
33 70
33 34
33 83
33 54
33 130
33 145
33 125
33 135
33 121
33 113
33 174
33 117
33 75
33 155
33 191
33 15
33 136
33 187
33 109
33 49
33 69
33 147
33 40
33 127
33 10
33 111
33 42
33 86
33 166
33 157
33 94
33 205
33 118
33 67
33 202
33 120
33 41
33 55
33 181
33 143
33 201
33 48
33 64
33 85
215 165
215 16
215 22
215 43
215 80
215 89
215 90
215 77
215 106
215 133
215 59
215 92
215 156
215 1
215 196
215 180
215 25
215 214
215 66
215 31
215 177
215 198
215 137
215 26
215 142
215 5
215 158
215 112
215 11
215 14
215 208
215 65
215 193
215 216
215 36
215 134
215 13
215 179
215 97
215 171
215 178
215 161
215 167
215 83
215 60
215 130
215 39
215 50
215 145
215 125
215 138
215 135
215 211
215 121
215 75
215 155
215 191
215 15
215 109
215 173
215 49
215 69
215 147
215 10
215 0
215 42
215 104
215 148
215 176
215 190
215 205
215 118
215 202
215 120
215 41
215 197
215 181
215 58
215 201
215 48
215 46
215 64
165 16
165 194
165 61
165 80
165 89
165 90
165 45
165 106
165 53
165 92
165 156
165 1
165 132
165 196
165 24
165 31
165 198
165 169
165 126
165 137
165 56
165 26
165 142
165 87
165 47
165 5
165 204
165 112
165 19
165 123
165 14
165 208
165 29
165 210
165 65
165 193
165 184
165 216
165 36
165 182
165 134
165 179
165 153
165 189
165 97
165 171
165 128
165 37
165 96
165 4
165 34
165 168
165 51
165 54
165 130
165 39
165 78
165 145
165 125
165 138
165 135
165 105
165 155
165 136
165 69
165 40
165 154
165 27
165 0
165 111
165 42
165 86
165 166
165 104
165 157
165 148
165 94
165 122
165 67
165 202
165 84
165 72
165 119
165 120
165 41
165 197
165 101
165 188
165 143
165 201
165 48
165 46
16 22
16 194
16 61
16 90
16 45
16 77
16 106
16 9
16 53
16 133
16 59
16 63
16 92
16 156
16 1
16 20
16 132
16 163
16 196
16 180
16 24
16 66
16 31
16 198
16 137
16 74
16 56
16 26
16 142
16 5
16 124
16 11
16 186
16 123
16 14
16 65
16 184
16 36
16 134
16 13
16 179
16 185
16 2
16 153
16 189
16 171
16 128
16 37
16 178
16 219
16 96
16 161
16 34
16 168
16 83
16 51
16 60
16 54
16 39
16 50
16 78
16 105
16 211
16 121
16 155
16 15
16 136
16 109
16 173
16 49
16 69
16 40
16 127
16 154
16 42
16 166
16 157
16 148
16 176
16 122
16 118
16 28
16 202
16 72
16 55
16 101
16 195
16 188
16 181
16 143
16 58
16 201
16 48
16 46
22 194
22 61
22 80
22 89
22 90
22 45
22 77
22 106
22 9
22 133
22 103
22 92
22 156
22 180
22 214
22 24
22 66
22 31
22 177
22 198
22 169
22 126
22 74
22 26
22 87
22 112
22 11
22 123
22 14
22 208
22 29
22 65
22 216
22 36
22 134
22 179
22 183
22 2
22 153
22 189
22 97
22 128
22 219
22 161
22 167
22 70
22 34
22 83
22 51
22 60
22 54
22 39
22 50
22 145
22 125
22 105
22 211
22 121
22 174
22 15
22 108
22 109
22 173
22 49
22 69
22 154
22 27
22 0
22 111
22 42
22 86
22 166
22 164
22 157
22 176
22 190
22 205
22 28
22 67
22 79
22 84
22 35
22 119
22 120
22 41
22 55
22 195
22 188
22 143
22 201
22 46
22 218
22 100
194 61
194 89
194 90
194 45
194 77
194 106
194 9
194 53
194 133
194 63
194 92
194 156
194 20
194 196
194 180
194 25
194 24
194 31
194 169
194 126
194 137
194 91
194 26
194 87
194 47
194 112
194 11
194 19
194 14
194 208
194 29
194 65
194 193
194 184
194 36
194 182
194 134
194 13
194 179
194 189
194 171
194 37
194 178
194 219
194 96
194 34
194 83
194 51
194 54
194 50
194 78
194 145
194 135
194 211
194 113
194 174
194 155
194 15
194 136
194 108
194 109
194 173
194 69
194 127
194 154
194 0
194 111
194 42
194 86
194 166
194 176
194 190
194 94
194 122
194 205
194 118
194 28
194 67
194 202
194 84
194 120
194 188
194 181
194 58
194 48
194 46
194 64
194 218
194 85
43 90
43 45
43 106
43 9
43 53
43 133
43 63
43 92
43 156
43 196
43 180
43 25
43 66
43 31
43 198
43 169
43 137
43 74
43 91
43 56
43 87
43 47
43 204
43 11
43 186
43 19
43 123
43 14
43 208
43 29
43 210
43 193
43 184
43 36
43 182
43 134
43 13
43 179
43 183
43 185
43 37
43 96
43 161
43 70
43 34
43 83
43 51
43 60
43 130
43 50
43 78
43 145
43 125
43 135
43 105
43 121
43 113
43 117
43 75
43 191
43 15
43 136
43 187
43 108
43 173
43 49
43 69
43 147
43 40
43 127
43 27
43 10
43 111
43 42
43 166
43 104
43 157
43 148
43 176
43 190
43 205
43 118
43 67
43 202
43 72
43 35
43 120
43 55
43 101
43 195
43 181
43 58
43 48
43 46
43 64
43 218
43 100
61 90
61 9
61 53
61 133
61 59
61 103
61 63
61 92
61 156
61 132
61 196
61 25
61 24
61 66
61 31
61 177
61 169
61 126
61 137
61 74
61 91
61 56
61 87
61 47
61 204
61 112
61 124
61 186
61 19
61 123
61 29
61 210
61 36
61 134
61 13
61 189
61 97
61 128
61 178
61 4
61 83
61 60
61 130
61 39
61 50
61 78
61 125
61 135
61 121
61 113
61 117
61 75
61 15
61 136
61 109
61 69
61 147
61 40
61 127
61 154
61 27
61 10
61 0
61 86
61 164
61 104
61 94
61 205
61 118
61 67
61 79
61 120
61 41
61 48
61 46
61 64
61 218
80 89
80 45
80 77
80 106
80 133
80 59
80 103
80 156
80 1
80 20
80 196
80 180
80 214
80 66
80 31
80 198
80 126
80 56
80 142
80 87
80 47
80 204
80 158
80 11
80 19
80 123
80 210
80 193
80 182
80 134
80 13
80 183
80 185
80 97
80 128
80 219
80 96
80 4
80 161
80 167
80 70
80 34
80 168
80 83
80 51
80 60
80 78
80 138
80 155
80 191
80 15
80 136
80 187
80 108
80 109
80 49
80 40
80 127
80 154
80 27
80 10
80 0
80 86
80 166
80 164
80 176
80 190
80 94
80 122
80 118
80 79
80 202
80 72
80 120
80 41
80 197
80 55
80 58
80 201
80 48
80 64
80 218
80 100
89 90
89 45
89 77
89 106
89 53
89 103
89 63
89 92
89 156
89 1
89 20
89 132
89 196
89 180
89 214
89 24
89 198
89 126
89 137
89 91
89 26
89 87
89 5
89 204
89 112
89 11
89 186
89 14
89 208
89 210
89 65
89 193
89 184
89 216
89 36
89 179
89 183
89 153
89 189
89 97
89 171
89 37
89 178
89 219
89 161
89 34
89 83
89 54
89 50
89 78
89 145
89 138
89 135
89 121
89 174
89 75
89 155
89 187
89 108
89 109
89 69
89 147
89 40
89 127
89 154
89 111
89 86
89 166
89 104
89 157
89 176
89 190
89 94
89 118
89 79
89 35
89 120
89 101
89 195
89 188
89 143
89 201
89 48
89 64
89 218
89 85
90 45
90 77
90 106
90 53
90 133
90 103
90 92
90 20
90 163
90 196
90 25
90 214
90 24
90 66
90 31
90 198
90 169
90 137
90 74
90 56
90 26
90 87
90 47
90 204
90 158
90 112
90 11
90 19
90 123
90 29
90 193
90 184
90 216
90 36
90 182
90 13
90 183
90 185
90 2
90 189
90 97
90 171
90 128
90 219
90 4
90 161
90 167
90 70
90 168
90 130
90 39
90 50
90 145
90 125
90 138
90 105
90 211
90 121
90 113
90 117
90 75
90 191
90 15
90 187
90 173
90 69
90 127
90 27
90 10
90 0
90 42
90 164
90 104
90 157
90 148
90 176
90 122
90 205
90 67
90 79
90 202
90 72
90 119
90 41
90 197
90 55
90 101
90 188
90 181
90 143
90 58
90 48
45 77
45 9
45 133
45 59
45 103
45 1
45 20
45 132
45 163
45 180
45 25
45 66
45 31
45 137
45 91
45 56
45 26
45 142
45 87
45 47
45 5
45 204
45 158
45 124
45 11
45 123
45 14
45 208
45 193
45 184
45 216
45 36
45 134
45 179
45 183
45 185
45 2
45 97
45 171
45 178
45 219
45 161
45 34
45 168
45 51
45 54
45 50
45 78
45 145
45 125
45 138
45 135
45 105
45 121
45 113
45 174
45 75
45 15
45 136
45 187
45 108
45 173
45 49
45 69
45 147
45 40
45 127
45 154
45 10
45 0
45 111
45 42
45 86
45 164
45 104
45 148
45 176
45 190
45 118
45 28
45 67
45 79
45 202
45 197
45 101
45 195
45 188
45 58
45 201
45 48
45 46
45 218
45 100
45 85
77 53
77 59
77 63
77 1
77 20
77 132
77 163
77 196
77 25
77 214
77 66
77 31
77 177
77 169
77 126
77 91
77 26
77 47
77 204
77 158
77 112
77 124
77 19
77 123
77 208
77 210
77 65
77 193
77 216
77 36
77 13
77 183
77 185
77 153
77 189
77 171
77 128
77 37
77 96
77 161
77 167
77 70
77 34
77 168
77 54
77 130
77 50
77 78
77 125
77 138
77 135
77 105
77 121
77 113
77 174
77 15
77 136
77 187
77 108
77 49
77 69
77 147
77 40
77 27
77 10
77 111
77 42
77 86
77 164
77 157
77 148
77 176
77 190
77 122
77 205
77 28
77 67
77 84
77 119
77 120
77 41
77 195
77 188
77 201
77 64
77 218
77 85
106 9
106 59
106 63
106 92
106 156
106 132
106 163
106 25
106 214
106 66
106 126
106 137
106 74
106 87
106 47
106 5
106 204
106 124
106 11
106 19
106 123
106 14
106 65
106 193
106 184
106 36
106 134
106 179
106 2
106 97
106 37
106 178
106 161
106 167
106 34
106 83
106 60
106 54
106 39
106 50
106 138
106 211
106 117
106 75
106 191
106 187
106 109
106 49
106 40
106 127
106 10
106 0
106 111
106 42
106 86
106 166
106 157
106 148
106 190
106 94
106 122
106 28
106 72
106 35
106 119
106 120
106 41
106 55
106 101
106 195
106 181
106 143
106 58
106 201
106 48
106 64
106 218
9 53
9 133
9 59
9 63
9 92
9 156
9 132
9 163
9 196
9 25
9 24
9 31
9 177
9 198
9 169
9 126
9 137
9 56
9 47
9 5
9 204
9 124
9 11
9 123
9 208
9 65
9 216
9 182
9 134
9 179
9 185
9 2
9 153
9 97
9 171
9 128
9 37
9 178
9 219
9 167
9 70
9 34
9 51
9 60
9 54
9 130
9 50
9 78
9 145
9 138
9 135
9 211
9 174
9 117
9 75
9 155
9 191
9 109
9 173
9 40
9 127
9 27
9 111
9 42
9 86
9 164
9 148
9 190
9 94
9 122
9 205
9 28
9 84
9 197
9 101
9 181
9 143
9 58
9 48
9 46
9 64
9 218
9 100
53 133
53 92
53 1
53 20
53 163
53 196
53 180
53 25
53 66
53 31
53 177
53 198
53 169
53 137
53 74
53 91
53 56
53 26
53 142
53 87
53 47
53 5
53 204
53 158
53 112
53 124
53 11
53 19
53 14
53 208
53 216
53 182
53 179
53 189
53 97
53 178
53 219
53 96
53 4
53 167
53 70
53 34
53 83
53 60
53 130
53 39
53 78
53 125
53 138
53 135
53 105
53 211
53 174
53 117
53 75
53 155
53 191
53 15
53 108
53 109
53 173
53 69
53 147
53 40
53 127
53 154
53 42
53 86
53 190
53 94
53 122
53 205
53 67
53 202
53 72
53 120
53 41
53 197
53 188
53 181
53 143
53 201
53 48
133 59
133 63
133 132
133 196
133 25
133 66
133 169
133 91
133 47
133 5
133 204
133 112
133 124
133 186
133 19
133 123
133 14
133 210
133 65
133 193
133 36
133 134
133 179
133 183
133 2
133 189
133 171
133 128
133 37
133 178
133 219
133 96
133 161
133 70
133 34
133 168
133 130
133 39
133 78
133 145
133 125
133 135
133 211
133 174
133 75
133 136
133 187
133 108
133 69
133 40
133 127
133 154
133 27
133 10
133 0
133 111
133 42
133 166
133 164
133 104
133 176
133 122
133 205
133 28
133 79
133 72
133 35
133 120
133 55
133 101
133 188
133 143
133 58
133 201
133 48
133 218
133 100
133 85
59 103
59 92
59 156
59 20
59 132
59 196
59 180
59 214
59 24
59 177
59 169
59 126
59 74
59 91
59 26
59 142
59 47
59 5
59 204
59 158
59 112
59 11
59 186
59 19
59 123
59 14
59 29
59 193
59 184
59 216
59 182
59 134
59 13
59 179
59 183
59 185
59 2
59 97
59 171
59 128
59 37
59 96
59 4
59 167
59 70
59 168
59 83
59 54
59 78
59 145
59 138
59 105
59 121
59 117
59 75
59 155
59 191
59 15
59 109
59 147
59 40
59 127
59 10
59 111
59 86
59 166
59 164
59 104
59 157
59 176
59 122
59 118
59 67
59 79
59 202
59 84
59 72
59 119
59 120
59 55
59 101
59 143
59 46
59 64
59 100
103 63
103 92
103 156
103 132
103 163
103 196
103 25
103 214
103 31
103 198
103 169
103 126
103 137
103 74
103 56
103 87
103 47
103 5
103 204
103 112
103 124
103 11
103 186
103 123
103 193
103 184
103 216
103 36
103 134
103 2
103 153
103 189
103 37
103 178
103 219
103 96
103 167
103 70
103 168
103 83
103 60
103 130
103 39
103 50
103 78
103 138
103 135
103 211
103 113
103 174
103 75
103 187
103 108
103 109
103 173
103 49
103 147
103 40
103 127
103 154
103 27
103 10
103 0
103 42
103 86
103 166
103 164
103 148
103 94
103 122
103 205
103 118
103 67
103 79
103 84
103 35
103 120
103 197
103 195
103 188
103 181
103 58
103 46
103 64
103 100
103 85
63 156
63 1
63 20
63 25
63 214
63 24
63 66
63 31
63 169
63 126
63 137
63 74
63 91
63 56
63 87
63 47
63 5
63 158
63 124
63 29
63 210
63 65
63 193
63 184
63 216
63 36
63 182
63 134
63 13
63 185
63 2
63 153
63 97
63 171
63 128
63 37
63 178
63 219
63 161
63 167
63 70
63 83
63 51
63 60
63 78
63 145
63 138
63 105
63 121
63 113
63 174
63 117
63 15
63 136
63 187
63 108
63 173
63 49
63 69
63 147
63 40
63 154
63 27
63 10
63 0
63 111
63 42
63 86
63 157
63 148
63 176
63 190
63 94
63 205
63 118
63 28
63 202
63 84
63 72
63 120
63 197
63 195
63 143
63 58
63 201
63 48
63 46
63 100
63 85
92 20
92 163
92 196
92 180
92 25
92 24
92 31
92 177
92 198
92 126
92 137
92 91
92 56
92 142
92 87
92 47
92 5
92 204
92 158
92 123
92 208
92 65
92 193
92 182
92 134
92 13
92 185
92 2
92 153
92 171
92 37
92 178
92 219
92 96
92 167
92 70
92 168
92 83
92 54
92 39
92 50
92 145
92 138
92 135
92 105
92 113
92 15
92 173
92 69
92 127
92 154
92 10
92 0
92 42
92 86
92 164
92 104
92 148
92 176
92 190
92 122
92 205
92 67
92 119
92 120
92 197
92 195
92 188
92 201
92 48
92 46
92 64
92 218
92 100
156 1
156 20
156 163
156 25
156 214
156 24
156 31
156 177
156 198
156 26
156 142
156 87
156 47
156 5
156 158
156 112
156 11
156 186
156 123
156 14
156 210
156 184
156 216
156 36
156 182
156 97
156 171
156 128
156 37
156 178
156 219
156 96
156 4
156 161
156 34
156 83
156 60
156 130
156 39
156 78
156 145
156 138
156 105
156 211
156 113
156 174
156 117
156 155
156 191
156 15
156 136
156 187
156 108
156 173
156 49
156 147
156 40
156 127
156 10
156 0
156 166
156 164
156 104
156 176
156 94
156 122
156 205
156 67
156 79
156 202
156 119
156 120
156 101
156 195
156 181
156 58
156 201
156 64
156 218
156 85
1 132
1 163
1 196
1 180
1 25
1 214
1 24
1 66
1 177
1 126
1 137
1 87
1 5
1 158
1 112
1 11
1 19
1 123
1 14
1 208
1 29
1 210
1 65
1 193
1 184
1 216
1 36
1 134
1 179
1 2
1 189
1 171
1 37
1 178
1 219
1 70
1 83
1 60
1 130
1 39
1 50
1 78
1 125
1 135
1 211
1 121
1 117
1 75
1 15
1 136
1 187
1 108
1 109
1 173
1 49
1 127
1 154
1 27
1 111
1 164
1 176
1 205
1 118
1 28
1 67
1 79
1 202
1 84
1 119
1 120
1 55
1 195
1 188
1 143
1 201
1 46
1 64
20 132
20 163
20 196
20 24
20 177
20 169
20 137
20 74
20 56
20 142
20 47
20 112
20 124
20 11
20 19
20 123
20 14
20 208
20 65
20 193
20 216
20 182
20 179
20 183
20 185
20 2
20 153
20 171
20 128
20 37
20 178
20 219
20 96
20 4
20 161
20 167
20 70
20 51
20 130
20 39
20 50
20 125
20 138
20 135
20 105
20 121
20 113
20 174
20 117
20 155
20 191
20 15
20 187
20 108
20 173
20 49
20 147
20 40
20 127
20 27
20 10
20 0
20 42
20 86
20 166
20 164
20 104
20 157
20 148
20 176
20 190
20 118
20 28
20 67
20 202
20 84
20 72
20 35
20 41
20 197
20 55
20 101
20 195
20 188
20 143
20 58
20 201
20 48
20 46
20 64
20 218
20 100
20 85
132 163
132 180
132 24
132 66
132 177
132 198
132 169
132 126
132 74
132 56
132 26
132 87
132 47
132 204
132 112
132 124
132 19
132 123
132 208
132 210
132 65
132 216
132 182
132 179
132 185
132 2
132 153
132 171
132 128
132 37
132 178
132 219
132 96
132 4
132 161
132 70
132 34
132 168
132 83
132 54
132 130
132 50
132 138
132 211
132 117
132 75
132 155
132 191
132 136
132 187
132 173
132 49
132 69
132 40
132 27
132 10
132 86
132 166
132 164
132 104
132 157
132 148
132 190
132 205
132 118
132 79
132 72
132 35
132 120
132 41
132 197
132 101
132 195
132 188
132 143
132 58
132 218
132 100
132 85
163 25
163 24
163 66
163 31
163 198
163 169
163 126
163 91
163 26
163 142
163 87
163 47
163 158
163 112
163 124
163 11
163 19
163 123
163 14
163 208
163 210
163 65
163 193
163 184
163 216
163 36
163 13
163 183
163 185
163 2
163 153
163 189
163 97
163 171
163 37
163 178
163 219
163 96
163 4
163 161
163 167
163 168
163 60
163 54
163 130
163 50
163 78
163 125
163 138
163 105
163 211
163 121
163 113
163 117
163 75
163 15
163 187
163 108
163 109
163 173
163 49
163 40
163 127
163 10
163 0
163 111
163 42
163 86
163 166
163 164
163 104
163 157
163 148
163 176
163 190
163 205
163 118
163 79
163 202
163 72
163 120
163 195
163 143
163 201
163 218
163 100
163 85
196 180
196 25
196 24
196 31
196 177
196 198
196 137
196 74
196 56
196 142
196 5
196 204
196 158
196 19
196 14
196 208
196 65
196 184
196 216
196 36
196 182
196 183
196 185
196 2
196 153
196 189
196 97
196 171
196 37
196 219
196 96
196 34
196 83
196 51
196 60
196 50
196 78
196 145
196 135
196 211
196 117
196 75
196 155
196 187
196 108
196 173
196 69
196 147
196 127
196 27
196 10
196 111
196 42
196 86
196 164
196 104
196 157
196 176
196 190
196 118
196 79
196 84
196 72
196 119
196 120
196 41
196 197
196 101
196 195
196 188
196 181
196 143
196 201
196 64
196 218
180 25
180 214
180 24
180 66
180 31
180 177
180 198
180 137
180 74
180 56
180 26
180 142
180 5
180 204
180 158
180 124
180 11
180 186
180 208
180 29
180 210
180 184
180 216
180 36
180 182
180 134
180 13
180 179
180 183
180 2
180 153
180 189
180 97
180 171
180 128
180 37
180 178
180 4
180 34
180 51
180 60
180 54
180 130
180 125
180 135
180 105
180 211
180 113
180 117
180 155
180 191
180 187
180 108
180 109
180 173
180 69
180 40
180 154
180 27
180 10
180 42
180 86
180 166
180 164
180 104
180 157
180 176
180 190
180 94
180 122
180 205
180 28
180 79
180 84
180 35
180 120
180 101
180 195
180 181
180 143
180 58
180 201
180 46
180 64
180 218
180 100
25 214
25 24
25 177
25 198
25 169
25 74
25 26
25 142
25 87
25 112
25 124
25 186
25 123
25 208
25 210
25 65
25 193
25 184
25 182
25 13
25 185
25 2
25 153
25 189
25 97
25 171
25 37
25 178
25 96
25 161
25 167
25 83
25 51
25 54
25 145
25 125
25 135
25 105
25 211
25 117
25 155
25 15
25 187
25 108
25 109
25 173
25 49
25 69
25 10
25 0
25 42
25 166
25 164
25 148
25 205
25 118
25 72
25 35
25 119
25 120
25 41
25 55
25 101
25 195
25 188
25 181
25 143
25 48
25 46
25 218
25 100
214 66
214 177
214 169
214 126
214 137
214 74
214 91
214 26
214 5
214 204
214 158
214 112
214 124
214 123
214 14
214 208
214 29
214 65
214 193
214 184
214 216
214 36
214 179
214 183
214 2
214 97
214 128
214 178
214 219
214 96
214 4
214 161
214 70
214 34
214 83
214 54
214 130
214 50
214 135
214 105
214 211
214 121
214 113
214 117
214 191
214 15
214 136
214 108
214 49
214 69
214 147
214 40
214 27
214 0
214 42
214 86
214 166
214 164
214 104
214 157
214 148
214 205
214 118
214 28
214 67
214 79
214 202
214 84
214 72
214 119
214 197
214 195
214 188
214 143
214 58
214 201
214 46
214 218
214 100
24 66
24 31
24 177
24 169
24 126
24 137
24 91
24 26
24 142
24 87
24 158
24 112
24 124
24 11
24 186
24 123
24 14
24 210
24 184
24 216
24 182
24 179
24 183
24 2
24 97
24 219
24 96
24 4
24 161
24 167
24 70
24 34
24 50
24 78
24 145
24 105
24 211
24 113
24 174
24 117
24 75
24 155
24 15
24 187
24 108
24 173
24 49
24 69
24 147
24 40
24 154
24 27
24 10
24 0
24 42
24 166
24 164
24 157
24 148
24 176
24 190
24 94
24 122
24 205
24 118
24 28
24 67
24 84
24 72
24 119
24 197
24 55
24 101
24 195
24 188
24 143
24 64
24 218
24 100
66 31
66 177
66 169
66 126
66 26
66 142
66 87
66 47
66 5
66 204
66 11
66 19
66 14
66 208
66 29
66 210
66 65
66 193
66 184
66 216
66 36
66 134
66 13
66 179
66 183
66 185
66 2
66 153
66 178
66 4
66 167
66 34
66 168
66 51
66 60
66 54
66 39
66 50
66 78
66 145
66 125
66 135
66 105
66 211
66 121
66 174
66 155
66 191
66 15
66 136
66 187
66 108
66 109
66 69
66 127
66 154
66 10
66 0
66 42
66 166
66 164
66 104
66 157
66 148
66 176
66 190
66 122
66 205
66 118
66 28
66 67
66 202
66 119
66 120
66 55
66 101
66 188
66 181
66 143
66 201
66 48
66 64
66 218
31 198
31 169
31 56
31 26
31 87
31 112
31 124
31 11
31 186
31 19
31 123
31 14
31 208
31 29
31 65
31 193
31 184
31 216
31 36
31 182
31 185
31 153
31 189
31 171
31 128
31 37
31 178
31 96
31 161
31 167
31 70
31 168
31 83
31 51
31 60
31 54
31 130
31 39
31 145
31 125
31 138
31 105
31 211
31 121
31 155
31 15
31 187
31 173
31 49
31 69
31 40
31 27
31 0
31 111
31 42
31 166
31 164
31 190
31 94
31 122
31 205
31 118
31 202
31 119
31 120
31 41
31 55
31 188
31 181
31 143
31 48
31 46
31 100
31 85
177 169
177 126
177 137
177 74
177 56
177 87
177 158
177 124
177 11
177 19
177 123
177 14
177 208
177 210
177 65
177 193
177 184
177 216
177 36
177 182
177 134
177 13
177 179
177 183
177 185
177 2
177 153
177 189
177 97
177 128
177 37
177 178
177 219
177 96
177 4
177 161
177 34
177 168
177 83
177 130
177 39
177 78
177 145
177 125
177 138
177 135
177 105
177 211
177 121
177 113
177 174
177 117
177 75
177 155
177 108
177 109
177 173
177 69
177 40
177 154
177 27
177 10
177 166
177 164
177 148
177 176
177 190
177 122
177 205
177 118
177 28
177 67
177 79
177 202
177 119
177 197
177 55
177 101
177 195
177 188
177 48
177 64
177 218
177 100
198 137
198 74
198 47
198 5
198 204
198 158
198 11
198 186
198 19
198 123
198 14
198 208
198 29
198 184
198 216
198 182
198 13
198 179
198 185
198 189
198 97
198 171
198 219
198 96
198 167
198 34
198 51
198 60
198 39
198 78
198 145
198 125
198 105
198 174
198 117
198 155
198 191
198 136
198 187
198 109
198 173
198 147
198 40
198 127
198 154
198 10
198 0
198 111
198 42
198 166
198 164
198 148
198 176
198 94
198 122
198 28
198 67
198 79
198 202
198 84
198 119
198 120
198 41
198 197
198 101
198 181
198 143
198 58
198 64
198 85
169 126
169 74
169 91
169 26
169 142
169 87
169 47
169 204
169 112
169 124
169 19
169 123
169 208
169 65
169 193
169 184
169 182
169 134
169 13
169 179
169 183
169 185
169 2
169 153
169 189
169 97
169 171
169 128
169 96
169 4
169 161
169 167
169 70
169 34
169 168
169 54
169 39
169 78
169 145
169 138
169 121
169 174
169 117
169 155
169 136
169 109
169 173
169 40
169 127
169 154
169 10
169 0
169 42
169 86
169 166
169 157
169 148
169 176
169 94
169 122
169 118
169 28
169 67
169 79
169 84
169 72
169 35
169 119
169 120
169 55
169 101
169 195
169 48
169 64
169 100
169 85
126 74
126 47
126 158
126 124
126 11
126 186
126 29
126 210
126 193
126 184
126 216
126 36
126 182
126 134
126 13
126 185
126 2
126 153
126 97
126 171
126 37
126 178
126 219
126 96
126 4
126 167
126 70
126 34
126 168
126 51
126 54
126 78
126 125
126 138
126 211
126 121
126 113
126 174
126 117
126 75
126 155
126 191
126 15
126 136
126 187
126 108
126 109
126 173
126 49
126 147
126 127
126 154
126 10
126 111
126 86
126 164
126 104
126 157
126 205
126 28
126 67
126 79
126 72
126 35
126 41
126 197
126 188
126 181
126 143
126 58
126 201
126 46
126 64
126 218
126 100
126 85
137 26
137 142
137 47
137 5
137 204
137 158
137 112
137 124
137 11
137 186
137 19
137 123
137 14
137 208
137 29
137 210
137 65
137 193
137 184
137 216
137 36
137 182
137 179
137 2
137 153
137 189
137 97
137 171
137 37
137 178
137 161
137 70
137 34
137 60
137 54
137 130
137 50
137 138
137 135
137 105
137 211
137 174
137 75
137 136
137 108
137 109
137 173
137 49
137 69
137 147
137 40
137 127
137 154
137 27
137 10
137 166
137 104
137 157
137 148
137 176
137 122
137 67
137 79
137 84
137 72
137 35
137 41
137 197
137 143
137 48
137 218
137 85
74 26
74 142
74 47
74 5
74 158
74 124
74 11
74 186
74 19
74 29
74 65
74 184
74 36
74 134
74 183
74 2
74 153
74 189
74 171
74 128
74 37
74 178
74 219
74 96
74 161
74 51
74 60
74 130
74 78
74 145
74 138
74 211
74 117
74 191
74 136
74 187
74 108
74 173
74 49
74 40
74 27
74 0
74 111
74 42
74 86
74 166
74 157
74 148
74 176
74 190
74 122
74 205
74 118
74 84
74 72
74 119
74 120
74 101
74 188
74 181
74 143
74 58
74 201
74 48
74 64
74 85
91 142
91 5
91 158
91 124
91 11
91 19
91 123
91 208
91 29
91 193
91 184
91 216
91 36
91 182
91 179
91 183
91 185
91 2
91 189
91 97
91 171
91 128
91 37
91 178
91 219
91 161
91 167
91 34
91 168
91 83
91 51
91 60
91 54
91 130
91 39
91 135
91 105
91 121
91 113
91 117
91 155
91 136
91 108
91 109
91 173
91 69
91 40
91 127
91 154
91 10
91 0
91 111
91 164
91 157
91 148
91 176
91 190
91 94
91 122
91 205
91 118
91 67
91 79
91 202
91 84
91 72
91 119
91 197
91 195
91 181
91 48
91 85
56 87
56 5
56 204
56 158
56 112
56 186
56 208
56 182
56 134
56 179
56 183
56 185
56 153
56 189
56 171
56 219
56 96
56 4
56 161
56 167
56 168
56 83
56 60
56 130
56 50
56 78
56 125
56 138
56 113
56 174
56 117
56 75
56 155
56 15
56 136
56 187
56 108
56 109
56 173
56 49
56 147
56 40
56 154
56 27
56 111
56 42
56 86
56 166
56 164
56 104
56 157
56 148
56 176
56 190
56 94
56 122
56 118
56 79
56 202
56 35
56 119
56 41
56 55
56 188
56 181
56 143
56 58
56 201
56 46
56 64
56 85
26 142
26 87
26 5
26 158
26 112
26 11
26 186
26 19
26 123
26 208
26 210
26 65
26 36
26 182
26 183
26 185
26 153
26 97
26 171
26 37
26 219
26 96
26 4
26 34
26 83
26 54
26 39
26 50
26 78
26 145
26 125
26 138
26 135
26 105
26 211
26 121
26 174
26 75
26 155
26 191
26 15
26 187
26 108
26 49
26 69
26 154
26 27
26 10
26 0
26 111
26 42
26 86
26 104
26 157
26 176
26 190
26 94
26 205
26 67
26 79
26 202
26 84
26 35
26 119
26 120
26 41
26 197
26 195
26 188
26 181
26 143
26 58
26 48
26 46
26 64
26 85
142 87
142 47
142 204
142 158
142 11
142 14
142 210
142 65
142 193
142 216
142 36
142 2
142 153
142 128
142 37
142 178
142 219
142 96
142 161
142 167
142 70
142 34
142 168
142 54
142 39
142 125
142 105
142 211
142 113
142 174
142 117
142 75
142 155
142 191
142 136
142 108
142 109
142 173
142 49
142 69
142 154
142 27
142 10
142 0
142 111
142 86
142 164
142 157
142 148
142 190
142 94
142 205
142 118
142 67
142 79
142 84
142 119
142 120
142 41
142 197
142 55
142 101
142 195
142 188
142 143
142 58
142 201
142 48
142 64
142 218
142 100
142 85
87 47
87 5
87 204
87 124
87 11
87 14
87 208
87 65
87 193
87 216
87 36
87 182
87 13
87 183
87 185
87 2
87 153
87 128
87 37
87 178
87 219
87 96
87 161
87 167
87 70
87 34
87 60
87 39
87 50
87 145
87 125
87 138
87 105
87 211
87 121
87 113
87 174
87 117
87 75
87 155
87 187
87 108
87 173
87 49
87 147
87 127
87 27
87 10
87 42
87 166
87 157
87 148
87 176
87 190
87 94
87 122
87 118
87 67
87 72
87 120
87 41
87 101
87 195
87 188
87 181
87 143
87 58
87 201
87 46
87 64
47 5
47 204
47 158
47 124
47 11
47 208
47 29
47 210
47 65
47 193
47 216
47 36
47 134
47 13
47 183
47 2
47 153
47 189
47 97
47 171
47 37
47 178
47 219
47 96
47 4
47 161
47 34
47 51
47 60
47 54
47 130
47 39
47 145
47 105
47 121
47 113
47 75
47 155
47 15
47 136
47 49
47 69
47 147
47 40
47 154
47 0
47 42
47 86
47 166
47 164
47 104
47 148
47 94
47 205
47 118
47 67
47 79
47 202
47 35
47 119
47 55
47 195
47 188
47 181
47 201
47 46
47 218
47 85
5 124
5 11
5 186
5 19
5 123
5 14
5 65
5 193
5 216
5 36
5 134
5 179
5 183
5 185
5 2
5 189
5 97
5 171
5 37
5 219
5 96
5 161
5 167
5 70
5 34
5 83
5 54
5 130
5 145
5 135
5 105
5 211
5 121
5 75
5 109
5 49
5 69
5 40
5 154
5 27
5 10
5 0
5 111
5 42
5 86
5 164
5 122
5 205
5 28
5 67
5 79
5 84
5 72
5 35
5 119
5 120
5 41
5 197
5 55
5 195
5 188
5 201
5 46
5 64
5 218
204 112
204 11
204 19
204 123
204 14
204 29
204 210
204 65
204 184
204 216
204 36
204 182
204 134
204 179
204 153
204 128
204 219
204 96
204 70
204 168
204 83
204 60
204 54
204 130
204 39
204 135
204 105
204 113
204 117
204 191
204 15
204 136
204 187
204 108
204 109
204 173
204 69
204 147
204 40
204 127
204 27
204 42
204 166
204 94
204 122
204 205
204 118
204 28
204 67
204 79
204 202
204 84
204 72
204 35
204 120
204 197
204 195
204 181
204 58
204 201
204 48
158 11
158 186
158 19
158 123
158 14
158 208
158 210
158 65
158 193
158 216
158 36
158 13
158 179
158 185
158 2
158 153
158 189
158 171
158 128
158 37
158 178
158 219
158 96
158 161
158 167
158 70
158 39
158 50
158 78
158 145
158 125
158 138
158 211
158 113
158 75
158 155
158 191
158 15
158 187
158 108
158 109
158 173
158 49
158 40
158 127
158 154
158 27
158 10
158 0
158 86
158 164
158 157
158 176
158 190
158 94
158 205
158 118
158 67
158 79
158 72
158 119
158 120
158 41
158 197
158 55
158 101
158 188
158 143
158 58
158 201
158 46
158 64
158 218
158 85
112 11
112 19
112 14
112 29
112 193
112 182
112 179
112 183
112 185
112 2
112 153
112 189
112 37
112 178
112 219
112 96
112 4
112 161
112 70
112 34
112 168
112 51
112 60
112 130
112 50
112 125
112 138
112 135
112 105
112 211
112 113
112 174
112 75
112 155
112 136
112 109
112 173
112 49
112 69
112 147
112 127
112 154
112 27
112 86
112 164
112 104
112 94
112 122
112 205
112 118
112 28
112 67
112 84
112 120
112 195
112 188
112 143
112 58
112 48
112 46
112 64
112 218
112 100
112 85
124 11
124 186
124 19
124 123
124 14
124 208
124 29
124 65
124 216
124 182
124 134
124 13
124 179
124 183
124 185
124 153
124 189
124 97
124 171
124 128
124 37
124 219
124 96
124 4
124 161
124 167
124 34
124 60
124 54
124 39
124 50
124 78
124 138
124 135
124 105
124 121
124 174
124 117
124 136
124 173
124 49
124 69
124 40
124 127
124 27
124 0
124 111
124 42
124 176
124 94
124 118
124 79
124 72
124 35
124 119
124 41
124 55
124 195
124 188
124 181
124 58
124 201
124 48
124 46
124 64
124 218
124 85
11 186
11 123
11 208
11 29
11 65
11 184
11 216
11 182
11 134
11 13
11 179
11 185
11 153
11 37
11 178
11 96
11 4
11 70
11 34
11 83
11 51
11 54
11 39
11 78
11 145
11 125
11 138
11 135
11 105
11 117
11 75
11 155
11 15
11 108
11 109
11 147
11 127
11 10
11 0
11 42
11 164
11 157
11 148
11 176
11 94
11 205
11 28
11 79
11 202
11 119
11 120
11 41
11 197
11 101
11 195
11 188
11 181
11 201
11 48
11 46
11 64
11 100
186 208
186 210
186 65
186 184
186 216
186 182
186 134
186 13
186 179
186 183
186 185
186 2
186 189
186 128
186 178
186 219
186 4
186 161
186 167
186 70
186 34
186 168
186 51
186 60
186 54
186 39
186 78
186 145
186 138
186 105
186 121
186 113
186 75
186 155
186 191
186 15
186 187
186 108
186 173
186 40
186 127
186 154
186 0
186 111
186 164
186 176
186 190
186 94
186 205
186 67
186 72
186 35
186 119
186 120
186 197
186 101
186 188
186 181
186 143
186 201
186 64
186 100
186 85
19 123
19 208
19 29
19 210
19 65
19 193
19 36
19 182
19 13
19 179
19 185
19 2
19 153
19 97
19 37
19 219
19 96
19 167
19 70
19 34
19 168
19 60
19 130
19 50
19 138
19 135
19 211
19 121
19 113
19 174
19 136
19 108
19 109
19 173
19 49
19 147
19 127
19 154
19 0
19 111
19 42
19 86
19 166
19 164
19 104
19 148
19 176
19 190
19 94
19 122
19 118
19 67
19 79
19 202
19 84
19 72
19 119
19 120
19 197
19 55
19 101
19 195
19 181
19 143
19 58
19 201
19 64
19 85
123 14
123 210
123 65
123 216
123 36
123 182
123 134
123 179
123 183
123 185
123 2
123 153
123 189
123 178
123 70
123 168
123 51
123 60
123 54
123 130
123 39
123 125
123 135
123 211
123 75
123 191
123 15
123 187
123 108
123 109
123 49
123 69
123 147
123 40
123 127
123 154
123 10
123 0
123 111
123 166
123 164
123 157
123 148
123 176
123 190
123 94
123 205
123 118
123 28
123 67
123 79
123 202
123 84
123 72
123 35
123 119
123 55
123 195
123 188
123 181
123 46
123 100
123 85
14 29
14 184
14 216
14 36
14 182
14 185
14 2
14 178
14 161
14 70
14 34
14 83
14 51
14 130
14 125
14 138
14 135
14 105
14 211
14 121
14 113
14 117
14 75
14 155
14 191
14 15
14 136
14 109
14 40
14 154
14 10
14 0
14 111
14 104
14 176
14 94
14 205
14 67
14 72
14 35
14 119
14 120
14 101
14 195
14 143
14 58
14 46
14 64
14 218
208 29
208 210
208 65
208 184
208 216
208 36
208 183
208 185
208 153
208 189
208 128
208 219
208 4
208 83
208 60
208 130
208 39
208 50
208 145
208 125
208 135
208 105
208 211
208 121
208 174
208 117
208 155
208 191
208 15
208 108
208 173
208 49
208 147
208 127
208 27
208 0
208 111
208 42
208 104
208 157
208 205
208 118
208 202
208 72
208 120
208 197
208 55
208 101
208 195
208 188
208 143
208 58
208 201
208 218
208 100
29 65
29 36
29 179
29 2
29 189
29 34
29 51
29 54
29 39
29 78
29 125
29 138
29 135
29 105
29 121
29 15
29 136
29 187
29 173
29 69
29 127
29 154
29 27
29 111
29 42
29 164
29 104
29 148
29 176
29 190
29 94
29 122
29 205
29 118
29 28
29 67
29 79
29 120
29 41
29 197
29 101
29 188
29 181
29 201
29 48
29 64
29 85
210 65
210 193
210 184
210 36
210 182
210 134
210 13
210 179
210 183
210 185
210 2
210 153
210 189
210 161
210 34
210 168
210 51
210 130
210 78
210 145
210 125
210 135
210 105
210 211
210 121
210 174
210 117
210 191
210 136
210 109
210 173
210 49
210 147
210 127
210 154
210 10
210 86
210 148
210 176
210 190
210 205
210 67
210 202
210 84
210 35
210 119
210 120
210 41
210 197
210 55
210 195
210 188
210 181
210 143
210 58
210 201
210 48
210 100
210 85
65 193
65 216
65 36
65 13
65 179
65 183
65 185
65 189
65 97
65 171
65 219
65 161
65 167
65 34
65 168
65 83
65 51
65 60
65 130
65 39
65 50
65 145
65 138
65 135
65 121
65 174
65 117
65 155
65 15
65 187
65 108
65 109
65 173
65 49
65 69
65 147
65 40
65 0
65 111
65 42
65 86
65 166
65 164
65 104
65 157
65 148
65 176
65 190
65 94
65 118
65 28
65 67
65 202
65 84
65 72
65 35
65 119
65 41
65 197
65 55
65 195
65 188
65 143
65 48
65 46
65 64
65 100
193 184
193 216
193 182
193 13
193 183
193 189
193 97
193 128
193 37
193 178
193 4
193 161
193 167
193 70
193 34
193 168
193 83
193 51
193 54
193 130
193 39
193 145
193 125
193 135
193 105
193 121
193 113
193 174
193 75
193 155
193 191
193 15
193 187
193 108
193 173
193 40
193 127
193 154
193 27
193 10
193 86
193 148
193 94
193 205
193 118
193 28
193 79
193 84
193 72
193 35
193 55
193 195
193 143
193 85
184 36
184 13
184 153
184 97
184 37
184 178
184 4
184 161
184 167
184 70
184 168
184 83
184 51
184 60
184 130
184 50
184 145
184 138
184 121
184 113
184 174
184 75
184 15
184 108
184 109
184 69
184 147
184 154
184 27
184 10
184 111
184 86
184 166
184 164
184 148
184 190
184 94
184 122
184 205
184 118
184 28
184 67
184 79
184 202
184 84
184 72
184 119
184 120
184 41
184 55
184 101
184 195
184 188
184 181
184 143
184 48
184 46
184 64
184 100
216 182
216 134
216 179
216 183
216 185
216 2
216 189
216 171
216 219
216 96
216 4
216 167
216 70
216 34
216 168
216 83
216 51
216 54
216 39
216 50
216 78
216 135
216 211
216 113
216 174
216 117
216 75
216 155
216 136
216 187
216 108
216 69
216 147
216 40
216 127
216 154
216 10
216 0
216 164
216 157
216 148
216 176
216 190
216 94
216 122
216 118
216 67
216 202
216 84
216 35
216 119
216 120
216 197
216 55
216 101
216 195
216 188
216 181
216 143
216 48
216 64
216 218
216 85
36 13
36 185
36 97
36 128
36 37
36 178
36 96
36 4
36 161
36 167
36 70
36 34
36 168
36 83
36 54
36 130
36 39
36 78
36 145
36 125
36 138
36 135
36 113
36 117
36 75
36 155
36 15
36 136
36 108
36 109
36 173
36 69
36 147
36 40
36 127
36 154
36 27
36 10
36 111
36 42
36 164
36 176
36 190
36 67
36 79
36 202
36 84
36 72
36 35
36 119
36 41
36 197
36 55
36 195
36 188
36 181
36 143
36 48
36 46
36 64
36 218
36 100
182 134
182 13
182 179
182 185
182 189
182 97
182 128
182 37
182 178
182 96
182 4
182 161
182 70
182 34
182 168
182 54
182 130
182 39
182 50
182 78
182 145
182 105
182 121
182 113
182 117
182 191
182 136
182 187
182 108
182 109
182 49
182 69
182 147
182 40
182 154
182 27
182 0
182 42
182 86
182 166
182 164
182 104
182 157
182 176
182 122
182 205
182 28
182 67
182 84
182 72
182 35
182 120
182 197
182 55
182 188
182 58
182 201
182 64
182 100
134 13
134 2
134 153
134 189
134 97
134 37
134 178
134 96
134 4
134 161
134 167
134 70
134 168
134 83
134 54
134 130
134 39
134 50
134 78
134 145
134 135
134 105
134 211
134 174
134 75
134 155
134 191
134 15
134 136
134 108
134 109
134 173
134 69
134 111
134 42
134 166
134 164
134 104
134 148
134 176
134 190
134 94
134 79
134 84
134 35
134 119
134 55
134 101
134 195
134 188
134 48
134 46
134 218
134 100
134 85
13 179
13 183
13 2
13 219
13 96
13 167
13 34
13 60
13 54
13 130
13 39
13 78
13 145
13 125
13 138
13 135
13 113
13 174
13 117
13 15
13 108
13 173
13 40
13 127
13 154
13 10
13 42
13 166
13 164
13 104
13 157
13 148
13 176
13 190
13 122
13 205
13 28
13 67
13 79
13 84
13 72
13 119
13 197
13 195
13 188
13 181
13 48
13 218
13 100
13 85
179 185
179 2
179 153
179 189
179 97
179 128
179 219
179 96
179 4
179 34
179 168
179 60
179 54
179 50
179 125
179 138
179 135
179 105
179 117
179 191
179 136
179 187
179 173
179 69
179 147
179 154
179 27
179 0
179 111
179 86
179 166
179 104
179 176
179 190
179 205
179 118
179 84
179 35
179 120
179 41
179 197
179 55
179 188
179 143
179 48
179 64
179 218
179 85
183 2
183 153
183 189
183 97
183 128
183 178
183 219
183 161
183 167
183 83
183 51
183 60
183 54
183 130
183 39
183 50
183 138
183 135
183 211
183 113
183 174
183 117
183 155
183 191
183 15
183 187
183 109
183 173
183 49
183 147
183 127
183 154
183 27
183 10
183 0
183 42
183 86
183 164
183 104
183 94
183 122
183 205
183 28
183 67
183 72
183 35
183 119
183 120
183 197
183 55
183 195
183 188
183 181
183 143
183 58
183 48
183 46
183 85
185 2
185 171
185 96
185 4
185 161
185 34
185 83
185 51
185 130
185 39
185 78
185 145
185 125
185 135
185 121
185 117
185 75
185 155
185 191
185 15
185 108
185 109
185 147
185 40
185 10
185 86
185 166
185 157
185 176
185 205
185 67
185 202
185 41
185 55
185 101
185 181
185 58
185 48
185 46
185 100
185 85
2 153
2 97
2 37
2 178
2 4
2 167
2 70
2 34
2 51
2 60
2 54
2 130
2 39
2 78
2 145
2 125
2 138
2 135
2 105
2 121
2 75
2 15
2 187
2 173
2 49
2 69
2 40
2 0
2 111
2 42
2 166
2 164
2 104
2 176
2 190
2 94
2 118
2 28
2 67
2 79
2 202
2 84
2 72
2 41
2 55
2 101
2 188
2 181
2 58
2 48
2 46
2 64
2 218
2 100
2 85
153 171
153 37
153 178
153 96
153 167
153 34
153 168
153 83
153 50
153 78
153 125
153 105
153 211
153 113
153 75
153 191
153 15
153 108
153 109
153 69
153 147
153 40
153 127
153 154
153 27
153 10
153 0
153 42
153 86
153 166
153 164
153 157
153 176
153 190
153 94
153 122
153 205
153 118
153 67
153 79
153 202
153 72
153 120
153 41
153 55
153 195
153 188
153 143
153 48
153 46
153 64
153 218
189 37
189 178
189 4
189 161
189 70
189 34
189 168
189 83
189 60
189 54
189 130
189 39
189 78
189 125
189 105
189 211
189 113
189 174
189 75
189 155
189 191
189 15
189 187
189 109
189 173
189 69
189 40
189 127
189 154
189 0
189 42
189 86
189 166
189 104
189 148
189 176
189 190
189 94
189 122
189 118
189 28
189 79
189 202
189 84
189 72
189 119
189 41
189 55
189 188
189 143
189 48
189 46
189 64
189 100
97 171
97 37
97 96
97 4
97 161
97 167
97 83
97 51
97 50
97 78
97 145
97 125
97 138
97 135
97 211
97 155
97 109
97 173
97 49
97 69
97 147
97 127
97 154
97 27
97 10
97 0
97 111
97 86
97 164
97 176
97 94
97 122
97 118
97 28
97 79
97 202
97 84
97 72
97 119
97 120
97 197
97 55
97 101
97 143
97 58
97 48
97 64
97 218
97 100
171 37
171 178
171 219
171 96
171 70
171 34
171 168
171 83
171 51
171 60
171 39
171 50
171 78
171 145
171 138
171 135
171 113
171 117
171 75
171 155
171 191
171 136
171 108
171 109
171 49
171 69
171 40
171 127
171 0
171 111
171 166
171 104
171 157
171 148
171 176
171 190
171 205
171 118
171 67
171 84
171 72
171 35
171 120
171 41
171 101
171 181
171 58
171 201
171 48
171 46
171 218
171 85
128 37
128 178
128 96
128 161
128 167
128 168
128 83
128 51
128 60
128 54
128 39
128 50
128 78
128 145
128 105
128 211
128 121
128 113
128 174
128 117
128 75
128 191
128 136
128 109
128 173
128 69
128 147
128 127
128 154
128 86
128 166
128 104
128 157
128 148
128 176
128 94
128 118
128 28
128 67
128 84
128 35
128 197
128 55
128 195
128 181
128 143
128 58
128 201
128 48
128 46
128 64
128 85
37 178
37 219
37 96
37 4
37 161
37 168
37 83
37 51
37 105
37 211
37 121
37 113
37 174
37 75
37 155
37 191
37 69
37 147
37 154
37 27
37 10
37 0
37 111
37 42
37 104
37 176
37 190
37 122
37 118
37 79
37 84
37 119
37 120
37 55
37 181
37 58
37 48
37 46
37 100
37 85
178 96
178 4
178 161
178 167
178 60
178 54
178 39
178 50
178 125
178 138
178 135
178 105
178 117
178 75
178 155
178 191
178 15
178 187
178 108
178 49
178 147
178 40
178 127
178 10
178 0
178 111
178 166
178 164
178 104
178 148
178 176
178 94
178 122
178 118
178 67
178 202
178 84
178 119
178 120
178 41
178 55
178 101
178 188
178 143
178 46
178 64
178 100
178 85
219 96
219 4
219 161
219 167
219 70
219 34
219 168
219 130
219 39
219 138
219 135
219 105
219 121
219 117
219 191
219 136
219 187
219 108
219 109
219 49
219 69
219 147
219 40
219 127
219 10
219 42
219 86
219 164
219 104
219 157
219 148
219 176
219 190
219 94
219 205
219 118
219 67
219 202
219 84
219 119
219 120
219 41
219 55
219 195
219 181
219 58
219 201
219 46
219 64
219 218
96 4
96 167
96 34
96 54
96 50
96 78
96 145
96 125
96 105
96 174
96 117
96 75
96 191
96 15
96 187
96 108
96 109
96 173
96 40
96 154
96 10
96 111
96 42
96 86
96 164
96 104
96 148
96 190
96 94
96 122
96 205
96 118
96 28
96 79
96 84
96 35
96 119
96 41
96 55
96 101
96 195
96 188
96 181
96 143
96 58
96 48
96 46
96 218
96 100
96 85
4 161
4 70
4 83
4 54
4 130
4 50
4 145
4 138
4 105
4 211
4 121
4 113
4 174
4 117
4 155
4 15
4 187
4 109
4 173
4 49
4 69
4 147
4 127
4 154
4 10
4 111
4 42
4 86
4 166
4 164
4 104
4 157
4 148
4 190
4 122
4 205
4 118
4 67
4 202
4 84
4 35
4 41
4 101
4 181
4 58
4 201
4 46
4 218
4 100
4 85
161 167
161 70
161 34
161 83
161 60
161 54
161 130
161 39
161 78
161 145
161 105
161 211
161 121
161 75
161 191
161 15
161 136
161 187
161 108
161 109
161 173
161 69
161 147
161 111
161 42
161 166
161 104
161 157
161 176
161 122
161 118
161 28
161 84
161 41
161 197
161 188
161 181
161 58
161 201
161 100
161 85
167 70
167 34
167 83
167 60
167 54
167 39
167 50
167 78
167 145
167 138
167 135
167 174
167 15
167 108
167 109
167 49
167 69
167 147
167 40
167 27
167 10
167 0
167 111
167 42
167 86
167 104
167 157
167 176
167 94
167 28
167 67
167 79
167 72
167 119
167 41
167 197
167 188
167 181
167 143
167 201
167 48
167 46
167 64
167 100
70 168
70 51
70 130
70 39
70 145
70 125
70 138
70 135
70 105
70 211
70 121
70 113
70 174
70 117
70 155
70 191
70 15
70 136
70 109
70 173
70 147
70 127
70 154
70 10
70 0
70 86
70 166
70 104
70 157
70 148
70 190
70 94
70 205
70 28
70 67
70 79
70 72
70 119
70 120
70 195
70 188
70 143
70 48
70 46
70 64
34 83
34 51
34 60
34 54
34 39
34 50
34 125
34 135
34 121
34 113
34 174
34 191
34 15
34 109
34 173
34 69
34 147
34 40
34 127
34 154
34 0
34 42
34 166
34 164
34 104
34 148
34 190
34 94
34 122
34 205
34 118
34 84
34 72
34 119
34 120
34 41
34 55
34 195
34 188
34 181
34 48
34 46
34 64
34 85
168 54
168 130
168 39
168 78
168 145
168 125
168 138
168 135
168 211
168 113
168 174
168 117
168 75
168 155
168 191
168 136
168 187
168 108
168 173
168 127
168 27
168 10
168 42
168 166
168 164
168 104
168 157
168 148
168 190
168 94
168 122
168 205
168 118
168 79
168 202
168 72
168 35
168 119
168 120
168 41
168 55
168 195
168 188
168 181
168 46
168 218
168 100
168 85
83 51
83 54
83 50
83 145
83 125
83 135
83 211
83 113
83 174
83 117
83 155
83 191
83 109
83 173
83 49
83 154
83 42
83 164
83 157
83 148
83 176
83 190
83 94
83 122
83 28
83 67
83 72
83 35
83 119
83 120
83 188
83 181
83 48
83 46
83 218
51 54
51 130
51 39
51 50
51 78
51 145
51 125
51 138
51 135
51 121
51 113
51 117
51 75
51 155
51 136
51 108
51 173
51 69
51 127
51 154
51 27
51 0
51 111
51 164
51 104
51 157
51 176
51 94
51 205
51 28
51 67
51 79
51 84
51 72
51 35
51 119
51 55
51 188
51 181
51 201
51 48
51 64
51 218
51 85
60 54
60 130
60 39
60 50
60 78
60 125
60 138
60 105
60 211
60 121
60 113
60 174
60 117
60 75
60 15
60 173
60 69
60 147
60 40
60 127
60 27
60 111
60 86
60 164
60 104
60 157
60 176
60 122
60 205
60 118
60 67
60 79
60 202
60 35
60 120
60 41
60 197
60 101
60 195
60 188
60 181
60 143
60 46
60 218
54 130
54 78
54 125
54 138
54 105
54 113
54 174
54 117
54 155
54 15
54 136
54 108
54 49
54 69
54 147
54 127
54 154
54 27
54 10
54 166
54 104
54 67
54 79
54 119
54 55
54 101
54 195
54 188
54 143
54 58
54 201
54 46
54 218
54 100
54 85
130 125
130 105
130 211
130 113
130 174
130 117
130 75
130 155
130 191
130 15
130 136
130 109
130 173
130 27
130 10
130 111
130 86
130 166
130 164
130 104
130 157
130 148
130 176
130 94
130 122
130 205
130 28
130 67
130 79
130 202
130 72
130 119
130 120
130 41
130 197
130 55
130 101
130 195
130 143
130 48
130 46
130 85
39 50
39 78
39 145
39 125
39 105
39 211
39 121
39 113
39 117
39 75
39 15
39 49
39 147
39 40
39 127
39 27
39 10
39 0
39 111
39 166
39 164
39 104
39 122
39 118
39 202
39 72
39 119
39 120
39 55
39 195
39 181
39 143
39 58
39 201
39 48
39 46
39 100
39 85
50 78
50 125
50 138
50 105
50 211
50 121
50 113
50 174
50 117
50 75
50 155
50 187
50 109
50 173
50 49
50 69
50 147
50 127
50 154
50 27
50 166
50 164
50 104
50 94
50 122
50 205
50 118
50 28
50 67
50 79
50 202
50 35
50 119
50 120
50 41
50 197
50 101
50 58
50 201
50 46
50 64
78 135
78 211
78 121
78 113
78 174
78 117
78 75
78 155
78 15
78 173
78 49
78 69
78 147
78 40
78 127
78 154
78 10
78 0
78 111
78 86
78 166
78 104
78 157
78 176
78 190
78 94
78 122
78 79
78 202
78 84
78 35
78 120
78 197
78 55
78 101
78 188
78 181
78 143
78 201
78 46
78 64
78 218
145 125
145 135
145 105
145 211
145 121
145 117
145 75
145 155
145 15
145 136
145 108
145 49
145 69
145 147
145 40
145 27
145 111
145 42
145 86
145 166
145 104
145 190
145 94
145 205
145 79
145 202
145 72
145 35
145 41
145 197
145 195
145 188
145 181
145 143
145 201
145 46
145 64
145 100
125 135
125 105
125 211
125 121
125 113
125 174
125 75
125 155
125 136
125 187
125 173
125 49
125 69
125 147
125 40
125 27
125 111
125 42
125 86
125 166
125 104
125 190
125 205
125 118
125 79
125 202
125 72
125 35
125 41
125 197
125 101
125 195
125 181
125 143
125 58
125 48
125 46
125 64
125 218
125 100
138 135
138 105
138 174
138 75
138 155
138 191
138 136
138 187
138 108
138 49
138 69
138 147
138 127
138 154
138 27
138 0
138 86
138 164
138 104
138 157
138 148
138 190
138 202
138 84
138 72
138 120
138 41
138 197
138 55
138 101
138 188
138 181
138 143
138 58
138 46
138 100
138 85
135 211
135 121
135 113
135 174
135 75
135 155
135 191
135 108
135 109
135 69
135 147
135 40
135 127
135 111
135 42
135 166
135 164
135 104
135 148
135 190
135 94
135 122
135 79
135 202
135 84
135 120
135 197
135 55
135 195
135 188
135 58
135 48
135 46
135 100
135 85
105 113
105 174
105 117
105 155
105 15
105 136
105 109
105 40
105 127
105 27
105 111
105 42
105 86
105 166
105 164
105 157
105 148
105 190
105 205
105 28
105 67
105 79
105 202
105 84
105 72
105 35
105 119
105 120
105 41
105 197
105 55
105 101
105 188
105 143
105 58
105 100
211 75
211 136
211 109
211 173
211 49
211 69
211 147
211 40
211 127
211 27
211 166
211 104
211 157
211 148
211 176
211 94
211 122
211 118
211 28
211 67
211 84
211 72
211 35
211 119
211 120
211 41
211 101
211 188
211 143
211 58
211 201
211 48
211 64
211 218
211 100
211 85
121 117
121 155
121 191
121 173
121 49
121 69
121 127
121 154
121 111
121 42
121 164
121 176
121 205
121 118
121 28
121 67
121 79
121 202
121 72
121 119
121 120
121 197
121 55
121 195
121 188
121 181
121 201
121 64
121 218
113 174
113 117
113 191
113 136
113 108
113 173
113 69
113 147
113 40
113 154
113 27
113 0
113 111
113 86
113 164
113 104
113 176
113 94
113 205
113 118
113 28
113 79
113 202
113 84
113 72
113 119
113 120
113 41
113 197
113 55
113 101
113 195
113 143
113 201
113 85
174 191
174 15
174 136
174 173
174 49
174 69
174 147
174 154
174 27
174 0
174 111
174 42
174 86
174 166
174 164
174 104
174 157
174 148
174 176
174 190
174 94
174 205
174 118
174 67
174 79
174 72
174 35
174 120
174 41
174 188
174 143
174 58
174 48
174 64
174 218
174 85
117 75
117 136
117 108
117 40
117 27
117 10
117 0
117 111
117 42
117 86
117 166
117 148
117 190
117 94
117 122
117 118
117 67
117 72
117 41
117 55
117 101
117 195
117 188
117 181
117 143
117 201
117 48
117 64
117 218
117 100
75 191
75 15
75 108
75 109
75 173
75 147
75 40
75 127
75 154
75 27
75 10
75 0
75 166
75 104
75 190
75 118
75 79
75 35
75 119
75 120
75 41
75 55
75 101
75 195
75 143
75 58
75 48
75 64
155 136
155 109
155 173
155 69
155 147
155 40
155 127
155 27
155 10
155 111
155 42
155 166
155 164
155 157
155 148
155 94
155 122
155 205
155 118
155 67
155 79
155 202
155 84
155 72
155 119
155 120
155 41
155 197
155 55
155 101
155 195
155 181
155 58
155 201
155 64
155 218
155 85
191 136
191 187
191 109
191 40
191 27
191 0
191 111
191 42
191 166
191 104
191 148
191 190
191 122
191 118
191 28
191 79
191 202
191 84
191 35
191 119
191 41
191 55
191 101
191 188
191 143
191 58
191 48
191 218
15 136
15 108
15 173
15 49
15 69
15 154
15 27
15 10
15 42
15 166
15 176
15 190
15 118
15 28
15 67
15 202
15 119
15 120
15 41
15 197
15 55
15 101
15 195
15 143
15 58
15 48
15 100
136 187
136 173
136 69
136 147
136 127
136 154
136 0
136 111
136 42
136 86
136 166
136 104
136 122
136 205
136 118
136 67
136 79
136 120
136 41
136 197
136 101
136 195
136 188
136 58
136 201
136 48
136 218
136 100
136 85
187 109
187 173
187 49
187 69
187 147
187 40
187 27
187 10
187 42
187 86
187 166
187 104
187 157
187 148
187 94
187 28
187 202
187 84
187 72
187 35
187 120
187 41
187 197
187 55
187 195
187 181
187 58
187 201
187 46
187 218
187 100
187 85
108 109
108 173
108 69
108 147
108 40
108 127
108 154
108 0
108 42
108 86
108 166
108 164
108 190
108 94
108 122
108 118
108 28
108 67
108 202
108 84
108 72
108 119
108 120
108 55
108 101
108 181
108 143
108 58
108 218
108 100
108 85
109 49
109 69
109 147
109 40
109 154
109 27
109 10
109 0
109 111
109 86
109 166
109 164
109 104
109 157
109 190
109 94
109 122
109 205
109 118
109 28
109 67
109 79
109 35
109 120
109 41
109 101
109 195
109 58
109 201
109 48
109 64
109 218
109 85
173 49
173 69
173 147
173 40
173 127
173 27
173 0
173 111
173 42
173 86
173 166
173 164
173 104
173 148
173 94
173 122
173 205
173 118
173 28
173 67
173 79
173 202
173 84
173 72
173 119
173 197
173 55
173 195
173 188
173 143
173 48
173 46
173 218
173 85
49 69
49 40
49 154
49 27
49 10
49 0
49 86
49 166
49 148
49 176
49 94
49 205
49 28
49 67
49 79
49 202
49 84
49 35
49 119
49 120
49 41
49 197
49 55
49 101
49 188
49 181
49 58
49 201
49 46
49 64
49 218
69 147
69 40
69 127
69 154
69 10
69 0
69 111
69 42
69 86
69 166
69 164
69 157
69 190
69 94
69 122
69 205
69 28
69 67
69 79
69 202
69 72
69 119
69 120
69 41
69 197
69 195
69 201
69 48
69 64
69 85
147 127
147 10
147 111
147 86
147 166
147 104
147 148
147 176
147 190
147 94
147 122
147 205
147 118
147 28
147 67
147 79
147 72
147 119
147 120
147 41
147 197
147 55
147 101
147 188
147 143
147 58
147 48
147 46
147 100
147 85
40 127
40 154
40 27
40 0
40 86
40 166
40 104
40 157
40 148
40 176
40 94
40 122
40 205
40 118
40 28
40 202
40 72
40 197
40 195
40 143
40 58
40 48
40 46
40 64
40 218
40 100
40 85
127 154
127 10
127 0
127 111
127 42
127 86
127 166
127 104
127 157
127 148
127 190
127 122
127 205
127 118
127 67
127 79
127 202
127 35
127 197
127 101
127 181
127 201
127 48
127 46
127 218
127 100
154 27
154 10
154 42
154 86
154 164
154 157
154 176
154 94
154 205
154 118
154 84
154 72
154 35
154 119
154 120
154 188
154 58
154 46
154 100
154 85
27 0
27 111
27 42
27 164
27 148
27 190
27 94
27 122
27 205
27 118
27 84
27 72
27 35
27 119
27 197
27 55
27 195
27 188
27 181
27 201
27 48
27 46
27 100
27 85
10 0
10 42
10 166
10 104
10 176
10 190
10 94
10 205
10 118
10 28
10 84
10 119
10 55
10 101
10 195
10 181
10 143
10 48
10 46
10 64
10 218
10 100
10 85
0 111
0 86
0 166
0 157
0 190
0 122
0 118
0 28
0 79
0 202
0 119
0 41
0 197
0 101
0 181
0 143
0 201
0 48
111 42
111 86
111 164
111 104
111 157
111 148
111 176
111 190
111 94
111 28
111 67
111 202
111 84
111 72
111 35
111 197
111 101
111 195
111 181
111 143
111 58
111 201
111 48
111 46
111 64
111 218
111 100
42 164
42 104
42 148
42 176
42 122
42 205
42 118
42 28
42 67
42 79
42 84
42 72
42 119
42 120
42 55
42 195
42 188
42 201
42 48
42 64
42 85
86 166
86 104
86 157
86 94
86 122
86 28
86 202
86 35
86 120
86 41
86 197
86 55
86 101
86 195
86 188
86 181
86 201
86 48
86 46
86 64
166 164
166 104
166 157
166 148
166 176
166 190
166 94
166 122
166 205
166 118
166 28
166 67
166 79
166 72
166 35
166 119
166 120
166 101
166 195
166 181
166 143
166 201
166 48
166 46
166 64
166 100
166 85
164 104
164 157
164 148
164 176
164 190
164 94
164 122
164 205
164 28
164 202
164 84
164 72
164 119
164 41
164 197
164 55
164 143
164 58
164 201
164 46
164 218
164 100
104 176
104 190
104 94
104 122
104 205
104 79
104 202
104 84
104 72
104 35
104 41
104 195
104 143
104 58
104 201
104 48
104 46
104 218
104 100
157 148
157 122
157 28
157 67
157 72
157 119
157 120
157 41
157 101
157 188
157 181
157 143
157 58
157 46
157 64
157 218
157 100
148 176
148 190
148 122
148 205
148 118
148 28
148 67
148 202
148 119
148 120
148 41
148 197
148 101
148 181
148 58
148 201
148 48
148 64
148 218
148 85
176 190
176 94
176 122
176 28
176 67
176 79
176 202
176 84
176 72
176 119
176 120
176 41
176 197
176 55
176 188
176 143
176 46
176 64
176 218
176 100
190 94
190 118
190 28
190 79
190 35
190 119
190 197
190 55
190 101
190 195
190 181
190 143
190 58
190 46
190 218
94 118
94 28
94 67
94 202
94 72
94 120
94 41
94 197
94 101
94 181
94 143
94 201
94 48
94 46
94 218
94 100
94 85
122 205
122 28
122 67
122 202
122 35
122 120
122 197
122 55
122 101
122 195
122 58
122 201
122 48
122 46
122 64
122 85
205 118
205 28
205 67
205 79
205 202
205 84
205 72
205 35
205 119
205 41
205 197
205 55
205 101
205 195
205 188
205 181
205 143
205 100
118 28
118 79
118 202
118 84
118 72
118 35
118 119
118 120
118 41
118 55
118 101
118 181
118 143
118 58
118 201
118 46
118 218
118 100
28 67
28 202
28 84
28 35
28 119
28 41
28 197
28 55
28 195
28 181
28 58
28 201
28 48
28 46
28 64
28 218
67 202
67 84
67 72
67 35
67 119
67 120
67 41
67 197
67 101
67 188
67 181
67 143
67 201
67 48
67 85
79 202
79 72
79 35
79 119
79 120
79 41
79 55
79 195
79 143
79 201
79 48
79 64
79 218
202 72
202 35
202 197
202 55
202 181
202 143
202 58
202 201
202 218
202 85
84 119
84 120
84 101
84 195
84 188
84 64
84 218
84 100
84 85
72 119
72 120
72 197
72 101
72 195
72 58
72 48
72 46
72 100
35 119
35 197
35 101
35 195
35 188
35 181
35 143
35 58
35 48
35 46
35 64
35 218
35 100
119 120
119 55
119 143
119 58
119 48
119 46
119 218
119 85
120 197
120 195
120 188
120 181
120 201
120 46
120 218
120 100
120 85
41 101
41 181
41 58
41 201
41 64
41 218
41 85
197 55
197 101
197 195
197 188
197 181
197 143
197 46
197 64
197 218
197 100
197 85
55 101
55 181
55 143
55 201
55 46
55 100
55 85
101 195
101 188
101 181
101 143
101 64
101 85
195 181
195 143
195 46
195 64
188 58
188 201
188 64
188 218
188 100
188 85
181 143
181 58
181 201
181 64
181 218
181 100
143 58
143 48
143 64
143 218
143 100
143 85
58 201
58 48
58 46
58 64
58 218
201 46
201 64
48 46
48 64
48 218
48 100
48 85
46 64
46 218
46 100
46 85
218 100
218 85
100 85
