*verties 218
106
31
50
119
105
2
12
92
59
36
41
72
129
30
183
110
64
25
112
113
46
192
0
43
177
77
47
139
132
170
124
15
195
32
35
143
56
126
63
167
11
171
70
190
14
121
95
147
144
120
140
172
103
7
136
130
6
86
166
184
165
45
42
114
149
211
163
151
82
26
94
34
3
148
176
81
8
49
187
89
60
215
217
44
188
186
178
205
198
37
204
159
85
181
38
21
28
135
62
142
189
97
208
4
156
202
212
207
117
158
68
57
107
218
133
99
161
196
157
13
213
200
128
154
115
169
93
111
27
58
73
22
168
153
17
104
54
201
145
125
84
80
19
61
48
216
5
193
98
67
88
96
108
101
33
210
83
118
152
53
100
209
185
90
18
29
134
199
219
78
91
24
175
109
69
160
123
122
131
146
74
150
179
138
52
16
20
79
40
10
9
141
173
164
1
76
66
71
39
102
203
127
116
155
55
23
51
162
182
137
87
180
214
194
174
206
65
197
*edges 
106 105
106 2
106 12
106 41
106 72
106 25
106 43
106 139
106 15
106 195
106 126
106 167
106 14
106 121
106 95
106 144
106 103
106 7
106 166
106 45
106 94
106 34
106 3
106 8
106 187
106 60
106 215
106 188
106 205
106 181
106 135
106 189
106 208
106 207
106 158
106 68
106 99
106 161
106 196
106 13
106 111
106 58
106 201
106 125
106 84
106 19
106 48
106 5
106 193
106 33
106 210
106 152
106 53
106 185
106 90
106 18
106 134
106 219
106 91
106 160
106 123
106 122
106 146
106 179
106 52
106 40
106 10
106 141
106 164
106 39
106 127
106 55
106 23
106 51
106 214
106 194
106 206
106 65
31 50
31 105
31 2
31 36
31 41
31 72
31 30
31 192
31 0
31 43
31 139
31 32
31 143
31 63
31 171
31 14
31 130
31 6
31 86
31 45
31 163
31 151
31 94
31 3
31 148
31 8
31 187
31 215
31 178
31 37
31 21
31 135
31 142
31 156
31 207
31 117
31 57
31 218
31 99
31 13
31 115
31 27
31 168
31 153
31 54
31 84
31 80
31 5
31 67
31 101
31 83
31 118
31 152
31 185
31 199
31 219
31 91
31 175
31 109
31 123
31 131
31 146
31 150
31 20
31 10
31 9
31 1
31 66
31 51
31 162
31 137
31 87
31 194
31 206
50 119
50 2
50 72
50 129
50 25
50 112
50 192
50 43
50 124
50 35
50 167
50 11
50 70
50 95
50 120
50 140
50 86
50 151
50 82
50 94
50 3
50 148
50 176
50 187
50 217
50 44
50 188
50 205
50 198
50 133
50 99
50 196
50 154
50 153
50 84
50 61
50 48
50 216
50 33
50 118
50 152
50 209
50 18
50 134
50 91
50 109
50 16
50 9
50 141
50 173
50 164
50 1
50 203
50 127
50 137
50 87
50 194
50 206
50 65
119 12
119 59
119 112
119 143
119 126
119 95
119 120
119 140
119 172
119 103
119 130
119 42
119 114
119 3
119 148
119 176
119 89
119 186
119 181
119 97
119 4
119 212
119 68
119 133
119 128
119 154
119 169
119 27
119 22
119 54
119 125
119 84
119 80
119 48
119 216
119 5
119 88
119 83
119 100
119 209
119 18
119 134
119 78
119 24
119 175
119 109
119 123
119 16
119 9
119 173
119 164
119 1
119 71
119 127
119 55
119 23
119 51
119 162
119 174
119 65
119 197
105 72
105 30
105 110
105 25
105 139
105 132
105 56
105 171
105 190
105 130
105 163
105 94
105 176
105 89
105 60
105 205
105 37
105 159
105 21
105 28
105 156
105 117
105 158
105 68
105 57
105 196
105 13
105 213
105 200
105 115
105 111
105 27
105 58
105 54
105 145
105 193
105 83
105 53
105 18
105 1
105 71
105 39
105 116
105 23
105 162
105 182
105 87
105 214
105 194
105 197
2 36
2 30
2 64
2 25
2 0
2 139
2 124
2 143
2 63
2 167
2 190
2 144
2 120
2 172
2 136
2 86
2 165
2 114
2 94
2 34
2 3
2 187
2 89
2 188
2 198
2 159
2 28
2 135
2 189
2 4
2 202
2 207
2 117
2 107
2 133
2 161
2 157
2 13
2 213
2 115
2 168
2 84
2 48
2 98
2 67
2 108
2 33
2 134
2 91
2 24
2 175
2 69
2 146
2 138
2 9
2 173
2 1
2 162
2 194
2 197
12 92
12 59
12 30
12 43
12 177
12 15
12 126
12 63
12 11
12 70
12 86
12 166
12 165
12 42
12 114
12 82
12 34
12 49
12 89
12 60
12 215
12 217
12 178
12 198
12 204
12 38
12 4
12 212
12 117
12 68
12 133
12 99
12 161
12 157
12 115
12 93
12 58
12 201
12 84
12 48
12 67
12 88
12 101
12 83
12 53
12 209
12 185
12 29
12 199
12 219
12 69
12 123
12 146
12 150
12 138
12 52
12 20
12 79
12 40
12 9
12 66
12 102
12 127
12 155
12 182
12 87
12 214
12 194
92 36
92 72
92 129
92 30
92 110
92 25
92 77
92 56
92 126
92 167
92 11
92 70
92 130
92 165
92 42
92 26
92 34
92 187
92 60
92 215
92 188
92 198
92 204
92 85
92 135
92 62
92 208
92 158
92 57
92 161
92 196
92 13
92 213
92 200
92 128
92 154
92 168
92 153
92 201
92 145
92 48
92 216
92 67
92 96
92 210
92 118
92 209
92 185
92 18
92 29
92 199
92 219
92 109
92 160
92 123
92 179
92 79
92 9
92 164
92 1
92 71
92 203
92 182
92 214
92 174
92 65
59 129
59 25
59 192
59 139
59 124
59 32
59 35
59 11
59 171
59 70
59 95
59 147
59 144
59 103
59 136
59 165
59 45
59 42
59 114
59 149
59 34
59 176
59 81
59 49
59 89
59 60
59 217
59 159
59 181
59 28
59 117
59 68
59 133
59 213
59 154
59 73
59 17
59 80
59 48
59 101
59 210
59 118
59 18
59 29
59 24
59 69
59 122
59 146
59 16
59 9
59 173
59 164
59 66
59 116
59 51
59 182
59 214
59 197
36 30
36 25
36 46
36 47
36 139
36 132
36 15
36 143
36 167
36 70
36 14
36 147
36 120
36 130
36 45
36 42
36 211
36 82
36 26
36 148
36 176
36 8
36 49
36 89
36 215
36 217
36 44
36 205
36 198
36 85
36 135
36 189
36 208
36 4
36 156
36 202
36 207
36 133
36 13
36 73
36 168
36 201
36 19
36 216
36 5
36 67
36 88
36 83
36 152
36 209
36 185
36 90
36 160
36 123
36 16
36 40
36 66
36 162
36 180
36 214
36 174
41 30
41 183
41 110
41 25
41 170
41 143
41 167
41 171
41 190
41 147
41 140
41 86
41 184
41 114
41 211
41 151
41 82
41 94
41 60
41 44
41 188
41 37
41 204
41 159
41 181
41 135
41 208
41 212
41 117
41 158
41 157
41 13
41 169
41 93
41 73
41 168
41 201
41 145
41 84
41 61
41 193
41 101
41 118
41 152
41 53
41 100
41 185
41 160
41 20
41 164
41 102
41 127
41 116
41 155
41 23
41 87
41 65
41 197
72 129
72 15
72 195
72 35
72 14
72 121
72 7
72 166
72 163
72 215
72 217
72 178
72 205
72 37
72 21
72 97
72 4
72 156
72 207
72 158
72 133
72 99
72 161
72 157
72 169
72 93
72 111
72 153
72 17
72 19
72 48
72 216
72 193
72 98
72 67
72 96
72 108
72 33
72 210
72 118
72 53
72 199
72 78
72 91
72 175
72 69
72 131
72 74
72 20
72 164
72 1
72 116
72 23
72 162
72 214
129 64
129 112
129 46
129 0
129 43
129 77
129 132
129 15
129 32
129 11
129 190
129 14
129 95
129 144
129 140
129 7
129 130
129 86
129 166
129 165
129 45
129 94
129 187
129 89
129 44
129 198
129 37
129 28
129 97
129 208
129 202
129 117
129 218
129 133
129 99
129 13
129 93
129 111
129 73
129 104
129 54
129 145
129 216
129 67
129 96
129 101
129 83
129 18
129 219
129 150
129 138
129 9
129 141
129 173
129 1
129 76
129 71
129 137
129 65
30 110
30 64
30 113
30 46
30 43
30 177
30 195
30 35
30 63
30 167
30 121
30 7
30 130
30 42
30 114
30 151
30 176
30 215
30 205
30 21
30 28
30 62
30 68
30 57
30 107
30 213
30 128
30 27
30 58
30 73
30 168
30 201
30 80
30 216
30 193
30 33
30 118
30 100
30 199
30 69
30 122
30 150
30 16
30 173
30 102
30 127
30 155
30 51
30 162
30 180
183 110
183 25
183 192
183 77
183 15
183 35
183 56
183 126
183 63
183 167
183 120
183 140
183 172
183 136
183 165
183 42
183 211
183 94
183 187
183 89
183 217
183 44
183 205
183 21
183 28
183 189
183 202
183 68
183 57
183 218
183 13
183 154
183 93
183 168
183 145
183 125
183 80
183 19
183 48
183 216
183 5
183 88
183 18
183 29
183 219
183 69
183 160
183 146
183 74
183 16
183 164
183 1
183 66
183 127
183 51
183 182
183 87
183 194
110 77
110 124
110 195
110 32
110 143
110 63
110 70
110 190
110 14
110 147
110 144
110 120
110 140
110 6
110 166
110 184
110 42
110 149
110 211
110 163
110 151
110 82
110 217
110 37
110 85
110 181
110 21
110 28
110 189
110 97
110 208
110 156
110 107
110 196
110 157
110 13
110 200
110 154
110 93
110 17
110 54
110 84
110 19
110 216
110 193
110 98
110 67
110 96
110 209
110 134
110 219
110 24
110 109
110 69
110 123
110 122
110 179
110 141
110 1
110 55
110 182
110 137
110 214
64 25
64 112
64 113
64 192
64 43
64 177
64 77
64 15
64 195
64 32
64 143
64 14
64 121
64 103
64 166
64 165
64 42
64 211
64 163
64 94
64 8
64 44
64 186
64 178
64 38
64 21
64 28
64 97
64 208
64 212
64 154
64 169
64 201
64 61
64 5
64 33
64 83
64 118
64 53
64 209
64 185
64 18
64 199
64 78
64 109
64 69
64 146
64 74
64 138
64 40
64 164
64 71
64 39
64 102
64 116
64 214
64 194
64 206
25 177
25 77
25 32
25 143
25 167
25 11
25 190
25 14
25 95
25 184
25 187
25 215
25 217
25 44
25 178
25 37
25 204
25 159
25 142
25 97
25 4
25 117
25 218
25 133
25 161
25 13
25 128
25 154
25 169
25 111
25 58
25 153
25 17
25 80
25 67
25 88
25 101
25 53
25 100
25 78
25 109
25 123
25 146
25 76
25 66
25 71
25 127
25 162
25 214
25 206
112 113
112 192
112 47
112 132
112 35
112 56
112 126
112 171
112 14
112 140
112 136
112 184
112 165
112 114
112 26
112 94
112 148
112 8
112 89
112 44
112 178
112 205
112 204
112 181
112 135
112 142
112 189
112 97
112 202
112 68
112 218
112 133
112 13
112 200
112 115
112 111
112 58
112 153
112 145
112 125
112 84
112 48
112 108
112 33
112 53
112 90
112 78
112 69
112 160
112 146
112 150
112 40
112 1
112 71
112 39
112 102
112 23
112 51
112 87
112 214
112 206
112 65
113 192
113 139
113 124
113 15
113 195
113 56
113 11
113 103
113 86
113 184
113 149
113 163
113 187
113 217
113 37
113 181
113 21
113 135
113 189
113 208
113 107
113 218
113 133
113 157
113 13
113 213
113 200
113 169
113 93
113 111
113 27
113 73
113 22
113 153
113 104
113 84
113 98
113 88
113 101
113 33
113 83
113 152
113 209
113 18
113 199
113 109
113 69
113 122
113 74
113 138
113 52
113 79
113 164
113 76
113 39
113 203
113 162
113 137
113 87
113 194
46 192
46 132
46 15
46 56
46 11
46 14
46 172
46 165
46 26
46 3
46 215
46 217
46 186
46 178
46 205
46 198
46 85
46 181
46 28
46 62
46 208
46 156
46 158
46 57
46 111
46 22
46 168
46 125
46 48
46 83
46 209
46 90
46 18
46 29
46 134
46 69
46 179
46 20
46 66
46 127
46 116
46 155
46 182
46 214
46 174
46 65
192 77
192 139
192 63
192 11
192 70
192 144
192 120
192 103
192 7
192 136
192 86
192 42
192 34
192 148
192 176
192 217
192 188
192 178
192 204
192 142
192 189
192 97
192 202
192 212
192 158
192 99
192 196
192 115
192 58
192 168
192 201
192 125
192 48
192 98
192 67
192 108
192 33
192 18
192 199
192 78
192 160
192 131
192 179
192 16
192 40
192 1
192 203
192 55
192 51
192 162
192 137
192 194
192 197
0 77
0 132
0 56
0 63
0 11
0 171
0 14
0 95
0 144
0 136
0 6
0 184
0 151
0 82
0 94
0 81
0 44
0 178
0 85
0 57
0 107
0 133
0 196
0 169
0 93
0 73
0 125
0 80
0 61
0 216
0 98
0 67
0 88
0 101
0 33
0 53
0 90
0 18
0 29
0 219
0 24
0 123
0 146
0 150
0 52
0 40
0 76
0 102
0 155
0 51
0 180
0 214
0 194
0 174
0 197
43 77
43 47
43 170
43 195
43 35
43 56
43 63
43 167
43 11
43 171
43 190
43 95
43 120
43 7
43 6
43 114
43 148
43 81
43 8
43 89
43 217
43 44
43 186
43 178
43 181
43 38
43 202
43 212
43 107
43 218
43 133
43 161
43 157
43 128
43 154
43 115
43 111
43 22
43 19
43 61
43 67
43 134
43 219
43 69
43 123
43 131
43 146
43 179
43 52
43 10
43 66
43 39
43 116
177 170
177 15
177 195
177 143
177 56
177 11
177 190
177 147
177 120
177 140
177 6
177 166
177 184
177 149
177 163
177 151
177 94
177 34
177 148
177 8
177 49
177 89
177 44
177 188
177 186
177 159
177 85
177 181
177 28
177 202
177 57
177 99
177 161
177 200
177 115
177 73
177 22
177 104
177 201
177 61
177 5
177 96
177 108
177 83
177 118
177 209
177 185
177 29
177 199
177 24
177 160
177 123
177 79
177 40
177 10
177 71
177 102
177 127
177 182
177 180
177 174
177 206
177 65
177 197
77 132
77 170
77 35
77 70
77 190
77 121
77 147
77 144
77 140
77 130
77 86
77 165
77 45
77 149
77 211
77 163
77 34
77 148
77 176
77 81
77 215
77 44
77 188
77 186
77 28
77 4
77 202
77 212
77 68
77 57
77 107
77 99
77 196
77 13
77 128
77 169
77 27
77 58
77 168
77 54
77 19
77 61
77 98
77 108
77 33
77 83
77 152
77 29
77 134
77 199
77 175
77 109
77 131
77 146
77 150
77 179
77 138
77 16
77 20
77 10
77 9
77 141
77 173
77 76
77 102
77 203
77 127
77 51
77 180
77 206
77 65
47 170
47 143
47 70
47 14
47 86
47 184
47 165
47 45
47 42
47 114
47 211
47 3
47 49
47 44
47 188
47 178
47 38
47 135
47 97
47 207
47 68
47 57
47 107
47 218
47 157
47 128
47 154
47 115
47 168
47 17
47 201
47 80
47 61
47 48
47 5
47 88
47 108
47 210
47 152
47 100
47 78
47 109
47 150
47 20
47 1
47 66
47 71
47 39
47 127
47 116
47 23
47 137
47 197
139 124
139 143
139 63
139 95
139 147
139 144
139 140
139 172
139 86
139 184
139 45
139 42
139 114
139 34
139 3
139 148
139 176
139 81
139 49
139 187
139 215
139 205
139 135
139 62
139 142
139 97
139 4
139 202
139 212
139 207
139 158
139 128
139 27
139 73
139 168
139 17
139 125
139 84
139 80
139 61
139 48
139 101
139 33
139 53
139 100
139 134
139 199
139 160
139 146
139 150
139 179
139 10
139 9
139 141
139 51
139 182
139 87
139 214
139 197
132 170
132 35
132 171
132 95
132 7
132 136
132 130
132 184
132 114
132 211
132 151
132 26
132 34
132 3
132 148
132 187
132 89
132 44
132 188
132 204
132 159
132 38
132 21
132 62
132 142
132 189
132 156
132 68
132 57
132 107
132 133
132 128
132 169
132 73
132 153
132 17
132 19
132 88
132 33
132 118
132 100
132 90
132 78
132 24
132 109
132 160
132 123
132 131
132 179
132 138
132 52
132 40
132 10
132 9
132 141
132 66
132 203
132 116
132 51
132 87
132 174
132 197
170 195
170 35
170 56
170 11
170 171
170 14
170 95
170 144
170 140
170 136
170 6
170 166
170 114
170 211
170 163
170 89
170 217
170 178
170 205
170 198
170 159
170 181
170 135
170 158
170 218
170 111
170 153
170 17
170 54
170 84
170 19
170 98
170 101
170 210
170 118
170 152
170 53
170 100
170 90
170 18
170 123
170 146
170 150
170 52
170 20
170 79
170 9
170 141
170 173
170 164
170 102
170 127
170 23
170 87
170 180
170 194
124 195
124 63
124 121
124 95
124 144
124 120
124 130
124 114
124 149
124 211
124 151
124 34
124 3
124 81
124 89
124 60
124 186
124 205
124 198
124 204
124 38
124 135
124 189
124 97
124 202
124 212
124 207
124 117
124 218
124 13
124 213
124 128
124 169
124 17
124 54
124 201
124 19
124 67
124 33
124 83
124 100
124 209
124 90
124 29
124 134
124 24
124 146
124 179
124 138
124 16
124 20
124 79
124 10
124 9
124 141
124 1
124 76
124 39
124 203
124 127
124 155
15 32
15 56
15 171
15 121
15 120
15 86
15 166
15 184
15 42
15 82
15 26
15 8
15 198
15 37
15 21
15 62
15 208
15 4
15 202
15 158
15 68
15 107
15 128
15 154
15 115
15 58
15 201
15 125
15 84
15 19
15 216
15 193
15 98
15 33
15 83
15 134
15 160
15 122
15 131
15 179
15 138
15 16
15 79
15 141
15 71
15 116
15 55
15 182
15 206
15 197
195 35
195 63
195 14
195 121
195 95
195 120
195 86
195 184
195 3
195 60
195 215
195 44
195 186
195 204
195 135
195 97
195 208
195 156
195 212
195 117
195 158
195 68
195 99
195 200
195 128
195 169
195 27
195 22
195 145
195 125
195 61
195 88
195 118
195 134
195 78
195 91
195 24
195 175
195 109
195 160
195 122
195 150
195 16
195 40
195 10
195 76
195 55
195 23
195 214
195 65
195 197
32 56
32 167
32 121
32 147
32 140
32 114
32 149
32 34
32 187
32 89
32 60
32 217
32 44
32 204
32 135
32 62
32 97
32 207
32 117
32 158
32 68
32 133
32 99
32 161
32 157
32 58
32 73
32 17
32 54
32 145
32 19
32 101
32 33
32 210
32 118
32 209
32 18
32 134
32 16
32 10
32 1
32 66
32 102
32 55
32 51
32 182
32 180
32 197
35 126
35 171
35 190
35 95
35 147
35 144
35 172
35 7
35 136
35 166
35 82
35 94
35 3
35 148
35 187
35 178
35 37
35 85
35 21
35 28
35 135
35 62
35 189
35 207
35 57
35 107
35 133
35 13
35 213
35 115
35 111
35 27
35 73
35 22
35 153
35 80
35 19
35 193
35 88
35 83
35 152
35 123
35 141
35 173
35 1
35 71
35 102
35 155
35 55
35 51
35 137
35 214
35 197
143 56
143 63
143 171
143 190
143 121
143 120
143 140
143 7
143 165
143 149
143 211
143 94
143 3
143 89
143 60
143 217
143 85
143 181
143 38
143 21
143 135
143 156
143 202
143 68
143 213
143 154
143 27
143 73
143 153
143 17
143 84
143 61
143 48
143 88
143 152
143 90
143 18
143 69
143 160
143 122
143 131
143 74
143 150
143 138
143 9
143 164
143 127
143 137
143 87
143 194
143 206
56 121
56 147
56 144
56 120
56 140
56 7
56 136
56 166
56 45
56 42
56 151
56 26
56 81
56 8
56 89
56 178
56 97
56 158
56 196
56 168
56 84
56 80
56 108
56 210
56 100
56 18
56 29
56 78
56 24
56 138
56 52
56 79
56 40
56 1
56 127
56 155
56 174
56 65
126 70
126 95
126 144
126 140
126 45
126 26
126 176
126 60
126 215
126 44
126 178
126 159
126 85
126 181
126 28
126 62
126 117
126 158
126 99
126 13
126 200
126 154
126 67
126 96
126 108
126 118
126 152
126 185
126 18
126 199
126 40
126 9
126 173
126 1
126 203
126 127
126 162
126 180
126 214
63 70
63 121
63 120
63 172
63 130
63 86
63 166
63 94
63 3
63 81
63 8
63 187
63 89
63 44
63 178
63 85
63 97
63 117
63 158
63 57
63 157
63 200
63 115
63 93
63 111
63 27
63 22
63 17
63 104
63 201
63 145
63 61
63 216
63 98
63 100
63 209
63 29
63 24
63 69
63 122
63 146
63 138
63 16
63 20
63 79
63 141
63 173
63 1
63 71
63 127
63 155
63 23
63 51
63 194
63 174
167 11
167 171
167 103
167 165
167 163
167 151
167 8
167 49
167 188
167 178
167 204
167 156
167 207
167 117
167 111
167 58
167 73
167 22
167 201
167 84
167 80
167 67
167 88
167 96
167 108
167 83
167 53
167 100
167 209
167 18
167 29
167 134
167 78
167 24
167 123
167 79
167 40
167 9
167 173
167 1
167 102
167 116
167 155
167 23
167 162
167 180
167 194
167 65
11 95
11 147
11 103
11 7
11 184
11 114
11 211
11 151
11 82
11 26
11 94
11 148
11 176
11 81
11 187
11 60
11 215
11 188
11 38
11 28
11 135
11 97
11 117
11 57
11 161
11 213
11 200
11 128
11 27
11 125
11 84
11 80
11 61
11 48
11 216
11 5
11 193
11 67
11 210
11 118
11 90
11 134
11 24
11 175
11 123
11 74
11 150
11 138
11 16
11 40
11 10
11 164
11 1
11 66
11 203
11 116
11 51
11 182
11 137
11 214
171 121
171 147
171 172
171 103
171 130
171 6
171 86
171 165
171 42
171 114
171 211
171 82
171 176
171 49
171 60
171 217
171 37
171 159
171 156
171 158
171 157
171 200
171 115
171 22
171 17
171 104
171 201
171 48
171 5
171 193
171 67
171 118
171 209
171 185
171 18
171 78
171 24
171 122
171 74
171 150
171 16
171 40
171 9
171 164
171 1
171 71
171 203
171 116
171 51
171 162
171 182
171 65
70 95
70 184
70 165
70 45
70 149
70 151
70 34
70 3
70 8
70 89
70 217
70 38
70 212
70 158
70 68
70 57
70 13
70 128
70 154
70 169
70 27
70 58
70 73
70 61
70 48
70 108
70 210
70 118
70 185
70 18
70 29
70 91
70 74
70 150
70 40
70 10
70 1
70 76
70 66
70 102
70 155
70 87
190 121
190 136
190 114
190 26
190 94
190 81
190 44
190 198
190 37
190 159
190 85
190 38
190 189
190 208
190 107
190 133
190 161
190 196
190 157
190 213
190 115
190 73
190 54
190 145
190 125
190 84
190 61
190 98
190 96
190 83
190 100
190 199
190 219
190 91
190 146
190 179
190 20
190 79
190 40
190 10
190 141
190 173
190 71
190 203
190 127
190 155
190 137
190 214
190 174
190 65
14 165
14 45
14 82
14 26
14 148
14 215
14 217
14 188
14 186
14 178
14 37
14 204
14 159
14 85
14 38
14 189
14 207
14 158
14 107
14 218
14 213
14 115
14 27
14 168
14 153
14 17
14 145
14 84
14 61
14 98
14 118
14 152
14 53
14 100
14 209
14 91
14 146
14 179
14 138
14 40
14 9
14 1
14 71
14 127
14 155
14 55
14 162
14 194
14 174
14 206
14 197
121 140
121 172
121 7
121 86
121 165
121 45
121 149
121 82
121 94
121 148
121 81
121 44
121 188
121 186
121 178
121 189
121 207
121 57
121 133
121 99
121 161
121 13
121 200
121 154
121 169
121 111
121 168
121 17
121 84
121 80
121 61
121 88
121 210
121 118
121 18
121 29
121 199
121 78
121 131
121 146
121 179
121 20
121 79
121 10
121 141
121 102
121 180
121 194
95 120
95 140
95 172
95 184
95 45
95 34
95 8
95 178
95 204
95 159
95 38
95 189
95 208
95 4
95 156
95 202
95 212
95 207
95 68
95 57
95 133
95 196
95 200
95 111
95 58
95 22
95 168
95 145
95 84
95 5
95 88
95 96
95 108
95 101
95 83
95 175
95 160
95 122
95 146
95 179
95 20
95 79
95 40
95 10
95 164
95 1
95 66
95 127
95 116
95 23
95 137
95 206
95 197
147 140
147 136
147 6
147 114
147 34
147 148
147 217
147 44
147 188
147 178
147 208
147 4
147 156
147 212
147 68
147 57
147 157
147 128
147 154
147 93
147 54
147 61
147 98
147 100
147 18
147 199
147 219
147 109
147 69
147 131
147 146
147 150
147 138
147 10
147 76
147 127
147 116
147 155
147 23
147 51
147 182
147 180
144 140
144 172
144 130
144 6
144 184
144 94
144 8
144 49
144 187
144 215
144 188
144 178
144 204
144 159
144 38
144 208
144 156
144 202
144 68
144 161
144 157
144 13
144 200
144 111
144 73
144 22
144 17
144 54
144 48
144 96
144 100
144 209
144 134
144 199
144 219
144 78
144 24
144 109
144 122
144 131
144 74
144 138
144 40
144 164
144 1
144 102
144 127
144 155
144 23
144 162
144 182
144 137
144 87
144 65
120 140
120 7
120 151
120 82
120 26
120 94
120 8
120 89
120 215
120 188
120 198
120 181
120 142
120 156
120 207
120 117
120 68
120 22
120 168
120 104
120 193
120 98
120 108
120 185
120 146
120 16
120 20
120 79
120 173
120 71
120 116
120 23
120 51
120 180
120 214
140 172
140 136
140 130
140 184
140 165
140 114
140 34
140 148
140 176
140 49
140 187
140 60
140 215
140 178
140 198
140 181
140 135
140 62
140 97
140 117
140 133
140 213
140 200
140 115
140 93
140 111
140 22
140 17
140 54
140 201
140 125
140 84
140 19
140 61
140 67
140 96
140 108
140 83
140 53
140 29
140 134
140 219
140 69
140 160
140 20
140 79
140 10
140 1
140 76
140 127
140 116
140 55
140 23
140 51
140 182
140 87
140 174
140 206
140 197
172 6
172 166
172 184
172 45
172 211
172 151
172 82
172 94
172 81
172 8
172 186
172 37
172 181
172 38
172 21
172 28
172 189
172 68
172 133
172 161
172 111
172 27
172 22
172 168
172 153
172 84
172 80
172 193
172 88
172 101
172 83
172 152
172 134
172 91
172 24
172 175
172 123
172 131
172 52
172 20
172 141
172 173
172 66
172 39
172 116
172 155
172 162
172 87
172 180
172 174
172 206
172 65
172 197
103 7
103 6
103 184
103 165
103 114
103 163
103 94
103 34
103 176
103 187
103 215
103 217
103 85
103 21
103 28
103 62
103 189
103 202
103 158
103 68
103 157
103 154
103 115
103 111
103 27
103 73
103 22
103 168
103 17
103 54
103 19
103 216
103 193
103 88
103 96
103 152
103 100
103 185
103 29
103 219
103 69
103 160
103 138
103 79
103 76
103 39
103 203
103 162
103 180
103 214
103 206
103 197
7 166
7 184
7 211
7 26
7 148
7 176
7 49
7 187
7 44
7 188
7 204
7 85
7 181
7 21
7 135
7 142
7 189
7 97
7 156
7 196
7 13
7 200
7 58
7 168
7 153
7 104
7 201
7 145
7 48
7 216
7 193
7 98
7 118
7 53
7 100
7 90
7 175
7 160
7 146
7 138
7 52
7 79
7 10
7 141
7 66
7 182
7 214
7 174
7 65
136 130
136 45
136 211
136 163
136 82
136 94
136 81
136 188
136 186
136 178
136 205
136 198
136 159
136 181
136 135
136 142
136 189
136 97
136 156
136 68
136 133
136 99
136 161
136 157
136 115
136 169
136 201
136 84
136 48
136 67
136 88
136 108
136 33
136 83
136 118
136 209
136 185
136 18
136 78
136 69
136 122
136 131
136 179
136 16
136 10
136 9
136 141
136 173
136 164
136 66
136 102
136 162
136 137
136 180
136 174
136 206
136 65
130 86
130 184
130 149
130 89
130 44
130 188
130 205
130 135
130 189
130 212
130 68
130 218
130 133
130 99
130 157
130 213
130 128
130 115
130 93
130 111
130 125
130 216
130 88
130 101
130 33
130 210
130 83
130 118
130 100
130 90
130 219
130 69
130 160
130 123
130 131
130 16
130 1
130 76
130 66
130 102
130 155
130 55
130 51
130 182
130 180
130 174
6 184
6 165
6 148
6 60
6 215
6 188
6 205
6 204
6 159
6 85
6 181
6 28
6 62
6 208
6 202
6 212
6 117
6 107
6 161
6 157
6 200
6 27
6 73
6 17
6 54
6 84
6 48
6 67
6 108
6 33
6 18
6 219
6 91
6 109
6 160
6 123
6 52
6 20
6 10
6 9
6 141
6 1
6 71
6 23
6 162
6 137
6 87
6 214
6 194
6 174
6 206
6 197
86 163
86 82
86 26
86 3
86 49
86 198
86 159
86 28
86 135
86 142
86 208
86 4
86 156
86 207
86 218
86 99
86 161
86 128
86 154
86 115
86 169
86 73
86 22
86 54
86 201
86 80
86 61
86 98
86 67
86 88
86 53
86 90
86 199
86 219
86 91
86 175
86 131
86 146
86 150
86 16
86 20
86 76
86 66
86 39
86 116
86 51
86 137
86 206
86 197
166 165
166 114
166 211
166 151
166 81
166 60
166 217
166 44
166 186
166 205
166 198
166 204
166 159
166 38
166 21
166 28
166 202
166 68
166 107
166 218
166 157
166 213
166 154
166 73
166 29
166 134
166 109
166 146
166 150
166 16
166 10
166 173
166 39
166 102
166 203
166 116
166 194
166 65
166 197
184 42
184 163
184 82
184 94
184 81
184 187
184 60
184 215
184 44
184 186
184 178
184 37
184 159
184 21
184 208
184 4
184 202
184 158
184 68
184 157
184 200
184 128
184 93
184 153
184 54
184 201
184 145
184 48
184 193
184 67
184 88
184 101
184 83
184 118
184 53
184 100
184 209
184 29
184 78
184 24
184 109
184 69
184 160
184 122
184 146
184 179
184 138
184 79
184 10
184 141
184 1
184 39
184 102
184 55
184 23
184 51
184 87
165 114
165 163
165 3
165 176
165 8
165 89
165 60
165 215
165 44
165 178
165 198
165 204
165 85
165 135
165 62
165 189
165 202
165 207
165 57
165 196
165 128
165 115
165 169
165 27
165 58
165 73
165 153
165 17
165 104
165 125
165 84
165 80
165 216
165 193
165 67
165 96
165 108
165 101
165 33
165 210
165 209
165 109
165 131
165 74
165 10
165 141
165 173
165 1
165 76
165 39
165 55
165 51
45 42
45 163
45 148
45 8
45 49
45 215
45 217
45 188
45 198
45 181
45 21
45 142
45 68
45 107
45 157
45 128
45 58
45 153
45 201
45 145
45 96
45 210
45 83
45 219
45 123
45 122
45 9
45 141
45 173
45 76
45 39
45 203
45 55
45 23
45 87
45 206
45 65
42 26
42 94
42 34
42 3
42 176
42 81
42 8
42 49
42 187
42 215
42 44
42 188
42 205
42 135
42 189
42 212
42 158
42 68
42 57
42 133
42 13
42 200
42 153
42 145
42 125
42 61
42 210
42 83
42 53
42 90
42 18
42 24
42 123
42 16
42 9
42 71
42 39
42 102
42 127
42 23
42 194
42 174
114 211
114 178
114 37
114 204
114 159
114 181
114 21
114 135
114 189
114 97
114 212
114 68
114 13
114 154
114 153
114 201
114 5
114 67
114 88
114 108
114 101
114 83
114 152
114 185
114 18
114 199
114 219
114 24
114 69
114 74
114 52
114 20
114 173
114 71
114 39
114 102
114 203
114 116
114 51
114 87
114 180
114 214
114 194
114 206
149 163
149 151
149 34
149 176
149 49
149 89
149 60
149 215
149 44
149 205
149 85
149 181
149 38
149 28
149 208
149 4
149 133
149 161
149 157
149 13
149 115
149 73
149 48
149 96
149 83
149 100
149 219
149 122
149 131
149 146
149 74
149 150
149 179
149 79
149 10
149 1
149 71
149 102
149 127
149 162
149 182
149 174
149 206
211 151
211 81
211 8
211 60
211 217
211 198
211 189
211 97
211 4
211 156
211 202
211 212
211 117
211 57
211 161
211 200
211 154
211 115
211 93
211 73
211 17
211 201
211 61
211 48
211 5
211 67
211 83
211 209
211 185
211 18
211 29
211 78
211 109
211 146
211 179
211 16
211 20
211 40
211 76
211 39
211 102
211 203
211 116
211 51
211 137
211 206
211 65
211 197
163 8
163 89
163 186
163 37
163 204
163 159
163 38
163 135
163 62
163 117
163 99
163 115
163 169
163 111
163 168
163 153
163 201
163 145
163 84
163 80
163 48
163 118
163 53
163 134
163 24
163 109
163 160
163 122
163 146
163 74
163 20
163 79
163 173
163 66
163 39
163 102
163 116
163 23
163 162
163 182
163 206
151 3
151 49
151 89
151 60
151 205
151 198
151 135
151 189
151 4
151 212
151 207
151 158
151 68
151 13
151 213
151 200
151 153
151 104
151 125
151 19
151 61
151 193
151 88
151 108
151 209
151 90
151 18
151 219
151 69
151 122
151 179
151 138
151 52
151 20
151 79
151 173
151 39
151 203
151 127
151 155
151 23
151 180
151 206
82 34
82 81
82 187
82 89
82 44
82 205
82 198
82 181
82 135
82 208
82 212
82 158
82 107
82 218
82 157
82 13
82 128
82 111
82 27
82 22
82 153
82 17
82 145
82 80
82 61
82 48
82 5
82 88
82 96
82 210
82 118
82 209
82 90
82 18
82 199
82 219
82 78
82 131
82 179
82 16
82 76
82 102
82 203
82 127
82 155
82 23
82 180
82 194
82 206
26 176
26 49
26 89
26 60
26 215
26 44
26 159
26 135
26 62
26 189
26 97
26 133
26 196
26 157
26 115
26 93
26 27
26 22
26 84
26 19
26 48
26 5
26 193
26 96
26 101
26 118
26 53
26 18
26 134
26 91
26 175
26 20
26 127
26 23
26 162
26 180
26 214
26 194
94 3
94 49
94 44
94 178
94 198
94 181
94 38
94 21
94 28
94 189
94 212
94 107
94 157
94 128
94 93
94 58
94 73
94 201
94 19
94 48
94 98
94 88
94 108
94 101
94 33
94 100
94 134
94 199
94 78
94 175
94 123
94 122
94 74
94 16
94 173
94 164
94 76
94 55
94 23
34 176
34 187
34 217
34 178
34 37
34 85
34 189
34 4
34 202
34 212
34 158
34 161
34 157
34 145
34 125
34 80
34 98
34 67
34 83
34 152
34 53
34 209
34 24
34 74
34 40
34 66
34 102
34 127
34 55
34 51
34 182
34 180
34 174
34 197
3 176
3 81
3 215
3 217
3 44
3 37
3 159
3 28
3 189
3 97
3 207
3 158
3 57
3 218
3 133
3 154
3 115
3 93
3 111
3 73
3 22
3 54
3 80
3 108
3 33
3 118
3 53
3 209
3 185
3 199
3 219
3 74
3 138
3 40
3 164
3 116
3 55
3 51
3 137
3 214
3 174
3 65
148 81
148 89
148 44
148 186
148 38
148 142
148 189
148 97
148 208
148 4
148 202
148 57
148 218
148 133
148 200
148 128
148 27
148 58
148 22
148 153
148 17
148 201
148 80
148 33
148 83
148 78
148 109
148 160
148 74
148 150
148 138
148 10
148 1
148 71
148 39
148 102
148 116
148 182
148 180
148 194
176 217
176 186
176 205
176 204
176 159
176 85
176 142
176 189
176 97
176 208
176 68
176 57
176 107
176 196
176 13
176 128
176 169
176 93
176 168
176 104
176 61
176 48
176 67
176 108
176 101
176 219
176 91
176 122
176 131
176 138
176 52
176 16
176 40
176 9
176 155
176 55
176 23
176 51
176 162
81 187
81 89
81 217
81 188
81 178
81 85
81 181
81 21
81 135
81 207
81 158
81 57
81 107
81 218
81 154
81 22
81 104
81 201
81 125
81 19
81 61
81 216
81 5
81 193
81 67
81 96
81 118
81 152
81 100
81 90
81 29
81 109
81 69
81 123
81 146
81 10
81 9
81 71
81 39
81 203
81 116
81 23
81 180
8 215
8 217
8 188
8 204
8 38
8 207
8 107
8 218
8 99
8 161
8 200
8 128
8 93
8 111
8 153
8 19
8 96
8 108
8 118
8 69
8 123
8 122
8 179
8 52
8 16
8 20
8 10
8 173
8 164
8 1
8 76
8 66
8 71
8 102
8 127
8 51
8 182
8 180
8 214
8 197
49 60
49 37
49 62
49 142
49 208
49 202
49 218
49 13
49 213
49 200
49 154
49 169
49 111
49 27
49 58
49 168
49 84
49 80
49 5
49 193
49 98
49 67
49 101
49 83
49 53
49 185
49 90
49 29
49 24
49 175
49 146
49 74
49 40
49 173
49 76
49 39
49 23
49 51
49 162
49 174
49 206
187 89
187 215
187 204
187 85
187 21
187 135
187 142
187 189
187 202
187 212
187 117
187 68
187 57
187 107
187 161
187 157
187 154
187 27
187 58
187 22
187 168
187 17
187 104
187 145
187 125
187 48
187 216
187 193
187 96
187 108
187 152
187 53
187 100
187 134
187 91
187 109
187 69
187 123
187 122
187 150
187 20
187 9
187 23
187 162
187 137
187 174
187 197
89 215
89 44
89 186
89 198
89 204
89 85
89 21
89 135
89 4
89 202
89 207
89 117
89 68
89 133
89 213
89 154
89 169
89 93
89 58
89 73
89 168
89 17
89 104
89 125
89 84
89 19
89 193
89 67
89 96
89 108
89 210
89 53
89 100
89 185
89 90
89 18
89 219
89 78
89 123
89 122
89 146
89 150
89 138
89 16
89 10
89 76
89 39
89 155
89 55
89 51
89 162
89 182
89 180
89 214
89 197
60 44
60 188
60 178
60 21
60 189
60 212
60 68
60 57
60 218
60 161
60 13
60 154
60 27
60 58
60 104
60 98
60 67
60 96
60 101
60 100
60 209
60 134
60 78
60 69
60 74
60 150
60 179
60 20
60 79
60 173
60 76
60 203
60 162
60 214
60 197
215 217
215 188
215 37
215 159
215 85
215 21
215 28
215 135
215 62
215 189
215 208
215 202
215 212
215 117
215 196
215 13
215 93
215 58
215 73
215 153
215 17
215 145
215 84
215 67
215 88
215 108
215 118
215 90
215 18
215 78
215 24
215 69
215 160
215 123
215 74
215 16
215 40
215 9
215 173
215 164
215 71
215 127
215 182
215 214
215 194
215 197
217 178
217 205
217 135
217 62
217 142
217 189
217 208
217 4
217 68
217 57
217 128
217 93
217 17
217 54
217 98
217 96
217 210
217 83
217 209
217 199
217 219
217 160
217 16
217 1
217 76
217 71
217 127
217 116
217 155
217 65
217 197
44 186
44 205
44 38
44 21
44 135
44 62
44 97
44 4
44 117
44 107
44 161
44 13
44 115
44 93
44 22
44 17
44 201
44 19
44 61
44 48
44 98
44 96
44 33
44 210
44 53
44 100
44 134
44 78
44 109
44 122
44 146
44 79
44 164
44 76
44 203
44 65
44 197
188 205
188 21
188 28
188 135
188 97
188 208
188 156
188 212
188 117
188 57
188 115
188 93
188 27
188 73
188 104
188 54
188 125
188 80
188 19
188 216
188 98
188 67
188 100
188 209
188 29
188 24
188 175
188 109
188 69
188 131
188 146
188 150
188 179
188 20
188 9
188 141
188 76
188 66
188 180
186 85
186 21
186 142
186 189
186 4
186 156
186 202
186 117
186 68
186 107
186 196
186 13
186 213
186 200
186 128
186 169
186 111
186 22
186 17
186 104
186 145
186 125
186 84
186 5
186 193
186 67
186 210
186 83
186 152
186 18
186 29
186 91
186 175
186 52
186 10
186 9
186 141
186 173
186 76
186 71
186 182
186 137
186 87
186 180
186 197
178 204
178 189
178 212
178 207
178 68
178 57
178 107
178 218
178 196
178 157
178 169
178 93
178 111
178 73
178 54
178 201
178 145
178 84
178 216
178 96
178 108
178 33
178 210
178 83
178 118
178 209
178 134
178 199
178 91
178 175
178 109
178 160
178 179
178 40
178 10
178 1
178 39
178 127
178 116
178 194
205 198
205 62
205 142
205 4
205 156
205 169
205 54
205 145
205 19
205 48
205 98
205 33
205 118
205 209
205 219
205 24
205 146
205 74
205 52
205 20
205 164
205 76
205 203
205 23
205 51
205 137
205 87
205 180
205 214
205 194
205 174
198 181
198 62
198 142
198 189
198 117
198 99
198 161
198 213
198 200
198 154
198 169
198 93
198 153
198 125
198 61
198 193
198 67
198 96
198 185
198 90
198 199
198 24
198 109
198 160
198 122
198 179
198 138
198 52
198 10
198 9
198 141
198 173
198 66
198 39
198 127
198 51
198 182
198 137
198 214
198 197
37 85
37 62
37 142
37 189
37 97
37 208
37 156
37 68
37 218
37 133
37 99
37 196
37 154
37 169
37 58
37 22
37 125
37 19
37 216
37 193
37 108
37 209
37 185
37 90
37 29
37 69
37 160
37 74
37 79
37 164
37 76
37 71
37 102
37 155
37 182
37 137
37 87
37 174
37 65
204 159
204 117
204 158
204 68
204 196
204 13
204 213
204 154
204 115
204 93
204 22
204 80
204 19
204 118
204 152
204 91
204 109
204 150
204 141
204 127
204 155
204 51
204 182
204 87
204 214
159 142
159 156
159 117
159 218
159 196
159 213
159 200
159 154
159 22
159 168
159 104
159 54
159 145
159 84
159 61
159 98
159 67
159 88
159 108
159 33
159 210
159 83
159 100
159 134
159 175
159 131
159 146
159 150
159 10
159 9
159 76
159 39
159 102
159 203
159 116
159 55
159 23
159 182
159 206
85 28
85 142
85 208
85 202
85 158
85 218
85 111
85 58
85 73
85 22
85 104
85 125
85 19
85 48
85 193
85 108
85 101
85 33
85 83
85 185
85 134
85 219
85 91
85 175
85 69
85 122
85 150
85 16
85 10
85 9
85 1
85 102
85 127
85 155
85 182
85 137
85 194
85 65
85 197
181 38
181 21
181 62
181 202
181 117
181 107
181 133
181 161
181 157
181 128
181 154
181 111
181 58
181 73
181 22
181 168
181 145
181 61
181 216
181 88
181 108
181 53
181 90
181 18
181 199
181 91
181 160
181 122
181 74
181 150
181 138
181 16
181 20
181 79
181 10
181 76
181 116
181 155
181 55
181 180
181 214
38 21
38 28
38 62
38 218
38 99
38 161
38 196
38 128
38 111
38 58
38 201
38 145
38 84
38 48
38 88
38 96
38 210
38 118
38 100
38 185
38 90
38 18
38 78
38 24
38 175
38 160
38 123
38 74
38 20
38 79
38 9
38 76
38 39
38 203
38 116
38 137
38 214
21 28
21 135
21 62
21 142
21 189
21 97
21 158
21 68
21 196
21 13
21 154
21 115
21 93
21 111
21 73
21 145
21 125
21 84
21 19
21 48
21 96
21 33
21 83
21 100
21 185
21 18
21 199
21 219
21 160
21 179
21 52
21 9
21 173
21 127
21 116
21 194
28 212
28 207
28 158
28 107
28 218
28 133
28 161
28 196
28 157
28 13
28 213
28 115
28 169
28 111
28 27
28 54
28 19
28 48
28 216
28 98
28 67
28 88
28 210
28 100
28 209
28 18
28 199
28 131
28 179
28 138
28 20
28 40
28 9
28 141
28 76
28 116
28 162
28 137
28 180
28 214
28 65
135 142
135 97
135 212
135 158
135 107
135 218
135 196
135 154
135 115
135 27
135 153
135 201
135 19
135 61
135 5
135 98
135 67
135 101
135 33
135 100
135 134
135 160
135 10
135 141
135 71
135 116
135 155
135 174
135 206
62 142
62 208
62 156
62 207
62 99
62 13
62 111
62 27
62 73
62 17
62 104
62 61
62 216
62 98
62 33
62 100
62 219
62 24
62 175
62 69
62 146
62 74
62 150
62 138
62 52
62 20
62 141
62 1
62 39
62 102
62 155
62 55
62 162
62 180
62 174
62 65
142 97
142 208
142 207
142 99
142 111
142 104
142 54
142 19
142 216
142 5
142 88
142 96
142 33
142 210
142 83
142 118
142 209
142 185
142 91
142 109
142 131
142 146
142 40
142 66
142 203
142 116
142 182
142 87
142 174
189 97
189 158
189 57
189 128
189 169
189 27
189 153
189 17
189 201
189 125
189 84
189 5
189 98
189 53
189 209
189 90
189 24
189 123
189 179
189 52
189 9
189 141
189 102
189 203
189 127
189 23
189 137
189 87
189 194
189 65
97 156
97 202
97 68
97 157
97 13
97 128
97 115
97 93
97 111
97 27
97 58
97 22
97 153
97 201
97 145
97 61
97 216
97 101
97 33
97 83
97 118
97 53
97 100
97 209
97 185
97 134
97 199
97 175
97 146
97 16
97 10
97 173
97 164
97 1
97 66
97 39
97 203
97 155
97 55
97 194
208 4
208 212
208 117
208 196
208 115
208 27
208 145
208 125
208 84
208 19
208 67
208 33
208 210
208 100
208 91
208 109
208 160
208 123
208 74
208 179
208 138
208 79
208 173
208 116
208 155
208 23
208 51
208 206
208 65
4 117
4 158
4 68
4 57
4 161
4 128
4 154
4 22
4 168
4 153
4 104
4 145
4 125
4 5
4 98
4 210
4 209
4 90
4 18
4 122
4 66
4 116
4 155
4 55
4 182
4 214
156 212
156 117
156 68
156 161
156 13
156 115
156 54
156 19
156 61
156 48
156 210
156 83
156 53
156 185
156 134
156 78
156 91
156 123
156 150
156 76
156 203
156 55
156 51
156 174
156 206
202 212
202 68
202 57
202 99
202 13
202 128
202 27
202 58
202 73
202 22
202 153
202 54
202 61
202 48
202 216
202 193
202 98
202 101
202 152
202 100
202 209
202 90
202 29
202 69
202 123
202 20
202 1
202 102
202 55
202 214
202 197
212 117
212 68
212 57
212 218
212 133
212 196
212 213
212 200
212 111
212 104
212 48
212 67
212 88
212 152
212 100
212 29
212 24
212 122
212 131
212 146
212 40
212 164
212 1
212 71
212 203
212 51
212 162
212 182
212 197
207 57
207 161
207 157
207 58
207 153
207 201
207 80
207 61
207 216
207 5
207 193
207 67
207 96
207 118
207 152
207 90
207 18
207 175
207 109
207 122
207 146
207 150
207 179
207 52
207 40
207 39
207 102
207 127
207 162
207 194
207 65
207 197
117 68
117 57
117 133
117 161
117 128
117 115
117 169
117 153
117 17
117 201
117 61
117 216
117 5
117 193
117 98
117 67
117 96
117 108
117 101
117 33
117 83
117 53
117 18
117 199
117 78
117 91
117 69
117 150
117 52
117 20
117 164
117 127
117 55
117 51
117 162
117 182
117 87
117 194
117 65
158 68
158 107
158 99
158 157
158 128
158 154
158 115
158 111
158 17
158 54
158 5
158 98
158 33
158 83
158 53
158 209
158 29
158 199
158 175
158 123
158 122
158 146
158 79
158 10
158 9
158 173
158 1
158 66
158 23
158 162
158 87
158 174
158 206
68 107
68 133
68 99
68 13
68 200
68 128
68 154
68 115
68 169
68 111
68 58
68 73
68 22
68 168
68 125
68 80
68 108
68 210
68 152
68 53
68 185
68 18
68 78
68 24
68 123
68 138
68 20
68 173
68 102
68 203
68 127
68 162
68 180
68 214
57 107
57 196
57 157
57 213
57 168
57 17
57 201
57 125
57 216
57 5
57 67
57 88
57 18
57 29
57 24
57 175
57 109
57 160
57 122
57 74
57 138
57 52
57 71
57 155
57 55
57 162
57 182
57 180
57 174
57 206
57 65
107 213
107 115
107 93
107 111
107 58
107 153
107 61
107 216
107 193
107 88
107 108
107 185
107 90
107 18
107 219
107 78
107 91
107 69
107 123
107 131
107 179
107 52
107 79
107 40
107 9
107 1
107 71
107 203
107 116
107 155
107 87
107 180
218 133
218 13
218 213
218 200
218 169
218 22
218 153
218 104
218 125
218 80
218 48
218 5
218 98
218 96
218 219
218 78
218 24
218 175
218 69
218 160
218 74
218 173
218 76
218 127
218 155
218 55
218 23
218 137
218 65
133 157
133 13
133 213
133 200
133 154
133 115
133 93
133 58
133 22
133 153
133 54
133 145
133 84
133 19
133 216
133 193
133 98
133 108
133 33
133 210
133 83
133 18
133 29
133 134
133 199
133 78
133 123
133 122
133 74
133 52
133 16
133 20
133 9
133 71
133 102
133 203
133 127
133 155
133 194
133 206
99 161
99 213
99 111
99 27
99 58
99 73
99 17
99 80
99 61
99 193
99 88
99 101
99 210
99 83
99 152
99 53
99 100
99 209
99 90
99 18
99 134
99 175
99 109
99 123
99 150
99 52
99 79
99 10
99 76
99 116
99 155
99 55
99 23
99 182
99 137
99 87
99 214
99 194
161 196
161 157
161 13
161 213
161 169
161 153
161 17
161 104
161 201
161 84
161 19
161 216
161 98
161 96
161 108
161 83
161 118
161 152
161 90
161 219
161 175
161 109
161 123
161 138
161 20
161 10
161 164
161 71
161 39
161 51
161 87
161 174
196 128
196 169
196 27
196 17
196 84
196 80
196 61
196 48
196 98
196 88
196 152
196 100
196 90
196 18
196 29
196 91
196 24
196 175
196 160
196 122
196 131
196 74
196 150
196 16
196 164
196 76
196 102
196 127
196 55
196 51
196 180
157 128
157 169
157 93
157 22
157 153
157 104
157 19
157 98
157 96
157 78
157 91
157 24
157 175
157 69
157 131
157 146
157 20
157 40
157 39
157 127
157 116
157 155
157 23
157 51
157 137
157 197
13 115
13 169
13 27
13 168
13 80
13 61
13 48
13 216
13 88
13 108
13 118
13 152
13 53
13 175
13 109
13 69
13 122
13 146
13 74
13 150
13 179
13 52
13 16
13 203
13 23
13 162
13 87
213 200
213 169
213 58
213 22
213 104
213 80
213 19
213 216
213 96
213 108
213 118
213 209
213 185
213 29
213 199
213 109
213 160
213 122
213 146
213 179
213 16
213 79
213 10
213 102
213 182
213 206
200 128
200 115
200 111
200 201
200 125
200 5
200 193
200 67
200 88
200 96
200 108
200 83
200 53
200 18
200 199
200 109
200 122
200 52
200 40
200 173
200 71
200 203
200 23
200 51
200 182
200 87
200 214
200 194
128 93
128 22
128 104
128 125
128 80
128 61
128 67
128 88
128 33
128 209
128 29
128 199
128 24
128 69
128 164
128 1
128 76
128 203
128 155
128 137
128 174
128 65
128 197
154 168
154 145
154 84
154 216
154 67
154 96
154 33
154 210
154 53
154 90
154 18
154 29
154 134
154 199
154 74
154 16
154 9
154 141
154 173
154 164
154 76
154 71
154 102
154 155
154 51
154 162
154 87
154 197
115 111
115 168
115 17
115 125
115 80
115 19
115 216
115 98
115 101
115 210
115 100
115 134
115 109
115 146
115 150
115 173
115 66
115 39
115 102
115 116
115 182
115 137
115 87
115 180
169 201
169 145
169 19
169 61
169 216
169 5
169 108
169 118
169 199
169 219
169 91
169 123
169 131
169 146
169 179
169 141
169 66
169 71
169 203
169 116
169 55
169 51
169 162
169 182
169 87
169 180
169 194
93 111
93 27
93 17
93 201
93 84
93 61
93 193
93 96
93 108
93 33
93 209
93 29
93 78
93 123
93 146
93 74
93 150
93 179
93 79
93 40
93 1
93 71
93 182
93 180
93 65
111 27
111 22
111 17
111 54
111 201
111 84
111 5
111 108
111 33
111 118
111 152
111 29
111 134
111 91
111 175
111 69
111 52
111 79
111 10
111 164
111 1
111 76
111 51
111 182
111 194
111 174
27 168
27 84
27 61
27 216
27 98
27 67
27 108
27 101
27 33
27 83
27 209
27 29
27 199
27 219
27 91
27 175
27 52
27 79
27 40
27 141
27 66
27 71
27 203
27 155
27 162
27 137
27 214
27 206
27 197
58 73
58 17
58 48
58 5
58 193
58 67
58 88
58 33
58 209
58 134
58 91
58 24
58 74
58 179
58 16
58 20
58 9
58 76
58 71
58 182
58 87
58 194
58 206
58 65
73 125
73 19
73 216
73 5
73 98
73 210
73 118
73 100
73 29
73 219
73 175
73 123
73 52
73 173
73 116
73 55
73 182
73 137
73 180
73 194
73 206
73 65
73 197
22 153
22 84
22 80
22 19
22 98
22 108
22 33
22 210
22 118
22 100
22 90
22 18
22 78
22 91
22 69
22 131
22 74
22 150
22 52
22 20
22 40
22 141
22 1
22 71
22 203
22 155
22 55
22 65
22 197
168 104
168 80
168 216
168 5
168 193
168 98
168 152
168 90
168 199
168 78
168 24
168 123
168 52
168 16
168 79
168 40
168 76
168 102
168 116
168 155
168 162
168 87
168 180
168 214
168 206
168 197
153 104
153 201
153 84
153 19
153 48
153 98
153 108
153 53
153 209
153 18
153 134
153 219
153 146
153 179
153 52
153 20
153 40
153 173
153 1
153 39
153 127
153 116
153 23
153 137
17 54
17 125
17 48
17 98
17 67
17 96
17 101
17 33
17 185
17 199
17 78
17 24
17 69
17 160
17 131
17 74
17 150
17 20
17 9
17 164
17 76
17 39
17 51
17 194
104 145
104 125
104 19
104 61
104 216
104 5
104 101
104 53
104 100
104 185
104 134
104 78
104 91
104 123
104 122
104 146
104 179
104 20
104 79
104 40
104 127
104 55
104 182
104 137
104 180
104 194
104 174
104 206
104 65
54 145
54 125
54 19
54 216
54 5
54 108
54 210
54 100
54 209
54 18
54 24
54 69
54 160
54 123
54 131
54 52
54 16
54 40
54 9
54 173
54 76
54 39
54 203
54 137
54 87
54 180
54 194
201 145
201 84
201 19
201 61
201 48
201 98
201 88
201 209
201 69
201 123
201 146
201 150
201 179
201 138
201 40
201 155
201 23
201 137
201 87
201 194
145 125
145 84
145 216
145 88
145 33
145 118
145 53
145 209
145 185
145 18
145 134
145 219
145 24
145 175
145 69
145 123
145 122
145 131
145 138
145 52
145 79
145 141
145 164
145 1
145 76
145 102
145 116
145 155
145 23
145 51
145 182
145 174
145 206
125 84
125 216
125 108
125 210
125 118
125 53
125 90
125 134
125 219
125 78
125 123
125 131
125 150
125 16
125 20
125 141
125 76
125 66
125 155
125 23
125 180
125 214
125 194
125 174
84 80
84 5
84 193
84 210
84 152
84 209
84 24
84 175
84 69
84 160
84 74
84 179
84 52
84 40
84 141
84 1
84 102
84 162
84 65
84 197
80 5
80 98
80 88
80 101
80 33
80 210
80 53
80 209
80 18
80 122
80 150
80 179
80 173
80 164
80 1
80 203
80 127
80 116
80 155
80 162
80 206
80 65
80 197
19 48
19 216
19 5
19 88
19 96
19 101
19 210
19 209
19 185
19 109
19 123
19 131
19 150
19 40
19 141
19 76
19 66
19 39
19 102
19 155
19 23
19 51
19 182
19 180
19 174
61 216
61 101
61 83
61 118
61 53
61 209
61 134
61 91
61 160
61 179
61 141
61 173
61 164
61 23
61 182
61 137
61 214
61 65
48 98
48 67
48 96
48 108
48 83
48 100
48 24
48 175
48 69
48 131
48 52
48 20
48 40
48 173
48 164
48 127
48 23
48 182
48 137
216 67
216 88
216 96
216 101
216 83
216 18
216 134
216 199
216 219
216 131
216 150
216 179
216 52
216 141
216 1
216 203
216 127
216 214
216 206
5 193
5 98
5 53
5 100
5 209
5 109
5 146
5 74
5 150
5 138
5 16
5 20
5 79
5 10
5 9
5 173
5 1
5 76
5 66
5 71
5 39
5 102
5 116
5 155
5 182
5 137
5 87
5 180
5 194
5 174
193 98
193 108
193 83
193 53
193 100
193 134
193 69
193 20
193 79
193 173
193 164
193 71
193 162
193 182
193 206
193 197
98 88
98 96
98 108
98 101
98 210
98 118
98 152
98 185
98 18
98 24
98 122
98 131
98 146
98 74
98 16
98 79
98 141
98 1
98 102
98 127
98 55
98 51
98 137
98 87
98 214
98 174
67 96
67 108
67 185
67 78
67 109
67 122
67 179
67 52
67 141
67 173
67 1
67 102
67 203
67 155
67 55
67 51
67 162
67 194
67 65
88 33
88 100
88 209
88 185
88 18
88 134
88 199
88 78
88 131
88 138
88 16
88 79
88 66
88 39
88 102
88 194
88 174
96 101
96 33
96 152
96 53
96 209
96 90
96 18
96 134
96 78
96 160
96 123
96 179
96 16
96 10
96 9
96 141
96 66
96 71
96 39
96 102
96 51
96 180
96 174
108 33
108 210
108 152
108 209
108 219
108 175
108 160
108 150
108 179
108 52
108 20
108 66
108 71
108 155
108 23
108 51
108 162
108 180
108 214
108 174
108 197
101 210
101 152
101 185
101 134
101 160
101 123
101 146
101 179
101 164
101 76
101 66
101 87
101 214
101 206
33 210
33 83
33 209
33 29
33 134
33 24
33 175
33 123
33 179
33 138
33 20
33 40
33 71
33 102
33 116
33 23
33 162
33 182
33 180
33 174
33 65
33 197
210 83
210 118
210 185
210 90
210 91
210 24
210 175
210 109
210 131
210 74
210 138
210 52
210 10
210 1
210 71
210 203
210 182
210 137
210 174
83 53
83 185
83 18
83 134
83 199
83 131
83 179
83 52
83 40
83 9
83 173
83 76
83 116
83 180
118 29
118 69
118 79
118 10
118 173
118 164
118 76
118 71
118 102
118 116
118 51
118 162
118 137
118 65
152 209
152 185
152 134
152 175
152 69
152 131
152 138
152 52
152 79
152 40
152 76
152 66
152 39
152 127
152 23
152 182
152 137
152 180
152 206
53 134
53 78
53 91
53 69
53 123
53 122
53 74
53 150
53 138
53 52
53 20
53 40
53 9
53 173
53 164
53 71
53 39
53 116
53 23
53 51
53 137
100 185
100 18
100 134
100 160
100 74
100 52
100 10
100 164
100 71
100 203
100 127
100 155
100 180
100 194
100 174
100 65
100 197
209 18
209 29
209 78
209 146
209 179
209 79
209 173
209 39
209 102
209 203
209 127
209 23
209 194
209 174
185 90
185 18
185 134
185 24
185 175
185 160
185 146
185 179
185 138
185 52
185 20
185 40
185 9
185 173
185 39
185 203
185 116
185 23
185 51
185 162
185 206
90 134
90 199
90 219
90 109
90 179
90 138
90 40
90 9
90 141
90 164
90 1
90 71
90 39
90 102
90 116
90 206
90 65
18 134
18 199
18 122
18 146
18 150
18 179
18 79
18 10
18 9
18 141
18 173
18 76
18 39
18 65
29 134
29 109
29 123
29 122
29 74
29 150
29 10
29 173
29 164
29 1
29 116
29 162
29 137
29 214
29 65
134 219
134 78
134 91
134 175
134 122
134 40
134 141
134 39
134 203
134 55
134 51
134 87
134 214
134 206
134 65
199 160
199 123
199 179
199 20
199 79
199 10
199 141
199 173
199 164
199 66
199 39
199 203
199 55
199 23
199 137
199 180
199 174
219 146
219 74
219 16
219 20
219 79
219 141
219 173
219 164
219 1
219 71
219 203
219 116
219 155
219 162
219 214
219 194
219 174
219 197
78 109
78 123
78 122
78 131
78 179
78 138
78 20
78 10
78 164
78 76
78 71
78 203
78 127
78 116
78 182
78 137
78 65
91 109
91 69
91 123
91 138
91 16
91 40
91 10
91 164
91 66
91 155
91 23
91 182
91 137
91 214
91 194
91 206
91 197
24 175
24 122
24 131
24 173
24 206
175 52
175 40
175 141
175 173
175 66
175 71
175 102
175 203
175 127
175 55
175 51
175 137
175 87
175 214
175 174
175 65
175 197
109 146
109 52
109 173
109 71
109 39
109 127
109 214
109 174
69 123
69 146
69 138
69 79
69 9
69 173
69 76
69 55
69 23
69 182
69 180
69 214
69 174
69 206
160 131
160 52
160 16
160 20
160 173
160 1
160 155
160 55
160 87
123 146
123 179
123 16
123 79
123 40
123 173
123 71
123 203
123 127
123 116
123 162
123 182
123 87
123 180
122 146
122 74
122 150
122 52
122 20
122 40
122 10
122 141
122 203
122 127
122 23
122 87
131 146
131 74
131 150
131 179
131 9
131 164
131 127
131 55
131 182
131 87
131 194
131 206
146 52
146 20
146 40
146 173
146 76
146 66
146 71
146 39
146 155
146 55
146 180
146 194
146 65
74 179
74 9
74 76
74 66
74 102
74 23
74 137
74 87
74 214
74 194
74 65
150 16
150 20
150 79
150 9
150 164
150 66
150 39
150 102
150 127
150 55
150 51
150 87
150 65
150 197
179 20
179 173
179 164
179 76
179 71
179 55
179 180
179 194
179 197
138 52
138 20
138 9
138 203
138 55
138 214
52 16
52 79
52 40
52 71
52 39
52 116
52 137
52 174
16 20
16 40
16 10
16 164
16 66
16 39
16 102
16 155
16 55
16 51
16 162
20 9
20 66
20 116
20 23
20 51
20 194
79 141
79 102
79 203
79 116
79 155
79 214
79 194
79 65
79 197
40 76
40 55
40 51
40 137
40 214
40 194
10 141
10 66
10 203
10 55
10 180
10 206
10 65
9 173
9 1
9 71
9 39
9 155
9 51
141 173
141 66
141 39
141 102
141 203
141 23
141 51
141 162
141 182
141 137
141 197
173 164
173 1
173 71
173 102
173 203
173 155
173 180
173 194
164 71
164 39
164 203
164 116
164 23
164 182
164 87
164 174
1 76
1 203
1 116
1 162
1 87
76 203
76 127
76 23
76 182
76 180
76 206
76 197
66 71
66 39
66 203
66 55
66 180
66 65
71 55
71 137
71 206
39 102
39 87
39 180
39 214
39 194
39 174
102 155
102 162
102 194
203 55
203 182
203 87
203 194
127 182
127 180
127 174
127 206
127 197
116 55
116 162
116 182
116 174
155 87
155 180
155 214
155 206
155 197
55 162
55 137
23 182
23 194
23 174
23 65
51 87
51 180
51 174
162 206
182 87
182 180
182 214
137 180
137 206
87 194
87 174
214 206
214 65
194 174
194 65
