*verties 216
204
92
69
137
34
143
66
209
165
83
200
18
188
215
135
103
80
104
15
45
85
4
16
41
32
199
5
53
176
186
114
7
210
113
48
51
214
78
43
68
174
168
142
194
179
97
63
115
166
201
190
52
108
58
2
183
178
125
118
42
19
138
44
160
130
198
101
161
133
127
202
94
62
20
139
1
150
30
218
28
76
71
112
134
148
79
81
10
163
33
55
84
6
56
21
175
14
151
164
3
98
170
107
205
184
49
216
91
196
212
59
26
146
54
181
93
86
149
169
189
24
219
106
197
155
154
89
141
36
208
213
109
46
145
192
117
12
27
88
111
105
180
182
90
207
159
128
8
110
203
126
211
40
116
73
136
31
167
100
171
96
172
61
57
17
206
195
29
157
95
193
65
132
140
122
67
131
50
120
38
60
153
177
173
70
74
37
87
129
162
35
64
22
147
47
0
123
185
119
102
144
99
25
39
13
9
158
156
152
121
23
124
187
75
191
72
*edges 
204 92
204 69
204 137
204 34
204 143
204 18
204 215
204 135
204 103
204 80
204 104
204 15
204 4
204 41
204 199
204 7
204 78
204 43
204 68
204 174
204 142
204 194
204 179
204 97
204 166
204 201
204 190
204 2
204 183
204 125
204 19
204 101
204 161
204 127
204 94
204 150
204 28
204 76
204 134
204 148
204 79
204 33
204 55
204 84
204 6
204 175
204 151
204 98
204 170
204 205
204 184
204 216
204 91
204 59
204 26
204 181
204 169
204 189
204 24
204 89
204 36
204 213
204 109
204 46
204 145
204 117
204 12
204 27
204 88
204 111
204 180
204 159
204 110
204 126
204 211
204 73
204 136
204 31
204 171
204 61
204 57
204 17
204 206
204 195
204 157
204 95
204 122
204 67
204 131
204 50
204 38
204 60
204 177
204 70
204 87
204 162
204 64
204 147
204 0
204 119
204 102
204 25
204 39
204 13
204 158
204 156
204 23
204 75
204 191
204 72
92 137
92 34
92 143
92 188
92 215
92 135
92 103
92 80
92 104
92 45
92 85
92 32
92 210
92 51
92 214
92 68
92 168
92 142
92 179
92 97
92 63
92 115
92 166
92 190
92 108
92 2
92 183
92 178
92 118
92 42
92 19
92 198
92 101
92 161
92 202
92 20
92 139
92 1
92 30
92 218
92 28
92 134
92 79
92 81
92 10
92 163
92 33
92 55
92 84
92 6
92 3
92 98
92 170
92 205
92 216
92 196
92 212
92 59
92 146
92 181
92 86
92 169
92 24
92 219
92 197
92 89
92 141
92 36
92 109
92 46
92 145
92 117
92 12
92 27
92 207
92 126
92 211
92 40
92 116
92 73
92 136
92 31
92 96
92 172
92 57
92 17
92 195
92 29
92 157
92 95
92 65
92 132
92 140
92 67
92 50
92 153
92 177
92 173
92 74
92 37
92 129
92 162
92 35
92 0
92 185
92 102
92 144
92 99
92 25
92 9
92 158
92 152
92 121
92 23
69 137
69 66
69 165
69 83
69 200
69 188
69 215
69 103
69 15
69 85
69 4
69 16
69 53
69 176
69 114
69 210
69 113
69 51
69 214
69 78
69 174
69 168
69 63
69 201
69 108
69 58
69 183
69 178
69 125
69 42
69 19
69 138
69 44
69 160
69 198
69 161
69 20
69 150
69 30
69 28
69 76
69 71
69 112
69 79
69 81
69 10
69 55
69 84
69 56
69 175
69 151
69 3
69 98
69 170
69 107
69 91
69 59
69 26
69 181
69 93
69 86
69 149
69 189
69 219
69 36
69 213
69 109
69 46
69 117
69 12
69 27
69 105
69 180
69 159
69 8
69 110
69 203
69 126
69 167
69 172
69 61
69 17
69 206
69 195
69 95
69 140
69 122
69 120
69 153
69 70
69 74
69 35
69 22
69 47
69 123
69 144
69 99
69 25
69 13
69 9
69 158
69 187
69 72
137 34
137 66
137 209
137 165
137 18
137 135
137 103
137 80
137 15
137 45
137 16
137 32
137 53
137 186
137 114
137 7
137 48
137 78
137 43
137 168
137 179
137 190
137 2
137 42
137 138
137 44
137 160
137 133
137 127
137 202
137 20
137 150
137 30
137 218
137 28
137 134
137 79
137 33
137 55
137 84
137 6
137 175
137 14
137 3
137 98
137 196
137 146
137 54
137 181
137 86
137 149
137 169
137 24
137 106
137 154
137 89
137 141
137 109
137 145
137 192
137 117
137 111
137 105
137 180
137 182
137 128
137 8
137 40
137 116
137 31
137 167
137 100
137 171
137 172
137 61
137 195
137 193
137 65
137 140
137 122
137 131
137 50
137 120
137 153
137 74
137 162
137 64
137 147
137 47
137 0
137 123
137 102
137 144
137 39
137 13
137 156
137 187
137 75
137 191
34 66
34 209
34 200
34 80
34 104
34 85
34 4
34 16
34 41
34 186
34 114
34 210
34 113
34 78
34 43
34 68
34 174
34 168
34 194
34 115
34 166
34 190
34 108
34 58
34 2
34 183
34 178
34 125
34 118
34 42
34 19
34 138
34 44
34 130
34 161
34 202
34 94
34 62
34 139
34 1
34 150
34 28
34 76
34 112
34 79
34 163
34 175
34 14
34 151
34 164
34 3
34 98
34 205
34 216
34 196
34 54
34 181
34 93
34 86
34 169
34 189
34 24
34 219
34 197
34 155
34 154
34 89
34 141
34 213
34 109
34 46
34 145
34 192
34 12
34 88
34 111
34 105
34 182
34 207
34 128
34 8
34 110
34 126
34 40
34 116
34 136
34 31
34 171
34 96
34 61
34 195
34 95
34 193
34 65
34 132
34 140
34 122
34 131
34 173
34 74
34 129
34 64
34 185
34 102
34 144
34 99
34 39
34 9
34 152
34 23
34 75
34 72
143 66
143 209
143 165
143 83
143 18
143 104
143 85
143 16
143 199
143 53
143 176
143 186
143 114
143 7
143 113
143 48
143 51
143 214
143 43
143 174
143 142
143 179
143 97
143 63
143 190
143 52
143 108
143 58
143 2
143 183
143 42
143 44
143 198
143 101
143 133
143 127
143 202
143 94
143 218
143 76
143 71
143 134
143 148
143 79
143 81
143 33
143 6
143 56
143 21
143 175
143 3
143 98
143 107
143 59
143 146
143 181
143 189
143 106
143 155
143 89
143 213
143 46
143 117
143 12
143 105
143 182
143 207
143 8
143 110
143 40
143 73
143 136
143 96
143 61
143 57
143 17
143 195
143 65
143 67
143 38
143 60
143 153
143 177
143 74
143 129
143 22
143 0
143 123
143 185
143 102
143 99
143 25
143 39
143 158
143 152
143 121
143 191
66 209
66 165
66 200
66 135
66 103
66 15
66 4
66 16
66 41
66 176
66 186
66 114
66 210
66 214
66 43
66 68
66 174
66 142
66 179
66 63
66 190
66 52
66 108
66 58
66 183
66 42
66 138
66 160
66 161
66 133
66 127
66 202
66 94
66 62
66 150
66 30
66 218
66 76
66 71
66 148
66 163
66 33
66 84
66 6
66 151
66 164
66 3
66 98
66 170
66 205
66 184
66 49
66 216
66 91
66 196
66 212
66 59
66 93
66 169
66 189
66 106
66 155
66 208
66 109
66 46
66 145
66 117
66 12
66 111
66 105
66 159
66 110
66 203
66 211
66 40
66 31
66 167
66 96
66 61
66 17
66 206
66 157
66 95
66 65
66 132
66 131
66 50
66 177
66 173
66 70
66 37
66 64
66 22
66 147
66 47
66 0
66 123
66 185
66 119
66 102
66 144
66 99
66 25
66 39
66 13
66 9
66 156
66 121
66 23
66 124
66 187
66 75
66 191
209 18
209 188
209 135
209 104
209 85
209 4
209 16
209 32
209 5
209 186
209 114
209 7
209 48
209 51
209 214
209 68
209 168
209 194
209 179
209 63
209 166
209 190
209 52
209 108
209 183
209 44
209 130
209 198
209 101
209 161
209 202
209 94
209 20
209 30
209 218
209 71
209 112
209 134
209 148
209 163
209 33
209 151
209 164
209 3
209 107
209 205
209 184
209 49
209 216
209 91
209 212
209 59
209 54
209 93
209 86
209 169
209 197
209 208
209 12
209 105
209 182
209 90
209 207
209 159
209 8
209 110
209 203
209 40
209 167
209 96
209 172
209 61
209 57
209 195
209 95
209 65
209 132
209 131
209 120
209 177
209 173
209 70
209 74
209 37
209 129
209 162
209 22
209 147
209 0
209 123
209 119
209 102
209 144
209 39
209 13
209 158
209 156
209 152
209 124
165 200
165 188
165 135
165 80
165 15
165 85
165 16
165 41
165 5
165 53
165 186
165 114
165 7
165 210
165 113
165 214
165 78
165 43
165 174
165 142
165 179
165 63
165 166
165 52
165 108
165 58
165 2
165 178
165 118
165 42
165 19
165 44
165 198
165 161
165 133
165 62
165 20
165 139
165 150
165 28
165 76
165 112
165 134
165 148
165 79
165 10
165 84
165 56
165 175
165 3
165 98
165 184
165 216
165 91
165 196
165 212
165 59
165 26
165 146
165 181
165 86
165 24
165 197
165 154
165 89
165 141
165 213
165 46
165 145
165 12
165 111
165 180
165 182
165 207
165 8
165 110
165 116
165 136
165 171
165 61
165 17
165 195
165 157
165 132
165 50
165 120
165 177
165 173
165 70
165 37
165 129
165 162
165 35
165 64
165 147
165 47
165 119
165 102
165 99
165 13
165 158
165 23
83 200
83 18
83 188
83 135
83 80
83 15
83 45
83 16
83 199
83 176
83 186
83 113
83 174
83 168
83 142
83 97
83 201
83 190
83 52
83 42
83 160
83 130
83 161
83 202
83 94
83 20
83 1
83 76
83 134
83 79
83 10
83 163
83 33
83 55
83 84
83 21
83 14
83 3
83 170
83 107
83 184
83 216
83 59
83 26
83 146
83 54
83 181
83 219
83 106
83 154
83 36
83 208
83 213
83 109
83 46
83 192
83 12
83 27
83 88
83 180
83 182
83 90
83 207
83 159
83 8
83 203
83 211
83 31
83 167
83 100
83 96
83 57
83 17
83 195
83 29
83 157
83 95
83 193
83 120
83 177
83 173
83 70
83 87
83 129
83 35
83 64
83 22
83 47
83 0
83 123
83 13
83 158
83 152
83 121
83 187
83 191
83 72
200 188
200 135
200 103
200 80
200 15
200 45
200 4
200 16
200 41
200 199
200 5
200 176
200 186
200 7
200 113
200 214
200 78
200 68
200 174
200 168
200 142
200 179
200 166
200 58
200 42
200 160
200 198
200 101
200 202
200 94
200 30
200 218
200 28
200 112
200 79
200 33
200 84
200 21
200 175
200 164
200 3
200 98
200 170
200 107
200 49
200 216
200 212
200 26
200 146
200 54
200 181
200 93
200 86
200 169
200 24
200 219
200 106
200 213
200 46
200 192
200 117
200 27
200 180
200 207
200 159
200 128
200 203
200 211
200 40
200 73
200 31
200 167
200 100
200 171
200 172
200 17
200 206
200 195
200 132
200 140
200 67
200 131
200 50
200 60
200 153
200 173
200 70
200 37
200 87
200 129
200 64
200 22
200 47
200 99
200 25
200 39
200 158
200 121
200 23
200 191
18 188
18 135
18 103
18 104
18 45
18 41
18 5
18 53
18 176
18 186
18 7
18 210
18 113
18 214
18 78
18 43
18 68
18 168
18 179
18 97
18 115
18 166
18 201
18 2
18 118
18 42
18 138
18 44
18 130
18 198
18 101
18 161
18 202
18 62
18 139
18 1
18 30
18 76
18 71
18 148
18 79
18 10
18 163
18 33
18 84
18 6
18 21
18 175
18 151
18 3
18 170
18 107
18 184
18 91
18 59
18 26
18 146
18 86
18 169
18 24
18 197
18 141
18 213
18 46
18 145
18 192
18 117
18 12
18 27
18 180
18 207
18 126
18 40
18 167
18 172
18 157
18 95
18 65
18 140
18 131
18 50
18 120
18 38
18 60
18 153
18 173
18 70
18 74
18 37
18 129
18 35
18 64
18 147
18 47
18 185
18 102
18 25
18 39
18 156
18 152
18 23
18 124
18 72
188 135
188 103
188 80
188 45
188 41
188 199
188 5
188 210
188 113
188 214
188 68
188 174
188 194
188 179
188 63
188 201
188 52
188 58
188 2
188 42
188 44
188 160
188 101
188 133
188 202
188 62
188 139
188 150
188 30
188 218
188 71
188 112
188 134
188 148
188 79
188 84
188 6
188 164
188 205
188 216
188 196
188 212
188 26
188 146
188 54
188 181
188 93
188 149
188 169
188 189
188 24
188 106
188 155
188 89
188 141
188 208
188 109
188 145
188 192
188 12
188 88
188 111
188 105
188 182
188 90
188 8
188 126
188 40
188 116
188 73
188 31
188 100
188 171
188 96
188 206
188 195
188 29
188 157
188 193
188 65
188 132
188 122
188 38
188 177
188 173
188 129
188 162
188 64
188 22
188 185
188 102
188 99
188 39
188 9
188 158
188 121
188 124
188 187
188 72
215 135
215 104
215 15
215 45
215 4
215 16
215 41
215 32
215 199
215 5
215 114
215 113
215 214
215 43
215 68
215 174
215 168
215 179
215 97
215 115
215 190
215 52
215 108
215 58
215 178
215 125
215 42
215 160
215 130
215 101
215 161
215 127
215 202
215 20
215 139
215 1
215 150
215 148
215 10
215 163
215 84
215 56
215 21
215 175
215 14
215 164
215 3
215 170
215 107
215 184
215 59
215 26
215 146
215 181
215 93
215 86
215 149
215 189
215 24
215 197
215 155
215 36
215 208
215 117
215 12
215 182
215 207
215 203
215 211
215 116
215 73
215 136
215 100
215 171
215 96
215 17
215 206
215 29
215 95
215 65
215 132
215 50
215 177
215 37
215 129
215 162
215 35
215 64
215 22
215 0
215 123
215 185
215 9
215 158
215 152
215 121
215 124
215 75
215 191
215 72
135 80
135 85
135 4
135 16
135 199
135 5
135 186
135 7
135 113
135 48
135 51
135 78
135 174
135 168
135 179
135 63
135 166
135 201
135 190
135 2
135 183
135 178
135 125
135 42
135 44
135 160
135 130
135 198
135 101
135 133
135 202
135 94
135 218
135 71
135 112
135 134
135 84
135 6
135 56
135 21
135 175
135 14
135 164
135 98
135 107
135 184
135 49
135 91
135 212
135 59
135 54
135 181
135 93
135 149
135 169
135 24
135 197
135 89
135 141
135 213
135 46
135 145
135 117
135 27
135 88
135 105
135 180
135 182
135 90
135 207
135 128
135 211
135 40
135 116
135 171
135 96
135 172
135 61
135 57
135 29
135 157
135 95
135 193
135 65
135 132
135 122
135 67
135 131
135 50
135 120
135 38
135 74
135 37
135 162
135 22
135 47
135 0
135 123
135 119
135 102
135 144
135 99
135 25
135 13
135 158
135 121
135 124
135 187
135 191
135 72
103 85
103 4
103 199
103 186
103 114
103 113
103 48
103 51
103 214
103 78
103 43
103 174
103 179
103 63
103 190
103 52
103 108
103 58
103 2
103 183
103 125
103 118
103 42
103 138
103 160
103 133
103 127
103 94
103 139
103 1
103 30
103 218
103 28
103 76
103 112
103 81
103 163
103 33
103 84
103 6
103 56
103 175
103 14
103 151
103 164
103 98
103 170
103 184
103 216
103 91
103 26
103 146
103 54
103 181
103 93
103 189
103 24
103 106
103 36
103 46
103 145
103 192
103 117
103 12
103 27
103 105
103 180
103 90
103 207
103 159
103 128
103 116
103 73
103 136
103 167
103 100
103 172
103 206
103 132
103 140
103 122
103 67
103 177
103 87
103 129
103 64
103 22
103 147
103 0
103 123
103 102
103 144
103 156
103 124
103 191
80 104
80 15
80 16
80 41
80 32
80 199
80 5
80 176
80 186
80 114
80 7
80 210
80 48
80 51
80 214
80 78
80 68
80 174
80 142
80 179
80 97
80 63
80 115
80 201
80 190
80 52
80 58
80 178
80 118
80 138
80 44
80 130
80 198
80 161
80 127
80 202
80 94
80 150
80 76
80 79
80 10
80 33
80 84
80 6
80 14
80 151
80 164
80 3
80 170
80 107
80 205
80 216
80 196
80 212
80 59
80 146
80 54
80 181
80 86
80 169
80 24
80 219
80 89
80 36
80 208
80 145
80 192
80 180
80 182
80 207
80 128
80 203
80 211
80 31
80 171
80 96
80 172
80 61
80 57
80 206
80 195
80 95
80 140
80 122
80 67
80 131
80 50
80 120
80 38
80 60
80 153
80 173
80 70
80 74
80 87
80 64
80 22
80 147
80 47
80 0
80 123
80 185
80 119
80 39
80 156
80 121
80 23
80 124
80 191
80 72
104 45
104 4
104 41
104 53
104 176
104 210
104 48
104 51
104 97
104 63
104 115
104 190
104 52
104 108
104 58
104 183
104 178
104 125
104 118
104 42
104 19
104 138
104 198
104 161
104 133
104 62
104 20
104 150
104 28
104 112
104 134
104 148
104 79
104 81
104 10
104 84
104 6
104 21
104 175
104 14
104 164
104 3
104 107
104 205
104 184
104 49
104 216
104 196
104 212
104 59
104 93
104 86
104 149
104 189
104 24
104 219
104 106
104 197
104 154
104 141
104 208
104 109
104 12
104 88
104 111
104 105
104 180
104 207
104 159
104 211
104 116
104 31
104 167
104 171
104 172
104 61
104 206
104 157
104 95
104 193
104 132
104 122
104 50
104 120
104 60
104 153
104 177
104 70
104 162
104 35
104 147
104 123
104 102
104 99
104 13
104 9
104 156
104 121
104 23
104 187
104 72
15 45
15 85
15 4
15 41
15 53
15 186
15 51
15 78
15 174
15 168
15 142
15 194
15 63
15 52
15 108
15 2
15 125
15 42
15 19
15 44
15 130
15 198
15 101
15 133
15 127
15 218
15 76
15 112
15 134
15 148
15 79
15 10
15 163
15 33
15 55
15 84
15 21
15 175
15 14
15 151
15 3
15 98
15 216
15 91
15 59
15 54
15 169
15 189
15 219
15 106
15 197
15 154
15 89
15 208
15 213
15 46
15 145
15 117
15 88
15 180
15 207
15 8
15 211
15 136
15 31
15 96
15 17
15 195
15 65
15 122
15 67
15 50
15 38
15 153
15 177
15 173
15 37
15 129
15 162
15 64
15 22
15 47
15 185
15 119
15 144
15 9
15 121
15 124
15 75
15 191
15 72
45 16
45 41
45 199
45 186
45 7
45 51
45 78
45 43
45 168
45 142
45 194
45 97
45 63
45 115
45 166
45 190
45 52
45 108
45 58
45 2
45 118
45 42
45 19
45 138
45 160
45 161
45 127
45 202
45 94
45 62
45 1
45 150
45 30
45 28
45 76
45 71
45 112
45 134
45 148
45 79
45 81
45 10
45 163
45 33
45 84
45 56
45 21
45 14
45 164
45 3
45 107
45 184
45 49
45 216
45 212
45 93
45 169
45 24
45 197
45 155
45 141
45 36
45 208
45 213
45 46
45 145
45 192
45 117
45 12
45 27
45 88
45 111
45 180
45 90
45 159
45 8
45 126
45 211
45 31
45 167
45 100
45 195
45 157
45 95
45 65
45 140
45 67
45 120
45 38
45 60
45 74
45 129
45 64
45 22
45 119
45 144
45 25
45 39
45 13
45 9
45 156
45 23
45 124
45 187
85 176
85 210
85 113
85 51
85 214
85 78
85 168
85 142
85 194
85 179
85 201
85 190
85 52
85 108
85 58
85 183
85 178
85 44
85 101
85 133
85 127
85 202
85 94
85 20
85 139
85 150
85 134
85 163
85 33
85 55
85 6
85 56
85 175
85 14
85 164
85 3
85 98
85 107
85 205
85 49
85 216
85 91
85 196
85 26
85 146
85 86
85 149
85 24
85 106
85 197
85 141
85 36
85 208
85 109
85 46
85 145
85 117
85 12
85 88
85 105
85 182
85 90
85 207
85 128
85 110
85 203
85 126
85 73
85 167
85 100
85 171
85 96
85 57
85 206
85 157
85 95
85 65
85 122
85 67
85 131
85 50
85 120
85 60
85 173
85 70
85 37
85 87
85 162
85 35
85 64
85 147
85 0
85 144
85 25
85 13
85 9
85 158
85 156
85 152
85 121
85 23
85 75
4 41
4 32
4 5
4 114
4 113
4 48
4 51
4 214
4 78
4 142
4 166
4 190
4 52
4 58
4 2
4 178
4 125
4 118
4 19
4 160
4 130
4 133
4 202
4 62
4 20
4 139
4 30
4 28
4 76
4 71
4 79
4 33
4 55
4 84
4 6
4 56
4 175
4 151
4 98
4 170
4 107
4 49
4 91
4 26
4 86
4 106
4 155
4 89
4 36
4 208
4 192
4 117
4 105
4 207
4 159
4 128
4 8
4 211
4 40
4 116
4 73
4 136
4 31
4 100
4 171
4 96
4 61
4 29
4 157
4 122
4 50
4 38
4 60
4 153
4 173
4 74
4 37
4 162
4 64
4 147
4 47
4 123
4 119
4 25
4 39
4 9
4 158
4 152
4 124
16 41
16 32
16 53
16 176
16 210
16 51
16 43
16 68
16 194
16 97
16 166
16 52
16 108
16 178
16 118
16 138
16 44
16 198
16 94
16 62
16 20
16 139
16 218
16 28
16 76
16 71
16 134
16 148
16 79
16 163
16 55
16 84
16 6
16 14
16 164
16 170
16 184
16 49
16 216
16 91
16 196
16 212
16 59
16 146
16 54
16 93
16 169
16 189
16 24
16 155
16 154
16 89
16 208
16 213
16 145
16 12
16 27
16 105
16 182
16 128
16 8
16 110
16 172
16 17
16 29
16 95
16 193
16 65
16 50
16 38
16 153
16 37
16 162
16 64
16 25
16 13
16 23
41 32
41 53
41 186
41 113
41 78
41 68
41 194
41 179
41 52
41 58
41 125
41 118
41 42
41 19
41 44
41 198
41 101
41 133
41 127
41 139
41 30
41 134
41 148
41 79
41 81
41 33
41 55
41 56
41 98
41 205
41 216
41 91
41 196
41 26
41 54
41 181
41 86
41 149
41 169
41 24
41 106
41 197
41 89
41 208
41 145
41 192
41 117
41 12
41 105
41 90
41 207
41 159
41 110
41 126
41 211
41 40
41 116
41 136
41 167
41 96
41 57
41 17
41 29
41 95
41 193
41 140
41 122
41 38
41 177
41 129
41 22
41 147
41 47
41 185
41 102
41 25
41 39
41 152
41 121
41 23
41 124
41 187
41 75
41 72
32 199
32 5
32 176
32 186
32 114
32 7
32 210
32 113
32 51
32 43
32 142
32 194
32 179
32 115
32 190
32 52
32 178
32 125
32 42
32 19
32 138
32 44
32 198
32 101
32 127
32 202
32 20
32 139
32 1
32 218
32 76
32 112
32 148
32 33
32 55
32 6
32 14
32 164
32 3
32 107
32 49
32 26
32 181
32 86
32 169
32 189
32 155
32 154
32 89
32 36
32 208
32 109
32 46
32 145
32 192
32 117
32 27
32 88
32 105
32 90
32 159
32 128
32 8
32 126
32 40
32 73
32 167
32 100
32 96
32 95
32 122
32 67
32 131
32 50
32 120
32 153
32 177
32 37
32 162
32 35
32 64
32 22
32 147
32 47
32 0
32 185
32 102
32 144
32 99
32 39
32 9
32 23
32 75
199 5
199 186
199 7
199 113
199 48
199 214
199 78
199 43
199 68
199 142
199 194
199 97
199 108
199 2
199 125
199 42
199 19
199 202
199 62
199 1
199 150
199 76
199 10
199 33
199 55
199 84
199 14
199 151
199 164
199 3
199 98
199 205
199 184
199 49
199 216
199 212
199 59
199 26
199 146
199 54
199 181
199 93
199 149
199 24
199 197
199 154
199 141
199 208
199 213
199 109
199 46
199 145
199 117
199 27
199 180
199 182
199 207
199 159
199 128
199 8
199 110
199 203
199 126
199 40
199 73
199 31
199 100
199 171
199 96
199 172
199 57
199 206
199 157
199 65
199 132
199 122
199 67
199 131
199 60
199 173
199 162
199 35
199 64
199 22
199 102
199 144
199 99
199 25
199 13
199 156
199 187
199 191
199 72
5 210
5 113
5 51
5 214
5 43
5 174
5 142
5 179
5 63
5 166
5 201
5 108
5 58
5 118
5 42
5 19
5 198
5 101
5 127
5 94
5 139
5 1
5 28
5 112
5 81
5 10
5 163
5 33
5 6
5 56
5 175
5 151
5 3
5 205
5 196
5 212
5 181
5 93
5 86
5 169
5 24
5 197
5 141
5 109
5 46
5 145
5 192
5 117
5 27
5 111
5 180
5 182
5 90
5 207
5 8
5 203
5 126
5 73
5 100
5 96
5 172
5 57
5 17
5 157
5 193
5 38
5 173
5 70
5 87
5 162
5 35
5 22
5 147
5 0
5 123
5 185
5 152
5 121
5 187
5 75
5 191
5 72
53 176
53 114
53 7
53 113
53 43
53 68
53 174
53 142
53 194
53 179
53 63
53 166
53 190
53 108
53 58
53 183
53 118
53 42
53 160
53 20
53 1
53 150
53 218
53 28
53 71
53 112
53 79
53 81
53 163
53 33
53 84
53 6
53 56
53 175
53 151
53 3
53 98
53 170
53 107
53 184
53 216
53 91
53 59
53 54
53 93
53 24
53 106
53 154
53 89
53 141
53 36
53 208
53 145
53 12
53 27
53 88
53 111
53 105
53 180
53 182
53 207
53 159
53 8
53 110
53 203
53 211
53 73
53 100
53 206
53 195
53 29
53 157
53 95
53 193
53 65
53 132
53 122
53 67
53 131
53 50
53 120
53 60
53 153
53 177
53 70
53 74
53 37
53 87
53 129
53 64
53 147
53 47
53 0
53 123
53 119
53 102
53 144
53 99
53 39
53 13
53 158
53 156
53 152
53 23
53 187
53 75
176 186
176 113
176 78
176 43
176 174
176 168
176 142
176 194
176 179
176 97
176 63
176 115
176 166
176 201
176 108
176 58
176 183
176 178
176 125
176 118
176 42
176 138
176 160
176 130
176 202
176 62
176 1
176 30
176 71
176 112
176 134
176 55
176 84
176 56
176 21
176 175
176 14
176 3
176 107
176 184
176 49
176 216
176 91
176 196
176 212
176 59
176 26
176 149
176 169
176 219
176 106
176 197
176 155
176 154
176 89
176 141
176 36
176 208
176 109
176 46
176 145
176 117
176 12
176 27
176 88
176 111
176 180
176 182
176 207
176 128
176 8
176 110
176 203
176 126
176 211
176 116
176 167
176 171
176 195
176 95
176 132
176 140
176 122
176 120
176 38
176 60
176 153
176 177
176 173
176 37
176 129
176 22
176 147
176 119
176 102
176 25
176 39
176 156
176 124
176 187
176 75
176 191
176 72
186 48
186 214
186 78
186 43
186 68
186 174
186 168
186 115
186 201
186 52
186 58
186 19
186 160
186 101
186 161
186 133
186 202
186 94
186 62
186 20
186 139
186 1
186 218
186 28
186 76
186 134
186 148
186 79
186 81
186 10
186 33
186 84
186 21
186 175
186 14
186 151
186 164
186 98
186 170
186 184
186 216
186 26
186 146
186 181
186 93
186 86
186 149
186 169
186 189
186 155
186 154
186 36
186 208
186 213
186 109
186 46
186 145
186 192
186 117
186 88
186 111
186 105
186 180
186 182
186 90
186 207
186 159
186 126
186 136
186 31
186 100
186 96
186 172
186 61
186 57
186 17
186 95
186 193
186 65
186 132
186 140
186 122
186 131
186 120
186 38
186 60
186 153
186 173
186 70
186 74
186 37
186 87
186 129
186 64
186 22
186 147
186 13
186 9
186 121
186 124
186 187
186 75
114 48
114 43
114 142
114 115
114 166
114 201
114 190
114 108
114 183
114 118
114 42
114 138
114 130
114 94
114 150
114 218
114 76
114 112
114 148
114 79
114 81
114 55
114 175
114 14
114 151
114 3
114 98
114 107
114 205
114 184
114 49
114 216
114 91
114 196
114 212
114 26
114 146
114 181
114 189
114 24
114 197
114 89
114 109
114 192
114 27
114 88
114 105
114 180
114 159
114 203
114 126
114 116
114 136
114 171
114 57
114 206
114 195
114 29
114 95
114 193
114 65
114 140
114 131
114 120
114 60
114 153
114 70
114 74
114 87
114 129
114 162
114 147
114 47
114 185
114 102
114 25
114 39
114 9
114 23
114 124
114 191
114 72
7 210
7 78
7 43
7 174
7 168
7 63
7 108
7 58
7 183
7 118
7 138
7 130
7 101
7 133
7 202
7 94
7 30
7 28
7 134
7 163
7 33
7 6
7 21
7 175
7 151
7 164
7 98
7 170
7 107
7 205
7 184
7 216
7 91
7 196
7 212
7 59
7 26
7 146
7 93
7 86
7 169
7 189
7 219
7 106
7 197
7 154
7 89
7 141
7 213
7 109
7 145
7 117
7 27
7 111
7 105
7 182
7 159
7 128
7 110
7 203
7 40
7 136
7 31
7 100
7 171
7 96
7 172
7 61
7 17
7 206
7 195
7 193
7 132
7 122
7 67
7 50
7 153
7 177
7 173
7 37
7 87
7 129
7 162
7 64
7 22
7 123
7 102
7 144
7 25
7 39
7 9
7 152
7 23
7 124
7 187
7 191
210 113
210 51
210 142
210 194
210 63
210 166
210 190
210 52
210 183
210 19
210 160
210 130
210 198
210 101
210 161
210 127
210 62
210 20
210 150
210 30
210 218
210 76
210 71
210 79
210 81
210 10
210 55
210 56
210 21
210 3
210 98
210 205
210 91
210 54
210 86
210 24
210 106
210 197
210 154
210 141
210 36
210 213
210 46
210 117
210 12
210 88
210 111
210 207
210 8
210 110
210 203
210 211
210 116
210 73
210 136
210 100
210 171
210 172
210 61
210 206
210 29
210 157
210 95
210 193
210 140
210 67
210 131
210 120
210 38
210 177
210 70
210 37
210 87
210 129
210 35
210 22
210 47
210 123
210 185
210 102
210 99
210 25
210 39
210 13
210 121
210 23
210 187
210 75
210 191
113 48
113 214
113 174
113 168
113 142
113 179
113 63
113 115
113 201
113 190
113 108
113 183
113 118
113 138
113 130
113 198
113 133
113 202
113 94
113 139
113 30
113 28
113 76
113 81
113 10
113 33
113 6
113 56
113 21
113 14
113 3
113 98
113 107
113 205
113 184
113 216
113 196
113 212
113 146
113 93
113 86
113 169
113 189
113 106
113 197
113 155
113 154
113 141
113 36
113 208
113 213
113 109
113 192
113 12
113 27
113 182
113 159
113 128
113 203
113 126
113 40
113 73
113 136
113 96
113 61
113 57
113 17
113 29
113 122
113 67
113 50
113 38
113 60
113 153
113 70
113 74
113 37
113 162
113 22
113 47
113 0
113 123
113 185
113 99
113 39
113 13
113 9
113 158
113 23
113 75
113 191
48 51
48 214
48 78
48 174
48 142
48 194
48 179
48 63
48 201
48 58
48 2
48 178
48 118
48 42
48 160
48 130
48 198
48 161
48 202
48 62
48 1
48 150
48 30
48 28
48 76
48 71
48 134
48 81
48 10
48 33
48 55
48 56
48 21
48 151
48 98
48 107
48 205
48 184
48 216
48 91
48 212
48 181
48 169
48 189
48 24
48 219
48 106
48 197
48 155
48 208
48 109
48 46
48 117
48 88
48 128
48 203
48 126
48 211
48 116
48 73
48 31
48 167
48 172
48 206
48 95
48 65
48 140
48 122
48 131
48 50
48 120
48 60
48 153
48 74
48 37
48 87
48 162
48 35
48 147
48 0
48 185
48 119
48 99
48 25
48 39
48 158
48 156
48 152
48 75
48 191
51 214
51 179
51 97
51 201
51 190
51 108
51 58
51 178
51 125
51 138
51 160
51 198
51 101
51 161
51 62
51 20
51 139
51 1
51 150
51 30
51 218
51 112
51 79
51 163
51 33
51 84
51 175
51 164
51 107
51 49
51 216
51 212
51 59
51 146
51 181
51 93
51 106
51 155
51 141
51 145
51 12
51 111
51 105
51 90
51 207
51 128
51 203
51 126
51 40
51 116
51 73
51 31
51 96
51 57
51 29
51 95
51 65
51 132
51 122
51 131
51 50
51 120
51 38
51 60
51 153
51 70
51 35
51 22
51 147
51 47
51 185
51 119
51 144
51 39
51 158
51 156
51 23
51 124
51 187
51 75
51 72
214 78
214 43
214 174
214 194
214 179
214 97
214 115
214 201
214 52
214 108
214 2
214 118
214 42
214 19
214 138
214 160
214 127
214 62
214 20
214 139
214 150
214 28
214 112
214 134
214 148
214 79
214 55
214 84
214 6
214 56
214 175
214 164
214 170
214 107
214 205
214 49
214 91
214 196
214 59
214 26
214 146
214 54
214 93
214 169
214 189
214 155
214 154
214 36
214 46
214 145
214 192
214 12
214 27
214 88
214 105
214 182
214 207
214 128
214 8
214 110
214 126
214 211
214 40
214 116
214 73
214 31
214 167
214 171
214 172
214 61
214 57
214 29
214 157
214 95
214 65
214 132
214 140
214 122
214 50
214 120
214 153
214 173
214 70
214 64
214 147
214 47
214 0
214 123
214 185
214 119
214 102
214 99
214 39
214 158
214 156
214 23
214 124
214 187
78 174
78 179
78 97
78 63
78 115
78 201
78 190
78 52
78 58
78 125
78 19
78 138
78 44
78 101
78 161
78 127
78 62
78 150
78 218
78 10
78 163
78 84
78 56
78 21
78 175
78 170
78 184
78 91
78 196
78 212
78 59
78 26
78 146
78 149
78 169
78 219
78 197
78 154
78 192
78 12
78 27
78 111
78 105
78 180
78 90
78 207
78 159
78 128
78 110
78 40
78 116
78 136
78 167
78 171
78 61
78 195
78 157
78 95
78 131
78 50
78 120
78 153
78 70
78 37
78 162
78 35
78 22
78 47
78 0
78 123
78 119
78 144
78 99
78 9
78 158
78 156
78 152
78 23
78 187
78 75
78 191
78 72
43 68
43 174
43 168
43 142
43 194
43 63
43 166
43 108
43 125
43 118
43 42
43 19
43 160
43 198
43 202
43 62
43 139
43 150
43 30
43 28
43 76
43 71
43 112
43 79
43 81
43 10
43 33
43 55
43 84
43 6
43 21
43 175
43 14
43 98
43 170
43 205
43 196
43 212
43 26
43 93
43 86
43 24
43 219
43 106
43 197
43 155
43 89
43 141
43 208
43 213
43 109
43 46
43 12
43 111
43 180
43 182
43 207
43 128
43 8
43 203
43 211
43 40
43 116
43 136
43 167
43 171
43 96
43 172
43 61
43 195
43 95
43 65
43 132
43 140
43 122
43 67
43 153
43 177
43 162
43 147
43 47
43 0
43 185
43 119
43 102
43 99
43 13
43 158
43 121
43 23
43 124
43 72
68 97
68 63
68 115
68 108
68 183
68 118
68 19
68 160
68 198
68 101
68 133
68 202
68 94
68 62
68 20
68 1
68 71
68 134
68 81
68 33
68 55
68 84
68 56
68 175
68 14
68 151
68 49
68 216
68 196
68 212
68 26
68 181
68 93
68 86
68 149
68 169
68 189
68 24
68 155
68 154
68 89
68 36
68 213
68 46
68 145
68 192
68 12
68 88
68 105
68 180
68 182
68 90
68 207
68 128
68 8
68 203
68 116
68 73
68 100
68 96
68 57
68 29
68 65
68 132
68 67
68 50
68 177
68 70
68 129
68 162
68 35
68 64
68 22
68 147
68 47
68 123
68 119
68 99
68 39
68 13
68 9
68 158
68 156
68 152
68 121
68 23
68 124
68 191
174 168
174 142
174 194
174 97
174 166
174 52
174 58
174 178
174 125
174 118
174 42
174 19
174 138
174 160
174 130
174 101
174 127
174 62
174 139
174 1
174 218
174 76
174 71
174 112
174 134
174 148
174 10
174 163
174 84
174 56
174 21
174 175
174 14
174 151
174 164
174 3
174 98
174 49
174 91
174 26
174 146
174 54
174 181
174 93
174 149
174 169
174 219
174 106
174 197
174 155
174 89
174 141
174 36
174 208
174 88
174 180
174 182
174 90
174 159
174 110
174 126
174 73
174 136
174 31
174 61
174 17
174 157
174 95
174 132
174 122
174 120
174 60
174 153
174 177
174 74
174 64
174 22
174 0
174 123
174 185
174 102
174 144
174 99
174 25
174 39
174 158
174 152
174 121
174 75
174 72
168 194
168 63
168 115
168 190
168 2
168 183
168 178
168 118
168 42
168 138
168 101
168 133
168 127
168 94
168 62
168 30
168 218
168 76
168 148
168 79
168 81
168 10
168 163
168 55
168 84
168 56
168 175
168 98
168 170
168 107
168 205
168 49
168 216
168 91
168 196
168 54
168 93
168 86
168 169
168 189
168 24
168 106
168 154
168 89
168 36
168 208
168 109
168 192
168 117
168 12
168 88
168 105
168 207
168 128
168 203
168 126
168 211
168 40
168 116
168 73
168 136
168 31
168 100
168 171
168 57
168 206
168 29
168 95
168 65
168 140
168 131
168 38
168 153
168 87
168 162
168 22
168 185
168 102
168 144
168 13
168 121
168 191
168 72
142 63
142 166
142 52
142 178
142 125
142 118
142 42
142 44
142 198
142 127
142 202
142 94
142 62
142 139
142 1
142 30
142 218
142 28
142 76
142 71
142 112
142 55
142 6
142 21
142 175
142 14
142 164
142 98
142 170
142 184
142 49
142 216
142 59
142 146
142 54
142 169
142 219
142 106
142 155
142 89
142 141
142 213
142 46
142 192
142 27
142 105
142 182
142 207
142 128
142 8
142 110
142 203
142 116
142 136
142 31
142 171
142 61
142 17
142 206
142 195
142 95
142 65
142 132
142 140
142 122
142 50
142 120
142 153
142 177
142 173
142 37
142 64
142 22
142 47
142 0
142 185
142 119
142 102
142 99
142 13
142 158
142 156
142 152
142 23
142 75
194 115
194 166
194 52
194 108
194 2
194 183
194 178
194 118
194 42
194 44
194 198
194 133
194 94
194 20
194 139
194 1
194 218
194 112
194 134
194 79
194 10
194 163
194 84
194 21
194 175
194 164
194 3
194 98
194 216
194 196
194 59
194 26
194 146
194 54
194 181
194 93
194 86
194 149
194 169
194 24
194 219
194 197
194 155
194 154
194 89
194 141
194 208
194 213
194 109
194 117
194 12
194 27
194 105
194 182
194 207
194 126
194 211
194 40
194 116
194 136
194 31
194 100
194 171
194 17
194 206
194 157
194 193
194 65
194 140
194 122
194 131
194 60
194 153
194 177
194 70
194 74
194 162
194 35
194 22
194 0
194 185
194 119
194 102
194 144
194 99
194 39
194 121
194 23
194 124
194 191
179 97
179 63
179 166
179 52
179 108
179 58
179 2
179 125
179 118
179 19
179 138
179 44
179 130
179 101
179 133
179 94
179 62
179 139
179 30
179 218
179 76
179 79
179 163
179 55
179 6
179 56
179 175
179 14
179 151
179 3
179 107
179 184
179 216
179 196
179 212
179 59
179 26
179 146
179 54
179 149
179 219
179 106
179 197
179 155
179 154
179 141
179 192
179 12
179 27
179 182
179 207
179 159
179 8
179 110
179 211
179 40
179 136
179 31
179 100
179 61
179 57
179 206
179 29
179 140
179 122
179 67
179 50
179 120
179 60
179 153
179 177
179 70
179 74
179 37
179 129
179 22
179 147
179 47
179 102
179 99
179 39
179 9
179 158
179 152
179 121
179 124
179 187
179 191
97 63
97 115
97 166
97 190
97 108
97 2
97 183
97 178
97 125
97 118
97 19
97 101
97 133
97 202
97 62
97 20
97 139
97 1
97 150
97 30
97 218
97 28
97 76
97 112
97 134
97 148
97 79
97 163
97 33
97 84
97 56
97 21
97 3
97 107
97 205
97 181
97 93
97 86
97 169
97 189
97 219
97 106
97 197
97 154
97 141
97 46
97 145
97 27
97 180
97 159
97 128
97 8
97 203
97 126
97 211
97 116
97 136
97 172
97 57
97 17
97 157
97 193
97 67
97 38
97 60
97 177
97 173
97 37
97 87
97 162
97 35
97 0
97 123
97 185
97 102
97 99
97 25
97 39
97 13
97 158
97 23
97 124
97 187
97 191
63 115
63 166
63 58
63 183
63 125
63 44
63 130
63 161
63 133
63 94
63 62
63 1
63 76
63 112
63 134
63 148
63 81
63 163
63 33
63 55
63 84
63 6
63 56
63 21
63 175
63 151
63 98
63 205
63 184
63 49
63 91
63 212
63 59
63 93
63 86
63 149
63 169
63 219
63 106
63 208
63 213
63 46
63 145
63 12
63 27
63 88
63 111
63 105
63 180
63 159
63 128
63 8
63 126
63 211
63 116
63 136
63 31
63 100
63 171
63 172
63 61
63 57
63 206
63 29
63 157
63 95
63 193
63 132
63 122
63 131
63 50
63 120
63 177
63 37
63 87
63 162
63 35
63 147
63 47
63 123
63 119
63 25
63 9
63 158
63 156
63 121
63 23
63 124
63 72
115 201
115 52
115 108
115 2
115 183
115 125
115 42
115 44
115 130
115 101
115 161
115 133
115 127
115 202
115 94
115 20
115 150
115 30
115 218
115 28
115 112
115 134
115 148
115 81
115 10
115 33
115 84
115 6
115 21
115 175
115 164
115 170
115 205
115 49
115 196
115 26
115 54
115 181
115 93
115 86
115 149
115 189
115 197
115 154
115 141
115 208
115 109
115 145
115 192
115 117
115 12
115 105
115 182
115 207
115 110
115 203
115 40
115 73
115 136
115 31
115 167
115 17
115 206
115 157
115 95
115 193
115 132
115 140
115 131
115 50
115 153
115 177
115 173
115 37
115 87
115 129
115 64
115 22
115 47
115 123
115 25
115 39
115 13
115 9
115 156
115 152
115 121
115 23
115 124
115 75
115 191
166 108
166 2
166 183
166 178
166 118
166 42
166 161
166 133
166 127
166 20
166 139
166 150
166 30
166 28
166 71
166 79
166 10
166 55
166 84
166 6
166 21
166 175
166 14
166 151
166 164
166 98
166 107
166 205
166 184
166 49
166 216
166 212
166 59
166 26
166 181
166 149
166 169
166 106
166 197
166 89
166 141
166 36
166 208
166 109
166 192
166 117
166 88
166 111
166 105
166 180
166 182
166 207
166 8
166 126
166 116
166 100
166 171
166 96
166 195
166 29
166 95
166 193
166 65
166 132
166 140
166 122
166 131
166 38
166 60
166 153
166 177
166 74
166 37
166 87
166 129
166 35
166 64
166 22
166 147
166 47
166 185
166 119
166 144
166 99
166 25
166 9
166 158
166 156
166 152
166 23
166 75
166 72
201 52
201 108
201 178
201 118
201 42
201 19
201 138
201 44
201 130
201 127
201 202
201 20
201 139
201 150
201 30
201 28
201 76
201 71
201 112
201 134
201 79
201 55
201 56
201 164
201 170
201 205
201 49
201 216
201 212
201 26
201 181
201 93
201 149
201 169
201 189
201 197
201 155
201 89
201 36
201 208
201 117
201 12
201 27
201 105
201 180
201 182
201 207
201 128
201 126
201 211
201 116
201 73
201 136
201 100
201 171
201 57
201 17
201 206
201 195
201 132
201 140
201 122
201 131
201 60
201 153
201 177
201 87
201 129
201 162
201 35
201 147
201 102
201 39
201 156
201 152
201 23
201 124
201 187
201 75
201 191
201 72
190 52
190 58
190 2
190 125
190 118
190 42
190 19
190 138
190 130
190 198
190 161
190 127
190 20
190 1
190 218
190 76
190 71
190 112
190 134
190 81
190 10
190 163
190 21
190 14
190 151
190 164
190 3
190 98
190 205
190 184
190 49
190 216
190 59
190 26
190 181
190 93
190 149
190 169
190 24
190 219
190 106
190 154
190 89
190 109
190 46
190 145
190 117
190 88
190 111
190 105
190 180
190 90
190 128
190 8
190 110
190 203
190 31
190 100
190 172
190 57
190 195
190 95
190 193
190 65
190 67
190 131
190 120
190 38
190 60
190 153
190 173
190 74
190 37
190 87
190 35
190 22
190 47
190 185
190 119
190 121
190 23
190 187
190 75
190 191
190 72
52 108
52 125
52 118
52 19
52 44
52 130
52 198
52 101
52 161
52 127
52 202
52 62
52 139
52 1
52 28
52 76
52 71
52 148
52 79
52 10
52 163
52 84
52 6
52 14
52 107
52 184
52 49
52 91
52 196
52 212
52 59
52 26
52 146
52 181
52 93
52 219
52 106
52 155
52 89
52 208
52 213
52 109
52 117
52 12
52 27
52 88
52 111
52 105
52 182
52 90
52 159
52 8
52 126
52 73
52 136
52 167
52 171
52 172
52 57
52 206
52 195
52 29
52 95
52 122
52 120
52 60
52 153
52 177
52 74
52 87
52 162
52 35
52 64
52 147
52 47
52 123
52 185
52 119
52 39
52 156
52 152
52 121
52 187
52 191
108 2
108 183
108 178
108 125
108 160
108 198
108 101
108 127
108 202
108 62
108 150
108 30
108 218
108 28
108 76
108 71
108 112
108 134
108 81
108 33
108 55
108 6
108 56
108 14
108 3
108 170
108 49
108 91
108 196
108 59
108 26
108 146
108 93
108 169
108 189
108 24
108 197
108 155
108 36
108 145
108 192
108 117
108 27
108 88
108 105
108 182
108 159
108 110
108 203
108 126
108 211
108 171
108 96
108 206
108 95
108 193
108 122
108 67
108 131
108 50
108 153
108 173
108 87
108 129
108 162
108 22
108 0
108 185
108 99
108 39
108 121
108 72
58 2
58 183
58 178
58 125
58 118
58 42
58 138
58 160
58 101
58 161
58 133
58 127
58 62
58 139
58 150
58 218
58 71
58 134
58 81
58 55
58 84
58 6
58 14
58 164
58 170
58 205
58 91
58 212
58 86
58 149
58 169
58 219
58 141
58 208
58 213
58 46
58 192
58 117
58 88
58 105
58 90
58 207
58 128
58 110
58 40
58 100
58 171
58 96
58 172
58 57
58 17
58 195
58 157
58 122
58 131
58 120
58 38
58 60
58 153
58 177
58 173
58 74
58 37
58 162
58 64
58 22
58 147
58 0
58 119
58 102
58 144
58 99
58 25
58 9
58 156
58 152
58 121
58 23
58 124
58 187
58 75
58 191
2 183
2 42
2 19
2 44
2 160
2 101
2 161
2 133
2 94
2 62
2 139
2 28
2 76
2 134
2 148
2 81
2 163
2 33
2 84
2 56
2 21
2 175
2 3
2 98
2 205
2 184
2 216
2 59
2 26
2 146
2 54
2 181
2 93
2 189
2 24
2 141
2 213
2 145
2 27
2 88
2 111
2 105
2 180
2 90
2 207
2 159
2 8
2 110
2 203
2 40
2 116
2 73
2 136
2 31
2 96
2 172
2 57
2 17
2 206
2 29
2 157
2 95
2 193
2 140
2 122
2 67
2 131
2 50
2 120
2 38
2 70
2 74
2 129
2 35
2 64
2 147
2 47
2 0
2 123
2 185
2 119
2 102
2 99
2 25
2 9
2 158
2 156
2 121
2 124
2 187
2 75
2 72
183 125
183 19
183 138
183 130
183 161
183 133
183 127
183 94
183 62
183 30
183 71
183 112
183 134
183 6
183 21
183 175
183 14
183 151
183 164
183 98
183 170
183 107
183 205
183 216
183 91
183 196
183 212
183 26
183 146
183 54
183 181
183 93
183 86
183 197
183 141
183 36
183 208
183 109
183 145
183 117
183 27
183 88
183 111
183 180
183 90
183 207
183 159
183 110
183 203
183 40
183 73
183 136
183 172
183 206
183 195
183 29
183 193
183 122
183 67
183 131
183 50
183 38
183 87
183 162
183 47
183 0
183 144
183 39
183 152
183 23
183 187
183 75
183 72
178 118
178 138
178 160
178 101
178 161
178 202
178 20
178 139
178 1
178 218
178 28
178 71
178 134
178 10
178 84
178 56
178 175
178 14
178 164
178 3
178 170
178 184
178 49
178 216
178 91
178 196
178 181
178 149
178 197
178 155
178 141
178 36
178 213
178 145
178 192
178 117
178 27
178 88
178 111
178 105
178 182
178 207
178 128
178 8
178 126
178 211
178 73
178 31
178 167
178 171
178 172
178 61
178 206
178 29
178 95
178 193
178 67
178 131
178 38
178 153
178 177
178 173
178 70
178 74
178 87
178 129
178 162
178 64
178 22
178 47
178 123
178 102
178 144
178 39
178 13
178 121
178 23
178 124
125 42
125 160
125 101
125 161
125 133
125 127
125 94
125 139
125 150
125 30
125 76
125 112
125 148
125 79
125 163
125 33
125 6
125 56
125 21
125 175
125 3
125 98
125 170
125 107
125 184
125 196
125 59
125 26
125 146
125 149
125 169
125 189
125 24
125 219
125 106
125 197
125 89
125 141
125 213
125 109
125 46
125 117
125 12
125 88
125 111
125 105
125 90
125 128
125 8
125 211
125 40
125 73
125 136
125 31
125 100
125 171
125 96
125 57
125 206
125 29
125 157
125 65
125 132
125 67
125 131
125 120
125 60
125 153
125 173
125 37
125 87
125 35
125 185
125 99
125 25
125 9
125 158
125 156
125 121
125 124
125 75
125 191
118 42
118 130
118 198
118 101
118 127
118 20
118 139
118 30
118 76
118 134
118 79
118 10
118 33
118 6
118 56
118 21
118 175
118 170
118 205
118 91
118 59
118 146
118 86
118 169
118 24
118 154
118 141
118 208
118 213
118 109
118 117
118 12
118 27
118 105
118 180
118 90
118 159
118 128
118 203
118 126
118 211
118 73
118 100
118 171
118 172
118 57
118 17
118 206
118 157
118 65
118 50
118 173
118 129
118 162
118 64
118 22
118 0
118 119
118 25
118 39
118 158
118 152
118 121
118 23
118 187
118 72
42 19
42 138
42 160
42 130
42 101
42 127
42 62
42 139
42 150
42 30
42 28
42 71
42 112
42 134
42 148
42 163
42 55
42 84
42 6
42 56
42 21
42 164
42 170
42 184
42 49
42 216
42 91
42 59
42 26
42 54
42 93
42 86
42 189
42 219
42 106
42 197
42 89
42 36
42 192
42 12
42 88
42 182
42 159
42 126
42 211
42 40
42 116
42 73
42 136
42 31
42 171
42 96
42 57
42 206
42 195
42 95
42 193
42 132
42 140
42 131
42 60
42 153
42 70
42 37
42 87
42 64
42 22
42 147
42 47
42 0
42 123
42 99
42 25
42 39
42 9
42 156
42 121
42 23
42 124
42 187
42 75
42 191
42 72
19 44
19 130
19 198
19 202
19 20
19 150
19 30
19 28
19 71
19 148
19 163
19 33
19 84
19 56
19 21
19 14
19 107
19 205
19 184
19 49
19 212
19 59
19 54
19 86
19 149
19 169
19 189
19 219
19 89
19 141
19 213
19 109
19 145
19 192
19 88
19 111
19 105
19 180
19 90
19 159
19 110
19 203
19 126
19 136
19 167
19 171
19 172
19 57
19 206
19 195
19 95
19 193
19 65
19 132
19 140
19 67
19 38
19 153
19 177
19 70
19 74
19 87
19 22
19 119
19 102
19 99
19 25
19 13
19 152
19 75
19 191
138 44
138 133
138 202
138 94
138 62
138 139
138 1
138 28
138 71
138 79
138 10
138 33
138 6
138 175
138 14
138 151
138 164
138 3
138 170
138 107
138 196
138 59
138 93
138 86
138 149
138 189
138 155
138 89
138 213
138 46
138 145
138 182
138 110
138 136
138 167
138 96
138 61
138 195
138 29
138 157
138 95
138 67
138 131
138 38
138 177
138 173
138 87
138 35
138 47
138 185
138 144
138 25
138 39
138 9
138 152
138 121
44 160
44 130
44 198
44 94
44 1
44 150
44 30
44 76
44 112
44 163
44 33
44 21
44 151
44 98
44 170
44 107
44 216
44 91
44 212
44 146
44 54
44 181
44 93
44 86
44 149
44 219
44 155
44 154
44 89
44 141
44 109
44 46
44 117
44 12
44 105
44 180
44 182
44 207
44 128
44 110
44 203
44 211
44 40
44 136
44 31
44 167
44 100
44 171
44 61
44 57
44 195
44 157
44 95
44 132
44 140
44 120
44 60
44 153
44 177
44 173
44 70
44 74
44 162
44 35
44 0
44 123
44 185
44 102
44 144
44 99
44 25
44 39
44 9
44 124
44 187
44 72
160 101
160 161
160 202
160 20
160 1
160 150
160 30
160 28
160 76
160 71
160 134
160 33
160 84
160 6
160 56
160 21
160 14
160 151
160 164
160 98
160 107
160 205
160 184
160 49
160 212
160 54
160 93
160 86
160 149
160 169
160 189
160 24
160 106
160 155
160 154
160 89
160 141
160 36
160 109
160 192
160 27
160 88
160 180
160 90
160 126
160 211
160 40
160 116
160 167
160 171
160 17
160 206
160 29
160 193
160 65
160 132
160 140
160 122
160 120
160 38
160 177
160 173
160 70
160 74
160 37
160 47
160 123
160 144
160 39
160 158
160 156
160 187
160 75
160 72
130 198
130 101
130 94
130 62
130 139
130 1
130 30
130 28
130 71
130 112
130 79
130 81
130 10
130 33
130 55
130 84
130 21
130 175
130 14
130 164
130 98
130 107
130 91
130 212
130 146
130 181
130 93
130 169
130 24
130 219
130 213
130 145
130 117
130 111
130 105
130 180
130 182
130 90
130 159
130 128
130 8
130 203
130 211
130 116
130 73
130 136
130 31
130 167
130 100
130 57
130 206
130 195
130 95
130 193
130 132
130 140
130 67
130 131
130 60
130 70
130 87
130 129
130 35
130 64
130 22
130 47
130 0
130 123
130 185
130 25
130 9
130 158
130 152
130 121
130 23
130 187
130 75
130 191
198 101
198 133
198 62
198 139
198 1
198 30
198 218
198 28
198 76
198 71
198 163
198 55
198 84
198 6
198 56
198 21
198 175
198 14
198 151
198 164
198 98
198 170
198 184
198 49
198 196
198 212
198 26
198 146
198 93
198 149
198 189
198 24
198 106
198 197
198 154
198 89
198 141
198 36
198 208
198 192
198 117
198 12
198 88
198 105
198 180
198 182
198 90
198 159
198 128
198 8
198 110
198 126
198 116
198 73
198 136
198 167
198 100
198 172
198 61
198 17
198 195
198 29
198 65
198 122
198 67
198 131
198 50
198 38
198 153
198 173
198 70
198 74
198 162
198 35
198 22
198 47
198 102
198 144
198 25
198 39
198 13
198 156
198 152
198 121
198 187
101 161
101 133
101 202
101 20
101 139
101 1
101 218
101 28
101 71
101 148
101 79
101 81
101 10
101 163
101 33
101 55
101 84
101 56
101 14
101 164
101 3
101 184
101 49
101 216
101 91
101 212
101 59
101 26
101 146
101 181
101 86
101 169
101 189
101 141
101 36
101 109
101 145
101 88
101 111
101 182
101 207
101 159
101 128
101 110
101 203
101 126
101 40
101 136
101 100
101 96
101 61
101 57
101 17
101 206
101 29
101 157
101 95
101 132
101 131
101 50
101 120
101 38
101 173
101 74
101 87
101 147
101 47
101 0
101 185
101 119
101 13
101 9
101 158
101 156
101 121
101 23
101 191
161 127
161 94
161 62
161 20
161 139
161 1
161 150
161 30
161 218
161 76
161 134
161 148
161 79
161 10
161 163
161 33
161 55
161 84
161 175
161 14
161 3
161 170
161 205
161 91
161 196
161 26
161 146
161 54
161 181
161 86
161 149
161 169
161 106
161 154
161 36
161 109
161 192
161 27
161 88
161 111
161 180
161 207
161 110
161 203
161 126
161 116
161 136
161 31
161 100
161 96
161 17
161 206
161 29
161 157
161 95
161 122
161 131
161 50
161 120
161 38
161 60
161 153
161 173
161 87
161 129
161 35
161 147
161 123
161 185
161 13
161 158
161 156
161 23
161 191
133 127
133 202
133 62
133 20
133 1
133 218
133 28
133 76
133 134
133 81
133 33
133 55
133 84
133 21
133 98
133 107
133 59
133 26
133 146
133 54
133 93
133 24
133 219
133 197
133 155
133 89
133 36
133 213
133 46
133 111
133 105
133 180
133 182
133 207
133 128
133 8
133 110
133 116
133 73
133 136
133 100
133 171
133 57
133 17
133 206
133 29
133 95
133 132
133 140
133 122
133 67
133 50
133 177
133 173
133 70
133 74
133 87
133 35
133 64
133 147
133 47
133 123
133 185
133 119
133 102
133 144
133 99
133 156
133 152
133 124
133 75
133 191
133 72
127 202
127 62
127 20
127 139
127 30
127 218
127 76
127 112
127 79
127 81
127 163
127 55
127 84
127 21
127 175
127 3
127 98
127 184
127 49
127 216
127 91
127 196
127 59
127 54
127 181
127 93
127 86
127 149
127 169
127 189
127 24
127 106
127 141
127 36
127 213
127 117
127 12
127 88
127 111
127 105
127 180
127 182
127 90
127 159
127 8
127 110
127 126
127 40
127 116
127 31
127 100
127 171
127 172
127 61
127 206
127 195
127 157
127 193
127 65
127 140
127 50
127 120
127 38
127 60
127 153
127 70
127 74
127 87
127 64
127 47
127 123
127 185
127 144
127 99
127 39
127 158
127 121
127 124
127 187
127 75
127 72
202 139
202 1
202 30
202 76
202 134
202 10
202 163
202 55
202 6
202 21
202 175
202 151
202 164
202 3
202 98
202 170
202 205
202 196
202 212
202 59
202 26
202 54
202 181
202 93
202 86
202 149
202 169
202 197
202 154
202 89
202 141
202 213
202 12
202 182
202 8
202 211
202 40
202 73
202 31
202 171
202 57
202 17
202 195
202 29
202 157
202 95
202 193
202 140
202 67
202 50
202 38
202 173
202 70
202 87
202 35
202 22
202 47
202 0
202 119
202 102
202 144
202 99
202 39
202 9
202 158
202 121
202 124
202 187
202 75
94 139
94 30
94 28
94 148
94 79
94 81
94 10
94 163
94 84
94 6
94 175
94 151
94 164
94 3
94 98
94 184
94 49
94 196
94 59
94 146
94 54
94 86
94 169
94 24
94 219
94 197
94 155
94 46
94 145
94 117
94 27
94 111
94 180
94 207
94 128
94 8
94 110
94 40
94 73
94 100
94 171
94 96
94 61
94 57
94 17
94 206
94 195
94 29
94 95
94 193
94 65
94 132
94 122
94 67
94 131
94 50
94 120
94 60
94 153
94 173
94 35
94 64
94 22
94 147
94 0
94 185
94 144
94 99
94 25
94 13
94 9
94 158
94 152
94 121
94 23
94 124
94 187
62 1
62 150
62 30
62 71
62 148
62 79
62 163
62 33
62 55
62 84
62 56
62 21
62 175
62 14
62 3
62 107
62 205
62 91
62 196
62 181
62 93
62 149
62 189
62 197
62 155
62 141
62 36
62 46
62 192
62 117
62 27
62 105
62 180
62 90
62 128
62 8
62 110
62 203
62 211
62 40
62 116
62 73
62 136
62 31
62 100
62 96
62 172
62 57
62 206
62 195
62 157
62 95
62 193
62 65
62 132
62 122
62 67
62 50
62 60
62 153
62 74
62 87
62 162
62 35
62 64
62 147
62 47
62 185
62 119
62 144
62 158
62 156
62 121
62 23
62 124
20 1
20 150
20 28
20 134
20 10
20 163
20 33
20 55
20 6
20 56
20 3
20 98
20 170
20 107
20 91
20 196
20 212
20 59
20 146
20 54
20 181
20 86
20 149
20 169
20 219
20 89
20 141
20 36
20 208
20 213
20 46
20 145
20 192
20 12
20 27
20 111
20 105
20 182
20 207
20 159
20 128
20 203
20 40
20 31
20 96
20 57
20 17
20 206
20 195
20 157
20 95
20 193
20 65
20 67
20 131
20 38
20 70
20 87
20 129
20 162
20 47
20 0
20 99
20 13
20 23
20 187
20 75
20 191
139 218
139 28
139 112
139 134
139 81
139 163
139 14
139 151
139 3
139 170
139 107
139 91
139 59
139 26
139 54
139 86
139 149
139 189
139 24
139 197
139 155
139 154
139 89
139 141
139 208
139 213
139 192
139 117
139 27
139 111
139 105
139 180
139 8
139 126
139 40
139 73
139 167
139 100
139 96
139 61
139 17
139 206
139 29
139 157
139 95
139 132
139 122
139 120
139 60
139 37
139 87
139 162
139 147
139 47
139 0
139 123
139 102
139 99
139 152
139 121
139 23
139 124
139 191
139 72
1 28
1 76
1 134
1 163
1 33
1 55
1 84
1 6
1 56
1 151
1 3
1 98
1 107
1 205
1 184
1 49
1 196
1 212
1 59
1 93
1 149
1 189
1 219
1 106
1 197
1 155
1 154
1 89
1 141
1 208
1 213
1 46
1 145
1 192
1 117
1 12
1 27
1 88
1 111
1 180
1 159
1 211
1 40
1 73
1 136
1 31
1 167
1 171
1 172
1 61
1 57
1 206
1 195
1 29
1 95
1 65
1 132
1 122
1 131
1 50
1 120
1 153
1 173
1 37
1 87
1 129
1 22
1 147
1 123
1 185
1 102
1 99
1 25
1 13
1 158
1 156
1 152
1 187
1 75
1 191
1 72
150 28
150 71
150 79
150 163
150 33
150 55
150 84
150 56
150 21
150 14
150 151
150 164
150 98
150 107
150 184
150 49
150 212
150 59
150 219
150 155
150 154
150 36
150 208
150 109
150 145
150 27
150 105
150 180
150 90
150 207
150 159
150 126
150 40
150 136
150 31
150 167
150 171
150 96
150 195
150 193
150 132
150 140
150 122
150 67
150 50
150 120
150 60
150 177
150 74
150 129
150 162
150 64
150 147
150 47
150 0
150 185
150 144
150 99
150 13
150 9
150 152
150 23
150 187
150 75
150 191
150 72
30 28
30 71
30 112
30 134
30 148
30 79
30 10
30 163
30 55
30 56
30 21
30 175
30 14
30 151
30 170
30 107
30 184
30 49
30 216
30 91
30 196
30 212
30 26
30 146
30 54
30 181
30 93
30 86
30 149
30 169
30 189
30 24
30 197
30 155
30 154
30 89
30 36
30 213
30 46
30 145
30 27
30 88
30 111
30 105
30 207
30 159
30 110
30 126
30 31
30 57
30 17
30 206
30 195
30 29
30 95
30 65
30 122
30 50
30 120
30 38
30 60
30 153
30 177
30 70
30 74
30 37
30 87
30 162
30 147
30 0
30 185
30 102
30 144
30 99
30 25
30 39
30 156
30 124
30 75
218 76
218 71
218 148
218 81
218 163
218 33
218 55
218 56
218 21
218 175
218 14
218 164
218 3
218 170
218 107
218 49
218 216
218 91
218 212
218 146
218 93
218 189
218 219
218 155
218 141
218 36
218 208
218 12
218 27
218 88
218 111
218 182
218 90
218 207
218 126
218 211
218 116
218 73
218 31
218 100
218 171
218 96
218 172
218 61
218 195
218 193
218 132
218 140
218 122
218 67
218 131
218 38
218 60
218 153
218 173
218 70
218 74
218 162
218 35
218 22
218 147
218 185
218 9
218 158
218 152
218 121
218 23
218 124
218 187
218 75
218 191
28 71
28 112
28 148
28 81
28 10
28 6
28 56
28 175
28 14
28 151
28 3
28 98
28 170
28 107
28 49
28 216
28 91
28 26
28 146
28 54
28 86
28 149
28 169
28 189
28 219
28 89
28 208
28 109
28 46
28 145
28 192
28 117
28 12
28 27
28 88
28 111
28 105
28 180
28 159
28 128
28 8
28 110
28 203
28 211
28 116
28 136
28 31
28 167
28 171
28 172
28 61
28 57
28 195
28 29
28 193
28 140
28 67
28 131
28 50
28 120
28 38
28 60
28 70
28 74
28 37
28 129
28 35
28 64
28 22
28 147
28 47
28 0
28 123
28 119
28 102
28 144
28 99
28 25
28 39
28 13
28 9
28 156
28 121
76 71
76 112
76 134
76 81
76 55
76 84
76 6
76 14
76 151
76 164
76 107
76 184
76 49
76 216
76 26
76 93
76 106
76 197
76 155
76 89
76 141
76 46
76 192
76 12
76 88
76 111
76 182
76 90
76 8
76 116
76 73
76 136
76 100
76 171
76 96
76 172
76 29
76 157
76 95
76 193
76 140
76 122
76 67
76 120
76 60
76 153
76 177
76 74
76 87
76 129
76 162
76 35
76 22
76 147
76 0
76 123
76 39
76 13
76 9
76 156
76 152
76 121
76 124
76 187
76 72
71 148
71 79
71 81
71 163
71 55
71 6
71 21
71 175
71 14
71 164
71 98
71 205
71 216
71 91
71 26
71 146
71 181
71 93
71 86
71 169
71 24
71 89
71 213
71 46
71 145
71 12
71 88
71 111
71 105
71 180
71 182
71 126
71 211
71 40
71 31
71 167
71 100
71 171
71 17
71 206
71 195
71 157
71 95
71 193
71 132
71 140
71 122
71 50
71 120
71 38
71 153
71 173
71 70
71 87
71 129
71 35
71 64
71 47
71 123
71 185
71 39
71 9
71 121
71 23
71 124
71 191
71 72
112 134
112 148
112 81
112 163
112 33
112 6
112 56
112 175
112 14
112 164
112 3
112 170
112 184
112 49
112 91
112 196
112 212
112 59
112 26
112 54
112 181
112 93
112 149
112 169
112 219
112 106
112 89
112 36
112 208
112 213
112 109
112 46
112 145
112 12
112 27
112 88
112 180
112 207
112 159
112 128
112 126
112 211
112 73
112 31
112 167
112 171
112 172
112 61
112 17
112 206
112 195
112 29
112 157
112 95
112 193
112 132
112 140
112 122
112 67
112 120
112 38
112 153
112 177
112 87
112 129
112 64
112 22
112 147
112 25
112 13
112 158
112 152
112 121
112 191
112 72
134 148
134 79
134 56
134 21
134 3
134 98
134 170
134 205
134 184
134 216
134 196
134 212
134 146
134 54
134 86
134 189
134 24
134 219
134 106
134 197
134 155
134 89
134 36
134 208
134 46
134 145
134 12
134 88
134 111
134 180
134 90
134 128
134 110
134 203
134 116
134 136
134 167
134 171
134 96
134 17
134 29
134 157
134 95
134 122
134 50
134 120
134 177
134 173
134 74
134 37
134 129
134 64
134 22
134 147
134 47
134 0
134 123
134 119
134 102
134 144
134 39
134 13
134 9
134 121
134 124
134 187
134 75
134 191
134 72
148 10
148 163
148 55
148 84
148 6
148 56
148 21
148 175
148 164
148 98
148 170
148 107
148 205
148 49
148 216
148 91
148 196
148 212
148 146
148 54
148 169
148 141
148 208
148 46
148 145
148 192
148 12
148 27
148 111
148 105
148 180
148 182
148 110
148 203
148 40
148 116
148 73
148 171
148 96
148 172
148 61
148 57
148 29
148 95
148 193
148 65
148 140
148 122
148 120
148 153
148 173
148 70
148 87
148 35
148 147
148 185
148 102
148 144
148 99
148 25
148 39
148 156
148 152
148 124
148 75
79 10
79 163
79 33
79 55
79 6
79 21
79 175
79 14
79 151
79 98
79 170
79 205
79 49
79 91
79 212
79 146
79 86
79 169
79 189
79 24
79 219
79 197
79 141
79 208
79 213
79 109
79 145
79 117
79 27
79 111
79 180
79 90
79 207
79 8
79 126
79 211
79 40
79 116
79 136
79 172
79 195
79 29
79 95
79 65
79 122
79 120
79 70
79 74
79 37
79 87
79 162
79 35
79 64
79 22
79 0
79 123
79 185
79 119
79 13
79 158
79 23
79 124
79 187
79 75
79 191
79 72
81 163
81 33
81 84
81 56
81 175
81 151
81 164
81 98
81 107
81 205
81 184
81 59
81 26
81 146
81 54
81 181
81 93
81 86
81 149
81 169
81 189
81 219
81 106
81 155
81 154
81 36
81 213
81 109
81 46
81 145
81 192
81 12
81 27
81 111
81 105
81 180
81 182
81 110
81 40
81 73
81 136
81 100
81 171
81 96
81 172
81 57
81 17
81 206
81 195
81 29
81 95
81 193
81 65
81 132
81 122
81 67
81 120
81 38
81 60
81 153
81 177
81 173
81 70
81 87
81 129
81 35
81 22
81 0
81 123
81 119
81 144
81 25
81 13
81 9
81 158
81 121
81 23
81 187
81 75
81 191
81 72
10 163
10 33
10 55
10 56
10 21
10 175
10 170
10 107
10 205
10 184
10 49
10 216
10 196
10 26
10 181
10 86
10 149
10 189
10 24
10 219
10 106
10 89
10 208
10 213
10 145
10 117
10 12
10 88
10 111
10 105
10 180
10 159
10 128
10 110
10 40
10 73
10 136
10 31
10 167
10 100
10 96
10 57
10 17
10 195
10 29
10 193
10 132
10 131
10 120
10 173
10 70
10 74
10 37
10 87
10 162
10 35
10 47
10 0
10 185
10 119
10 99
10 25
10 13
10 9
10 158
10 152
10 75
10 191
163 33
163 56
163 175
163 164
163 3
163 205
163 196
163 212
163 26
163 146
163 54
163 181
163 149
163 169
163 24
163 197
163 155
163 36
163 208
163 213
163 109
163 46
163 117
163 27
163 88
163 111
163 182
163 207
163 128
163 8
163 203
163 126
163 211
163 116
163 73
163 167
163 171
163 96
163 172
163 61
163 57
163 17
163 157
163 193
163 65
163 140
163 67
163 131
163 50
163 38
163 60
163 70
163 74
163 87
163 162
163 64
163 22
163 147
163 47
163 119
163 144
163 99
163 13
163 156
163 152
163 121
163 187
163 191
163 72
33 6
33 56
33 21
33 175
33 164
33 3
33 98
33 184
33 216
33 91
33 196
33 212
33 59
33 146
33 54
33 181
33 93
33 169
33 197
33 155
33 154
33 89
33 36
33 109
33 46
33 145
33 117
33 12
33 105
33 180
33 182
33 207
33 159
33 128
33 8
33 110
33 203
33 211
33 40
33 116
33 167
33 96
33 172
33 61
33 57
33 65
33 140
33 131
33 120
33 38
33 177
33 173
33 74
33 87
33 22
33 47
33 185
33 102
33 25
33 23
33 187
33 191
55 6
55 175
55 14
55 164
55 170
55 205
55 49
55 212
55 59
55 26
55 146
55 54
55 169
55 189
55 24
55 106
55 197
55 155
55 12
55 27
55 88
55 182
55 128
55 203
55 211
55 61
55 17
55 206
55 29
55 157
55 193
55 132
55 122
55 67
55 50
55 38
55 60
55 153
55 177
55 173
55 74
55 87
55 129
55 162
55 35
55 22
55 47
55 123
55 185
55 102
55 144
55 99
55 25
55 39
55 158
55 156
55 152
55 187
55 191
84 6
84 14
84 3
84 98
84 170
84 205
84 184
84 216
84 91
84 212
84 59
84 26
84 146
84 54
84 93
84 169
84 189
84 219
84 106
84 197
84 154
84 36
84 208
84 145
84 117
84 12
84 88
84 105
84 90
84 8
84 211
84 73
84 136
84 167
84 100
84 96
84 206
84 195
84 29
84 95
84 193
84 65
84 132
84 140
84 122
84 67
84 131
84 120
84 60
84 153
84 177
84 173
84 70
84 37
84 129
84 35
84 22
84 147
84 0
84 123
84 185
84 144
84 25
84 152
84 75
84 191
84 72
6 56
6 21
6 175
6 14
6 151
6 164
6 3
6 170
6 184
6 49
6 91
6 196
6 59
6 26
6 54
6 181
6 93
6 86
6 169
6 189
6 24
6 106
6 155
6 154
6 89
6 208
6 46
6 117
6 12
6 111
6 105
6 180
6 182
6 90
6 159
6 128
6 8
6 110
6 126
6 211
6 40
6 116
6 136
6 31
6 171
6 57
6 206
6 29
6 193
6 132
6 122
6 67
6 131
6 120
6 37
6 129
6 162
6 35
6 64
6 147
6 47
6 185
6 119
6 13
6 121
6 187
56 21
56 14
56 3
56 205
56 184
56 59
56 181
56 93
56 86
56 149
56 219
56 197
56 155
56 154
56 89
56 141
56 36
56 109
56 46
56 192
56 12
56 88
56 105
56 180
56 207
56 159
56 8
56 126
56 211
56 40
56 116
56 73
56 31
56 167
56 96
56 172
56 57
56 206
56 195
56 29
56 157
56 95
56 65
56 132
56 131
56 120
56 60
56 153
56 70
56 37
56 35
56 64
56 0
56 123
56 144
56 25
56 39
56 9
56 158
56 156
56 152
56 121
56 124
56 75
56 191
21 175
21 98
21 170
21 212
21 26
21 54
21 181
21 93
21 149
21 169
21 189
21 24
21 219
21 197
21 141
21 208
21 46
21 145
21 117
21 27
21 88
21 111
21 207
21 159
21 8
21 110
21 203
21 211
21 73
21 31
21 167
21 96
21 172
21 61
21 206
21 29
21 132
21 140
21 131
21 50
21 120
21 173
21 37
21 129
21 35
21 64
21 22
21 47
21 0
21 185
21 102
21 39
21 13
21 9
21 158
21 121
21 23
21 124
21 191
175 14
175 151
175 170
175 107
175 184
175 49
175 216
175 91
175 196
175 212
175 54
175 181
175 86
175 149
175 169
175 24
175 106
175 155
175 89
175 141
175 36
175 208
175 213
175 109
175 117
175 111
175 105
175 90
175 207
175 159
175 40
175 116
175 136
175 31
175 100
175 171
175 96
175 61
175 17
175 195
175 157
175 65
175 140
175 67
175 120
175 38
175 173
175 70
175 74
175 129
175 162
175 22
175 47
175 0
175 123
175 144
175 25
175 39
175 13
175 156
175 152
175 121
175 187
175 191
175 72
14 98
14 107
14 205
14 49
14 216
14 59
14 26
14 146
14 86
14 169
14 219
14 106
14 197
14 155
14 141
14 213
14 192
14 12
14 27
14 88
14 180
14 207
14 8
14 116
14 73
14 136
14 31
14 167
14 100
14 171
14 17
14 206
14 195
14 95
14 65
14 140
14 67
14 153
14 70
14 74
14 37
14 87
14 162
14 35
14 22
14 102
14 99
14 13
14 9
14 158
14 121
14 23
14 124
14 187
14 191
151 164
151 3
151 205
151 184
151 212
151 146
151 181
151 93
151 149
151 169
151 24
151 219
151 106
151 155
151 141
151 36
151 213
151 145
151 192
151 12
151 27
151 88
151 105
151 180
151 182
151 90
151 207
151 159
151 128
151 110
151 126
151 211
151 73
151 100
151 171
151 96
151 172
151 57
151 17
151 206
151 195
151 29
151 157
151 193
151 132
151 140
151 122
151 67
151 131
151 38
151 60
151 177
151 74
151 37
151 129
151 35
151 64
151 147
151 47
151 119
151 102
151 13
151 9
151 158
151 156
151 124
151 72
164 3
164 170
164 184
164 49
164 216
164 212
164 59
164 26
164 146
164 93
164 189
164 24
164 219
164 89
164 141
164 109
164 145
164 117
164 12
164 27
164 111
164 105
164 182
164 207
164 8
164 110
164 126
164 211
164 73
164 136
164 31
164 167
164 100
164 96
164 206
164 195
164 65
164 132
164 140
164 50
164 177
164 173
164 70
164 129
164 162
164 35
164 147
164 47
164 0
164 123
164 144
164 25
164 13
164 9
164 152
164 23
164 124
164 187
164 75
3 91
3 196
3 212
3 59
3 146
3 181
3 93
3 86
3 149
3 169
3 24
3 219
3 197
3 154
3 36
3 213
3 145
3 12
3 27
3 105
3 182
3 207
3 128
3 203
3 40
3 116
3 136
3 100
3 96
3 172
3 61
3 57
3 17
3 206
3 157
3 95
3 132
3 122
3 67
3 120
3 38
3 60
3 173
3 70
3 74
3 162
3 22
3 147
3 0
3 123
3 185
3 119
3 102
3 144
3 99
3 9
3 152
3 124
3 191
3 72
98 107
98 205
98 184
98 212
98 59
98 146
98 181
98 93
98 86
98 149
98 169
98 189
98 219
98 106
98 197
98 155
98 154
98 89
98 141
98 36
98 213
98 117
98 12
98 180
98 159
98 128
98 8
98 110
98 211
98 40
98 31
98 167
98 96
98 206
98 195
98 29
98 95
98 65
98 132
98 140
98 122
98 131
98 120
98 60
98 177
98 37
98 87
98 129
98 162
98 35
98 22
98 147
98 47
98 0
98 123
98 185
98 119
98 25
98 13
98 9
98 158
98 156
98 152
98 121
98 23
98 124
98 187
98 75
98 191
98 72
170 107
170 184
170 49
170 216
170 212
170 59
170 26
170 146
170 181
170 93
170 149
170 169
170 189
170 24
170 106
170 197
170 154
170 36
170 208
170 213
170 27
170 88
170 111
170 182
170 90
170 159
170 128
170 110
170 203
170 126
170 211
170 116
170 73
170 167
170 100
170 96
170 172
170 57
170 206
170 65
170 132
170 120
170 74
170 87
170 35
170 64
170 22
170 147
170 185
170 102
170 144
170 9
170 121
170 23
170 187
170 72
107 205
107 184
107 49
107 216
107 91
107 26
107 146
107 54
107 181
107 93
107 86
107 24
107 219
107 106
107 155
107 154
107 89
107 36
107 213
107 192
107 27
107 111
107 180
107 182
107 90
107 207
107 128
107 8
107 126
107 211
107 116
107 73
107 136
107 167
107 171
107 96
107 172
107 61
107 206
107 195
107 29
107 157
107 132
107 140
107 122
107 50
107 60
107 153
107 177
107 70
107 74
107 37
107 87
107 64
107 147
107 123
107 185
107 102
107 99
107 13
107 158
107 187
107 72
205 184
205 216
205 91
205 59
205 26
205 54
205 93
205 189
205 24
205 219
205 155
205 141
205 208
205 213
205 109
205 145
205 192
205 117
205 111
205 105
205 180
205 128
205 8
205 211
205 116
205 31
205 167
205 100
205 171
205 96
205 172
205 61
205 17
205 195
205 157
205 95
205 193
205 65
205 140
205 67
205 131
205 50
205 120
205 38
205 60
205 173
205 70
205 74
205 87
205 129
205 162
205 64
205 147
205 119
205 102
205 144
205 39
205 9
205 158
205 156
205 152
205 187
205 75
184 49
184 216
184 59
184 26
184 146
184 54
184 93
184 86
184 169
184 24
184 106
184 36
184 213
184 145
184 180
184 182
184 90
184 8
184 126
184 116
184 73
184 136
184 171
184 195
184 95
184 65
184 67
184 60
184 177
184 37
184 87
184 129
184 162
184 35
184 185
184 119
184 102
184 99
184 25
184 9
184 158
184 72
49 196
49 212
49 26
49 54
49 181
49 149
49 169
49 24
49 219
49 89
49 36
49 208
49 213
49 109
49 145
49 117
49 12
49 180
49 207
49 159
49 128
49 8
49 110
49 203
49 126
49 211
49 136
49 31
49 96
49 61
49 17
49 65
49 140
49 122
49 67
49 131
49 38
49 153
49 177
49 70
49 64
49 123
49 119
49 144
49 99
49 25
49 39
49 158
49 156
49 121
49 23
49 124
49 187
49 191
49 72
216 212
216 59
216 26
216 181
216 93
216 86
216 189
216 106
216 141
216 208
216 192
216 117
216 12
216 88
216 105
216 182
216 90
216 207
216 8
216 110
216 203
216 126
216 211
216 116
216 31
216 172
216 61
216 57
216 65
216 122
216 67
216 131
216 120
216 38
216 60
216 177
216 173
216 70
216 37
216 129
216 64
216 22
216 144
216 99
216 13
216 156
216 152
216 23
216 124
216 187
216 75
216 191
91 26
91 54
91 181
91 93
91 169
91 154
91 141
91 36
91 208
91 109
91 46
91 12
91 27
91 111
91 105
91 180
91 182
91 90
91 110
91 211
91 40
91 31
91 100
91 96
91 172
91 57
91 195
91 29
91 157
91 65
91 132
91 140
91 122
91 67
91 131
91 120
91 177
91 74
91 162
91 64
91 147
91 47
91 123
91 185
91 99
91 25
91 39
91 9
91 156
91 121
91 187
91 72
196 212
196 54
196 169
196 189
196 197
196 89
196 208
196 46
196 192
196 117
196 12
196 27
196 105
196 182
196 90
196 207
196 159
196 203
196 126
196 40
196 136
196 31
196 167
196 100
196 171
196 96
196 172
196 61
196 206
196 195
196 29
196 65
196 50
196 70
196 74
196 37
196 87
196 64
196 0
196 123
196 185
196 119
196 99
196 25
196 39
196 13
196 158
196 156
196 121
196 23
196 124
196 187
196 75
196 72
212 26
212 54
212 181
212 169
212 189
212 197
212 155
212 154
212 89
212 141
212 208
212 213
212 109
212 46
212 145
212 192
212 12
212 88
212 105
212 180
212 159
212 128
212 110
212 126
212 211
212 40
212 116
212 31
212 61
212 17
212 29
212 65
212 50
212 120
212 38
212 153
212 177
212 173
212 70
212 37
212 129
212 35
212 64
212 22
212 147
212 123
212 102
212 99
212 13
212 158
212 156
212 152
212 23
212 124
212 187
212 75
212 72
59 146
59 86
59 149
59 24
59 219
59 106
59 155
59 154
59 141
59 36
59 208
59 213
59 109
59 46
59 88
59 111
59 105
59 180
59 182
59 90
59 128
59 110
59 203
59 126
59 40
59 116
59 136
59 31
59 171
59 96
59 17
59 195
59 29
59 193
59 131
59 38
59 60
59 153
59 177
59 70
59 37
59 162
59 35
59 64
59 47
59 0
59 185
59 119
59 102
59 144
59 39
59 9
59 152
59 121
59 124
59 75
59 191
26 54
26 181
26 93
26 86
26 189
26 24
26 106
26 155
26 154
26 109
26 46
26 145
26 192
26 27
26 88
26 111
26 105
26 182
26 8
26 126
26 211
26 167
26 100
26 61
26 195
26 29
26 95
26 193
26 65
26 140
26 50
26 38
26 60
26 173
26 70
26 129
26 162
26 147
26 47
26 123
26 102
26 25
26 39
26 13
26 9
26 158
26 152
26 75
26 191
146 86
146 149
146 169
146 24
146 219
146 106
146 197
146 154
146 141
146 208
146 192
146 117
146 12
146 111
146 180
146 182
146 90
146 207
146 128
146 8
146 126
146 40
146 73
146 31
146 172
146 61
146 206
146 195
146 95
146 193
146 131
146 38
146 60
146 177
146 129
146 162
146 22
146 47
146 123
146 185
146 119
146 99
146 25
146 152
146 121
146 75
54 86
54 149
54 106
54 197
54 154
54 36
54 208
54 213
54 109
54 145
54 12
54 182
54 90
54 110
54 203
54 73
54 136
54 100
54 171
54 172
54 17
54 206
54 195
54 157
54 95
54 132
54 67
54 50
54 177
54 173
54 37
54 129
54 35
54 64
54 22
54 147
54 47
54 123
54 185
54 119
54 144
54 99
54 25
54 39
54 13
54 9
54 158
54 121
54 23
54 124
54 187
54 75
181 93
181 149
181 197
181 155
181 154
181 89
181 36
181 213
181 46
181 117
181 12
181 105
181 180
181 182
181 90
181 207
181 8
181 110
181 211
181 73
181 136
181 31
181 171
181 172
181 17
181 29
181 157
181 95
181 132
181 122
181 67
181 131
181 38
181 177
181 173
181 64
181 22
181 147
181 0
181 123
181 119
181 25
181 39
181 13
181 9
181 156
181 152
181 121
181 124
181 187
181 75
181 72
93 24
93 141
93 213
93 46
93 117
93 12
93 27
93 111
93 105
93 180
93 90
93 128
93 110
93 203
93 126
93 116
93 73
93 136
93 31
93 167
93 171
93 172
93 61
93 57
93 206
93 95
93 132
93 140
93 122
93 67
93 50
93 120
93 38
93 60
93 177
93 70
93 37
93 87
93 147
93 0
93 123
93 185
93 9
93 156
93 152
93 121
93 23
93 124
93 187
86 149
86 24
86 219
86 197
86 155
86 141
86 208
86 109
86 145
86 192
86 12
86 111
86 180
86 207
86 159
86 8
86 116
86 73
86 136
86 31
86 167
86 171
86 96
86 172
86 206
86 29
86 157
86 95
86 193
86 140
86 50
86 120
86 153
86 173
86 74
86 87
86 129
86 35
86 22
86 123
86 185
86 119
86 9
86 152
86 121
86 23
86 75
86 72
149 169
149 189
149 24
149 219
149 106
149 197
149 155
149 154
149 141
149 36
149 208
149 109
149 145
149 117
149 12
149 111
149 105
149 90
149 207
149 128
149 8
149 203
149 126
149 211
149 116
149 136
149 31
149 100
149 171
149 96
149 172
149 61
149 195
149 29
149 132
149 122
149 131
149 38
149 60
149 153
149 87
149 162
149 64
149 47
149 0
149 123
149 144
149 39
149 156
149 152
149 121
149 187
149 75
169 219
169 106
169 89
169 208
169 109
169 46
169 145
169 12
169 88
169 105
169 180
169 182
169 90
169 159
169 110
169 203
169 126
169 211
169 40
169 116
169 167
169 172
169 57
169 17
169 206
169 95
169 193
169 132
169 67
169 50
169 177
169 173
169 74
169 37
169 87
169 129
169 162
169 64
169 22
169 147
169 123
169 119
169 144
169 99
169 9
169 158
169 121
169 187
169 75
189 24
189 106
189 154
189 89
189 36
189 213
189 117
189 12
189 88
189 111
189 105
189 182
189 90
189 207
189 159
189 110
189 203
189 126
189 40
189 73
189 136
189 31
189 167
189 172
189 206
189 195
189 157
189 132
189 122
189 67
189 131
189 120
189 38
189 60
189 177
189 173
189 70
189 74
189 37
189 64
189 47
189 185
189 119
189 144
189 99
189 25
189 158
189 156
189 152
189 75
189 191
24 219
24 154
24 89
24 36
24 208
24 213
24 145
24 192
24 12
24 27
24 88
24 105
24 180
24 207
24 126
24 211
24 40
24 136
24 167
24 172
24 57
24 29
24 157
24 95
24 131
24 120
24 38
24 153
24 177
24 70
24 74
24 129
24 162
24 35
24 147
24 47
24 0
24 185
24 119
24 102
24 144
24 25
24 158
24 121
24 23
24 124
24 75
24 191
219 106
219 89
219 141
219 213
219 109
219 46
219 192
219 27
219 111
219 105
219 182
219 207
219 159
219 128
219 8
219 116
219 167
219 100
219 171
219 57
219 17
219 195
219 29
219 157
219 193
219 132
219 122
219 131
219 50
219 38
219 60
219 37
219 129
219 35
219 22
219 147
219 185
219 119
219 144
219 25
219 13
219 158
219 156
219 121
219 187
106 141
106 208
106 213
106 145
106 27
106 88
106 111
106 180
106 128
106 8
106 110
106 211
106 116
106 73
106 136
106 167
106 100
106 171
106 172
106 206
106 29
106 95
106 193
106 132
106 140
106 67
106 131
106 38
106 60
106 177
106 173
106 37
106 87
106 35
106 64
106 22
106 147
106 47
106 25
106 13
106 158
106 75
106 191
106 72
197 154
197 89
197 36
197 208
197 46
197 192
197 12
197 27
197 111
197 180
197 182
197 90
197 207
197 159
197 126
197 136
197 167
197 96
197 172
197 57
197 17
197 195
197 157
197 193
197 132
197 140
197 122
197 67
197 50
197 120
197 60
197 153
197 173
197 70
197 37
197 87
197 64
197 22
197 47
197 0
197 123
197 119
197 144
197 99
197 25
197 9
197 156
197 121
197 23
197 124
197 187
197 75
197 72
155 89
155 208
155 213
155 109
155 117
155 12
155 88
155 111
155 105
155 180
155 207
155 110
155 211
155 116
155 73
155 167
155 171
155 96
155 195
155 29
155 157
155 95
155 193
155 132
155 122
155 131
155 50
155 120
155 153
155 173
155 37
155 22
155 47
155 0
155 185
155 119
155 102
155 99
155 25
155 13
155 9
155 156
155 121
155 187
155 75
154 141
154 36
154 208
154 213
154 109
154 145
154 192
154 117
154 27
154 180
154 182
154 207
154 159
154 128
154 8
154 126
154 40
154 116
154 73
154 172
154 61
154 195
154 29
154 157
154 95
154 65
154 67
154 131
154 50
154 120
154 38
154 60
154 173
154 74
154 37
154 87
154 129
154 47
154 0
154 119
154 144
154 99
154 25
154 39
154 9
154 156
154 121
89 141
89 36
89 145
89 117
89 12
89 88
89 180
89 182
89 90
89 207
89 159
89 203
89 211
89 116
89 167
89 171
89 96
89 172
89 17
89 195
89 29
89 95
89 65
89 140
89 122
89 67
89 38
89 60
89 173
89 37
89 87
89 162
89 35
89 22
89 147
89 0
89 123
89 99
89 39
89 13
89 152
89 23
89 191
89 72
141 36
141 208
141 213
141 46
141 145
141 192
141 117
141 12
141 88
141 111
141 105
141 180
141 182
141 203
141 126
141 211
141 116
141 73
141 136
141 31
141 96
141 172
141 61
141 206
141 195
141 157
141 132
141 140
141 122
141 67
141 131
141 50
141 38
141 162
141 35
141 22
141 147
141 0
141 144
141 39
141 156
141 152
141 187
141 75
141 191
141 72
36 213
36 109
36 46
36 192
36 117
36 27
36 88
36 111
36 180
36 182
36 90
36 207
36 159
36 128
36 203
36 40
36 73
36 171
36 57
36 17
36 29
36 65
36 132
36 122
36 67
36 120
36 153
36 177
36 173
36 74
36 37
36 87
36 47
36 0
36 123
36 185
36 144
36 99
36 25
36 9
36 158
36 156
36 152
36 121
36 124
36 187
36 75
36 191
208 46
208 145
208 12
208 27
208 180
208 90
208 207
208 159
208 8
208 126
208 211
208 40
208 116
208 136
208 167
208 171
208 172
208 61
208 17
208 206
208 95
208 193
208 65
208 177
208 173
208 74
208 37
208 87
208 129
208 35
208 185
208 119
208 25
208 39
208 13
208 152
208 23
208 124
208 187
208 75
208 191
213 109
213 46
213 117
213 12
213 27
213 88
213 111
213 180
213 207
213 128
213 110
213 126
213 211
213 73
213 31
213 167
213 171
213 96
213 172
213 57
213 206
213 195
213 29
213 157
213 65
213 132
213 140
213 122
213 67
213 50
213 120
213 37
213 162
213 35
213 147
213 47
213 0
213 25
213 158
213 152
213 121
213 23
213 75
213 191
213 72
109 105
109 182
109 90
109 207
109 110
109 203
109 126
109 73
109 171
109 96
109 172
109 61
109 57
109 206
109 195
109 95
109 193
109 65
109 131
109 50
109 120
109 38
109 60
109 153
109 173
109 74
109 162
109 35
109 22
109 147
109 0
109 185
109 119
109 25
109 13
109 152
109 121
46 192
46 88
46 111
46 180
46 182
46 8
46 110
46 203
46 211
46 40
46 136
46 167
46 171
46 96
46 17
46 206
46 29
46 65
46 140
46 67
46 131
46 120
46 38
46 60
46 153
46 70
46 37
46 129
46 162
46 64
46 0
46 123
46 185
46 119
46 102
46 39
46 13
46 156
46 23
46 124
46 187
46 75
46 72
145 117
145 111
145 105
145 180
145 90
145 128
145 8
145 110
145 203
145 126
145 211
145 116
145 136
145 31
145 167
145 100
145 171
145 96
145 172
145 61
145 17
145 195
145 157
145 95
145 193
145 140
145 122
145 131
145 60
145 153
145 173
145 70
145 74
145 37
145 87
145 35
145 64
145 22
145 147
145 123
145 119
145 144
145 99
145 25
145 39
145 158
145 75
192 117
192 12
192 27
192 88
192 111
192 90
192 207
192 159
192 128
192 110
192 126
192 211
192 136
192 57
192 17
192 206
192 195
192 29
192 157
192 140
192 122
192 131
192 38
192 173
192 74
192 129
192 35
192 22
192 147
192 47
192 123
192 185
192 119
192 144
192 99
192 25
192 39
192 13
192 158
192 156
192 152
192 187
192 75
117 27
117 88
117 111
117 105
117 207
117 159
117 128
117 110
117 203
117 126
117 211
117 116
117 136
117 100
117 96
117 172
117 206
117 195
117 157
117 193
117 65
117 67
117 38
117 60
117 70
117 74
117 129
117 64
117 0
117 123
117 185
117 102
117 25
117 9
117 158
117 156
117 152
117 23
117 75
12 88
12 105
12 180
12 90
12 128
12 8
12 110
12 203
12 126
12 40
12 116
12 73
12 136
12 31
12 167
12 100
12 171
12 96
12 172
12 17
12 206
12 157
12 95
12 193
12 132
12 140
12 120
12 60
12 173
12 70
12 74
12 37
12 162
12 64
12 22
12 0
12 119
12 99
12 25
12 158
12 156
12 23
12 187
12 191
27 88
27 111
27 182
27 207
27 159
27 128
27 8
27 126
27 116
27 167
27 100
27 171
27 96
27 17
27 95
27 193
27 140
27 122
27 50
27 38
27 153
27 177
27 173
27 74
27 37
27 129
27 162
27 22
27 147
27 102
27 144
27 99
27 25
27 39
27 13
27 156
27 152
27 124
27 75
27 72
88 111
88 180
88 182
88 207
88 128
88 110
88 203
88 211
88 116
88 171
88 61
88 57
88 17
88 206
88 195
88 29
88 95
88 193
88 65
88 122
88 67
88 131
88 50
88 120
88 60
88 153
88 70
88 37
88 87
88 162
88 64
88 22
88 147
88 0
88 123
88 99
88 25
88 39
88 9
88 156
88 152
88 23
88 124
88 191
111 182
111 207
111 159
111 8
111 110
111 203
111 40
111 116
111 73
111 31
111 167
111 171
111 172
111 61
111 17
111 206
111 195
111 29
111 65
111 132
111 131
111 50
111 38
111 153
111 74
111 37
111 87
111 129
111 64
111 22
111 123
111 185
111 102
111 144
111 99
111 25
111 158
111 156
111 121
111 191
111 72
105 207
105 128
105 110
105 211
105 73
105 136
105 100
105 96
105 172
105 57
105 17
105 206
105 195
105 95
105 140
105 131
105 120
105 38
105 60
105 153
105 177
105 70
105 37
105 129
105 64
105 147
105 47
105 0
105 185
105 119
105 99
105 39
105 156
105 75
105 191
180 90
180 110
180 40
180 116
180 136
180 31
180 100
180 96
180 172
180 61
180 206
180 29
180 193
180 65
180 140
180 122
180 67
180 131
180 50
180 153
180 37
180 129
180 162
180 35
180 147
180 47
180 123
180 185
180 144
180 99
180 25
180 39
180 13
180 156
180 152
180 23
180 187
180 75
180 191
182 207
182 110
182 203
182 126
182 211
182 73
182 136
182 167
182 100
182 96
182 172
182 17
182 206
182 195
182 193
182 65
182 132
182 140
182 131
182 173
182 74
182 87
182 35
182 64
182 22
182 47
182 123
182 144
182 39
182 158
182 156
182 152
182 23
182 187
182 191
182 72
90 8
90 110
90 126
90 211
90 40
90 73
90 31
90 167
90 100
90 171
90 61
90 206
90 195
90 29
90 157
90 140
90 67
90 50
90 153
90 177
90 173
90 37
90 162
90 35
90 64
90 22
90 147
90 47
90 0
90 123
90 102
90 144
90 39
90 13
90 9
90 158
90 152
90 121
90 187
90 75
207 128
207 110
207 126
207 211
207 40
207 116
207 167
207 100
207 171
207 96
207 172
207 57
207 17
207 195
207 29
207 157
207 95
207 193
207 65
207 140
207 67
207 131
207 153
207 177
207 74
207 37
207 129
207 35
207 22
207 47
207 0
207 185
207 119
207 144
207 39
207 13
207 156
207 121
207 187
207 75
159 128
159 8
159 203
159 211
159 40
159 73
159 167
159 100
159 171
159 61
159 157
159 95
159 193
159 140
159 67
159 131
159 50
159 120
159 60
159 70
159 74
159 37
159 87
159 162
159 35
159 64
159 123
159 25
159 13
159 9
159 158
159 156
159 121
159 23
159 187
128 110
128 203
128 40
128 167
128 172
128 17
128 29
128 157
128 132
128 131
128 50
128 38
128 60
128 74
128 37
128 129
128 35
128 64
128 147
128 47
128 102
128 144
128 99
128 9
128 156
128 152
128 23
128 124
128 75
8 203
8 211
8 136
8 31
8 171
8 57
8 17
8 206
8 195
8 29
8 157
8 193
8 140
8 60
8 177
8 173
8 162
8 35
8 47
8 185
8 119
8 144
8 99
8 25
8 39
8 13
8 156
8 152
8 75
8 191
110 203
110 40
110 116
110 73
110 136
110 31
110 171
110 96
110 57
110 17
110 206
110 195
110 157
110 95
110 65
110 122
110 67
110 60
110 153
110 37
110 87
110 129
110 64
110 22
110 0
110 102
110 99
110 39
110 9
110 156
110 152
110 121
110 23
110 124
110 187
110 75
110 72
203 126
203 40
203 136
203 31
203 171
203 172
203 61
203 206
203 95
203 132
203 122
203 131
203 50
203 38
203 60
203 173
203 87
203 162
203 147
203 123
203 119
203 39
203 13
203 121
203 124
203 191
203 72
126 116
126 31
126 100
126 171
126 96
126 61
126 17
126 206
126 195
126 95
126 140
126 131
126 38
126 153
126 177
126 173
126 70
126 37
126 87
126 22
126 147
126 47
126 0
126 123
126 102
126 99
126 13
126 158
126 121
126 187
126 75
126 191
211 116
211 100
211 172
211 57
211 157
211 95
211 193
211 65
211 140
211 67
211 131
211 120
211 60
211 153
211 177
211 70
211 74
211 87
211 35
211 64
211 185
211 25
211 39
211 121
211 124
211 72
40 116
40 136
40 31
40 171
40 96
40 172
40 61
40 29
40 157
40 193
40 65
40 50
40 38
40 153
40 177
40 87
40 162
40 35
40 22
40 0
40 119
40 144
40 25
40 13
40 156
40 152
40 121
40 23
40 75
40 72
116 31
116 167
116 100
116 96
116 172
116 17
116 206
116 29
116 193
116 65
116 132
116 140
116 120
116 38
116 60
116 177
116 87
116 162
116 64
116 22
116 147
116 123
116 185
116 119
116 144
116 25
116 39
116 9
116 156
116 152
116 124
116 187
116 75
116 191
116 72
73 171
73 172
73 206
73 195
73 29
73 131
73 120
73 60
73 153
73 173
73 74
73 87
73 129
73 35
73 64
73 22
73 47
73 0
73 123
73 185
73 102
73 99
73 39
73 9
73 158
73 156
73 75
136 31
136 167
136 96
136 172
136 17
136 95
136 132
136 140
136 122
136 67
136 131
136 153
136 177
136 74
136 129
136 162
136 64
136 147
136 47
136 123
136 185
136 119
136 102
136 99
136 39
136 158
136 124
136 75
136 191
31 167
31 171
31 17
31 157
31 193
31 131
31 50
31 120
31 38
31 153
31 129
31 64
31 22
31 119
31 102
31 99
31 9
31 156
31 23
31 75
31 191
31 72
167 171
167 57
167 206
167 195
167 157
167 95
167 193
167 65
167 132
167 131
167 60
167 177
167 74
167 87
167 22
167 0
167 123
167 185
167 144
167 99
167 25
167 158
167 156
167 121
167 124
167 187
100 171
100 57
100 29
100 157
100 193
100 132
100 140
100 38
100 177
100 173
100 70
100 37
100 129
100 162
100 64
100 147
100 123
100 185
100 119
100 102
100 144
100 99
100 25
100 13
100 23
100 187
100 191
100 72
171 57
171 17
171 206
171 157
171 95
171 132
171 67
171 131
171 50
171 120
171 60
171 153
171 177
171 173
171 74
171 37
171 129
171 162
171 35
171 147
171 119
171 25
171 13
171 9
171 158
171 156
171 152
171 124
171 72
96 61
96 57
96 17
96 206
96 195
96 157
96 65
96 67
96 173
96 70
96 37
96 35
96 22
96 147
96 47
96 0
96 144
96 25
96 39
96 13
96 158
96 23
96 191
172 61
172 65
172 132
172 140
172 122
172 67
172 131
172 50
172 38
172 153
172 177
172 74
172 87
172 129
172 162
172 35
172 22
172 147
172 0
172 99
172 25
172 39
172 13
172 9
172 158
172 152
172 121
172 124
61 17
61 195
61 95
61 193
61 65
61 132
61 131
61 50
61 153
61 173
61 70
61 87
61 162
61 35
61 64
61 22
61 47
61 123
61 119
61 102
61 144
61 99
61 25
61 39
61 9
61 158
61 156
61 23
61 187
61 75
61 72
57 17
57 195
57 29
57 95
57 65
57 132
57 140
57 131
57 173
57 70
57 123
57 144
57 99
57 152
57 121
57 23
57 124
57 187
57 75
57 191
17 29
17 95
17 193
17 65
17 132
17 122
17 67
17 50
17 120
17 38
17 60
17 74
17 37
17 129
17 35
17 64
17 22
17 147
17 47
17 119
17 13
17 156
17 152
17 124
17 187
17 191
206 195
206 29
206 65
206 140
206 70
206 37
206 87
206 64
206 147
206 47
206 0
206 123
206 144
206 99
206 39
206 23
206 187
206 75
206 191
206 72
195 29
195 157
195 95
195 193
195 131
195 50
195 120
195 173
195 70
195 74
195 87
195 129
195 35
195 64
195 47
195 0
195 123
195 185
195 119
195 102
195 144
195 99
195 39
195 13
195 158
195 156
195 152
195 23
195 187
195 72
29 157
29 95
29 193
29 65
29 122
29 67
29 131
29 38
29 173
29 37
29 87
29 129
29 22
29 147
29 47
29 144
29 25
29 39
29 9
29 152
29 23
29 75
29 191
157 95
157 193
157 132
157 140
157 153
157 177
157 173
157 129
157 162
157 35
157 22
157 47
157 123
157 102
157 144
157 13
157 156
157 152
157 23
157 124
157 187
157 75
157 191
157 72
95 193
95 65
95 140
95 122
95 131
95 50
95 120
95 60
95 153
95 173
95 87
95 35
95 22
95 147
95 123
95 119
95 25
95 13
95 75
193 132
193 122
193 67
193 131
193 50
193 120
193 38
193 177
193 70
193 74
193 37
193 87
193 129
193 35
193 64
193 147
193 102
193 144
193 25
193 39
193 156
193 121
193 75
193 191
193 72
65 132
65 122
65 67
65 50
65 120
65 153
65 177
65 37
65 87
65 129
65 64
65 185
65 99
65 25
65 39
65 13
65 9
65 158
65 156
65 121
65 72
132 67
132 131
132 50
132 120
132 177
132 173
132 74
132 87
132 35
132 64
132 47
132 102
132 144
132 99
132 25
132 39
132 13
132 158
132 156
132 75
132 191
132 72
140 122
140 67
140 50
140 38
140 153
140 177
140 173
140 70
140 74
140 37
140 87
140 162
140 35
140 64
140 47
140 123
140 102
140 25
140 39
140 152
140 187
140 75
140 72
122 120
122 177
122 173
122 87
122 129
122 162
122 35
122 64
122 47
122 144
122 25
122 13
122 158
122 121
122 75
122 191
67 131
67 50
67 120
67 38
67 60
67 153
67 70
67 87
67 129
67 162
67 35
67 22
67 147
67 47
67 0
67 123
67 185
67 119
67 102
67 25
67 158
67 156
67 121
67 23
67 124
67 75
67 72
131 38
131 70
131 37
131 162
131 35
131 22
131 47
131 0
131 119
131 25
131 158
131 156
131 23
50 120
50 153
50 70
50 87
50 22
50 102
50 25
50 156
50 121
50 23
50 124
50 191
120 38
120 60
120 177
120 74
120 64
120 147
120 119
120 102
120 99
120 39
120 13
120 158
120 156
120 121
120 23
120 191
38 60
38 153
38 70
38 87
38 162
38 35
38 22
38 147
38 47
38 185
38 102
38 144
38 25
38 13
38 152
38 121
38 23
38 124
60 74
60 129
60 64
60 22
60 147
60 47
60 0
60 123
60 185
60 144
60 39
60 9
60 156
60 152
60 121
60 124
60 191
153 177
153 74
153 87
153 129
153 35
153 64
153 22
153 47
153 185
153 102
153 144
153 25
153 39
153 13
153 152
153 121
153 124
153 187
153 75
153 191
153 72
177 173
177 70
177 74
177 37
177 87
177 129
177 22
177 47
177 185
177 119
177 102
177 144
177 25
177 39
177 121
177 23
177 75
177 191
177 72
173 87
173 129
173 64
173 22
173 147
173 47
173 0
173 123
173 119
173 102
173 144
173 99
173 39
173 13
173 158
173 152
173 121
173 187
173 72
70 37
70 162
70 35
70 147
70 47
70 123
70 144
70 25
70 39
70 13
70 158
70 152
70 121
70 23
70 187
70 191
70 72
74 37
74 87
74 64
74 22
74 0
74 185
74 25
74 39
74 13
74 156
74 152
74 121
74 23
74 124
74 187
74 191
74 72
37 162
37 35
37 64
37 22
37 147
37 0
37 185
37 144
37 25
37 13
37 9
37 158
37 156
37 152
37 121
37 23
37 124
37 75
37 191
37 72
87 162
87 35
87 22
87 147
87 47
87 0
87 123
87 119
87 102
87 39
87 9
87 187
87 75
87 191
87 72
129 162
129 64
129 147
129 119
129 99
129 25
129 39
129 9
129 158
129 187
129 191
129 72
162 22
162 47
162 123
162 144
162 39
162 13
162 158
162 156
162 152
162 121
162 23
162 75
162 191
35 64
35 22
35 147
35 47
35 119
35 144
35 39
35 13
35 158
35 152
35 121
35 23
35 124
35 187
35 75
35 72
64 147
64 185
64 144
64 99
64 25
64 39
64 158
64 156
64 121
64 187
64 191
22 147
22 47
22 0
22 123
22 119
22 102
22 9
22 158
22 156
22 23
22 191
22 72
147 123
147 119
147 25
147 158
147 23
147 187
147 75
147 191
147 72
47 119
47 102
47 99
47 39
47 156
47 152
47 121
47 187
47 75
0 185
0 119
0 102
0 99
0 158
0 152
0 23
0 124
0 187
0 75
123 99
123 152
123 121
123 187
123 191
123 72
185 119
185 25
185 39
185 13
185 9
185 156
185 23
185 72
119 25
119 39
119 13
119 9
119 158
119 156
119 152
119 121
119 75
119 191
102 99
102 25
102 13
102 158
102 152
102 23
102 187
102 75
144 99
144 25
144 39
144 13
144 9
144 152
144 23
144 124
144 191
99 39
99 13
99 121
99 23
99 124
99 191
99 72
25 39
25 9
25 158
25 152
25 23
25 75
25 191
25 72
39 13
39 156
39 121
39 75
13 9
13 121
13 124
13 187
13 72
9 156
9 121
9 75
9 191
9 72
158 156
158 152
158 23
156 152
156 121
156 124
152 121
152 124
152 187
152 75
152 72
121 187
121 75
23 72
124 75
124 191
187 75
187 191
187 72
75 191
75 72
