*verties 207
58
80
48
95
1
162
145
143
146
105
99
218
85
0
24
53
219
130
70
135
71
112
78
199
209
60
72
202
144
181
92
8
6
161
89
153
193
131
86
84
194
56
32
22
61
174
167
65
82
111
117
197
63
195
7
164
157
104
36
37
41
26
206
173
171
200
73
121
49
142
96
151
3
156
154
28
98
172
38
2
196
205
110
10
33
45
178
42
115
124
93
107
13
201
184
141
17
203
208
55
187
182
165
183
126
90
47
132
74
64
180
120
122
94
138
20
119
31
9
79
34
116
43
192
97
189
140
35
163
21
91
40
76
52
216
87
113
81
19
204
215
83
30
166
190
14
179
185
109
198
108
100
59
123
16
188
102
18
69
75
150
149
5
128
62
11
207
152
214
66
136
129
147
186
88
176
155
170
210
217
101
67
168
137
12
106
177
15
44
148
25
159
118
77
160
213
212
46
127
191
23
103
4
68
39
158
50
*edges 
58 1
58 105
58 0
58 32
58 104
58 142
58 98
58 45
58 183
58 138
58 31
58 34
58 163
58 76
58 123
58 128
58 186
58 106
58 103
80 135
80 65
80 173
80 42
80 124
80 203
80 55
80 90
80 138
80 79
80 192
80 52
80 113
80 19
80 109
80 100
80 69
80 147
80 106
80 160
80 212
80 103
80 4
48 85
48 219
48 71
48 202
48 8
48 6
48 61
48 117
48 178
48 115
48 93
48 141
48 208
48 180
48 34
48 91
48 198
48 123
48 16
48 18
48 11
48 207
48 66
48 147
48 88
48 176
48 170
48 137
48 212
95 71
95 144
95 157
95 172
95 115
95 124
95 184
95 17
95 180
95 189
95 163
95 179
95 150
95 152
95 66
95 147
95 155
95 210
95 67
95 160
95 191
1 161
1 104
1 151
1 196
1 10
1 33
1 201
1 141
1 126
1 180
1 94
1 216
1 215
1 190
1 150
1 168
1 127
1 4
162 199
162 144
162 89
162 86
162 121
162 151
162 28
162 2
162 33
162 42
162 203
162 165
162 126
162 79
162 140
162 40
162 113
162 166
162 14
162 108
162 75
162 147
162 186
162 210
162 159
162 77
162 160
162 191
145 105
145 209
145 72
145 8
145 89
145 61
145 7
145 104
145 171
145 28
145 172
145 196
145 205
145 10
145 115
145 184
145 126
145 74
145 138
145 43
145 97
145 215
145 109
145 108
145 102
145 207
145 66
145 147
145 101
145 148
143 219
143 135
143 8
143 38
143 196
143 178
143 115
143 13
143 203
143 74
143 9
143 192
143 163
143 87
143 81
143 190
143 75
143 170
143 210
143 217
143 67
143 106
143 148
143 25
143 159
143 127
146 197
146 73
146 28
146 172
146 2
146 45
146 184
146 122
146 113
146 179
146 100
146 150
146 217
146 67
146 137
146 4
105 209
105 6
105 161
105 117
105 197
105 195
105 7
105 164
105 38
105 93
105 13
105 64
105 94
105 87
105 81
105 19
105 109
105 108
105 150
105 136
105 101
105 67
105 4
105 68
99 130
99 144
99 89
99 86
99 167
99 164
99 121
99 38
99 33
99 201
99 182
99 64
99 119
99 204
99 123
99 150
99 11
99 210
99 217
99 137
99 213
99 103
99 4
218 144
218 6
218 161
218 131
218 194
218 117
218 37
218 26
218 107
218 55
218 74
218 31
218 97
218 163
218 81
218 123
218 102
218 75
218 11
218 88
218 101
218 44
218 148
218 118
218 158
85 130
85 135
85 92
85 32
85 104
85 73
85 121
85 28
85 124
85 203
85 74
85 20
85 79
85 76
85 123
85 16
85 18
85 150
85 101
85 12
85 15
85 191
85 103
85 39
0 219
0 199
0 209
0 144
0 194
0 104
0 33
0 45
0 203
0 64
0 31
0 79
0 35
0 136
0 147
0 210
0 12
0 159
0 77
0 191
0 158
24 70
24 209
24 32
24 82
24 200
24 3
24 28
24 196
24 205
24 124
24 184
24 55
24 47
24 192
24 140
24 21
24 30
24 179
24 109
24 100
24 62
24 186
24 101
24 67
24 158
53 135
53 71
53 72
53 195
53 164
53 200
53 49
53 98
53 196
53 110
53 33
53 178
53 203
53 91
53 113
53 109
53 128
53 129
53 101
53 25
53 103
53 4
219 209
219 89
219 153
219 84
219 56
219 65
219 37
219 49
219 142
219 13
219 187
219 64
219 9
219 59
219 18
219 69
219 170
219 44
130 6
130 153
130 131
130 61
130 37
130 154
130 98
130 196
130 33
130 45
130 42
130 208
130 183
130 90
130 74
130 34
130 35
130 166
130 14
130 179
130 100
130 62
130 25
130 118
130 46
130 127
130 39
130 50
70 202
70 8
70 22
70 65
70 117
70 195
70 151
70 154
70 172
70 2
70 205
70 10
70 42
70 203
70 165
70 34
70 76
70 204
70 109
70 150
70 170
70 177
70 212
70 39
135 78
135 167
135 164
135 206
135 173
135 73
135 33
135 107
135 203
135 64
135 120
135 138
135 189
135 113
135 83
135 109
135 108
135 59
135 75
135 128
135 11
135 207
135 155
135 25
135 159
135 127
71 89
71 194
71 61
71 195
71 157
71 41
71 173
71 200
71 73
71 93
71 201
71 184
71 208
71 140
71 21
71 83
71 30
71 166
71 75
71 11
71 152
71 176
71 25
112 60
112 181
112 161
112 174
112 167
112 157
112 126
112 64
112 94
112 119
112 116
112 52
112 75
112 155
112 137
112 50
78 209
78 60
78 193
78 86
78 84
78 194
78 61
78 167
78 111
78 117
78 7
78 164
78 173
78 171
78 73
78 154
78 183
78 94
78 138
78 79
78 87
78 123
78 75
78 150
78 62
78 66
78 44
78 212
199 181
199 84
199 194
199 117
199 206
199 98
199 205
199 10
199 208
199 132
199 21
199 40
199 76
199 210
199 106
199 25
199 23
209 202
209 6
209 194
209 117
209 63
209 36
209 41
209 96
209 42
209 107
209 13
209 203
209 90
209 47
209 180
209 94
209 97
209 21
209 81
209 166
209 188
209 18
209 66
209 67
209 12
209 15
209 159
60 193
60 22
60 167
60 195
60 41
60 172
60 2
60 93
60 187
60 183
60 126
60 122
60 31
60 91
60 204
60 83
60 108
60 123
60 150
60 155
60 67
60 118
60 212
60 68
72 8
72 89
72 153
72 193
72 194
72 61
72 173
72 73
72 33
72 115
72 13
72 55
72 9
72 163
72 166
72 198
72 149
72 88
72 106
72 148
202 161
202 193
202 132
202 120
202 35
202 76
202 19
202 14
202 18
202 75
144 194
144 151
144 10
144 178
144 182
144 64
144 180
144 122
144 140
144 76
144 81
144 204
144 100
144 5
144 155
144 177
144 25
144 77
181 193
181 22
181 200
181 96
181 124
181 182
181 74
181 120
181 192
181 21
181 52
181 83
181 179
181 198
181 69
181 5
181 170
181 148
181 212
181 23
92 61
92 174
92 26
92 73
92 28
92 38
92 196
92 45
92 55
92 180
92 122
92 138
92 79
92 140
92 35
92 76
92 87
92 166
92 150
92 11
92 214
92 147
92 176
92 67
92 177
92 159
92 77
92 160
92 103
8 131
8 86
8 61
8 82
8 157
8 96
8 28
8 141
8 64
8 9
8 21
8 113
8 14
8 108
8 188
8 207
8 152
8 106
8 148
8 158
6 153
6 174
6 82
6 197
6 121
6 28
6 178
6 115
6 13
6 34
6 116
6 30
6 59
6 102
6 101
6 106
6 177
6 39
161 82
161 197
161 171
161 151
161 28
161 38
161 141
161 17
161 47
161 132
161 94
161 189
161 40
161 52
161 81
161 190
161 14
161 59
161 69
161 150
161 186
161 88
161 155
161 137
161 177
161 158
89 104
89 172
89 10
89 115
89 47
89 122
89 192
89 189
89 109
89 149
89 147
89 217
89 168
89 148
153 65
153 111
153 7
153 164
153 173
153 3
153 178
153 115
153 93
153 20
153 79
153 140
153 163
153 87
153 113
153 109
153 128
153 62
153 207
153 155
153 170
153 158
193 22
193 167
193 7
193 37
193 41
193 3
193 38
193 33
193 42
193 141
193 55
193 165
193 120
193 94
193 140
193 52
193 14
193 108
193 59
193 102
193 152
193 168
193 137
193 106
193 148
193 25
193 118
193 213
193 46
131 86
131 84
131 22
131 117
131 195
131 41
131 45
131 178
131 208
131 47
131 116
131 179
131 185
131 16
131 66
131 186
131 170
131 101
131 106
131 191
86 194
86 22
86 172
86 42
86 115
86 93
86 141
86 180
86 79
86 87
86 30
86 59
86 128
86 11
86 101
84 56
84 171
84 154
84 28
84 205
84 184
84 141
84 165
84 34
84 43
84 97
84 40
84 52
84 81
84 19
84 204
84 75
84 152
84 136
84 118
194 22
194 117
194 164
194 157
194 37
194 26
194 3
194 205
194 45
194 183
194 47
194 119
194 140
194 216
194 87
194 81
194 190
194 179
194 207
194 88
194 15
194 23
194 103
56 117
56 197
56 36
56 41
56 49
56 107
56 140
56 91
56 215
56 147
56 186
56 170
56 148
56 159
56 77
56 213
56 212
56 46
56 103
56 39
32 22
32 157
32 37
32 200
32 3
32 10
32 115
32 93
32 122
32 31
32 79
32 140
32 204
32 166
32 190
32 62
32 88
32 176
32 168
32 44
32 127
32 68
22 41
22 142
22 196
22 45
22 141
22 187
22 182
22 165
22 183
22 122
22 35
22 163
22 76
22 108
22 207
22 88
22 176
22 170
22 137
22 118
22 127
61 117
61 164
61 73
61 184
61 59
61 188
61 18
61 25
174 104
174 142
174 107
174 201
174 97
174 91
174 81
174 19
174 155
174 15
174 44
167 111
167 157
167 104
167 26
167 173
167 141
167 165
167 47
167 140
167 40
167 102
167 88
167 217
65 200
65 96
65 141
65 74
65 192
65 76
65 113
65 83
65 102
65 152
65 66
65 176
65 101
65 177
65 44
65 103
82 195
82 41
82 196
82 90
82 132
82 120
82 138
82 97
82 52
82 215
82 30
82 109
82 102
82 5
82 62
82 66
82 217
82 160
82 23
111 63
111 26
111 3
111 205
111 110
111 115
111 93
111 107
111 17
111 94
111 138
111 163
111 102
111 69
111 11
111 25
111 212
111 4
117 195
117 36
117 98
117 172
117 38
117 205
117 45
117 42
117 141
117 55
117 122
117 116
117 192
117 189
117 21
117 87
117 179
117 109
117 59
117 16
117 62
117 186
117 155
117 67
117 25
117 4
197 7
197 206
197 172
197 2
197 45
197 201
197 126
197 64
197 185
197 108
197 150
197 128
197 136
197 147
197 176
197 170
197 210
197 159
197 160
197 46
197 158
63 26
63 173
63 187
63 94
63 138
63 116
63 76
63 52
63 30
63 14
63 185
63 108
63 102
63 214
63 129
63 217
63 137
63 50
195 200
195 38
195 205
195 165
195 74
195 120
195 138
195 79
195 97
195 215
195 83
195 190
195 108
195 150
195 149
195 176
195 155
195 137
195 15
195 50
7 142
7 156
7 28
7 2
7 205
7 45
7 182
7 74
7 21
7 91
7 190
7 75
7 15
164 26
164 121
164 3
164 156
164 154
164 33
164 45
164 178
164 93
164 13
164 47
164 64
164 9
164 97
164 35
164 76
164 52
164 81
164 109
164 136
164 147
164 106
164 23
164 103
157 172
157 205
157 42
157 201
157 182
157 47
157 74
157 9
157 189
157 140
157 40
157 69
157 207
157 168
157 106
157 177
157 25
157 68
104 41
104 73
104 49
104 142
104 96
104 119
104 163
104 216
104 30
104 109
104 100
104 5
104 207
104 147
104 170
104 101
104 191
104 4
36 49
36 178
36 93
36 31
36 192
36 97
36 163
36 190
36 59
36 102
36 128
36 210
36 67
37 41
37 73
37 172
37 38
37 45
37 115
37 201
37 141
37 203
37 187
37 132
37 76
37 30
37 100
37 123
37 176
37 137
37 177
41 156
41 28
41 38
41 187
41 132
41 64
41 9
41 43
41 21
41 108
41 69
41 62
41 147
41 101
41 168
41 46
41 39
26 171
26 205
26 178
26 201
26 141
26 17
26 203
26 183
26 120
26 79
26 34
26 189
26 87
26 113
26 108
26 69
26 152
26 66
26 210
26 101
26 148
26 159
26 160
26 212
26 103
26 50
206 171
206 205
206 110
206 182
206 126
206 119
206 192
206 35
206 113
206 198
206 108
206 18
206 207
206 214
206 217
206 101
206 77
206 213
206 191
173 121
173 3
173 28
173 183
173 126
173 132
173 52
173 113
173 83
173 166
173 198
173 16
173 152
173 147
173 186
173 177
173 212
171 156
171 172
171 184
171 187
171 83
171 149
171 207
171 129
171 147
171 210
171 46
171 191
171 50
200 49
200 156
200 154
200 28
200 178
200 107
200 55
200 180
200 140
200 76
200 59
200 18
200 62
200 214
200 88
200 25
73 49
73 142
73 38
73 2
73 17
73 208
73 180
73 31
73 140
73 91
73 123
73 16
73 159
73 118
73 213
73 23
73 39
121 154
121 2
121 110
121 42
121 201
121 90
121 21
121 166
121 69
121 147
121 186
121 88
121 217
121 101
121 44
121 46
121 23
121 68
49 96
49 178
49 42
49 126
49 90
49 180
49 120
49 94
49 204
49 185
49 108
49 100
49 59
49 102
49 67
49 15
49 127
49 23
142 96
142 203
142 180
142 163
142 52
142 113
142 128
142 207
142 129
142 186
142 88
142 217
142 67
142 39
96 110
96 178
96 13
96 116
96 30
96 166
96 198
96 188
96 75
96 50
151 93
151 13
151 180
151 116
151 192
151 35
151 179
151 100
151 188
151 18
151 149
151 128
151 207
151 214
151 170
151 137
151 127
151 4
3 10
3 47
3 74
3 216
3 83
3 188
3 150
3 128
3 155
3 168
3 191
3 50
156 205
156 45
156 178
156 115
156 64
156 180
156 122
156 31
156 79
156 43
156 192
156 179
156 186
156 176
156 170
156 15
156 46
156 50
154 172
154 2
154 33
154 45
154 115
154 124
154 165
154 20
154 79
154 97
154 30
154 14
154 150
154 149
154 170
154 168
154 25
154 159
154 213
154 191
28 172
28 38
28 110
28 115
28 203
28 132
28 138
28 31
28 9
28 43
28 140
28 21
28 40
28 76
28 198
28 188
28 102
28 18
28 11
28 66
28 67
28 106
28 213
28 127
28 23
28 158
98 196
98 93
98 107
98 13
98 184
98 187
98 126
98 140
98 59
98 16
98 188
98 207
98 66
98 127
98 68
172 33
172 45
172 90
172 94
172 138
172 20
172 192
172 97
172 91
172 40
172 113
172 81
172 19
172 190
172 123
172 217
172 137
172 77
172 46
172 50
38 138
38 35
38 113
38 204
38 109
38 75
38 214
38 210
38 67
38 148
2 205
2 107
2 55
2 34
2 43
2 166
2 18
2 69
2 150
2 5
2 147
2 101
2 106
2 77
2 46
2 127
2 23
2 68
2 50
196 33
196 90
196 47
196 94
196 138
196 9
196 40
196 52
196 204
196 185
196 16
196 148
196 118
196 77
196 213
196 23
196 50
205 45
205 201
205 55
205 182
205 165
205 47
205 74
205 122
205 140
205 163
205 21
205 190
205 123
205 75
205 152
205 88
205 155
205 148
205 212
110 33
110 17
110 116
110 21
110 40
110 76
110 102
110 177
110 25
110 159
110 118
110 23
110 158
10 13
10 165
10 183
10 90
10 9
10 43
10 52
10 19
10 190
10 123
10 16
10 207
10 136
10 129
10 170
10 137
10 212
10 4
10 50
33 45
33 55
33 64
33 94
33 138
33 119
33 91
33 109
33 18
33 150
33 128
33 152
33 129
33 147
33 88
33 168
33 25
33 4
33 68
33 158
45 201
45 90
45 74
45 20
45 76
45 188
45 150
45 62
45 207
45 152
45 214
45 129
45 88
45 170
45 101
45 148
45 158
178 64
178 140
178 19
178 108
178 102
178 62
178 129
178 186
178 118
178 103
42 201
42 141
42 90
42 43
42 189
42 35
42 91
42 81
42 83
42 108
42 123
42 148
42 160
42 212
42 191
42 103
115 107
115 55
115 64
115 119
115 100
115 18
115 214
115 66
115 186
115 137
115 44
115 148
115 46
124 208
124 122
124 119
124 31
124 79
124 116
124 140
124 215
124 185
124 100
124 188
124 150
124 177
124 46
124 191
93 184
93 183
93 90
93 74
93 9
93 87
93 81
93 190
93 109
93 100
93 150
93 5
93 66
93 136
93 129
93 170
93 148
93 212
93 46
93 158
107 20
107 79
107 35
107 40
107 76
107 179
107 198
107 59
107 102
107 147
107 176
107 177
107 148
107 127
107 23
13 165
13 90
13 64
13 116
13 35
13 21
13 113
13 215
13 102
13 18
13 128
13 67
13 44
13 127
201 17
201 165
201 163
201 91
201 52
201 19
201 215
201 30
201 188
201 149
201 62
201 136
201 186
201 170
201 101
201 168
201 177
201 15
201 118
201 77
184 208
184 183
184 47
184 180
184 113
184 215
184 149
184 217
184 177
184 44
184 39
141 31
141 43
141 97
141 91
141 179
141 62
141 147
141 106
141 118
141 158
17 9
17 30
17 179
17 149
17 128
17 170
17 101
203 55
203 182
203 165
203 126
203 31
203 116
203 192
203 97
203 91
203 179
203 109
203 102
203 128
203 152
203 159
203 23
203 50
208 183
208 180
208 138
208 34
208 97
208 21
208 215
208 30
208 16
208 102
208 69
208 214
208 217
208 101
208 44
208 118
55 97
55 35
55 91
55 81
55 19
55 166
55 198
55 102
55 11
55 136
55 147
55 155
55 67
55 118
55 212
55 158
187 182
187 47
187 94
187 20
187 216
187 215
187 14
187 108
187 62
187 66
187 88
187 210
187 217
187 101
187 44
187 159
187 118
187 191
182 120
182 20
182 31
182 43
182 140
182 91
182 87
182 123
182 16
182 69
182 128
182 62
182 214
182 155
182 137
182 212
165 20
165 9
165 192
165 97
165 91
165 166
165 190
165 102
165 136
165 155
165 148
165 159
183 74
183 64
183 113
183 215
183 190
183 88
183 44
183 212
183 23
183 39
126 132
126 64
126 94
126 31
126 189
126 35
126 40
126 52
126 215
126 30
126 108
126 62
126 207
126 147
126 217
126 12
126 25
126 68
90 122
90 94
90 79
90 97
90 59
90 123
90 5
90 186
90 170
90 160
90 213
47 119
47 43
47 163
47 83
47 14
47 179
47 18
47 168
47 160
47 46
132 74
132 116
132 97
132 40
132 19
132 166
132 59
132 150
132 176
132 210
132 25
132 212
132 103
74 119
74 34
74 43
74 30
74 59
74 88
74 170
74 67
74 137
74 12
74 15
74 213
64 31
64 97
64 140
64 87
64 30
64 198
64 102
64 155
64 170
64 177
64 15
180 34
180 189
180 18
180 75
180 207
180 210
180 12
120 94
120 20
120 204
120 100
120 16
120 152
120 148
120 68
122 116
122 76
122 52
122 66
122 15
122 212
94 20
94 79
94 91
94 19
94 190
94 185
94 198
94 66
94 101
94 46
138 9
138 216
138 198
138 100
138 59
138 66
138 136
138 217
138 12
20 189
20 113
20 88
20 170
20 67
20 177
20 15
119 116
119 179
119 129
119 176
119 170
119 39
31 43
31 163
31 52
31 19
31 204
31 190
31 14
31 185
31 109
31 150
31 207
31 152
31 66
31 210
31 101
31 213
9 192
9 76
9 214
9 15
9 118
9 127
79 163
79 87
79 69
79 75
79 168
79 15
79 44
79 25
79 159
79 77
79 213
34 35
34 113
34 190
34 186
34 155
34 210
34 44
116 43
116 100
116 18
116 62
116 207
116 214
116 136
116 186
116 168
116 148
116 77
116 23
116 158
43 192
43 163
43 91
43 40
43 16
43 149
43 5
43 128
43 214
43 170
43 101
43 12
43 25
43 160
43 46
192 163
192 215
192 16
192 106
192 148
192 159
192 118
97 40
97 52
97 185
97 18
97 5
97 11
97 136
97 148
97 212
97 50
189 52
189 215
189 14
189 16
189 150
189 214
189 176
189 106
189 25
189 77
189 213
189 191
140 204
140 108
140 188
140 149
140 66
140 210
140 106
140 77
140 213
140 127
35 21
35 91
35 52
35 14
35 100
35 59
35 152
35 214
35 210
35 137
35 177
35 46
35 191
35 103
35 39
163 76
163 216
163 100
163 102
163 11
163 155
163 44
163 25
163 77
163 212
21 40
21 216
21 18
21 149
21 62
21 176
21 148
21 103
91 52
91 81
91 155
40 76
40 185
40 188
40 136
40 147
40 217
40 101
40 168
40 44
40 191
76 81
76 108
76 188
76 128
76 214
76 147
76 168
76 159
76 212
76 4
52 166
52 69
52 11
52 129
52 155
52 118
52 77
52 191
216 198
216 16
216 149
216 128
216 160
216 103
216 39
87 19
87 179
87 75
87 214
87 25
87 118
87 46
87 158
113 204
113 83
113 190
113 100
113 18
113 128
113 207
113 152
113 147
113 176
113 12
113 106
113 160
113 213
81 179
81 123
81 18
81 75
81 5
81 213
19 190
19 155
19 15
19 213
19 191
19 103
19 4
19 39
204 108
204 188
204 88
204 4
204 39
204 50
215 190
215 100
215 102
215 75
215 155
215 101
215 137
215 44
215 148
215 25
215 46
83 30
83 69
83 150
83 152
83 129
83 15
83 159
83 160
83 68
83 39
30 185
30 11
30 136
30 217
30 101
30 44
30 118
30 212
30 103
166 18
166 75
166 210
166 217
166 106
166 15
166 148
166 77
166 191
166 68
166 39
190 109
190 198
190 102
190 18
190 5
190 147
190 170
190 217
190 177
190 44
14 198
14 108
14 123
14 18
14 62
14 152
14 214
14 136
14 77
14 68
179 16
179 128
179 66
179 136
179 177
179 39
185 207
185 147
185 137
185 106
185 4
109 69
109 5
109 11
109 88
109 103
109 50
198 75
198 149
198 66
198 155
198 101
198 23
108 100
108 69
108 62
108 147
108 88
108 155
108 67
108 44
108 160
108 46
108 127
108 23
100 150
100 62
100 11
100 101
100 67
59 5
59 66
59 127
59 68
123 18
123 207
123 25
123 68
16 214
16 213
16 191
16 39
188 69
188 177
188 159
102 66
102 88
102 44
102 159
18 155
18 44
18 148
18 160
69 23
69 68
69 50
75 66
75 155
75 210
75 44
75 148
75 103
150 136
150 127
149 207
149 214
149 168
149 159
149 118
149 77
149 4
5 66
5 101
5 168
5 159
5 212
5 46
5 39
5 158
128 136
128 88
128 127
62 170
62 77
11 152
11 129
11 176
11 67
11 127
11 191
11 68
207 214
207 136
207 176
207 106
207 44
207 213
152 214
152 160
214 217
214 137
214 177
214 118
66 12
66 44
66 159
66 212
66 50
136 168
136 160
129 44
129 4
147 77
147 39
186 191
186 68
88 12
88 159
88 77
88 46
88 127
88 158
176 155
176 23
176 4
176 39
155 170
155 177
155 44
155 118
155 77
155 103
170 160
170 4
210 168
210 12
210 77
210 158
217 44
217 77
217 50
101 46
67 12
67 25
67 77
67 160
168 106
168 177
137 15
137 148
12 15
106 46
106 4
106 39
177 46
15 44
15 25
44 148
44 118
44 158
148 118
148 68
25 160
25 46
25 127
25 103
25 39
159 4
118 77
118 39
77 39
160 23
160 68
213 158
127 191
127 68
127 39
39 50
