*verties 198
10
143
118
140
72
82
26
166
208
150
87
85
48
114
55
164
172
19
192
137
180
90
32
205
130
68
42
187
74
1
88
189
110
86
174
169
33
7
15
214
115
206
190
60
18
12
63
24
215
0
105
125
136
13
34
31
111
148
124
203
93
40
123
122
156
106
188
175
9
22
116
95
133
99
151
100
94
77
35
218
196
171
198
54
61
163
167
185
139
177
131
78
120
212
67
30
204
209
64
182
210
21
53
170
17
173
119
103
14
3
8
58
84
112
2
200
153
43
66
62
168
135
20
154
160
194
75
184
132
162
186
98
16
159
161
4
11
146
193
176
104
108
157
25
201
59
127
129
134
91
52
195
39
109
152
46
96
23
76
92
138
41
117
73
49
47
128
29
144
51
69
97
142
81
213
126
38
191
181
179
45
178
219
211
5
71
70
197
165
217
107
89
44
207
149
80
37
83
*edges 
10 143
10 72
10 82
10 166
10 208
10 87
10 85
10 114
10 164
10 19
10 180
10 90
10 130
10 68
10 42
10 88
10 189
10 110
10 86
10 169
10 33
10 7
10 214
10 206
10 60
10 18
10 24
10 0
10 105
10 125
10 13
10 31
10 124
10 203
10 93
10 40
10 122
10 175
10 9
10 116
10 94
10 35
10 196
10 61
10 163
10 139
10 177
10 131
10 120
10 30
10 204
10 64
10 210
10 53
10 17
10 119
10 8
10 58
10 200
10 66
10 62
10 168
10 154
10 194
10 184
10 132
10 162
10 161
10 4
10 176
10 104
10 127
10 129
10 52
10 195
10 39
10 109
10 152
10 23
10 76
10 138
10 117
10 47
10 128
10 29
10 144
10 69
10 142
10 38
10 179
10 178
10 219
10 5
10 70
10 197
10 217
10 107
10 207
10 37
143 118
143 82
143 208
143 150
143 114
143 19
143 192
143 137
143 90
143 68
143 1
143 189
143 110
143 174
143 33
143 214
143 115
143 190
143 60
143 63
143 215
143 136
143 13
143 148
143 124
143 203
143 93
143 40
143 123
143 156
143 106
143 188
143 116
143 95
143 99
143 100
143 94
143 77
143 171
143 198
143 163
143 167
143 131
143 120
143 212
143 67
143 182
143 210
143 53
143 170
143 173
143 119
143 103
143 14
143 8
143 58
143 112
143 200
143 153
143 154
143 160
143 75
143 184
143 98
143 159
143 146
143 193
143 25
143 127
143 91
143 39
143 46
143 92
143 41
143 117
143 73
143 49
143 128
143 29
143 144
143 69
143 97
143 213
143 38
143 181
143 179
143 219
143 197
143 44
143 80
118 140
118 72
118 166
118 208
118 150
118 87
118 114
118 55
118 205
118 130
118 42
118 74
118 189
118 86
118 174
118 169
118 33
118 7
118 15
118 115
118 60
118 63
118 24
118 0
118 125
118 136
118 34
118 31
118 148
118 40
118 122
118 156
118 106
118 133
118 99
118 151
118 94
118 77
118 35
118 163
118 167
118 120
118 67
118 30
118 204
118 182
118 210
118 21
118 53
118 170
118 17
118 119
118 3
118 8
118 84
118 112
118 2
118 62
118 20
118 160
118 132
118 162
118 16
118 159
118 161
118 176
118 108
118 25
118 59
118 195
118 39
118 152
118 96
118 41
118 117
118 49
118 128
118 144
118 51
118 69
118 97
118 81
118 179
118 45
118 211
118 5
118 71
118 197
118 165
118 217
118 107
118 89
118 44
118 207
118 80
118 37
118 83
140 72
140 166
140 208
140 150
140 48
140 55
140 164
140 172
140 90
140 130
140 1
140 88
140 110
140 169
140 33
140 7
140 15
140 115
140 206
140 190
140 24
140 215
140 125
140 13
140 31
140 93
140 156
140 106
140 188
140 175
140 9
140 95
140 133
140 151
140 100
140 77
140 218
140 198
140 61
140 167
140 185
140 131
140 67
140 209
140 64
140 53
140 170
140 17
140 3
140 8
140 84
140 2
140 200
140 43
140 66
140 168
140 20
140 154
140 160
140 132
140 162
140 159
140 161
140 146
140 193
140 176
140 104
140 59
140 129
140 52
140 39
140 23
140 41
140 73
140 144
140 69
140 38
140 181
140 179
140 45
140 5
140 70
140 197
140 44
140 207
140 149
140 80
140 37
72 166
72 208
72 85
72 55
72 90
72 32
72 205
72 68
72 74
72 1
72 33
72 7
72 214
72 115
72 60
72 12
72 63
72 105
72 124
72 122
72 188
72 9
72 133
72 94
72 35
72 171
72 177
72 120
72 212
72 67
72 204
72 21
72 170
72 17
72 173
72 119
72 14
72 3
72 153
72 62
72 168
72 135
72 154
72 160
72 162
72 161
72 157
72 127
72 129
72 134
72 52
72 109
72 46
72 96
72 76
72 117
72 73
72 128
72 29
72 51
72 97
72 81
72 38
72 191
72 181
72 45
72 178
72 219
72 5
72 71
72 197
72 217
72 107
72 207
72 37
72 83
82 26
82 166
82 150
82 48
82 55
82 172
82 19
82 180
82 90
82 32
82 130
82 68
82 42
82 187
82 74
82 1
82 110
82 86
82 174
82 115
82 60
82 18
82 12
82 105
82 125
82 136
82 13
82 111
82 124
82 203
82 106
82 175
82 22
82 133
82 100
82 77
82 218
82 171
82 198
82 163
82 139
82 78
82 30
82 204
82 209
82 64
82 182
82 210
82 53
82 119
82 3
82 58
82 112
82 153
82 43
82 66
82 62
82 168
82 154
82 160
82 16
82 11
82 193
82 176
82 104
82 25
82 59
82 134
82 91
82 52
82 195
82 39
82 109
82 23
82 76
82 92
82 41
82 73
82 47
82 29
82 51
82 97
82 126
82 38
82 179
82 45
82 71
82 197
82 107
82 44
82 207
82 37
26 166
26 208
26 87
26 48
26 55
26 172
26 19
26 192
26 137
26 32
26 205
26 130
26 1
26 189
26 174
26 7
26 214
26 206
26 190
26 60
26 18
26 12
26 215
26 0
26 136
26 13
26 34
26 124
26 203
26 93
26 122
26 188
26 9
26 116
26 133
26 151
26 100
26 218
26 196
26 171
26 198
26 54
26 167
26 139
26 212
26 204
26 209
26 53
26 17
26 173
26 14
26 8
26 58
26 84
26 112
26 153
26 62
26 168
26 20
26 154
26 160
26 194
26 75
26 132
26 4
26 11
26 146
26 176
26 108
26 201
26 129
26 134
26 52
26 109
26 96
26 76
26 138
26 117
26 29
26 144
26 51
26 97
26 142
26 126
26 5
26 71
26 197
26 107
26 89
26 44
26 80
26 37
26 83
166 85
166 48
166 114
166 55
166 164
166 172
166 19
166 192
166 137
166 180
166 130
166 187
166 1
166 86
166 169
166 214
166 190
166 63
166 24
166 215
166 105
166 125
166 13
166 148
166 124
166 203
166 40
166 123
166 188
166 175
166 22
166 116
166 95
166 151
166 100
166 77
166 35
166 218
166 196
166 171
166 198
166 54
166 61
166 167
166 185
166 78
166 120
166 67
166 204
166 209
166 182
166 210
166 21
166 53
166 170
166 103
166 14
166 3
166 84
166 200
166 43
166 20
166 194
166 132
166 162
166 4
166 11
166 193
166 59
166 91
166 52
166 152
166 92
166 41
166 128
166 144
166 97
166 126
166 219
166 211
166 71
166 70
166 197
166 44
208 87
208 85
208 114
208 172
208 192
208 90
208 32
208 130
208 74
208 1
208 88
208 189
208 110
208 169
208 33
208 7
208 15
208 115
208 190
208 60
208 18
208 215
208 0
208 136
208 34
208 31
208 111
208 148
208 124
208 123
208 122
208 106
208 175
208 9
208 116
208 95
208 99
208 100
208 218
208 196
208 171
208 54
208 61
208 167
208 185
208 139
208 177
208 78
208 120
208 67
208 30
208 204
208 209
208 64
208 17
208 173
208 119
208 14
208 3
208 58
208 112
208 2
208 62
208 20
208 75
208 184
208 162
208 186
208 98
208 159
208 4
208 11
208 104
208 157
208 25
208 127
208 129
208 134
208 52
208 46
208 138
208 41
208 47
208 128
208 29
208 51
208 126
208 38
208 191
208 181
208 45
208 178
208 71
208 197
208 165
208 44
208 149
208 37
150 48
150 55
150 164
150 19
150 192
150 180
150 90
150 205
150 130
150 169
150 33
150 15
150 214
150 206
150 60
150 12
150 63
150 105
150 111
150 124
150 93
150 122
150 156
150 106
150 188
150 151
150 100
150 35
150 218
150 196
150 198
150 61
150 163
150 185
150 177
150 120
150 212
150 67
150 30
150 204
150 64
150 210
150 21
150 53
150 173
150 119
150 14
150 58
150 112
150 168
150 20
150 154
150 194
150 75
150 184
150 162
150 186
150 16
150 159
150 161
150 4
150 11
150 193
150 104
150 25
150 201
150 59
150 127
150 129
150 91
150 52
150 39
150 152
150 76
150 92
150 41
150 73
150 49
150 144
150 51
150 97
150 142
150 191
150 181
150 179
150 178
150 219
150 5
150 197
150 107
150 149
150 80
150 37
150 83
87 48
87 114
87 172
87 180
87 205
87 130
87 187
87 1
87 110
87 86
87 7
87 206
87 63
87 105
87 136
87 13
87 31
87 93
87 40
87 123
87 106
87 188
87 175
87 9
87 95
87 133
87 151
87 77
87 35
87 218
87 171
87 185
87 177
87 131
87 120
87 67
87 204
87 209
87 210
87 17
87 119
87 3
87 2
87 200
87 43
87 160
87 98
87 16
87 159
87 4
87 146
87 176
87 104
87 108
87 59
87 134
87 91
87 52
87 46
87 23
87 76
87 73
87 51
87 97
87 81
87 213
87 38
87 219
87 211
87 5
87 71
87 70
87 165
87 107
87 44
87 207
87 149
87 80
87 37
87 83
85 48
85 114
85 55
85 164
85 19
85 90
85 205
85 42
85 1
85 169
85 33
85 7
85 15
85 214
85 115
85 190
85 18
85 125
85 136
85 13
85 31
85 93
85 122
85 156
85 175
85 9
85 116
85 95
85 99
85 171
85 198
85 163
85 167
85 185
85 64
85 210
85 53
85 170
85 17
85 173
85 58
85 84
85 112
85 2
85 200
85 66
85 62
85 160
85 194
85 75
85 184
85 132
85 161
85 11
85 146
85 193
85 104
85 108
85 201
85 129
85 134
85 91
85 52
85 39
85 152
85 76
85 41
85 47
85 128
85 29
85 144
85 69
85 213
85 126
85 191
85 45
85 178
85 70
85 197
85 165
85 217
85 107
85 89
85 80
85 37
85 83
48 114
48 55
48 192
48 90
48 32
48 205
48 187
48 74
48 1
48 88
48 110
48 174
48 115
48 206
48 60
48 12
48 63
48 24
48 215
48 0
48 105
48 125
48 136
48 124
48 40
48 133
48 151
48 100
48 171
48 198
48 54
48 61
48 163
48 167
48 185
48 131
48 78
48 30
48 182
48 210
48 21
48 170
48 119
48 103
48 14
48 3
48 84
48 2
48 43
48 66
48 135
48 154
48 75
48 184
48 132
48 159
48 11
48 146
48 108
48 39
48 109
48 96
48 117
48 49
48 47
48 144
48 51
48 69
48 142
48 181
48 179
48 219
48 211
48 5
48 165
48 44
48 207
48 37
114 55
114 164
114 172
114 19
114 192
114 137
114 68
114 1
114 88
114 189
114 110
114 86
114 214
114 206
114 60
114 12
114 24
114 105
114 125
114 136
114 148
114 123
114 188
114 175
114 116
114 95
114 99
114 94
114 218
114 171
114 198
114 54
114 163
114 167
114 131
114 78
114 120
114 30
114 64
114 182
114 53
114 170
114 173
114 103
114 14
114 3
114 58
114 84
114 112
114 66
114 168
114 160
114 194
114 184
114 132
114 186
114 16
114 161
114 4
114 11
114 193
114 176
114 104
114 157
114 25
114 127
114 91
114 195
114 109
114 46
114 76
114 138
114 41
114 117
114 73
114 49
114 47
114 128
114 51
114 69
114 142
114 81
114 38
114 191
114 211
114 5
114 165
114 89
114 80
114 37
114 83
55 172
55 19
55 192
55 137
55 180
55 205
55 68
55 187
55 74
55 1
55 88
55 189
55 86
55 174
55 33
55 15
55 214
55 190
55 18
55 63
55 148
55 203
55 40
55 122
55 106
55 116
55 95
55 100
55 94
55 35
55 171
55 61
55 78
55 120
55 67
55 204
55 210
55 170
55 58
55 84
55 2
55 168
55 20
55 194
55 184
55 132
55 16
55 161
55 11
55 146
55 193
55 25
55 59
55 127
55 91
55 195
55 39
55 152
55 46
55 23
55 76
55 117
55 73
55 47
55 128
55 97
55 142
55 81
55 38
55 181
55 179
55 45
55 178
55 219
55 107
55 207
55 149
55 37
164 19
164 180
164 32
164 68
164 42
164 187
164 74
164 88
164 86
164 174
164 169
164 7
164 115
164 18
164 12
164 63
164 105
164 125
164 13
164 34
164 31
164 148
164 123
164 156
164 106
164 218
164 198
164 61
164 167
164 139
164 131
164 120
164 212
164 204
164 209
164 64
164 182
164 210
164 21
164 53
164 17
164 173
164 119
164 103
164 14
164 3
164 8
164 84
164 2
164 43
164 62
164 168
164 135
164 20
164 154
164 75
164 184
164 132
164 162
164 161
164 4
164 146
164 108
164 157
164 127
164 134
164 39
164 23
164 92
164 117
164 73
164 49
164 144
164 51
164 97
164 142
164 213
164 126
164 38
164 191
164 181
164 45
164 178
164 219
164 211
164 5
164 70
164 197
164 217
164 107
164 89
164 149
164 37
172 192
172 180
172 90
172 32
172 205
172 130
172 189
172 169
172 33
172 115
172 206
172 190
172 60
172 18
172 12
172 215
172 105
172 13
172 31
172 111
172 148
172 124
172 93
172 40
172 122
172 188
172 9
172 133
172 100
172 77
172 196
172 171
172 198
172 177
172 131
172 204
172 209
172 64
172 210
172 21
172 53
172 3
172 58
172 2
172 153
172 43
172 66
172 135
172 20
172 154
172 160
172 75
172 184
172 132
172 162
172 186
172 16
172 159
172 11
172 146
172 176
172 127
172 129
172 52
172 195
172 46
172 96
172 23
172 76
172 138
172 73
172 49
172 47
172 128
172 97
172 81
172 126
172 38
172 181
172 179
172 45
172 219
172 211
172 5
172 71
172 197
172 89
172 44
172 207
172 80
19 137
19 180
19 90
19 32
19 205
19 68
19 42
19 1
19 86
19 214
19 115
19 60
19 18
19 12
19 0
19 13
19 31
19 111
19 203
19 123
19 122
19 9
19 22
19 116
19 133
19 151
19 94
19 77
19 35
19 218
19 196
19 54
19 61
19 167
19 185
19 139
19 131
19 78
19 120
19 212
19 67
19 204
19 182
19 210
19 17
19 3
19 84
19 112
19 2
19 200
19 66
19 168
19 20
19 160
19 184
19 162
19 98
19 16
19 159
19 4
19 157
19 25
19 134
19 52
19 109
19 152
19 23
19 92
19 47
19 128
19 29
19 51
19 213
19 126
19 191
19 181
19 45
19 178
19 211
19 71
19 70
19 165
19 107
19 149
19 80
19 37
19 83
192 137
192 180
192 90
192 32
192 68
192 187
192 1
192 189
192 110
192 169
192 33
192 7
192 214
192 115
192 190
192 60
192 18
192 12
192 24
192 215
192 105
192 125
192 13
192 40
192 123
192 156
192 188
192 175
192 95
192 99
192 100
192 94
192 171
192 54
192 61
192 163
192 167
192 177
192 67
192 204
192 210
192 119
192 14
192 8
192 58
192 84
192 112
192 153
192 66
192 62
192 135
192 154
192 194
192 75
192 186
192 16
192 159
192 161
192 146
192 176
192 108
192 157
192 25
192 201
192 59
192 127
192 129
192 195
192 46
192 23
192 92
192 47
192 29
192 144
192 81
192 213
192 38
192 191
192 179
192 45
192 5
192 217
192 207
192 149
192 37
192 83
137 180
137 90
137 187
137 1
137 88
137 86
137 174
137 169
137 60
137 18
137 12
137 63
137 24
137 0
137 105
137 124
137 203
137 93
137 106
137 188
137 9
137 95
137 133
137 151
137 100
137 35
137 196
137 54
137 167
137 185
137 139
137 131
137 78
137 67
137 30
137 204
137 209
137 64
137 182
137 21
137 170
137 173
137 119
137 14
137 3
137 8
137 84
137 112
137 200
137 62
137 168
137 20
137 160
137 194
137 75
137 132
137 98
137 193
137 176
137 104
137 157
137 25
137 59
137 134
137 91
137 195
137 39
137 109
137 46
137 96
137 23
137 138
137 41
137 117
137 29
137 51
137 69
137 142
137 213
137 179
137 178
137 219
137 5
137 70
137 197
137 217
137 149
137 80
137 37
137 83
180 205
180 68
180 42
180 74
180 88
180 169
180 33
180 15
180 60
180 18
180 12
180 24
180 105
180 136
180 31
180 148
180 93
180 40
180 123
180 122
180 175
180 22
180 99
180 151
180 54
180 185
180 139
180 120
180 30
180 64
180 182
180 17
180 119
180 14
180 3
180 8
180 58
180 84
180 112
180 135
180 20
180 154
180 194
180 75
180 132
180 162
180 186
180 98
180 159
180 161
180 4
180 146
180 176
180 129
180 195
180 39
180 109
180 96
180 76
180 138
180 128
180 29
180 144
180 69
180 142
180 126
180 179
180 219
180 211
180 71
180 165
180 217
180 107
180 89
180 44
180 207
180 37
180 83
90 32
90 130
90 68
90 74
90 88
90 189
90 174
90 169
90 7
90 15
90 206
90 190
90 60
90 18
90 63
90 24
90 0
90 13
90 111
90 148
90 124
90 203
90 93
90 40
90 122
90 156
90 188
90 175
90 9
90 22
90 151
90 35
90 218
90 171
90 198
90 54
90 163
90 167
90 177
90 131
90 120
90 212
90 67
90 30
90 64
90 182
90 210
90 53
90 170
90 119
90 14
90 84
90 2
90 200
90 153
90 66
90 168
90 135
90 20
90 154
90 194
90 132
90 186
90 98
90 159
90 193
90 104
90 108
90 157
90 59
90 91
90 195
90 109
90 46
90 23
90 138
90 29
90 144
90 51
90 69
90 142
90 213
90 178
90 5
90 165
90 217
90 107
90 149
90 80
90 83
32 205
32 74
32 110
32 169
32 33
32 190
32 60
32 12
32 215
32 0
32 136
32 31
32 111
32 148
32 93
32 40
32 106
32 116
32 95
32 99
32 151
32 77
32 35
32 196
32 198
32 163
32 167
32 185
32 139
32 131
32 120
32 67
32 30
32 209
32 182
32 21
32 170
32 17
32 119
32 103
32 58
32 84
32 2
32 153
32 43
32 135
32 154
32 160
32 194
32 75
32 184
32 132
32 186
32 159
32 161
32 4
32 146
32 157
32 201
32 127
32 129
32 134
32 195
32 39
32 109
32 46
32 41
32 73
32 144
32 51
32 81
32 126
32 45
32 70
32 165
32 217
32 107
32 44
32 149
205 130
205 74
205 174
205 33
205 7
205 214
205 206
205 24
205 105
205 136
205 13
205 34
205 111
205 148
205 203
205 40
205 122
205 151
205 100
205 77
205 218
205 196
205 198
205 167
205 177
205 78
205 120
205 212
205 30
205 204
205 209
205 64
205 182
205 3
205 84
205 200
205 66
205 135
205 20
205 154
205 160
205 194
205 75
205 132
205 98
205 16
205 161
205 4
205 11
205 146
205 176
205 108
205 25
205 59
205 134
205 52
205 152
205 46
205 96
205 23
205 76
205 92
205 41
205 73
205 47
205 51
205 69
205 126
205 38
205 179
205 45
205 5
205 71
205 197
205 107
205 207
130 68
130 1
130 88
130 110
130 174
130 169
130 7
130 15
130 214
130 24
130 215
130 0
130 105
130 125
130 136
130 34
130 31
130 111
130 203
130 93
130 123
130 122
130 106
130 175
130 9
130 95
130 133
130 94
130 35
130 198
130 54
130 61
130 139
130 120
130 30
130 204
130 64
130 53
130 103
130 14
130 58
130 66
130 62
130 168
130 135
130 154
130 160
130 194
130 75
130 184
130 132
130 186
130 98
130 16
130 161
130 11
130 104
130 157
130 25
130 59
130 52
130 39
130 46
130 96
130 117
130 49
130 47
130 128
130 69
130 97
130 81
130 126
130 191
130 181
130 179
130 45
130 178
130 71
130 70
130 165
130 217
130 89
130 44
130 80
130 37
68 42
68 187
68 1
68 88
68 110
68 86
68 174
68 33
68 7
68 115
68 60
68 18
68 12
68 63
68 24
68 215
68 13
68 203
68 93
68 122
68 156
68 106
68 175
68 99
68 77
68 35
68 196
68 54
68 139
68 78
68 120
68 67
68 30
68 209
68 210
68 170
68 17
68 119
68 103
68 14
68 3
68 8
68 58
68 112
68 2
68 200
68 168
68 135
68 20
68 154
68 160
68 194
68 75
68 132
68 162
68 16
68 11
68 104
68 108
68 25
68 201
68 59
68 127
68 195
68 152
68 96
68 23
68 92
68 138
68 117
68 73
68 49
68 144
68 97
68 142
68 213
68 179
68 45
68 178
68 219
68 5
68 70
68 107
68 207
68 80
68 37
42 74
42 1
42 86
42 169
42 33
42 7
42 115
42 206
42 60
42 18
42 12
42 24
42 215
42 0
42 125
42 136
42 13
42 31
42 111
42 148
42 40
42 123
42 116
42 133
42 151
42 35
42 196
42 54
42 61
42 167
42 185
42 139
42 78
42 67
42 204
42 209
42 210
42 21
42 53
42 170
42 17
42 173
42 103
42 3
42 58
42 112
42 200
42 43
42 168
42 135
42 20
42 160
42 194
42 75
42 162
42 186
42 98
42 104
42 59
42 129
42 134
42 91
42 195
42 39
42 46
42 96
42 76
42 92
42 49
42 128
42 29
42 97
42 142
42 81
42 38
42 181
42 219
42 71
42 165
42 44
42 149
42 80
42 37
187 88
187 86
187 174
187 15
187 206
187 190
187 18
187 12
187 24
187 215
187 0
187 105
187 125
187 136
187 13
187 34
187 31
187 111
187 124
187 122
187 156
187 106
187 188
187 175
187 22
187 95
187 133
187 151
187 100
187 94
187 35
187 218
187 196
187 171
187 198
187 54
187 61
187 163
187 185
187 139
187 78
187 30
187 204
187 182
187 210
187 17
187 173
187 119
187 14
187 112
187 2
187 43
187 135
187 160
187 194
187 75
187 132
187 159
187 161
187 11
187 146
187 176
187 104
187 25
187 201
187 127
187 129
187 134
187 195
187 39
187 109
187 152
187 96
187 76
187 92
187 138
187 117
187 49
187 128
187 51
187 97
187 142
187 213
187 38
187 191
187 181
187 179
187 45
187 178
187 211
187 71
187 70
187 197
187 165
187 217
187 44
187 207
187 149
187 83
74 189
74 110
74 86
74 15
74 214
74 206
74 60
74 215
74 0
74 105
74 125
74 13
74 34
74 111
74 148
74 93
74 175
74 22
74 116
74 133
74 151
74 100
74 94
74 77
74 35
74 61
74 163
74 185
74 139
74 212
74 67
74 204
74 182
74 21
74 17
74 14
74 2
74 200
74 66
74 20
74 154
74 160
74 184
74 132
74 193
74 104
74 157
74 201
74 129
74 134
74 91
74 52
74 46
74 96
74 92
74 41
74 117
74 73
74 49
74 47
74 144
74 97
74 38
74 181
74 179
74 219
74 211
74 5
74 71
74 197
74 107
74 44
74 207
1 88
1 110
1 86
1 169
1 33
1 7
1 214
1 115
1 190
1 12
1 105
1 125
1 40
1 123
1 156
1 188
1 116
1 133
1 151
1 218
1 198
1 54
1 177
1 78
1 67
1 204
1 209
1 64
1 210
1 21
1 53
1 173
1 3
1 58
1 84
1 112
1 43
1 135
1 186
1 98
1 16
1 4
1 104
1 25
1 134
1 91
1 195
1 39
1 109
1 46
1 96
1 23
1 138
1 41
1 128
1 29
1 144
1 142
1 81
1 126
1 191
1 219
1 5
1 70
1 197
1 165
1 217
1 107
1 44
1 207
1 149
88 189
88 110
88 86
88 169
88 33
88 7
88 115
88 206
88 60
88 12
88 105
88 34
88 148
88 124
88 40
88 9
88 22
88 151
88 196
88 171
88 198
88 54
88 61
88 163
88 185
88 177
88 131
88 67
88 209
88 64
88 21
88 53
88 170
88 17
88 173
88 58
88 84
88 2
88 66
88 62
88 20
88 154
88 160
88 132
88 162
88 98
88 16
88 146
88 193
88 176
88 104
88 201
88 59
88 127
88 129
88 91
88 52
88 195
88 39
88 109
88 152
88 96
88 49
88 29
88 144
88 51
88 69
88 97
88 38
88 181
88 179
88 219
88 165
88 107
88 149
88 80
88 37
189 110
189 174
189 33
189 206
189 190
189 60
189 18
189 24
189 0
189 136
189 13
189 34
189 31
189 124
189 203
189 93
189 123
189 122
189 156
189 116
189 151
189 100
189 218
189 196
189 171
189 54
189 61
189 163
189 167
189 185
189 78
189 204
189 210
189 21
189 53
189 17
189 119
189 103
189 112
189 153
189 43
189 62
189 168
189 135
189 20
189 160
189 194
189 75
189 162
189 98
189 159
189 4
189 11
189 146
189 176
189 108
189 157
189 201
189 59
189 127
189 129
189 91
189 52
189 109
189 92
189 138
189 47
189 128
189 29
189 144
189 69
189 97
189 142
189 38
189 191
189 181
189 45
189 178
189 219
189 165
189 217
189 107
189 207
189 149
189 80
189 83
110 169
110 7
110 15
110 115
110 206
110 18
110 12
110 215
110 0
110 105
110 125
110 136
110 31
110 148
110 203
110 93
110 156
110 106
110 188
110 175
110 22
110 116
110 95
110 35
110 218
110 196
110 61
110 163
110 131
110 78
110 120
110 67
110 204
110 209
110 182
110 210
110 119
110 14
110 58
110 84
110 112
110 200
110 153
110 66
110 135
110 20
110 194
110 162
110 186
110 98
110 16
110 11
110 146
110 157
110 25
110 201
110 127
110 52
110 195
110 109
110 46
110 96
110 76
110 138
110 117
110 49
110 47
110 128
110 29
110 144
110 51
110 81
110 45
110 211
110 71
110 165
110 207
110 149
86 169
86 33
86 15
86 115
86 63
86 24
86 0
86 136
86 13
86 111
86 93
86 123
86 122
86 106
86 188
86 9
86 22
86 95
86 99
86 100
86 94
86 218
86 171
86 198
86 163
86 167
86 177
86 120
86 67
86 210
86 21
86 170
86 17
86 173
86 119
86 58
86 153
86 43
86 62
86 135
86 20
86 154
86 75
86 132
86 16
86 161
86 4
86 11
86 193
86 176
86 108
86 25
86 201
86 127
86 129
86 134
86 195
86 152
86 46
86 92
86 117
86 29
86 144
86 51
86 213
86 126
86 38
86 181
86 45
86 178
86 211
86 5
86 71
86 165
86 107
86 44
86 80
86 37
86 83
174 169
174 33
174 7
174 15
174 115
174 190
174 0
174 105
174 125
174 136
174 34
174 111
174 203
174 40
174 123
174 156
174 95
174 133
174 99
174 151
174 171
174 198
174 54
174 163
174 185
174 177
174 131
174 78
174 120
174 212
174 204
174 209
174 21
174 53
174 119
174 103
174 14
174 84
174 112
174 43
174 66
174 20
174 154
174 160
174 75
174 184
174 186
174 98
174 161
174 4
174 193
174 176
174 108
174 157
174 134
174 91
174 195
174 46
174 76
174 73
174 128
174 144
174 97
174 142
174 81
174 179
174 178
174 211
174 5
174 71
174 197
174 165
174 217
174 89
174 207
174 149
174 80
169 15
169 190
169 60
169 63
169 24
169 0
169 105
169 125
169 136
169 13
169 34
169 31
169 148
169 93
169 40
169 156
169 106
169 175
169 9
169 22
169 95
169 133
169 151
169 218
169 163
169 139
169 177
169 78
169 204
169 209
169 64
169 170
169 173
169 103
169 14
169 3
169 2
169 200
169 20
169 75
169 132
169 98
169 16
169 159
169 161
169 11
169 193
169 157
169 25
169 201
169 127
169 134
169 195
169 39
169 152
169 46
169 76
169 41
169 73
169 47
169 29
169 179
169 211
169 5
169 165
169 217
169 149
169 37
169 83
33 214
33 115
33 206
33 60
33 18
33 12
33 0
33 136
33 34
33 111
33 203
33 123
33 106
33 9
33 116
33 99
33 100
33 54
33 185
33 204
33 209
33 170
33 173
33 119
33 103
33 14
33 3
33 58
33 112
33 43
33 62
33 168
33 135
33 20
33 154
33 75
33 184
33 132
33 186
33 16
33 159
33 161
33 4
33 108
33 25
33 59
33 127
33 195
33 39
33 92
33 117
33 47
33 144
33 51
33 69
33 142
33 81
33 191
33 181
33 179
33 45
33 219
33 211
33 71
33 70
33 149
33 80
7 15
7 115
7 206
7 190
7 60
7 12
7 215
7 105
7 34
7 111
7 203
7 40
7 122
7 156
7 106
7 188
7 175
7 9
7 116
7 99
7 151
7 77
7 35
7 198
7 54
7 163
7 167
7 185
7 139
7 177
7 120
7 212
7 30
7 204
7 64
7 21
7 53
7 103
7 14
7 8
7 84
7 43
7 66
7 135
7 160
7 194
7 184
7 162
7 186
7 98
7 16
7 4
7 11
7 193
7 104
7 25
7 59
7 129
7 134
7 91
7 195
7 39
7 109
7 92
7 41
7 117
7 73
7 49
7 29
7 144
7 51
7 97
7 142
7 213
7 126
7 38
7 191
7 219
7 70
7 197
7 107
7 89
7 44
7 80
15 206
15 18
15 12
15 215
15 34
15 40
15 122
15 106
15 133
15 99
15 100
15 94
15 218
15 171
15 198
15 61
15 163
15 167
15 185
15 139
15 120
15 30
15 210
15 21
15 170
15 17
15 119
15 103
15 14
15 84
15 112
15 62
15 135
15 20
15 194
15 75
15 132
15 16
15 4
15 176
15 157
15 59
15 129
15 134
15 52
15 195
15 39
15 96
15 76
15 69
15 97
15 191
15 45
15 219
15 211
15 5
15 71
15 197
15 165
15 89
15 44
15 207
15 37
15 83
214 206
214 190
214 60
214 18
214 12
214 63
214 105
214 125
214 136
214 34
214 148
214 124
214 40
214 123
214 106
214 188
214 175
214 9
214 22
214 95
214 133
214 151
214 100
214 77
214 35
214 171
214 54
214 163
214 167
214 185
214 139
214 177
214 120
214 67
214 30
214 204
214 209
214 64
214 210
214 21
214 53
214 170
214 119
214 103
214 153
214 43
214 66
214 62
214 168
214 160
214 194
214 75
214 184
214 186
214 161
214 4
214 146
214 104
214 127
214 134
214 52
214 195
214 109
214 152
214 23
214 76
214 92
214 138
214 41
214 117
214 49
214 47
214 128
214 29
214 144
214 51
214 97
214 191
214 211
214 89
214 44
214 207
214 37
115 24
115 34
115 148
115 124
115 93
115 40
115 122
115 156
115 188
115 22
115 133
115 99
115 151
115 94
115 218
115 196
115 163
115 177
115 131
115 212
115 204
115 64
115 182
115 210
115 21
115 17
115 103
115 14
115 2
115 153
115 43
115 62
115 20
115 194
115 162
115 186
115 98
115 16
115 159
115 4
115 193
115 104
115 25
115 201
115 129
115 52
115 39
115 23
115 76
115 138
115 41
115 47
115 144
115 51
115 69
115 81
115 213
115 191
115 179
115 219
115 211
115 197
115 107
115 207
115 149
206 60
206 18
206 12
206 63
206 136
206 13
206 31
206 111
206 124
206 93
206 40
206 123
206 122
206 188
206 175
206 9
206 95
206 151
206 100
206 94
206 35
206 196
206 61
206 185
206 131
206 212
206 204
206 182
206 21
206 173
206 14
206 8
206 58
206 84
206 62
206 154
206 75
206 16
206 161
206 11
206 146
206 193
206 176
206 201
206 152
206 46
206 23
206 41
206 97
206 142
206 213
206 126
206 38
206 191
206 181
206 219
206 211
206 70
206 149
206 37
206 83
190 18
190 215
190 0
190 125
190 13
190 31
190 111
190 203
190 93
190 40
190 123
190 122
190 156
190 106
190 116
190 133
190 151
190 100
190 35
190 171
190 198
190 54
190 61
190 167
190 185
190 139
190 131
190 67
190 204
190 210
190 173
190 103
190 3
190 8
190 58
190 84
190 2
190 200
190 153
190 66
190 62
190 168
190 135
190 154
190 160
190 75
190 184
190 162
190 186
190 98
190 16
190 159
190 161
190 4
190 11
190 193
190 176
190 108
190 25
190 201
190 129
190 134
190 91
190 195
190 138
190 41
190 73
190 49
190 47
190 29
190 144
190 69
190 97
190 126
190 38
190 181
190 219
190 107
190 89
190 207
190 83
60 12
60 63
60 215
60 105
60 125
60 136
60 13
60 31
60 111
60 40
60 123
60 156
60 106
60 175
60 22
60 116
60 95
60 99
60 151
60 35
60 218
60 196
60 171
60 54
60 185
60 177
60 131
60 78
60 212
60 204
60 209
60 182
60 21
60 53
60 173
60 119
60 103
60 14
60 8
60 58
60 62
60 20
60 154
60 160
60 184
60 132
60 186
60 159
60 11
60 176
60 108
60 59
60 127
60 91
60 52
60 195
60 39
60 109
60 152
60 46
60 96
60 23
60 76
60 73
60 128
60 51
60 69
60 97
60 81
60 213
60 126
60 45
60 178
60 219
60 70
60 89
60 44
60 207
60 80
18 12
18 63
18 24
18 105
18 125
18 136
18 13
18 203
18 93
18 123
18 122
18 106
18 188
18 116
18 133
18 151
18 94
18 77
18 218
18 196
18 171
18 198
18 54
18 163
18 167
18 139
18 177
18 120
18 67
18 209
18 182
18 210
18 21
18 17
18 173
18 119
18 103
18 8
18 58
18 84
18 2
18 200
18 153
18 66
18 168
18 160
18 75
18 184
18 162
18 98
18 16
18 159
18 11
18 193
18 104
18 25
18 129
18 134
18 52
18 195
18 109
18 152
18 96
18 92
18 49
18 128
18 29
18 51
18 81
18 181
18 178
18 211
18 70
18 165
18 217
18 89
18 44
12 24
12 125
12 13
12 111
12 203
12 123
12 156
12 106
12 22
12 133
12 94
12 61
12 163
12 185
12 139
12 177
12 131
12 78
12 64
12 182
12 210
12 17
12 173
12 119
12 103
12 14
12 3
12 8
12 112
12 2
12 66
12 194
12 75
12 162
12 98
12 16
12 11
12 146
12 104
12 108
12 91
12 52
12 195
12 109
12 96
12 92
12 138
12 41
12 49
12 47
12 144
12 51
12 69
12 97
12 81
12 181
12 179
12 5
12 70
12 217
12 107
12 44
12 207
12 149
12 80
63 215
63 0
63 125
63 13
63 31
63 111
63 148
63 124
63 93
63 156
63 22
63 133
63 35
63 196
63 171
63 163
63 167
63 185
63 139
63 78
63 67
63 30
63 204
63 209
63 182
63 210
63 21
63 53
63 173
63 119
63 112
63 2
63 200
63 153
63 168
63 135
63 160
63 194
63 132
63 146
63 193
63 176
63 104
63 108
63 157
63 127
63 129
63 195
63 96
63 138
63 41
63 117
63 73
63 47
63 128
63 97
63 142
63 81
63 191
63 45
63 5
63 71
63 217
63 89
63 44
63 80
63 83
24 215
24 0
24 136
24 93
24 40
24 156
24 22
24 116
24 95
24 99
24 151
24 94
24 77
24 196
24 167
24 139
24 131
24 120
24 212
24 30
24 204
24 209
24 53
24 17
24 3
24 84
24 153
24 66
24 62
24 168
24 135
24 20
24 154
24 160
24 132
24 161
24 4
24 146
24 176
24 108
24 59
24 127
24 129
24 134
24 52
24 195
24 39
24 109
24 152
24 23
24 76
24 92
24 138
24 117
24 69
24 126
24 191
24 5
24 70
24 197
24 217
24 89
24 80
24 37
24 83
215 105
215 125
215 136
215 13
215 31
215 111
215 148
215 203
215 106
215 188
215 22
215 116
215 95
215 151
215 77
215 196
215 163
215 167
215 185
215 139
215 212
215 67
215 204
215 64
215 182
215 210
215 21
215 53
215 170
215 17
215 173
215 14
215 3
215 58
215 84
215 112
215 153
215 66
215 135
215 154
215 160
215 75
215 184
215 132
215 161
215 4
215 11
215 146
215 176
215 108
215 25
215 59
215 134
215 52
215 109
215 152
215 41
215 117
215 47
215 128
215 51
215 69
215 213
215 126
215 181
215 179
215 45
215 178
215 219
215 5
215 71
215 165
215 217
215 107
215 149
215 83
0 105
0 13
0 34
0 111
0 123
0 122
0 106
0 133
0 99
0 77
0 171
0 54
0 61
0 163
0 177
0 131
0 120
0 212
0 64
0 210
0 21
0 119
0 8
0 2
0 153
0 43
0 62
0 135
0 20
0 194
0 75
0 184
0 132
0 162
0 186
0 16
0 11
0 176
0 104
0 157
0 59
0 127
0 129
0 52
0 195
0 152
0 46
0 92
0 41
0 73
0 51
0 142
0 81
0 126
0 38
0 191
0 181
0 219
0 71
0 70
0 197
0 217
0 107
0 207
0 149
105 125
105 13
105 34
105 31
105 111
105 148
105 40
105 22
105 133
105 99
105 100
105 94
105 77
105 218
105 198
105 54
105 177
105 131
105 30
105 204
105 209
105 64
105 182
105 21
105 170
105 119
105 103
105 3
105 58
105 200
105 153
105 135
105 20
105 154
105 160
105 75
105 186
105 159
105 4
105 11
105 104
105 108
105 157
105 201
105 59
105 91
105 52
105 109
105 152
105 23
105 76
105 92
105 138
105 117
105 49
105 69
105 97
105 142
105 213
105 38
105 179
105 219
105 211
105 5
105 71
105 165
105 217
105 107
105 207
105 149
105 37
105 83
125 31
125 111
125 148
125 124
125 203
125 93
125 122
125 188
125 9
125 95
125 99
125 151
125 100
125 218
125 171
125 61
125 185
125 139
125 177
125 131
125 67
125 64
125 182
125 53
125 103
125 14
125 2
125 43
125 168
125 135
125 154
125 194
125 75
125 184
125 132
125 162
125 186
125 98
125 4
125 146
125 193
125 176
125 157
125 201
125 52
125 109
125 152
125 46
125 96
125 23
125 138
125 41
125 117
125 47
125 144
125 69
125 97
125 142
125 81
125 38
125 181
125 179
125 211
125 5
125 70
125 165
125 217
125 89
125 44
125 207
125 37
136 13
136 124
136 203
136 123
136 22
136 133
136 99
136 94
136 35
136 218
136 196
136 171
136 198
136 54
136 61
136 163
136 167
136 185
136 177
136 120
136 212
136 204
136 182
136 21
136 170
136 17
136 103
136 14
136 3
136 84
136 112
136 2
136 153
136 66
136 135
136 154
136 160
136 194
136 184
136 132
136 162
136 16
136 161
136 4
136 146
136 193
136 108
136 157
136 201
136 129
136 91
136 96
136 76
136 92
136 138
136 41
136 73
136 69
136 126
136 191
136 45
136 178
136 219
136 211
136 197
136 165
136 107
136 89
136 207
136 149
13 34
13 31
13 148
13 40
13 123
13 122
13 156
13 106
13 116
13 95
13 133
13 99
13 77
13 35
13 196
13 198
13 54
13 185
13 139
13 177
13 131
13 78
13 212
13 209
13 103
13 14
13 3
13 84
13 43
13 66
13 168
13 160
13 194
13 184
13 186
13 98
13 159
13 161
13 11
13 176
13 104
13 108
13 25
13 59
13 127
13 129
13 91
13 195
13 109
13 152
13 76
13 117
13 49
13 47
13 29
13 144
13 51
13 69
13 97
13 142
13 81
13 213
13 191
13 219
13 211
13 5
13 71
13 217
13 107
13 207
13 149
13 80
34 111
34 203
34 93
34 123
34 106
34 175
34 9
34 22
34 95
34 99
34 151
34 100
34 77
34 35
34 218
34 171
34 61
34 163
34 185
34 139
34 131
34 212
34 204
34 210
34 21
34 53
34 170
34 173
34 14
34 8
34 58
34 84
34 153
34 43
34 66
34 62
34 168
34 135
34 20
34 154
34 186
34 159
34 176
34 104
34 157
34 25
34 201
34 129
34 52
34 39
34 109
34 152
34 138
34 41
34 73
34 49
34 47
34 128
34 144
34 51
34 213
34 126
34 45
34 219
34 211
34 107
34 44
34 149
34 37
31 203
31 123
31 156
31 175
31 22
31 95
31 99
31 151
31 94
31 77
31 35
31 196
31 167
31 185
31 139
31 131
31 78
31 120
31 67
31 209
31 182
31 210
31 21
31 17
31 173
31 119
31 103
31 58
31 84
31 200
31 153
31 135
31 154
31 160
31 194
31 162
31 98
31 16
31 161
31 176
31 108
31 157
31 59
31 127
31 52
31 39
31 96
31 23
31 92
31 117
31 73
31 49
31 47
31 144
31 69
31 97
31 81
31 213
31 38
31 191
31 179
31 45
31 71
31 197
31 165
31 107
31 89
31 207
31 149
31 37
111 148
111 124
111 203
111 40
111 122
111 156
111 106
111 188
111 9
111 95
111 133
111 151
111 100
111 35
111 196
111 61
111 167
111 177
111 120
111 212
111 67
111 209
111 64
111 182
111 210
111 53
111 17
111 119
111 8
111 84
111 200
111 153
111 66
111 135
111 154
111 160
111 75
111 132
111 186
111 98
111 16
111 159
111 4
111 11
111 146
111 193
111 176
111 104
111 108
111 157
111 201
111 127
111 129
111 134
111 91
111 195
111 109
111 152
111 46
111 96
111 23
111 76
111 92
111 41
111 47
111 144
111 51
111 69
111 142
111 213
111 126
111 38
111 181
111 179
111 178
111 219
111 211
111 5
111 197
111 44
111 207
111 80
111 37
111 83
148 124
148 40
148 123
148 188
148 9
148 116
148 99
148 151
148 100
148 94
148 35
148 163
148 78
148 120
148 212
148 209
148 182
148 173
148 3
148 8
148 58
148 84
148 43
148 66
148 168
148 135
148 154
148 160
148 194
148 184
148 132
148 162
148 4
148 146
148 104
148 157
148 127
148 134
148 52
148 195
148 39
148 152
148 46
148 96
148 92
148 41
148 73
148 47
148 29
148 69
148 97
148 142
148 213
148 38
148 45
148 71
148 107
148 44
148 207
148 149
148 80
148 83
124 122
124 156
124 106
124 9
124 22
124 116
124 94
124 77
124 35
124 218
124 196
124 171
124 54
124 163
124 185
124 120
124 67
124 204
124 209
124 210
124 53
124 170
124 17
124 173
124 14
124 8
124 58
124 84
124 2
124 200
124 43
124 62
124 168
124 160
124 75
124 184
124 186
124 16
124 161
124 4
124 11
124 193
124 104
124 108
124 157
124 201
124 59
124 127
124 52
124 39
124 109
124 46
124 92
124 138
124 117
124 73
124 49
124 47
124 144
124 51
124 38
124 191
124 45
124 178
124 5
124 70
124 165
124 217
124 89
203 93
203 40
203 123
203 156
203 175
203 95
203 133
203 100
203 94
203 54
203 61
203 163
203 139
203 131
203 78
203 120
203 212
203 30
203 204
203 64
203 210
203 53
203 170
203 17
203 119
203 8
203 112
203 43
203 66
203 62
203 20
203 154
203 160
203 194
203 75
203 132
203 159
203 161
203 193
203 157
203 25
203 134
203 39
203 109
203 46
203 96
203 41
203 117
203 47
203 29
203 69
203 142
203 213
203 126
203 178
203 211
203 5
203 71
203 197
203 107
203 44
93 122
93 156
93 95
93 99
93 94
93 77
93 35
93 218
93 196
93 171
93 198
93 163
93 167
93 185
93 177
93 131
93 212
93 67
93 30
93 204
93 182
93 210
93 21
93 17
93 119
93 103
93 3
93 8
93 58
93 2
93 200
93 168
93 135
93 20
93 154
93 160
93 194
93 184
93 132
93 16
93 161
93 11
93 193
93 108
93 157
93 25
93 127
93 129
93 195
93 39
93 109
93 46
93 73
93 47
93 144
93 97
93 142
93 81
93 38
93 178
93 219
93 5
93 70
93 217
93 89
93 44
93 80
93 83
40 123
40 156
40 175
40 116
40 95
40 99
40 77
40 171
40 198
40 54
40 139
40 78
40 120
40 212
40 67
40 30
40 204
40 209
40 64
40 182
40 21
40 17
40 173
40 103
40 58
40 112
40 2
40 200
40 153
40 20
40 154
40 160
40 184
40 162
40 186
40 98
40 4
40 11
40 193
40 176
40 108
40 157
40 134
40 195
40 152
40 41
40 117
40 47
40 29
40 144
40 51
40 69
40 97
40 126
40 38
40 181
40 178
40 219
40 211
40 71
40 165
40 217
40 107
40 80
40 83
123 122
123 156
123 106
123 188
123 133
123 151
123 77
123 35
123 198
123 163
123 185
123 139
123 78
123 204
123 64
123 182
123 210
123 21
123 53
123 17
123 173
123 119
123 3
123 8
123 2
123 62
123 168
123 20
123 154
123 75
123 184
123 159
123 161
123 193
123 176
123 104
123 108
123 25
123 91
123 52
123 39
123 96
123 23
123 92
123 47
123 128
123 29
123 51
123 97
123 142
123 213
123 126
123 38
123 191
123 179
123 178
123 219
123 5
123 71
123 70
123 197
123 107
123 89
122 106
122 99
122 100
122 94
122 54
122 61
122 185
122 139
122 131
122 78
122 120
122 67
122 30
122 204
122 182
122 210
122 53
122 170
122 17
122 14
122 58
122 200
122 153
122 43
122 62
122 168
122 154
122 194
122 184
122 186
122 16
122 159
122 4
122 146
122 104
122 25
122 59
122 127
122 129
122 134
122 91
122 52
122 39
122 109
122 46
122 23
122 76
122 92
122 138
122 73
122 49
122 29
122 51
122 69
122 97
122 81
122 38
122 181
122 179
122 45
122 211
122 5
122 71
122 197
122 217
122 80
122 37
122 83
156 9
156 22
156 116
156 95
156 99
156 151
156 100
156 35
156 171
156 61
156 139
156 131
156 67
156 209
156 182
156 21
156 173
156 103
156 14
156 3
156 200
156 43
156 66
156 62
156 168
156 20
156 154
156 160
156 98
156 16
156 4
156 193
156 104
156 108
156 25
156 201
156 59
156 127
156 129
156 134
156 52
156 195
156 109
156 152
156 76
156 92
156 138
156 47
156 128
156 144
156 69
156 142
156 81
156 126
156 38
156 181
156 179
156 178
156 211
156 197
156 80
156 37
156 83
106 175
106 116
106 99
106 100
106 94
106 77
106 35
106 171
106 198
106 163
106 167
106 185
106 177
106 212
106 67
106 30
106 182
106 210
106 21
106 17
106 14
106 3
106 8
106 84
106 112
106 153
106 66
106 168
106 20
106 154
106 160
106 75
106 184
106 132
106 186
106 98
106 16
106 161
106 146
106 108
106 59
106 129
106 134
106 91
106 195
106 23
106 41
106 117
106 128
106 29
106 69
106 97
106 213
106 181
106 179
106 178
106 219
106 211
106 5
106 71
106 70
106 44
106 37
188 175
188 9
188 22
188 116
188 95
188 99
188 35
188 218
188 196
188 198
188 61
188 185
188 139
188 131
188 78
188 204
188 64
188 182
188 53
188 170
188 103
188 14
188 58
188 2
188 153
188 66
188 62
188 168
188 135
188 20
188 160
188 75
188 184
188 98
188 16
188 159
188 161
188 11
188 193
188 104
188 108
188 25
188 109
188 152
188 46
188 23
188 92
188 138
188 41
188 47
188 51
188 142
188 126
188 191
188 179
188 178
188 71
188 70
188 165
188 44
188 207
188 37
175 9
175 116
175 95
175 99
175 151
175 100
175 218
175 171
175 54
175 163
175 167
175 185
175 177
175 131
175 78
175 212
175 209
175 64
175 210
175 21
175 53
175 103
175 14
175 8
175 112
175 62
175 20
175 160
175 75
175 184
175 162
175 98
175 159
175 161
175 146
175 193
175 104
175 108
175 157
175 201
175 59
175 127
175 129
175 52
175 109
175 41
175 47
175 97
175 81
175 213
175 126
175 181
175 179
175 178
175 211
175 5
175 70
175 89
9 116
9 151
9 94
9 196
9 171
9 54
9 61
9 163
9 167
9 185
9 177
9 131
9 67
9 30
9 182
9 21
9 173
9 119
9 103
9 14
9 58
9 84
9 112
9 2
9 43
9 62
9 20
9 160
9 194
9 184
9 162
9 186
9 98
9 159
9 146
9 201
9 127
9 39
9 109
9 96
9 76
9 92
9 49
9 29
9 144
9 142
9 81
9 191
9 181
9 179
9 165
9 89
9 44
9 83
22 100
22 94
22 77
22 35
22 163
22 167
22 185
22 139
22 177
22 120
22 30
22 209
22 182
22 53
22 170
22 173
22 119
22 103
22 14
22 3
22 8
22 200
22 153
22 66
22 62
22 20
22 184
22 132
22 16
22 159
22 161
22 11
22 193
22 104
22 157
22 25
22 127
22 91
22 195
22 39
22 152
22 76
22 138
22 41
22 117
22 49
22 128
22 144
22 51
22 142
22 126
22 191
22 181
22 179
22 5
22 197
22 207
22 149
22 37
116 99
116 94
116 77
116 171
116 198
116 54
116 167
116 139
116 177
116 78
116 212
116 67
116 182
116 170
116 119
116 103
116 8
116 112
116 153
116 66
116 62
116 168
116 135
116 20
116 154
116 75
116 184
116 98
116 16
116 161
116 11
116 146
116 104
116 25
116 201
116 59
116 91
116 52
116 195
116 109
116 152
116 46
116 76
116 138
116 117
116 47
116 144
116 97
116 213
116 126
116 45
116 178
116 211
116 5
116 71
116 70
116 197
116 217
116 89
116 44
116 80
116 37
116 83
95 133
95 99
95 100
95 77
95 196
95 171
95 54
95 167
95 185
95 139
95 212
95 67
95 30
95 204
95 210
95 21
95 53
95 170
95 17
95 3
95 8
95 43
95 168
95 160
95 98
95 16
95 161
95 193
95 176
95 108
95 201
95 129
95 134
95 91
95 52
95 152
95 96
95 76
95 92
95 138
95 41
95 117
95 73
95 49
95 47
95 128
95 29
95 144
95 51
95 97
95 142
95 81
95 181
95 178
95 219
95 70
95 165
95 89
95 44
95 80
95 37
133 99
133 151
133 94
133 77
133 196
133 171
133 198
133 163
133 167
133 185
133 131
133 67
133 21
133 53
133 170
133 17
133 173
133 119
133 58
133 112
133 2
133 153
133 43
133 168
133 20
133 154
133 194
133 75
133 162
133 186
133 159
133 4
133 146
133 157
133 25
133 201
133 129
133 91
133 46
133 76
133 92
133 41
133 128
133 144
133 142
133 126
133 191
133 181
133 219
133 70
133 197
133 217
133 107
133 89
133 149
133 80
133 37
133 83
99 151
99 100
99 94
99 77
99 218
99 198
99 185
99 177
99 212
99 67
99 30
99 209
99 64
99 53
99 17
99 119
99 103
99 58
99 153
99 62
99 168
99 135
99 20
99 154
99 194
99 184
99 186
99 98
99 4
99 11
99 193
99 108
99 157
99 201
99 134
99 52
99 195
99 23
99 41
99 49
99 51
99 69
99 97
99 81
99 213
99 191
99 181
99 179
99 45
99 5
99 107
99 89
99 149
99 80
99 37
151 77
151 35
151 196
151 171
151 139
151 177
151 78
151 120
151 212
151 30
151 209
151 21
151 53
151 17
151 173
151 119
151 58
151 200
151 43
151 66
151 62
151 168
151 135
151 154
151 160
151 75
151 162
151 16
151 161
151 193
151 104
151 108
151 157
151 25
151 201
151 91
151 52
151 195
151 39
151 96
151 23
151 76
151 117
151 144
151 69
151 97
151 126
151 191
151 179
151 45
151 211
151 70
151 107
151 89
151 44
151 80
100 94
100 35
100 171
100 54
100 139
100 212
100 67
100 30
100 64
100 21
100 53
100 103
100 14
100 2
100 200
100 43
100 62
100 135
100 154
100 160
100 194
100 75
100 162
100 16
100 193
100 104
100 157
100 25
100 59
100 91
100 52
100 109
100 152
100 46
100 23
100 92
100 117
100 51
100 69
100 142
100 81
100 213
100 38
100 191
100 181
100 178
100 219
100 211
100 5
100 71
100 165
100 107
100 207
100 149
100 80
100 83
94 171
94 198
94 61
94 177
94 131
94 212
94 30
94 204
94 209
94 64
94 21
94 170
94 119
94 3
94 8
94 58
94 112
94 43
94 66
94 62
94 168
94 20
94 160
94 184
94 159
94 161
94 146
94 104
94 91
94 195
94 109
94 152
94 96
94 128
94 29
94 81
94 191
94 179
94 219
94 70
94 107
94 89
94 44
94 149
77 35
77 218
77 196
77 61
77 139
77 67
77 30
77 209
77 210
77 53
77 170
77 17
77 173
77 103
77 3
77 8
77 153
77 20
77 160
77 194
77 132
77 186
77 98
77 16
77 159
77 193
77 104
77 108
77 157
77 25
77 201
77 127
77 91
77 52
77 195
77 152
77 96
77 92
77 138
77 41
77 47
77 128
77 144
77 69
77 142
77 81
77 213
77 219
77 211
77 5
77 70
77 197
77 89
77 44
77 207
77 37
77 83
35 196
35 198
35 61
35 185
35 139
35 177
35 131
35 30
35 209
35 182
35 210
35 21
35 53
35 170
35 17
35 173
35 14
35 3
35 58
35 84
35 2
35 200
35 43
35 62
35 160
35 194
35 132
35 162
35 161
35 146
35 193
35 176
35 104
35 108
35 201
35 59
35 129
35 52
35 195
35 109
35 96
35 23
35 92
35 117
35 73
35 49
35 128
35 51
35 69
35 81
35 213
35 38
35 191
35 211
35 71
35 197
35 165
35 89
35 44
35 149
35 80
35 37
218 196
218 198
218 54
218 61
218 163
218 185
218 139
218 78
218 30
218 209
218 64
218 182
218 210
218 53
218 170
218 119
218 103
218 58
218 43
218 66
218 160
218 194
218 184
218 98
218 4
218 11
218 193
218 176
218 108
218 201
218 59
218 134
218 52
218 109
218 152
218 46
218 96
218 23
218 138
218 117
218 73
218 49
218 51
218 213
218 126
218 38
218 181
218 219
218 211
218 5
218 71
218 70
218 197
218 107
218 44
218 149
218 83
196 171
196 163
196 177
196 209
196 64
196 17
196 173
196 103
196 14
196 112
196 2
196 200
196 153
196 66
196 62
196 135
196 160
196 75
196 132
196 161
196 11
196 108
196 157
196 25
196 201
196 59
196 129
196 52
196 195
196 109
196 152
196 46
196 76
196 92
196 138
196 73
196 49
196 29
196 69
196 97
196 142
196 213
196 126
196 191
196 181
196 179
196 45
196 178
196 211
196 5
196 70
196 107
196 89
196 149
196 37
196 83
171 185
171 139
171 177
171 78
171 120
171 64
171 182
171 210
171 21
171 53
171 170
171 17
171 173
171 119
171 14
171 58
171 84
171 112
171 2
171 200
171 153
171 43
171 66
171 62
171 168
171 20
171 154
171 184
171 132
171 98
171 16
171 161
171 11
171 176
171 104
171 59
171 127
171 134
171 52
171 195
171 46
171 96
171 92
171 138
171 117
171 49
171 47
171 69
171 97
171 38
171 191
171 181
171 178
171 5
171 197
171 165
171 107
171 44
171 80
171 37
171 83
198 167
198 177
198 131
198 78
198 67
198 209
198 182
198 53
198 17
198 119
198 14
198 3
198 8
198 58
198 43
198 62
198 154
198 160
198 184
198 98
198 161
198 146
198 193
198 176
198 104
198 157
198 25
198 201
198 129
198 134
198 52
198 195
198 109
198 96
198 92
198 41
198 117
198 73
198 49
198 69
198 97
198 81
198 126
198 38
198 191
198 219
198 211
198 5
198 165
198 44
198 207
198 80
198 37
198 83
54 163
54 167
54 139
54 177
54 131
54 78
54 120
54 67
54 30
54 204
54 64
54 210
54 53
54 103
54 14
54 3
54 58
54 112
54 66
54 135
54 20
54 154
54 160
54 184
54 162
54 98
54 159
54 161
54 11
54 146
54 193
54 157
54 25
54 59
54 129
54 91
54 52
54 109
54 46
54 23
54 76
54 41
54 49
54 128
54 29
54 144
54 51
54 213
54 191
54 211
54 165
54 149
54 80
54 37
61 163
61 185
61 131
61 120
61 67
61 204
61 209
61 64
61 182
61 21
61 170
61 173
61 119
61 8
61 58
61 84
61 200
61 153
61 43
61 66
61 62
61 135
61 160
61 194
61 184
61 132
61 162
61 159
61 4
61 146
61 193
61 104
61 52
61 195
61 109
61 46
61 96
61 76
61 92
61 138
61 117
61 144
61 51
61 69
61 97
61 142
61 213
61 38
61 179
61 219
61 197
61 217
61 107
61 207
61 80
61 37
163 212
163 67
163 209
163 64
163 182
163 210
163 53
163 173
163 119
163 14
163 58
163 112
163 200
163 43
163 66
163 62
163 135
163 20
163 194
163 184
163 132
163 162
163 98
163 159
163 4
163 146
163 108
163 25
163 59
163 127
163 91
163 52
163 195
163 39
163 109
163 46
163 23
163 76
163 41
163 49
163 47
163 128
163 144
163 69
163 181
163 45
163 211
163 71
163 165
163 89
163 207
163 149
163 80
163 83
167 120
167 212
167 67
167 30
167 204
167 182
167 210
167 21
167 53
167 170
167 17
167 58
167 84
167 112
167 2
167 200
167 153
167 66
167 20
167 160
167 184
167 186
167 159
167 4
167 146
167 201
167 59
167 127
167 134
167 52
167 195
167 39
167 152
167 46
167 96
167 49
167 47
167 128
167 29
167 144
167 51
167 69
167 97
167 142
167 126
167 179
167 45
167 219
167 211
167 71
167 70
167 217
167 107
167 89
167 207
167 149
185 131
185 212
185 30
185 204
185 209
185 21
185 53
185 173
185 119
185 8
185 84
185 200
185 168
185 135
185 20
185 154
185 160
185 194
185 75
185 132
185 162
185 16
185 161
185 146
185 176
185 104
185 129
185 134
185 91
185 52
185 195
185 152
185 96
185 23
185 76
185 92
185 117
185 73
185 49
185 128
185 29
185 51
185 81
185 38
185 191
185 181
185 178
185 71
185 197
185 217
185 107
185 89
185 44
185 149
185 83
139 78
139 120
139 64
139 210
139 53
139 170
139 173
139 3
139 43
139 66
139 168
139 135
139 160
139 132
139 186
139 98
139 16
139 159
139 11
139 146
139 193
139 104
139 108
139 201
139 59
139 127
139 129
139 134
139 195
139 46
139 96
139 92
139 138
139 41
139 117
139 73
139 49
139 47
139 144
139 97
139 213
139 126
139 38
139 178
139 219
139 211
139 5
139 71
139 70
139 165
139 217
139 207
139 80
177 120
177 204
177 210
177 21
177 53
177 170
177 103
177 14
177 3
177 84
177 200
177 153
177 43
177 154
177 194
177 75
177 132
177 186
177 161
177 4
177 146
177 176
177 108
177 157
177 25
177 59
177 127
177 195
177 39
177 152
177 96
177 23
177 92
177 138
177 128
177 29
177 144
177 69
177 81
177 181
177 179
177 219
177 211
177 70
177 217
177 89
177 149
177 83
131 120
131 212
131 30
131 209
131 64
131 21
131 53
131 17
131 173
131 119
131 3
131 2
131 43
131 154
131 160
131 194
131 75
131 184
131 132
131 159
131 11
131 193
131 176
131 104
131 108
131 157
131 201
131 59
131 129
131 91
131 52
131 109
131 152
131 96
131 23
131 73
131 47
131 29
131 144
131 97
131 142
131 81
131 126
131 38
131 191
131 181
131 179
131 45
131 219
131 211
131 5
131 71
131 217
131 44
131 80
131 37
78 67
78 30
78 204
78 209
78 64
78 182
78 210
78 21
78 53
78 170
78 103
78 14
78 3
78 8
78 84
78 112
78 2
78 43
78 168
78 20
78 154
78 160
78 75
78 186
78 16
78 161
78 11
78 146
78 193
78 176
78 104
78 157
78 25
78 59
78 195
78 39
78 152
78 46
78 92
78 117
78 49
78 128
78 81
78 38
78 219
78 211
78 165
78 107
78 89
78 44
78 207
78 149
78 80
78 37
120 212
120 204
120 209
120 182
120 53
120 17
120 173
120 8
120 58
120 2
120 66
120 62
120 168
120 154
120 194
120 184
120 98
120 16
120 176
120 104
120 157
120 91
120 52
120 39
120 23
120 138
120 41
120 117
120 73
120 49
120 29
120 144
120 51
120 126
120 181
120 179
120 45
120 178
120 219
120 211
120 5
120 70
120 197
120 165
120 217
120 44
120 207
120 149
212 209
212 17
212 173
212 119
212 103
212 84
212 112
212 153
212 66
212 62
212 168
212 135
212 160
212 75
212 186
212 16
212 159
212 4
212 176
212 25
212 201
212 127
212 134
212 52
212 195
212 39
212 109
212 152
212 46
212 96
212 76
212 92
212 128
212 144
212 69
212 142
212 213
212 126
212 191
212 181
212 178
212 211
212 71
212 197
212 165
212 89
212 44
67 30
67 204
67 209
67 182
67 210
67 53
67 17
67 173
67 119
67 103
67 3
67 84
67 200
67 153
67 43
67 66
67 62
67 168
67 20
67 154
67 184
67 162
67 98
67 159
67 4
67 11
67 146
67 157
67 25
67 39
67 152
67 96
67 76
67 117
67 73
67 49
67 47
67 51
67 69
67 97
67 142
67 81
67 38
67 191
67 45
67 219
67 211
67 5
67 89
67 207
67 80
67 83
30 64
30 210
30 21
30 53
30 170
30 173
30 103
30 112
30 2
30 200
30 153
30 43
30 62
30 20
30 160
30 194
30 75
30 184
30 186
30 161
30 4
30 11
30 146
30 108
30 157
30 25
30 201
30 129
30 134
30 91
30 52
30 109
30 76
30 41
30 117
30 47
30 144
30 69
30 97
30 142
30 213
30 126
30 191
30 45
30 178
30 5
30 197
30 107
30 89
30 80
204 209
204 64
204 210
204 53
204 17
204 119
204 103
204 8
204 112
204 200
204 62
204 135
204 160
204 194
204 75
204 132
204 186
204 98
204 4
204 11
204 146
204 193
204 176
204 157
204 25
204 201
204 91
204 52
204 109
204 46
204 23
204 117
204 73
204 47
204 128
204 144
204 97
204 213
204 126
204 38
204 181
204 179
204 219
204 211
204 71
204 70
204 217
204 89
209 210
209 17
209 173
209 103
209 8
209 58
209 112
209 200
209 153
209 43
209 154
209 75
209 132
209 159
209 4
209 11
209 176
209 104
209 108
209 91
209 195
209 46
209 76
209 92
209 138
209 73
209 49
209 47
209 29
209 144
209 69
209 142
209 81
209 179
209 219
209 211
209 5
209 71
209 197
209 217
209 89
209 44
209 207
209 80
209 83
64 173
64 119
64 8
64 58
64 43
64 66
64 62
64 168
64 20
64 160
64 75
64 184
64 132
64 159
64 161
64 4
64 11
64 146
64 193
64 104
64 157
64 59
64 134
64 52
64 46
64 76
64 41
64 29
64 51
64 142
64 213
64 38
64 219
64 5
64 70
64 197
64 165
64 217
64 89
64 44
64 207
64 149
64 80
64 37
182 210
182 21
182 53
182 17
182 119
182 103
182 14
182 3
182 8
182 58
182 2
182 200
182 66
182 62
182 154
182 194
182 75
182 162
182 98
182 159
182 161
182 4
182 176
182 108
182 129
182 134
182 195
182 39
182 23
182 92
182 117
182 49
182 29
182 144
182 69
182 97
182 81
182 213
182 126
182 38
182 191
182 179
182 45
182 178
182 219
182 70
182 165
182 217
182 107
210 17
210 173
210 8
210 58
210 84
210 200
210 153
210 43
210 66
210 62
210 168
210 135
210 20
210 132
210 162
210 186
210 98
210 16
210 4
210 11
210 193
210 176
210 108
210 157
210 25
210 91
210 96
210 23
210 76
210 117
210 73
210 47
210 29
210 69
210 126
210 191
210 219
210 71
210 165
210 149
21 170
21 17
21 173
21 119
21 14
21 3
21 58
21 2
21 200
21 43
21 66
21 154
21 194
21 184
21 132
21 162
21 98
21 161
21 201
21 52
21 195
21 23
21 76
21 29
21 144
21 69
21 142
21 81
21 38
21 179
21 45
21 178
21 197
21 149
21 80
21 37
21 83
53 3
53 84
53 2
53 66
53 135
53 154
53 184
53 132
53 162
53 11
53 146
53 193
53 176
53 104
53 108
53 25
53 201
53 59
53 127
53 129
53 134
53 91
53 52
53 195
53 109
53 152
53 46
53 23
53 76
53 73
53 47
53 29
53 69
53 142
53 81
53 126
53 191
53 179
53 45
53 211
53 165
53 217
53 107
53 89
53 207
53 149
53 37
170 17
170 103
170 3
170 112
170 153
170 43
170 20
170 160
170 184
170 132
170 162
170 98
170 4
170 11
170 176
170 104
170 108
170 25
170 201
170 91
170 52
170 109
170 152
170 23
170 138
170 41
170 117
170 73
170 49
170 47
170 142
170 213
170 126
170 38
170 191
170 45
170 178
170 211
170 5
170 71
170 165
170 217
170 107
170 207
170 80
170 37
17 84
17 112
17 43
17 194
17 75
17 184
17 162
17 186
17 98
17 159
17 161
17 11
17 146
17 104
17 25
17 59
17 127
17 91
17 39
17 152
17 96
17 92
17 138
17 73
17 47
17 51
17 69
17 178
17 211
17 70
17 197
17 217
17 89
17 207
17 83
173 103
173 14
173 58
173 2
173 153
173 66
173 62
173 168
173 135
173 20
173 160
173 194
173 75
173 184
173 162
173 159
173 4
173 176
173 104
173 127
173 195
173 39
173 109
173 152
173 46
173 41
173 49
173 142
173 81
173 213
173 191
173 181
173 45
173 219
173 211
173 71
173 70
173 197
173 165
173 217
173 149
173 37
119 8
119 84
119 112
119 62
119 168
119 20
119 75
119 132
119 186
119 16
119 161
119 4
119 11
119 25
119 52
119 109
119 76
119 92
119 73
119 49
119 47
119 213
119 38
119 191
119 181
119 178
119 219
119 71
119 107
119 89
119 44
119 149
119 37
103 58
103 135
103 160
103 75
103 184
103 162
103 186
103 16
103 159
103 161
103 11
103 104
103 108
103 157
103 25
103 59
103 91
103 195
103 39
103 152
103 96
103 23
103 76
103 92
103 41
103 117
103 49
103 29
103 144
103 51
103 69
103 97
103 213
103 126
103 179
103 178
103 71
103 70
103 165
103 217
103 89
103 207
103 80
103 83
14 8
14 84
14 112
14 43
14 168
14 135
14 20
14 154
14 75
14 161
14 11
14 146
14 193
14 176
14 104
14 157
14 25
14 201
14 59
14 127
14 134
14 91
14 195
14 39
14 76
14 92
14 138
14 49
14 29
14 97
14 81
14 38
14 219
14 211
14 5
14 197
14 165
14 217
14 107
14 149
14 80
3 8
3 112
3 2
3 153
3 66
3 62
3 160
3 194
3 75
3 184
3 186
3 98
3 4
3 176
3 25
3 201
3 59
3 134
3 152
3 96
3 23
3 76
3 92
3 117
3 47
3 29
3 51
3 142
3 191
3 181
3 178
3 71
3 70
3 107
3 89
3 149
8 58
8 66
8 62
8 168
8 135
8 194
8 132
8 186
8 98
8 16
8 159
8 161
8 4
8 193
8 176
8 108
8 59
8 134
8 91
8 195
8 39
8 109
8 46
8 41
8 117
8 29
8 144
8 51
8 97
8 142
8 81
8 213
8 191
8 181
8 179
8 178
8 211
8 5
8 71
8 197
8 44
8 207
8 80
58 112
58 2
58 200
58 153
58 43
58 66
58 62
58 168
58 135
58 160
58 194
58 184
58 132
58 162
58 186
58 161
58 11
58 176
58 104
58 157
58 127
58 129
58 134
58 91
58 52
58 39
58 152
58 23
58 138
58 117
58 73
58 49
58 47
58 51
58 69
58 142
58 81
58 213
58 126
58 38
58 181
58 179
58 45
58 219
58 211
58 71
58 197
58 89
58 149
58 83
84 153
84 168
84 20
84 194
84 186
84 4
84 11
84 193
84 176
84 104
84 25
84 201
84 59
84 129
84 91
84 195
84 96
84 76
84 41
84 47
84 29
84 51
84 97
84 81
84 213
84 181
84 178
84 219
84 211
84 5
84 70
84 149
84 37
84 83
112 200
112 153
112 62
112 168
112 135
112 20
112 160
112 194
112 132
112 16
112 161
112 4
112 176
112 108
112 157
112 25
112 201
112 127
112 134
112 91
112 52
112 195
112 109
112 23
112 92
112 117
112 47
112 29
112 144
112 69
112 142
112 81
112 126
112 38
112 181
112 179
112 45
112 178
112 219
112 211
112 70
112 197
112 107
112 149
112 37
2 135
2 20
2 154
2 160
2 75
2 184
2 132
2 98
2 161
2 4
2 146
2 25
2 127
2 129
2 134
2 91
2 52
2 195
2 152
2 46
2 96
2 23
2 73
2 47
2 128
2 29
2 51
2 69
2 97
2 213
2 126
2 38
2 191
2 181
2 178
2 219
2 71
2 70
2 197
2 165
2 217
2 89
2 44
200 43
200 62
200 168
200 135
200 154
200 160
200 75
200 132
200 186
200 16
200 146
200 193
200 176
200 25
200 201
200 129
200 134
200 91
200 52
200 109
200 152
200 46
200 92
200 138
200 41
200 49
200 29
200 69
200 142
200 213
200 191
200 179
200 70
200 89
200 207
200 149
200 37
200 83
153 168
153 135
153 20
153 160
153 194
153 75
153 132
153 162
153 186
153 98
153 16
153 161
153 146
153 193
153 176
153 104
153 201
153 59
153 134
153 91
153 52
153 195
153 152
153 46
153 23
153 41
153 117
153 49
153 47
153 29
153 144
153 51
153 69
153 142
153 126
153 181
153 178
153 219
153 211
153 5
153 197
153 217
153 89
153 44
153 207
153 80
153 37
153 83
43 168
43 135
43 20
43 160
43 194
43 132
43 186
43 161
43 4
43 193
43 104
43 25
43 127
43 129
43 39
43 46
43 23
43 138
43 29
43 51
43 69
43 142
43 81
43 213
43 126
43 191
43 45
43 178
43 219
43 70
43 165
43 44
43 80
66 168
66 135
66 20
66 154
66 162
66 98
66 16
66 161
66 4
66 176
66 104
66 108
66 157
66 127
66 39
66 96
66 117
66 47
66 128
66 51
66 213
66 126
66 45
66 211
66 71
66 197
66 165
66 107
66 89
66 44
66 83
62 168
62 135
62 160
62 186
62 4
62 146
62 176
62 157
62 127
62 91
62 52
62 195
62 39
62 109
62 152
62 76
62 128
62 29
62 144
62 81
62 213
62 191
62 181
62 5
62 107
62 37
168 154
168 75
168 184
168 98
168 159
168 4
168 11
168 176
168 108
168 127
168 129
168 134
168 52
168 39
168 109
168 152
168 96
168 138
168 41
168 117
168 73
168 49
168 47
168 128
168 144
168 51
168 69
168 81
168 126
168 38
168 191
168 181
168 179
168 178
168 5
168 70
168 165
168 217
168 107
168 89
168 149
168 80
135 20
135 154
135 160
135 75
135 184
135 162
135 186
135 98
135 16
135 4
135 146
135 193
135 176
135 108
135 25
135 201
135 59
135 134
135 91
135 96
135 23
135 76
135 92
135 117
135 47
135 128
135 29
135 81
135 126
135 179
135 178
135 211
135 5
135 71
135 70
135 165
135 89
135 44
135 207
135 149
135 80
135 83
20 154
20 132
20 162
20 161
20 4
20 11
20 193
20 176
20 104
20 108
20 157
20 25
20 129
20 91
20 96
20 76
20 47
20 128
20 29
20 51
20 97
20 142
20 38
20 179
20 219
20 211
20 70
20 217
20 207
20 149
20 80
154 194
154 75
154 132
154 162
154 98
154 16
154 11
154 193
154 157
154 25
154 201
154 127
154 129
154 52
154 109
154 46
154 23
154 76
154 138
154 41
154 117
154 73
154 47
154 128
154 29
154 69
154 38
154 191
154 179
154 219
154 211
154 5
154 71
154 197
154 89
154 44
154 207
154 80
154 37
160 75
160 132
160 186
160 98
160 159
160 161
160 4
160 11
160 108
160 25
160 59
160 129
160 134
160 152
160 46
160 96
160 138
160 73
160 142
160 38
160 191
160 181
160 45
160 219
160 70
160 165
160 149
160 80
194 75
194 132
194 162
194 186
194 98
194 16
194 11
194 146
194 193
194 176
194 201
194 59
194 134
194 91
194 195
194 39
194 96
194 23
194 76
194 138
194 41
194 117
194 47
194 128
194 29
194 97
194 142
194 81
194 126
194 38
194 191
194 45
194 178
194 219
194 71
194 197
194 165
194 89
194 207
194 80
194 37
194 83
75 132
75 186
75 98
75 16
75 146
75 176
75 104
75 25
75 129
75 195
75 39
75 109
75 152
75 46
75 96
75 92
75 47
75 128
75 29
75 97
75 81
75 38
75 45
75 178
75 219
75 211
75 5
75 71
75 107
75 89
75 44
75 207
75 37
184 132
184 161
184 4
184 11
184 146
184 193
184 108
184 157
184 201
184 129
184 91
184 52
184 195
184 39
184 76
184 117
184 47
184 144
184 51
184 97
184 142
184 81
184 126
184 179
184 45
184 178
184 219
184 211
184 5
184 70
184 197
184 89
184 80
184 37
184 83
132 98
132 16
132 4
132 193
132 176
132 108
132 157
132 201
132 46
132 96
132 23
132 76
132 92
132 138
132 73
132 47
132 128
132 144
132 142
132 178
132 219
132 211
132 5
132 70
132 197
132 89
132 37
162 159
162 4
162 146
162 193
162 104
162 157
162 25
162 134
162 52
162 109
162 96
162 23
162 41
162 117
162 73
162 49
162 29
162 142
162 213
162 126
162 181
162 45
162 219
162 211
162 5
162 71
162 197
162 217
162 107
162 89
162 37
186 98
186 159
186 161
186 4
186 146
186 176
186 157
186 201
186 59
186 129
186 134
186 195
186 152
186 46
186 76
186 41
186 117
186 73
186 49
186 47
186 51
186 142
186 81
186 126
186 38
186 181
186 179
186 45
186 219
186 5
186 70
186 197
186 107
186 83
98 16
98 161
98 146
98 104
98 108
98 157
98 25
98 129
98 134
98 91
98 195
98 109
98 152
98 138
98 73
98 49
98 128
98 51
98 69
98 97
98 142
98 126
98 181
98 45
98 178
98 5
98 70
98 165
98 217
98 107
98 44
98 37
16 159
16 108
16 25
16 201
16 59
16 127
16 129
16 91
16 52
16 195
16 152
16 46
16 96
16 92
16 138
16 41
16 73
16 49
16 128
16 29
16 144
16 69
16 97
16 213
16 38
16 181
16 178
16 211
16 71
16 70
16 197
16 217
16 107
16 89
16 44
16 207
16 149
16 37
159 4
159 193
159 176
159 157
159 25
159 59
159 129
159 134
159 91
159 52
159 152
159 46
159 96
159 23
159 41
159 117
159 47
159 128
159 144
159 51
159 69
159 142
159 38
159 45
159 211
159 5
159 70
159 197
159 217
161 4
161 11
161 108
161 59
161 129
161 134
161 195
161 39
161 152
161 46
161 96
161 76
161 117
161 49
161 47
161 128
161 144
161 69
161 81
161 213
161 126
161 181
161 179
161 45
161 178
161 70
161 197
161 107
161 44
161 80
4 11
4 104
4 157
4 201
4 52
4 39
4 152
4 46
4 96
4 138
4 41
4 73
4 47
4 97
4 213
4 126
4 38
4 45
4 178
4 219
4 5
4 71
4 70
4 197
4 165
4 217
4 107
4 44
4 149
4 83
11 146
11 25
11 201
11 59
11 134
11 195
11 39
11 109
11 46
11 23
11 76
11 41
11 29
11 51
11 213
11 38
11 181
11 179
11 211
11 5
11 165
11 207
11 149
11 80
146 176
146 108
146 201
146 127
146 129
146 109
146 152
146 23
146 76
146 92
146 41
146 47
146 29
146 69
146 97
146 213
146 38
146 191
146 181
146 45
146 178
146 219
146 211
146 71
146 197
146 165
146 83
193 176
193 104
193 127
193 134
193 91
193 195
193 109
193 96
193 92
193 138
193 117
193 73
193 49
193 47
193 144
193 69
193 97
193 213
193 126
193 38
193 181
193 70
193 197
193 217
193 107
193 89
193 44
193 149
193 80
193 83
176 104
176 157
176 59
176 127
176 129
176 52
176 39
176 96
176 23
176 138
176 41
176 73
176 47
176 69
176 142
176 81
176 126
176 191
176 179
176 45
176 178
176 211
176 5
176 165
176 44
176 207
176 80
104 108
104 157
104 25
104 127
104 129
104 134
104 52
104 152
104 23
104 138
104 41
104 47
104 128
104 29
104 97
104 142
104 191
104 45
104 197
104 217
104 107
104 89
104 44
104 207
104 37
108 157
108 25
108 201
108 59
108 152
108 46
108 96
108 23
108 76
108 92
108 41
108 117
108 73
108 47
108 144
108 69
108 97
108 178
108 211
108 217
108 44
108 207
108 37
157 201
157 59
157 91
157 52
157 39
157 109
157 23
157 76
157 92
157 138
157 41
157 73
157 49
157 47
157 97
157 213
157 191
157 179
157 45
157 178
157 211
157 70
157 165
157 89
157 44
157 149
157 37
157 83
25 201
25 59
25 127
25 134
25 91
25 39
25 109
25 96
25 23
25 92
25 138
25 117
25 51
25 126
25 179
25 45
25 219
25 5
25 71
25 70
25 165
25 149
25 80
25 83
201 59
201 127
201 129
201 195
201 46
201 96
201 92
201 138
201 117
201 49
201 69
201 97
201 142
201 181
201 45
201 178
201 219
201 70
201 217
201 207
201 149
201 80
59 129
59 134
59 91
59 52
59 195
59 39
59 46
59 92
59 138
59 73
59 47
59 128
59 29
59 144
59 69
59 142
59 81
59 213
59 126
59 38
59 191
59 179
59 45
59 197
59 165
59 80
127 129
127 91
127 52
127 195
127 152
127 46
127 76
127 117
127 49
127 128
127 29
127 69
127 97
127 142
127 81
127 213
127 126
127 38
127 191
127 181
127 179
127 211
127 5
127 165
127 107
127 44
127 80
129 39
129 152
129 46
129 96
129 76
129 117
129 73
129 49
129 142
129 81
129 213
129 38
129 191
129 181
129 45
129 178
129 5
129 70
129 217
129 44
129 207
129 80
129 37
134 91
134 39
134 109
134 152
134 96
134 23
134 76
134 92
134 138
134 117
134 73
134 128
134 144
134 69
134 213
134 126
134 191
134 181
134 45
134 178
134 219
134 70
134 197
134 165
134 217
134 107
134 89
134 44
134 207
134 37
91 52
91 109
91 96
91 23
91 76
91 138
91 29
91 144
91 69
91 97
91 142
91 181
91 45
91 5
91 71
91 44
91 207
91 83
52 109
52 152
52 46
52 96
52 117
52 73
52 49
52 128
52 51
52 126
52 179
52 45
52 219
52 211
52 70
52 197
52 165
52 217
52 107
52 89
52 44
195 39
195 152
195 46
195 92
195 41
195 73
195 29
195 51
195 69
195 142
195 81
195 38
195 191
195 45
195 219
195 211
195 5
195 70
195 217
195 207
195 149
195 80
39 109
39 152
39 46
39 96
39 41
39 117
39 49
39 128
39 144
39 51
39 97
39 213
39 38
39 179
39 178
39 219
39 71
39 70
39 197
39 217
39 107
39 44
39 149
39 83
109 152
109 46
109 76
109 138
109 41
109 73
109 49
109 47
109 29
109 144
109 69
109 97
109 142
109 81
109 191
109 181
109 178
109 197
109 217
109 107
109 149
109 37
152 46
152 92
152 138
152 41
152 117
152 73
152 49
152 213
152 126
152 179
152 45
152 178
152 211
152 71
152 165
152 89
152 80
46 76
46 41
46 49
46 47
46 142
46 126
46 38
46 179
46 178
46 219
46 211
46 5
46 71
46 197
46 107
46 89
46 44
46 207
46 149
46 37
96 92
96 41
96 117
96 29
96 144
96 97
96 81
96 191
96 181
96 179
96 45
96 178
96 219
96 211
96 71
96 70
96 107
96 89
96 207
96 149
96 83
23 76
23 29
23 144
23 81
23 38
23 181
23 179
23 178
23 211
23 5
23 71
23 165
23 217
23 107
23 44
23 149
23 80
76 41
76 29
76 213
76 191
76 181
76 217
76 89
76 37
92 138
92 117
92 73
92 49
92 29
92 144
92 69
92 213
92 191
92 181
92 179
92 45
92 211
92 70
92 165
92 217
92 89
92 149
92 37
92 83
138 41
138 49
138 29
138 144
138 69
138 142
138 213
138 126
138 191
138 181
138 219
138 71
138 197
138 107
138 89
138 44
138 80
138 37
138 83
41 73
41 47
41 128
41 29
41 51
41 213
41 126
41 38
41 191
41 181
41 179
41 107
41 89
117 73
117 49
117 144
117 51
117 97
117 142
117 213
117 178
117 219
117 211
117 71
117 70
117 197
117 217
117 37
73 47
73 128
73 51
73 213
73 126
73 38
73 181
73 179
73 219
73 211
73 5
73 70
73 89
73 44
73 80
73 83
49 47
49 126
49 191
49 179
49 45
49 219
49 71
49 165
49 217
49 44
49 207
49 149
49 80
49 37
49 83
47 51
47 69
47 97
47 81
47 219
47 5
47 71
47 70
47 107
47 89
47 149
47 80
47 37
47 83
128 144
128 51
128 81
128 213
128 38
128 211
128 5
128 71
128 70
128 197
128 165
128 217
128 107
128 89
128 80
128 37
29 144
29 97
29 142
29 213
29 126
29 38
29 191
29 179
29 45
29 178
29 219
29 211
29 71
29 70
29 197
29 165
29 217
29 107
29 89
29 207
29 37
144 142
144 213
144 126
144 191
144 181
144 45
144 178
144 219
144 70
144 165
144 107
144 44
144 149
51 142
51 191
51 179
51 178
51 219
51 71
51 165
51 217
51 107
51 44
51 207
69 97
69 142
69 213
69 191
69 179
69 45
69 211
69 70
69 197
69 107
69 44
69 207
69 80
69 37
97 142
97 126
97 38
97 191
97 181
97 45
97 178
97 219
97 211
97 5
97 71
97 70
97 37
142 81
142 213
142 126
142 181
142 5
142 71
142 165
142 89
142 44
142 207
142 149
142 37
81 181
81 179
81 45
81 178
81 5
81 165
81 217
81 107
81 89
81 44
81 80
81 37
213 191
213 181
213 45
213 178
213 219
213 211
213 70
213 165
213 107
213 89
213 44
213 149
213 80
213 37
213 83
126 179
126 219
126 5
126 70
126 217
126 107
126 207
126 80
126 37
126 83
38 191
38 219
38 211
38 197
38 217
38 107
38 89
38 207
38 80
38 37
38 83
191 219
191 70
191 165
191 107
191 89
191 44
191 149
191 80
191 37
181 179
181 219
181 211
181 197
181 165
181 149
181 80
181 83
179 45
179 219
179 70
179 197
179 165
179 217
179 107
179 89
179 207
179 80
45 178
45 211
45 70
45 197
45 107
45 37
45 83
178 211
178 5
178 71
178 70
178 107
178 89
178 44
178 149
178 80
178 37
219 211
219 5
219 71
219 197
219 165
219 217
219 107
219 89
219 207
219 149
219 80
219 37
219 83
211 5
211 70
211 165
211 217
211 107
211 207
211 149
211 80
211 83
5 89
5 44
5 149
5 80
5 83
71 70
71 44
71 207
71 83
70 165
70 107
70 207
70 80
70 83
165 217
165 89
165 44
165 207
165 149
165 37
165 83
217 89
217 44
217 207
217 80
107 207
107 149
107 80
89 44
89 37
89 83
44 207
44 149
44 37
207 80
207 37
149 37
149 83
