*verties 205
111
7
164
21
4
23
89
133
191
0
179
83
28
218
194
200
8
185
135
115
193
49
127
219
150
132
173
91
101
201
52
104
54
181
30
67
110
214
209
168
70
48
155
87
29
174
195
51
31
184
154
152
147
117
151
175
141
166
170
113
156
107
36
57
77
11
45
13
65
12
15
198
105
75
159
124
62
116
169
199
79
216
69
148
167
158
161
20
14
32
39
180
178
177
92
206
153
138
100
63
46
211
74
55
16
123
136
50
160
176
64
215
96
125
217
149
66
142
157
190
38
18
137
41
99
78
2
44
60
128
10
9
145
188
118
94
68
130
71
22
98
27
84
102
6
203
131
59
120
144
140
122
76
129
187
53
172
33
19
186
58
205
95
146
34
37
163
1
134
3
109
192
126
90
212
204
197
82
121
207
119
47
112
103
189
183
85
80
213
97
61
93
171
139
17
40
143
182
165
106
162
88
208
26
108
*edges 
111 89
111 133
111 191
111 179
111 200
111 115
111 173
111 181
111 67
111 110
111 48
111 155
111 174
111 51
111 31
111 152
111 151
111 175
111 141
111 166
111 113
111 156
111 36
111 45
111 13
111 12
111 15
111 198
111 75
111 62
111 158
111 20
111 14
111 39
111 177
111 206
111 153
111 138
111 100
111 74
111 55
111 16
111 50
111 160
111 125
111 149
111 66
111 78
111 2
111 188
111 118
111 94
111 22
111 27
111 84
111 6
111 203
111 131
111 120
111 140
111 19
111 186
111 58
111 3
111 207
111 119
111 112
111 103
111 189
111 61
111 17
111 143
111 182
111 165
111 106
111 162
111 208
7 164
7 4
7 191
7 28
7 185
7 135
7 150
7 132
7 101
7 104
7 30
7 67
7 110
7 168
7 70
7 48
7 87
7 174
7 31
7 154
7 147
7 151
7 141
7 113
7 156
7 107
7 36
7 11
7 199
7 79
7 20
7 32
7 178
7 177
7 206
7 153
7 138
7 63
7 74
7 160
7 176
7 96
7 149
7 157
7 190
7 10
7 9
7 145
7 118
7 68
7 98
7 27
7 102
7 131
7 144
7 129
7 187
7 172
7 19
7 95
7 34
7 109
7 192
7 204
7 121
7 207
7 189
7 85
7 213
7 97
7 93
7 40
7 165
7 208
7 26
164 21
164 23
164 89
164 133
164 191
164 28
164 127
164 219
164 173
164 101
164 201
164 30
164 70
164 155
164 29
164 174
164 195
164 147
164 151
164 175
164 141
164 166
164 170
164 36
164 57
164 45
164 65
164 15
164 198
164 105
164 75
164 124
164 62
164 116
164 169
164 79
164 69
164 148
164 167
164 20
164 39
164 178
164 92
164 63
164 74
164 123
164 50
164 96
164 125
164 149
164 142
164 18
164 137
164 78
164 128
164 10
164 9
164 145
164 94
164 130
164 22
164 84
164 131
164 140
164 76
164 53
164 172
164 19
164 146
164 34
164 37
164 1
164 134
164 3
164 204
164 103
164 183
164 85
164 213
164 97
164 61
164 40
164 143
164 165
164 162
164 88
164 208
164 108
21 4
21 0
21 28
21 218
21 8
21 135
21 49
21 132
21 173
21 101
21 201
21 104
21 181
21 30
21 214
21 209
21 70
21 48
21 155
21 29
21 195
21 51
21 31
21 36
21 11
21 45
21 65
21 198
21 124
21 62
21 169
21 69
21 161
21 178
21 177
21 92
21 206
21 138
21 100
21 211
21 74
21 123
21 176
21 66
21 142
21 157
21 137
21 99
21 44
21 60
21 10
21 145
21 94
21 71
21 22
21 98
21 102
21 6
21 203
21 144
21 140
21 122
21 76
21 187
21 172
21 163
21 192
21 126
21 90
21 204
21 119
21 47
21 112
21 183
21 85
21 97
21 171
21 139
21 40
21 182
21 165
21 208
4 89
4 133
4 0
4 28
4 200
4 115
4 193
4 49
4 173
4 101
4 104
4 30
4 67
4 110
4 168
4 70
4 29
4 174
4 51
4 31
4 184
4 152
4 117
4 141
4 166
4 113
4 77
4 11
4 65
4 124
4 62
4 199
4 216
4 148
4 20
4 14
4 39
4 178
4 177
4 206
4 100
4 63
4 211
4 16
4 50
4 160
4 176
4 96
4 217
4 149
4 66
4 157
4 190
4 41
4 99
4 10
4 188
4 71
4 27
4 84
4 6
4 203
4 59
4 120
4 144
4 140
4 122
4 129
4 53
4 58
4 205
4 95
4 37
4 163
4 1
4 134
4 3
4 126
4 212
4 121
4 47
4 103
4 189
4 85
4 80
4 93
4 171
4 139
4 143
4 165
4 106
4 88
23 0
23 200
23 8
23 185
23 193
23 219
23 150
23 173
23 91
23 101
23 110
23 214
23 209
23 168
23 48
23 87
23 184
23 154
23 117
23 151
23 175
23 156
23 12
23 15
23 105
23 75
23 62
23 199
23 79
23 167
23 161
23 14
23 206
23 153
23 46
23 211
23 74
23 55
23 160
23 64
23 215
23 96
23 149
23 137
23 128
23 118
23 94
23 68
23 71
23 27
23 84
23 102
23 131
23 122
23 172
23 19
23 186
23 146
23 163
23 1
23 192
23 90
23 212
23 204
23 197
23 121
23 47
23 183
23 97
23 61
23 93
23 139
23 17
23 106
23 162
23 208
89 179
89 83
89 194
89 200
89 8
89 193
89 127
89 132
89 173
89 101
89 52
89 104
89 54
89 181
89 67
89 209
89 168
89 70
89 29
89 31
89 184
89 154
89 117
89 141
89 36
89 57
89 11
89 65
89 75
89 124
89 169
89 69
89 167
89 158
89 161
89 20
89 39
89 92
89 138
89 100
89 63
89 46
89 55
89 16
89 136
89 176
89 215
89 125
89 66
89 157
89 137
89 78
89 145
89 94
89 130
89 203
89 59
89 187
89 33
89 205
89 146
89 37
89 134
89 109
89 126
89 90
89 212
89 204
89 197
89 82
89 47
89 189
89 80
89 97
89 61
89 93
89 171
89 106
89 162
89 208
89 26
133 0
133 179
133 83
133 28
133 218
133 219
133 132
133 173
133 201
133 104
133 181
133 30
133 67
133 110
133 214
133 195
133 31
133 184
133 151
133 175
133 141
133 170
133 113
133 156
133 107
133 77
133 11
133 13
133 15
133 198
133 75
133 159
133 169
133 199
133 148
133 158
133 20
133 32
133 39
133 153
133 63
133 211
133 50
133 125
133 142
133 190
133 18
133 41
133 78
133 44
133 145
133 118
133 130
133 98
133 27
133 131
133 120
133 76
133 129
133 187
133 53
133 33
133 19
133 205
133 37
133 1
133 197
133 82
133 119
133 112
133 103
133 183
133 213
133 93
133 139
133 17
133 182
133 162
133 108
191 218
191 194
191 49
191 127
191 150
191 173
191 101
191 54
191 168
191 155
191 87
191 195
191 51
191 31
191 184
191 154
191 151
191 170
191 113
191 107
191 36
191 75
191 124
191 79
191 69
191 167
191 161
191 14
191 39
191 178
191 92
191 206
191 46
191 215
191 125
191 142
191 190
191 38
191 99
191 2
191 44
191 128
191 10
191 9
191 188
191 94
191 68
191 130
191 71
191 102
191 6
191 203
191 59
191 120
191 140
191 19
191 205
191 146
191 204
191 197
191 121
191 207
191 47
191 103
191 189
191 213
191 97
191 93
191 139
191 40
191 143
191 165
191 162
191 26
0 28
0 218
0 8
0 193
0 219
0 173
0 67
0 110
0 214
0 155
0 87
0 29
0 31
0 184
0 151
0 141
0 113
0 11
0 65
0 198
0 216
0 148
0 167
0 39
0 100
0 46
0 55
0 136
0 50
0 160
0 215
0 96
0 217
0 142
0 38
0 18
0 99
0 78
0 44
0 128
0 9
0 145
0 118
0 68
0 22
0 98
0 6
0 203
0 140
0 205
0 146
0 90
0 212
0 204
0 112
0 103
0 183
0 213
0 171
0 26
179 194
179 200
179 127
179 132
179 91
179 101
179 104
179 54
179 30
179 110
179 214
179 168
179 70
179 48
179 155
179 29
179 51
179 31
179 154
179 152
179 117
179 151
179 166
179 113
179 107
179 11
179 65
179 12
179 105
179 75
179 159
179 116
179 199
179 79
179 69
179 32
179 180
179 92
179 138
179 46
179 211
179 74
179 55
179 176
179 64
179 215
179 149
179 18
179 78
179 2
179 44
179 60
179 9
179 145
179 188
179 118
179 130
179 22
179 98
179 102
179 203
179 59
179 122
179 187
179 172
179 19
179 186
179 58
179 205
179 37
179 1
179 109
179 192
179 126
179 90
179 204
179 197
179 121
179 47
179 183
179 213
179 61
179 17
179 40
179 182
179 88
179 208
83 185
83 135
83 193
83 49
83 173
83 201
83 168
83 155
83 87
83 174
83 195
83 154
83 152
83 141
83 166
83 113
83 57
83 77
83 11
83 13
83 65
83 12
83 15
83 105
83 124
83 62
83 116
83 169
83 79
83 148
83 158
83 161
83 20
83 14
83 39
83 74
83 123
83 176
83 64
83 125
83 217
83 142
83 157
83 38
83 41
83 99
83 128
83 9
83 145
83 118
83 94
83 130
83 71
83 22
83 98
83 84
83 102
83 131
83 120
83 140
83 122
83 129
83 187
83 205
83 34
83 37
83 163
83 134
83 126
83 90
83 204
83 197
83 82
83 119
83 103
83 189
83 183
83 85
83 171
83 165
83 106
28 200
28 8
28 127
28 219
28 150
28 173
28 91
28 52
28 104
28 110
28 214
28 70
28 48
28 155
28 87
28 29
28 195
28 51
28 184
28 152
28 151
28 141
28 170
28 107
28 13
28 65
28 15
28 198
28 105
28 159
28 124
28 199
28 167
28 20
28 39
28 177
28 211
28 55
28 136
28 217
28 190
28 18
28 137
28 2
28 9
28 145
28 188
28 22
28 27
28 84
28 102
28 203
28 140
28 122
28 129
28 187
28 53
28 33
28 205
28 95
28 146
28 34
28 37
28 163
28 3
28 90
28 212
28 197
28 82
28 121
28 207
28 119
28 47
28 85
28 213
28 97
28 61
28 93
28 17
28 165
28 106
28 162
28 88
218 200
218 127
218 150
218 101
218 201
218 52
218 30
218 214
218 209
218 48
218 195
218 184
218 154
218 152
218 151
218 166
218 156
218 36
218 57
218 13
218 75
218 116
218 199
218 216
218 148
218 20
218 14
218 39
218 177
218 206
218 153
218 138
218 63
218 211
218 74
218 55
218 136
218 50
218 176
218 64
218 96
218 157
218 137
218 99
218 78
218 44
218 60
218 128
218 10
218 9
218 130
218 203
218 144
218 122
218 53
218 172
218 186
218 95
218 146
218 37
218 212
218 121
218 47
218 112
218 103
218 189
218 80
218 97
218 171
218 182
218 165
218 88
218 26
194 185
194 115
194 193
194 49
194 127
194 150
194 132
194 201
194 52
194 181
194 70
194 48
194 155
194 174
194 184
194 154
194 152
194 117
194 175
194 113
194 156
194 45
194 13
194 15
194 124
194 116
194 169
194 148
194 161
194 39
194 180
194 92
194 153
194 63
194 46
194 211
194 74
194 16
194 136
194 50
194 176
194 64
194 190
194 38
194 137
194 41
194 99
194 78
194 2
194 10
194 9
194 118
194 68
194 27
194 102
194 6
194 120
194 122
194 76
194 129
194 187
194 53
194 33
194 19
194 58
194 95
194 37
194 134
194 3
194 212
194 204
194 197
194 82
194 121
194 119
194 189
194 80
194 139
194 182
194 165
194 162
200 150
200 201
200 52
200 110
200 214
200 209
200 70
200 155
200 51
200 31
200 154
200 152
200 117
200 141
200 166
200 13
200 12
200 198
200 105
200 116
200 169
200 69
200 161
200 39
200 177
200 206
200 138
200 100
200 63
200 46
200 211
200 74
200 55
200 16
200 160
200 176
200 217
200 142
200 38
200 137
200 41
200 78
200 2
200 44
200 60
200 128
200 10
200 188
200 94
200 71
200 22
200 98
200 27
200 84
200 140
200 76
200 58
200 205
200 163
200 134
200 109
200 192
200 126
200 90
200 212
200 197
200 207
200 47
200 189
200 97
200 61
200 93
200 171
200 17
200 143
200 182
200 162
200 26
8 193
8 127
8 150
8 132
8 168
8 48
8 155
8 195
8 51
8 184
8 152
8 156
8 11
8 198
8 159
8 116
8 169
8 199
8 216
8 148
8 167
8 161
8 14
8 32
8 180
8 92
8 63
8 46
8 74
8 55
8 16
8 176
8 64
8 190
8 38
8 18
8 41
8 44
8 9
8 118
8 68
8 130
8 22
8 131
8 129
8 53
8 33
8 19
8 58
8 205
8 34
8 37
8 134
8 212
8 82
8 47
8 103
8 80
8 17
8 40
185 115
185 193
185 127
185 219
185 201
185 104
185 54
185 30
185 110
185 70
185 87
185 195
185 154
185 117
185 175
185 141
185 156
185 107
185 77
185 45
185 13
185 12
185 124
185 116
185 169
185 79
185 167
185 158
185 32
185 180
185 178
185 92
185 153
185 100
185 46
185 211
185 74
185 16
185 123
185 160
185 176
185 96
185 190
185 137
185 99
185 2
185 128
185 118
185 68
185 130
185 22
185 27
185 6
185 59
185 76
185 53
185 37
185 126
185 212
185 197
185 207
185 119
185 47
185 103
185 213
185 97
185 93
185 17
185 40
185 182
185 165
185 162
185 208
185 26
135 193
135 49
135 173
135 101
135 201
135 52
135 214
135 209
135 168
135 70
135 195
135 51
135 184
135 154
135 152
135 147
135 113
135 107
135 57
135 77
135 11
135 45
135 62
135 79
135 216
135 39
135 177
135 206
135 63
135 46
135 123
135 160
135 125
135 142
135 157
135 137
135 41
135 78
135 2
135 145
135 71
135 98
135 27
135 59
135 144
135 122
135 76
135 129
135 53
135 95
135 146
135 34
135 163
135 1
135 3
135 109
135 192
135 126
135 204
135 197
135 103
135 189
135 183
135 80
135 171
135 139
135 182
135 208
135 26
135 108
115 193
115 49
115 127
115 219
115 132
115 173
115 91
115 52
115 54
115 181
115 67
115 214
115 168
115 48
115 195
115 31
115 184
115 152
115 117
115 175
115 141
115 107
115 36
115 57
115 77
115 13
115 65
115 12
115 124
115 62
115 116
115 199
115 79
115 148
115 158
115 32
115 177
115 92
115 138
115 46
115 211
115 55
115 176
115 64
115 215
115 125
115 149
115 18
115 137
115 99
115 2
115 60
115 128
115 188
115 71
115 22
115 98
115 131
115 59
115 144
115 140
115 122
115 129
115 187
115 53
115 172
115 19
115 186
115 163
115 1
115 134
115 3
115 109
115 212
115 204
115 82
115 121
115 112
115 189
115 85
115 80
115 97
115 139
115 17
115 182
115 106
115 88
115 26
115 108
193 49
193 127
193 150
193 101
193 104
193 181
193 110
193 214
193 209
193 48
193 155
193 29
193 51
193 184
193 154
193 147
193 117
193 151
193 175
193 36
193 77
193 45
193 13
193 12
193 105
193 62
193 169
193 79
193 69
193 167
193 180
193 178
193 177
193 63
193 74
193 16
193 50
193 160
193 142
193 157
193 190
193 41
193 99
193 60
193 128
193 9
193 94
193 68
193 130
193 22
193 98
193 102
193 6
193 76
193 129
193 187
193 58
193 205
193 95
193 134
193 109
193 204
193 82
193 121
193 207
193 119
193 103
193 189
193 85
193 80
193 61
193 17
193 165
193 106
193 88
193 26
193 108
49 173
49 52
49 104
49 30
49 67
49 214
49 48
49 195
49 51
49 31
49 152
49 147
49 151
49 175
49 166
49 107
49 36
49 105
49 62
49 116
49 148
49 167
49 158
49 180
49 177
49 206
49 100
49 63
49 46
49 55
49 123
49 50
49 64
49 215
49 149
49 66
49 142
49 99
49 2
49 128
49 68
49 22
49 102
49 6
49 131
49 59
49 76
49 187
49 172
49 33
49 186
49 205
49 163
49 3
49 126
49 90
49 204
49 197
49 80
49 97
49 93
49 17
49 40
49 165
127 219
127 52
127 104
127 181
127 67
127 110
127 214
127 209
127 168
127 155
127 29
127 174
127 152
127 170
127 77
127 45
127 13
127 65
127 15
127 124
127 79
127 167
127 158
127 161
127 14
127 32
127 39
127 177
127 92
127 153
127 63
127 46
127 211
127 55
127 123
127 50
127 125
127 217
127 66
127 190
127 38
127 18
127 137
127 2
127 60
127 130
127 71
127 84
127 6
127 59
127 140
127 76
127 129
127 172
127 33
127 19
127 186
127 205
127 95
127 134
127 109
127 192
127 212
127 204
127 82
127 47
127 112
127 189
127 61
127 93
127 139
127 143
127 182
127 165
127 162
127 26
127 108
219 150
219 173
219 101
219 201
219 52
219 104
219 67
219 110
219 168
219 155
219 51
219 31
219 184
219 117
219 141
219 166
219 113
219 36
219 57
219 65
219 15
219 198
219 105
219 75
219 124
219 62
219 199
219 216
219 69
219 158
219 161
219 32
219 138
219 211
219 160
219 176
219 64
219 215
219 96
219 125
219 217
219 149
219 142
219 137
219 2
219 9
219 118
219 71
219 27
219 84
219 6
219 203
219 131
219 59
219 140
219 172
219 33
219 19
219 186
219 205
219 134
219 192
219 126
219 204
219 197
219 121
219 47
219 112
219 189
219 85
219 93
219 171
219 139
219 40
219 208
150 132
150 101
150 201
150 52
150 104
150 181
150 110
150 155
150 29
150 51
150 31
150 152
150 147
150 151
150 166
150 170
150 113
150 156
150 107
150 57
150 77
150 198
150 124
150 79
150 69
150 20
150 14
150 32
150 153
150 63
150 74
150 123
150 136
150 50
150 64
150 149
150 142
150 18
150 137
150 41
150 2
150 44
150 10
150 9
150 118
150 94
150 68
150 203
150 131
150 59
150 120
150 144
150 140
150 187
150 53
150 19
150 186
150 58
150 95
150 34
150 37
150 163
150 3
150 126
150 90
150 212
150 204
150 112
150 103
150 183
150 139
150 17
150 165
150 106
150 208
150 26
132 30
132 110
132 168
132 48
132 87
132 29
132 174
132 184
132 154
132 175
132 166
132 170
132 113
132 156
132 57
132 77
132 65
132 12
132 105
132 169
132 216
132 69
132 167
132 14
132 32
132 39
132 177
132 46
132 74
132 50
132 160
132 125
132 142
132 190
132 145
132 188
132 130
132 22
132 98
132 84
132 102
132 203
132 131
132 59
132 140
132 122
132 129
132 187
132 53
132 58
132 37
132 1
132 3
132 109
132 212
132 204
132 197
132 119
132 189
132 183
132 213
132 97
132 61
132 93
132 17
132 143
132 165
132 208
132 26
173 54
173 181
173 67
173 70
173 87
173 152
173 117
173 166
173 57
173 77
173 45
173 65
173 116
173 199
173 79
173 216
173 148
173 167
173 177
173 74
173 55
173 123
173 64
173 125
173 66
173 142
173 18
173 41
173 44
173 94
173 98
173 102
173 203
173 59
173 120
173 140
173 122
173 129
173 33
173 19
173 186
173 205
173 95
173 1
173 134
173 3
173 126
173 90
173 204
173 121
173 207
173 119
173 112
173 213
173 97
173 61
173 182
173 88
91 101
91 201
91 52
91 104
91 54
91 181
91 30
91 110
91 214
91 168
91 70
91 87
91 174
91 184
91 154
91 152
91 117
91 151
91 166
91 170
91 107
91 57
91 11
91 45
91 65
91 12
91 75
91 169
91 148
91 20
91 14
91 180
91 177
91 92
91 206
91 153
91 138
91 100
91 123
91 136
91 50
91 176
91 215
91 217
91 157
91 18
91 41
91 99
91 78
91 2
91 44
91 60
91 9
91 188
91 118
91 71
91 22
91 84
91 102
91 6
91 131
91 59
91 172
91 33
91 19
91 186
91 95
91 146
91 1
91 192
91 126
91 212
91 82
91 119
91 47
91 112
91 103
91 85
91 213
91 97
91 171
91 40
91 182
91 165
91 106
91 162
91 88
101 209
101 168
101 70
101 155
101 87
101 29
101 184
101 154
101 152
101 151
101 156
101 36
101 65
101 15
101 105
101 159
101 62
101 169
101 199
101 167
101 178
101 177
101 206
101 153
101 211
101 123
101 50
101 215
101 41
101 78
101 2
101 44
101 60
101 128
101 9
101 118
101 6
101 203
101 131
101 120
101 144
101 129
101 187
101 53
101 19
101 95
101 146
101 37
101 1
101 134
101 109
101 197
101 103
101 183
101 85
101 213
101 61
101 93
101 171
101 139
101 182
101 106
101 162
101 208
201 52
201 104
201 67
201 110
201 214
201 70
201 48
201 87
201 51
201 184
201 154
201 151
201 166
201 170
201 113
201 156
201 107
201 36
201 57
201 11
201 45
201 169
201 148
201 158
201 32
201 39
201 177
201 153
201 63
201 46
201 96
201 125
201 66
201 142
201 190
201 41
201 10
201 130
201 71
201 22
201 27
201 102
201 6
201 131
201 120
201 140
201 122
201 76
201 129
201 187
201 172
201 33
201 19
201 186
201 58
201 205
201 95
201 34
201 163
201 3
201 192
201 126
201 90
201 204
201 197
201 121
201 207
201 119
201 112
201 85
201 80
201 97
201 93
201 182
201 108
52 54
52 30
52 110
52 209
52 48
52 87
52 195
52 51
52 31
52 184
52 166
52 156
52 36
52 11
52 45
52 198
52 105
52 159
52 62
52 116
52 199
52 216
52 148
52 167
52 20
52 177
52 206
52 138
52 100
52 46
52 74
52 136
52 50
52 160
52 176
52 96
52 149
52 142
52 157
52 38
52 99
52 128
52 9
52 118
52 68
52 27
52 84
52 6
52 131
52 120
52 129
52 53
52 172
52 33
52 186
52 95
52 37
52 163
52 192
52 126
52 212
52 204
52 82
52 119
52 47
52 189
52 80
52 97
52 93
52 139
52 17
52 182
52 165
52 162
52 88
52 108
104 181
104 214
104 70
104 87
104 174
104 195
104 31
104 184
104 154
104 151
104 166
104 36
104 45
104 198
104 105
104 75
104 159
104 124
104 169
104 216
104 69
104 167
104 158
104 20
104 14
104 39
104 178
104 92
104 206
104 46
104 55
104 50
104 176
104 64
104 96
104 149
104 142
104 157
104 38
104 137
104 41
104 99
104 60
104 145
104 94
104 130
104 98
104 6
104 131
104 120
104 140
104 122
104 76
104 129
104 187
104 53
104 172
104 19
104 95
104 34
104 1
104 109
104 212
104 204
104 207
104 103
104 85
104 80
104 213
104 93
104 139
104 182
104 106
104 162
104 88
104 208
54 30
54 67
54 110
54 70
54 155
54 87
54 195
54 31
54 147
54 141
54 170
54 107
54 36
54 77
54 45
54 12
54 15
54 105
54 159
54 124
54 116
54 199
54 148
54 167
54 161
54 32
54 180
54 178
54 138
54 46
54 136
54 50
54 160
54 64
54 215
54 96
54 125
54 66
54 157
54 18
54 137
54 41
54 78
54 2
54 10
54 9
54 188
54 94
54 68
54 22
54 84
54 59
54 120
54 144
54 140
54 76
54 129
54 187
54 33
54 95
54 134
54 3
54 192
54 90
54 197
54 112
54 85
54 80
54 213
54 182
54 165
54 106
54 88
54 208
181 67
181 214
181 209
181 155
181 87
181 174
181 31
181 117
181 151
181 170
181 113
181 107
181 57
181 77
181 65
181 15
181 199
181 167
181 158
181 161
181 20
181 14
181 178
181 206
181 153
181 46
181 16
181 160
181 64
181 96
181 125
181 66
181 142
181 38
181 18
181 44
181 94
181 68
181 98
181 102
181 6
181 203
181 76
181 129
181 187
181 186
181 163
181 192
181 197
181 121
181 47
181 103
181 189
181 183
181 85
181 80
181 97
181 93
181 182
181 106
181 162
181 208
181 26
181 108
30 67
30 110
30 209
30 70
30 29
30 174
30 151
30 175
30 36
30 11
30 13
30 65
30 12
30 105
30 62
30 169
30 148
30 39
30 178
30 177
30 92
30 206
30 100
30 46
30 16
30 123
30 136
30 160
30 64
30 96
30 125
30 217
30 149
30 157
30 190
30 41
30 78
30 2
30 44
30 10
30 9
30 94
30 68
30 98
30 27
30 84
30 102
30 6
30 59
30 144
30 140
30 76
30 129
30 172
30 58
30 95
30 146
30 1
30 192
30 126
30 212
30 197
30 121
30 119
30 47
30 112
30 103
30 189
30 183
30 85
30 80
30 17
30 40
30 143
30 182
30 26
67 110
67 214
67 155
67 51
67 31
67 184
67 152
67 117
67 141
67 166
67 156
67 107
67 36
67 11
67 45
67 13
67 198
67 75
67 124
67 199
67 216
67 69
67 148
67 158
67 20
67 206
67 153
67 138
67 46
67 123
67 64
67 96
67 125
67 149
67 66
67 157
67 190
67 137
67 78
67 44
67 60
67 9
67 118
67 94
67 59
67 120
67 140
67 122
67 53
67 172
67 186
67 58
67 146
67 34
67 163
67 1
67 90
67 207
67 112
67 183
67 80
67 97
67 61
67 162
67 88
67 208
67 108
110 70
110 87
110 29
110 174
110 51
110 184
110 117
110 151
110 175
110 141
110 57
110 77
110 12
110 75
110 169
110 69
110 148
110 158
110 178
110 153
110 100
110 211
110 55
110 16
110 50
110 160
110 96
110 217
110 149
110 66
110 142
110 190
110 38
110 18
110 2
110 60
110 145
110 118
110 130
110 71
110 98
110 102
110 203
110 120
110 144
110 122
110 129
110 33
110 58
110 205
110 95
110 146
110 34
110 1
110 3
110 109
110 126
110 90
110 204
110 121
110 112
110 183
110 85
110 61
110 171
110 17
110 182
110 106
110 162
110 88
110 26
214 209
214 174
214 51
214 31
214 154
214 152
214 151
214 175
214 141
214 166
214 113
214 156
214 36
214 13
214 12
214 198
214 75
214 62
214 169
214 79
214 216
214 69
214 158
214 20
214 32
214 178
214 206
214 138
214 46
214 211
214 136
214 50
214 176
214 64
214 215
214 96
214 125
214 66
214 190
214 41
214 99
214 78
214 60
214 128
214 118
214 68
214 71
214 84
214 6
214 131
214 140
214 76
214 53
214 58
214 95
214 34
214 37
214 192
214 126
214 204
214 121
214 207
214 119
214 47
214 103
214 189
214 85
214 80
214 97
214 61
214 143
214 165
214 162
214 88
209 70
209 29
209 174
209 195
209 51
209 154
209 152
209 147
209 151
209 175
209 166
209 107
209 36
209 65
209 12
209 15
209 198
209 105
209 159
209 124
209 62
209 169
209 69
209 158
209 161
209 32
209 39
209 100
209 46
209 74
209 123
209 136
209 50
209 176
209 96
209 125
209 217
209 190
209 38
209 18
209 99
209 78
209 2
209 60
209 10
209 9
209 68
209 27
209 203
209 59
209 120
209 144
209 122
209 129
209 58
209 34
209 109
209 90
209 212
209 204
209 197
209 82
209 207
209 103
209 189
209 183
209 80
209 97
209 93
209 171
209 40
209 165
209 162
209 26
209 108
168 48
168 155
168 29
168 195
168 31
168 154
168 152
168 147
168 151
168 141
168 170
168 156
168 36
168 45
168 65
168 12
168 15
168 198
168 105
168 169
168 199
168 216
168 148
168 161
168 178
168 92
168 206
168 100
168 63
168 211
168 55
168 16
168 136
168 160
168 215
168 96
168 125
168 217
168 149
168 2
168 44
168 60
168 9
168 145
168 118
168 68
168 71
168 27
168 84
168 203
168 76
168 53
168 19
168 37
168 163
168 3
168 109
168 192
168 121
168 103
168 97
168 171
168 208
70 184
70 152
70 166
70 113
70 156
70 107
70 36
70 57
70 77
70 13
70 15
70 75
70 69
70 148
70 158
70 39
70 177
70 206
70 153
70 46
70 211
70 74
70 55
70 16
70 136
70 64
70 125
70 66
70 142
70 157
70 190
70 137
70 99
70 78
70 44
70 10
70 145
70 94
70 68
70 130
70 71
70 22
70 84
70 102
70 144
70 140
70 76
70 172
70 95
70 146
70 134
70 126
70 204
70 112
70 213
70 139
70 17
70 143
70 182
70 165
70 162
70 88
70 26
70 108
48 155
48 29
48 31
48 154
48 151
48 175
48 156
48 65
48 105
48 116
48 199
48 79
48 69
48 39
48 180
48 206
48 138
48 46
48 16
48 50
48 176
48 64
48 215
48 149
48 190
48 18
48 137
48 78
48 2
48 128
48 10
48 145
48 188
48 118
48 130
48 22
48 98
48 27
48 6
48 203
48 120
48 140
48 76
48 129
48 53
48 186
48 205
48 95
48 37
48 163
48 109
48 212
48 204
48 121
48 207
48 119
48 112
48 103
48 40
48 182
48 165
48 108
155 29
155 174
155 147
155 117
155 175
155 170
155 57
155 77
155 11
155 12
155 15
155 198
155 105
155 75
155 148
155 158
155 39
155 180
155 138
155 46
155 160
155 176
155 64
155 215
155 125
155 66
155 137
155 41
155 99
155 2
155 60
155 128
155 94
155 68
155 22
155 102
155 203
155 140
155 122
155 129
155 172
155 58
155 34
155 163
155 3
155 109
155 207
155 189
155 97
155 139
155 182
155 165
155 162
155 26
155 108
87 174
87 195
87 154
87 166
87 170
87 156
87 107
87 77
87 13
87 12
87 198
87 124
87 62
87 116
87 169
87 199
87 69
87 167
87 39
87 178
87 92
87 206
87 153
87 55
87 123
87 215
87 96
87 149
87 142
87 157
87 190
87 38
87 18
87 137
87 41
87 44
87 60
87 128
87 10
87 118
87 94
87 68
87 27
87 84
87 102
87 6
87 203
87 131
87 144
87 140
87 76
87 53
87 172
87 19
87 95
87 3
87 109
87 207
87 112
87 189
87 85
87 80
87 97
87 93
87 17
87 106
87 162
87 88
87 208
87 108
29 195
29 51
29 152
29 147
29 151
29 166
29 113
29 156
29 107
29 13
29 65
29 159
29 116
29 199
29 79
29 14
29 206
29 50
29 215
29 96
29 190
29 38
29 41
29 78
29 44
29 118
29 130
29 71
29 98
29 122
29 129
29 53
29 172
29 33
29 58
29 34
29 37
29 109
29 212
29 204
29 197
29 121
29 119
29 47
29 112
29 103
29 85
29 80
29 213
29 97
29 171
29 139
29 165
29 106
29 88
174 154
174 117
174 151
174 113
174 156
174 77
174 65
174 169
174 79
174 167
174 20
174 14
174 39
174 180
174 100
174 63
174 46
174 211
174 55
174 16
174 136
174 176
174 64
174 215
174 125
174 217
174 142
174 190
174 18
174 99
174 118
174 68
174 22
174 98
174 84
174 131
174 59
174 120
174 140
174 129
174 53
174 172
174 146
174 34
174 37
174 1
174 3
174 90
174 204
174 47
174 112
174 189
174 85
174 80
174 61
174 139
174 17
174 40
174 106
174 88
174 26
195 51
195 154
195 117
195 151
195 156
195 57
195 77
195 11
195 12
195 159
195 124
195 62
195 116
195 79
195 69
195 167
195 20
195 32
195 39
195 177
195 206
195 100
195 63
195 211
195 136
195 50
195 176
195 64
195 157
195 190
195 38
195 18
195 137
195 99
195 10
195 84
195 59
195 144
195 140
195 122
195 76
195 172
195 58
195 205
195 146
195 37
195 3
195 109
195 204
195 112
195 103
195 85
195 80
195 182
195 162
195 88
195 208
51 184
51 152
51 151
51 175
51 166
51 170
51 113
51 13
51 15
51 159
51 216
51 167
51 158
51 14
51 178
51 92
51 206
51 153
51 138
51 100
51 74
51 55
51 16
51 160
51 64
51 215
51 96
51 125
51 149
51 142
51 2
51 44
51 128
51 145
51 94
51 130
51 27
51 102
51 131
51 120
51 129
51 19
51 58
51 205
51 95
51 34
51 37
51 134
51 109
51 90
51 197
51 82
51 47
51 112
51 189
51 183
51 97
51 61
51 17
51 143
51 182
51 88
51 208
31 184
31 154
31 152
31 151
31 141
31 113
31 156
31 107
31 57
31 13
31 65
31 15
31 105
31 75
31 79
31 69
31 20
31 32
31 178
31 177
31 206
31 153
31 63
31 46
31 74
31 16
31 160
31 176
31 217
31 149
31 142
31 38
31 99
31 2
31 128
31 10
31 188
31 130
31 84
31 131
31 59
31 120
31 144
31 76
31 187
31 19
31 186
31 58
31 95
31 134
31 90
31 212
31 204
31 189
31 213
31 171
31 17
31 165
31 108
184 147
184 57
184 11
184 13
184 65
184 198
184 105
184 75
184 116
184 169
184 216
184 69
184 92
184 153
184 46
184 211
184 55
184 64
184 215
184 96
184 149
184 18
184 78
184 2
184 44
184 60
184 10
184 9
184 145
184 118
184 130
184 22
184 203
184 131
184 140
184 122
184 76
184 129
184 146
184 1
184 192
184 204
184 85
184 80
184 213
184 97
184 61
184 40
184 143
184 182
184 26
154 147
154 117
154 141
154 166
154 170
154 12
154 198
154 105
154 75
154 159
154 62
154 169
154 79
154 69
154 167
154 161
154 14
154 32
154 178
154 92
154 206
154 153
154 138
154 74
154 55
154 123
154 160
154 176
154 96
154 125
154 149
154 18
154 41
154 99
154 44
154 128
154 10
154 9
154 145
154 188
154 118
154 94
154 102
154 6
154 203
154 76
154 129
154 187
154 53
154 172
154 33
154 95
154 34
154 163
154 192
154 119
154 47
154 183
154 80
154 17
154 182
154 106
154 88
152 147
152 170
152 156
152 107
152 65
152 116
152 79
152 69
152 161
152 178
152 177
152 92
152 138
152 100
152 63
152 46
152 176
152 217
152 157
152 41
152 99
152 78
152 2
152 60
152 9
152 145
152 118
152 94
152 68
152 84
152 6
152 203
152 131
152 59
152 120
152 122
152 129
152 187
152 172
152 33
152 186
152 58
152 205
152 95
152 146
152 1
152 3
152 192
152 126
152 197
152 82
152 121
152 207
152 112
152 103
152 85
152 80
152 171
152 182
152 165
152 26
152 108
147 117
147 170
147 113
147 57
147 77
147 11
147 12
147 198
147 105
147 124
147 199
147 79
147 167
147 32
147 180
147 178
147 206
147 153
147 46
147 211
147 16
147 123
147 136
147 50
147 215
147 96
147 66
147 190
147 18
147 78
147 44
147 60
147 10
147 9
147 94
147 22
147 98
147 102
147 59
147 76
147 187
147 172
147 186
147 34
147 37
147 126
147 212
147 204
147 119
147 189
147 183
147 85
147 40
147 143
117 151
117 166
117 113
117 156
117 45
117 13
117 75
117 124
117 62
117 169
117 199
117 79
117 216
117 69
117 167
117 161
117 14
117 178
117 92
117 138
117 46
117 74
117 16
117 136
117 50
117 64
117 215
117 149
117 66
117 142
117 157
117 38
117 99
117 60
117 128
117 9
117 145
117 130
117 98
117 27
117 122
117 53
117 172
117 33
117 205
117 95
117 146
117 163
117 134
117 90
117 207
117 103
117 183
117 85
117 80
117 61
117 171
117 17
117 165
117 106
117 88
117 208
117 108
151 156
151 107
151 77
151 13
151 15
151 198
151 105
151 159
151 124
151 216
151 69
151 161
151 180
151 178
151 92
151 153
151 100
151 46
151 74
151 123
151 160
151 64
151 96
151 149
151 66
151 157
151 18
151 41
151 78
151 44
151 145
151 188
151 94
151 130
151 71
151 98
151 27
151 84
151 59
151 120
151 144
151 140
151 122
151 129
151 53
151 172
151 19
151 186
151 163
151 3
151 126
151 90
151 212
151 207
151 119
151 47
151 189
151 85
151 80
151 213
151 61
151 93
151 40
151 143
151 165
151 106
151 162
175 166
175 156
175 107
175 57
175 65
175 12
175 15
175 159
175 116
175 199
175 20
175 14
175 177
175 92
175 138
175 100
175 63
175 46
175 16
175 136
175 66
175 190
175 38
175 137
175 78
175 60
175 10
175 9
175 145
175 68
175 22
175 120
175 140
175 76
175 129
175 146
175 163
175 134
175 126
175 204
175 82
175 103
175 189
175 183
175 80
175 213
175 97
175 171
175 139
175 40
175 88
175 208
141 170
141 113
141 36
141 57
141 45
141 13
141 15
141 198
141 159
141 124
141 62
141 169
141 199
141 79
141 167
141 20
141 14
141 32
141 39
141 178
141 153
141 138
141 211
141 74
141 55
141 16
141 123
141 176
141 64
141 215
141 217
141 190
141 78
141 44
141 128
141 145
141 94
141 98
141 27
141 84
141 59
141 122
141 186
141 3
141 192
141 126
141 204
141 197
141 121
141 103
141 85
141 97
141 61
141 17
141 162
141 26
166 57
166 45
166 15
166 105
166 159
166 116
166 169
166 79
166 148
166 20
166 14
166 39
166 180
166 177
166 153
166 63
166 211
166 55
166 16
166 123
166 160
166 176
166 215
166 96
166 157
166 190
166 41
166 99
166 128
166 9
166 145
166 94
166 68
166 203
166 120
166 144
166 140
166 129
166 186
166 58
166 146
166 163
166 192
166 126
166 90
166 204
166 82
166 121
166 207
166 189
166 97
166 93
166 171
166 139
166 143
166 182
166 162
166 88
166 108
170 113
170 11
170 45
170 12
170 198
170 105
170 75
170 124
170 62
170 116
170 199
170 79
170 216
170 167
170 180
170 100
170 46
170 211
170 16
170 96
170 66
170 142
170 18
170 137
170 41
170 60
170 9
170 145
170 188
170 203
170 59
170 120
170 144
170 186
170 58
170 37
170 1
170 134
170 109
170 90
170 204
170 197
170 121
170 47
170 189
170 183
170 85
170 97
170 93
170 139
170 40
170 182
170 88
113 107
113 36
113 11
113 45
113 65
113 105
113 75
113 62
113 69
113 148
113 39
113 177
113 153
113 138
113 74
113 123
113 96
113 217
113 38
113 41
113 99
113 78
113 60
113 128
113 10
113 145
113 68
113 71
113 22
113 84
113 59
113 144
113 129
113 172
113 33
113 58
113 205
113 95
113 34
113 1
113 90
113 204
113 197
113 121
113 112
113 97
113 40
113 165
113 106
156 45
156 13
156 15
156 198
156 159
156 169
156 79
156 216
156 167
156 20
156 32
156 180
156 100
156 74
156 55
156 123
156 50
156 96
156 217
156 149
156 38
156 18
156 145
156 68
156 71
156 22
156 84
156 6
156 129
156 33
156 186
156 205
156 95
156 163
156 3
156 204
156 197
156 112
156 103
156 97
156 93
156 171
156 143
156 106
156 88
156 108
107 36
107 11
107 45
107 65
107 198
107 124
107 116
107 199
107 79
107 216
107 148
107 167
107 158
107 20
107 14
107 32
107 178
107 153
107 100
107 63
107 46
107 136
107 50
107 176
107 64
107 215
107 125
107 149
107 190
107 99
107 78
107 2
107 60
107 10
107 9
107 118
107 68
107 130
107 71
107 22
107 27
107 102
107 6
107 203
107 122
107 76
107 129
107 187
107 53
107 95
107 163
107 109
107 212
107 197
107 82
107 207
107 119
107 112
107 183
107 85
107 97
107 93
107 17
107 182
107 165
107 106
107 162
107 88
107 208
36 57
36 45
36 13
36 65
36 15
36 198
36 159
36 62
36 199
36 79
36 69
36 167
36 158
36 32
36 92
36 206
36 100
36 211
36 74
36 55
36 16
36 123
36 136
36 50
36 215
36 96
36 142
36 157
36 190
36 99
36 44
36 128
36 130
36 71
36 22
36 98
36 102
36 203
36 131
36 59
36 140
36 76
36 53
36 19
36 58
36 34
36 37
36 163
36 134
36 212
36 197
36 121
36 47
36 112
36 189
36 85
36 80
36 93
36 139
36 17
36 143
36 182
36 165
36 106
36 162
36 88
36 208
36 108
57 77
57 11
57 45
57 13
57 198
57 159
57 124
57 62
57 116
57 79
57 148
57 158
57 20
57 32
57 39
57 180
57 177
57 211
57 74
57 55
57 176
57 64
57 96
57 125
57 157
57 190
57 99
57 2
57 60
57 130
57 6
57 120
57 144
57 122
57 187
57 19
57 34
57 134
57 3
57 109
57 192
57 90
57 204
57 82
57 119
57 47
57 103
57 189
57 80
57 213
57 61
57 171
57 139
57 143
57 182
57 165
57 106
77 11
77 45
77 13
77 198
77 116
77 216
77 69
77 39
77 178
77 206
77 211
77 123
77 176
77 64
77 125
77 190
77 137
77 41
77 9
77 188
77 118
77 98
77 27
77 6
77 203
77 144
77 140
77 122
77 129
77 187
77 172
77 19
77 95
77 109
77 90
77 212
77 197
77 112
77 183
77 139
77 17
77 40
77 182
77 162
77 88
77 208
77 108
11 13
11 65
11 12
11 116
11 169
11 216
11 167
11 158
11 20
11 14
11 177
11 92
11 138
11 46
11 55
11 16
11 123
11 50
11 176
11 64
11 215
11 66
11 157
11 38
11 18
11 41
11 78
11 2
11 60
11 118
11 68
11 71
11 22
11 98
11 102
11 203
11 59
11 122
11 53
11 205
11 95
11 146
11 34
11 163
11 1
11 134
11 3
11 109
11 192
11 212
11 82
11 121
11 47
11 112
11 103
11 189
11 80
11 213
11 97
11 171
11 139
11 182
11 106
45 13
45 12
45 15
45 105
45 199
45 79
45 216
45 148
45 167
45 161
45 20
45 14
45 32
45 153
45 46
45 136
45 64
45 96
45 217
45 142
45 157
45 190
45 38
45 137
45 41
45 78
45 128
45 94
45 71
45 98
45 102
45 203
45 131
45 59
45 144
45 76
45 129
45 53
45 95
45 34
45 163
45 134
45 3
45 109
45 90
45 197
45 82
45 119
45 103
45 189
45 85
45 80
45 213
45 171
45 139
45 106
13 65
13 12
13 105
13 75
13 159
13 169
13 79
13 216
13 14
13 180
13 177
13 153
13 138
13 63
13 46
13 74
13 55
13 16
13 50
13 160
13 176
13 64
13 96
13 217
13 149
13 66
13 190
13 18
13 41
13 99
13 78
13 2
13 44
13 60
13 188
13 94
13 130
13 102
13 6
13 203
13 144
13 122
13 76
13 172
13 19
13 186
13 58
13 95
13 34
13 37
13 163
13 134
13 109
13 126
13 90
13 212
13 197
13 119
13 47
13 112
13 189
13 183
13 85
13 213
13 139
13 17
13 40
13 182
13 165
13 162
13 88
13 26
13 108
65 12
65 198
65 105
65 75
65 159
65 62
65 216
65 69
65 167
65 158
65 161
65 14
65 92
65 153
65 138
65 46
65 55
65 123
65 176
65 64
65 215
65 149
65 142
65 190
65 18
65 137
65 99
65 10
65 9
65 68
65 71
65 98
65 27
65 102
65 203
65 131
65 120
65 140
65 53
65 33
65 58
65 205
65 34
65 37
65 163
65 1
65 109
65 82
65 47
65 112
65 103
65 189
65 183
65 80
65 97
65 93
65 171
65 17
65 182
65 165
65 106
65 162
65 26
12 198
12 105
12 124
12 216
12 69
12 161
12 178
12 92
12 206
12 138
12 100
12 63
12 16
12 96
12 125
12 149
12 66
12 157
12 190
12 78
12 2
12 10
12 118
12 94
12 68
12 71
12 84
12 59
12 144
12 76
12 19
12 58
12 95
12 3
12 192
12 207
12 183
12 85
12 97
12 93
12 171
12 143
12 208
12 26
15 198
15 75
15 116
15 216
15 167
15 158
15 161
15 32
15 180
15 178
15 177
15 138
15 100
15 55
15 123
15 136
15 50
15 176
15 64
15 125
15 149
15 66
15 157
15 190
15 137
15 41
15 44
15 10
15 9
15 68
15 22
15 6
15 203
15 120
15 144
15 140
15 122
15 53
15 205
15 95
15 37
15 163
15 134
15 3
15 212
15 82
15 207
15 112
15 103
15 85
15 80
15 97
15 171
15 182
15 106
15 88
15 108
198 124
198 169
198 79
198 216
198 69
198 167
198 158
198 14
198 177
198 138
198 211
198 16
198 136
198 160
198 66
198 142
198 137
198 78
198 44
198 10
198 145
198 188
198 118
198 68
198 84
198 131
198 59
198 120
198 144
198 140
198 122
198 53
198 33
198 19
198 186
198 58
198 205
198 95
198 146
198 3
198 109
198 192
198 126
198 90
198 82
198 121
198 119
198 47
198 189
198 183
198 80
198 171
198 40
198 165
198 106
198 162
198 88
198 26
198 108
105 159
105 124
105 169
105 158
105 39
105 180
105 206
105 153
105 211
105 50
105 160
105 176
105 96
105 125
105 217
105 66
105 142
105 137
105 41
105 99
105 44
105 60
105 145
105 94
105 68
105 22
105 98
105 84
105 102
105 6
105 59
105 122
105 129
105 187
105 53
105 172
105 19
105 186
105 205
105 146
105 1
105 109
105 192
105 90
105 197
105 82
105 207
105 112
105 189
105 85
105 97
105 93
105 171
105 143
105 165
105 162
105 208
105 26
75 116
75 199
75 216
75 167
75 158
75 161
75 180
75 178
75 177
75 92
75 100
75 74
75 16
75 123
75 160
75 215
75 149
75 142
75 2
75 44
75 128
75 9
75 71
75 98
75 27
75 84
75 102
75 144
75 76
75 205
75 95
75 146
75 37
75 134
75 3
75 109
75 192
75 126
75 204
75 121
75 112
75 189
75 171
75 17
75 40
75 182
75 165
75 88
75 26
159 116
159 69
159 167
159 161
159 39
159 177
159 153
159 46
159 16
159 123
159 136
159 50
159 64
159 149
159 66
159 142
159 157
159 18
159 99
159 9
159 188
159 94
159 98
159 27
159 102
159 6
159 203
159 140
159 187
159 172
159 33
159 205
159 95
159 34
159 163
159 1
159 82
159 121
159 119
159 112
159 213
159 97
159 61
159 171
159 182
159 165
159 106
159 162
159 26
159 108
124 62
124 169
124 199
124 216
124 148
124 167
124 158
124 180
124 177
124 92
124 206
124 63
124 55
124 123
124 136
124 50
124 176
124 64
124 215
124 125
124 190
124 38
124 137
124 78
124 9
124 145
124 94
124 130
124 27
124 203
124 120
124 144
124 122
124 76
124 129
124 187
124 172
124 186
124 58
124 146
124 34
124 163
124 1
124 134
124 109
124 212
124 213
124 93
124 171
124 143
124 182
62 169
62 199
62 79
62 167
62 161
62 20
62 39
62 178
62 177
62 153
62 63
62 46
62 55
62 123
62 50
62 160
62 176
62 96
62 149
62 142
62 99
62 78
62 2
62 60
62 9
62 71
62 98
62 102
62 203
62 120
62 140
62 53
62 205
62 146
62 34
62 1
62 3
62 109
62 126
62 82
62 121
62 207
62 85
62 213
62 93
62 17
62 40
62 26
62 108
116 199
116 79
116 161
116 20
116 177
116 206
116 153
116 211
116 74
116 136
116 50
116 176
116 125
116 149
116 66
116 142
116 157
116 38
116 18
116 41
116 99
116 2
116 145
116 94
116 71
116 98
116 27
116 131
116 122
116 76
116 172
116 186
116 3
116 192
116 90
116 212
116 204
116 82
116 119
116 183
116 85
116 80
116 61
116 139
116 40
116 208
116 26
169 167
169 14
169 180
169 153
169 138
169 55
169 16
169 136
169 50
169 160
169 176
169 125
169 217
169 149
169 190
169 18
169 78
169 2
169 60
169 10
169 94
169 68
169 22
169 98
169 6
169 131
169 120
169 76
169 187
169 53
169 205
169 34
169 37
169 1
169 109
169 192
169 126
169 82
169 121
169 207
169 119
169 47
169 112
169 183
169 85
169 61
169 93
169 40
169 106
169 162
199 69
199 167
199 161
199 20
199 14
199 178
199 206
199 153
199 100
199 46
199 211
199 74
199 55
199 16
199 215
199 125
199 149
199 38
199 99
199 44
199 145
199 68
199 71
199 22
199 120
199 140
199 187
199 172
199 19
199 186
199 205
199 95
199 37
199 134
199 3
199 192
199 90
199 82
199 47
199 103
199 183
199 85
199 213
199 171
199 17
199 40
199 143
199 182
199 165
199 106
199 208
79 216
79 69
79 158
79 14
79 32
79 206
79 153
79 138
79 100
79 63
79 74
79 55
79 16
79 136
79 50
79 160
79 176
79 96
79 190
79 18
79 137
79 99
79 78
79 2
79 44
79 60
79 145
79 94
79 68
79 98
79 6
79 144
79 140
79 187
79 172
79 19
79 186
79 95
79 146
79 34
79 37
79 1
79 3
79 192
79 126
79 82
79 119
79 47
79 189
79 183
79 213
79 61
79 143
79 182
79 165
79 106
216 148
216 161
216 14
216 32
216 92
216 153
216 138
216 63
216 74
216 55
216 123
216 215
216 217
216 66
216 142
216 157
216 190
216 41
216 78
216 2
216 60
216 118
216 94
216 22
216 98
216 27
216 102
216 59
216 120
216 140
216 122
216 129
216 187
216 33
216 19
216 186
216 95
216 34
216 3
216 109
216 192
216 197
216 112
216 103
216 189
216 85
216 80
216 213
216 17
216 106
216 208
216 26
69 148
69 14
69 39
69 178
69 153
69 138
69 63
69 46
69 211
69 74
69 136
69 64
69 96
69 125
69 217
69 66
69 142
69 157
69 99
69 78
69 2
69 44
69 118
69 130
69 71
69 6
69 120
69 144
69 140
69 129
69 33
69 205
69 146
69 34
69 163
69 192
69 90
69 82
69 121
69 119
69 112
69 183
69 213
69 93
69 139
69 40
69 143
69 182
69 165
69 162
69 208
69 26
148 178
148 177
148 153
148 138
148 46
148 211
148 74
148 64
148 96
148 125
148 217
148 66
148 142
148 18
148 137
148 99
148 78
148 2
148 44
148 60
148 9
148 145
148 188
148 27
148 102
148 6
148 140
148 129
148 53
148 58
148 34
148 37
148 163
148 134
148 3
148 192
148 90
148 204
148 197
148 207
148 119
148 47
148 103
148 80
148 213
148 97
148 61
148 139
148 106
148 162
148 208
167 158
167 161
167 20
167 14
167 32
167 46
167 74
167 55
167 16
167 123
167 136
167 217
167 149
167 66
167 137
167 2
167 60
167 68
167 130
167 71
167 27
167 120
167 140
167 122
167 76
167 53
167 58
167 205
167 95
167 37
167 163
167 134
167 192
167 90
167 212
167 119
167 112
167 213
167 171
167 17
167 40
167 106
167 208
167 26
158 161
158 20
158 138
158 100
158 63
158 46
158 211
158 123
158 50
158 160
158 176
158 215
158 66
158 137
158 2
158 10
158 9
158 188
158 98
158 27
158 6
158 59
158 122
158 76
158 53
158 172
158 58
158 205
158 163
158 1
158 3
158 192
158 212
158 47
158 112
158 85
158 80
158 213
158 61
158 171
158 139
158 182
158 165
158 88
161 20
161 32
161 178
161 92
161 206
161 138
161 46
161 16
161 123
161 50
161 160
161 125
161 66
161 142
161 190
161 38
161 78
161 60
161 128
161 188
161 118
161 71
161 27
161 203
161 131
161 144
161 140
161 122
161 76
161 53
161 33
161 186
161 58
161 205
161 146
161 163
161 212
161 197
161 82
161 207
161 47
161 189
161 80
161 213
161 97
161 171
161 17
161 143
161 106
20 14
20 32
20 180
20 138
20 63
20 46
20 211
20 55
20 176
20 96
20 217
20 149
20 66
20 142
20 190
20 41
20 78
20 2
20 188
20 118
20 68
20 22
20 27
20 59
20 122
20 129
20 187
20 172
20 19
20 186
20 146
20 34
20 109
20 212
20 207
20 119
20 112
20 103
20 85
20 97
20 61
20 93
20 139
20 143
20 182
20 165
20 106
20 162
20 108
14 178
14 177
14 92
14 153
14 138
14 63
14 74
14 160
14 64
14 217
14 149
14 38
14 18
14 137
14 78
14 44
14 10
14 9
14 102
14 6
14 140
14 129
14 187
14 53
14 172
14 33
14 19
14 205
14 95
14 146
14 163
14 3
14 109
14 192
14 126
14 90
14 212
14 197
14 47
14 112
14 183
14 61
14 40
14 143
14 162
14 208
14 108
32 180
32 46
32 74
32 123
32 136
32 50
32 176
32 64
32 215
32 96
32 149
32 38
32 137
32 60
32 128
32 9
32 188
32 94
32 130
32 71
32 27
32 102
32 203
32 140
32 122
32 172
32 19
32 186
32 205
32 95
32 146
32 134
32 192
32 212
32 204
32 82
32 121
32 207
32 119
32 47
32 183
32 85
32 213
32 40
32 106
32 88
32 26
39 180
39 177
39 92
39 153
39 138
39 100
39 46
39 74
39 16
39 50
39 176
39 64
39 217
39 66
39 142
39 157
39 190
39 38
39 137
39 41
39 78
39 2
39 44
39 118
39 68
39 130
39 27
39 84
39 102
39 6
39 203
39 131
39 120
39 33
39 58
39 95
39 146
39 34
39 37
39 134
39 109
39 192
39 126
39 212
39 82
39 207
39 119
39 47
39 103
39 189
39 97
39 93
39 171
39 165
39 162
39 88
39 208
180 178
180 92
180 206
180 153
180 100
180 211
180 74
180 123
180 136
180 50
180 215
180 96
180 142
180 18
180 99
180 9
180 145
180 71
180 84
180 203
180 131
180 59
180 140
180 19
180 205
180 95
180 34
180 163
180 3
180 126
180 90
180 212
180 204
180 121
180 207
180 119
180 47
180 189
180 183
180 85
180 171
180 139
180 40
180 162
180 88
178 177
178 138
178 100
178 63
178 55
178 123
178 136
178 64
178 215
178 96
178 217
178 149
178 38
178 41
178 99
178 60
178 128
178 145
178 188
178 94
178 68
178 98
178 27
178 84
178 102
178 6
178 140
178 122
178 76
178 129
178 19
178 186
178 95
178 163
178 1
178 90
178 212
178 204
178 47
178 103
178 189
178 85
178 61
178 17
178 182
178 106
178 88
178 208
178 26
178 108
177 153
177 63
177 46
177 211
177 74
177 55
177 16
177 136
177 217
177 66
177 18
177 41
177 99
177 78
177 60
177 9
177 188
177 98
177 84
177 6
177 131
177 144
177 76
177 53
177 172
177 33
177 186
177 34
177 192
177 126
177 90
177 204
177 197
177 47
177 103
177 189
177 183
177 80
177 143
177 182
177 165
177 88
177 208
92 153
92 63
92 46
92 74
92 123
92 136
92 190
92 38
92 18
92 2
92 44
92 10
92 22
92 98
92 102
92 6
92 203
92 140
92 187
92 33
92 19
92 146
92 34
92 163
92 134
92 109
92 192
92 126
92 82
92 121
92 119
92 47
92 85
92 80
92 213
92 97
92 171
92 162
92 26
92 108
206 153
206 46
206 123
206 50
206 160
206 64
206 215
206 96
206 125
206 38
206 137
206 99
206 78
206 2
206 44
206 145
206 118
206 94
206 22
206 98
206 203
206 59
206 122
206 76
206 187
206 172
206 58
206 146
206 34
206 1
206 134
206 109
206 192
206 90
206 197
206 121
206 47
206 189
206 183
206 80
206 213
206 97
206 93
206 171
206 17
206 40
206 165
206 162
206 88
153 63
153 55
153 217
153 66
153 157
153 137
153 99
153 78
153 2
153 44
153 60
153 145
153 188
153 98
153 27
153 144
153 140
153 122
153 172
153 109
153 126
153 204
153 207
153 112
153 103
153 189
153 183
153 80
153 213
153 61
153 93
153 171
153 139
153 17
153 143
153 165
153 106
153 162
153 208
153 26
153 108
138 211
138 55
138 16
138 123
138 160
138 176
138 215
138 125
138 217
138 190
138 41
138 99
138 78
138 2
138 60
138 10
138 145
138 188
138 118
138 130
138 203
138 131
138 59
138 120
138 140
138 76
138 53
138 33
138 186
138 58
138 205
138 146
138 134
138 3
138 192
138 126
138 90
138 197
138 119
138 47
138 183
138 85
138 97
138 17
138 40
138 143
138 182
138 162
100 63
100 46
100 211
100 74
100 55
100 16
100 123
100 160
100 176
100 64
100 215
100 96
100 217
100 157
100 41
100 99
100 128
100 9
100 68
100 71
100 22
100 98
100 102
100 6
100 59
100 120
100 144
100 140
100 129
100 33
100 19
100 186
100 58
100 205
100 95
100 163
100 192
100 126
100 212
100 204
100 207
100 119
100 112
100 103
100 183
100 85
100 80
100 171
100 139
100 106
100 162
100 26
63 211
63 74
63 55
63 176
63 64
63 125
63 217
63 149
63 157
63 190
63 18
63 137
63 41
63 60
63 128
63 10
63 94
63 68
63 84
63 6
63 203
63 144
63 140
63 172
63 58
63 146
63 163
63 134
63 90
63 204
63 82
63 183
63 85
63 213
63 97
63 61
63 17
63 40
63 182
63 165
63 88
46 16
46 160
46 125
46 142
46 190
46 38
46 18
46 2
46 145
46 188
46 71
46 27
46 102
46 59
46 144
46 122
46 129
46 187
46 19
46 146
46 1
46 134
46 109
46 192
46 126
46 82
46 121
46 207
46 112
46 103
46 171
46 139
46 17
46 106
46 162
46 88
46 208
46 26
211 215
211 217
211 149
211 157
211 190
211 18
211 137
211 41
211 128
211 145
211 71
211 98
211 27
211 131
211 120
211 76
211 187
211 53
211 19
211 205
211 34
211 134
211 3
211 109
211 90
211 119
211 47
211 85
211 97
211 61
211 93
211 17
211 40
211 182
211 106
211 162
211 108
74 136
74 149
74 66
74 142
74 190
74 38
74 137
74 41
74 44
74 10
74 145
74 188
74 118
74 94
74 71
74 22
74 102
74 6
74 120
74 140
74 122
74 76
74 95
74 37
74 163
74 1
74 3
74 109
74 192
74 90
74 197
74 121
74 207
74 119
74 47
74 103
74 189
74 80
74 213
74 97
74 61
74 93
74 139
74 143
74 182
74 26
74 108
55 16
55 50
55 160
55 176
55 217
55 66
55 142
55 157
55 190
55 38
55 18
55 41
55 60
55 128
55 9
55 118
55 130
55 22
55 6
55 131
55 144
55 122
55 76
55 19
55 186
55 58
55 205
55 146
55 34
55 163
55 1
55 192
55 204
55 119
55 47
55 85
55 213
55 97
55 61
55 93
55 17
55 40
55 182
55 106
55 162
55 88
55 26
55 108
16 160
16 176
16 215
16 96
16 125
16 217
16 66
16 157
16 18
16 41
16 78
16 2
16 44
16 188
16 94
16 68
16 130
16 71
16 22
16 98
16 27
16 84
16 102
16 131
16 59
16 144
16 129
16 187
16 53
16 146
16 134
16 192
16 212
16 82
16 103
16 183
16 80
16 213
16 61
16 17
16 143
16 106
16 88
16 208
123 136
123 160
123 96
123 149
123 142
123 38
123 78
123 44
123 10
123 188
123 94
123 22
123 98
123 27
123 6
123 144
123 140
123 76
123 187
123 172
123 19
123 186
123 205
123 95
123 37
123 134
123 3
123 109
123 192
123 126
123 212
123 204
123 197
123 103
123 85
123 213
123 93
123 139
123 143
123 106
123 208
123 26
136 176
136 125
136 157
136 190
136 38
136 41
136 78
136 2
136 44
136 60
136 9
136 71
136 27
136 84
136 6
136 122
136 76
136 172
136 33
136 19
136 58
136 205
136 95
136 146
136 34
136 37
136 3
136 126
136 90
136 197
136 82
136 121
136 207
136 119
136 47
136 112
136 189
136 213
136 61
136 171
136 139
136 88
136 208
136 26
50 215
50 125
50 217
50 149
50 142
50 157
50 38
50 41
50 99
50 2
50 9
50 145
50 118
50 130
50 71
50 98
50 140
50 76
50 129
50 95
50 34
50 1
50 134
50 197
50 119
50 189
50 183
50 80
50 213
50 171
50 139
50 182
50 208
160 64
160 157
160 38
160 18
160 41
160 78
160 128
160 9
160 188
160 118
160 94
160 130
160 98
160 84
160 102
160 59
160 76
160 129
160 172
160 33
160 163
160 1
160 126
160 90
160 204
160 207
160 112
160 183
160 85
160 61
160 40
160 208
160 108
176 215
176 125
176 217
176 190
176 18
176 137
176 78
176 2
176 44
176 9
176 118
176 94
176 6
176 131
176 59
176 144
176 76
176 187
176 172
176 146
176 37
176 192
176 204
176 82
176 207
176 47
176 85
176 80
176 213
176 97
176 61
176 139
176 17
176 143
64 215
64 149
64 142
64 78
64 60
64 128
64 10
64 130
64 71
64 22
64 98
64 27
64 102
64 59
64 140
64 76
64 129
64 187
64 53
64 186
64 58
64 95
64 34
64 1
64 134
64 3
64 109
64 126
64 212
64 204
64 82
64 207
64 119
64 112
64 213
64 97
64 139
64 182
64 165
64 106
64 162
64 208
64 26
64 108
215 96
215 149
215 142
215 157
215 38
215 18
215 137
215 60
215 10
215 145
215 94
215 71
215 22
215 98
215 84
215 6
215 131
215 120
215 129
215 53
215 33
215 19
215 186
215 163
215 134
215 126
215 121
215 119
215 47
215 80
215 213
215 61
215 139
215 17
215 40
215 106
96 217
96 142
96 157
96 190
96 137
96 44
96 10
96 94
96 68
96 22
96 98
96 6
96 59
96 120
96 144
96 140
96 76
96 53
96 1
96 90
96 212
96 82
96 207
96 119
96 103
96 189
96 183
96 61
96 17
96 40
96 165
96 162
96 26
125 149
125 18
125 137
125 2
125 10
125 130
125 22
125 27
125 203
125 131
125 120
125 122
125 129
125 53
125 58
125 1
125 134
125 3
125 109
125 192
125 212
125 204
125 121
125 207
125 47
125 103
125 189
125 183
125 85
125 80
125 213
125 61
125 93
125 171
125 143
125 162
125 88
217 66
217 41
217 99
217 2
217 44
217 128
217 9
217 188
217 71
217 84
217 59
217 187
217 53
217 186
217 146
217 34
217 134
217 3
217 192
217 197
217 82
217 121
217 207
217 85
217 93
217 17
217 165
217 162
217 208
217 26
217 108
149 137
149 41
149 44
149 128
149 10
149 130
149 22
149 6
149 203
149 131
149 59
149 120
149 140
149 76
149 53
149 58
149 163
149 1
149 134
149 3
149 109
149 126
149 90
149 207
149 119
149 189
149 61
149 139
149 40
149 143
149 165
149 88
149 26
66 157
66 44
66 60
66 145
66 188
66 94
66 68
66 71
66 22
66 98
66 6
66 131
66 59
66 122
66 129
66 187
66 172
66 186
66 58
66 205
66 95
66 34
66 37
66 109
66 126
66 90
66 212
66 204
66 82
66 207
66 119
66 47
66 189
66 183
66 85
66 97
66 171
66 40
66 143
66 208
66 26
66 108
142 190
142 18
142 41
142 78
142 2
142 44
142 9
142 188
142 118
142 68
142 130
142 27
142 102
142 131
142 144
142 129
142 53
142 33
142 19
142 58
142 205
142 95
142 146
142 3
142 109
142 126
142 90
142 103
142 85
142 80
142 93
142 139
142 40
142 165
142 88
142 26
142 108
157 190
157 99
157 78
157 44
157 60
157 128
157 145
157 188
157 118
157 27
157 102
157 131
157 59
157 129
157 53
157 172
157 33
157 58
157 205
157 146
157 134
157 3
157 126
157 197
157 82
157 207
157 213
157 93
157 171
157 17
157 40
157 165
157 208
157 108
190 137
190 99
190 2
190 60
190 128
190 10
190 9
190 145
190 94
190 71
190 98
190 27
190 6
190 203
190 131
190 140
190 122
190 76
190 129
190 187
190 53
190 172
190 58
190 95
190 146
190 34
190 37
190 1
190 134
190 3
190 192
190 204
190 121
190 183
190 213
190 61
190 40
190 26
190 108
38 18
38 137
38 41
38 78
38 2
38 44
38 60
38 10
38 68
38 130
38 71
38 84
38 6
38 140
38 76
38 129
38 33
38 95
38 34
38 37
38 163
38 1
38 204
38 197
38 82
38 207
38 112
38 103
38 189
38 85
38 97
38 61
38 171
38 139
38 17
38 40
38 143
38 165
38 88
18 137
18 78
18 2
18 44
18 9
18 145
18 118
18 98
18 84
18 203
18 76
18 129
18 53
18 172
18 19
18 205
18 37
18 3
18 82
18 121
18 119
18 103
18 85
18 97
18 93
18 139
18 143
18 162
18 208
137 41
137 99
137 10
137 9
137 145
137 118
137 71
137 22
137 27
137 131
137 59
137 120
137 144
137 140
137 129
137 187
137 172
137 33
137 19
137 186
137 58
137 95
137 146
137 90
137 212
137 204
137 121
137 85
137 213
137 61
137 93
137 139
137 17
137 40
137 208
137 108
41 78
41 10
41 145
41 130
41 22
41 27
41 102
41 6
41 120
41 144
41 129
41 53
41 19
41 186
41 146
41 37
41 1
41 134
41 126
41 212
41 119
41 47
41 112
41 189
41 183
41 97
41 61
41 93
41 40
41 26
99 78
99 60
99 27
99 84
99 102
99 59
99 144
99 140
99 122
99 129
99 53
99 172
99 19
99 186
99 95
99 146
99 37
99 1
99 109
99 204
99 197
99 121
99 112
99 103
99 183
99 80
99 171
99 139
99 17
99 40
99 182
99 165
78 44
78 60
78 9
78 145
78 188
78 118
78 130
78 22
78 98
78 27
78 84
78 102
78 203
78 59
78 120
78 140
78 122
78 129
78 53
78 34
78 37
78 163
78 109
78 212
78 82
78 121
78 207
78 80
78 139
78 40
78 165
78 106
78 162
78 88
78 208
78 26
78 108
2 60
2 9
2 188
2 118
2 68
2 98
2 27
2 102
2 6
2 131
2 59
2 129
2 58
2 95
2 34
2 1
2 109
2 90
2 212
2 119
2 47
2 112
2 183
2 80
2 213
2 93
2 17
2 40
2 165
2 162
2 88
2 26
44 71
44 22
44 98
44 27
44 84
44 102
44 6
44 131
44 144
44 76
44 129
44 172
44 19
44 58
44 95
44 146
44 34
44 163
44 192
44 90
44 82
44 121
44 207
44 119
44 47
44 103
44 189
44 183
44 80
44 61
44 93
44 171
44 40
44 106
44 162
44 88
60 145
60 118
60 94
60 68
60 27
60 102
60 203
60 131
60 59
60 120
60 144
60 122
60 19
60 205
60 37
60 163
60 134
60 3
60 109
60 126
60 212
60 197
60 121
60 119
60 103
60 189
60 213
60 93
60 139
60 40
60 143
60 208
60 26
60 108
128 10
128 188
128 94
128 98
128 27
128 6
128 76
128 129
128 95
128 146
128 37
128 134
128 204
128 47
128 183
128 85
128 213
128 97
128 61
128 171
128 139
128 17
128 40
128 143
128 182
128 162
128 88
128 108
10 145
10 94
10 68
10 71
10 22
10 27
10 84
10 102
10 6
10 203
10 140
10 76
10 187
10 53
10 19
10 95
10 163
10 1
10 126
10 90
10 204
10 197
10 207
10 47
10 213
10 97
10 139
10 40
10 88
10 108
9 145
9 118
9 130
9 71
9 22
9 27
9 102
9 203
9 120
9 144
9 129
9 187
9 53
9 186
9 58
9 205
9 1
9 3
9 126
9 212
9 197
9 82
9 119
9 103
9 189
9 85
9 80
9 93
9 139
9 88
145 188
145 118
145 130
145 22
145 98
145 203
145 131
145 120
145 187
145 19
145 186
145 58
145 205
145 95
145 109
145 126
145 204
145 82
145 112
145 103
145 93
145 139
145 17
145 40
145 182
145 208
145 108
188 94
188 71
188 98
188 27
188 84
188 6
188 144
188 140
188 76
188 172
188 186
188 58
188 205
188 95
188 37
188 163
188 1
188 109
188 90
188 212
188 197
188 103
188 183
188 61
188 93
188 171
188 17
188 40
188 143
188 165
118 98
118 27
118 84
118 102
118 131
118 122
118 76
118 187
118 53
118 33
118 186
118 205
118 109
118 192
118 207
118 112
118 103
118 61
118 171
118 139
118 17
118 143
118 106
118 162
118 88
118 26
94 71
94 27
94 102
94 6
94 59
94 122
94 172
94 33
94 186
94 205
94 34
94 37
94 1
94 90
94 212
94 197
94 82
94 121
94 207
94 47
94 183
94 85
94 80
94 61
94 171
94 40
94 162
94 108
68 130
68 6
68 203
68 131
68 59
68 140
68 129
68 53
68 172
68 146
68 34
68 37
68 134
68 3
68 126
68 212
68 197
68 121
68 207
68 47
68 85
68 61
68 17
68 165
68 88
68 208
68 108
130 71
130 98
130 27
130 59
130 120
130 144
130 140
130 122
130 76
130 58
130 205
130 146
130 1
130 3
130 109
130 126
130 212
130 204
130 119
130 85
130 97
130 93
130 143
130 106
130 26
71 84
71 120
71 172
71 19
71 186
71 58
71 37
71 1
71 90
71 119
71 17
71 143
71 165
71 162
71 88
71 108
22 98
22 27
22 102
22 6
22 203
22 131
22 122
22 33
22 186
22 58
22 205
22 95
22 37
22 163
22 1
22 3
22 109
22 197
22 121
22 207
22 103
22 189
22 183
22 213
22 61
22 171
22 143
98 27
98 84
98 102
98 6
98 203
98 59
98 187
98 58
98 205
98 146
98 37
98 163
98 134
98 109
98 126
98 82
98 112
98 103
98 85
98 213
98 17
98 40
98 143
98 182
98 165
27 84
27 203
27 131
27 120
27 144
27 122
27 76
27 53
27 33
27 58
27 37
27 163
27 134
27 47
27 61
27 93
27 17
27 40
27 143
27 162
27 208
27 26
27 108
84 102
84 59
84 144
84 140
84 129
84 53
84 58
84 95
84 34
84 163
84 1
84 134
84 3
84 192
84 90
84 204
84 121
84 112
84 103
84 85
84 80
84 213
84 139
84 165
84 106
84 162
84 26
84 108
102 6
102 203
102 59
102 140
102 122
102 53
102 33
102 19
102 205
102 146
102 34
102 126
102 90
102 204
102 197
102 47
102 85
102 139
102 143
102 165
102 162
102 208
6 120
6 144
6 53
6 19
6 58
6 205
6 34
6 192
6 126
6 204
6 197
6 207
6 103
6 189
6 80
6 97
6 61
6 93
6 40
6 182
6 165
6 208
6 26
6 108
203 59
203 187
203 172
203 186
203 205
203 146
203 197
203 121
203 103
203 80
203 97
203 93
203 171
203 139
203 143
203 182
203 162
203 208
203 108
131 144
131 122
131 129
131 33
131 186
131 205
131 146
131 34
131 163
131 192
131 126
131 90
131 189
131 213
131 97
131 143
131 88
59 120
59 144
59 140
59 122
59 76
59 53
59 172
59 186
59 58
59 95
59 34
59 37
59 134
59 109
59 192
59 197
59 85
59 213
59 97
59 93
59 139
59 40
59 88
59 208
59 26
120 140
120 129
120 53
120 186
120 205
120 95
120 146
120 34
120 134
120 90
120 204
120 47
120 112
120 103
120 189
120 213
120 93
120 171
120 17
120 40
120 182
120 208
144 140
144 187
144 58
144 205
144 1
144 192
144 126
144 90
144 212
144 82
144 112
144 103
144 183
144 85
144 97
144 139
144 17
144 143
144 165
144 162
144 208
144 26
144 108
140 187
140 172
140 95
140 34
140 37
140 163
140 134
140 192
140 90
140 119
140 47
140 165
140 162
140 26
122 95
122 134
122 3
122 192
122 197
122 112
122 103
122 183
122 97
122 93
122 171
122 139
122 17
122 143
122 165
122 106
122 88
122 208
76 129
76 187
76 19
76 186
76 95
76 146
76 34
76 109
76 126
76 212
76 119
76 97
76 171
76 139
76 143
76 182
76 162
76 26
129 53
129 172
129 205
129 146
129 37
129 1
129 3
129 192
129 126
129 90
129 204
129 82
129 121
129 112
129 183
129 85
129 97
129 17
129 40
129 143
129 182
129 208
129 26
187 172
187 33
187 58
187 146
187 1
187 212
187 197
187 121
187 119
187 47
187 103
187 189
187 80
187 213
187 61
187 93
187 139
187 17
187 143
187 106
187 162
187 88
187 208
53 19
53 58
53 205
53 95
53 146
53 34
53 37
53 134
53 3
53 192
53 126
53 90
53 197
53 82
53 207
53 85
53 139
53 40
53 182
53 165
53 106
172 58
172 205
172 95
172 34
172 163
172 1
172 197
172 82
172 207
172 103
172 189
172 183
172 213
172 61
172 93
172 171
172 139
172 143
172 162
172 208
172 26
33 186
33 205
33 95
33 34
33 3
33 212
33 82
33 119
33 47
33 112
33 103
33 183
33 80
33 213
33 93
33 171
33 139
33 17
33 143
33 182
33 165
33 106
33 208
33 108
19 186
19 34
19 37
19 3
19 109
19 192
19 126
19 207
19 47
19 183
19 85
19 213
19 97
19 61
19 93
19 139
19 17
19 40
19 162
19 88
186 205
186 146
186 37
186 1
186 134
186 212
186 82
186 121
186 189
186 171
186 139
186 40
186 143
186 182
186 106
186 162
186 108
58 205
58 95
58 1
58 3
58 109
58 126
58 212
58 47
58 112
58 213
58 97
58 93
58 40
58 143
58 106
58 162
205 95
205 34
205 163
205 1
205 109
205 192
205 126
205 90
205 212
205 204
205 197
205 121
205 119
205 47
205 189
205 213
205 93
205 40
205 106
205 162
205 88
205 208
95 37
95 163
95 3
95 109
95 197
95 82
95 61
95 171
95 139
95 17
95 40
95 26
95 108
146 37
146 163
146 192
146 212
146 197
146 121
146 207
146 119
146 183
146 61
146 139
146 143
146 165
146 106
146 26
34 37
34 163
34 90
34 212
34 204
34 119
34 112
34 213
34 97
34 61
34 93
34 139
34 17
34 40
34 182
34 88
34 208
34 26
34 108
37 1
37 3
37 212
37 204
37 207
37 103
37 213
37 97
37 182
37 165
37 162
37 88
163 3
163 109
163 126
163 204
163 207
163 85
163 80
163 171
163 139
163 17
163 165
163 106
163 88
1 90
1 212
1 204
1 82
1 207
1 183
1 85
1 80
1 97
1 93
1 17
1 40
1 182
1 165
1 208
1 108
134 109
134 126
134 212
134 204
134 119
134 103
134 183
134 97
134 93
134 139
134 17
134 143
134 182
134 106
134 208
3 119
3 103
3 183
3 106
3 162
3 108
109 126
109 212
109 197
109 121
109 207
109 119
109 112
109 183
109 80
109 213
109 97
109 61
109 93
109 171
109 139
109 17
109 40
109 106
109 26
109 108
192 126
192 82
192 47
192 85
192 80
192 213
192 165
192 106
192 208
192 26
192 108
126 119
126 47
126 103
126 183
126 97
126 93
126 17
126 26
126 108
90 212
90 204
90 82
90 121
90 112
90 103
90 189
90 213
90 97
90 61
90 139
90 40
90 143
90 182
90 165
90 106
90 208
90 26
212 82
212 183
212 61
212 171
212 143
212 182
212 165
212 106
212 162
212 208
212 26
204 121
204 189
204 183
204 85
204 213
204 171
204 139
204 17
204 182
204 165
204 106
204 26
204 108
197 103
197 85
197 93
197 171
197 139
197 17
197 143
197 165
197 106
197 88
197 108
82 47
82 85
82 213
82 97
82 93
82 171
82 106
82 162
82 88
121 119
121 103
121 189
121 85
121 171
121 182
121 108
207 119
207 47
207 85
207 80
207 93
207 182
207 106
207 162
207 88
207 208
207 108
119 85
119 182
119 165
119 106
119 88
119 26
47 103
47 183
47 61
47 93
47 171
47 139
47 17
47 40
47 182
47 165
47 162
47 108
112 189
112 183
112 61
112 171
112 139
112 17
112 40
112 143
112 26
112 108
103 80
103 213
103 17
103 143
103 182
103 26
189 85
189 97
189 93
189 139
189 182
189 162
189 88
183 85
183 61
183 93
183 17
183 40
183 165
183 108
85 80
85 213
85 97
85 17
85 40
85 143
85 182
85 165
85 106
85 88
80 213
80 93
80 143
80 208
213 97
213 171
213 139
213 40
213 182
213 165
213 208
213 26
213 108
97 171
97 139
97 40
97 143
97 106
97 208
61 139
61 143
61 182
61 165
93 40
93 88
171 182
171 165
171 106
171 26
139 17
139 165
17 143
17 165
17 106
17 88
17 208
17 108
40 143
40 182
40 162
40 208
40 26
143 182
143 106
143 162
143 88
182 165
182 162
182 88
182 26
182 108
165 106
165 88
106 162
106 88
106 208
106 108
162 88
162 26
88 208
88 26
208 26
