*verties 218
81
11
102
119
106
162
35
40
46
201
95
25
1
166
8
210
184
89
86
126
167
80
48
18
33
55
4
117
111
50
141
206
143
215
172
94
120
77
30
15
32
205
66
216
92
65
85
213
129
168
194
192
197
84
17
132
67
63
38
146
49
3
163
214
155
70
122
140
71
138
180
136
90
79
151
42
7
133
16
91
144
148
153
27
57
123
51
160
189
116
164
103
199
20
36
43
10
169
113
31
9
149
93
0
88
12
175
124
203
217
200
159
135
60
125
152
47
156
104
177
145
191
62
142
14
29
64
170
112
76
37
161
139
212
188
198
96
173
127
23
59
69
61
2
6
68
211
185
44
41
74
24
121
52
186
110
158
165
100
78
195
219
208
179
187
181
5
128
176
54
13
190
150
137
193
107
183
118
28
75
99
207
83
196
147
115
178
209
130
87
171
82
72
73
19
134
204
98
22
101
154
202
21
182
53
58
26
105
97
109
114
39
157
108
34
131
45
218
*edges 
81 106
81 138
81 42
81 96
81 69
11 126
11 141
11 90
11 62
11 139
11 110
11 131
102 106
102 35
102 192
102 103
102 43
102 6
102 110
102 179
102 207
119 46
119 213
119 129
119 180
119 164
119 169
119 159
119 110
119 209
119 130
119 53
106 55
106 117
106 216
106 133
106 27
106 36
106 12
106 37
162 172
162 63
162 163
162 153
162 186
162 176
162 130
162 82
35 0
35 14
35 37
35 212
35 68
35 110
35 193
35 118
35 218
40 210
40 126
40 42
40 203
40 19
40 157
46 18
46 63
46 214
46 16
46 123
46 191
46 76
46 128
46 19
201 167
201 197
201 71
201 43
201 12
201 175
201 159
201 188
201 44
201 190
201 115
201 134
95 65
95 43
95 208
95 187
95 13
95 118
95 105
95 108
95 45
25 8
25 197
25 200
25 74
25 52
25 110
25 181
25 107
25 28
25 171
25 73
25 53
1 132
1 27
1 200
1 170
1 196
1 26
1 157
166 30
166 180
166 57
166 125
166 69
166 150
166 115
166 134
8 143
8 199
8 43
8 5
8 99
8 130
8 171
8 182
210 126
210 129
210 9
210 59
210 74
210 87
210 53
210 58
184 48
184 33
184 214
184 27
184 160
184 47
184 24
184 187
184 196
184 171
184 19
89 66
89 191
89 21
86 117
86 197
86 17
86 70
86 138
86 20
86 60
86 170
86 6
86 178
86 109
126 205
126 168
126 155
126 151
126 115
167 117
167 175
167 124
167 145
167 142
167 188
167 44
167 74
167 101
167 34
80 141
80 77
80 213
80 67
80 79
80 148
80 164
80 0
80 104
80 198
80 190
80 193
80 157
80 108
48 205
48 129
48 146
48 114
18 17
18 36
18 173
18 54
18 137
18 75
18 87
18 73
18 97
33 206
33 30
33 91
33 113
33 161
33 44
33 52
33 181
55 90
55 47
55 145
55 128
55 72
55 101
4 77
4 84
4 132
4 163
4 203
4 211
4 100
4 54
4 26
4 157
4 45
117 206
117 129
117 63
117 151
117 31
117 175
117 124
117 145
117 188
117 158
117 78
117 179
117 183
117 19
117 204
117 45
111 66
111 168
111 67
111 160
111 164
111 76
111 96
111 158
111 107
111 75
111 147
111 209
111 109
50 15
50 3
50 123
50 160
50 164
50 9
50 142
50 29
50 69
50 190
141 79
141 175
141 100
206 116
206 62
206 186
206 110
206 28
206 82
143 120
143 124
143 59
143 208
143 87
143 157
215 15
215 3
215 136
215 88
215 200
215 135
215 47
215 188
215 96
215 202
215 21
172 205
172 213
172 122
172 170
172 188
172 24
172 207
172 72
172 154
172 97
94 17
94 3
94 200
94 47
94 59
94 158
94 219
94 5
94 107
94 87
94 109
120 85
120 175
120 217
120 177
120 142
120 100
120 196
120 26
77 176
77 193
77 118
77 182
77 45
30 214
30 127
30 61
30 179
30 181
30 176
15 129
15 64
15 61
15 6
32 85
32 212
32 41
32 179
32 21
205 66
205 92
205 217
205 195
205 118
205 105
205 114
66 17
66 38
66 90
66 20
66 10
66 152
66 78
66 219
66 150
66 53
66 108
216 92
216 71
216 151
216 13
92 213
92 168
92 217
92 145
92 112
92 188
92 68
65 67
65 70
65 122
65 51
65 191
65 59
65 185
65 121
65 158
65 78
65 54
65 137
65 147
65 109
85 132
85 146
85 180
85 91
85 152
85 54
213 133
213 144
213 217
213 188
213 23
213 2
213 195
213 187
213 190
129 10
129 93
129 177
129 191
129 176
129 105
168 197
168 151
168 199
168 0
168 88
168 158
168 181
168 22
168 53
168 157
194 17
194 149
194 161
194 186
194 158
194 78
194 195
194 5
192 144
192 125
192 152
192 62
192 219
192 72
192 114
192 45
197 135
197 96
197 61
197 158
197 21
84 136
84 133
84 144
84 153
84 93
84 191
84 139
84 183
84 99
84 196
84 22
84 58
84 157
17 175
17 124
17 135
17 152
17 191
17 68
17 44
17 209
17 202
132 51
132 20
132 179
132 207
67 60
67 181
67 176
67 150
67 107
67 98
67 97
63 90
63 153
63 186
38 136
38 151
38 51
38 36
38 177
38 191
38 186
38 110
38 158
38 82
38 97
146 3
146 71
146 88
146 207
146 171
146 73
146 134
146 22
49 128
49 72
49 182
49 26
3 214
3 127
3 52
3 181
3 190
3 26
3 218
163 203
163 207
163 130
163 58
163 131
214 151
214 144
214 169
214 203
214 60
214 142
214 112
214 150
214 97
155 70
155 199
155 149
155 124
155 29
155 100
155 207
155 87
155 134
155 34
70 27
70 57
70 125
70 47
70 158
70 165
70 209
70 109
122 153
122 64
122 6
122 26
122 105
140 27
140 104
140 212
140 165
140 118
140 171
140 134
140 202
140 21
140 58
71 152
71 161
71 188
71 196
71 182
138 57
138 169
138 124
138 23
138 44
138 121
138 100
138 128
138 183
138 82
138 39
138 218
180 51
180 62
180 64
180 6
180 98
180 34
136 93
136 209
90 170
90 74
90 100
90 78
90 118
90 209
90 182
90 58
79 148
79 159
79 41
79 179
79 187
79 131
151 199
151 159
151 161
151 150
42 189
42 113
42 9
42 211
42 185
42 195
42 99
7 177
7 139
7 127
7 6
7 52
7 190
7 75
133 91
133 59
133 185
133 28
133 147
133 115
16 189
16 0
16 161
16 107
16 101
16 114
16 39
91 124
144 10
144 135
144 142
144 188
144 173
144 182
144 34
148 164
148 103
148 12
148 14
148 127
148 69
148 2
148 128
148 75
148 82
153 159
153 161
153 59
153 121
153 158
153 147
153 115
153 204
153 98
153 53
153 114
27 60
27 69
27 121
27 196
27 114
57 116
57 10
57 139
57 96
57 128
57 130
57 82
123 199
123 158
123 5
123 108
51 189
51 62
51 158
51 181
51 193
51 101
51 39
160 43
160 104
160 142
160 115
160 182
160 53
160 97
189 113
189 159
189 198
189 100
189 187
189 207
189 196
189 21
189 53
189 109
116 217
116 2
116 196
116 39
116 108
116 45
164 156
164 177
164 24
164 137
164 115
164 97
103 0
103 211
103 208
103 187
199 124
199 217
199 13
199 75
199 72
20 152
20 178
36 169
36 170
36 173
36 83
43 175
43 188
43 54
10 156
10 193
10 28
10 130
10 58
169 135
169 152
169 99
169 34
169 218
113 203
113 29
113 64
113 68
113 211
113 97
113 109
113 108
113 45
31 88
31 104
31 191
31 170
31 188
31 176
31 54
31 178
31 204
31 105
31 131
9 181
9 13
9 73
9 98
9 101
149 142
149 41
149 74
149 165
149 176
149 115
149 202
149 109
149 114
93 96
93 6
93 75
93 147
0 23
0 158
0 202
88 60
88 59
88 78
88 208
88 187
88 13
88 150
88 28
88 83
88 134
12 198
12 137
12 118
12 87
12 218
175 124
175 177
175 14
175 161
175 188
175 96
175 165
175 75
175 207
175 98
175 45
124 2
124 75
124 114
124 45
203 156
203 112
203 196
203 19
217 60
217 62
217 173
217 2
217 150
200 62
200 29
200 6
200 72
200 21
159 212
159 23
159 13
135 156
135 177
135 147
135 87
135 182
60 183
60 196
60 19
60 114
125 2
125 41
125 186
125 176
125 75
125 72
125 108
125 131
152 191
152 23
152 5
152 157
47 64
47 37
47 96
47 134
47 22
156 170
156 188
156 61
156 219
156 196
104 118
104 178
104 19
177 170
177 54
177 87
177 131
145 142
145 37
145 211
145 179
145 83
145 196
145 130
145 58
191 127
191 187
191 28
62 142
62 188
62 185
62 186
62 83
62 87
62 105
142 112
142 73
142 21
142 109
14 161
14 139
14 150
14 134
14 202
14 53
29 139
29 209
29 22
29 131
64 211
64 110
64 158
64 183
64 196
64 178
64 171
64 105
64 97
170 161
170 188
170 198
170 173
170 211
170 121
170 187
170 107
170 207
170 19
170 218
112 5
112 207
112 134
112 154
76 61
76 99
76 22
76 34
37 2
37 6
37 211
37 74
37 110
37 195
37 82
37 105
161 2
161 187
161 54
161 28
161 109
161 34
139 52
139 13
139 97
139 109
139 114
212 186
212 147
212 19
188 41
198 2
198 24
198 121
198 5
198 83
96 61
96 150
96 137
96 178
96 209
173 6
173 100
173 13
173 150
173 115
173 87
173 202
127 185
127 196
127 82
127 109
127 157
23 121
23 28
23 209
23 114
59 78
59 181
59 13
59 118
59 178
59 22
61 219
61 128
61 13
2 24
2 121
2 181
2 150
2 209
2 73
2 34
6 41
6 52
6 196
6 204
6 98
6 154
6 58
68 83
68 115
68 87
68 34
185 24
185 179
185 5
185 83
185 196
185 98
185 97
44 78
44 115
44 178
44 26
44 109
44 157
41 181
74 158
74 181
74 178
74 171
24 204
24 114
121 83
121 87
121 171
121 21
52 190
52 115
52 108
186 110
186 28
186 82
186 39
110 181
110 73
110 19
110 34
158 219
158 171
165 195
165 219
165 202
165 109
100 99
100 209
100 58
78 183
78 114
219 22
208 97
179 26
181 178
5 147
5 154
128 190
128 193
128 83
128 147
128 130
128 39
54 183
54 207
13 107
13 19
190 193
190 107
190 98
150 118
150 73
150 97
137 75
137 39
193 196
193 97
107 218
183 196
118 28
118 178
118 21
118 26
28 196
75 178
75 19
75 97
99 147
207 83
207 101
207 21
83 58
196 34
147 130
147 26
147 114
147 108
178 171
209 202
209 218
130 202
87 19
87 34
87 131
82 134
82 204
82 202
82 108
82 218
72 114
72 39
19 109
134 204
204 202
204 26
204 105
204 114
98 218
154 26
202 53
202 105
202 45
182 131
58 97
58 109
58 114
58 34
58 131
58 45
105 34
114 131
