*verties 206
38
204
143
9
29
153
124
94
117
57
161
14
61
173
53
207
23
105
125
202
214
133
185
114
140
158
99
192
107
100
50
80
194
75
45
87
15
33
42
31
72
183
170
188
179
44
51
71
37
81
151
40
35
180
1
203
219
96
213
186
138
102
95
41
67
113
168
134
92
139
70
19
128
193
201
123
83
166
174
101
26
130
208
104
34
27
177
197
190
195
65
182
60
196
49
21
59
212
7
76
16
97
3
211
209
84
74
39
135
82
199
47
0
8
165
159
73
127
206
171
17
12
172
111
121
163
164
141
6
122
20
200
24
126
63
32
98
216
120
11
30
145
109
79
205
48
77
93
181
90
175
86
152
142
167
146
218
46
189
154
147
198
13
36
144
55
28
162
52
156
5
22
160
215
103
187
150
106
62
155
178
110
25
184
18
108
66
64
119
68
58
91
210
148
4
112
56
116
78
88
132
157
137
129
191
136
*edges 
38 23
38 133
38 192
38 80
38 71
38 180
38 139
38 16
38 167
38 46
38 189
38 36
38 160
38 150
38 88
38 191
204 23
204 133
204 114
204 194
204 87
204 179
204 71
204 151
204 134
204 123
204 130
204 197
204 73
204 127
204 200
204 52
204 18
143 185
143 192
143 80
143 194
143 75
143 31
143 113
143 70
143 34
143 195
143 59
143 7
143 127
143 163
143 98
143 77
143 86
143 167
143 146
143 52
143 156
143 88
143 137
9 29
9 185
9 140
9 194
9 33
9 51
9 71
9 134
9 92
9 21
9 59
9 84
9 0
9 12
9 163
9 98
9 152
9 189
9 55
9 5
9 58
9 56
29 173
29 100
29 50
29 37
29 180
29 203
29 196
29 165
29 63
29 216
29 46
29 147
29 198
29 137
153 117
153 57
153 50
153 80
153 188
153 44
153 102
153 166
153 21
153 59
153 120
153 144
153 160
153 103
153 58
153 116
124 158
124 35
124 130
124 190
124 97
124 39
124 159
124 73
124 206
124 98
124 90
124 146
124 78
94 23
94 202
94 72
94 37
94 180
94 219
94 186
94 92
94 193
94 166
94 26
94 130
94 65
94 16
94 39
94 163
94 109
94 48
94 93
94 55
94 28
94 156
94 5
94 215
117 53
117 202
117 140
117 99
117 107
117 50
117 183
117 35
117 96
117 213
117 208
117 197
117 165
117 20
117 200
117 46
117 22
117 178
117 66
57 161
57 207
57 15
57 44
57 41
57 83
57 130
57 208
57 27
57 21
57 159
57 12
57 20
57 98
57 86
57 178
57 108
57 210
161 35
161 213
161 70
161 166
161 104
161 49
161 39
161 199
161 8
161 165
161 73
161 171
161 121
161 24
161 93
161 146
161 13
161 162
161 64
161 136
14 61
14 50
14 213
14 95
14 134
14 104
14 195
14 65
14 21
14 3
14 84
14 74
14 121
14 63
14 79
14 181
14 156
14 22
14 160
14 106
61 173
61 75
61 203
61 186
61 95
61 139
61 193
61 208
61 197
61 3
61 47
61 6
61 32
61 93
61 175
61 218
61 103
61 148
61 136
173 140
173 158
173 188
173 128
173 166
173 208
173 177
173 16
173 97
173 0
173 164
173 6
173 11
173 30
173 167
173 52
173 106
173 155
173 58
173 91
173 132
53 125
53 33
53 203
53 67
53 19
53 27
53 177
53 195
53 7
53 209
53 17
53 126
53 63
53 79
53 146
53 189
53 13
53 215
53 150
53 112
207 23
207 114
207 158
207 194
207 183
207 170
207 37
207 168
207 208
207 60
207 196
207 76
207 167
207 218
207 144
207 52
207 150
207 178
207 58
207 91
207 136
23 45
23 31
23 37
23 213
23 113
23 104
23 190
23 16
23 211
23 209
23 47
23 20
23 46
23 189
23 36
23 58
23 4
23 137
23 136
105 114
105 140
105 45
105 42
105 186
105 92
105 101
105 130
105 84
105 0
105 106
105 108
105 58
105 56
105 191
125 100
125 50
125 45
125 179
125 71
125 81
125 35
125 95
125 134
125 177
125 59
125 212
125 97
125 47
125 0
125 159
125 206
125 163
125 216
125 145
125 46
125 189
125 5
125 129
125 191
125 136
202 158
202 99
202 100
202 80
202 42
202 51
202 35
202 186
202 102
202 209
202 82
202 206
202 12
202 111
202 98
202 160
202 58
202 112
202 88
214 72
214 179
214 40
214 96
214 67
214 49
214 8
214 159
214 171
214 126
214 46
214 103
214 119
214 112
214 136
133 158
133 42
133 170
133 219
133 174
133 97
133 84
133 74
133 135
133 216
133 79
133 205
133 90
133 86
133 160
133 155
133 18
133 66
133 129
133 136
185 140
185 99
185 75
185 33
185 42
185 179
185 51
185 151
185 96
185 19
185 166
185 208
185 34
185 49
185 21
185 59
185 16
185 74
185 199
185 122
185 200
185 32
185 216
185 77
185 90
185 142
185 154
185 55
185 155
185 91
185 88
114 194
114 87
114 219
114 113
114 139
114 128
114 166
114 130
114 211
114 111
114 163
114 6
114 109
114 86
114 189
114 147
114 198
114 13
114 28
114 110
114 66
114 119
114 210
114 56
140 107
140 15
140 72
140 96
140 201
140 197
140 65
140 196
140 49
140 97
140 82
140 0
140 159
140 17
140 111
140 126
140 145
140 48
140 175
140 215
140 150
140 62
140 210
140 112
140 88
158 99
158 100
158 179
158 1
158 102
158 41
158 139
158 83
158 130
158 171
158 6
158 126
158 98
158 205
158 48
158 93
158 86
158 152
158 142
158 189
158 198
158 22
158 191
99 107
99 15
99 170
99 44
99 37
99 186
99 27
99 49
99 21
99 211
99 74
99 82
99 199
99 127
99 171
99 111
99 200
99 120
99 152
99 189
99 36
99 58
99 129
99 191
192 170
192 179
192 81
192 104
192 76
192 12
192 126
192 216
192 142
192 46
192 155
192 116
192 132
107 37
107 81
107 96
107 19
107 101
107 16
107 3
107 84
107 74
107 111
107 141
107 200
107 64
100 75
100 15
100 33
100 72
100 40
100 35
100 96
100 128
100 3
100 84
100 77
100 147
100 187
50 219
50 95
50 83
50 174
50 16
50 0
50 159
50 147
50 144
50 150
50 132
80 194
80 168
80 134
80 60
80 84
80 47
80 73
80 12
80 111
80 20
80 120
80 79
80 167
80 13
80 5
80 88
194 75
194 51
194 67
194 177
194 59
194 209
194 171
194 122
194 24
194 79
194 152
194 198
194 144
75 180
75 41
75 19
75 193
75 101
75 104
75 177
75 190
75 7
75 98
75 86
75 162
75 5
75 106
75 210
75 148
45 186
45 139
45 34
45 60
45 142
45 154
45 36
45 119
45 78
87 51
87 37
87 151
87 102
87 193
87 196
87 49
87 7
87 3
87 171
87 63
87 145
87 86
87 189
87 36
87 156
87 178
87 91
87 56
87 157
15 180
15 219
15 193
15 201
15 130
15 65
15 76
15 97
15 11
15 175
15 142
15 46
15 147
15 144
15 162
15 5
15 187
15 155
15 108
33 179
33 139
33 208
33 104
33 190
33 49
33 135
33 164
33 109
33 146
33 147
33 156
33 5
33 64
33 116
33 137
42 95
42 193
42 123
42 27
42 49
42 59
42 82
42 164
42 154
42 52
42 103
42 108
42 136
31 40
31 174
31 104
31 190
31 196
31 212
31 16
31 135
31 199
31 200
31 120
31 77
31 218
31 187
72 71
72 81
72 174
72 65
72 49
72 17
72 24
72 77
72 152
72 142
72 36
72 28
72 103
72 62
72 155
72 119
72 137
183 168
183 19
183 208
183 163
183 98
183 30
183 189
183 187
183 62
183 178
183 18
183 58
183 56
170 70
170 208
170 59
170 97
170 73
170 206
170 111
170 122
170 32
170 120
170 30
170 152
170 167
170 189
170 154
170 162
170 103
170 187
170 56
170 157
188 40
188 168
188 208
188 104
188 209
188 127
188 172
188 20
188 120
188 181
188 175
188 167
188 28
188 4
179 37
179 104
179 65
179 211
179 171
179 24
179 90
179 189
179 5
179 22
179 187
179 150
179 119
179 116
44 71
44 213
44 67
44 113
44 166
44 208
44 27
44 195
44 209
44 39
44 47
44 165
44 12
44 6
44 200
44 126
44 79
44 77
44 13
44 28
44 187
44 62
44 68
44 116
51 71
51 81
51 27
51 76
51 39
51 126
51 79
51 86
51 152
51 28
51 215
51 64
51 58
51 88
71 81
71 27
71 196
71 76
71 47
71 8
71 171
71 17
71 163
71 30
71 145
71 77
71 86
71 13
71 144
71 162
71 5
71 22
71 160
71 150
71 112
71 78
71 129
37 138
37 41
37 60
37 59
37 74
37 8
37 111
37 163
37 32
37 48
37 175
37 13
37 108
37 148
81 35
81 186
81 67
81 134
81 211
81 111
81 163
81 24
81 198
81 144
81 5
81 108
81 116
81 137
151 138
151 102
151 139
151 104
151 177
151 65
151 97
151 74
151 63
151 32
151 98
151 145
151 90
151 175
151 142
151 167
151 13
151 36
151 160
151 110
151 25
151 108
151 66
151 132
40 219
40 95
40 67
40 70
40 193
40 201
40 197
40 190
40 159
40 17
40 145
40 93
40 146
40 52
40 5
40 62
40 155
40 64
40 4
35 49
35 47
35 163
35 6
35 126
35 30
35 55
35 184
180 138
180 19
180 104
180 60
180 49
180 16
180 47
180 73
180 171
180 24
180 86
180 147
180 144
180 28
180 156
180 108
180 119
180 91
1 102
1 168
1 34
1 177
1 74
1 159
1 6
1 205
1 86
1 144
1 156
1 110
1 108
1 112
1 56
1 132
1 191
203 186
203 102
203 34
203 27
203 3
203 209
203 82
203 11
203 48
203 77
203 93
203 198
203 215
203 155
203 112
219 96
219 168
219 134
219 26
219 27
219 177
219 76
219 200
219 126
219 30
219 79
219 77
219 90
219 152
219 52
219 103
219 25
96 193
96 26
96 49
96 212
96 97
96 3
96 209
96 82
96 165
96 17
96 111
96 142
96 46
96 28
96 178
96 56
213 95
213 70
213 19
213 123
213 34
213 177
213 163
213 122
213 30
213 79
213 181
213 36
213 55
213 162
213 150
213 25
213 108
213 68
213 58
213 157
213 129
186 41
186 70
186 195
186 21
186 7
186 199
186 206
186 171
186 6
186 200
186 109
186 46
186 144
186 162
186 22
186 62
186 155
186 88
186 137
138 172
138 164
138 6
138 32
138 11
138 175
138 46
138 189
138 106
138 62
138 110
138 18
138 66
102 168
102 92
102 166
102 209
102 206
102 17
102 6
102 122
102 24
102 77
102 175
102 46
102 62
102 119
102 210
95 139
95 97
95 3
95 8
95 6
95 145
95 181
95 175
95 187
95 108
95 137
41 139
41 208
41 16
41 47
41 206
41 164
41 200
41 79
41 152
41 46
41 52
41 62
41 110
41 68
41 148
41 112
67 134
67 83
67 166
67 34
67 74
67 39
67 135
67 82
67 90
67 152
67 46
67 5
67 215
67 150
67 157
67 136
113 134
113 139
113 19
113 130
113 34
113 21
113 76
113 97
113 165
113 109
113 205
113 48
113 93
113 142
113 22
113 108
113 58
168 92
168 166
168 182
168 21
168 0
168 172
168 147
168 28
168 22
168 178
168 112
168 56
134 65
134 16
134 8
134 73
134 163
134 24
134 205
134 90
134 167
134 146
134 46
134 52
134 5
134 160
134 187
134 18
134 64
92 208
92 104
92 21
92 76
92 211
92 199
92 47
92 8
92 145
92 90
92 152
92 218
92 22
92 108
92 210
92 112
92 78
139 70
139 201
139 123
139 208
139 104
139 197
139 59
139 16
139 164
139 216
139 145
139 36
139 215
139 62
139 58
139 136
70 83
70 104
70 34
70 48
70 144
70 55
70 155
70 66
70 112
70 116
19 83
19 177
19 16
19 0
19 159
19 24
19 11
19 86
19 162
19 18
19 129
128 193
128 190
128 182
128 211
128 84
128 163
128 79
128 152
128 142
128 189
128 22
128 150
128 112
128 191
193 197
193 172
193 200
193 187
193 62
193 18
193 88
201 76
201 164
201 145
201 142
201 215
201 106
201 210
201 88
123 59
123 7
123 127
123 121
123 200
123 48
123 90
123 175
123 146
123 154
123 5
123 88
123 129
123 136
83 211
83 84
83 159
83 12
83 164
83 141
83 126
83 36
83 144
83 215
83 178
83 25
83 58
83 112
83 137
83 136
166 135
166 0
166 63
166 32
166 11
166 189
166 154
166 28
166 62
166 91
166 210
166 129
174 130
174 104
174 76
174 84
174 74
174 164
174 122
174 79
174 142
174 162
174 91
174 129
101 130
101 190
101 182
101 16
101 0
101 86
101 218
101 52
101 156
101 62
101 184
101 119
101 56
26 130
26 199
26 8
26 17
26 121
26 200
26 24
26 93
26 154
26 13
26 22
26 103
26 210
130 208
130 27
130 182
130 196
130 49
130 209
130 39
130 199
130 8
130 98
130 167
130 146
130 5
130 150
130 25
130 18
130 210
130 132
208 211
208 39
208 12
208 111
208 122
208 11
208 181
208 103
208 155
208 136
104 177
104 196
104 209
104 12
104 20
104 126
104 216
104 218
104 55
104 5
104 103
104 184
104 56
104 136
34 97
34 47
34 8
34 73
34 163
34 164
34 216
34 152
34 46
34 156
34 91
34 88
27 196
27 49
27 121
27 163
27 79
27 181
27 175
27 147
27 28
27 91
27 136
177 60
177 39
177 141
177 36
177 144
177 28
177 184
177 18
177 64
177 58
177 88
197 76
197 135
197 206
197 63
197 98
197 48
197 181
197 152
197 52
197 178
197 108
197 132
197 136
190 196
190 76
190 74
190 47
190 111
190 98
190 145
190 175
190 46
190 52
190 103
190 58
190 132
195 21
195 16
195 97
195 8
195 165
195 159
195 127
195 200
195 145
195 181
195 36
195 22
195 215
195 62
195 25
195 4
65 209
65 74
65 111
65 121
65 120
65 30
65 109
65 205
65 167
65 46
65 55
65 52
65 129
182 84
182 39
182 135
182 82
182 111
182 86
182 142
182 218
182 198
182 28
182 116
182 157
182 191
60 196
60 47
60 0
60 126
60 120
60 205
60 77
60 90
60 142
60 189
60 22
60 187
60 155
60 4
60 157
196 16
196 127
196 206
196 171
196 172
196 126
196 198
196 144
196 106
196 64
196 58
196 116
49 16
49 73
49 17
49 120
49 30
49 156
49 215
49 187
49 62
49 58
49 210
49 78
21 59
21 212
21 76
21 209
21 206
21 171
21 145
21 175
21 178
21 66
21 64
21 191
21 136
59 211
59 206
59 12
59 6
59 11
59 175
59 146
59 189
59 36
59 18
59 58
59 56
59 129
212 97
212 211
212 47
212 73
212 17
212 145
212 181
212 86
212 156
212 215
212 25
212 210
212 88
7 97
7 135
7 82
7 172
7 122
7 20
7 126
7 63
7 120
7 142
7 5
7 148
7 136
76 16
76 84
76 12
76 172
76 164
76 6
76 98
76 216
76 198
76 156
76 178
76 88
16 122
16 20
16 32
16 46
16 13
16 28
16 103
16 150
16 18
97 8
97 206
97 121
97 200
97 98
97 175
97 52
97 215
97 184
97 64
97 4
97 136
3 127
3 6
3 77
3 93
3 90
3 146
3 215
3 119
211 84
211 135
211 200
211 79
211 13
211 5
211 215
211 18
211 56
211 78
209 98
209 90
209 175
209 36
209 144
209 162
209 156
209 160
209 187
209 150
209 148
84 8
84 200
84 175
84 146
84 162
84 52
84 62
84 157
74 8
74 165
74 159
74 73
74 164
74 20
74 11
74 205
74 36
39 121
39 164
39 126
39 79
39 93
39 175
39 218
39 198
39 162
39 178
39 210
39 148
39 56
135 82
135 199
135 17
135 6
135 77
135 152
135 28
135 103
135 25
135 56
135 136
82 0
82 159
82 111
82 63
82 216
82 152
82 142
82 13
82 22
82 160
82 155
82 18
82 91
82 78
199 8
199 145
199 109
199 86
199 218
199 36
199 55
199 52
199 160
199 155
47 206
47 172
47 163
47 164
47 24
47 98
47 181
47 146
47 218
47 52
47 58
0 171
0 141
0 126
0 145
0 167
0 198
0 103
0 25
0 148
0 4
0 137
0 129
0 191
8 12
8 172
8 121
8 147
8 160
8 215
8 103
8 106
8 119
8 78
165 121
165 205
165 93
165 175
165 86
165 52
165 103
165 129
159 127
159 111
159 6
159 98
159 181
159 167
159 36
159 52
159 62
159 25
159 58
159 78
159 191
73 164
73 90
73 147
73 162
73 156
73 5
73 160
73 136
127 17
127 172
127 164
127 122
127 98
127 175
127 55
127 129
206 121
206 122
206 20
206 205
206 86
206 167
206 28
206 62
206 155
206 108
206 91
171 181
171 167
171 218
171 25
171 18
17 12
17 122
17 93
17 90
17 86
17 155
17 108
17 66
12 20
12 200
12 48
12 175
12 110
12 68
12 116
172 6
172 122
172 120
172 205
172 181
172 175
172 215
172 62
172 119
172 58
172 112
111 109
111 86
111 146
111 36
111 103
111 106
111 178
111 184
111 68
111 116
111 157
111 136
121 164
121 122
121 32
121 77
121 175
121 198
121 28
121 52
121 66
121 148
121 56
121 132
163 164
163 216
163 205
163 46
163 13
163 62
163 68
163 148
163 112
164 24
164 63
164 109
164 36
164 28
164 162
164 187
164 155
164 64
141 126
141 22
141 215
141 103
141 110
141 108
141 210
141 148
6 109
6 93
6 146
6 189
6 147
6 52
6 116
122 126
122 32
122 189
122 156
122 22
122 66
122 119
122 210
122 116
20 24
20 144
20 5
20 103
20 187
20 110
20 58
20 136
200 86
200 152
200 167
200 218
24 30
24 90
24 184
24 68
24 148
24 56
24 157
126 63
126 120
126 77
126 28
126 160
126 106
126 68
126 137
63 205
63 77
63 152
63 198
63 184
63 66
63 112
63 88
63 136
32 189
32 22
32 150
32 108
32 56
98 48
98 90
98 156
98 110
98 78
216 120
216 11
216 90
216 175
216 86
216 189
216 28
216 22
216 56
216 116
216 191
120 79
120 152
120 5
120 136
11 152
11 218
11 147
11 36
11 62
11 18
30 77
30 167
30 146
30 144
30 160
30 4
30 56
30 137
145 86
145 144
145 210
145 137
145 191
109 181
109 36
109 52
109 150
109 68
109 157
79 48
79 175
79 154
79 5
79 103
79 150
79 108
79 64
205 167
205 13
205 162
205 103
205 178
205 25
205 184
205 88
205 191
48 86
48 198
48 160
48 148
77 147
77 198
77 55
77 160
77 215
77 58
77 191
93 90
93 218
93 55
93 22
93 106
93 184
93 18
93 66
93 191
181 103
181 25
181 88
90 154
90 162
90 178
90 78
90 88
175 13
175 28
175 5
175 18
175 58
175 148
175 4
86 198
86 18
86 132
152 28
152 62
152 136
142 13
142 28
142 5
142 187
142 150
142 148
142 56
142 132
167 13
167 62
167 155
167 64
167 129
146 55
146 103
146 108
146 66
146 58
146 88
218 13
218 5
218 187
218 184
218 129
46 13
46 5
46 160
46 187
46 68
46 137
189 106
189 25
189 119
189 157
154 198
154 160
154 150
154 18
154 148
154 78
147 28
147 162
147 103
147 184
147 91
147 116
147 88
198 13
198 5
198 106
198 25
198 210
198 136
13 162
36 66
36 148
36 116
144 156
144 66
144 64
144 148
144 157
55 5
55 210
28 160
28 187
28 178
28 119
28 88
28 136
162 5
162 22
162 106
162 119
162 58
162 78
162 132
162 157
162 191
162 136
52 25
52 191
156 62
156 108
156 91
156 88
156 191
5 157
22 106
22 184
22 119
22 132
215 148
215 129
215 136
103 178
103 110
103 68
103 88
103 137
103 191
187 25
187 136
150 178
150 108
150 119
106 155
106 184
106 18
106 66
106 210
62 66
62 132
155 210
155 129
155 136
178 18
178 191
110 157
25 184
25 66
25 64
25 78
25 191
184 56
184 88
18 66
18 56
108 58
108 4
108 137
66 68
64 116
64 129
119 116
119 132
68 210
68 129
210 78
148 157
148 136
4 78
4 88
4 136
116 157
116 191
88 157
88 137
132 129
