*verties 200
183
123
186
15
131
3
188
190
146
99
106
4
163
36
63
155
26
66
203
208
202
91
214
204
14
201
138
219
127
215
101
49
34
32
169
174
102
46
37
192
65
195
18
40
197
115
108
140
0
124
35
57
193
179
74
56
86
117
187
139
75
128
189
181
77
159
70
28
30
20
48
58
11
213
176
158
51
1
162
113
80
211
64
93
105
137
116
103
109
82
55
43
210
198
148
216
13
166
110
92
100
29
135
87
161
85
168
25
76
21
151
53
217
2
31
71
122
199
98
22
157
97
185
178
50
150
171
149
38
160
104
200
191
79
218
61
5
9
6
47
89
78
68
142
112
84
145
119
206
172
17
144
44
194
182
152
73
95
164
147
39
54
16
154
72
81
165
67
42
153
136
24
45
129
8
156
125
170
205
23
167
143
118
114
12
141
90
130
52
120
96
62
177
107
133
209
207
111
94
83
*edges 
183 15
183 190
183 146
183 36
183 202
183 91
183 174
183 195
183 108
183 140
183 0
183 193
183 56
183 139
183 70
183 28
183 58
183 80
183 137
183 116
183 109
183 55
183 210
183 148
183 13
183 29
183 85
183 168
183 151
183 217
183 2
183 199
183 22
183 50
183 150
183 171
183 160
183 191
183 5
183 6
183 89
183 78
183 172
183 24
183 156
183 125
183 23
183 141
183 130
183 107
183 209
183 207
183 111
123 99
123 106
123 36
123 66
123 219
123 102
123 37
123 197
123 108
123 140
123 74
123 86
123 189
123 181
123 58
123 11
123 213
123 158
123 51
123 80
123 64
123 137
123 210
123 13
123 100
123 161
123 122
123 97
123 185
123 160
123 218
123 5
123 78
123 145
123 206
123 172
123 17
123 152
123 73
123 164
123 54
123 16
123 154
123 72
123 153
123 8
123 156
123 143
123 114
123 52
123 133
186 3
186 146
186 99
186 63
186 66
186 203
186 91
186 204
186 219
186 127
186 34
186 32
186 0
186 179
186 56
186 117
186 187
186 181
186 48
186 176
186 162
186 211
186 64
186 105
186 43
186 210
186 198
186 148
186 216
186 29
186 135
186 87
186 168
186 25
186 76
186 53
186 31
186 98
186 38
186 200
186 191
186 79
186 218
186 142
186 119
186 17
186 144
186 39
186 16
186 72
186 165
186 67
186 153
186 24
186 118
186 12
186 130
186 96
186 209
186 94
15 146
15 106
15 4
15 63
15 66
15 204
15 201
15 138
15 101
15 169
15 102
15 40
15 197
15 57
15 74
15 86
15 70
15 58
15 176
15 158
15 51
15 64
15 93
15 105
15 166
15 92
15 29
15 87
15 161
15 2
15 97
15 185
15 50
15 149
15 191
15 218
15 68
15 145
15 172
15 144
15 73
15 16
15 81
15 67
15 153
15 129
15 8
15 156
15 170
15 23
15 167
15 143
15 12
15 96
15 62
15 209
131 4
131 66
131 203
131 208
131 91
131 214
131 204
131 127
131 101
131 32
131 46
131 37
131 192
131 195
131 197
131 0
131 56
131 117
131 139
131 75
131 11
131 213
131 176
131 51
131 93
131 116
131 109
131 198
131 166
131 92
131 87
131 85
131 168
131 31
131 71
131 22
131 157
131 97
131 185
131 150
131 149
131 160
131 79
131 5
131 9
131 6
131 47
131 78
131 68
131 84
131 119
131 44
131 194
131 95
131 164
131 16
131 165
131 67
131 129
131 156
131 125
131 118
131 114
131 12
131 52
131 62
131 177
131 207
131 83
3 36
3 155
3 202
3 204
3 14
3 201
3 215
3 101
3 34
3 169
3 102
3 37
3 195
3 124
3 179
3 117
3 187
3 139
3 75
3 181
3 159
3 30
3 20
3 58
3 213
3 158
3 1
3 162
3 116
3 103
3 43
3 148
3 29
3 135
3 76
3 71
3 122
3 157
3 185
3 171
3 160
3 200
3 218
3 5
3 68
3 84
3 17
3 194
3 73
3 164
3 147
3 39
3 153
3 136
3 129
3 8
3 156
3 167
3 143
3 130
3 62
3 107
3 133
3 207
3 94
188 146
188 204
188 201
188 138
188 127
188 101
188 34
188 32
188 197
188 108
188 140
188 124
188 179
188 74
188 128
188 189
188 181
188 28
188 51
188 1
188 113
188 64
188 93
188 210
188 148
188 166
188 110
188 100
188 135
188 151
188 2
188 31
188 122
188 98
188 185
188 171
188 61
188 5
188 89
188 112
188 119
188 172
188 17
188 144
188 72
188 42
188 153
188 167
188 114
188 12
188 96
188 62
188 133
188 209
188 111
190 146
190 66
190 208
190 138
190 127
190 101
190 49
190 102
190 46
190 197
190 115
190 0
190 179
190 74
190 117
190 189
190 11
190 1
190 113
190 80
190 137
190 103
190 109
190 43
190 210
190 216
190 166
190 87
190 53
190 217
190 199
190 157
190 178
190 171
190 160
190 104
190 200
190 61
190 9
190 78
190 68
190 119
190 206
190 17
190 95
190 164
190 147
190 39
190 81
190 67
190 153
190 114
190 12
190 141
190 177
190 107
190 133
190 209
146 36
146 214
146 32
146 174
146 192
146 197
146 35
146 117
146 75
146 128
146 189
146 181
146 28
146 48
146 58
146 11
146 176
146 158
146 1
146 162
146 113
146 103
146 13
146 166
146 110
146 92
146 87
146 217
146 199
146 97
146 185
146 178
146 150
146 160
146 79
146 218
146 61
146 5
146 6
146 78
146 17
146 144
146 44
146 194
146 152
146 95
146 154
146 165
146 42
146 136
146 45
146 129
146 156
146 170
146 205
146 12
146 141
146 177
146 207
146 111
99 36
99 63
99 26
99 214
99 201
99 138
99 127
99 49
99 34
99 192
99 18
99 115
99 108
99 128
99 77
99 28
99 20
99 48
99 58
99 11
99 213
99 1
99 80
99 211
99 64
99 210
99 198
99 110
99 92
99 135
99 87
99 85
99 168
99 25
99 76
99 21
99 157
99 178
99 160
99 104
99 191
99 5
99 6
99 47
99 68
99 206
99 17
99 44
99 152
99 147
99 54
99 16
99 42
99 136
99 24
99 8
99 205
99 143
99 118
99 12
99 90
99 120
99 62
99 133
99 111
106 4
106 36
106 63
106 26
106 91
106 214
106 14
106 219
106 101
106 49
106 34
106 32
106 102
106 46
106 192
106 195
106 40
106 197
106 140
106 0
106 193
106 74
106 128
106 77
106 51
106 1
106 162
106 64
106 55
106 148
106 92
106 135
106 161
106 168
106 151
106 185
106 178
106 150
106 6
106 142
106 44
106 194
106 73
106 154
106 72
106 67
106 42
106 205
106 143
106 111
4 36
4 202
4 91
4 214
4 219
4 127
4 34
4 32
4 169
4 174
4 18
4 115
4 140
4 124
4 181
4 159
4 58
4 11
4 213
4 176
4 158
4 93
4 137
4 103
4 166
4 92
4 29
4 76
4 31
4 199
4 22
4 178
4 150
4 149
4 200
4 218
4 9
4 6
4 47
4 89
4 145
4 144
4 95
4 147
4 54
4 165
4 45
4 114
4 52
4 177
4 209
4 111
4 83
163 36
163 155
163 66
163 214
163 204
163 14
163 138
163 102
163 46
163 37
163 18
163 124
163 35
163 193
163 179
163 56
163 187
163 139
163 159
163 70
163 28
163 30
163 20
163 48
163 58
163 213
163 211
163 64
163 93
163 105
163 137
163 43
163 198
163 87
163 25
163 71
163 98
163 157
163 97
163 178
163 149
163 104
163 200
163 68
163 112
163 144
163 95
163 164
163 147
163 39
163 42
163 153
163 45
163 205
163 167
163 114
163 12
163 141
163 90
163 130
163 96
163 62
163 107
163 209
163 111
36 66
36 202
36 204
36 127
36 37
36 18
36 0
36 35
36 57
36 179
36 86
36 139
36 75
36 181
36 77
36 20
36 58
36 11
36 176
36 1
36 113
36 211
36 64
36 137
36 43
36 198
36 166
36 29
36 85
36 168
36 76
36 21
36 151
36 199
36 22
36 50
36 150
36 38
36 191
36 6
36 89
36 142
36 112
36 84
36 145
36 194
36 182
36 147
36 72
36 81
36 67
36 153
36 129
36 125
36 118
36 114
36 90
36 130
36 96
36 62
36 209
36 94
63 155
63 66
63 203
63 101
63 49
63 174
63 192
63 65
63 18
63 35
63 57
63 117
63 187
63 181
63 159
63 20
63 48
63 58
63 213
63 176
63 51
63 113
63 105
63 116
63 210
63 198
63 148
63 92
63 29
63 161
63 157
63 97
63 185
63 171
63 200
63 6
63 89
63 119
63 206
63 144
63 182
63 152
63 73
63 147
63 39
63 54
63 154
63 45
63 170
63 118
63 12
63 62
63 94
155 66
155 203
155 14
155 127
155 101
155 49
155 46
155 195
155 18
155 197
155 124
155 57
155 179
155 86
155 117
155 139
155 128
155 113
155 80
155 93
155 137
155 103
155 109
155 55
155 198
155 13
155 110
155 100
155 85
155 168
155 25
155 151
155 2
155 31
155 122
155 199
155 22
155 97
155 185
155 6
155 78
155 68
155 142
155 172
155 54
155 16
155 154
155 81
155 165
155 153
155 129
155 170
155 167
155 141
155 52
155 96
155 62
155 107
155 209
155 111
155 83
26 202
26 14
26 215
26 101
26 34
26 32
26 18
26 197
26 115
26 124
26 57
26 179
26 117
26 75
26 159
26 11
26 213
26 1
26 64
26 55
26 43
26 148
26 166
26 110
26 92
26 100
26 87
26 168
26 98
26 157
26 50
26 171
26 104
26 79
26 89
26 78
26 206
26 172
26 17
26 152
26 73
26 154
26 72
26 45
26 8
26 170
26 118
26 12
26 141
26 52
26 94
26 83
66 203
66 202
66 204
66 201
66 138
66 169
66 174
66 46
66 37
66 192
66 40
66 197
66 108
66 0
66 124
66 35
66 57
66 193
66 86
66 117
66 128
66 181
66 70
66 20
66 11
66 158
66 80
66 64
66 105
66 109
66 82
66 55
66 43
66 210
66 148
66 13
66 166
66 110
66 29
66 87
66 85
66 25
66 21
66 157
66 185
66 149
66 200
66 191
66 79
66 47
66 112
66 44
66 194
66 182
66 164
66 67
66 136
66 45
66 170
66 118
66 141
66 62
66 209
66 94
66 83
203 208
203 14
203 138
203 215
203 46
203 37
203 192
203 65
203 195
203 115
203 124
203 35
203 179
203 139
203 181
203 77
203 159
203 48
203 158
203 51
203 80
203 137
203 116
203 43
203 210
203 198
203 216
203 92
203 161
203 21
203 53
203 31
203 71
203 22
203 185
203 178
203 171
203 38
203 104
203 200
203 79
203 9
203 47
203 68
203 112
203 145
203 119
203 44
203 194
203 152
203 39
203 16
203 42
203 45
203 129
203 23
203 167
203 143
203 118
203 12
203 90
203 130
203 52
203 207
203 111
203 94
208 202
208 214
208 204
208 201
208 127
208 49
208 37
208 65
208 195
208 140
208 35
208 193
208 117
208 189
208 77
208 30
208 48
208 58
208 11
208 213
208 1
208 80
208 211
208 137
208 116
208 43
208 198
208 13
208 166
208 110
208 29
208 85
208 168
208 97
208 171
208 79
208 61
208 44
208 194
208 152
208 154
208 81
208 165
208 24
208 45
208 8
208 23
208 167
208 143
208 118
208 12
208 90
208 120
208 107
208 111
208 94
202 91
202 14
202 138
202 34
202 32
202 169
202 102
202 46
202 37
202 195
202 197
202 140
202 57
202 117
202 181
202 20
202 48
202 11
202 158
202 162
202 116
202 43
202 216
202 166
202 110
202 92
202 100
202 21
202 53
202 217
202 2
202 71
202 199
202 22
202 160
202 104
202 79
202 61
202 6
202 68
202 112
202 84
202 172
202 44
202 152
202 73
202 164
202 147
202 154
202 72
202 165
202 153
202 136
202 205
202 114
202 120
202 96
202 209
202 94
202 83
91 214
91 201
91 138
91 127
91 32
91 169
91 102
91 65
91 195
91 18
91 40
91 197
91 115
91 108
91 140
91 124
91 74
91 75
91 181
91 20
91 58
91 158
91 51
91 64
91 105
91 137
91 109
91 82
91 210
91 198
91 13
91 135
91 168
91 217
91 122
91 199
91 38
91 191
91 61
91 47
91 89
91 78
91 142
91 145
91 44
91 73
91 95
91 164
91 72
91 165
91 136
91 45
91 8
91 156
91 130
91 52
91 107
214 204
214 215
214 101
214 49
214 32
214 102
214 37
214 192
214 18
214 115
214 108
214 57
214 179
214 56
214 86
214 117
214 187
214 139
214 75
214 159
214 30
214 20
214 162
214 113
214 211
214 137
214 103
214 55
214 198
214 13
214 166
214 100
214 29
214 135
214 161
214 151
214 217
214 2
214 31
214 98
214 97
214 150
214 149
214 38
214 89
214 112
214 84
214 145
214 119
214 206
214 172
214 144
214 182
214 73
214 164
214 39
214 16
214 165
214 67
214 42
214 153
214 156
214 125
214 170
214 167
214 130
214 62
214 177
214 83
204 14
204 138
204 49
204 34
204 174
204 102
204 192
204 18
204 115
204 140
204 124
204 35
204 179
204 74
204 56
204 86
204 187
204 77
204 30
204 58
204 51
204 1
204 162
204 80
204 105
204 137
204 103
204 109
204 210
204 148
204 13
204 166
204 92
204 100
204 29
204 135
204 217
204 104
204 200
204 5
204 142
204 112
204 17
204 164
204 39
204 54
204 129
204 8
204 170
204 205
204 52
204 96
204 133
204 207
14 219
14 101
14 49
14 65
14 40
14 115
14 0
14 124
14 117
14 187
14 139
14 28
14 20
14 48
14 58
14 213
14 80
14 93
14 116
14 43
14 198
14 110
14 135
14 85
14 25
14 31
14 122
14 157
14 171
14 160
14 191
14 79
14 61
14 6
14 112
14 206
14 73
14 95
14 164
14 147
14 16
14 72
14 136
14 156
14 170
14 167
14 62
14 107
14 94
201 219
201 49
201 174
201 46
201 195
201 40
201 197
201 140
201 124
201 35
201 179
201 187
201 75
201 128
201 77
201 28
201 51
201 113
201 211
201 93
201 43
201 198
201 216
201 166
201 110
201 29
201 87
201 85
201 25
201 76
201 2
201 31
201 71
201 97
201 185
201 149
201 79
201 5
201 6
201 47
201 89
201 78
201 112
201 84
201 206
201 182
201 73
201 54
201 154
201 67
201 42
201 136
201 129
201 125
201 143
201 118
201 52
201 120
201 62
201 177
201 107
201 83
138 215
138 34
138 32
138 195
138 18
138 40
138 115
138 108
138 0
138 124
138 57
138 117
138 75
138 189
138 70
138 28
138 48
138 11
138 158
138 80
138 93
138 105
138 103
138 109
138 55
138 210
138 135
138 87
138 2
138 122
138 97
138 104
138 89
138 142
138 112
138 145
138 206
138 144
138 95
138 164
138 39
138 54
138 16
138 154
138 72
138 42
138 153
138 136
138 45
138 129
138 125
138 170
138 143
138 118
138 52
138 96
138 62
138 133
138 207
138 94
219 34
219 174
219 46
219 37
219 197
219 108
219 124
219 35
219 193
219 56
219 187
219 75
219 128
219 77
219 70
219 30
219 11
219 158
219 80
219 64
219 93
219 109
219 210
219 198
219 13
219 166
219 100
219 135
219 87
219 85
219 31
219 171
219 38
219 104
219 200
219 9
219 6
219 84
219 145
219 144
219 147
219 154
219 165
219 42
219 24
219 129
219 170
219 205
219 23
219 118
219 114
219 12
219 96
219 133
127 34
127 169
127 174
127 102
127 195
127 18
127 108
127 0
127 193
127 74
127 56
127 187
127 139
127 75
127 20
127 158
127 211
127 93
127 55
127 43
127 198
127 148
127 166
127 110
127 161
127 168
127 76
127 53
127 217
127 122
127 157
127 185
127 150
127 171
127 38
127 104
127 200
127 191
127 61
127 112
127 172
127 17
127 144
127 44
127 182
127 73
127 147
127 154
127 45
127 8
127 143
127 118
127 96
127 107
127 133
127 209
127 207
127 83
215 46
215 195
215 40
215 197
215 115
215 124
215 86
215 187
215 128
215 189
215 159
215 30
215 20
215 51
215 162
215 113
215 80
215 64
215 103
215 82
215 198
215 148
215 216
215 13
215 166
215 92
215 29
215 217
215 2
215 31
215 71
215 97
215 185
215 150
215 149
215 38
215 104
215 218
215 61
215 5
215 89
215 84
215 206
215 172
215 17
215 44
215 154
215 72
215 81
215 67
215 42
215 153
215 45
215 170
215 143
215 114
215 90
215 130
215 62
215 207
215 94
215 83
101 34
101 46
101 195
101 197
101 115
101 108
101 140
101 57
101 86
101 181
101 77
101 159
101 70
101 48
101 176
101 113
101 105
101 137
101 43
101 210
101 13
101 29
101 135
101 161
101 25
101 76
101 53
101 71
101 122
101 185
101 178
101 171
101 38
101 160
101 200
101 191
101 79
101 61
101 5
101 6
101 78
101 142
101 119
101 206
101 17
101 182
101 95
101 164
101 165
101 167
101 12
101 141
101 90
101 107
101 133
101 111
49 102
49 65
49 197
49 0
49 193
49 86
49 117
49 75
49 77
49 30
49 20
49 213
49 1
49 162
49 113
49 80
49 93
49 116
49 55
49 43
49 13
49 110
49 100
49 29
49 87
49 168
49 25
49 2
49 199
49 157
49 149
49 9
49 89
49 68
49 142
49 206
49 144
49 95
49 164
49 54
49 154
49 72
49 165
49 153
49 136
49 156
49 125
49 114
49 130
49 52
49 62
49 177
49 107
49 209
49 207
34 32
34 46
34 37
34 195
34 18
34 197
34 115
34 179
34 56
34 187
34 139
34 189
34 181
34 77
34 159
34 11
34 213
34 176
34 158
34 162
34 113
34 211
34 64
34 137
34 82
34 43
34 210
34 110
34 29
34 85
34 76
34 151
34 2
34 71
34 122
34 98
34 150
34 38
34 104
34 218
34 61
34 9
34 47
34 89
34 78
34 112
34 172
34 17
34 144
34 147
34 81
34 165
34 136
34 45
34 8
34 167
34 114
34 52
34 120
34 209
34 207
34 94
34 83
32 174
32 74
32 139
32 189
32 181
32 30
32 58
32 11
32 158
32 51
32 162
32 105
32 116
32 55
32 198
32 148
32 166
32 168
32 25
32 76
32 21
32 31
32 122
32 199
32 22
32 157
32 97
32 185
32 171
32 160
32 104
32 218
32 61
32 47
32 112
32 84
32 119
32 17
32 54
32 165
32 67
32 42
32 136
32 24
32 129
32 8
32 156
32 125
32 205
32 167
32 143
32 118
32 12
32 141
32 130
32 52
32 62
32 107
32 209
169 37
169 195
169 197
169 108
169 56
169 117
169 139
169 128
169 181
169 20
169 213
169 158
169 64
169 137
169 116
169 55
169 43
169 216
169 13
169 85
169 2
169 199
169 160
169 104
169 218
169 5
169 89
169 142
169 119
169 172
169 194
169 152
169 95
169 39
169 16
169 165
169 170
169 23
169 167
169 12
169 141
169 52
169 96
169 62
169 209
169 83
174 192
174 115
174 108
174 57
174 117
174 75
174 128
174 189
174 159
174 58
174 11
174 176
174 1
174 113
174 80
174 64
174 109
174 43
174 210
174 198
174 13
174 166
174 21
174 151
174 122
174 98
174 22
174 185
174 150
174 38
174 191
174 119
174 206
174 164
174 147
174 39
174 16
174 81
174 136
174 45
174 8
174 114
174 90
174 130
174 52
174 120
174 177
174 94
102 46
102 192
102 18
102 35
102 74
102 30
102 58
102 11
102 162
102 211
102 93
102 137
102 43
102 210
102 198
102 148
102 13
102 110
102 87
102 161
102 168
102 76
102 151
102 31
102 199
102 22
102 178
102 160
102 191
102 218
102 9
102 47
102 68
102 119
102 206
102 17
102 144
102 95
102 39
102 54
102 72
102 165
102 42
102 205
102 23
102 167
102 143
102 141
102 90
102 62
102 177
102 107
46 65
46 40
46 140
46 0
46 57
46 193
46 179
46 74
46 86
46 187
46 70
46 20
46 48
46 11
46 176
46 51
46 211
46 64
46 82
46 29
46 135
46 161
46 168
46 151
46 53
46 71
46 199
46 157
46 150
46 38
46 160
46 5
46 78
46 68
46 112
46 119
46 206
46 172
46 44
46 194
46 152
46 147
46 54
46 72
46 153
46 129
46 156
46 170
46 114
46 90
46 62
46 133
46 209
37 192
37 65
37 195
37 108
37 124
37 35
37 179
37 187
37 139
37 128
37 77
37 176
37 158
37 51
37 1
37 113
37 105
37 137
37 116
37 103
37 109
37 82
37 43
37 210
37 92
37 29
37 168
37 76
37 53
37 98
37 160
37 191
37 79
37 61
37 78
37 142
37 112
37 84
37 17
37 152
37 39
37 67
37 153
37 24
37 45
37 8
37 170
37 143
37 141
37 130
37 96
37 62
37 177
37 209
192 18
192 40
192 115
192 108
192 124
192 57
192 74
192 56
192 117
192 189
192 48
192 11
192 158
192 51
192 113
192 80
192 116
192 103
192 109
192 82
192 55
192 43
192 13
192 29
192 85
192 168
192 76
192 151
192 217
192 98
192 157
192 50
192 149
192 38
192 160
192 191
192 79
192 218
192 5
192 78
192 84
192 144
192 39
192 154
192 42
192 153
192 125
192 167
192 114
192 62
192 207
65 197
65 140
65 57
65 193
65 86
65 128
65 30
65 48
65 176
65 51
65 1
65 162
65 103
65 82
65 210
65 148
65 13
65 29
65 135
65 85
65 31
65 199
65 98
65 157
65 185
65 50
65 38
65 200
65 218
65 9
65 112
65 84
65 172
65 44
65 194
65 182
65 73
65 164
65 39
65 54
65 165
65 42
65 153
65 8
65 125
65 170
65 205
65 114
65 62
65 209
195 40
195 197
195 74
195 56
195 117
195 139
195 189
195 77
195 159
195 20
195 48
195 58
195 213
195 158
195 162
195 137
195 103
195 210
195 110
195 92
195 135
195 25
195 21
195 122
195 199
195 22
195 97
195 178
195 171
195 149
195 38
195 9
195 68
195 142
195 112
195 145
195 73
195 164
195 154
195 153
195 129
195 170
195 205
195 12
195 141
195 52
195 133
195 207
195 94
18 197
18 124
18 57
18 193
18 179
18 74
18 86
18 139
18 75
18 128
18 30
18 51
18 113
18 211
18 105
18 103
18 82
18 210
18 216
18 110
18 135
18 87
18 85
18 168
18 76
18 21
18 53
18 217
18 2
18 199
18 98
18 22
18 97
18 38
18 84
18 119
18 44
18 182
18 73
18 164
18 72
18 129
18 8
18 125
18 205
18 23
18 143
18 118
18 12
18 90
18 130
18 120
40 140
40 35
40 139
40 77
40 58
40 11
40 158
40 51
40 162
40 80
40 211
40 93
40 105
40 109
40 43
40 210
40 13
40 110
40 92
40 100
40 29
40 135
40 161
40 168
40 76
40 151
40 53
40 217
40 199
40 98
40 97
40 150
40 38
40 218
40 61
40 89
40 78
40 112
40 84
40 152
40 73
40 39
40 16
40 165
40 67
40 153
40 24
40 23
40 167
40 141
40 90
40 130
40 62
40 177
40 209
40 94
197 115
197 57
197 74
197 86
197 75
197 159
197 70
197 28
197 48
197 162
197 113
197 64
197 105
197 82
197 210
197 92
197 100
197 161
197 85
197 76
197 53
197 217
197 31
197 71
197 157
197 185
197 50
197 171
197 149
197 200
197 218
197 6
197 89
197 68
197 145
197 206
197 172
197 144
197 152
197 164
197 54
197 154
197 72
197 165
197 67
197 136
197 45
197 114
197 141
197 120
197 96
197 62
197 209
197 207
115 0
115 57
115 193
115 86
115 128
115 181
115 77
115 70
115 28
115 20
115 48
115 213
115 80
115 64
115 109
115 82
115 198
115 148
115 216
115 110
115 100
115 29
115 53
115 2
115 122
115 98
115 22
115 178
115 218
115 78
115 68
115 112
115 145
115 119
115 172
115 17
115 144
115 44
115 182
115 73
115 95
115 16
115 72
115 67
115 42
115 24
115 205
115 23
115 141
115 90
115 207
115 111
115 83
108 140
108 0
108 124
108 57
108 56
108 86
108 181
108 70
108 30
108 20
108 48
108 158
108 1
108 162
108 93
108 105
108 43
108 216
108 166
108 85
108 168
108 2
108 98
108 185
108 178
108 149
108 104
108 5
108 9
108 47
108 68
108 206
108 144
108 182
108 16
108 81
108 170
108 167
108 12
108 52
108 96
108 62
108 133
108 111
108 83
140 0
140 124
140 35
140 57
140 187
140 77
140 70
140 28
140 20
140 58
140 11
140 176
140 158
140 1
140 80
140 82
140 55
140 210
140 29
140 168
140 53
140 31
140 22
140 178
140 50
140 150
140 171
140 149
140 191
140 218
140 5
140 9
140 84
140 119
140 206
140 182
140 95
140 164
140 54
140 72
140 42
140 153
140 45
140 156
140 125
140 170
140 23
140 143
140 114
140 12
140 141
140 52
140 62
140 111
140 94
0 57
0 193
0 56
0 139
0 75
0 189
0 77
0 159
0 20
0 176
0 162
0 113
0 80
0 64
0 210
0 198
0 92
0 25
0 31
0 22
0 157
0 185
0 178
0 50
0 150
0 149
0 38
0 160
0 104
0 6
0 47
0 68
0 142
0 206
0 17
0 44
0 182
0 152
0 95
0 54
0 154
0 42
0 24
0 156
0 125
0 167
0 143
0 114
0 141
0 52
0 177
0 111
124 193
124 56
124 128
124 189
124 30
124 20
124 158
124 113
124 93
124 109
124 82
124 43
124 198
124 148
124 110
124 100
124 29
124 161
124 85
124 168
124 25
124 21
124 31
124 50
124 160
124 200
124 218
124 9
124 84
124 172
124 17
124 95
124 147
124 39
124 45
124 129
124 143
124 12
124 130
124 96
124 62
124 94
124 83
35 56
35 86
35 187
35 139
35 181
35 77
35 28
35 30
35 176
35 51
35 162
35 80
35 211
35 93
35 105
35 137
35 116
35 103
35 55
35 43
35 210
35 13
35 100
35 161
35 85
35 76
35 21
35 53
35 217
35 31
35 71
35 122
35 199
35 22
35 157
35 185
35 150
35 171
35 149
35 38
35 191
35 79
35 218
35 5
35 89
35 68
35 142
35 112
35 44
35 182
35 73
35 95
35 147
35 154
35 72
35 81
35 67
35 24
35 45
35 129
35 23
35 167
35 12
35 90
35 130
57 56
57 117
57 128
57 77
57 159
57 30
57 20
57 11
57 176
57 51
57 64
57 105
57 103
57 210
57 148
57 216
57 166
57 110
57 100
57 135
57 168
57 25
57 151
57 53
57 217
57 2
57 122
57 98
57 157
57 185
57 178
57 50
57 171
57 149
57 38
57 160
57 104
57 5
57 145
57 119
57 172
57 144
57 44
57 194
57 182
57 152
57 164
57 147
57 16
57 42
57 129
57 156
57 205
57 167
57 141
57 52
57 133
57 83
193 75
193 181
193 20
193 11
193 213
193 51
193 80
193 211
193 82
193 55
193 43
193 216
193 166
193 100
193 21
193 151
193 53
193 71
193 122
193 157
193 97
193 171
193 149
193 104
193 191
193 142
193 112
193 145
193 17
193 194
193 182
193 152
193 147
193 39
193 165
193 67
193 42
193 136
193 24
193 45
193 129
193 205
193 90
193 130
193 52
193 96
193 62
193 177
193 207
193 94
179 74
179 56
179 86
179 187
179 189
179 28
179 58
179 176
179 51
179 1
179 162
179 64
179 137
179 82
179 43
179 166
179 110
179 87
179 168
179 21
179 151
179 31
179 71
179 122
179 178
179 50
179 171
179 38
179 160
179 104
179 79
179 9
179 6
179 47
179 144
179 152
179 73
179 95
179 39
179 54
179 72
179 153
179 125
179 23
179 52
179 62
179 133
179 209
179 207
74 56
74 86
74 117
74 75
74 128
74 28
74 30
74 48
74 51
74 1
74 103
74 55
74 148
74 13
74 110
74 100
74 29
74 135
74 85
74 25
74 76
74 53
74 2
74 122
74 98
74 185
74 160
74 79
74 218
74 5
74 47
74 89
74 68
74 142
74 119
74 206
74 73
74 164
74 42
74 153
74 136
74 24
74 45
74 8
74 125
74 170
74 205
74 141
74 62
74 107
74 133
74 207
56 117
56 139
56 75
56 28
56 20
56 48
56 58
56 213
56 80
56 93
56 137
56 103
56 82
56 43
56 148
56 166
56 76
56 21
56 217
56 185
56 50
56 160
56 104
56 200
56 218
56 61
56 9
56 78
56 145
56 206
56 44
56 194
56 95
56 16
56 154
56 67
56 153
56 24
56 129
56 8
56 156
56 125
56 167
56 143
56 114
56 130
56 133
56 207
86 75
86 77
86 159
86 20
86 48
86 11
86 213
86 176
86 1
86 162
86 64
86 109
86 198
86 216
86 13
86 87
86 25
86 151
86 50
86 171
86 38
86 160
86 68
86 84
86 145
86 144
86 44
86 152
86 73
86 95
86 154
86 72
86 81
86 42
86 153
86 136
86 8
86 125
86 205
86 141
86 130
86 120
86 96
86 62
86 111
86 83
117 128
117 189
117 77
117 159
117 30
117 20
117 158
117 51
117 162
117 80
117 211
117 93
117 82
117 55
117 198
117 148
117 110
117 100
117 135
117 87
117 168
117 76
117 2
117 31
117 122
117 22
117 157
117 97
117 150
117 38
117 104
117 200
117 191
117 79
117 5
117 6
117 89
117 84
117 152
117 16
117 154
117 141
117 52
117 107
117 209
117 111
117 83
187 139
187 189
187 181
187 159
187 28
187 213
187 51
187 113
187 93
187 105
187 116
187 55
187 135
187 87
187 161
187 85
187 168
187 76
187 21
187 31
187 71
187 199
187 22
187 97
187 50
187 171
187 79
187 218
187 61
187 5
187 6
187 78
187 112
187 84
187 119
187 81
187 67
187 125
187 205
187 12
187 90
187 120
187 96
187 177
187 107
187 133
187 207
139 77
139 28
139 30
139 162
139 113
139 93
139 137
139 116
139 103
139 43
139 210
139 148
139 216
139 110
139 100
139 135
139 76
139 2
139 97
139 50
139 150
139 149
139 191
139 79
139 9
139 68
139 145
139 44
139 73
139 164
139 81
139 165
139 42
139 136
139 129
139 23
139 167
139 12
139 90
139 62
139 177
139 133
139 209
139 94
139 83
75 128
75 181
75 30
75 158
75 162
75 211
75 64
75 82
75 148
75 13
75 166
75 161
75 168
75 2
75 122
75 98
75 171
75 160
75 104
75 191
75 79
75 47
75 78
75 84
75 145
75 206
75 182
75 164
75 39
75 154
75 165
75 156
75 170
75 23
75 167
75 143
75 114
75 177
75 209
128 181
128 70
128 28
128 48
128 211
128 64
128 93
128 137
128 116
128 103
128 82
128 43
128 198
128 13
128 92
128 135
128 161
128 2
128 98
128 22
128 50
128 149
128 160
128 218
128 5
128 89
128 68
128 119
128 172
128 182
128 16
128 81
128 67
128 153
128 136
128 45
128 129
128 8
128 125
128 205
128 143
128 118
128 114
128 12
128 52
128 120
128 133
128 207
189 77
189 159
189 48
189 213
189 158
189 51
189 1
189 162
189 113
189 103
189 166
189 29
189 161
189 25
189 21
189 217
189 97
189 178
189 171
189 160
189 61
189 84
189 172
189 44
189 182
189 73
189 147
189 154
189 72
189 42
189 45
189 8
189 156
189 205
189 23
189 143
189 12
189 90
189 130
189 52
189 120
189 107
189 209
189 207
189 83
181 159
181 70
181 28
181 30
181 58
181 11
181 213
181 176
181 158
181 51
181 162
181 80
181 64
181 93
181 82
181 148
181 216
181 100
181 25
181 76
181 21
181 2
181 31
181 122
181 199
181 98
181 157
181 50
181 150
181 149
181 38
181 191
181 218
181 5
181 9
181 47
181 68
181 142
181 144
181 194
181 152
181 147
181 54
181 165
181 45
181 129
181 8
181 170
181 167
181 118
181 141
181 62
181 177
181 133
181 207
181 83
77 28
77 158
77 1
77 113
77 211
77 105
77 137
77 13
77 85
77 25
77 21
77 2
77 31
77 199
77 157
77 178
77 38
77 160
77 191
77 218
77 61
77 9
77 6
77 47
77 78
77 84
77 119
77 44
77 194
77 182
77 164
77 147
77 165
77 42
77 153
77 45
77 129
77 170
77 205
77 167
77 114
77 90
77 62
77 177
77 209
77 94
77 83
159 20
159 158
159 51
159 1
159 113
159 80
159 64
159 137
159 109
159 148
159 13
159 100
159 87
159 76
159 217
159 31
159 98
159 97
159 178
159 50
159 150
159 200
159 191
159 9
159 47
159 89
159 78
159 68
159 112
159 84
159 145
159 206
159 194
159 182
159 147
159 54
159 67
159 24
159 129
159 170
159 90
159 130
159 62
159 133
159 207
70 58
70 176
70 51
70 1
70 113
70 80
70 137
70 116
70 148
70 13
70 166
70 100
70 168
70 25
70 53
70 2
70 199
70 98
70 157
70 50
70 38
70 200
70 191
70 6
70 47
70 119
70 206
70 182
70 152
70 73
70 95
70 39
70 16
70 165
70 67
70 23
70 167
70 143
70 114
70 52
70 96
70 62
70 133
28 11
28 158
28 51
28 211
28 103
28 82
28 13
28 92
28 87
28 161
28 85
28 25
28 21
28 151
28 53
28 122
28 185
28 178
28 38
28 160
28 79
28 218
28 47
28 112
28 206
28 172
28 144
28 194
28 95
28 16
28 81
28 67
28 45
28 125
28 170
28 12
28 90
28 62
28 107
28 209
28 94
30 105
30 137
30 116
30 109
30 210
30 110
30 161
30 76
30 53
30 217
30 2
30 199
30 98
30 157
30 185
30 50
30 149
30 38
30 200
30 191
30 218
30 142
30 112
30 145
30 182
30 152
30 147
30 39
30 72
30 81
30 136
30 45
30 129
30 156
30 114
30 141
30 90
30 130
30 133
30 209
20 58
20 80
20 103
20 29
20 135
20 85
20 2
20 122
20 185
20 150
20 38
20 160
20 218
20 9
20 47
20 68
20 142
20 119
20 206
20 194
20 152
20 16
20 154
20 165
20 67
20 129
20 143
20 118
20 12
20 90
20 177
20 107
48 58
48 213
48 176
48 158
48 51
48 1
48 162
48 105
48 137
48 55
48 166
48 92
48 135
48 168
48 76
48 151
48 53
48 217
48 2
48 31
48 199
48 50
48 150
48 171
48 38
48 191
48 218
48 61
48 9
48 68
48 84
48 17
48 44
48 147
48 39
48 81
48 42
48 136
48 24
48 167
48 143
48 118
48 130
48 177
48 107
48 133
58 176
58 51
58 93
58 55
58 148
58 216
58 13
58 92
58 100
58 29
58 135
58 161
58 76
58 2
58 31
58 104
58 79
58 61
58 5
58 9
58 47
58 89
58 78
58 112
58 84
58 119
58 206
58 152
58 73
58 164
58 39
58 154
58 72
58 67
58 136
58 129
58 125
58 23
58 167
58 143
58 107
11 1
11 105
11 137
11 161
11 151
11 217
11 2
11 71
11 97
11 185
11 200
11 218
11 84
11 119
11 172
11 17
11 44
11 152
11 95
11 164
11 16
11 136
11 24
11 45
11 129
11 8
11 156
11 125
11 143
11 114
11 12
11 130
11 62
11 209
213 158
213 80
213 64
213 105
213 137
213 109
213 216
213 166
213 168
213 25
213 98
213 185
213 171
213 38
213 160
213 104
213 200
213 79
213 61
213 5
213 9
213 78
213 172
213 194
213 73
213 164
213 154
213 136
213 129
213 167
213 130
213 120
213 107
213 207
213 111
213 94
213 83
176 51
176 162
176 113
176 116
176 55
176 198
176 148
176 216
176 110
176 161
176 168
176 25
176 76
176 31
176 98
176 22
176 97
176 185
176 171
176 104
176 9
176 78
176 68
176 142
176 145
176 119
176 206
176 44
176 152
176 73
176 39
176 42
176 24
176 170
176 205
176 118
176 114
176 90
176 52
176 96
176 62
176 177
176 207
176 111
176 94
158 162
158 113
158 93
158 137
158 210
158 198
158 13
158 100
158 168
158 21
158 199
158 157
158 185
158 150
158 171
158 104
158 200
158 79
158 5
158 6
158 47
158 119
158 17
158 144
158 44
158 73
158 95
158 16
158 72
158 165
158 42
158 136
158 156
158 125
158 12
158 141
158 130
158 52
158 120
158 209
158 207
158 94
158 83
51 162
51 113
51 211
51 137
51 116
51 103
51 82
51 55
51 210
51 216
51 13
51 166
51 92
51 76
51 21
51 71
51 171
51 104
51 200
51 79
51 218
51 47
51 142
51 112
51 84
51 206
51 95
51 54
51 16
51 42
51 153
51 156
51 125
51 167
51 114
51 12
51 107
51 209
51 207
51 94
51 83
1 211
1 64
1 93
1 109
1 55
1 148
1 92
1 100
1 29
1 87
1 25
1 2
1 71
1 122
1 185
1 178
1 50
1 171
1 160
1 104
1 191
1 61
1 5
1 142
1 84
1 119
1 144
1 194
1 72
1 153
1 136
1 45
1 125
1 167
1 114
1 12
1 141
1 52
1 120
1 107
1 209
1 207
1 94
1 83
162 113
162 93
162 103
162 82
162 210
162 13
162 92
162 100
162 168
162 25
162 2
162 71
162 122
162 199
162 22
162 97
162 185
162 50
162 5
162 112
162 84
162 119
162 206
162 17
162 44
162 194
162 147
162 54
162 154
162 153
162 136
162 24
162 129
162 125
162 118
162 141
162 96
162 107
113 80
113 64
113 55
113 210
113 216
113 110
113 92
113 29
113 168
113 21
113 217
113 199
113 98
113 185
113 149
113 5
113 6
113 78
113 68
113 84
113 119
113 144
113 194
113 147
113 39
113 16
113 45
113 129
113 170
113 167
113 114
113 141
113 90
113 120
80 211
80 116
80 110
80 92
80 87
80 217
80 31
80 157
80 185
80 38
80 104
80 200
80 79
80 47
80 68
80 119
80 44
80 152
80 147
80 81
80 165
80 42
80 153
80 136
80 24
80 45
80 8
80 125
80 12
80 141
80 90
80 52
80 120
80 62
80 133
211 93
211 116
211 210
211 216
211 110
211 85
211 76
211 21
211 217
211 98
211 22
211 150
211 149
211 104
211 79
211 112
211 119
211 17
211 144
211 194
211 182
211 164
211 39
211 24
211 45
211 129
211 125
211 170
211 118
211 114
211 96
211 133
211 209
211 207
211 83
64 93
64 105
64 116
64 103
64 82
64 43
64 210
64 148
64 110
64 161
64 76
64 151
64 98
64 157
64 97
64 9
64 47
64 89
64 78
64 68
64 206
64 172
64 144
64 95
64 147
64 54
64 16
64 154
64 165
64 153
64 125
64 167
64 141
64 90
64 130
64 52
64 62
64 107
64 133
64 83
93 105
93 116
93 216
93 135
93 2
93 122
93 22
93 185
93 178
93 104
93 218
93 5
93 9
93 78
93 142
93 112
93 145
93 164
93 39
93 154
93 165
93 67
93 24
93 129
93 8
93 167
93 143
93 12
93 141
93 130
93 177
105 82
105 198
105 148
105 216
105 85
105 21
105 31
105 98
105 157
105 97
105 150
105 149
105 160
105 79
105 61
105 9
105 78
105 194
105 152
105 164
105 147
105 39
105 54
105 16
105 154
105 72
105 156
105 125
105 23
105 143
105 209
105 94
137 109
137 82
137 55
137 210
137 198
137 29
137 161
137 85
137 25
137 76
137 31
137 122
137 199
137 185
137 50
137 149
137 38
137 160
137 200
137 61
137 78
137 84
137 145
137 17
137 194
137 152
137 73
137 16
137 154
137 81
137 165
137 153
137 24
137 45
137 129
137 125
137 167
137 143
137 114
137 120
137 177
137 207
116 103
116 109
116 148
116 87
116 85
116 151
116 31
116 157
116 50
116 150
116 171
116 104
116 191
116 79
116 6
116 78
116 68
116 84
116 145
116 172
116 144
116 154
116 81
116 24
116 45
116 156
116 125
116 23
116 143
116 114
116 12
116 130
116 120
116 107
116 111
116 83
103 55
103 43
103 210
103 100
103 29
103 76
103 21
103 71
103 97
103 50
103 171
103 160
103 218
103 6
103 78
103 68
103 142
103 145
103 144
103 194
103 152
103 39
103 54
103 16
103 24
103 8
103 170
103 23
103 12
103 130
103 120
103 96
103 62
103 107
103 133
103 209
109 210
109 148
109 13
109 92
109 135
109 76
109 31
109 71
109 122
109 22
109 157
109 97
109 38
109 104
109 191
109 218
109 78
109 142
109 84
109 145
109 119
109 172
109 17
109 44
109 95
109 39
109 72
109 81
109 129
109 8
109 156
109 170
109 114
109 12
109 90
109 130
109 52
109 62
109 133
109 207
109 83
82 55
82 43
82 216
82 87
82 161
82 85
82 76
82 151
82 2
82 199
82 185
82 171
82 191
82 61
82 9
82 89
82 68
82 172
82 144
82 182
82 152
82 39
82 154
82 67
82 136
82 129
82 143
82 114
82 141
82 90
82 120
82 96
82 62
82 177
82 209
82 207
55 43
55 198
55 166
55 92
55 151
55 2
55 31
55 71
55 98
55 178
55 200
55 191
55 218
55 89
55 78
55 142
55 119
55 172
55 17
55 44
55 73
55 39
55 54
55 67
55 24
55 205
55 23
55 90
55 120
55 96
55 62
55 177
55 107
55 209
55 111
55 94
43 210
43 216
43 166
43 29
43 161
43 31
43 150
43 38
43 160
43 218
43 47
43 84
43 119
43 206
43 44
43 182
43 39
43 16
43 154
43 24
43 45
43 125
43 23
43 12
43 130
43 52
43 62
43 107
43 209
43 94
210 198
210 166
210 110
210 29
210 135
210 85
210 151
210 217
210 2
210 31
210 122
210 199
210 22
210 160
210 200
210 47
210 112
210 119
210 172
210 144
210 194
210 152
210 164
210 147
210 39
210 154
210 67
210 136
210 114
210 12
210 141
210 96
210 177
210 207
210 94
198 13
198 135
198 168
198 76
198 2
198 178
198 171
198 38
198 191
198 79
198 218
198 5
198 9
198 47
198 84
198 172
198 182
198 152
198 95
198 147
198 67
198 153
198 136
198 156
198 170
198 205
198 23
198 141
198 120
198 133
198 111
198 83
148 166
148 110
148 92
148 135
148 168
148 76
148 21
148 53
148 31
148 22
148 157
148 97
148 150
148 160
148 79
148 61
148 9
148 6
148 68
148 142
148 206
148 95
148 39
148 16
148 72
148 81
148 165
148 67
148 8
148 156
148 125
148 23
148 114
148 90
148 52
148 120
148 96
148 207
216 92
216 29
216 135
216 161
216 76
216 31
216 71
216 150
216 191
216 79
216 6
216 206
216 172
216 144
216 44
216 182
216 152
216 73
216 81
216 165
216 118
216 130
216 120
216 209
216 83
13 166
13 92
13 87
13 85
13 168
13 25
13 21
13 151
13 53
13 2
13 98
13 22
13 157
13 97
13 104
13 191
13 218
13 5
13 9
13 89
13 112
13 44
13 182
13 152
13 73
13 72
13 81
13 153
13 136
13 45
13 8
13 125
13 118
13 141
13 52
13 209
166 29
166 87
166 161
166 76
166 71
166 199
166 97
166 185
166 178
166 50
166 171
166 149
166 104
166 79
166 61
166 89
166 84
166 119
166 206
166 172
166 44
166 16
166 72
166 81
166 165
166 156
166 23
166 118
166 114
166 12
166 141
166 52
166 96
166 177
166 209
166 207
110 92
110 161
110 185
110 50
110 150
110 171
110 200
110 68
110 142
110 112
110 119
110 17
110 144
110 194
110 152
110 95
110 164
110 147
110 54
110 154
110 72
110 67
110 153
110 205
110 23
110 114
110 130
110 107
110 133
110 209
110 207
92 87
92 85
92 168
92 25
92 31
92 122
92 157
92 97
92 50
92 150
92 149
92 160
92 6
92 112
92 172
92 17
92 144
92 194
92 182
92 81
92 42
92 167
92 114
92 12
92 52
92 96
92 207
92 111
100 135
100 21
100 151
100 53
100 98
100 97
100 185
100 50
100 150
100 149
100 191
100 61
100 68
100 112
100 145
100 119
100 17
100 182
100 152
100 147
100 54
100 154
100 81
100 67
100 24
100 125
100 12
100 90
100 62
100 177
100 133
100 111
100 94
29 135
29 168
29 151
29 122
29 150
29 149
29 104
29 191
29 61
29 47
29 145
29 172
29 73
29 164
29 54
29 154
29 72
29 81
29 165
29 42
29 136
29 24
29 45
29 156
29 143
29 118
29 12
29 90
29 209
29 83
135 87
135 161
135 21
135 31
135 71
135 199
135 157
135 97
135 149
135 5
135 89
135 68
135 119
135 144
135 182
135 95
135 164
135 147
135 154
135 72
135 81
135 153
135 45
135 129
135 8
135 156
135 23
135 118
135 114
135 96
135 177
87 168
87 151
87 2
87 122
87 185
87 38
87 79
87 47
87 68
87 142
87 172
87 17
87 144
87 194
87 73
87 95
87 164
87 54
87 16
87 165
87 67
87 24
87 129
87 8
87 114
87 141
87 52
87 62
87 107
87 133
87 209
87 207
161 168
161 21
161 199
161 98
161 22
161 157
161 97
161 185
161 149
161 61
161 5
161 6
161 47
161 89
161 78
161 68
161 84
161 145
161 119
161 206
161 144
161 182
161 152
161 164
161 39
161 136
161 24
161 129
161 8
161 170
161 205
161 23
161 120
161 62
85 168
85 76
85 53
85 2
85 122
85 199
85 22
85 171
85 200
85 9
85 47
85 89
85 68
85 112
85 84
85 172
85 144
85 44
85 194
85 182
85 152
85 95
85 164
85 39
85 72
85 42
85 153
85 8
85 23
85 143
85 118
85 12
85 141
85 52
85 209
168 76
168 71
168 157
168 200
168 47
168 112
168 119
168 206
168 44
168 152
168 39
168 154
168 81
168 153
168 136
168 24
168 45
168 205
168 23
168 167
168 118
168 130
168 52
168 62
168 107
168 209
168 207
168 111
25 151
25 122
25 50
25 160
25 104
25 218
25 5
25 89
25 68
25 142
25 145
25 206
25 17
25 182
25 73
25 147
25 39
25 16
25 81
25 170
25 205
25 143
25 114
25 96
25 209
76 21
76 53
76 98
76 22
76 157
76 171
76 149
76 160
76 61
76 6
76 47
76 68
76 206
76 182
76 73
76 164
76 16
76 72
76 165
76 67
76 8
76 125
76 23
76 118
76 114
76 96
76 177
76 107
76 209
76 94
21 217
21 122
21 50
21 160
21 200
21 5
21 9
21 47
21 142
21 112
21 84
21 119
21 17
21 182
21 152
21 95
21 154
21 81
21 67
21 153
21 136
21 8
21 125
21 118
21 130
21 96
21 62
21 107
21 207
151 53
151 22
151 157
151 50
151 160
151 79
151 5
151 9
151 78
151 142
151 119
151 194
151 73
151 39
151 72
151 165
151 42
151 136
151 129
151 156
151 205
151 23
151 141
151 133
151 209
151 83
53 22
53 97
53 149
53 104
53 218
53 61
53 5
53 6
53 142
53 84
53 119
53 194
53 182
53 165
53 67
53 45
53 129
53 8
53 156
53 167
53 130
53 52
53 120
53 62
53 133
53 209
217 31
217 199
217 97
217 178
217 50
217 150
217 171
217 160
217 200
217 61
217 9
217 112
217 119
217 206
217 44
217 182
217 73
217 147
217 81
217 42
217 156
217 125
217 205
217 167
217 12
217 141
217 130
217 52
217 107
217 94
217 83
2 71
2 122
2 157
2 178
2 149
2 38
2 200
2 79
2 61
2 6
2 206
2 172
2 182
2 73
2 95
2 39
2 81
2 165
2 42
2 136
2 125
2 170
2 205
2 23
2 118
2 12
2 141
2 90
2 120
2 96
2 107
2 209
2 207
2 111
2 94
31 199
31 98
31 149
31 38
31 61
31 9
31 78
31 68
31 142
31 112
31 44
31 182
31 152
31 164
31 54
31 16
31 72
31 24
31 8
31 143
31 118
31 114
31 90
31 62
31 111
31 94
31 83
71 199
71 98
71 22
71 185
71 178
71 218
71 9
71 89
71 78
71 142
71 206
71 194
71 147
71 72
71 165
71 24
71 129
71 8
71 156
71 143
71 120
71 107
71 207
71 94
122 22
122 178
122 171
122 191
122 61
122 47
122 89
122 78
122 17
122 144
122 95
122 147
122 16
122 72
122 42
122 136
122 45
122 170
122 205
122 23
122 167
122 118
122 130
122 52
122 62
122 177
122 111
199 98
199 157
199 97
199 171
199 149
199 104
199 200
199 61
199 9
199 145
199 206
199 172
199 182
199 152
199 73
199 147
199 39
199 154
199 81
199 42
199 23
199 167
199 143
199 114
199 141
199 62
199 107
199 207
199 94
98 157
98 50
98 150
98 104
98 191
98 79
98 5
98 142
98 145
98 206
98 44
98 152
98 39
98 16
98 154
98 165
98 67
98 42
98 153
98 136
98 24
98 125
98 170
98 205
98 12
98 141
98 52
98 96
98 107
98 111
22 38
22 200
22 6
22 78
22 68
22 84
22 144
22 44
22 182
22 164
22 147
22 54
22 16
22 154
22 42
22 153
22 24
22 129
22 167
22 118
22 130
22 52
22 62
22 133
22 94
157 185
157 178
157 50
157 149
157 160
157 218
157 61
157 6
157 142
157 206
157 194
157 39
157 16
157 24
157 129
157 8
157 156
157 114
157 141
157 90
157 177
157 133
157 209
157 111
157 83
97 149
97 200
97 68
97 119
97 172
97 44
97 182
97 152
97 81
97 45
97 156
97 118
97 12
97 141
97 96
185 178
185 50
185 150
185 171
185 149
185 104
185 5
185 68
185 112
185 145
185 17
185 194
185 182
185 39
185 16
185 154
185 81
185 165
185 67
185 136
185 45
185 8
185 167
185 12
185 90
185 52
185 209
185 207
185 111
178 149
178 104
178 218
178 9
178 47
178 68
178 119
178 17
178 44
178 152
178 73
178 95
178 164
178 72
178 67
178 153
178 136
178 129
178 156
178 205
178 167
178 130
178 62
178 107
178 83
50 150
50 171
50 38
50 160
50 200
50 61
50 9
50 6
50 112
50 84
50 172
50 44
50 182
50 73
50 164
50 39
50 154
50 72
50 67
50 153
50 136
50 129
50 125
50 170
50 205
50 90
50 52
50 120
50 96
50 177
50 207
150 38
150 104
150 79
150 89
150 84
150 119
150 81
150 165
150 67
150 136
150 8
150 156
150 125
150 205
150 143
150 118
150 12
150 141
150 52
150 96
150 62
150 209
150 94
171 149
171 191
171 61
171 6
171 47
171 84
171 119
171 44
171 182
171 164
171 154
171 72
171 81
171 165
171 42
171 136
171 129
171 170
171 205
171 167
171 143
171 90
171 96
171 177
171 107
171 133
171 207
149 38
149 104
149 89
149 172
149 144
149 73
149 147
149 67
149 45
149 129
149 8
149 205
149 167
149 143
149 114
149 141
149 207
38 200
38 6
38 78
38 112
38 206
38 144
38 182
38 95
38 16
38 24
38 8
38 125
38 23
38 167
38 118
38 12
38 90
38 120
38 207
38 111
38 94
160 200
160 79
160 218
160 61
160 5
160 89
160 68
160 145
160 119
160 206
160 17
160 144
160 44
160 182
160 164
160 147
160 16
160 154
160 81
160 67
160 42
160 24
160 45
160 8
160 156
160 143
160 141
160 52
160 83
104 200
104 61
104 47
104 68
104 84
104 145
104 17
104 44
104 152
104 73
104 95
104 164
104 147
104 54
104 154
104 81
104 165
104 136
104 24
104 129
104 8
104 156
104 125
104 12
104 96
104 209
104 94
104 83
200 191
200 79
200 218
200 5
200 9
200 84
200 144
200 152
200 153
200 45
200 125
200 167
200 141
200 207
191 89
191 78
191 142
191 112
191 206
191 39
191 54
191 153
191 118
191 12
191 90
191 130
191 52
191 133
79 218
79 5
79 9
79 78
79 145
79 17
79 194
79 24
79 118
79 12
79 90
79 207
79 94
79 83
218 5
218 78
218 145
218 206
218 172
218 44
218 152
218 73
218 147
218 72
218 165
218 42
218 153
218 156
218 125
218 205
218 12
218 141
218 52
218 120
218 96
218 107
218 133
61 5
61 9
61 89
61 84
61 206
61 95
61 147
61 54
61 81
61 24
61 129
61 125
61 170
61 205
61 167
61 52
61 96
61 62
61 107
61 209
61 207
61 111
61 83
5 6
5 78
5 172
5 54
5 154
5 67
5 153
5 136
5 170
5 23
5 167
5 143
5 114
5 141
5 62
5 107
9 78
9 84
9 145
9 119
9 194
9 73
9 154
9 81
9 136
9 24
9 8
9 156
9 170
9 167
9 118
9 12
9 141
9 90
9 133
6 47
6 89
6 78
6 142
6 112
6 84
6 206
6 17
6 72
6 165
6 42
6 153
6 136
6 129
6 23
6 143
6 118
6 114
6 141
6 130
6 52
6 62
6 177
6 83
47 89
47 142
47 84
47 145
47 172
47 73
47 164
47 147
47 165
47 136
47 129
47 170
47 143
47 130
47 120
47 133
47 209
47 207
89 112
89 145
89 119
89 172
89 17
89 44
89 182
89 152
89 73
89 95
89 164
89 147
89 39
89 16
89 72
89 165
89 42
89 24
89 156
89 167
89 143
89 141
89 90
89 130
89 120
89 177
78 112
78 84
78 145
78 119
78 172
78 44
78 182
78 152
78 39
78 16
78 154
78 42
78 24
78 8
78 205
78 167
78 118
78 52
78 177
78 107
78 207
78 83
68 112
68 206
68 144
68 194
68 182
68 95
68 39
68 154
68 81
68 24
68 170
68 23
68 118
68 12
68 141
68 130
68 120
68 96
68 62
68 133
142 112
142 84
142 172
142 17
142 144
142 73
142 95
142 164
142 54
142 72
142 67
142 45
142 125
142 23
142 130
142 96
142 177
142 107
142 111
142 94
112 145
112 119
112 172
112 194
112 73
112 164
112 147
112 39
112 67
112 136
112 125
112 205
112 118
112 12
112 141
112 94
112 83
84 144
84 194
84 152
84 39
84 72
84 81
84 67
84 42
84 45
84 125
84 205
84 118
84 114
84 12
84 130
84 62
84 177
84 107
84 133
84 111
145 119
145 206
145 172
145 152
145 73
145 164
145 147
145 54
145 81
145 165
145 24
145 45
145 129
145 125
145 205
145 167
145 143
145 114
145 12
145 90
145 120
145 107
145 133
145 209
145 94
119 172
119 152
119 95
119 147
119 39
119 54
119 154
119 8
119 170
119 12
119 141
119 90
119 120
119 133
206 144
206 182
206 164
206 147
206 54
206 16
206 72
206 165
206 42
206 45
206 170
206 205
206 167
206 130
206 52
206 120
206 177
206 107
206 94
206 83
172 17
172 144
172 194
172 16
172 154
172 72
172 81
172 24
172 45
172 129
172 8
172 156
172 170
172 167
172 143
172 90
172 130
172 96
172 107
172 94
17 44
17 152
17 95
17 164
17 39
17 165
17 67
17 129
17 8
17 170
17 205
17 12
17 90
17 133
17 207
144 194
144 182
144 95
144 39
144 16
144 72
144 153
144 129
144 125
144 205
144 23
144 62
144 107
44 194
44 39
44 165
44 153
44 24
44 170
44 205
44 167
44 143
44 118
44 130
44 62
44 107
44 94
194 152
194 39
194 154
194 72
194 42
194 136
194 24
194 45
194 156
194 125
194 167
194 12
194 90
194 52
194 120
194 62
194 107
194 133
194 94
182 95
182 16
182 72
182 165
182 153
182 129
182 23
182 167
182 143
182 118
182 141
182 130
182 120
182 177
182 107
182 133
182 207
182 83
152 16
152 153
152 136
152 45
152 8
152 125
152 118
152 90
152 52
152 62
152 83
73 95
73 164
73 67
73 136
73 45
73 8
73 125
73 170
73 141
73 130
73 52
73 96
73 62
73 133
73 207
73 94
95 147
95 54
95 154
95 72
95 125
95 118
95 12
95 52
95 120
95 62
95 209
95 83
164 39
164 54
164 16
164 67
164 42
164 24
164 129
164 8
164 205
164 23
164 167
164 114
164 90
164 52
164 133
147 39
147 154
147 72
147 153
147 156
147 23
147 143
147 118
147 12
147 130
147 107
147 133
147 94
39 81
39 136
39 129
39 8
39 125
39 170
39 23
39 118
39 141
39 52
39 207
39 94
54 16
54 153
54 136
54 45
54 156
54 23
54 167
54 107
54 133
54 83
16 153
16 8
16 205
16 143
16 114
16 90
16 177
16 107
154 81
154 165
154 129
154 125
154 170
154 90
154 52
154 96
154 62
154 209
72 67
72 153
72 8
72 156
72 23
72 12
72 141
72 90
72 120
72 62
72 133
72 111
72 94
81 67
81 153
81 136
81 24
81 156
81 125
81 170
81 23
81 167
81 143
81 118
81 90
81 120
81 96
81 177
81 94
165 45
165 8
165 23
165 143
165 114
165 141
165 130
165 62
165 107
165 111
165 83
67 153
67 52
67 120
67 107
67 133
42 45
42 120
42 133
42 83
153 167
153 143
153 114
153 12
153 141
153 62
153 133
153 207
136 24
136 45
136 129
136 170
136 205
136 23
136 167
136 114
136 111
24 45
24 156
24 23
24 90
24 107
24 209
45 129
45 156
45 125
45 118
45 114
45 52
45 209
45 94
45 83
129 8
129 23
129 167
129 143
129 114
129 12
129 130
129 120
129 62
129 94
8 125
8 114
8 130
8 120
8 96
8 62
8 177
8 107
8 133
8 209
8 207
8 94
156 205
156 23
156 118
156 120
156 96
156 62
156 209
156 207
156 111
125 114
125 90
125 130
125 96
125 133
170 12
170 141
170 130
170 52
170 120
170 62
170 177
170 207
205 167
205 12
205 120
205 96
205 62
205 83
23 167
23 143
23 114
23 12
23 52
23 177
23 133
167 143
167 141
167 90
167 130
143 141
143 90
143 94
143 83
118 141
118 120
118 96
114 107
114 111
12 130
12 120
12 111
12 83
141 90
141 120
141 62
141 107
141 209
141 207
141 111
141 83
90 62
90 83
130 52
130 62
130 107
130 133
52 107
52 133
52 111
120 107
120 83
96 107
96 133
96 111
96 94
62 111
177 209
107 207
107 94
209 111
