*verties 199
147
218
44
53
151
88
66
199
167
83
152
146
154
106
104
195
217
197
3
16
213
114
191
0
100
178
87
26
115
215
82
141
73
70
158
62
101
40
36
71
47
160
110
37
173
84
123
207
113
171
139
69
42
35
156
211
159
85
24
157
150
129
57
116
149
102
137
77
136
28
214
118
72
50
2
13
64
188
135
29
130
155
196
46
179
56
27
75
38
140
23
170
169
39
168
161
7
19
174
48
55
184
177
194
80
98
148
25
18
212
127
43
105
133
65
144
33
134
67
185
60
90
198
99
63
189
52
186
143
190
111
78
107
68
120
12
208
17
204
15
132
22
200
192
131
93
74
61
119
79
162
86
32
81
201
209
153
31
138
14
166
20
45
11
109
51
30
54
96
91
5
58
182
219
126
176
202
125
180
76
8
181
59
34
94
41
89
206
183
172
216
163
6
142
4
103
203
210
112
*edges 
147 218
147 44
147 151
147 167
147 83
147 152
147 3
147 215
147 70
147 158
147 101
147 110
147 84
147 123
147 171
147 211
147 85
147 24
147 129
147 116
147 28
147 50
147 135
147 196
147 179
147 56
147 27
147 75
147 169
147 161
147 174
147 48
147 55
147 194
147 80
147 133
147 134
147 63
147 189
147 78
147 120
147 204
147 15
147 131
147 86
147 81
147 138
147 14
147 20
147 51
147 54
147 91
147 182
147 219
147 8
147 94
147 89
147 216
147 163
218 53
218 151
218 83
218 106
218 104
218 191
218 73
218 158
218 101
218 40
218 36
218 84
218 207
218 69
218 156
218 211
218 85
218 150
218 116
218 149
218 102
218 77
218 214
218 50
218 155
218 56
218 27
218 75
218 170
218 161
218 7
218 55
218 184
218 98
218 212
218 127
218 105
218 65
218 134
218 67
218 198
218 189
218 52
218 143
218 208
218 22
218 200
218 192
218 131
218 61
218 119
218 86
218 32
218 153
218 138
218 14
218 166
218 20
218 51
218 96
218 182
218 219
218 176
218 8
218 181
218 41
218 89
218 163
218 6
218 203
44 199
44 154
44 104
44 114
44 191
44 87
44 26
44 115
44 215
44 82
44 71
44 47
44 123
44 207
44 171
44 85
44 149
44 214
44 27
44 140
44 161
44 7
44 174
44 48
44 184
44 80
44 98
44 43
44 134
44 67
44 185
44 60
44 198
44 190
44 78
44 107
44 68
44 131
44 209
44 153
44 166
44 11
44 54
44 58
44 182
44 126
44 176
44 180
44 76
44 181
44 89
44 163
44 6
53 88
53 152
53 146
53 106
53 197
53 16
53 191
53 178
53 87
53 26
53 115
53 215
53 141
53 70
53 71
53 37
53 173
53 139
53 211
53 159
53 85
53 150
53 57
53 28
53 214
53 118
53 72
53 50
53 13
53 64
53 29
53 155
53 46
53 75
53 140
53 23
53 39
53 168
53 19
53 174
53 184
53 80
53 18
53 144
53 33
53 90
53 186
53 190
53 78
53 132
53 22
53 200
53 192
53 74
53 32
53 81
53 14
53 166
53 96
53 91
53 176
53 202
53 180
53 181
53 172
53 163
53 6
53 4
151 88
151 66
151 104
151 197
151 100
151 215
151 73
151 101
151 160
151 173
151 84
151 123
151 139
151 35
151 156
151 28
151 50
151 2
151 188
151 135
151 130
151 155
151 140
151 7
151 174
151 55
151 177
151 194
151 98
151 148
151 212
151 105
151 133
151 185
151 60
151 90
151 189
151 190
151 68
151 17
151 204
151 119
151 162
151 201
151 153
151 14
151 20
151 54
151 219
151 176
151 125
151 172
151 216
151 203
151 210
88 66
88 104
88 217
88 3
88 100
88 26
88 82
88 70
88 47
88 110
88 123
88 113
88 139
88 150
88 116
88 102
88 214
88 118
88 13
88 188
88 38
88 140
88 23
88 55
88 177
88 80
88 25
88 18
88 65
88 144
88 33
88 134
88 185
88 90
88 52
88 143
88 120
88 12
88 204
88 22
88 81
88 153
88 31
88 138
88 91
88 58
88 182
88 219
88 126
88 202
88 180
88 206
88 163
88 142
88 103
88 203
66 167
66 146
66 154
66 106
66 195
66 3
66 16
66 213
66 114
66 0
66 26
66 70
66 62
66 37
66 173
66 113
66 171
66 85
66 157
66 150
66 57
66 137
66 136
66 72
66 50
66 155
66 46
66 56
66 75
66 23
66 39
66 7
66 19
66 48
66 55
66 148
66 25
66 212
66 105
66 189
66 52
66 186
66 78
66 107
66 208
66 81
66 201
66 138
66 109
66 30
66 54
66 96
66 58
66 219
66 126
66 34
66 89
66 183
66 216
66 163
66 6
199 83
199 106
199 115
199 70
199 110
199 37
199 84
199 207
199 113
199 139
199 156
199 157
199 129
199 57
199 149
199 137
199 28
199 118
199 50
199 64
199 130
199 196
199 46
199 179
199 23
199 161
199 7
199 55
199 148
199 134
199 99
199 189
199 68
199 208
199 204
199 15
199 132
199 200
199 131
199 93
199 61
199 119
199 162
199 209
199 166
199 20
199 45
199 11
199 182
199 176
199 180
199 181
199 41
199 172
199 216
199 103
167 217
167 16
167 191
167 100
167 73
167 101
167 36
167 71
167 47
167 110
167 37
167 173
167 84
167 207
167 113
167 171
167 150
167 57
167 137
167 196
167 27
167 75
167 38
167 170
167 7
167 174
167 98
167 148
167 25
167 127
167 90
167 198
167 63
167 52
167 107
167 200
167 192
167 74
167 79
167 86
167 81
167 20
167 51
167 91
167 176
167 202
167 125
167 181
167 41
167 206
167 6
167 203
167 210
83 87
83 70
83 40
83 160
83 110
83 173
83 207
83 69
83 42
83 156
83 157
83 150
83 129
83 116
83 149
83 77
83 28
83 214
83 72
83 2
83 13
83 130
83 38
83 140
83 169
83 39
83 177
83 80
83 98
83 127
83 33
83 63
83 52
83 186
83 190
83 111
83 68
83 200
83 93
83 61
83 166
83 20
83 45
83 109
83 51
83 91
83 126
83 202
83 172
83 216
83 163
83 4
83 103
83 112
152 154
152 106
152 16
152 100
152 178
152 26
152 115
152 73
152 158
152 40
152 160
152 110
152 139
152 69
152 35
152 85
152 116
152 102
152 118
152 188
152 130
152 196
152 179
152 56
152 170
152 39
152 161
152 7
152 174
152 48
152 184
152 177
152 80
152 148
152 25
152 212
152 127
152 105
152 65
152 67
152 60
152 90
152 99
152 186
152 68
152 12
152 22
152 192
152 201
152 31
152 138
152 166
152 20
152 11
152 30
152 54
152 96
152 176
152 202
152 59
146 195
146 3
146 114
146 0
146 26
146 141
146 73
146 158
146 36
146 37
146 173
146 84
146 207
146 42
146 156
146 85
146 72
146 2
146 64
146 135
146 196
146 179
146 38
146 170
146 169
146 168
146 55
146 80
146 98
146 43
146 105
146 134
146 185
146 90
146 63
146 111
146 78
146 107
146 120
146 132
146 192
146 131
146 119
146 162
146 81
146 209
146 11
146 182
146 219
146 125
146 8
146 181
146 206
146 163
146 103
154 104
154 197
154 114
154 26
154 70
154 158
154 101
154 40
154 36
154 160
154 173
154 171
154 42
154 85
154 24
154 136
154 28
154 214
154 118
154 50
154 2
154 13
154 130
154 27
154 140
154 39
154 161
154 55
154 194
154 80
154 148
154 43
154 65
154 185
154 60
154 90
154 198
154 189
154 143
154 204
154 131
154 79
154 162
154 32
154 166
154 30
154 54
154 5
154 58
154 76
154 41
154 6
106 197
106 3
106 213
106 114
106 0
106 87
106 115
106 62
106 71
106 160
106 110
106 37
106 173
106 207
106 57
106 102
106 214
106 50
106 2
106 29
106 130
106 155
106 169
106 39
106 161
106 48
106 212
106 127
106 43
106 133
106 65
106 144
106 33
106 134
106 60
106 90
106 189
106 111
106 78
106 12
106 15
106 131
106 74
106 81
106 31
106 14
106 54
106 176
106 202
106 76
106 181
106 34
106 41
106 206
106 163
106 103
106 203
104 217
104 114
104 178
104 215
104 141
104 73
104 70
104 62
104 71
104 160
104 113
104 159
104 24
104 116
104 102
104 77
104 28
104 72
104 2
104 13
104 188
104 29
104 56
104 38
104 23
104 39
104 168
104 161
104 7
104 174
104 184
104 177
104 25
104 105
104 133
104 144
104 107
104 12
104 208
104 17
104 200
104 93
104 61
104 119
104 79
104 209
104 14
104 20
104 45
104 11
104 51
104 30
104 54
104 58
104 219
104 8
104 181
104 59
104 34
104 94
104 89
104 172
104 163
104 6
195 217
195 3
195 191
195 178
195 87
195 141
195 158
195 62
195 71
195 160
195 173
195 207
195 113
195 42
195 159
195 150
195 102
195 77
195 214
195 118
195 72
195 50
195 64
195 196
195 75
195 23
195 170
195 169
195 39
195 19
195 48
195 184
195 67
195 90
195 63
195 12
195 17
195 204
195 132
195 119
195 79
195 162
195 86
195 153
195 14
195 166
195 54
195 91
195 182
195 219
195 76
195 34
195 206
195 183
195 4
195 103
195 203
217 197
217 16
217 213
217 0
217 26
217 215
217 82
217 73
217 158
217 101
217 36
217 71
217 47
217 160
217 84
217 123
217 113
217 136
217 50
217 64
217 188
217 135
217 29
217 179
217 56
217 75
217 140
217 170
217 7
217 184
217 177
217 80
217 98
217 212
217 67
217 90
217 68
217 204
217 15
217 153
217 31
217 45
217 11
217 51
217 30
217 54
217 219
217 126
217 202
217 125
217 76
217 181
217 94
217 183
217 163
217 4
197 3
197 87
197 26
197 215
197 158
197 101
197 71
197 47
197 160
197 110
197 37
197 123
197 207
197 69
197 42
197 156
197 85
197 24
197 157
197 149
197 136
197 28
197 214
197 2
197 64
197 135
197 29
197 130
197 46
197 179
197 38
197 169
197 7
197 48
197 55
197 177
197 148
197 212
197 43
197 105
197 33
197 67
197 185
197 198
197 99
197 63
197 143
197 111
197 120
197 208
197 200
197 93
197 119
197 162
197 153
197 11
197 109
197 51
197 54
197 126
197 176
197 202
197 76
197 8
197 59
197 34
197 89
197 206
197 172
197 6
197 4
197 210
3 16
3 191
3 178
3 101
3 40
3 160
3 37
3 207
3 211
3 159
3 157
3 129
3 116
3 136
3 72
3 188
3 135
3 46
3 169
3 19
3 98
3 212
3 127
3 144
3 33
3 185
3 186
3 143
3 78
3 107
3 208
3 61
3 79
3 81
3 153
3 138
3 96
3 91
3 182
3 219
3 180
3 8
3 34
3 41
3 89
3 183
3 163
3 142
3 103
3 210
3 112
16 213
16 215
16 82
16 141
16 71
16 47
16 160
16 84
16 113
16 171
16 139
16 156
16 24
16 129
16 116
16 28
16 72
16 50
16 2
16 13
16 130
16 196
16 179
16 56
16 75
16 38
16 140
16 168
16 161
16 55
16 80
16 148
16 43
16 33
16 99
16 63
16 52
16 190
16 78
16 68
16 17
16 204
16 15
16 132
16 22
16 79
16 162
16 86
16 31
16 138
16 14
16 51
16 96
16 91
16 58
16 176
16 125
16 180
16 181
16 59
16 34
16 94
16 89
16 216
16 142
16 4
16 203
16 210
16 112
213 114
213 178
213 70
213 158
213 62
213 36
213 139
213 159
213 157
213 129
213 137
213 50
213 46
213 27
213 170
213 169
213 168
213 19
213 55
213 98
213 25
213 43
213 144
213 33
213 185
213 60
213 90
213 198
213 190
213 78
213 107
213 120
213 208
213 119
213 79
213 81
213 201
213 153
213 51
213 58
213 182
213 176
213 181
213 216
213 203
114 26
114 115
114 215
114 70
114 101
114 36
114 47
114 113
114 139
114 42
114 211
114 85
114 129
114 149
114 28
114 2
114 56
114 38
114 55
114 177
114 43
114 105
114 33
114 134
114 67
114 90
114 198
114 189
114 143
114 107
114 68
114 208
114 17
114 204
114 132
114 119
114 81
114 209
114 31
114 138
114 14
114 51
114 54
114 58
114 180
114 181
114 94
114 41
114 89
114 183
114 142
114 103
114 203
191 115
191 82
191 141
191 62
191 40
191 47
191 84
191 42
191 211
191 24
191 116
191 149
191 77
191 136
191 28
191 72
191 64
191 130
191 155
191 179
191 75
191 19
191 174
191 177
191 98
191 212
191 127
191 43
191 133
191 65
191 67
191 185
191 60
191 198
191 99
191 63
191 143
191 78
191 12
191 132
191 79
191 81
191 31
191 138
191 166
191 45
191 109
191 51
191 96
191 219
191 125
191 76
191 8
191 181
191 34
191 41
191 89
191 172
191 203
191 112
0 178
0 26
0 141
0 70
0 158
0 40
0 47
0 37
0 207
0 171
0 35
0 159
0 24
0 150
0 57
0 136
0 135
0 75
0 38
0 23
0 170
0 39
0 168
0 161
0 7
0 19
0 174
0 184
0 80
0 25
0 127
0 105
0 65
0 144
0 67
0 90
0 52
0 186
0 78
0 68
0 120
0 131
0 61
0 86
0 81
0 209
0 153
0 31
0 14
0 91
0 182
0 219
0 181
0 34
0 206
0 163
0 4
0 103
100 141
100 73
100 158
100 110
100 37
100 84
100 113
100 139
100 24
100 149
100 102
100 136
100 50
100 155
100 196
100 46
100 23
100 161
100 7
100 19
100 55
100 194
100 25
100 43
100 133
100 65
100 198
100 189
100 120
100 132
100 22
100 200
100 192
100 131
100 93
100 61
100 79
100 32
100 81
100 209
100 153
100 138
100 20
100 45
100 11
100 51
100 30
100 182
100 176
100 202
100 180
100 34
100 41
100 183
100 216
100 163
100 103
178 141
178 70
178 37
178 173
178 207
178 69
178 35
178 159
178 214
178 13
178 188
178 196
178 46
178 27
178 169
178 7
178 19
178 184
178 177
178 194
178 80
178 98
178 43
178 133
178 90
178 99
178 190
178 111
178 12
178 204
178 22
178 192
178 162
178 32
178 201
178 14
178 166
178 54
178 91
178 219
178 126
178 202
178 180
178 206
178 183
178 216
178 142
178 103
87 115
87 215
87 82
87 70
87 62
87 101
87 71
87 47
87 160
87 156
87 211
87 159
87 150
87 129
87 149
87 136
87 214
87 118
87 64
87 135
87 29
87 130
87 179
87 27
87 39
87 161
87 7
87 19
87 48
87 55
87 184
87 194
87 25
87 212
87 144
87 33
87 134
87 198
87 99
87 52
87 78
87 107
87 68
87 132
87 162
87 201
87 209
87 138
87 166
87 11
87 30
87 96
87 91
87 58
87 8
87 94
87 206
87 6
87 142
87 210
26 115
26 70
26 158
26 62
26 101
26 110
26 123
26 171
26 85
26 24
26 129
26 57
26 137
26 214
26 72
26 2
26 13
26 188
26 130
26 155
26 56
26 27
26 168
26 7
26 184
26 148
26 25
26 127
26 105
26 134
26 90
26 99
26 189
26 52
26 143
26 68
26 12
26 204
26 132
26 200
26 31
26 166
26 45
26 11
26 54
26 91
26 8
26 181
26 34
26 94
115 40
115 110
115 207
115 171
115 139
115 69
115 211
115 24
115 150
115 129
115 102
115 214
115 118
115 13
115 155
115 56
115 75
115 23
115 39
115 168
115 19
115 174
115 48
115 55
115 184
115 148
115 25
115 212
115 43
115 133
115 67
115 198
115 99
115 143
115 78
115 17
115 15
115 93
115 79
115 32
115 201
115 209
115 153
115 14
115 109
115 51
115 58
115 202
115 180
115 181
115 183
115 172
115 6
215 158
215 62
215 101
215 71
215 160
215 113
215 171
215 139
215 35
215 150
215 57
215 136
215 118
215 72
215 2
215 46
215 56
215 170
215 169
215 161
215 19
215 177
215 194
215 80
215 98
215 127
215 60
215 198
215 63
215 208
215 200
215 79
215 81
215 166
215 45
215 11
215 5
215 176
215 180
215 76
215 181
215 94
215 41
215 206
215 172
215 216
82 73
82 71
82 160
82 84
82 123
82 113
82 69
82 156
82 211
82 129
82 28
82 214
82 72
82 13
82 29
82 56
82 170
82 39
82 168
82 55
82 194
82 25
82 212
82 65
82 144
82 33
82 60
82 198
82 190
82 68
82 119
82 162
82 201
82 166
82 30
82 96
82 219
82 126
82 176
82 125
82 181
82 94
82 4
82 112
141 110
141 42
141 211
141 129
141 57
141 149
141 214
141 118
141 50
141 188
141 155
141 196
141 179
141 23
141 168
141 161
141 7
141 48
141 177
141 127
141 43
141 105
141 65
141 60
141 68
141 12
141 22
141 192
141 61
141 79
141 81
141 153
141 31
141 166
141 51
141 54
141 91
141 182
141 126
141 76
141 59
141 41
141 6
141 142
141 103
73 70
73 160
73 37
73 113
73 171
73 159
73 24
73 157
73 150
73 129
73 137
73 118
73 135
73 29
73 75
73 140
73 170
73 169
73 168
73 194
73 98
73 18
73 65
73 134
73 67
73 185
73 60
73 90
73 111
73 107
73 208
73 200
73 131
73 86
73 201
73 153
73 138
73 166
73 45
73 54
73 96
73 5
73 58
73 182
73 94
73 41
73 183
73 216
70 62
70 40
70 71
70 173
70 123
70 171
70 35
70 211
70 24
70 157
70 116
70 2
70 188
70 130
70 155
70 196
70 38
70 23
70 7
70 48
70 177
70 212
70 127
70 43
70 144
70 33
70 67
70 60
70 189
70 186
70 143
70 107
70 120
70 204
70 131
70 61
70 79
70 162
70 32
70 138
70 166
70 109
70 30
70 91
70 5
70 126
70 176
70 125
70 180
70 34
70 89
70 172
70 216
70 6
70 142
70 210
158 62
158 101
158 36
158 71
158 47
158 37
158 24
158 129
158 116
158 77
158 188
158 135
158 179
158 56
158 75
158 170
158 169
158 184
158 177
158 194
158 25
158 212
158 67
158 90
158 189
158 186
158 111
158 120
158 15
158 119
158 86
158 201
158 166
158 109
158 96
158 126
158 125
158 8
158 181
158 34
158 94
158 41
158 89
158 216
158 4
158 112
62 36
62 47
62 113
62 171
62 24
62 157
62 150
62 57
62 116
62 136
62 28
62 214
62 13
62 27
62 140
62 168
62 161
62 177
62 194
62 98
62 25
62 18
62 65
62 185
62 60
62 198
62 99
62 190
62 111
62 208
62 22
62 119
62 79
62 32
62 81
62 201
62 31
62 14
62 20
62 11
62 109
62 54
62 58
62 182
62 126
62 202
62 8
62 181
62 34
62 94
62 183
62 163
62 6
101 40
101 47
101 37
101 84
101 69
101 42
101 85
101 157
101 150
101 102
101 137
101 50
101 2
101 13
101 64
101 135
101 29
101 179
101 56
101 27
101 38
101 168
101 7
101 19
101 174
101 55
101 194
101 98
101 25
101 212
101 134
101 67
101 90
101 63
101 186
101 107
101 68
101 208
101 22
101 131
101 86
101 201
101 31
101 166
101 91
101 76
101 41
101 89
101 112
40 71
40 113
40 171
40 139
40 42
40 116
40 102
40 214
40 64
40 188
40 155
40 46
40 27
40 140
40 23
40 39
40 161
40 194
40 98
40 25
40 105
40 133
40 65
40 144
40 134
40 90
40 63
40 189
40 52
40 186
40 78
40 107
40 68
40 12
40 204
40 15
40 192
40 74
40 61
40 119
40 86
40 32
40 81
40 109
40 54
40 76
40 181
40 59
40 34
40 94
40 206
40 172
40 216
40 6
40 103
40 203
40 210
40 112
36 110
36 123
36 207
36 113
36 139
36 42
36 211
36 24
36 157
36 150
36 129
36 116
36 28
36 50
36 2
36 27
36 23
36 170
36 19
36 174
36 148
36 25
36 144
36 134
36 60
36 99
36 186
36 143
36 190
36 78
36 120
36 208
36 204
36 132
36 119
36 138
36 109
36 96
36 5
36 126
36 76
36 59
36 94
36 206
36 183
36 172
36 163
36 6
36 4
36 103
71 47
71 173
71 139
71 85
71 157
71 129
71 149
71 102
71 136
71 72
71 13
71 64
71 29
71 27
71 75
71 23
71 174
71 25
71 127
71 43
71 133
71 67
71 198
71 99
71 186
71 78
71 208
71 17
71 200
71 192
71 131
71 119
71 162
71 86
71 81
71 209
71 166
71 58
71 219
71 176
71 202
71 125
71 181
71 34
71 206
71 172
71 203
71 210
71 112
47 160
47 110
47 173
47 207
47 139
47 69
47 85
47 150
47 214
47 72
47 64
47 135
47 130
47 46
47 38
47 140
47 39
47 161
47 174
47 80
47 127
47 43
47 33
47 60
47 90
47 143
47 78
47 107
47 131
47 93
47 119
47 81
47 166
47 11
47 54
47 96
47 202
47 59
47 216
47 142
160 37
160 84
160 171
160 42
160 211
160 159
160 85
160 157
160 72
160 13
160 135
160 23
160 170
160 168
160 48
160 55
160 80
160 148
160 65
160 67
160 60
160 99
160 63
160 189
160 186
160 68
160 132
160 61
160 119
160 86
160 153
160 31
160 166
160 109
160 58
160 219
160 176
160 125
160 76
160 8
160 34
160 41
160 142
160 203
110 123
110 207
110 139
110 42
110 159
110 28
110 118
110 72
110 2
110 196
110 46
110 179
110 27
110 75
110 23
110 161
110 174
110 127
110 43
110 133
110 144
110 67
110 185
110 90
110 63
110 52
110 143
110 190
110 12
110 22
110 209
110 138
110 109
110 219
110 76
110 41
110 216
110 142
110 103
37 123
37 207
37 171
37 69
37 211
37 85
37 24
37 149
37 77
37 136
37 28
37 72
37 2
37 13
37 188
37 196
37 23
37 39
37 7
37 48
37 184
37 148
37 25
37 18
37 212
37 127
37 133
37 60
37 90
37 99
37 52
37 78
37 68
37 15
37 132
37 209
37 138
37 14
37 45
37 11
37 109
37 51
37 58
37 126
37 202
37 125
37 8
37 41
37 206
37 142
37 210
173 84
173 69
173 156
173 129
173 57
173 28
173 72
173 64
173 135
173 130
173 155
173 196
173 46
173 56
173 38
173 7
173 174
173 55
173 184
173 194
173 212
173 127
173 144
173 52
173 143
173 78
173 107
173 208
173 17
173 204
173 22
173 200
173 93
173 119
173 79
173 81
173 153
173 14
173 20
173 11
173 51
173 96
173 58
173 126
173 125
173 76
173 59
173 183
173 6
173 142
173 210
173 112
84 42
84 35
84 211
84 85
84 129
84 50
84 64
84 46
84 179
84 56
84 27
84 23
84 169
84 174
84 48
84 98
84 18
84 43
84 105
84 99
84 143
84 190
84 111
84 107
84 204
84 132
84 93
84 61
84 31
84 14
84 20
84 11
84 109
84 30
84 96
84 91
84 219
84 126
84 176
84 180
84 181
84 59
84 206
123 207
123 157
123 149
123 137
123 77
123 118
123 29
123 155
123 46
123 56
123 38
123 170
123 39
123 168
123 19
123 174
123 177
123 148
123 127
123 105
123 133
123 65
123 144
123 33
123 67
123 198
123 189
123 68
123 12
123 15
123 200
123 93
123 119
123 79
123 162
123 86
123 201
123 153
123 166
123 11
123 109
123 54
123 58
123 126
123 125
123 206
123 172
123 216
123 4
123 112
207 139
207 42
207 156
207 211
207 85
207 157
207 102
207 137
207 77
207 118
207 72
207 2
207 13
207 64
207 135
207 155
207 196
207 140
207 170
207 39
207 168
207 7
207 48
207 25
207 43
207 65
207 144
207 185
207 60
207 90
207 63
207 189
207 52
207 186
207 143
207 190
207 120
207 74
207 86
207 32
207 166
207 20
207 109
207 51
207 54
207 76
207 183
207 216
207 163
207 203
113 156
113 116
113 149
113 64
113 135
113 155
113 179
113 56
113 38
113 39
113 19
113 48
113 177
113 98
113 148
113 18
113 212
113 105
113 65
113 189
113 52
113 143
113 190
113 111
113 208
113 131
113 74
113 162
113 201
113 45
113 11
113 109
113 96
113 91
113 58
113 219
113 180
113 59
113 206
113 163
113 4
113 112
171 42
171 156
171 150
171 57
171 102
171 13
171 29
171 130
171 46
171 179
171 56
171 140
171 161
171 48
171 148
171 25
171 18
171 212
171 127
171 33
171 60
171 90
171 198
171 186
171 143
171 78
171 107
171 68
171 120
171 204
171 132
171 74
171 138
171 11
171 96
171 5
171 182
171 219
171 126
171 176
171 202
171 125
171 180
171 181
171 34
171 206
171 142
171 4
139 42
139 156
139 211
139 157
139 150
139 214
139 135
139 29
139 196
139 140
139 169
139 174
139 48
139 184
139 98
139 148
139 25
139 43
139 105
139 65
139 33
139 134
139 67
139 63
139 189
139 111
139 107
139 204
139 200
139 93
139 61
139 86
139 201
139 209
139 31
139 138
139 20
139 34
139 94
139 89
139 206
139 183
139 172
139 6
139 210
69 42
69 35
69 159
69 129
69 102
69 28
69 118
69 13
69 188
69 29
69 130
69 38
69 161
69 7
69 55
69 80
69 148
69 25
69 212
69 63
69 189
69 17
69 192
69 131
69 74
69 61
69 162
69 201
69 138
69 45
69 5
69 58
69 176
69 202
69 125
69 41
69 183
69 163
69 210
42 211
42 159
42 85
42 157
42 129
42 116
42 149
42 136
42 72
42 130
42 56
42 27
42 38
42 140
42 169
42 161
42 7
42 19
42 174
42 55
42 148
42 105
42 33
42 185
42 90
42 99
42 190
42 78
42 12
42 208
42 200
42 74
42 201
42 209
42 109
42 54
42 91
42 5
42 94
42 172
42 6
42 203
42 210
35 85
35 24
35 149
35 102
35 77
35 136
35 28
35 214
35 118
35 188
35 135
35 29
35 196
35 46
35 56
35 140
35 168
35 174
35 177
35 18
35 127
35 43
35 133
35 65
35 33
35 90
35 198
35 99
35 189
35 52
35 186
35 143
35 208
35 192
35 61
35 79
35 32
35 81
35 201
35 209
35 153
35 20
35 45
35 109
35 30
35 54
35 91
35 58
35 219
35 125
35 172
35 6
35 112
156 159
156 157
156 102
156 214
156 50
156 135
156 130
156 196
156 56
156 23
156 170
156 7
156 48
156 55
156 184
156 80
156 148
156 18
156 43
156 65
156 67
156 99
156 186
156 111
156 68
156 12
156 15
156 200
156 74
156 61
156 86
156 81
156 138
156 14
156 20
156 51
156 30
156 54
156 96
156 176
156 125
156 180
156 8
156 59
156 34
156 94
156 142
156 4
156 112
211 85
211 137
211 77
211 136
211 28
211 214
211 2
211 13
211 56
211 161
211 134
211 198
211 63
211 189
211 52
211 186
211 190
211 120
211 32
211 201
211 138
211 166
211 96
211 91
211 58
211 219
211 125
211 181
211 94
211 89
211 163
211 6
211 203
159 129
159 77
159 136
159 214
159 50
159 2
159 179
159 56
159 38
159 170
159 39
159 184
159 177
159 148
159 18
159 212
159 33
159 189
159 111
159 78
159 17
159 132
159 200
159 131
159 162
159 31
159 138
159 166
159 11
159 109
159 126
159 125
159 180
159 41
159 89
159 183
159 172
159 4
159 210
159 112
85 24
85 157
85 129
85 116
85 149
85 102
85 214
85 118
85 72
85 64
85 188
85 38
85 140
85 194
85 25
85 33
85 134
85 189
85 143
85 107
85 68
85 12
85 17
85 204
85 200
85 86
85 32
85 138
85 14
85 45
85 51
85 96
85 91
85 125
85 8
85 103
85 203
24 137
24 2
24 13
24 135
24 29
24 38
24 170
24 169
24 174
24 48
24 55
24 194
24 80
24 98
24 105
24 133
24 33
24 185
24 60
24 90
24 186
24 143
24 111
24 107
24 208
24 17
24 132
24 22
24 131
24 74
24 201
24 209
24 138
24 166
24 45
24 109
24 96
24 58
24 219
24 176
24 202
24 125
24 94
24 41
24 89
24 142
24 112
157 129
157 116
157 149
157 102
157 28
157 214
157 64
157 130
157 27
157 75
157 7
157 19
157 48
157 194
157 98
157 148
157 105
157 133
157 189
157 190
157 78
157 107
157 68
157 120
157 17
157 204
157 15
157 131
157 93
157 119
157 162
157 32
157 153
157 31
157 14
157 109
157 51
157 96
157 91
157 58
157 219
157 125
157 8
157 94
157 89
157 210
157 112
150 116
150 102
150 13
150 188
150 29
150 130
150 170
150 169
150 39
150 174
150 48
150 177
150 212
150 65
150 186
150 68
150 208
150 132
150 79
150 166
150 54
150 91
150 202
150 76
150 8
150 59
150 94
150 89
150 172
150 216
150 163
150 6
150 203
129 136
129 28
129 214
129 13
129 64
129 29
129 130
129 196
129 27
129 75
129 38
129 140
129 169
129 161
129 7
129 55
129 177
129 98
129 43
129 144
129 134
129 67
129 60
129 198
129 189
129 111
129 78
129 68
129 204
129 132
129 192
129 74
129 79
129 81
129 138
129 14
129 20
129 11
129 51
129 30
129 54
129 58
129 219
129 176
129 125
129 180
129 8
129 94
129 41
129 89
129 206
129 4
129 103
57 102
57 136
57 72
57 50
57 13
57 135
57 130
57 196
57 56
57 140
57 169
57 161
57 55
57 194
57 18
57 212
57 105
57 133
57 144
57 33
57 90
57 99
57 52
57 78
57 107
57 68
57 204
57 132
57 22
57 200
57 192
57 74
57 138
57 14
57 96
57 91
57 182
57 219
57 176
57 202
57 206
57 6
57 103
116 102
116 28
116 72
116 2
116 29
116 130
116 27
116 38
116 23
116 39
116 19
116 48
116 80
116 148
116 18
116 133
116 90
116 198
116 99
116 186
116 143
116 190
116 78
116 68
116 208
116 200
116 131
116 93
116 74
116 61
116 86
116 32
116 209
116 153
116 31
116 166
116 20
116 45
116 11
116 51
116 96
116 91
116 5
116 58
116 126
116 176
116 202
116 180
116 8
116 181
116 59
116 94
116 172
116 216
116 112
149 102
149 118
149 50
149 13
149 64
149 135
149 56
149 7
149 184
149 194
149 25
149 18
149 212
149 185
149 198
149 52
149 186
149 143
149 68
149 120
149 15
149 132
149 131
149 93
149 74
149 61
149 162
149 81
149 153
149 31
149 14
149 96
149 181
149 41
149 206
149 183
149 172
102 136
102 118
102 2
102 135
102 130
102 155
102 196
102 27
102 140
102 170
102 161
102 48
102 148
102 18
102 133
102 65
102 134
102 185
102 60
102 198
102 63
102 186
102 190
102 68
102 12
102 17
102 132
102 22
102 192
102 93
102 74
102 81
102 153
102 31
102 166
102 109
102 96
102 58
102 219
102 202
102 180
102 8
102 59
102 34
102 41
102 183
102 6
102 103
137 136
137 28
137 214
137 72
137 13
137 196
137 56
137 38
137 23
137 170
137 168
137 174
137 48
137 177
137 80
137 148
137 212
137 105
137 65
137 144
137 134
137 67
137 198
137 63
137 189
137 52
137 186
137 111
137 68
137 208
137 132
137 22
137 93
137 119
137 79
137 32
137 201
137 31
137 20
137 45
137 11
137 109
137 54
137 5
137 125
137 180
137 41
137 206
137 183
137 203
77 118
77 13
77 188
77 29
77 130
77 179
77 27
77 23
77 170
77 39
77 7
77 174
77 55
77 184
77 194
77 98
77 212
77 127
77 133
77 144
77 33
77 134
77 198
77 52
77 111
77 208
77 22
77 93
77 119
77 86
77 209
77 31
77 176
77 202
77 180
77 76
77 94
77 41
77 89
77 172
77 4
77 112
136 28
136 64
136 188
136 130
136 155
136 75
136 38
136 140
136 169
136 39
136 168
136 7
136 19
136 177
136 80
136 148
136 25
136 212
136 33
136 67
136 60
136 99
136 111
136 78
136 107
136 192
136 81
136 201
136 209
136 138
136 14
136 166
136 45
136 96
136 58
136 126
136 181
136 59
136 172
136 203
136 112
28 118
28 72
28 2
28 64
28 188
28 46
28 179
28 27
28 140
28 7
28 19
28 48
28 194
28 80
28 98
28 198
28 63
28 189
28 186
28 132
28 200
28 131
28 93
28 32
28 109
28 54
28 96
28 182
28 219
28 202
28 180
28 34
28 41
28 89
28 183
28 172
28 216
28 6
28 142
28 112
214 50
214 135
214 29
214 155
214 196
214 46
214 170
214 161
214 19
214 212
214 127
214 105
214 133
214 144
214 90
214 198
214 189
214 52
214 190
214 111
214 78
214 68
214 208
214 132
214 200
214 192
214 32
214 201
214 153
214 51
214 54
214 182
214 219
214 126
214 202
214 180
214 59
214 103
214 210
214 112
118 188
118 196
118 179
118 19
118 48
118 55
118 177
118 98
118 212
118 43
118 105
118 133
118 33
118 134
118 67
118 52
118 143
118 190
118 111
118 107
118 132
118 192
118 74
118 162
118 201
118 209
118 31
118 138
118 51
118 58
118 126
118 176
118 76
118 94
118 206
118 6
118 203
72 50
72 155
72 196
72 179
72 39
72 161
72 7
72 80
72 212
72 127
72 133
72 33
72 67
72 90
72 198
72 63
72 189
72 190
72 208
72 15
72 22
72 192
72 74
72 162
72 86
72 81
72 31
72 14
72 51
72 76
72 8
72 34
72 163
72 142
72 4
50 2
50 13
50 64
50 155
50 179
50 75
50 23
50 170
50 169
50 194
50 80
50 148
50 67
50 60
50 198
50 189
50 143
50 190
50 111
50 78
50 120
50 12
50 22
50 200
50 131
50 61
50 119
50 79
50 162
50 138
50 166
50 11
50 109
50 51
50 30
50 96
50 219
50 176
50 125
50 180
50 76
50 34
50 206
50 216
50 142
50 103
50 203
50 112
2 64
2 188
2 135
2 29
2 155
2 196
2 46
2 179
2 27
2 23
2 169
2 184
2 177
2 25
2 18
2 212
2 127
2 33
2 190
2 111
2 78
2 120
2 204
2 132
2 22
2 131
2 119
2 79
2 162
2 86
2 32
2 201
2 153
2 31
2 109
2 51
2 30
2 5
2 126
2 176
2 202
2 125
2 59
2 34
2 183
2 142
2 103
2 203
13 135
13 29
13 196
13 56
13 140
13 39
13 19
13 48
13 184
13 80
13 127
13 133
13 65
13 144
13 185
13 90
13 198
13 63
13 52
13 190
13 200
13 131
13 119
13 162
13 86
13 32
13 81
13 153
13 14
13 51
13 96
13 91
13 182
13 219
13 126
13 125
13 180
13 34
13 94
13 216
13 142
13 103
64 29
64 179
64 23
64 39
64 168
64 161
64 19
64 174
64 184
64 80
64 127
64 33
64 67
64 198
64 52
64 186
64 78
64 107
64 120
64 192
64 93
64 79
64 162
64 153
64 31
64 138
64 14
64 109
64 51
64 54
64 96
64 5
64 126
64 176
64 202
64 125
64 76
64 59
64 34
64 41
64 172
64 216
64 6
64 203
64 210
188 155
188 46
188 23
188 55
188 184
188 98
188 25
188 18
188 43
188 105
188 198
188 99
188 63
188 52
188 186
188 143
188 132
188 131
188 93
188 119
188 209
188 153
188 20
188 45
188 5
188 182
188 180
188 59
188 206
188 163
188 203
135 23
135 170
135 161
135 19
135 48
135 184
135 177
135 194
135 25
135 18
135 127
135 43
135 65
135 144
135 189
135 120
135 192
135 74
135 32
135 209
135 31
135 14
135 166
135 45
135 96
135 5
135 219
135 8
135 181
135 94
135 41
135 216
135 103
135 203
135 112
29 38
29 140
29 170
29 55
29 184
29 177
29 98
29 43
29 133
29 67
29 185
29 60
29 90
29 189
29 190
29 107
29 17
29 204
29 22
29 131
29 93
29 86
29 81
29 201
29 153
29 45
29 5
29 58
29 182
29 176
29 180
29 34
29 183
29 172
29 142
29 210
130 196
130 27
130 75
130 140
130 170
130 168
130 7
130 19
130 55
130 184
130 194
130 98
130 43
130 144
130 67
130 60
130 143
130 190
130 111
130 204
130 132
130 119
130 32
130 81
130 31
130 138
130 20
130 51
130 54
130 96
130 182
130 176
130 202
130 41
130 183
130 203
155 46
155 170
155 168
155 7
155 174
155 55
155 184
155 177
155 90
155 198
155 63
155 186
155 190
155 78
155 107
155 208
155 132
155 192
155 93
155 201
155 138
155 51
155 96
155 91
155 58
155 182
155 219
155 126
155 202
155 181
155 163
155 6
155 103
155 210
155 112
196 46
196 56
196 27
196 75
196 169
196 7
196 19
196 55
196 98
196 148
196 25
196 18
196 127
196 134
196 90
196 198
196 189
196 190
196 78
196 12
196 208
196 132
196 200
196 192
196 81
196 31
196 138
196 20
196 51
196 54
196 219
196 126
196 181
196 59
196 94
196 41
196 206
46 27
46 39
46 161
46 174
46 55
46 177
46 194
46 80
46 98
46 25
46 127
46 134
46 67
46 52
46 143
46 78
46 93
46 74
46 119
46 162
46 86
46 14
46 51
46 54
46 126
46 59
46 41
46 206
46 163
46 4
46 112
179 27
179 19
179 177
179 98
179 25
179 133
179 65
179 33
179 67
179 198
179 99
179 63
179 143
179 68
179 204
179 132
179 153
179 109
179 96
179 91
179 5
179 126
179 176
179 202
179 181
179 34
179 94
179 41
179 89
179 172
179 163
56 161
56 48
56 177
56 98
56 25
56 105
56 65
56 33
56 134
56 67
56 107
56 204
56 15
56 200
56 119
56 79
56 162
56 86
56 201
56 138
56 109
56 54
56 91
56 58
56 182
56 126
56 181
56 59
56 41
56 183
56 216
56 4
56 103
27 168
27 194
27 80
27 25
27 127
27 144
27 134
27 60
27 198
27 63
27 189
27 186
27 68
27 120
27 208
27 204
27 15
27 132
27 93
27 61
27 119
27 86
27 81
27 201
27 209
27 45
27 109
27 54
27 182
27 219
27 76
27 89
27 4
27 210
27 112
75 38
75 170
75 168
75 161
75 55
75 177
75 80
75 25
75 212
75 127
75 144
75 67
75 99
75 63
75 189
75 143
75 78
75 107
75 12
75 204
75 15
75 132
75 74
75 162
75 201
75 209
75 153
75 31
75 20
75 45
75 51
75 54
75 96
75 219
75 126
75 176
75 202
75 76
75 59
75 206
75 183
75 4
75 112
38 19
38 48
38 184
38 148
38 105
38 133
38 185
38 60
38 90
38 99
38 143
38 78
38 68
38 12
38 208
38 192
38 74
38 86
38 81
38 153
38 45
38 109
38 54
38 96
38 91
38 5
38 182
38 219
38 202
38 125
38 8
38 94
38 142
38 4
38 103
38 203
38 112
140 170
140 168
140 7
140 184
140 177
140 212
140 43
140 198
140 99
140 186
140 107
140 17
140 22
140 74
140 86
140 32
140 201
140 209
140 153
140 138
140 5
140 182
140 126
140 202
140 180
140 76
140 181
140 94
140 41
140 206
140 6
140 4
140 103
23 169
23 39
23 161
23 174
23 48
23 98
23 18
23 212
23 133
23 185
23 90
23 198
23 190
23 107
23 68
23 12
23 17
23 74
23 119
23 209
23 153
23 31
23 138
23 166
23 20
23 11
23 30
23 5
23 8
23 34
23 89
23 142
23 112
170 98
170 127
170 43
170 105
170 52
170 186
170 143
170 78
170 107
170 208
170 15
170 132
170 131
170 93
170 86
170 209
170 153
170 14
170 166
170 51
170 54
170 96
170 91
170 126
170 202
170 76
170 8
170 94
170 89
170 183
170 142
170 4
170 203
170 112
169 48
169 55
169 18
169 212
169 133
169 63
169 111
169 68
169 208
169 17
169 22
169 200
169 74
169 61
169 86
169 32
169 81
169 138
169 166
169 109
169 30
169 219
169 59
169 34
169 163
169 6
169 142
169 203
169 210
39 168
39 174
39 48
39 25
39 144
39 134
39 60
39 99
39 189
39 143
39 68
39 208
39 192
39 81
39 138
39 30
39 91
39 5
39 58
39 182
39 219
39 34
39 183
39 216
39 142
39 4
39 203
168 161
168 184
168 194
168 98
168 212
168 105
168 133
168 65
168 33
168 134
168 67
168 99
168 111
168 107
168 68
168 12
168 204
168 131
168 153
168 14
168 51
168 91
168 58
168 126
168 176
168 181
168 94
168 41
168 206
168 4
168 112
161 19
161 25
161 212
161 43
161 65
161 144
161 33
161 60
161 198
161 99
161 189
161 143
161 190
161 111
161 68
161 17
161 200
161 192
161 61
161 81
161 20
161 109
161 5
161 180
161 76
161 8
161 94
161 6
161 103
7 184
7 25
7 18
7 127
7 144
7 107
7 120
7 208
7 22
7 192
7 131
7 119
7 32
7 209
7 166
7 11
7 58
7 182
7 125
7 34
7 41
7 206
7 172
7 6
7 103
19 194
19 18
19 212
19 105
19 65
19 134
19 90
19 198
19 132
19 192
19 131
19 79
19 32
19 209
19 31
19 20
19 51
19 5
19 126
19 8
19 181
19 41
19 206
19 142
19 4
19 203
174 184
174 80
174 65
174 134
174 67
174 60
174 90
174 143
174 12
174 17
174 79
174 86
174 81
174 138
174 20
174 109
174 182
174 202
174 125
174 8
174 41
174 103
48 184
48 18
48 43
48 133
48 189
48 143
48 192
48 93
48 162
48 201
48 209
48 31
48 138
48 20
48 54
48 58
48 182
48 8
48 181
48 59
48 34
48 41
48 89
48 172
48 216
48 142
48 103
48 203
55 148
55 25
55 60
55 143
55 190
55 111
55 78
55 120
55 12
55 119
55 162
55 86
55 209
55 166
55 11
55 109
55 30
55 54
55 5
55 58
55 182
55 176
55 89
55 216
55 163
55 4
55 103
184 177
184 98
184 25
184 212
184 133
184 144
184 198
184 78
184 68
184 208
184 204
184 200
184 131
184 93
184 74
184 119
184 162
184 81
184 153
184 45
184 109
184 51
184 58
184 176
184 202
184 125
184 180
184 8
184 34
184 112
177 148
177 25
177 127
177 105
177 133
177 65
177 185
177 99
177 189
177 52
177 143
177 190
177 111
177 78
177 107
177 68
177 120
177 208
177 204
177 15
177 132
177 192
177 93
177 74
177 32
177 81
177 45
177 51
177 96
177 182
177 181
177 210
194 80
194 43
194 65
194 144
194 134
194 189
194 143
194 190
194 120
194 204
194 132
194 192
194 131
194 201
194 209
194 31
194 138
194 20
194 58
194 202
194 8
194 59
194 89
194 183
194 6
194 142
194 4
194 203
80 98
80 148
80 25
80 43
80 134
80 185
80 60
80 99
80 189
80 52
80 186
80 143
80 120
80 12
80 132
80 162
80 153
80 138
80 20
80 109
80 54
80 96
80 125
80 76
80 41
80 89
80 172
80 216
80 163
80 203
80 112
98 25
98 212
98 99
98 63
98 189
98 186
98 190
98 107
98 68
98 22
98 192
98 119
98 79
98 162
98 86
98 153
98 138
98 20
98 109
98 91
98 76
98 59
98 41
98 172
98 163
98 4
98 103
98 112
148 212
148 43
148 133
148 144
148 134
148 185
148 90
148 107
148 15
148 119
148 201
148 14
148 166
148 20
148 45
148 51
148 91
148 58
148 219
148 126
148 181
148 34
148 172
148 142
148 103
148 210
25 43
25 133
25 33
25 67
25 185
25 60
25 189
25 52
25 190
25 111
25 107
25 68
25 132
25 22
25 200
25 93
25 119
25 32
25 201
25 138
25 20
25 11
25 51
25 5
25 58
25 8
25 34
25 94
25 172
25 163
25 6
25 142
25 4
25 103
25 112
18 212
18 144
18 99
18 63
18 189
18 204
18 15
18 132
18 131
18 74
18 79
18 86
18 153
18 31
18 166
18 20
18 11
18 109
18 51
18 30
18 91
18 5
18 182
18 219
18 126
18 176
18 8
18 181
18 89
18 163
18 142
18 203
212 127
212 105
212 65
212 33
212 67
212 120
212 204
212 22
212 192
212 131
212 74
212 162
212 86
212 81
212 209
212 45
212 51
212 54
212 58
212 182
212 219
212 126
212 8
212 94
212 41
212 89
212 206
212 6
212 142
212 103
212 203
212 210
127 43
127 90
127 198
127 63
127 52
127 186
127 143
127 208
127 17
127 15
127 22
127 192
127 93
127 74
127 79
127 162
127 153
127 45
127 109
127 96
127 126
127 176
127 125
127 180
127 181
127 59
127 34
127 216
127 142
127 4
127 103
43 133
43 90
43 189
43 190
43 111
43 12
43 204
43 22
43 200
43 119
43 86
43 81
43 201
43 209
43 153
43 14
43 30
43 96
43 5
43 58
43 176
43 76
43 59
43 6
43 103
43 112
105 144
105 67
105 185
105 90
105 99
105 52
105 186
105 111
105 132
105 200
105 74
105 79
105 86
105 153
105 166
105 54
105 202
105 125
105 34
105 206
105 172
105 6
105 103
105 203
105 112
133 65
133 190
133 111
133 17
133 132
133 131
133 61
133 86
133 32
133 153
133 14
133 45
133 96
133 91
133 202
133 180
133 181
133 94
133 41
133 216
133 210
65 144
65 33
65 185
65 198
65 189
65 52
65 186
65 107
65 200
65 192
65 93
65 119
65 162
65 201
65 153
65 14
65 11
65 176
65 180
65 181
65 34
65 172
65 163
65 142
65 203
144 185
144 90
144 198
144 189
144 186
144 78
144 107
144 208
144 204
144 200
144 61
144 119
144 79
144 81
144 5
144 182
144 176
144 76
144 8
144 59
144 34
144 89
144 163
144 4
144 210
33 186
33 15
33 132
33 74
33 61
33 162
33 86
33 20
33 45
33 51
33 54
33 96
33 58
33 34
33 89
33 163
134 67
134 60
134 90
134 198
134 99
134 189
134 52
134 190
134 111
134 78
134 120
134 204
134 22
134 79
134 45
134 11
134 30
134 182
134 126
134 206
134 216
134 142
134 210
134 112
67 90
67 189
67 52
67 78
67 107
67 68
67 120
67 204
67 200
67 74
67 81
67 201
67 109
67 5
67 219
67 125
67 8
67 34
67 41
67 206
67 183
67 216
67 103
67 112
185 90
185 99
185 63
185 52
185 143
185 190
185 68
185 204
185 132
185 131
185 119
185 162
185 86
185 32
185 153
185 20
185 45
185 109
185 91
185 58
185 180
185 94
185 172
185 6
185 210
60 99
60 52
60 111
60 120
60 17
60 15
60 200
60 74
60 61
60 119
60 79
60 86
60 81
60 209
60 138
60 14
60 20
60 45
60 96
60 219
60 176
60 125
60 180
60 41
60 89
60 183
60 172
60 216
90 186
90 190
90 120
90 208
90 204
90 132
90 22
90 131
90 93
90 32
90 81
90 201
90 153
90 96
90 76
90 89
90 6
90 103
198 63
198 189
198 186
198 78
198 107
198 68
198 208
198 17
198 200
198 192
198 74
198 61
198 119
198 162
198 86
198 209
198 45
198 11
198 91
198 182
198 126
198 176
198 181
198 89
198 206
198 183
198 172
198 216
198 112
99 78
99 107
99 68
99 120
99 200
99 192
99 61
99 119
99 86
99 201
99 14
99 45
99 96
99 91
99 58
99 182
99 126
99 180
99 94
99 6
99 112
63 111
63 78
63 107
63 120
63 22
63 93
63 119
63 31
63 166
63 45
63 30
63 91
63 5
63 182
63 76
63 34
63 94
63 206
63 183
63 103
189 190
189 68
189 131
189 162
189 81
189 138
189 14
189 20
189 45
189 109
189 96
189 91
189 5
189 202
189 76
189 89
189 172
189 216
189 163
189 6
189 103
189 203
189 210
52 143
52 190
52 111
52 120
52 204
52 192
52 119
52 162
52 201
52 166
52 45
52 51
52 182
52 176
52 180
52 8
52 59
52 94
52 172
52 142
52 4
52 103
186 143
186 12
186 204
186 15
186 192
186 93
186 162
186 86
186 14
186 109
186 30
186 5
186 182
186 202
186 180
186 59
186 34
186 89
186 163
186 142
186 112
143 111
143 68
143 12
143 208
143 132
143 22
143 131
143 61
143 81
143 153
143 31
143 20
143 45
143 11
143 51
143 54
143 219
143 126
143 176
143 181
143 59
143 216
143 163
143 6
143 142
143 210
190 32
190 81
190 109
190 58
190 182
190 219
190 125
190 180
190 76
190 94
190 41
190 183
190 216
190 6
190 142
190 4
190 203
111 120
111 131
111 74
111 119
111 79
111 166
111 109
111 30
111 96
111 91
111 180
111 181
111 34
111 206
111 183
111 6
111 203
78 120
78 132
78 93
78 81
78 138
78 11
78 109
78 30
78 5
78 58
78 219
78 176
78 181
78 59
78 216
78 142
107 208
107 17
107 15
107 132
107 192
107 74
107 162
107 153
107 14
107 166
107 20
107 11
107 54
107 96
107 91
107 58
107 219
107 176
107 202
107 76
107 8
107 181
107 34
107 41
107 172
107 216
107 163
107 142
107 4
107 203
107 210
68 208
68 15
68 132
68 131
68 74
68 86
68 81
68 153
68 20
68 45
68 5
68 182
68 219
68 76
68 59
68 34
68 94
68 183
68 4
120 192
120 93
120 79
120 162
120 201
120 153
120 138
120 20
120 176
120 125
120 76
120 59
120 163
120 210
12 208
12 17
12 204
12 200
12 131
12 93
12 74
12 86
12 11
12 54
12 58
12 219
12 176
12 125
12 34
12 206
12 183
12 163
12 4
208 15
208 61
208 86
208 81
208 138
208 14
208 20
208 11
208 51
208 30
208 91
208 58
208 76
208 8
208 59
208 34
208 89
208 4
208 103
208 210
208 112
17 15
17 192
17 131
17 93
17 61
17 81
17 138
17 54
17 5
17 182
17 126
17 125
17 59
17 94
17 163
17 6
17 103
17 203
17 210
204 79
204 162
204 153
204 31
204 20
204 45
204 30
204 5
204 58
204 180
204 8
204 59
204 94
204 4
204 103
204 112
15 200
15 93
15 119
15 201
15 138
15 166
15 109
15 58
15 182
15 219
15 176
15 125
15 180
15 181
15 94
15 89
15 206
15 163
15 203
132 93
132 74
132 79
132 162
132 32
132 153
132 31
132 138
132 166
132 20
132 5
132 181
132 59
132 94
132 206
132 183
132 203
132 210
22 200
22 131
22 61
22 79
22 86
22 81
22 201
22 31
22 166
22 45
22 91
22 5
22 219
22 125
22 76
22 94
200 93
200 74
200 61
200 81
200 201
200 153
200 20
200 109
200 30
200 96
200 182
200 176
200 180
200 76
200 41
200 206
200 203
192 131
192 93
192 119
192 81
192 209
192 5
192 202
192 4
192 103
131 74
131 79
131 86
131 31
131 14
131 166
131 45
131 11
131 5
131 202
131 125
131 181
131 34
131 41
131 89
131 206
131 216
131 163
131 6
131 210
93 61
93 119
93 81
93 209
93 153
93 138
93 14
93 11
93 51
93 30
93 96
93 58
93 202
93 125
93 76
93 181
93 59
93 94
93 41
93 89
93 206
93 183
93 112
74 61
74 119
74 79
74 32
74 153
74 11
74 109
74 96
74 91
74 5
74 176
74 202
74 125
74 89
74 183
74 216
74 210
61 153
61 31
61 11
61 54
61 91
61 176
61 181
61 59
61 41
61 89
61 172
61 142
61 4
61 103
119 79
119 86
119 81
119 31
119 166
119 11
119 109
119 96
119 5
119 58
119 219
119 126
119 125
119 181
119 59
119 206
119 183
119 172
119 4
79 31
79 138
79 109
79 58
79 126
79 125
79 8
79 181
79 59
79 172
79 216
79 6
79 142
79 210
162 86
162 32
162 153
162 20
162 45
162 96
162 58
162 182
162 219
162 126
162 176
162 202
162 181
162 34
162 41
162 206
162 172
162 163
162 4
162 203
86 32
86 201
86 45
86 11
86 109
86 176
86 180
86 181
86 34
86 94
86 89
86 206
86 216
86 6
32 209
32 11
32 91
32 5
32 58
32 182
32 219
32 126
32 202
32 59
32 34
32 41
32 183
32 6
32 203
32 210
32 112
81 20
81 45
81 11
81 109
81 54
81 126
81 176
81 180
81 8
81 94
81 89
81 183
81 210
201 153
201 166
201 54
201 219
201 126
201 202
201 125
201 76
201 8
201 59
201 34
201 41
201 206
201 103
201 210
201 112
209 31
209 45
209 11
209 109
209 51
209 30
209 54
209 219
209 176
209 34
209 89
209 206
209 183
209 6
209 142
209 4
153 11
153 54
153 58
153 182
153 180
153 76
153 59
153 89
153 183
153 216
153 163
153 6
153 4
153 203
153 210
31 14
31 166
31 109
31 54
31 58
31 219
31 176
31 125
31 183
31 172
31 6
31 142
138 20
138 30
138 96
138 219
138 176
138 94
138 41
138 206
138 183
138 216
138 163
138 4
138 103
138 210
14 51
14 91
14 182
14 219
14 202
14 125
14 180
14 34
14 89
14 4
14 112
166 51
166 54
166 91
166 5
166 58
166 182
166 126
166 94
166 172
166 6
166 4
166 103
20 45
20 5
20 58
20 126
20 202
20 125
20 181
20 59
20 94
20 41
20 89
20 142
20 210
45 11
45 109
45 30
45 5
45 182
45 176
45 8
45 216
11 109
11 96
11 58
11 8
11 181
11 34
11 89
11 172
11 216
11 142
11 4
11 103
109 5
109 58
109 125
109 76
109 59
109 183
109 172
51 96
51 91
51 182
51 202
51 181
51 59
51 34
51 94
30 91
30 5
30 58
30 219
30 126
30 202
30 8
30 172
30 112
54 96
54 182
54 181
54 59
54 41
54 89
54 206
54 183
54 4
54 112
96 91
96 5
96 58
96 126
96 176
96 125
96 34
96 94
96 172
96 163
96 6
96 203
91 58
91 176
91 202
91 76
91 181
91 216
91 163
91 142
91 103
91 203
5 58
5 180
5 181
5 59
5 103
58 126
58 8
58 34
58 172
58 4
58 210
58 112
182 219
182 202
182 125
182 41
182 89
182 142
182 203
219 94
219 89
219 206
219 172
219 216
219 112
126 76
126 8
126 181
126 172
126 142
126 112
176 202
176 125
176 41
176 89
176 172
176 216
176 142
176 203
176 210
176 112
202 34
202 94
202 142
202 203
202 210
125 8
125 181
125 41
125 183
125 163
125 203
125 210
180 8
180 34
180 94
180 41
180 4
76 8
76 59
76 94
76 216
76 203
8 89
8 142
8 210
8 112
181 34
181 41
181 172
181 6
181 103
181 210
59 34
59 89
59 4
59 112
34 94
34 89
34 183
34 172
34 203
34 210
34 112
94 142
94 103
94 203
41 206
41 216
41 142
41 4
89 183
89 216
89 142
89 203
206 183
206 103
206 203
183 172
183 203
172 203
172 112
216 6
163 142
6 142
6 112
142 112
4 112
