*verties 208
105
99
23
15
78
89
146
192
153
164
26
157
123
126
62
84
133
52
103
160
21
144
43
42
172
66
27
210
177
169
113
57
34
151
176
118
148
4
59
70
195
3
219
159
58
81
207
47
147
181
91
187
174
82
125
117
7
209
162
180
76
109
141
213
129
40
206
186
135
218
214
24
165
104
35
167
139
119
152
85
150
8
97
96
61
110
29
75
67
216
18
155
124
137
116
121
211
11
163
25
101
198
179
202
114
205
65
149
28
55
193
166
107
16
134
60
128
36
171
68
9
31
63
33
111
112
51
86
12
90
184
50
49
168
158
46
87
191
189
56
199
20
44
79
32
130
14
122
37
175
194
73
2
54
143
136
138
53
212
72
145
156
178
98
161
140
106
102
64
95
173
188
183
13
200
74
5
108
131
38
197
41
132
0
83
100
217
201
215
39
1
19
71
182
94
6
92
203
69
30
45
204
48
88
127
120
208
170
*edges 
105 123
105 62
105 133
105 137
105 11
105 65
105 112
105 191
105 189
105 199
105 14
105 98
105 183
99 174
99 213
99 129
99 206
99 119
99 28
99 128
99 68
99 63
99 54
99 72
99 5
99 69
99 48
23 62
23 118
23 81
23 206
23 214
23 179
23 107
23 16
23 130
23 143
23 156
23 102
23 13
15 3
15 219
15 117
15 40
15 8
15 134
15 68
15 130
15 14
15 98
15 102
15 5
15 48
78 123
78 57
78 104
78 119
78 65
78 111
78 191
78 44
78 175
78 138
78 188
78 197
78 83
78 182
89 164
89 177
89 148
89 195
89 207
89 147
89 213
89 24
89 216
89 11
89 193
89 166
89 107
89 171
89 63
89 158
89 175
89 194
89 53
89 212
89 178
89 13
146 153
146 133
146 148
146 59
146 82
146 24
146 96
146 11
146 202
146 60
146 9
146 2
146 94
146 69
146 30
192 26
192 172
192 81
192 141
192 186
192 24
192 61
192 75
192 18
192 124
192 121
192 134
192 9
192 2
192 212
192 217
192 201
192 92
153 123
153 113
153 47
153 186
153 167
153 8
153 110
153 18
153 73
153 54
153 183
153 41
153 0
153 203
164 133
164 144
164 219
164 186
164 119
164 11
164 28
164 68
164 51
164 50
164 2
164 108
26 81
26 67
26 65
26 134
26 171
26 9
26 63
26 168
26 199
26 32
26 131
26 41
157 210
157 151
157 118
157 4
157 159
157 104
157 150
157 96
157 65
157 68
157 112
157 168
157 158
157 32
157 130
157 102
157 188
157 39
123 209
123 218
123 61
123 110
123 179
123 68
123 111
123 56
123 53
123 183
123 74
123 83
123 94
123 204
123 88
123 208
126 172
126 187
126 206
126 104
126 28
126 193
126 111
126 112
126 50
126 32
126 108
126 88
126 127
62 103
62 195
62 135
62 214
62 167
62 119
62 28
62 112
62 12
62 50
62 49
62 106
84 57
84 213
84 206
84 135
84 75
84 67
84 205
84 16
84 9
84 122
84 74
84 1
84 30
133 159
133 180
133 104
133 137
133 114
133 134
133 86
133 189
133 20
133 217
133 39
133 204
133 127
52 177
52 169
52 113
52 70
52 109
52 141
52 129
52 155
52 101
52 50
52 191
52 136
52 212
52 161
52 108
103 160
103 57
103 135
103 152
103 150
103 75
103 18
103 28
103 112
103 189
103 32
103 74
103 120
160 210
160 174
160 135
160 214
160 163
160 193
160 36
160 20
160 53
160 102
160 200
160 71
160 204
21 43
21 174
21 218
21 137
21 121
21 65
21 149
21 31
21 12
21 90
21 46
21 178
21 140
21 215
21 94
144 177
144 57
144 4
144 58
144 81
144 209
144 141
144 40
144 24
144 121
144 11
144 166
144 51
144 12
144 32
144 212
144 173
144 92
144 203
43 42
43 66
43 176
43 47
43 206
43 214
43 8
43 121
43 28
43 16
43 51
43 12
43 145
43 13
43 5
43 108
43 38
43 0
42 177
42 59
42 155
42 124
42 134
42 199
42 44
42 14
42 178
42 108
42 38
42 0
42 215
172 176
172 40
172 186
172 97
172 155
172 171
172 20
172 37
172 194
172 39
172 203
172 45
172 204
172 127
66 195
66 129
66 75
66 55
66 193
66 107
66 191
66 56
66 130
66 197
66 1
66 6
27 147
27 82
27 180
27 35
27 75
27 55
27 107
27 86
27 87
27 122
27 178
27 100
210 169
210 82
210 141
210 24
210 166
210 31
210 112
210 184
210 49
210 87
210 20
210 54
210 173
210 13
210 0
210 182
177 57
177 176
177 207
177 180
177 76
177 152
177 150
177 11
177 193
177 60
177 49
177 44
177 79
177 37
177 100
177 92
169 147
169 187
169 213
169 35
169 110
169 28
169 50
169 64
169 74
169 132
169 71
113 57
113 125
113 152
113 8
113 75
113 124
113 107
113 9
113 51
113 194
113 2
113 161
113 200
113 197
113 41
113 69
113 170
57 186
57 214
57 24
57 110
57 18
57 155
57 101
57 60
57 171
57 56
57 44
57 32
57 73
57 145
57 197
57 132
57 100
57 208
34 125
34 97
34 11
34 205
34 60
34 9
34 112
34 90
34 136
34 102
34 131
34 30
151 59
151 216
151 137
151 191
151 95
151 131
151 39
151 48
176 117
176 180
176 109
176 206
176 119
176 85
176 121
176 211
176 163
176 68
176 12
176 79
176 138
176 161
176 38
176 83
176 217
176 215
176 45
176 48
118 148
118 91
118 129
118 206
118 186
118 135
118 167
118 152
118 8
118 97
118 67
118 158
118 175
118 143
118 138
118 140
118 188
118 38
148 3
148 149
148 111
148 184
148 199
148 194
148 45
148 208
4 91
4 124
4 137
4 36
4 33
4 111
4 83
59 207
59 82
59 141
59 137
59 28
59 171
59 31
59 112
59 87
59 79
59 88
70 195
70 76
70 109
70 28
70 107
70 189
70 95
70 183
70 39
70 30
70 45
195 125
195 162
195 152
195 110
195 75
195 60
195 189
195 54
195 136
195 156
195 173
195 83
195 19
195 88
195 120
3 209
3 97
3 18
3 33
3 184
3 189
3 44
3 73
3 161
3 41
219 141
219 165
219 104
219 114
219 193
219 68
219 12
219 184
219 79
219 194
219 136
219 145
219 173
219 71
219 6
219 45
219 88
159 181
159 82
159 8
159 124
159 137
159 179
159 36
159 87
159 189
159 20
159 132
159 182
159 203
159 45
159 48
58 187
58 165
58 61
58 137
58 11
58 112
58 32
58 140
58 95
58 201
58 30
58 170
81 67
81 18
81 137
81 101
81 198
81 149
81 134
81 36
81 9
81 86
81 73
81 72
81 131
81 83
81 48
207 91
207 117
207 165
207 8
207 25
207 205
207 33
207 50
207 46
207 194
207 212
207 72
207 131
207 41
207 69
207 88
207 127
47 209
47 76
47 24
47 29
47 193
47 102
47 38
47 83
47 69
147 209
147 162
147 186
147 135
147 97
147 29
147 198
147 46
147 173
147 71
147 6
147 208
181 91
181 141
181 218
181 112
181 182
181 48
181 127
181 208
91 82
91 139
91 119
91 8
91 110
91 18
91 55
91 171
91 184
91 194
91 156
91 102
91 188
91 74
91 131
91 41
91 1
187 82
187 206
187 202
187 193
187 51
187 184
187 20
187 73
187 98
187 95
187 188
187 38
187 39
187 204
187 88
174 76
174 119
174 67
174 198
174 179
174 128
174 9
174 191
174 130
174 138
174 1
174 48
82 24
82 179
82 16
82 194
82 5
82 182
82 94
82 92
82 127
82 120
125 162
125 180
125 129
125 33
125 158
125 212
125 102
125 183
125 41
125 132
125 0
125 217
125 69
117 135
117 75
117 116
117 189
117 56
117 183
117 131
117 100
117 208
7 129
7 218
7 35
7 167
7 85
7 110
7 198
7 16
7 128
7 143
7 212
7 83
7 94
209 141
209 167
209 18
209 60
209 33
209 111
209 49
209 158
209 191
209 189
209 161
209 38
209 197
209 182
162 167
162 8
162 75
162 202
162 60
162 112
162 194
162 140
162 64
162 188
162 5
162 203
162 120
180 85
180 110
180 128
180 171
180 32
180 175
180 194
180 73
180 95
180 173
180 13
180 197
180 215
180 19
180 94
76 8
76 101
76 179
76 128
76 175
76 188
76 197
76 215
76 208
109 141
109 214
109 55
109 128
109 36
109 184
109 20
109 145
109 178
109 161
109 173
109 200
109 83
109 215
109 1
141 35
141 85
141 110
141 29
141 202
141 128
141 31
141 37
141 106
141 197
141 203
141 45
141 127
213 165
213 75
213 18
213 155
213 33
213 111
213 90
213 87
213 73
213 138
213 5
213 1
213 71
129 186
129 16
129 134
129 36
129 86
129 95
129 74
129 69
129 30
129 45
129 48
129 170
40 186
40 214
40 152
40 67
40 25
40 16
40 49
40 130
40 14
40 143
40 136
40 102
40 64
40 182
40 45
206 135
206 24
206 119
206 202
206 205
206 33
206 90
206 184
206 79
206 98
206 64
206 74
206 39
186 216
186 137
186 202
186 149
186 50
186 158
186 143
186 13
186 74
186 182
186 48
135 18
135 155
135 107
135 158
135 20
135 37
135 175
135 41
135 39
218 150
218 8
218 97
218 68
218 46
218 122
218 161
218 173
218 183
214 24
214 124
214 121
214 28
214 33
214 86
214 184
214 168
214 87
214 20
214 212
214 173
214 5
214 131
214 41
24 137
24 116
24 33
24 111
24 98
24 13
24 74
24 5
24 215
24 48
24 127
165 35
165 96
165 116
165 63
165 49
165 6
104 150
104 116
104 101
104 107
104 134
104 31
104 184
104 20
104 44
104 72
104 217
104 204
35 96
35 75
35 101
35 55
35 107
35 128
35 90
35 49
35 122
35 73
35 201
167 75
167 179
167 111
167 158
167 46
167 20
167 37
167 95
167 197
167 83
167 215
167 94
139 101
139 90
139 56
139 106
119 149
119 166
119 194
119 2
119 138
119 188
119 200
119 94
152 96
152 55
152 16
152 51
152 168
152 56
152 175
152 120
85 216
85 205
85 166
85 16
85 171
85 12
85 50
85 79
85 2
85 95
85 108
85 71
85 6
150 29
150 121
150 31
150 32
150 72
150 200
150 120
8 75
8 18
8 65
8 31
8 56
8 37
8 212
97 202
97 171
97 194
97 6
97 204
96 101
96 198
96 205
96 60
96 128
96 86
96 158
96 46
96 191
96 32
96 140
96 183
96 131
96 19
96 48
96 170
61 29
61 198
61 55
61 107
61 134
61 12
61 46
110 211
110 101
110 55
110 50
110 49
110 140
110 106
110 173
110 5
110 208
29 75
29 101
29 68
29 14
29 2
29 108
29 197
75 9
75 73
75 145
75 106
75 188
75 69
67 36
67 171
67 54
67 145
67 95
67 39
67 6
216 193
216 134
216 50
216 94
18 193
18 60
18 128
18 86
18 90
18 72
18 94
18 203
155 163
155 114
155 9
155 87
155 79
155 64
155 183
155 83
124 121
124 65
124 33
124 12
124 37
124 64
124 41
124 94
124 6
124 92
124 170
137 143
137 19
137 71
116 205
116 60
116 140
116 13
116 203
121 28
121 20
121 194
211 55
211 134
211 128
211 168
211 54
211 183
211 45
11 101
11 55
11 111
11 112
11 46
11 175
11 178
11 38
11 83
11 217
11 39
11 71
163 107
163 60
163 44
163 175
163 73
163 145
163 95
163 13
163 83
163 201
163 19
25 193
25 31
25 111
25 50
25 199
25 145
25 188
25 0
25 1
25 48
101 28
101 122
101 212
101 95
101 41
101 0
101 204
198 114
198 12
198 49
198 56
198 37
198 98
198 38
198 132
198 100
179 65
179 166
179 134
179 128
179 189
179 20
179 14
179 2
179 143
179 5
179 131
179 217
179 201
179 39
179 48
202 193
202 60
202 168
202 191
202 197
202 0
202 39
202 6
202 208
114 86
114 49
114 20
114 44
114 32
114 98
114 106
114 102
114 95
114 183
114 5
114 0
114 1
205 49
205 100
205 204
205 127
65 33
65 37
65 95
149 68
149 188
28 36
28 33
28 90
28 56
28 37
28 2
28 183
28 108
28 38
28 132
28 45
28 127
28 170
55 36
55 130
55 194
55 2
55 54
55 5
55 45
55 127
193 184
193 199
193 14
193 175
193 140
193 183
193 5
193 217
193 19
193 94
193 6
193 69
166 191
166 79
166 200
166 197
166 120
107 134
107 36
107 12
107 14
107 194
107 41
107 39
107 120
16 134
16 171
16 90
16 191
16 189
16 79
16 32
16 194
16 178
16 132
16 6
16 127
134 63
134 158
134 189
134 20
134 194
134 140
134 102
134 39
134 203
60 56
60 199
60 183
60 71
60 6
128 20
128 14
128 145
128 156
128 38
128 41
128 1
36 68
36 212
36 145
36 200
36 5
36 38
36 100
36 215
36 19
36 208
171 189
171 212
171 131
171 217
171 204
171 127
68 31
68 184
68 199
68 178
68 102
68 100
68 215
9 44
9 79
9 156
9 140
9 183
9 74
9 5
9 92
9 203
9 88
9 120
31 51
31 46
31 189
31 56
31 183
31 108
31 131
31 92
63 87
63 189
63 199
63 32
63 122
63 140
63 183
63 19
63 203
33 51
33 189
33 94
111 49
111 191
111 189
111 20
111 32
111 54
111 140
111 94
112 184
112 156
112 140
112 215
112 120
51 90
51 199
51 73
51 138
51 173
51 201
86 44
86 37
86 54
86 136
86 98
86 106
12 20
12 138
12 106
12 173
12 74
12 41
90 158
90 79
90 32
90 130
90 64
90 39
90 120
184 158
184 37
184 53
184 173
184 188
184 100
184 45
50 168
50 79
50 161
50 5
50 131
50 127
49 183
49 201
49 120
168 130
168 13
168 38
168 94
168 92
158 140
158 5
158 41
158 204
46 32
46 54
46 212
46 106
46 102
46 5
46 108
46 38
46 6
46 92
46 204
46 88
87 130
87 14
87 122
87 145
87 217
191 56
191 79
191 143
191 108
191 30
191 120
191 208
189 136
189 108
189 132
189 0
189 92
189 170
56 2
56 30
199 175
199 41
199 100
199 88
199 127
20 194
20 156
20 197
20 132
44 143
44 212
44 19
44 208
79 98
79 6
79 48
32 73
32 136
32 178
32 173
32 74
32 83
32 92
130 98
130 200
130 197
130 19
130 45
130 48
14 132
14 100
14 69
14 30
14 88
122 72
122 64
122 197
122 69
122 30
122 48
122 208
37 108
175 98
175 95
175 39
175 71
194 73
194 2
194 54
194 161
194 5
194 170
73 145
73 161
73 102
73 64
73 74
73 5
73 203
73 88
2 71
54 102
54 183
54 208
143 95
143 183
143 38
143 92
143 69
143 45
136 145
136 98
136 95
136 132
136 217
136 45
138 178
138 215
138 45
138 204
138 120
53 108
53 100
53 71
53 182
212 5
212 132
212 201
212 203
72 182
72 203
72 30
145 156
145 102
145 5
145 41
145 1
145 208
156 178
156 201
156 45
156 204
178 131
178 197
178 41
178 100
178 71
178 203
178 127
98 38
98 215
161 132
161 6
161 69
161 170
140 182
140 127
106 217
106 6
102 13
102 200
102 197
102 132
102 39
64 69
95 13
95 1
95 45
95 170
173 71
173 6
173 48
188 183
188 13
188 200
188 108
188 201
188 1
183 13
183 200
183 100
183 19
183 48
13 38
13 1
13 19
13 48
74 170
5 6
5 120
108 197
108 204
131 92
131 127
38 197
38 182
38 120
197 201
41 170
132 201
132 39
132 45
0 39
83 217
83 19
83 170
100 39
201 1
215 19
1 204
1 170
71 92
71 88
182 30
94 120
203 45
69 127
69 120
30 88
204 127
204 170
48 120
48 170
