*verties 213
174
94
196
121
41
30
73
172
28
195
201
169
6
115
46
14
199
75
105
33
203
110
156
160
72
167
96
132
130
219
98
63
188
59
189
197
217
170
102
4
165
64
62
148
180
139
168
200
202
164
17
176
35
37
155
55
61
146
38
114
11
69
208
153
5
44
206
103
112
15
27
9
198
1
184
60
78
91
71
45
32
193
76
107
57
138
175
182
79
70
66
26
127
10
215
181
34
101
141
126
90
205
149
216
186
84
190
95
7
51
40
52
116
218
134
147
108
135
123
117
111
207
210
74
125
192
56
65
77
89
2
67
119
166
214
97
88
151
163
68
100
154
122
82
54
31
128
23
18
194
129
93
43
113
211
86
144
20
48
22
131
142
81
85
87
16
13
137
191
99
49
162
80
179
21
143
124
24
152
8
133
185
39
29
140
92
212
58
157
47
178
161
42
104
12
213
25
50
171
53
83
19
118
106
204
36
150
183
136
120
145
0
209
*edges 
174 121
174 30
174 172
174 201
174 169
174 115
174 105
174 203
174 156
174 96
174 130
174 219
174 148
174 200
174 202
174 164
174 17
174 69
174 103
174 9
174 198
174 1
174 60
174 91
174 79
174 70
174 34
174 101
174 205
174 216
174 186
174 84
174 190
174 51
174 147
174 135
174 207
174 210
174 125
174 77
174 2
174 119
174 166
174 97
174 151
174 68
174 100
174 122
174 54
174 31
174 129
174 211
174 86
174 144
174 22
174 16
174 133
174 212
174 58
174 157
174 47
174 178
174 104
174 213
174 53
174 83
174 19
174 145
94 196
94 41
94 73
94 201
94 115
94 46
94 105
94 160
94 72
94 188
94 59
94 189
94 165
94 64
94 168
94 200
94 17
94 176
94 37
94 155
94 55
94 146
94 114
94 208
94 27
94 198
94 71
94 45
94 57
94 79
94 127
94 10
94 34
94 126
94 205
94 186
94 84
94 40
94 218
94 123
94 117
94 210
94 74
94 67
94 119
94 214
94 97
94 151
94 122
94 54
94 129
94 211
94 144
94 22
94 81
94 13
94 137
94 99
94 49
94 162
94 21
94 133
94 39
94 29
94 212
94 12
94 83
94 118
94 106
94 183
94 120
94 145
94 0
94 209
196 121
196 172
196 169
196 75
196 110
196 156
196 72
196 167
196 96
196 130
196 98
196 188
196 197
196 217
196 170
196 4
196 64
196 62
196 202
196 155
196 61
196 146
196 44
196 206
196 112
196 15
196 78
196 45
196 193
196 70
196 26
196 127
196 126
196 90
196 205
196 95
196 51
196 40
196 116
196 135
196 117
196 207
196 192
196 56
196 67
196 166
196 97
196 88
196 163
196 154
196 54
196 31
196 93
196 131
196 81
196 87
196 16
196 162
196 21
196 143
196 24
196 152
196 185
196 58
196 178
196 50
196 204
196 0
121 30
121 169
121 115
121 75
121 33
121 156
121 160
121 132
121 63
121 189
121 217
121 4
121 62
121 164
121 17
121 176
121 35
121 37
121 155
121 61
121 11
121 208
121 153
121 44
121 206
121 9
121 78
121 91
121 71
121 45
121 57
121 138
121 182
121 79
121 70
121 66
121 10
121 181
121 90
121 216
121 186
121 84
121 123
121 207
121 74
121 56
121 97
121 151
121 68
121 154
121 122
121 128
121 194
121 129
121 113
121 144
121 142
121 16
121 137
121 191
121 49
121 21
121 185
121 39
121 29
121 140
121 92
121 58
121 157
121 12
121 25
121 50
121 171
121 19
121 118
121 204
121 150
121 0
121 209
41 195
41 6
41 46
41 33
41 110
41 160
41 132
41 130
41 219
41 189
41 217
41 4
41 165
41 64
41 62
41 148
41 202
41 146
41 11
41 44
41 206
41 60
41 193
41 26
41 127
41 90
41 149
41 84
41 190
41 95
41 40
41 123
41 207
41 210
41 56
41 89
41 2
41 166
41 214
41 88
41 151
41 163
41 154
41 122
41 128
41 23
41 18
41 129
41 113
41 20
41 48
41 142
41 137
41 99
41 49
41 162
41 179
41 8
41 133
41 185
41 58
41 178
41 161
41 213
41 25
41 50
41 171
41 106
41 36
41 145
30 172
30 14
30 199
30 156
30 219
30 189
30 148
30 17
30 176
30 37
30 38
30 208
30 153
30 44
30 112
30 9
30 175
30 182
30 215
30 181
30 34
30 141
30 90
30 186
30 52
30 116
30 218
30 134
30 123
30 111
30 125
30 89
30 119
30 88
30 163
30 68
30 122
30 82
30 54
30 194
30 129
30 48
30 22
30 142
30 81
30 13
30 80
30 21
30 124
30 140
30 92
30 157
30 178
30 42
30 104
30 12
30 204
30 145
73 172
73 6
73 46
73 75
73 33
73 203
73 110
73 156
73 160
73 167
73 96
73 130
73 63
73 188
73 189
73 197
73 102
73 165
73 64
73 62
73 202
73 176
73 61
73 11
73 69
73 5
73 44
73 27
73 60
73 45
73 193
73 76
73 57
73 66
73 181
73 101
73 141
73 216
73 95
73 218
73 123
73 111
73 65
73 77
73 119
73 154
73 122
73 18
73 194
73 113
73 211
73 20
73 48
73 131
73 142
73 85
73 87
73 16
73 99
73 152
73 133
73 185
73 39
73 140
73 104
73 136
172 195
172 169
172 46
172 14
172 75
172 105
172 33
172 110
172 156
172 72
172 167
172 132
172 59
172 170
172 102
172 4
172 62
172 180
172 164
172 17
172 176
172 155
172 55
172 11
172 208
172 206
172 27
172 71
172 45
172 32
172 193
172 107
172 138
172 182
172 79
172 215
172 101
172 90
172 149
172 84
172 218
172 135
172 111
172 74
172 125
172 77
172 89
172 151
172 68
172 154
172 82
172 31
172 23
172 43
172 211
172 86
172 144
172 16
172 13
172 99
172 80
172 179
172 21
172 212
172 58
172 178
172 42
172 12
172 25
172 171
172 19
172 106
172 120
172 0
172 209
28 195
28 169
28 115
28 46
28 105
28 33
28 160
28 96
28 59
28 189
28 197
28 170
28 4
28 64
28 139
28 164
28 35
28 37
28 38
28 5
28 44
28 103
28 15
28 27
28 198
28 184
28 78
28 71
28 32
28 107
28 57
28 175
28 182
28 127
28 10
28 215
28 90
28 149
28 216
28 84
28 40
28 218
28 108
28 135
28 207
28 125
28 89
28 166
28 214
28 163
28 54
28 129
28 93
28 86
28 16
28 137
28 49
28 162
28 21
28 143
28 133
28 39
28 212
28 178
28 161
28 104
28 12
28 213
28 50
28 204
28 136
28 120
195 201
195 169
195 75
195 105
195 110
195 160
195 167
195 130
195 98
195 189
195 102
195 4
195 200
195 61
195 69
195 208
195 103
195 27
195 71
195 182
195 70
195 66
195 26
195 127
195 10
195 34
195 90
195 205
195 7
195 51
195 52
195 218
195 207
195 210
195 65
195 77
195 2
195 67
195 119
195 68
195 54
195 18
195 194
195 93
195 113
195 86
195 81
195 191
195 99
195 24
195 39
195 212
195 161
195 12
195 53
195 118
195 36
195 183
195 120
201 105
201 156
201 96
201 98
201 63
201 4
201 165
201 148
201 180
201 202
201 17
201 55
201 206
201 27
201 32
201 193
201 79
201 127
201 205
201 149
201 216
201 190
201 52
201 108
201 123
201 117
201 111
201 125
201 192
201 65
201 2
201 67
201 97
201 100
201 128
201 194
201 129
201 144
201 85
201 162
201 21
201 124
201 24
201 8
201 185
201 29
201 58
201 157
201 47
201 104
201 213
201 50
201 171
201 53
201 19
201 118
201 106
169 14
169 75
169 105
169 156
169 72
169 219
169 188
169 189
169 170
169 102
169 4
169 165
169 64
169 62
169 200
169 176
169 37
169 61
169 38
169 208
169 44
169 103
169 27
169 198
169 91
169 71
169 32
169 193
169 57
169 79
169 26
169 141
169 90
169 205
169 216
169 95
169 134
169 108
169 207
169 97
169 88
169 151
169 68
169 54
169 128
169 23
169 18
169 129
169 144
169 20
169 191
169 80
169 179
169 21
169 143
169 152
169 29
169 212
169 213
169 83
169 204
169 36
169 150
169 145
169 209
6 14
6 105
6 203
6 167
6 132
6 102
6 4
6 139
6 168
6 146
6 69
6 208
6 5
6 44
6 15
6 1
6 76
6 175
6 70
6 26
6 215
6 181
6 126
6 95
6 7
6 116
6 147
6 108
6 135
6 111
6 125
6 56
6 77
6 89
6 166
6 214
6 151
6 100
6 82
6 31
6 93
6 43
6 144
6 131
6 85
6 152
6 8
6 133
6 185
6 157
6 47
6 104
6 12
6 53
6 106
6 136
6 145
115 75
115 105
115 165
115 62
115 148
115 139
115 17
115 155
115 11
115 206
115 15
115 27
115 107
115 79
115 70
115 141
115 126
115 90
115 216
115 51
115 147
115 135
115 123
115 210
115 74
115 125
115 65
115 89
115 2
115 119
115 166
115 31
115 128
115 93
115 86
115 131
115 142
115 87
115 16
115 191
115 80
115 21
115 124
115 8
115 133
115 185
115 140
115 92
115 58
115 104
115 50
115 53
115 204
115 150
115 120
115 0
46 14
46 75
46 167
46 217
46 4
46 165
46 180
46 139
46 164
46 17
46 35
46 55
46 114
46 208
46 44
46 206
46 15
46 27
46 9
46 60
46 78
46 45
46 32
46 57
46 138
46 175
46 141
46 126
46 90
46 149
46 186
46 95
46 7
46 40
46 52
46 134
46 147
46 108
46 135
46 117
46 210
46 74
46 65
46 67
46 119
46 97
46 88
46 163
46 154
46 54
46 31
46 18
46 194
46 86
46 144
46 131
46 87
46 137
46 191
46 99
46 162
46 179
46 143
46 133
46 39
46 29
46 140
46 92
46 25
46 171
46 118
46 204
46 36
46 120
46 0
14 203
14 110
14 156
14 96
14 219
14 59
14 102
14 4
14 180
14 139
14 35
14 146
14 103
14 112
14 60
14 78
14 91
14 193
14 70
14 26
14 181
14 34
14 101
14 205
14 216
14 186
14 190
14 52
14 116
14 134
14 135
14 210
14 192
14 65
14 89
14 119
14 163
14 100
14 154
14 93
14 43
14 211
14 22
14 131
14 87
14 13
14 191
14 99
14 124
14 133
14 212
14 42
14 12
14 213
14 25
14 83
14 118
14 204
14 150
14 183
14 136
14 120
199 75
199 33
199 156
199 167
199 132
199 219
199 98
199 63
199 189
199 4
199 165
199 62
199 139
199 61
199 208
199 153
199 44
199 15
199 9
199 91
199 138
199 182
199 79
199 26
199 10
199 215
199 181
199 141
199 90
199 216
199 186
199 95
199 51
199 218
199 147
199 123
199 117
199 74
199 125
199 192
199 77
199 119
199 100
199 122
199 23
199 194
199 93
199 43
199 113
199 211
199 22
199 16
199 124
199 24
199 39
199 92
199 47
199 178
199 161
199 104
199 118
199 106
199 150
199 136
199 120
199 0
75 33
75 130
75 63
75 188
75 189
75 217
75 170
75 102
75 4
75 62
75 180
75 168
75 164
75 35
75 155
75 114
75 11
75 69
75 153
75 44
75 206
75 112
75 9
75 198
75 45
75 76
75 182
75 79
75 26
75 181
75 90
75 205
75 190
75 95
75 40
75 52
75 218
75 135
75 111
75 210
75 74
75 125
75 89
75 67
75 166
75 214
75 154
75 23
75 129
75 48
75 22
75 16
75 137
75 162
75 179
75 143
75 24
75 152
75 185
75 161
75 12
75 50
75 53
75 19
75 118
75 106
75 0
105 203
105 167
105 130
105 63
105 217
105 170
105 165
105 200
105 202
105 17
105 69
105 153
105 5
105 112
105 27
105 184
105 32
105 70
105 66
105 215
105 126
105 95
105 147
105 123
105 111
105 210
105 74
105 125
105 56
105 2
105 214
105 151
105 31
105 23
105 18
105 194
105 43
105 113
105 20
105 131
105 142
105 81
105 85
105 87
105 13
105 137
105 49
105 162
105 179
105 133
105 29
105 140
105 92
105 212
105 58
105 104
105 25
105 53
105 118
105 183
105 0
33 160
33 72
33 219
33 102
33 4
33 64
33 200
33 17
33 176
33 35
33 38
33 208
33 153
33 44
33 71
33 45
33 76
33 57
33 175
33 66
33 26
33 127
33 10
33 34
33 101
33 126
33 205
33 216
33 190
33 52
33 116
33 147
33 108
33 77
33 119
33 166
33 214
33 151
33 68
33 100
33 23
33 129
33 211
33 144
33 22
33 131
33 137
33 99
33 49
33 162
33 152
33 29
33 58
33 47
33 178
33 161
33 171
33 106
33 204
33 183
33 145
33 0
203 110
203 160
203 132
203 130
203 188
203 59
203 189
203 64
203 62
203 148
203 168
203 164
203 176
203 37
203 55
203 146
203 11
203 153
203 5
203 206
203 103
203 15
203 1
203 71
203 138
203 66
203 10
203 51
203 40
203 116
203 108
203 117
203 192
203 77
203 89
203 119
203 166
203 214
203 151
203 154
203 54
203 194
203 129
203 144
203 20
203 48
203 22
203 131
203 142
203 85
203 137
203 191
203 162
203 179
203 152
203 29
203 92
203 58
203 157
203 104
203 213
203 83
203 19
203 118
203 106
203 150
203 183
203 136
203 120
203 145
110 72
110 167
110 59
110 217
110 170
110 102
110 4
110 180
110 139
110 168
110 202
110 17
110 176
110 208
110 5
110 112
110 198
110 184
110 91
110 71
110 57
110 182
110 66
110 181
110 205
110 149
110 95
110 51
110 52
110 134
110 108
110 207
110 210
110 74
110 65
110 67
110 166
110 214
110 88
110 154
110 122
110 31
110 18
110 43
110 113
110 211
110 144
110 22
110 16
110 191
110 49
110 162
110 179
110 21
110 24
110 152
110 8
110 185
110 140
110 58
110 178
110 42
110 25
110 171
110 53
110 83
110 118
110 183
110 145
110 0
156 96
156 130
156 197
156 102
156 37
156 114
156 44
156 206
156 103
156 198
156 78
156 71
156 76
156 107
156 182
156 10
156 181
156 34
156 90
156 205
156 84
156 7
156 40
156 134
156 108
156 135
156 123
156 207
156 56
156 119
156 214
156 97
156 154
156 128
156 23
156 18
156 194
156 113
156 20
156 48
156 22
156 142
156 85
156 87
156 13
156 191
156 80
156 179
156 143
156 39
156 58
156 157
156 47
156 25
156 171
156 83
156 19
156 106
156 204
160 72
160 63
160 197
160 148
160 176
160 35
160 55
160 146
160 208
160 112
160 9
160 71
160 138
160 182
160 26
160 10
160 141
160 149
160 216
160 186
160 95
160 7
160 40
160 218
160 147
160 123
160 117
160 111
160 207
160 210
160 125
160 77
160 119
160 166
160 97
160 154
160 82
160 31
160 23
160 93
160 43
160 144
160 22
160 131
160 137
160 21
160 143
160 24
160 133
160 212
160 58
160 157
160 104
160 213
160 50
160 53
160 118
160 106
160 36
160 120
72 130
72 98
72 63
72 59
72 189
72 197
72 217
72 180
72 139
72 168
72 164
72 11
72 153
72 198
72 1
72 60
72 78
72 107
72 138
72 182
72 26
72 10
72 34
72 90
72 149
72 216
72 186
72 52
72 147
72 135
72 65
72 119
72 166
72 88
72 151
72 122
72 82
72 211
72 144
72 16
72 137
72 99
72 162
72 8
72 185
72 140
72 212
72 12
72 213
72 171
72 83
72 36
72 150
72 0
167 132
167 219
167 63
167 189
167 170
167 148
167 180
167 139
167 202
167 17
167 176
167 61
167 38
167 153
167 103
167 15
167 27
167 91
167 193
167 76
167 107
167 138
167 79
167 70
167 66
167 127
167 215
167 141
167 216
167 186
167 190
167 7
167 51
167 40
167 52
167 134
167 147
167 123
167 74
167 125
167 56
167 77
167 214
167 100
167 154
167 122
167 82
167 128
167 43
167 113
167 86
167 131
167 142
167 81
167 85
167 16
167 49
167 152
167 185
167 29
167 140
167 92
167 212
167 47
167 178
167 42
167 213
167 50
167 19
167 118
167 204
167 0
96 219
96 98
96 188
96 102
96 4
96 168
96 200
96 164
96 155
96 153
96 15
96 198
96 91
96 26
96 10
96 34
96 101
96 126
96 90
96 149
96 190
96 95
96 116
96 218
96 134
96 135
96 123
96 207
96 2
96 97
96 88
96 151
96 154
96 54
96 31
96 23
96 93
96 81
96 13
96 137
96 191
96 49
96 162
96 80
96 21
96 124
96 152
96 8
96 185
96 92
96 58
96 47
96 213
96 83
96 106
96 209
132 130
132 219
132 98
132 59
132 170
132 4
132 148
132 180
132 139
132 200
132 202
132 17
132 155
132 61
132 146
132 38
132 11
132 208
132 206
132 112
132 9
132 198
132 1
132 184
132 60
132 91
132 71
132 45
132 193
132 76
132 182
132 79
132 127
132 181
132 34
132 101
132 141
132 205
132 186
132 84
132 7
132 51
132 40
132 147
132 135
132 207
132 74
132 192
132 89
132 2
132 67
132 119
132 166
132 68
132 82
132 31
132 144
132 20
132 48
132 131
132 81
132 16
132 99
132 80
132 124
132 133
132 29
132 140
132 157
132 25
132 204
132 36
132 150
132 0
132 209
130 219
130 63
130 59
130 165
130 180
130 17
130 37
130 114
130 206
130 9
130 198
130 60
130 45
130 57
130 182
130 26
130 101
130 126
130 90
130 190
130 95
130 218
130 135
130 77
130 89
130 119
130 97
130 151
130 100
130 154
130 82
130 93
130 113
130 131
130 16
130 49
130 179
130 124
130 152
130 133
130 29
130 140
130 92
130 161
130 104
130 213
130 171
130 0
219 98
219 148
219 139
219 168
219 35
219 114
219 69
219 5
219 112
219 27
219 198
219 76
219 107
219 138
219 127
219 10
219 34
219 101
219 126
219 149
219 147
219 135
219 117
219 125
219 67
219 119
219 82
219 31
219 194
219 129
219 93
219 43
219 144
219 22
219 142
219 13
219 137
219 80
219 179
219 124
219 8
219 133
219 212
219 161
219 50
219 53
219 19
219 106
219 183
98 63
98 189
98 64
98 164
98 37
98 55
98 61
98 146
98 38
98 27
98 1
98 45
98 76
98 26
98 101
98 141
98 205
98 95
98 7
98 51
98 52
98 218
98 108
98 117
98 111
98 207
98 56
98 77
98 97
98 151
98 68
98 100
98 154
98 82
98 54
98 31
98 86
98 144
98 20
98 87
98 13
98 99
98 152
98 39
98 140
98 92
98 157
98 47
98 161
98 83
98 19
98 118
98 106
98 36
98 120
98 145
98 0
98 209
63 188
63 197
63 165
63 180
63 202
63 17
63 176
63 35
63 155
63 69
63 153
63 5
63 103
63 184
63 78
63 71
63 45
63 193
63 175
63 66
63 127
63 215
63 181
63 126
63 149
63 186
63 51
63 218
63 117
63 111
63 74
63 166
63 154
63 122
63 82
63 54
63 31
63 23
63 129
63 93
63 211
63 144
63 22
63 131
63 81
63 87
63 49
63 143
63 24
63 140
63 213
63 25
63 19
63 106
63 204
63 145
188 64
188 200
188 164
188 35
188 37
188 55
188 146
188 114
188 69
188 206
188 15
188 1
188 91
188 71
188 32
188 193
188 107
188 138
188 66
188 127
188 34
188 101
188 141
188 126
188 90
188 149
188 190
188 51
188 40
188 218
188 135
188 123
188 111
188 207
188 56
188 77
188 89
188 2
188 119
188 214
188 68
188 100
188 154
188 122
188 54
188 18
188 93
188 20
188 142
188 85
188 137
188 191
188 99
188 162
188 143
188 185
188 39
188 29
188 47
188 25
188 19
188 204
188 36
188 150
59 189
59 64
59 148
59 200
59 202
59 17
59 176
59 55
59 146
59 38
59 153
59 5
59 9
59 1
59 91
59 32
59 26
59 181
59 101
59 126
59 90
59 149
59 216
59 116
59 134
59 108
59 135
59 117
59 125
59 65
59 89
59 67
59 119
59 88
59 151
59 68
59 122
59 54
59 23
59 129
59 211
59 86
59 144
59 20
59 48
59 22
59 131
59 81
59 99
59 80
59 124
59 185
59 29
59 140
59 58
59 157
59 161
59 53
59 120
189 170
189 4
189 64
189 62
189 164
189 55
189 61
189 114
189 69
189 208
189 5
189 9
189 198
189 60
189 78
189 193
189 57
189 182
189 10
189 101
189 141
189 90
189 205
189 95
189 51
189 218
189 147
189 108
189 123
189 74
189 125
189 67
189 97
189 88
189 100
189 154
189 128
189 129
189 93
189 113
189 211
189 144
189 20
189 131
189 142
189 81
189 191
189 80
189 21
189 124
189 185
189 29
189 140
189 157
189 178
189 171
189 19
189 150
189 136
189 209
197 102
197 165
197 62
197 148
197 180
197 200
197 202
197 17
197 176
197 11
197 69
197 15
197 198
197 78
197 91
197 71
197 107
197 175
197 182
197 70
197 127
197 181
197 205
197 149
197 190
197 51
197 40
197 52
197 218
197 123
197 117
197 74
197 125
197 192
197 77
197 119
197 88
197 100
197 154
197 122
197 82
197 54
197 128
197 129
197 93
197 43
197 211
197 20
197 142
197 85
197 87
197 16
197 99
197 80
197 24
197 133
197 157
197 47
197 178
197 161
197 213
197 171
197 53
197 204
197 0
217 165
217 148
217 164
217 35
217 114
217 206
217 103
217 60
217 45
217 76
217 57
217 182
217 79
217 66
217 101
217 126
217 90
217 149
217 84
217 95
217 40
217 52
217 218
217 134
217 147
217 108
217 123
217 210
217 125
217 192
217 77
217 68
217 23
217 194
217 129
217 43
217 86
217 144
217 191
217 99
217 49
217 162
217 80
217 179
217 124
217 24
217 152
217 29
217 58
217 104
217 12
217 25
217 171
217 53
217 19
217 106
217 36
217 136
217 120
217 145
170 102
170 200
170 202
170 164
170 176
170 37
170 155
170 11
170 208
170 112
170 15
170 1
170 184
170 71
170 76
170 57
170 181
170 34
170 141
170 205
170 216
170 190
170 40
170 147
170 108
170 123
170 111
170 207
170 65
170 77
170 2
170 119
170 97
170 68
170 100
170 154
170 82
170 128
170 23
170 18
170 113
170 211
170 144
170 22
170 81
170 13
170 137
170 39
170 29
170 212
170 58
170 157
170 47
170 104
170 50
170 53
170 83
170 118
170 106
170 145
102 165
102 180
102 200
102 35
102 37
102 61
102 11
102 27
102 71
102 175
102 182
102 70
102 127
102 181
102 34
102 126
102 216
102 190
102 95
102 40
102 52
102 116
102 134
102 147
102 207
102 210
102 56
102 77
102 89
102 119
102 154
102 18
102 129
102 93
102 211
102 86
102 81
102 87
102 16
102 99
102 49
102 179
102 143
102 140
102 92
102 47
102 161
102 12
102 83
102 150
4 62
4 148
4 180
4 164
4 35
4 146
4 38
4 114
4 11
4 208
4 5
4 206
4 91
4 71
4 45
4 32
4 193
4 76
4 138
4 70
4 26
4 141
4 205
4 84
4 7
4 51
4 108
4 123
4 192
4 65
4 77
4 89
4 67
4 97
4 151
4 31
4 18
4 129
4 43
4 113
4 86
4 20
4 22
4 85
4 16
4 191
4 99
4 49
4 162
4 80
4 179
4 24
4 152
4 8
4 39
4 29
4 157
4 42
4 50
4 53
4 0
4 209
165 64
165 62
165 139
165 164
165 37
165 38
165 114
165 153
165 103
165 15
165 9
165 184
165 60
165 78
165 91
165 71
165 32
165 76
165 138
165 175
165 79
165 70
165 66
165 10
165 141
165 149
165 216
165 190
165 52
165 135
165 56
165 89
165 88
165 163
165 100
165 82
165 54
165 31
165 23
165 22
165 131
165 142
165 85
165 87
165 21
165 143
165 133
165 92
165 58
165 157
165 47
165 42
165 104
165 12
165 25
165 50
165 106
165 36
165 183
64 139
64 202
64 17
64 176
64 37
64 155
64 61
64 38
64 114
64 208
64 153
64 103
64 78
64 193
64 57
64 127
64 141
64 216
64 95
64 7
64 51
64 218
64 135
64 111
64 210
64 56
64 89
64 88
64 151
64 163
64 154
64 93
64 43
64 113
64 86
64 144
64 142
64 81
64 85
64 87
64 191
64 179
64 124
64 185
64 29
64 140
64 92
64 42
64 53
64 83
64 204
64 36
64 136
62 200
62 17
62 37
62 61
62 208
62 153
62 206
62 103
62 112
62 27
62 184
62 91
62 71
62 45
62 107
62 175
62 182
62 70
62 26
62 141
62 126
62 90
62 84
62 7
62 40
62 52
62 123
62 117
62 111
62 207
62 77
62 2
62 67
62 166
62 214
62 151
62 163
62 100
62 122
62 128
62 23
62 113
62 144
62 48
62 142
62 87
62 137
62 191
62 99
62 49
62 21
62 143
62 124
62 133
62 39
62 104
62 213
62 25
62 171
62 53
62 150
62 183
62 136
62 120
148 180
148 139
148 168
148 202
148 164
148 146
148 69
148 206
148 112
148 27
148 198
148 78
148 45
148 193
148 76
148 175
148 127
148 215
148 34
148 126
148 90
148 186
148 116
148 218
148 207
148 125
148 97
148 88
148 163
148 68
148 100
148 154
148 122
148 82
148 31
148 48
148 131
148 81
148 87
148 137
148 99
148 49
148 179
148 24
148 185
148 140
148 212
148 58
148 42
148 104
148 213
148 83
148 106
148 204
148 36
148 150
148 209
180 139
180 200
180 164
180 176
180 35
180 69
180 44
180 1
180 184
180 71
180 32
180 193
180 107
180 182
180 127
180 215
180 34
180 101
180 216
180 84
180 7
180 40
180 52
180 123
180 111
180 125
180 67
180 97
180 88
180 163
180 154
180 82
180 54
180 128
180 18
180 129
180 211
180 144
180 48
180 22
180 142
180 99
180 179
180 143
180 24
180 152
180 185
180 47
180 178
180 42
180 12
180 213
180 53
180 83
180 106
180 183
180 136
139 200
139 164
139 55
139 38
139 114
139 206
139 103
139 15
139 198
139 184
139 78
139 45
139 101
139 126
139 90
139 149
139 190
139 95
139 52
139 116
139 108
139 135
139 123
139 207
139 67
139 54
139 23
139 129
139 211
139 86
139 144
139 131
139 16
139 137
139 133
139 92
139 212
139 178
139 204
139 150
139 209
168 202
168 164
168 17
168 176
168 37
168 146
168 114
168 11
168 208
168 27
168 184
168 60
168 45
168 193
168 138
168 175
168 70
168 66
168 26
168 127
168 10
168 215
168 101
168 90
168 205
168 149
168 186
168 7
168 218
168 147
168 135
168 123
168 207
168 74
168 67
168 214
168 97
168 88
168 151
168 54
168 23
168 18
168 86
168 20
168 142
168 87
168 13
168 191
168 80
168 21
168 124
168 24
168 8
168 29
168 58
168 47
168 171
168 118
168 36
168 145
168 0
200 202
200 17
200 176
200 35
200 37
200 61
200 5
200 112
200 198
200 1
200 193
200 182
200 79
200 66
200 127
200 181
200 126
200 186
200 84
200 52
200 116
200 218
200 108
200 123
200 192
200 77
200 166
200 214
200 97
200 88
200 68
200 154
200 128
200 194
200 93
200 113
200 142
200 85
200 87
200 99
200 49
200 179
200 21
200 185
200 39
200 29
200 92
200 178
200 12
200 25
200 53
200 83
200 19
200 118
200 36
200 145
200 0
202 35
202 55
202 69
202 44
202 27
202 198
202 91
202 79
202 66
202 181
202 205
202 149
202 95
202 40
202 116
202 218
202 134
202 207
202 74
202 125
202 192
202 56
202 77
202 67
202 119
202 122
202 18
202 43
202 211
202 22
202 137
202 99
202 179
202 21
202 24
202 152
202 185
202 29
202 58
202 157
202 47
202 42
202 12
202 213
202 25
202 50
202 118
202 106
202 150
202 0
202 209
164 17
164 35
164 155
164 55
164 114
164 206
164 15
164 9
164 198
164 1
164 78
164 91
164 107
164 57
164 182
164 10
164 215
164 34
164 101
164 126
164 186
164 190
164 134
164 108
164 123
164 111
164 74
164 192
164 65
164 89
164 119
164 214
164 88
164 163
164 100
164 154
164 18
164 129
164 93
164 43
164 113
164 211
164 131
164 191
164 49
164 80
164 179
164 143
164 152
164 8
164 133
164 185
164 39
164 92
164 212
164 157
164 25
164 83
164 204
164 36
164 209
17 37
17 153
17 44
17 1
17 184
17 57
17 26
17 181
17 126
17 186
17 84
17 52
17 116
17 147
17 108
17 111
17 207
17 210
17 125
17 77
17 89
17 163
17 100
17 154
17 122
17 31
17 23
17 93
17 211
17 48
17 81
17 85
17 87
17 13
17 191
17 162
17 80
17 143
17 133
17 39
17 92
17 212
17 157
17 47
17 161
17 12
17 213
17 83
17 118
17 204
17 36
17 136
176 55
176 146
176 38
176 11
176 69
176 1
176 78
176 193
176 175
176 79
176 26
176 181
176 101
176 190
176 51
176 40
176 52
176 116
176 218
176 108
176 123
176 111
176 125
176 89
176 68
176 100
176 23
176 18
176 194
176 86
176 20
176 81
176 137
176 191
176 162
176 24
176 185
176 140
176 204
176 136
35 37
35 155
35 61
35 69
35 208
35 153
35 71
35 45
35 175
35 79
35 127
35 10
35 215
35 141
35 216
35 84
35 190
35 7
35 218
35 134
35 147
35 123
35 117
35 210
35 74
35 125
35 56
35 65
35 119
35 163
35 100
35 23
35 194
35 43
35 211
35 144
35 20
35 48
35 131
35 142
35 16
35 137
35 191
35 80
35 143
35 8
35 133
35 92
35 47
35 178
35 161
35 104
35 25
35 50
35 150
35 183
35 136
35 120
37 55
37 11
37 69
37 5
37 44
37 206
37 112
37 15
37 198
37 60
37 78
37 193
37 107
37 182
37 66
37 181
37 186
37 116
37 108
37 117
37 192
37 89
37 119
37 163
37 100
37 122
37 31
37 23
37 194
37 129
37 43
37 211
37 144
37 20
37 48
37 22
37 142
37 16
37 13
37 137
37 99
37 21
37 143
37 152
37 133
37 39
37 161
37 12
37 83
37 204
37 36
37 150
37 136
37 120
37 145
37 0
155 55
155 38
155 114
155 11
155 198
155 1
155 184
155 78
155 91
155 71
155 57
155 127
155 10
155 215
155 141
155 126
155 205
155 84
155 190
155 95
155 51
155 52
155 116
155 147
155 135
155 207
155 210
155 74
155 125
155 192
155 77
155 2
155 67
155 68
155 122
155 82
155 31
155 43
155 113
155 86
155 22
155 191
155 49
155 162
155 179
155 124
155 29
155 157
155 213
155 25
155 50
155 83
155 19
155 106
155 204
155 0
155 209
55 61
55 114
55 11
55 15
55 27
55 9
55 198
55 184
55 60
55 32
55 138
55 182
55 70
55 181
55 101
55 126
55 186
55 84
55 95
55 40
55 218
55 135
55 207
55 74
55 125
55 2
55 67
55 119
55 151
55 163
55 68
55 122
55 54
55 128
55 23
55 113
55 144
55 48
55 142
55 85
55 16
55 191
55 80
55 179
55 21
55 143
55 152
55 8
55 185
55 39
55 58
55 157
55 104
55 12
55 53
55 83
55 19
55 118
55 106
55 36
55 209
61 114
61 11
61 69
61 153
61 5
61 44
61 206
61 103
61 9
61 1
61 91
61 45
61 138
61 182
61 70
61 26
61 215
61 181
61 90
61 216
61 84
61 51
61 52
61 218
61 135
61 77
61 67
61 119
61 151
61 163
61 128
61 18
61 129
61 86
61 20
61 22
61 142
61 16
61 13
61 137
61 191
61 99
61 162
61 80
61 8
61 29
61 47
61 12
61 50
61 120
61 0
61 209
146 38
146 11
146 208
146 153
146 103
146 112
146 198
146 78
146 91
146 45
146 107
146 138
146 182
146 66
146 141
146 90
146 149
146 216
146 190
146 7
146 51
146 134
146 108
146 111
146 207
146 210
146 77
146 214
146 97
146 151
146 163
146 154
146 31
146 128
146 23
146 43
146 86
146 144
146 20
146 48
146 22
146 49
146 80
146 185
146 212
146 157
146 12
146 213
146 83
146 19
146 106
146 204
146 183
146 0
38 44
38 15
38 1
38 184
38 60
38 32
38 182
38 70
38 66
38 26
38 101
38 141
38 126
38 90
38 149
38 84
38 190
38 95
38 7
38 108
38 135
38 111
38 207
38 74
38 125
38 192
38 119
38 166
38 214
38 151
38 163
38 68
38 100
38 154
38 122
38 31
38 18
38 43
38 48
38 22
38 81
38 143
38 8
38 185
38 39
38 92
38 212
38 157
38 47
38 178
38 42
38 104
38 25
38 50
38 36
38 183
38 136
38 145
114 11
114 208
114 103
114 15
114 198
114 60
114 32
114 193
114 76
114 57
114 138
114 66
114 26
114 127
114 181
114 34
114 149
114 186
114 7
114 52
114 218
114 108
114 135
114 123
114 111
114 207
114 210
114 74
114 192
114 89
114 166
114 97
114 68
114 100
114 82
114 54
114 23
114 129
114 113
114 86
114 87
114 191
114 99
114 49
114 80
114 143
114 24
114 8
114 133
114 212
114 47
114 178
114 171
114 19
114 183
114 0
11 69
11 208
11 112
11 27
11 184
11 78
11 57
11 127
11 181
11 34
11 101
11 141
11 126
11 90
11 149
11 51
11 116
11 218
11 134
11 108
11 135
11 111
11 210
11 74
11 56
11 89
11 2
11 119
11 97
11 88
11 151
11 100
11 129
11 86
11 20
11 48
11 142
11 87
11 137
11 162
11 179
11 143
11 24
11 133
11 39
11 140
11 92
11 157
11 47
11 25
11 53
11 106
11 36
11 150
11 183
11 209
69 153
69 9
69 1
69 60
69 71
69 175
69 70
69 10
69 181
69 34
69 90
69 149
69 186
69 190
69 7
69 51
69 52
69 218
69 147
69 135
69 123
69 117
69 74
69 56
69 77
69 67
69 166
69 88
69 151
69 68
69 122
69 82
69 18
69 43
69 113
69 142
69 85
69 16
69 191
69 80
69 143
69 124
69 39
69 29
69 92
69 212
69 157
69 178
69 104
69 50
69 106
69 183
69 120
69 0
208 153
208 5
208 44
208 206
208 15
208 32
208 193
208 26
208 127
208 10
208 101
208 141
208 149
208 95
208 7
208 116
208 218
208 147
208 123
208 117
208 192
208 89
208 97
208 88
208 151
208 100
208 154
208 54
208 31
208 128
208 18
208 93
208 144
208 48
208 142
208 191
208 162
208 21
208 143
208 8
208 185
208 39
208 140
208 212
208 157
208 178
208 42
208 171
208 53
208 83
208 36
208 150
208 0
153 206
153 103
153 112
153 27
153 60
153 71
153 45
153 32
153 175
153 26
153 127
153 34
153 149
153 190
153 95
153 52
153 117
153 74
153 192
153 77
153 67
153 119
153 214
153 88
153 151
153 68
153 100
153 122
153 54
153 129
153 113
153 211
153 20
153 48
153 81
153 85
153 13
153 137
153 49
153 124
153 8
153 185
153 161
153 104
153 12
153 50
153 204
153 36
153 0
5 112
5 9
5 91
5 71
5 32
5 76
5 57
5 138
5 182
5 10
5 181
5 34
5 101
5 205
5 149
5 51
5 134
5 108
5 135
5 123
5 111
5 207
5 2
5 97
5 151
5 68
5 54
5 18
5 194
5 113
5 20
5 85
5 99
5 21
5 8
5 185
5 140
5 92
5 157
5 161
5 171
5 53
44 9
44 198
44 1
44 60
44 78
44 32
44 57
44 79
44 70
44 10
44 101
44 190
44 95
44 7
44 218
44 134
44 108
44 135
44 207
44 77
44 2
44 67
44 88
44 163
44 82
44 31
44 23
44 129
44 93
44 113
44 144
44 85
44 191
44 162
44 21
44 124
44 39
44 29
44 212
44 47
44 178
44 104
44 25
44 150
44 0
206 112
206 15
206 27
206 9
206 71
206 193
206 107
206 138
206 26
206 34
206 126
206 205
206 190
206 7
206 51
206 40
206 108
206 210
206 192
206 89
206 2
206 88
206 154
206 122
206 82
206 23
206 129
206 93
206 86
206 131
206 13
206 49
206 21
206 185
206 29
206 140
206 58
206 161
206 25
206 83
206 19
206 204
206 150
206 183
206 136
206 145
103 1
103 78
103 32
103 57
103 182
103 10
103 215
103 126
103 90
103 216
103 84
103 95
103 40
103 134
103 147
103 123
103 111
103 210
103 74
103 77
103 67
103 214
103 163
103 154
103 31
103 128
103 18
103 194
103 129
103 113
103 86
103 13
103 191
103 21
103 143
103 124
103 152
103 8
103 157
103 161
103 104
103 213
103 53
103 204
103 120
112 1
112 91
112 45
112 76
112 175
112 182
112 79
112 66
112 127
112 181
112 141
112 186
112 84
112 40
112 135
112 56
112 65
112 77
112 89
112 119
112 97
112 68
112 154
112 31
112 129
112 20
112 48
112 142
112 191
112 8
112 133
112 29
112 140
112 212
112 178
112 12
112 25
112 50
112 53
112 118
112 36
112 150
112 145
112 0
15 27
15 193
15 57
15 79
15 70
15 66
15 126
15 90
15 149
15 186
15 190
15 95
15 7
15 134
15 192
15 65
15 67
15 151
15 163
15 68
15 82
15 54
15 31
15 23
15 18
15 129
15 93
15 20
15 48
15 131
15 142
15 87
15 13
15 137
15 162
15 152
15 8
15 185
15 39
15 92
15 157
15 47
15 161
15 213
15 50
15 171
15 19
15 118
15 106
15 204
15 36
15 183
27 184
27 71
27 76
27 107
27 57
27 175
27 26
27 127
27 141
27 205
27 84
27 190
27 7
27 134
27 147
27 108
27 135
27 117
27 111
27 210
27 74
27 125
27 56
27 77
27 2
27 67
27 214
27 163
27 68
27 154
27 23
27 194
27 129
27 93
27 144
27 22
27 13
27 137
27 191
27 99
27 49
27 179
27 143
27 133
27 39
27 29
27 212
27 161
27 171
27 53
27 118
27 183
27 136
27 0
9 193
9 138
9 182
9 79
9 70
9 66
9 10
9 34
9 205
9 95
9 40
9 116
9 218
9 134
9 147
9 108
9 117
9 210
9 125
9 56
9 65
9 2
9 88
9 163
9 68
9 82
9 194
9 43
9 20
9 85
9 16
9 13
9 137
9 99
9 162
9 80
9 179
9 24
9 152
9 133
9 92
9 47
9 42
9 171
9 53
9 150
9 120
198 76
198 175
198 182
198 66
198 127
198 215
198 34
198 101
198 126
198 205
198 186
198 84
198 95
198 135
198 207
198 210
198 192
198 56
198 77
198 2
198 119
198 166
198 214
198 88
198 151
198 128
198 18
198 93
198 211
198 16
198 137
198 49
198 162
198 80
198 179
198 21
198 143
198 47
198 178
198 161
198 104
198 83
198 19
198 118
198 106
198 36
198 150
1 60
1 32
1 182
1 70
1 215
1 101
1 126
1 90
1 190
1 95
1 116
1 147
1 135
1 111
1 125
1 192
1 77
1 2
1 119
1 151
1 163
1 154
1 23
1 194
1 211
1 144
1 22
1 142
1 87
1 191
1 162
1 80
1 21
1 133
1 39
1 42
1 104
1 50
1 53
1 183
1 136
1 145
184 91
184 79
184 215
184 34
184 141
184 205
184 216
184 7
184 218
184 134
184 108
184 135
184 111
184 166
184 214
184 97
184 151
184 122
184 54
184 128
184 86
184 144
184 20
184 191
184 49
184 80
184 179
184 21
184 124
184 152
184 29
184 92
184 58
184 178
184 161
184 42
184 25
184 50
184 53
184 83
184 118
184 204
184 150
184 136
184 120
184 209
60 71
60 45
60 193
60 76
60 57
60 175
60 66
60 26
60 181
60 186
60 218
60 135
60 117
60 111
60 207
60 210
60 74
60 77
60 214
60 88
60 151
60 163
60 154
60 122
60 82
60 54
60 128
60 23
60 194
60 93
60 211
60 86
60 144
60 20
60 22
60 131
60 85
60 191
60 162
60 21
60 152
60 140
60 58
60 47
60 42
60 104
60 213
60 36
60 120
78 71
78 193
78 76
78 107
78 57
78 138
78 182
78 79
78 70
78 215
78 181
78 186
78 84
78 40
78 116
78 147
78 108
78 135
78 207
78 89
78 2
78 67
78 119
78 214
78 100
78 54
78 23
78 129
78 93
78 211
78 86
78 20
78 99
78 49
78 179
78 8
78 92
78 157
78 42
78 12
78 213
78 171
78 19
78 204
78 36
78 150
78 183
78 136
78 0
91 71
91 57
91 138
91 182
91 127
91 215
91 101
91 205
91 51
91 116
91 218
91 74
91 56
91 89
91 119
91 214
91 97
91 151
91 100
91 154
91 122
91 82
91 18
91 93
91 20
91 48
91 22
91 49
91 80
91 152
91 133
91 140
91 212
91 58
91 47
91 25
91 53
91 19
91 204
91 183
91 136
71 45
71 57
71 175
71 70
71 181
71 141
71 126
71 149
71 186
71 190
71 52
71 218
71 108
71 123
71 117
71 210
71 67
71 97
71 122
71 54
71 31
71 23
71 18
71 129
71 93
71 43
71 113
71 20
71 142
71 81
71 85
71 87
71 49
71 133
71 39
71 29
71 92
71 212
71 83
71 19
71 118
71 106
71 150
45 32
45 57
45 175
45 10
45 215
45 34
45 126
45 90
45 205
45 190
45 7
45 116
45 147
45 108
45 123
45 210
45 74
45 77
45 214
45 88
45 163
45 68
45 100
45 122
45 82
45 128
45 23
45 194
45 48
45 81
45 191
45 162
45 179
45 21
45 24
45 185
45 29
45 140
45 47
45 12
45 171
45 53
45 19
45 118
45 36
45 183
45 209
32 76
32 57
32 66
32 90
32 186
32 51
32 40
32 116
32 135
32 123
32 111
32 56
32 65
32 67
32 166
32 68
32 100
32 154
32 31
32 93
32 211
32 86
32 144
32 20
32 22
32 13
32 99
32 162
32 124
32 24
32 8
32 39
32 29
32 92
32 157
32 47
32 42
32 118
32 183
32 145
32 0
193 76
193 138
193 182
193 79
193 66
193 127
193 205
193 190
193 95
193 40
193 218
193 108
193 117
193 74
193 192
193 77
193 214
193 68
193 54
193 128
193 93
193 211
193 48
193 142
193 81
193 85
193 13
193 137
193 191
193 80
193 185
193 29
193 212
193 58
193 157
193 178
193 42
193 83
193 118
193 136
193 120
193 0
193 209
76 70
76 10
76 126
76 90
76 84
76 7
76 51
76 52
76 108
76 123
76 125
76 192
76 214
76 151
76 163
76 68
76 54
76 128
76 194
76 43
76 113
76 211
76 142
76 85
76 87
76 16
76 137
76 191
76 99
76 124
76 24
76 29
76 140
76 92
76 157
76 47
76 12
76 50
76 150
76 183
76 136
76 145
76 0
107 79
107 70
107 127
107 215
107 141
107 126
107 90
107 116
107 134
107 108
107 135
107 117
107 74
107 125
107 192
107 65
107 89
107 2
107 67
107 166
107 97
107 151
107 82
107 194
107 113
107 211
107 86
107 144
107 85
107 16
107 13
107 137
107 49
107 124
107 152
107 8
107 185
107 29
107 58
107 157
107 178
107 42
107 104
107 12
107 50
107 53
107 83
107 19
107 106
107 183
107 120
57 138
57 175
57 26
57 127
57 215
57 181
57 186
57 190
57 95
57 51
57 123
57 117
57 111
57 125
57 56
57 65
57 77
57 89
57 214
57 97
57 88
57 68
57 54
57 23
57 129
57 142
57 87
57 191
57 99
57 21
57 143
57 92
57 161
57 42
57 12
57 171
57 106
57 150
57 136
57 120
138 26
138 127
138 215
138 141
138 90
138 190
138 7
138 207
138 74
138 151
138 122
138 128
138 93
138 113
138 48
138 142
138 85
138 191
138 99
138 124
138 8
138 39
138 29
138 212
138 47
138 178
138 161
138 104
138 213
138 83
138 120
138 145
175 70
175 26
175 181
175 216
175 51
175 116
175 218
175 134
175 111
175 210
175 89
175 2
175 67
175 214
175 151
175 100
175 82
175 31
175 23
175 43
175 211
175 22
175 131
175 142
175 16
175 191
175 133
175 39
175 92
175 212
175 157
175 47
175 42
175 12
175 118
175 36
175 150
175 120
175 145
182 79
182 34
182 149
182 186
182 84
182 51
182 40
182 52
182 134
182 135
182 111
182 214
182 163
182 68
182 128
182 194
182 93
182 211
182 86
182 81
182 16
182 191
182 99
182 49
182 143
182 124
182 24
182 185
182 29
182 157
182 47
182 178
182 42
182 104
182 12
182 213
182 25
182 171
182 19
182 150
182 209
79 127
79 101
79 90
79 186
79 84
79 51
79 218
79 123
79 74
79 56
79 65
79 166
79 100
79 154
79 122
79 128
79 18
79 194
79 93
79 113
79 86
79 20
79 48
79 131
79 81
79 191
79 152
79 8
79 133
79 185
79 29
79 140
79 92
79 58
79 157
79 178
79 25
79 50
79 53
79 83
79 106
79 150
79 183
79 120
79 145
70 26
70 215
70 141
70 126
70 149
70 52
70 134
70 108
70 135
70 111
70 210
70 65
70 77
70 67
70 166
70 97
70 23
70 18
70 43
70 113
70 211
70 144
70 48
70 13
70 24
70 133
70 58
70 42
70 12
70 213
70 50
70 19
70 118
70 106
70 204
70 150
70 0
66 26
66 101
66 126
66 90
66 205
66 190
66 95
66 51
66 40
66 147
66 108
66 123
66 117
66 111
66 74
66 125
66 56
66 97
66 88
66 128
66 93
66 113
66 20
66 48
66 85
66 137
66 99
66 49
66 80
66 21
66 143
66 8
66 133
66 39
66 140
66 161
66 104
66 213
66 25
66 50
66 53
66 106
66 204
66 183
66 209
26 126
26 190
26 7
26 52
26 134
26 147
26 111
26 207
26 210
26 74
26 65
26 119
26 166
26 97
26 88
26 31
26 211
26 48
26 131
26 137
26 21
26 24
26 133
26 140
26 157
26 104
26 25
26 171
26 83
26 19
26 204
26 150
127 215
127 181
127 34
127 126
127 186
127 95
127 51
127 40
127 116
127 147
127 117
127 111
127 210
127 74
127 65
127 77
127 67
127 163
127 68
127 122
127 54
127 31
127 194
127 43
127 211
127 144
127 131
127 87
127 16
127 137
127 191
127 49
127 24
127 152
127 8
127 133
127 140
127 157
127 47
127 83
127 118
10 215
10 101
10 141
10 205
10 216
10 84
10 190
10 95
10 116
10 134
10 210
10 74
10 56
10 65
10 77
10 89
10 67
10 88
10 151
10 122
10 82
10 54
10 31
10 128
10 194
10 86
10 48
10 142
10 81
10 87
10 191
10 99
10 162
10 21
10 143
10 8
10 185
10 39
10 212
10 47
10 178
10 104
10 171
10 36
10 150
10 183
10 209
215 90
215 190
215 40
215 56
215 151
215 122
215 23
215 194
215 22
215 16
215 13
215 137
215 99
215 133
215 39
215 29
215 92
215 157
215 104
215 50
215 53
215 36
215 136
215 120
215 0
181 101
181 90
181 205
181 149
181 7
181 218
181 147
181 210
181 74
181 125
181 192
181 77
181 2
181 214
181 163
181 43
181 211
181 86
181 20
181 85
181 191
181 162
181 179
181 143
181 124
181 24
181 133
181 185
181 39
181 58
181 213
181 83
181 36
181 150
181 136
181 0
34 126
34 90
34 149
34 216
34 51
34 134
34 108
34 117
34 207
34 125
34 192
34 56
34 89
34 119
34 166
34 214
34 97
34 163
34 68
34 154
34 31
34 128
34 194
34 43
34 20
34 142
34 99
34 162
34 179
34 21
34 152
34 140
34 58
34 47
34 25
34 19
34 118
34 136
34 0
101 90
101 205
101 84
101 190
101 95
101 134
101 119
101 166
101 214
101 88
101 31
101 194
101 86
101 22
101 142
101 85
101 16
101 137
101 185
101 39
101 58
101 47
101 178
101 42
101 104
101 213
101 83
101 118
101 204
101 150
101 183
101 120
101 145
101 0
141 84
141 40
141 218
141 123
141 192
141 214
141 88
141 151
141 68
141 100
141 18
141 93
141 43
141 48
141 131
141 87
141 16
141 13
141 21
141 143
141 152
141 8
141 133
141 185
141 39
141 92
141 157
141 47
141 178
141 42
141 104
141 19
141 118
141 106
141 136
141 0
126 205
126 51
126 134
126 108
126 123
126 117
126 74
126 192
126 97
126 154
126 122
126 82
126 31
126 23
126 18
126 194
126 43
126 211
126 86
126 48
126 85
126 137
126 99
126 49
126 143
126 185
126 140
126 92
126 212
126 118
126 183
126 145
126 209
90 149
90 7
90 116
90 147
90 123
90 56
90 65
90 119
90 166
90 214
90 88
90 100
90 54
90 31
90 18
90 43
90 211
90 144
90 48
90 85
90 16
90 13
90 99
90 49
90 80
90 21
90 143
90 24
90 8
90 39
90 12
90 150
90 120
90 145
90 0
90 209
205 216
205 84
205 52
205 116
205 218
205 147
205 123
205 117
205 77
205 2
205 67
205 88
205 151
205 163
205 68
205 154
205 54
205 23
205 18
205 43
205 86
205 144
205 48
205 22
205 142
205 85
205 87
205 99
205 179
205 152
205 39
205 212
205 178
205 161
205 42
205 12
205 213
205 50
205 171
205 53
205 19
205 106
205 183
205 0
149 216
149 190
149 52
149 116
149 134
149 108
149 207
149 74
149 125
149 192
149 65
149 2
149 67
149 119
149 151
149 163
149 154
149 82
149 128
149 23
149 48
149 131
149 85
149 191
149 99
149 162
149 179
149 21
149 8
149 185
149 92
149 161
149 42
149 104
149 213
149 25
149 53
149 19
149 118
149 150
149 183
149 120
149 145
216 190
216 7
216 134
216 135
216 123
216 207
216 192
216 65
216 2
216 88
216 100
216 154
216 54
216 31
216 18
216 194
216 43
216 113
216 86
216 144
216 142
216 191
216 143
216 24
216 133
216 185
216 92
216 212
216 157
216 178
216 171
216 53
216 118
216 204
216 183
216 136
216 145
216 0
186 95
186 7
186 40
186 147
186 65
186 2
186 67
186 119
186 82
186 93
186 43
186 211
186 144
186 142
186 81
186 137
186 99
186 143
186 133
186 29
186 212
186 157
186 161
186 25
186 171
186 83
186 118
186 106
186 136
186 0
84 95
84 218
84 134
84 147
84 108
84 135
84 117
84 111
84 2
84 67
84 119
84 166
84 97
84 88
84 163
84 122
84 54
84 23
84 93
84 113
84 20
84 142
84 13
84 137
84 191
84 80
84 179
84 143
84 124
84 133
84 212
84 47
84 42
84 171
84 136
84 120
84 145
84 0
190 40
190 52
190 134
190 147
190 117
190 207
190 192
190 65
190 89
190 119
190 166
190 163
190 68
190 154
190 31
190 144
190 20
190 22
190 81
190 85
190 87
190 16
190 13
190 49
190 162
190 21
190 143
190 152
190 58
190 47
190 25
190 53
190 19
190 118
190 106
190 183
190 0
95 52
95 134
95 147
95 108
95 192
95 56
95 214
95 97
95 154
95 23
95 18
95 194
95 129
95 113
95 86
95 144
95 20
95 131
95 142
95 85
95 16
95 13
95 137
95 49
95 80
95 21
95 143
95 124
95 152
95 133
95 157
95 47
95 161
95 42
95 25
95 53
95 19
95 118
95 204
95 150
95 0
7 51
7 147
7 108
7 135
7 207
7 74
7 56
7 65
7 2
7 67
7 119
7 214
7 68
7 154
7 122
7 82
7 31
7 18
7 129
7 211
7 144
7 81
7 85
7 87
7 137
7 191
7 99
7 21
7 24
7 185
7 58
7 157
7 42
7 12
7 213
7 53
7 19
7 106
7 204
7 150
7 0
51 116
51 218
51 134
51 147
51 135
51 74
51 192
51 77
51 67
51 163
51 122
51 82
51 31
51 129
51 93
51 43
51 144
51 20
51 48
51 81
51 85
51 87
51 162
51 21
51 133
51 185
51 39
51 178
51 171
51 53
51 118
51 106
51 36
51 136
51 120
40 52
40 218
40 111
40 65
40 77
40 89
40 214
40 97
40 88
40 151
40 68
40 122
40 54
40 31
40 23
40 18
40 86
40 144
40 131
40 81
40 16
40 13
40 99
40 80
40 143
40 212
40 157
40 47
40 161
40 42
40 104
40 213
40 25
40 50
40 118
40 106
40 120
40 0
40 209
52 117
52 65
52 77
52 89
52 67
52 214
52 151
52 68
52 54
52 43
52 144
52 48
52 81
52 191
52 162
52 143
52 8
52 133
52 185
52 178
52 161
52 42
52 104
52 25
52 50
52 19
52 118
52 204
52 136
52 120
52 0
52 209
116 218
116 135
116 123
116 117
116 207
116 210
116 74
116 125
116 89
116 163
116 68
116 154
116 82
116 31
116 128
116 194
116 129
116 93
116 43
116 86
116 13
116 49
116 24
116 140
116 157
116 47
116 25
116 50
116 83
116 19
116 183
116 136
116 209
218 134
218 147
218 108
218 111
218 207
218 89
218 2
218 119
218 166
218 151
218 128
218 18
218 16
218 99
218 162
218 21
218 143
218 133
218 212
218 25
218 50
218 83
218 19
218 106
218 36
218 183
218 136
134 147
134 123
134 74
134 56
134 77
134 2
134 97
134 151
134 163
134 154
134 82
134 54
134 31
134 43
134 86
134 20
134 48
134 131
134 13
134 99
134 49
134 162
134 124
134 24
134 39
134 157
134 178
134 12
134 50
134 53
134 19
134 106
134 136
134 120
147 111
147 65
147 77
147 67
147 214
147 151
147 163
147 154
147 54
147 194
147 211
147 86
147 20
147 22
147 85
147 16
147 191
147 49
147 80
147 21
147 143
147 24
147 212
147 42
147 104
147 12
147 213
147 19
147 118
147 120
147 0
108 123
108 192
108 56
108 77
108 89
108 2
108 67
108 119
108 166
108 97
108 122
108 54
108 31
108 128
108 18
108 194
108 129
108 86
108 144
108 20
108 131
108 85
108 137
108 191
108 162
108 143
108 124
108 24
108 185
108 50
108 36
108 145
108 0
108 209
135 207
135 210
135 125
135 192
135 89
135 88
135 93
135 144
135 20
135 48
135 81
135 85
135 16
135 13
135 137
135 49
135 162
135 24
135 185
135 178
135 104
135 12
135 106
123 111
123 125
123 2
123 166
123 214
123 97
123 151
123 68
123 82
123 31
123 128
123 194
123 211
123 86
123 22
123 131
123 142
123 87
123 49
123 80
123 143
123 124
123 8
123 185
123 212
123 47
123 161
123 42
123 12
123 50
123 83
123 19
123 150
123 183
123 209
117 111
117 210
117 192
117 65
117 77
117 151
117 163
117 100
117 154
117 22
117 85
117 13
117 99
117 80
117 124
117 152
117 8
117 29
117 140
117 157
117 47
117 161
117 12
117 53
117 83
117 19
117 118
117 36
117 120
117 0
111 210
111 125
111 77
111 119
111 214
111 97
111 163
111 68
111 54
111 23
111 194
111 113
111 211
111 86
111 20
111 22
111 131
111 191
111 99
111 49
111 143
111 124
111 152
111 212
111 47
111 178
111 42
111 12
111 50
111 171
111 53
111 136
207 74
207 125
207 192
207 65
207 67
207 119
207 214
207 97
207 163
207 122
207 18
207 194
207 22
207 142
207 16
207 49
207 162
207 179
207 8
207 133
207 58
207 157
207 47
207 12
207 171
207 53
207 118
207 183
207 136
207 0
207 209
210 74
210 56
210 65
210 89
210 2
210 68
210 100
210 154
210 23
210 113
210 86
210 131
210 85
210 16
210 137
210 191
210 185
210 213
210 25
210 53
210 83
210 118
210 150
210 209
74 125
74 192
74 56
74 166
74 88
74 151
74 100
74 54
74 194
74 144
74 20
74 22
74 131
74 87
74 191
74 99
74 80
74 124
74 24
74 8
74 92
74 157
74 12
74 53
74 83
74 19
74 204
74 36
125 192
125 89
125 2
125 67
125 214
125 97
125 163
125 194
125 93
125 113
125 211
125 86
125 144
125 20
125 131
125 142
125 81
125 49
125 162
125 133
125 185
125 39
125 212
125 157
125 42
125 25
125 50
125 171
125 204
192 2
192 119
192 166
192 88
192 151
192 163
192 154
192 31
192 128
192 23
192 194
192 129
192 93
192 43
192 211
192 48
192 22
192 142
192 85
192 87
192 16
192 80
192 179
192 124
192 24
192 152
192 133
192 39
192 47
192 178
192 161
192 12
192 50
192 171
192 83
192 204
192 150
192 209
56 67
56 119
56 88
56 163
56 100
56 54
56 31
56 18
56 131
56 142
56 81
56 85
56 191
56 21
56 124
56 24
56 157
56 161
56 42
56 104
56 213
56 50
56 83
56 183
56 136
56 120
56 0
65 2
65 67
65 151
65 100
65 128
65 211
65 131
65 142
65 87
65 99
65 179
65 92
65 12
65 171
65 83
65 106
65 36
65 150
65 120
65 0
77 89
77 119
77 214
77 154
77 122
77 31
77 23
77 18
77 194
77 43
77 113
77 144
77 81
77 85
77 16
77 137
77 49
77 80
77 179
77 21
77 124
77 152
77 133
77 29
77 92
77 58
77 161
77 42
77 12
77 25
77 19
77 204
77 150
77 183
77 145
77 0
77 209
89 97
89 88
89 151
89 163
89 68
89 154
89 122
89 31
89 18
89 194
89 144
89 85
89 13
89 99
89 49
89 162
89 80
89 179
89 185
89 39
89 212
89 178
89 42
89 104
89 25
89 50
89 171
89 83
89 19
89 106
89 183
89 120
89 145
89 0
2 166
2 88
2 163
2 68
2 128
2 129
2 81
2 87
2 16
2 191
2 99
2 162
2 24
2 8
2 133
2 178
2 42
2 213
2 83
2 36
2 150
2 120
67 97
67 163
67 154
67 82
67 31
67 43
67 86
67 85
67 87
67 16
67 137
67 99
67 179
67 143
67 185
67 140
67 212
67 161
67 42
67 25
67 171
67 136
67 0
119 166
119 163
119 82
119 54
119 31
119 194
119 43
119 144
119 137
119 162
119 179
119 21
119 152
119 8
119 185
119 29
119 92
119 157
119 47
119 178
119 42
119 171
119 53
119 204
119 150
119 183
119 136
119 145
166 214
166 97
166 151
166 68
166 154
166 122
166 82
166 54
166 23
166 18
166 129
166 93
166 43
166 113
166 48
166 131
166 81
166 85
166 137
166 49
166 162
166 24
166 8
166 133
166 157
166 161
166 213
166 25
166 53
166 118
166 106
166 36
166 209
214 88
214 68
214 100
214 154
214 122
214 82
214 31
214 23
214 194
214 43
214 86
214 142
214 81
214 85
214 13
214 137
214 191
214 80
214 179
214 21
214 124
214 8
214 185
214 140
214 92
214 212
214 157
214 161
214 12
214 53
214 183
214 0
97 151
97 122
97 82
97 194
97 113
97 144
97 20
97 48
97 16
97 13
97 99
97 162
97 80
97 8
97 212
97 58
97 157
97 178
97 42
97 104
97 12
97 25
97 171
97 36
97 150
97 120
97 0
97 209
88 163
88 82
88 31
88 23
88 18
88 129
88 211
88 86
88 22
88 131
88 81
88 137
88 162
88 80
88 179
88 124
88 152
88 212
88 58
88 47
88 42
88 25
88 53
88 118
88 204
88 150
88 183
88 0
88 209
151 100
151 54
151 31
151 43
151 113
151 211
151 86
151 48
151 49
151 152
151 185
151 39
151 157
151 178
151 213
151 83
151 19
151 204
163 154
163 122
163 18
163 129
163 93
163 144
163 85
163 162
163 179
163 21
163 124
163 133
163 185
163 212
163 161
163 213
163 83
163 204
163 150
163 136
163 0
68 154
68 54
68 128
68 23
68 194
68 129
68 93
68 43
68 22
68 80
68 143
68 124
68 24
68 8
68 92
68 157
68 161
68 104
68 50
68 171
68 204
68 36
68 150
68 145
100 82
100 54
100 31
100 128
100 93
100 113
100 211
100 86
100 20
100 48
100 142
100 85
100 87
100 124
100 24
100 58
100 47
100 19
100 118
100 106
100 150
154 82
154 54
154 23
154 211
154 86
154 144
154 48
154 142
154 81
154 87
154 16
154 137
154 49
154 162
154 143
154 124
154 24
154 8
154 133
154 185
154 140
154 161
154 12
154 171
154 53
154 118
154 183
154 120
154 0
122 54
122 23
122 194
122 93
122 113
122 131
122 142
122 81
122 16
122 13
122 191
122 80
122 21
122 124
122 152
122 133
122 29
122 157
122 161
122 104
122 213
122 25
122 53
122 83
122 120
82 54
82 194
82 86
82 144
82 131
82 142
82 137
82 99
82 179
82 124
82 8
82 133
82 39
82 29
82 212
82 161
82 104
82 213
82 25
82 50
82 83
82 106
82 36
82 183
82 136
54 194
54 129
54 93
54 20
54 22
54 131
54 142
54 81
54 13
54 191
54 80
54 179
54 133
54 140
54 104
54 12
54 213
54 50
54 171
54 83
54 0
54 209
31 128
31 129
31 93
31 113
31 211
31 86
31 20
31 131
31 142
31 87
31 16
31 162
31 179
31 8
31 39
31 212
31 178
31 42
31 83
31 106
31 36
31 145
31 209
128 23
128 194
128 86
128 81
128 16
128 13
128 162
128 80
128 143
128 24
128 152
128 140
128 12
128 171
128 118
128 183
128 136
128 209
23 18
23 129
23 93
23 43
23 211
23 144
23 20
23 22
23 85
23 87
23 137
23 99
23 162
23 21
23 143
23 124
23 24
23 185
23 29
23 140
23 178
23 104
23 50
23 53
23 36
23 136
23 0
23 209
18 194
18 113
18 144
18 48
18 22
18 131
18 85
18 13
18 191
18 49
18 162
18 179
18 21
18 124
18 8
18 133
18 185
18 157
18 42
18 104
18 213
18 25
18 50
18 53
18 150
18 209
194 93
194 144
194 22
194 85
194 87
194 191
194 49
194 162
194 179
194 133
194 185
194 53
194 19
194 204
194 183
194 145
194 209
129 48
129 22
129 81
129 13
129 49
129 162
129 179
129 8
129 140
129 161
129 42
129 104
129 12
129 53
93 113
93 48
93 22
93 81
93 99
93 49
93 21
93 24
93 140
93 92
93 47
93 178
93 19
93 118
93 150
93 136
93 209
43 113
43 211
43 22
43 131
43 142
43 81
43 16
43 191
43 49
43 162
43 179
43 143
43 152
43 185
43 47
43 12
43 53
43 83
43 204
43 150
43 136
43 145
113 144
113 20
113 22
113 81
113 80
113 179
113 21
113 143
113 152
113 185
113 29
113 212
113 157
113 47
113 104
113 213
113 171
113 36
113 120
211 86
211 13
211 99
211 162
211 179
211 58
211 47
211 178
211 42
211 53
211 19
211 183
211 209
86 144
86 48
86 81
86 16
86 99
86 179
86 21
86 212
86 47
86 53
86 19
144 131
144 142
144 137
144 99
144 124
144 39
144 29
144 157
144 213
144 19
144 204
144 36
144 150
144 136
144 209
20 48
20 22
20 131
20 81
20 87
20 179
20 143
20 24
20 133
20 185
20 39
20 140
20 58
20 157
20 47
20 42
20 12
20 50
20 53
20 183
20 136
20 120
48 22
48 81
48 13
48 143
48 133
48 29
48 58
48 178
48 12
48 145
48 0
22 142
22 81
22 85
22 87
22 191
22 49
22 162
22 80
22 179
22 39
22 140
22 58
22 47
22 213
22 53
22 19
22 118
22 150
22 183
22 120
131 142
131 81
131 49
131 162
131 80
131 143
131 8
131 185
131 29
131 212
131 47
131 178
131 42
131 104
131 12
131 25
131 183
131 120
131 145
131 0
142 87
142 137
142 191
142 80
142 143
142 152
142 8
142 39
142 140
142 92
142 212
142 12
142 50
142 19
142 106
142 120
142 145
142 209
81 191
81 99
81 162
81 143
81 124
81 8
81 133
81 92
81 47
81 104
81 25
81 50
81 53
81 106
81 120
85 87
85 99
85 49
85 21
85 24
85 8
85 185
85 212
85 157
85 178
85 42
85 25
85 50
85 19
85 136
85 120
85 145
87 16
87 13
87 191
87 80
87 21
87 8
87 133
87 213
87 118
87 150
16 99
16 162
16 179
16 124
16 185
16 212
16 58
16 157
16 178
16 25
16 204
16 150
16 136
16 120
13 137
13 191
13 49
13 162
13 80
13 179
13 24
13 133
13 185
13 29
13 47
13 178
13 104
13 12
13 213
13 53
13 118
13 106
13 204
13 150
13 136
13 0
13 209
137 162
137 21
137 124
137 185
137 140
137 212
137 58
137 178
137 25
137 171
137 83
137 36
137 150
137 120
137 145
191 99
191 80
191 21
191 124
191 152
191 92
191 212
191 47
191 104
191 213
191 25
191 53
191 204
191 150
191 183
99 21
99 124
99 24
99 133
99 185
99 29
99 157
99 47
99 161
99 213
99 53
99 19
99 106
99 36
99 183
49 162
49 80
49 179
49 21
49 133
49 185
49 29
49 178
49 104
49 213
49 204
49 36
49 150
49 120
49 0
49 209
162 143
162 24
162 185
162 29
162 104
162 171
162 120
162 209
80 179
80 124
80 152
80 140
80 92
80 161
80 213
80 50
80 19
80 204
80 36
80 120
80 145
179 152
179 157
179 47
179 178
179 161
179 42
179 12
179 50
179 53
179 83
179 36
179 136
21 124
21 8
21 133
21 29
21 140
21 58
21 178
21 161
21 213
21 106
21 36
21 0
21 209
143 124
143 133
143 39
143 29
143 212
143 58
143 157
143 47
143 178
143 161
143 104
143 53
143 83
124 24
124 152
124 8
124 185
124 39
124 58
124 157
124 161
124 50
124 83
124 145
24 8
24 39
24 140
24 157
24 42
24 104
24 12
24 213
24 50
24 53
24 83
24 19
24 118
24 150
24 120
24 0
152 8
152 29
152 92
152 212
152 47
152 19
152 118
152 106
152 183
8 133
8 140
8 92
8 47
8 50
8 171
8 19
8 118
8 204
8 145
8 0
133 140
133 157
133 178
133 104
133 25
133 171
133 53
133 183
133 136
133 145
133 209
185 29
185 212
185 157
185 161
185 104
185 25
185 53
39 212
39 157
39 178
39 171
39 19
39 36
39 183
39 136
29 157
29 47
29 161
29 104
29 213
29 50
29 19
29 118
29 36
29 120
29 145
29 209
140 92
140 212
140 42
140 12
140 213
140 171
140 53
140 118
140 106
140 204
140 150
140 0
92 47
92 42
92 25
92 83
92 118
92 120
92 145
212 161
212 42
212 213
212 25
212 118
212 145
58 47
58 161
58 83
58 36
157 161
157 171
157 118
157 106
157 136
157 120
157 0
47 178
47 161
47 42
47 104
47 213
47 171
47 19
47 106
47 183
47 120
178 161
178 12
178 50
178 171
178 83
178 19
178 106
178 204
178 145
161 25
161 50
161 53
161 204
161 36
161 120
161 209
42 104
42 12
42 25
42 50
42 171
42 53
42 83
42 150
42 0
104 12
104 213
104 25
104 150
104 136
104 209
12 213
12 25
12 171
12 36
12 150
12 136
213 50
213 171
213 53
213 83
213 106
213 136
213 145
213 0
213 209
25 53
25 118
25 36
25 136
25 145
25 209
50 118
50 120
50 209
171 53
171 106
53 83
53 19
53 0
83 150
83 120
83 209
19 204
118 204
118 136
118 145
118 0
106 204
106 36
106 150
106 136
106 145
204 150
204 136
204 145
204 209
150 0
150 209
183 136
183 0
136 0
136 209
120 145
0 209
