*verties 210
177
75
111
60
151
24
35
179
45
122
160
39
91
161
113
73
119
115
2
5
187
201
196
3
206
167
138
147
156
65
121
211
136
64
46
197
41
218
106
4
68
47
61
185
142
120
157
203
22
190
173
20
208
200
103
123
165
58
195
49
87
216
144
159
199
23
74
155
104
169
50
194
37
109
193
150
172
27
86
107
131
98
83
43
95
84
34
166
96
129
174
110
48
210
28
214
126
97
125
127
21
202
53
78
70
92
1
176
94
183
72
63
8
77
80
105
54
117
85
99
188
192
7
124
181
40
204
154
100
10
51
112
132
42
170
59
15
67
152
139
44
213
163
198
175
184
55
57
19
9
18
134
143
164
215
171
140
25
29
116
153
52
135
101
186
207
209
66
14
108
205
148
102
13
114
32
189
38
149
168
133
88
0
212
145
69
217
56
191
180
182
141
6
31
36
62
30
79
12
118
16
90
93
26
128
178
82
137
158
17
*edges 
177 75
177 111
177 60
177 151
177 24
177 35
177 122
177 161
177 113
177 73
177 201
177 196
177 121
177 197
177 120
177 157
177 58
177 49
177 87
177 216
177 199
177 169
177 37
177 109
177 193
177 27
177 86
177 131
177 83
177 95
177 34
177 166
177 96
177 129
177 174
177 110
177 125
177 127
177 21
177 202
177 53
177 78
177 70
177 176
177 94
177 63
177 105
177 117
177 85
177 99
177 188
177 7
177 181
177 204
177 154
177 100
177 59
177 67
177 152
177 213
177 175
177 55
177 18
177 171
177 52
177 135
177 186
177 207
177 66
177 108
177 205
177 32
177 189
177 38
177 133
177 0
177 145
177 56
177 191
177 182
177 6
177 31
177 36
177 62
177 30
177 79
177 118
177 178
177 82
177 17
75 151
75 35
75 45
75 122
75 2
75 5
75 196
75 3
75 206
75 138
75 121
75 211
75 136
75 46
75 197
75 4
75 47
75 142
75 120
75 203
75 173
75 20
75 208
75 103
75 58
75 195
75 159
75 199
75 23
75 155
75 104
75 169
75 50
75 150
75 86
75 107
75 98
75 83
75 43
75 95
75 84
75 34
75 97
75 202
75 53
75 94
75 183
75 72
75 63
75 77
75 80
75 105
75 54
75 99
75 188
75 192
75 7
75 124
75 181
75 40
75 100
75 10
75 112
75 132
75 42
75 170
75 67
75 152
75 213
75 163
75 198
75 175
75 55
75 19
75 9
75 18
75 116
75 153
75 52
75 101
75 186
75 209
75 148
75 13
75 88
75 212
75 69
75 217
75 191
75 180
75 182
75 6
75 31
75 36
75 62
75 30
75 118
75 90
75 93
75 128
75 82
75 137
75 158
111 24
111 45
111 122
111 160
111 39
111 161
111 113
111 5
111 196
111 3
111 167
111 138
111 147
111 156
111 136
111 41
111 4
111 22
111 173
111 208
111 195
111 216
111 144
111 159
111 23
111 74
111 155
111 169
111 50
111 109
111 172
111 27
111 84
111 34
111 110
111 48
111 210
111 28
111 214
111 126
111 125
111 202
111 53
111 78
111 70
111 92
111 176
111 183
111 72
111 63
111 80
111 105
111 54
111 117
111 192
111 7
111 181
111 40
111 204
111 112
111 132
111 170
111 152
111 213
111 163
111 175
111 184
111 55
111 57
111 18
111 140
111 52
111 135
111 209
111 14
111 102
111 32
111 38
111 168
111 69
111 217
111 191
111 182
111 36
111 30
111 79
111 90
111 137
111 158
60 45
60 160
60 39
60 91
60 161
60 73
60 119
60 2
60 187
60 201
60 196
60 3
60 138
60 156
60 121
60 136
60 197
60 41
60 106
60 68
60 120
60 190
60 20
60 200
60 123
60 165
60 58
60 195
60 49
60 87
60 159
60 199
60 23
60 74
60 104
60 169
60 109
60 193
60 172
60 27
60 86
60 131
60 83
60 84
60 166
60 96
60 129
60 174
60 110
60 48
60 126
60 127
60 21
60 78
60 70
60 92
60 1
60 176
60 80
60 192
60 7
60 181
60 40
60 154
60 100
60 51
60 132
60 42
60 170
60 59
60 67
60 139
60 163
60 175
60 184
60 55
60 19
60 134
60 164
60 215
60 29
60 52
60 135
60 101
60 209
60 66
60 205
60 148
60 102
60 13
60 114
60 88
60 0
60 145
60 217
60 56
60 191
60 36
60 62
60 12
60 118
60 90
151 24
151 179
151 122
151 160
151 91
151 73
151 119
151 2
151 201
151 196
151 206
151 138
151 147
151 156
151 121
151 136
151 46
151 197
151 218
151 120
151 22
151 20
151 208
151 200
151 58
151 195
151 87
151 199
151 23
151 155
151 104
151 37
151 193
151 150
151 107
151 131
151 83
151 43
151 84
151 34
151 166
151 96
151 110
151 48
151 210
151 214
151 126
151 125
151 70
151 92
151 1
151 176
151 183
151 80
151 105
151 54
151 192
151 7
151 124
151 40
151 204
151 100
151 10
151 42
151 170
151 139
151 44
151 213
151 163
151 184
151 143
151 215
151 140
151 116
151 153
151 135
151 209
151 66
151 14
151 148
151 32
151 149
151 168
151 88
151 0
151 212
151 69
151 56
151 191
151 180
151 182
151 141
151 30
151 79
151 118
151 90
151 93
151 82
151 137
151 17
24 35
24 45
24 91
24 113
24 73
24 119
24 115
24 187
24 201
24 206
24 65
24 121
24 136
24 64
24 46
24 197
24 218
24 106
24 4
24 68
24 142
24 157
24 208
24 200
24 123
24 58
24 49
24 216
24 144
24 159
24 199
24 74
24 155
24 169
24 109
24 193
24 172
24 27
24 107
24 43
24 174
24 48
24 214
24 94
24 183
24 72
24 63
24 85
24 99
24 124
24 181
24 100
24 51
24 42
24 170
24 67
24 152
24 163
24 175
24 55
24 57
24 18
24 134
24 164
24 215
24 171
24 29
24 135
24 101
24 186
24 207
24 66
24 14
24 205
24 102
24 13
24 38
24 168
24 133
24 88
24 212
24 217
24 56
24 141
24 6
24 31
24 36
24 62
24 79
24 12
24 118
24 16
24 93
24 128
24 178
24 158
35 179
35 122
35 160
35 39
35 91
35 113
35 119
35 115
35 201
35 138
35 147
35 65
35 46
35 41
35 4
35 68
35 47
35 185
35 142
35 120
35 157
35 190
35 208
35 123
35 49
35 87
35 159
35 199
35 74
35 169
35 50
35 193
35 150
35 27
35 86
35 131
35 98
35 43
35 84
35 34
35 166
35 129
35 110
35 48
35 210
35 214
35 126
35 125
35 21
35 202
35 53
35 70
35 176
35 94
35 183
35 72
35 63
35 77
35 105
35 99
35 188
35 124
35 154
35 100
35 51
35 132
35 42
35 59
35 15
35 139
35 213
35 198
35 57
35 19
35 134
35 171
35 140
35 135
35 186
35 209
35 66
35 102
35 13
35 38
35 149
35 168
35 133
35 88
35 212
35 145
35 69
35 217
35 6
35 12
35 118
35 93
35 178
35 82
35 158
179 45
179 161
179 187
179 196
179 138
179 147
179 156
179 65
179 211
179 136
179 218
179 4
179 47
179 185
179 142
179 120
179 203
179 20
179 208
179 200
179 123
179 165
179 58
179 195
179 199
179 74
179 104
179 169
179 50
179 193
179 27
179 86
179 107
179 131
179 83
179 43
179 95
179 84
179 34
179 174
179 110
179 48
179 210
179 126
179 97
179 127
179 53
179 1
179 94
179 183
179 72
179 63
179 8
179 77
179 54
179 99
179 188
179 192
179 7
179 40
179 154
179 10
179 51
179 42
179 15
179 139
179 44
179 163
179 55
179 19
179 18
179 134
179 143
179 215
179 116
179 153
179 52
179 135
179 101
179 207
179 209
179 66
179 14
179 148
179 13
179 32
179 133
179 88
179 0
179 212
179 145
179 56
179 191
179 62
179 30
179 12
179 118
179 16
179 90
179 26
179 128
45 122
45 160
45 39
45 161
45 113
45 73
45 119
45 115
45 2
45 196
45 3
45 147
45 156
45 65
45 121
45 136
45 41
45 218
45 47
45 185
45 120
45 190
45 20
45 165
45 58
45 195
45 199
45 74
45 155
45 104
45 50
45 109
45 172
45 27
45 86
45 83
45 43
45 84
45 129
45 174
45 110
45 48
45 97
45 127
45 21
45 53
45 70
45 176
45 183
45 63
45 8
45 77
45 54
45 99
45 192
45 7
45 181
45 154
45 100
45 112
45 132
45 170
45 67
45 152
45 139
45 175
45 55
45 9
45 18
45 134
45 143
45 164
45 215
45 171
45 25
45 29
45 153
45 135
45 101
45 186
45 207
45 14
45 205
45 148
45 102
45 168
45 88
45 0
45 145
45 69
45 180
45 182
45 36
45 30
45 79
45 12
45 16
45 90
45 178
45 82
45 158
45 17
122 160
122 91
122 161
122 113
122 115
122 2
122 196
122 167
122 138
122 147
122 65
122 121
122 211
122 136
122 64
122 46
122 41
122 106
122 4
122 61
122 185
122 120
122 22
122 190
122 20
122 200
122 103
122 123
122 165
122 58
122 195
122 87
122 199
122 74
122 104
122 50
122 194
122 37
122 109
122 193
122 27
122 83
122 84
122 34
122 166
122 96
122 129
122 174
122 126
122 97
122 125
122 21
122 53
122 70
122 1
122 176
122 94
122 183
122 72
122 63
122 105
122 54
122 85
122 99
122 7
122 181
122 204
122 100
122 10
122 112
122 132
122 42
122 170
122 152
122 139
122 44
122 175
122 184
122 18
122 134
122 143
122 164
122 215
122 25
122 116
122 52
122 135
122 101
122 209
122 14
122 108
122 205
122 102
122 114
122 38
122 149
122 168
122 0
122 145
122 56
122 182
122 141
122 31
122 62
122 90
122 93
122 26
122 128
122 178
122 137
122 158
122 17
160 39
160 161
160 2
160 5
160 201
160 196
160 3
160 206
160 167
160 147
160 65
160 121
160 136
160 46
160 197
160 218
160 47
160 61
160 185
160 142
160 22
160 20
160 208
160 200
160 103
160 58
160 195
160 87
160 23
160 74
160 194
160 37
160 193
160 27
160 86
160 107
160 98
160 95
160 84
160 48
160 210
160 28
160 126
160 97
160 127
160 78
160 70
160 92
160 1
160 176
160 183
160 77
160 80
160 105
160 54
160 117
160 192
160 124
160 181
160 40
160 154
160 100
160 51
160 112
160 132
160 170
160 15
160 67
160 152
160 44
160 213
160 198
160 175
160 55
160 19
160 134
160 143
160 215
160 171
160 140
160 116
160 153
160 52
160 135
160 101
160 186
160 207
160 209
160 14
160 108
160 205
160 102
160 13
160 114
160 149
160 133
160 88
160 0
160 145
160 217
160 56
160 180
160 182
160 6
160 79
160 118
160 16
160 93
160 128
160 137
160 17
39 161
39 113
39 119
39 115
39 2
39 187
39 201
39 196
39 3
39 167
39 147
39 156
39 65
39 211
39 64
39 46
39 218
39 61
39 185
39 120
39 157
39 203
39 22
39 173
39 208
39 200
39 103
39 165
39 195
39 87
39 216
39 144
39 159
39 23
39 74
39 155
39 104
39 37
39 109
39 107
39 43
39 95
39 84
39 34
39 166
39 129
39 48
39 126
39 97
39 125
39 127
39 202
39 53
39 78
39 70
39 92
39 1
39 94
39 183
39 8
39 77
39 80
39 105
39 188
39 124
39 112
39 132
39 139
39 44
39 213
39 163
39 198
39 19
39 18
39 134
39 164
39 171
39 25
39 29
39 101
39 186
39 14
39 114
39 38
39 88
39 69
39 217
39 180
39 141
39 36
39 90
39 26
39 128
39 137
39 158
91 73
91 187
91 201
91 3
91 167
91 138
91 147
91 156
91 65
91 121
91 46
91 197
91 41
91 218
91 106
91 4
91 68
91 173
91 208
91 103
91 58
91 49
91 87
91 216
91 144
91 159
91 199
91 23
91 74
91 104
91 169
91 50
91 194
91 109
91 193
91 150
91 86
91 107
91 131
91 98
91 43
91 95
91 84
91 34
91 166
91 110
91 48
91 28
91 214
91 126
91 97
91 125
91 21
91 202
91 78
91 70
91 92
91 176
91 63
91 85
91 99
91 7
91 124
91 40
91 204
91 154
91 100
91 51
91 132
91 59
91 15
91 67
91 139
91 44
91 213
91 163
91 198
91 175
91 184
91 55
91 57
91 9
91 134
91 164
91 215
91 140
91 25
91 29
91 153
91 101
91 209
91 14
91 108
91 148
91 13
91 32
91 189
91 0
91 212
91 69
91 217
91 180
91 182
91 6
91 36
91 62
91 79
91 12
91 118
91 16
91 93
91 128
91 137
91 158
91 17
161 73
161 119
161 115
161 5
161 187
161 206
161 167
161 147
161 156
161 121
161 211
161 136
161 41
161 218
161 106
161 68
161 47
161 61
161 142
161 120
161 157
161 203
161 190
161 173
161 20
161 195
161 49
161 87
161 23
161 74
161 169
161 194
161 109
161 172
161 27
161 98
161 83
161 84
161 166
161 96
161 174
161 48
161 210
161 28
161 97
161 125
161 127
161 202
161 78
161 92
161 105
161 117
161 192
161 7
161 10
161 112
161 132
161 42
161 15
161 139
161 44
161 163
161 198
161 184
161 19
161 18
161 143
161 171
161 140
161 29
161 116
161 153
161 135
161 101
161 209
161 108
161 148
161 13
161 114
161 189
161 168
161 88
161 0
161 217
161 182
161 6
161 31
161 36
161 79
161 118
161 16
161 26
161 82
161 137
161 158
113 115
113 5
113 201
113 156
113 65
113 121
113 136
113 46
113 197
113 41
113 106
113 68
113 61
113 120
113 157
113 208
113 123
113 195
113 144
113 159
113 74
113 169
113 50
113 150
113 86
113 107
113 98
113 43
113 95
113 34
113 166
113 96
113 129
113 28
113 214
113 125
113 127
113 53
113 70
113 1
113 176
113 63
113 8
113 77
113 80
113 54
113 117
113 85
113 99
113 192
113 124
113 40
113 204
113 154
113 100
113 42
113 59
113 15
113 152
113 139
113 44
113 213
113 198
113 175
113 184
113 57
113 19
113 9
113 18
113 143
113 164
113 171
113 140
113 25
113 29
113 153
113 52
113 135
113 101
113 186
113 209
113 66
113 14
113 108
113 205
113 102
113 13
113 114
113 32
113 38
113 88
113 0
113 69
113 217
113 56
113 141
113 36
113 62
113 30
113 79
113 12
113 16
113 93
113 128
113 178
113 82
113 17
73 115
73 5
73 201
73 3
73 206
73 167
73 147
73 65
73 136
73 64
73 197
73 106
73 4
73 61
73 185
73 120
73 203
73 200
73 216
73 144
73 159
73 155
73 37
73 27
73 98
73 43
73 84
73 214
73 127
73 202
73 53
73 78
73 92
73 183
73 8
73 77
73 54
73 99
73 192
73 124
73 181
73 40
73 154
73 100
73 51
73 112
73 132
73 59
73 15
73 152
73 139
73 44
73 55
73 57
73 18
73 171
73 29
73 153
73 101
73 207
73 209
73 108
73 205
73 114
73 189
73 149
73 212
73 191
73 182
73 141
73 6
73 31
73 36
73 118
73 16
73 26
119 115
119 5
119 187
119 201
119 147
119 121
119 136
119 197
119 218
119 106
119 47
119 185
119 142
119 120
119 190
119 20
119 208
119 200
119 103
119 123
119 165
119 58
119 195
119 199
119 23
119 155
119 104
119 50
119 37
119 109
119 193
119 150
119 172
119 27
119 86
119 107
119 98
119 84
119 166
119 110
119 48
119 210
119 28
119 127
119 92
119 94
119 183
119 72
119 80
119 54
119 85
119 181
119 154
119 100
119 170
119 59
119 139
119 44
119 213
119 198
119 175
119 184
119 57
119 19
119 9
119 134
119 143
119 215
119 140
119 25
119 29
119 153
119 52
119 135
119 101
119 186
119 14
119 108
119 205
119 148
119 13
119 32
119 189
119 149
119 168
119 145
119 56
119 191
119 180
119 6
119 62
119 12
119 118
119 93
119 128
119 178
119 137
115 5
115 187
115 138
115 65
115 121
115 211
115 136
115 197
115 41
115 218
115 4
115 47
115 61
115 185
115 120
115 203
115 22
115 190
115 200
115 123
115 165
115 74
115 155
115 104
115 37
115 109
115 83
115 43
115 95
115 84
115 34
115 166
115 96
115 110
115 48
115 127
115 53
115 78
115 1
115 94
115 183
115 63
115 77
115 80
115 54
115 117
115 85
115 124
115 154
115 100
115 10
115 51
115 112
115 152
115 139
115 44
115 213
115 163
115 57
115 18
115 164
115 171
115 140
115 29
115 116
115 52
115 101
115 186
115 207
115 209
115 66
115 14
115 108
115 205
115 13
115 114
115 38
115 149
115 133
115 0
115 212
115 69
115 56
115 191
115 182
115 31
115 36
115 62
115 30
115 79
115 12
115 128
115 82
115 137
115 17
2 5
2 187
2 196
2 206
2 138
2 156
2 65
2 121
2 46
2 218
2 106
2 47
2 142
2 157
2 190
2 20
2 165
2 58
2 49
2 216
2 144
2 159
2 23
2 169
2 50
2 193
2 172
2 86
2 131
2 98
2 83
2 95
2 84
2 96
2 174
2 48
2 210
2 28
2 214
2 97
2 21
2 78
2 70
2 176
2 94
2 72
2 8
2 77
2 105
2 85
2 99
2 188
2 192
2 7
2 204
2 100
2 10
2 51
2 42
2 152
2 44
2 198
2 184
2 55
2 9
2 143
2 215
2 171
2 140
2 25
2 116
2 153
2 135
2 101
2 186
2 66
2 14
2 205
2 148
2 102
2 13
2 114
2 32
2 149
2 88
2 212
2 69
2 56
2 191
2 180
2 141
2 30
2 79
2 118
2 16
2 26
2 128
2 82
2 137
2 158
5 196
5 3
5 167
5 65
5 121
5 211
5 46
5 41
5 4
5 47
5 61
5 120
5 22
5 190
5 208
5 200
5 165
5 58
5 216
5 159
5 199
5 23
5 74
5 155
5 104
5 50
5 194
5 37
5 150
5 172
5 98
5 83
5 43
5 84
5 34
5 166
5 129
5 48
5 210
5 126
5 97
5 202
5 53
5 70
5 92
5 183
5 63
5 8
5 77
5 105
5 117
5 85
5 188
5 192
5 7
5 124
5 40
5 59
5 15
5 152
5 163
5 55
5 57
5 19
5 18
5 186
5 207
5 209
5 66
5 14
5 108
5 205
5 13
5 114
5 149
5 168
5 88
5 56
5 191
5 62
5 30
5 118
5 16
5 26
5 178
5 137
5 17
187 201
187 3
187 206
187 167
187 147
187 121
187 211
187 136
187 64
187 218
187 106
187 4
187 68
187 47
187 61
187 142
187 203
187 190
187 20
187 208
187 200
187 49
187 159
187 199
187 74
187 104
187 169
187 194
187 37
187 193
187 107
187 43
187 34
187 129
187 110
187 28
187 126
187 97
187 125
187 202
187 70
187 92
187 1
187 94
187 183
187 8
187 80
187 105
187 54
187 188
187 192
187 7
187 124
187 40
187 154
187 10
187 51
187 59
187 15
187 67
187 152
187 139
187 44
187 163
187 55
187 57
187 19
187 134
187 143
187 215
187 171
187 29
187 116
187 153
187 207
187 209
187 14
187 205
187 13
187 114
187 149
187 168
187 88
187 217
187 191
187 182
187 12
187 16
187 90
187 93
201 167
201 65
201 121
201 211
201 136
201 64
201 218
201 4
201 68
201 61
201 142
201 120
201 157
201 190
201 216
201 144
201 159
201 199
201 74
201 155
201 104
201 169
201 194
201 150
201 172
201 27
201 86
201 107
201 131
201 83
201 95
201 84
201 48
201 210
201 214
201 21
201 53
201 92
201 176
201 63
201 77
201 80
201 54
201 85
201 188
201 7
201 10
201 132
201 15
201 152
201 44
201 213
201 198
201 175
201 184
201 55
201 18
201 143
201 171
201 140
201 25
201 29
201 52
201 205
201 148
201 114
201 189
201 88
201 0
201 212
201 69
201 217
201 191
201 182
201 141
201 31
201 36
201 79
201 12
201 118
201 16
201 128
201 158
196 3
196 167
196 121
196 46
196 197
196 41
196 106
196 47
196 61
196 120
196 22
196 208
196 103
196 195
196 49
196 87
196 216
196 159
196 23
196 50
196 109
196 193
196 172
196 27
196 86
196 107
196 98
196 43
196 34
196 166
196 96
196 174
196 110
196 48
196 210
196 28
196 214
196 97
196 125
196 127
196 202
196 78
196 92
196 1
196 183
196 72
196 63
196 8
196 77
196 54
196 117
196 85
196 188
196 192
196 124
196 40
196 204
196 154
196 10
196 112
196 170
196 67
196 139
196 213
196 163
196 198
196 55
196 9
196 134
196 164
196 171
196 140
196 29
196 153
196 52
196 186
196 207
196 14
196 108
196 205
196 148
196 189
196 168
196 133
196 145
196 69
196 56
196 191
196 141
196 6
196 31
196 36
196 62
196 16
196 90
196 26
196 178
196 82
3 206
3 167
3 138
3 156
3 65
3 121
3 211
3 136
3 64
3 41
3 218
3 106
3 4
3 68
3 61
3 185
3 142
3 120
3 157
3 203
3 22
3 190
3 208
3 103
3 123
3 165
3 195
3 159
3 199
3 194
3 109
3 150
3 172
3 27
3 86
3 83
3 43
3 95
3 84
3 34
3 96
3 129
3 48
3 214
3 126
3 21
3 70
3 176
3 94
3 183
3 72
3 63
3 77
3 54
3 117
3 188
3 7
3 181
3 40
3 100
3 10
3 51
3 112
3 132
3 152
3 44
3 57
3 19
3 18
3 143
3 171
3 153
3 135
3 207
3 209
3 14
3 108
3 205
3 148
3 13
3 32
3 149
3 133
3 88
3 212
3 69
3 217
3 191
3 6
3 31
3 12
3 118
3 16
3 26
3 178
3 82
3 158
206 167
206 211
206 136
206 64
206 46
206 197
206 41
206 106
206 4
206 68
206 47
206 61
206 185
206 190
206 173
206 20
206 103
206 123
206 87
206 144
206 199
206 23
206 155
206 50
206 194
206 37
206 193
206 150
206 172
206 27
206 86
206 131
206 98
206 83
206 96
206 129
206 174
206 48
206 210
206 28
206 97
206 21
206 202
206 53
206 78
206 92
206 85
206 99
206 188
206 192
206 124
206 181
206 100
206 132
206 42
206 170
206 152
206 44
206 163
206 175
206 184
206 55
206 18
206 143
206 164
206 215
206 140
206 116
206 153
206 209
206 66
206 14
206 148
206 114
206 32
206 38
206 149
206 0
206 212
206 56
206 62
206 118
206 90
206 93
206 178
206 82
206 137
206 17
167 138
167 156
167 65
167 136
167 46
167 106
167 4
167 68
167 47
167 185
167 142
167 203
167 22
167 190
167 208
167 103
167 58
167 195
167 49
167 87
167 144
167 23
167 74
167 155
167 104
167 169
167 37
167 27
167 131
167 83
167 95
167 166
167 174
167 110
167 48
167 210
167 127
167 202
167 53
167 78
167 1
167 72
167 63
167 8
167 80
167 105
167 117
167 99
167 7
167 124
167 204
167 10
167 51
167 112
167 132
167 44
167 198
167 175
167 143
167 164
167 25
167 29
167 135
167 101
167 207
167 66
167 205
167 13
167 114
167 32
167 149
167 168
167 133
167 56
167 180
167 182
167 141
167 6
167 31
167 36
167 62
167 30
167 79
167 12
167 118
167 16
167 90
167 93
167 128
167 178
167 82
167 137
138 147
138 136
138 41
138 106
138 4
138 68
138 47
138 185
138 157
138 22
138 190
138 173
138 200
138 103
138 165
138 58
138 195
138 49
138 87
138 23
138 104
138 50
138 172
138 27
138 86
138 83
138 43
138 84
138 166
138 129
138 174
138 110
138 28
138 214
138 97
138 21
138 202
138 92
138 176
138 183
138 72
138 77
138 80
138 105
138 54
138 85
138 99
138 188
138 124
138 181
138 40
138 204
138 154
138 51
138 132
138 42
138 15
138 152
138 44
138 163
138 198
138 57
138 19
138 9
138 18
138 134
138 215
138 171
138 140
138 153
138 52
138 186
138 207
138 209
138 66
138 148
138 102
138 114
138 32
138 189
138 133
138 88
138 56
138 191
138 180
138 6
138 31
138 30
138 12
138 90
138 178
138 82
138 137
138 158
138 17
147 156
147 121
147 64
147 46
147 197
147 218
147 106
147 68
147 120
147 22
147 208
147 103
147 165
147 58
147 195
147 216
147 144
147 159
147 104
147 50
147 194
147 109
147 193
147 150
147 107
147 131
147 98
147 43
147 95
147 84
147 166
147 96
147 129
147 110
147 48
147 210
147 126
147 127
147 21
147 53
147 92
147 94
147 183
147 72
147 77
147 80
147 117
147 188
147 7
147 124
147 181
147 40
147 42
147 67
147 152
147 44
147 163
147 198
147 184
147 19
147 9
147 18
147 164
147 140
147 25
147 116
147 135
147 186
147 207
147 66
147 14
147 108
147 205
147 148
147 32
147 38
147 0
147 145
147 217
147 180
147 31
147 36
147 79
147 118
147 16
147 26
147 128
147 178
147 158
156 65
156 46
156 41
156 218
156 106
156 4
156 68
156 120
156 203
156 173
156 20
156 200
156 103
156 123
156 195
156 87
156 216
156 155
156 104
156 50
156 193
156 150
156 27
156 86
156 107
156 98
156 95
156 129
156 48
156 28
156 97
156 125
156 127
156 202
156 53
156 1
156 176
156 94
156 63
156 105
156 54
156 117
156 85
156 192
156 7
156 124
156 204
156 154
156 51
156 170
156 44
156 163
156 175
156 184
156 19
156 9
156 18
156 143
156 215
156 140
156 29
156 52
156 135
156 186
156 209
156 205
156 102
156 114
156 189
156 149
156 212
156 145
156 56
156 191
156 180
156 182
156 141
156 36
156 62
156 79
156 12
156 26
156 178
156 137
156 158
156 17
65 121
65 46
65 218
65 106
65 4
65 68
65 61
65 185
65 120
65 157
65 58
65 87
65 216
65 144
65 199
65 23
65 155
65 50
65 194
65 37
65 109
65 193
65 150
65 107
65 131
65 98
65 83
65 129
65 174
65 110
65 210
65 28
65 214
65 97
65 125
65 127
65 21
65 202
65 53
65 78
65 92
65 176
65 72
65 63
65 77
65 105
65 54
65 85
65 188
65 192
65 7
65 124
65 181
65 40
65 204
65 154
65 42
65 59
65 44
65 213
65 163
65 175
65 55
65 9
65 215
65 25
65 29
65 116
65 135
65 101
65 14
65 108
65 148
65 102
65 189
65 212
65 56
65 191
65 180
65 182
65 141
65 6
65 31
65 62
65 79
65 12
65 118
65 16
65 93
65 26
65 178
65 17
121 211
121 64
121 197
121 4
121 68
121 142
121 157
121 22
121 173
121 20
121 208
121 49
121 87
121 159
121 199
121 23
121 74
121 155
121 169
121 194
121 37
121 150
121 98
121 83
121 43
121 84
121 174
121 210
121 28
121 97
121 125
121 127
121 202
121 70
121 92
121 1
121 72
121 8
121 80
121 117
121 188
121 40
121 154
121 100
121 112
121 42
121 170
121 44
121 163
121 198
121 175
121 184
121 55
121 9
121 18
121 134
121 143
121 215
121 140
121 25
121 29
121 186
121 207
121 14
121 205
121 102
121 114
121 189
121 38
121 168
121 133
121 0
121 145
121 217
121 56
121 182
121 141
121 6
121 36
121 62
121 26
121 178
121 82
121 137
121 17
211 136
211 46
211 218
211 106
211 47
211 61
211 157
211 190
211 200
211 103
211 123
211 165
211 87
211 23
211 155
211 104
211 169
211 50
211 37
211 172
211 27
211 107
211 131
211 83
211 95
211 84
211 166
211 129
211 110
211 48
211 125
211 127
211 202
211 53
211 78
211 70
211 92
211 1
211 94
211 77
211 80
211 105
211 188
211 7
211 124
211 181
211 40
211 154
211 112
211 67
211 139
211 213
211 55
211 57
211 25
211 29
211 52
211 186
211 209
211 66
211 108
211 102
211 13
211 114
211 32
211 189
211 38
211 168
211 88
211 0
211 145
211 69
211 56
211 182
211 6
211 31
211 62
211 16
211 90
211 128
211 178
211 137
136 64
136 106
136 4
136 68
136 61
136 142
136 120
136 157
136 190
136 20
136 165
136 58
136 49
136 87
136 216
136 159
136 199
136 74
136 104
136 194
136 37
136 193
136 172
136 107
136 131
136 83
136 43
136 95
136 34
136 110
136 48
136 210
136 28
136 126
136 97
136 125
136 202
136 53
136 78
136 92
136 1
136 176
136 72
136 8
136 77
136 105
136 85
136 99
136 188
136 192
136 7
136 204
136 154
136 100
136 67
136 152
136 139
136 213
136 163
136 198
136 55
136 57
136 9
136 18
136 134
136 215
136 171
136 135
136 209
136 14
136 148
136 13
136 114
136 32
136 189
136 38
136 88
136 0
136 69
136 191
136 182
136 141
136 6
136 36
136 79
136 12
136 90
136 178
136 82
136 137
136 17
64 197
64 41
64 106
64 4
64 61
64 185
64 142
64 120
64 208
64 49
64 159
64 23
64 74
64 155
64 104
64 50
64 37
64 150
64 27
64 86
64 98
64 43
64 95
64 129
64 110
64 48
64 210
64 214
64 97
64 125
64 127
64 70
64 92
64 183
64 63
64 77
64 54
64 99
64 188
64 192
64 7
64 124
64 204
64 100
64 51
64 42
64 170
64 15
64 139
64 213
64 163
64 55
64 9
64 18
64 143
64 215
64 29
64 116
64 153
64 52
64 135
64 101
64 209
64 66
64 14
64 108
64 205
64 148
64 102
64 13
64 114
64 149
64 168
64 212
64 145
64 69
64 217
64 191
64 180
64 182
64 6
64 31
64 36
64 62
64 118
64 16
64 128
46 197
46 106
46 4
46 68
46 61
46 185
46 142
46 20
46 208
46 49
46 144
46 199
46 74
46 104
46 169
46 50
46 194
46 109
46 193
46 150
46 27
46 86
46 131
46 34
46 166
46 96
46 110
46 210
46 28
46 214
46 126
46 97
46 125
46 127
46 21
46 202
46 53
46 78
46 94
46 63
46 8
46 77
46 105
46 54
46 117
46 99
46 51
46 112
46 170
46 59
46 67
46 152
46 139
46 44
46 213
46 55
46 57
46 19
46 18
46 134
46 29
46 153
46 52
46 101
46 207
46 209
46 66
46 108
46 148
46 114
46 38
46 133
46 88
46 0
46 212
46 145
46 69
46 56
46 180
46 141
46 6
46 36
46 30
46 79
46 12
46 90
46 26
46 128
46 178
46 137
46 158
46 17
197 41
197 68
197 61
197 185
197 142
197 157
197 22
197 190
197 173
197 208
197 200
197 87
197 199
197 74
197 155
197 104
197 37
197 193
197 172
197 27
197 86
197 107
197 131
197 43
197 95
197 166
197 96
197 174
197 28
197 97
197 127
197 21
197 202
197 70
197 1
197 94
197 183
197 72
197 8
197 77
197 54
197 85
197 7
197 181
197 100
197 112
197 42
197 15
197 163
197 184
197 55
197 57
197 9
197 134
197 143
197 29
197 52
197 186
197 207
197 66
197 14
197 148
197 13
197 114
197 32
197 38
197 149
197 133
197 212
197 69
197 217
197 191
197 182
197 141
197 6
197 62
197 12
197 16
197 93
197 26
197 128
197 178
197 137
197 17
41 218
41 47
41 61
41 185
41 203
41 22
41 190
41 173
41 208
41 103
41 123
41 165
41 195
41 87
41 216
41 144
41 159
41 23
41 74
41 104
41 194
41 193
41 172
41 86
41 131
41 98
41 95
41 129
41 174
41 110
41 48
41 28
41 125
41 127
41 78
41 92
41 94
41 183
41 72
41 63
41 77
41 54
41 85
41 192
41 7
41 204
41 154
41 100
41 170
41 59
41 15
41 67
41 152
41 139
41 44
41 163
41 198
41 175
41 57
41 19
41 9
41 134
41 143
41 164
41 171
41 25
41 135
41 207
41 66
41 14
41 108
41 102
41 114
41 32
41 189
41 149
41 133
41 212
41 182
41 6
41 31
41 36
41 79
41 118
41 16
41 26
41 128
41 178
41 137
41 158
218 106
218 4
218 185
218 157
218 173
218 123
218 165
218 58
218 49
218 87
218 216
218 144
218 159
218 199
218 74
218 104
218 169
218 50
218 194
218 37
218 109
218 150
218 172
218 86
218 107
218 83
218 95
218 84
218 166
218 174
218 110
218 48
218 210
218 214
218 126
218 127
218 53
218 70
218 92
218 94
218 63
218 8
218 117
218 188
218 7
218 124
218 181
218 204
218 51
218 15
218 67
218 152
218 44
218 213
218 55
218 57
218 18
218 215
218 140
218 153
218 52
218 101
218 186
218 209
218 205
218 148
218 102
218 13
218 114
218 38
218 149
218 168
218 217
218 56
218 182
218 141
218 6
218 62
218 79
218 16
218 26
218 128
218 82
106 61
106 185
106 142
106 120
106 203
106 22
106 190
106 173
106 20
106 200
106 103
106 165
106 58
106 49
106 23
106 155
106 169
106 50
106 109
106 86
106 107
106 98
106 43
106 95
106 34
106 48
106 210
106 214
106 127
106 70
106 92
106 1
106 94
106 117
106 85
106 7
106 100
106 10
106 112
106 132
106 42
106 213
106 163
106 198
106 175
106 9
106 18
106 134
106 164
106 215
106 171
106 140
106 116
106 153
106 52
106 135
106 101
106 186
106 108
106 205
106 102
106 114
106 38
106 149
106 88
106 0
106 212
106 145
106 69
106 56
106 191
106 62
106 12
106 16
106 93
106 178
106 17
4 61
4 142
4 120
4 173
4 208
4 195
4 87
4 216
4 159
4 199
4 155
4 104
4 50
4 194
4 193
4 172
4 27
4 86
4 131
4 98
4 43
4 84
4 34
4 174
4 48
4 210
4 126
4 21
4 202
4 78
4 70
4 1
4 72
4 80
4 54
4 117
4 85
4 7
4 124
4 181
4 51
4 42
4 170
4 67
4 152
4 44
4 213
4 198
4 184
4 55
4 57
4 19
4 9
4 164
4 140
4 25
4 29
4 116
4 14
4 108
4 205
4 148
4 102
4 114
4 168
4 88
4 212
4 145
4 69
4 191
4 180
4 36
4 12
4 16
4 90
4 93
4 26
4 82
4 137
4 158
68 47
68 142
68 120
68 157
68 203
68 22
68 190
68 173
68 208
68 103
68 123
68 49
68 216
68 159
68 23
68 74
68 155
68 104
68 169
68 50
68 193
68 150
68 172
68 86
68 131
68 95
68 84
68 174
68 110
68 48
68 210
68 214
68 97
68 21
68 202
68 70
68 92
68 1
68 176
68 72
68 63
68 8
68 117
68 99
68 192
68 7
68 40
68 154
68 10
68 51
68 132
68 42
68 59
68 15
68 67
68 139
68 44
68 213
68 163
68 175
68 184
68 55
68 19
68 9
68 140
68 29
68 52
68 101
68 209
68 66
68 108
68 114
68 133
68 88
68 69
68 217
68 180
68 182
68 62
68 79
68 90
68 128
68 178
68 82
47 61
47 185
47 22
47 190
47 173
47 208
47 123
47 49
47 87
47 159
47 74
47 37
47 193
47 150
47 86
47 107
47 83
47 34
47 48
47 210
47 28
47 126
47 97
47 125
47 21
47 202
47 78
47 72
47 63
47 8
47 77
47 80
47 105
47 54
47 117
47 7
47 181
47 154
47 51
47 112
47 42
47 170
47 59
47 15
47 67
47 152
47 139
47 44
47 163
47 198
47 175
47 55
47 57
47 134
47 143
47 215
47 140
47 52
47 101
47 207
47 209
47 66
47 14
47 108
47 205
47 148
47 102
47 114
47 189
47 38
47 168
47 88
47 0
47 217
47 191
47 141
47 6
47 31
47 79
47 16
47 128
47 178
47 82
47 137
47 17
61 185
61 203
61 20
61 208
61 49
61 216
61 144
61 23
61 74
61 104
61 169
61 109
61 150
61 172
61 27
61 86
61 107
61 131
61 98
61 95
61 84
61 34
61 129
61 174
61 110
61 48
61 210
61 97
61 125
61 127
61 21
61 202
61 78
61 70
61 92
61 94
61 183
61 8
61 77
61 80
61 54
61 117
61 192
61 124
61 204
61 10
61 112
61 42
61 59
61 152
61 44
61 213
61 198
61 55
61 9
61 18
61 134
61 143
61 164
61 25
61 153
61 52
61 135
61 186
61 205
61 114
61 189
61 168
61 212
61 217
61 182
61 141
61 6
61 36
61 62
61 79
61 12
61 118
61 16
61 26
61 178
61 82
61 137
61 158
61 17
185 142
185 157
185 123
185 165
185 58
185 195
185 49
185 87
185 216
185 144
185 159
185 199
185 23
185 74
185 155
185 104
185 169
185 50
185 37
185 109
185 193
185 86
185 98
185 84
185 34
185 166
185 48
185 214
185 126
185 127
185 21
185 53
185 92
185 1
185 176
185 105
185 54
185 85
185 188
185 192
185 7
185 181
185 204
185 100
185 51
185 112
185 132
185 59
185 67
185 152
185 198
185 184
185 9
185 164
185 171
185 140
185 116
185 153
185 135
185 101
185 186
185 209
185 66
185 14
185 108
185 148
185 102
185 13
185 114
185 0
185 212
185 69
185 217
185 56
185 191
185 141
185 30
185 118
185 16
185 90
185 26
185 82
185 137
185 158
185 17
142 157
142 22
142 20
142 200
142 123
142 165
142 195
142 49
142 87
142 144
142 23
142 74
142 104
142 169
142 109
142 193
142 150
142 86
142 107
142 98
142 43
142 166
142 174
142 48
142 28
142 214
142 126
142 97
142 202
142 1
142 176
142 183
142 72
142 80
142 54
142 181
142 40
142 204
142 154
142 100
142 51
142 112
142 132
142 15
142 67
142 152
142 139
142 163
142 175
142 55
142 9
142 164
142 215
142 140
142 25
142 29
142 116
142 135
142 186
142 209
142 14
142 205
142 148
142 102
142 13
142 32
142 189
142 38
142 168
142 133
142 88
142 217
142 141
142 31
142 30
142 79
142 118
142 16
142 128
142 178
142 158
142 17
120 203
120 190
120 20
120 200
120 123
120 165
120 195
120 49
120 87
120 216
120 144
120 159
120 74
120 155
120 104
120 50
120 194
120 109
120 150
120 27
120 107
120 83
120 43
120 95
120 34
120 96
120 129
120 174
120 110
120 48
120 28
120 97
120 53
120 78
120 176
120 72
120 63
120 8
120 77
120 105
120 99
120 188
120 124
120 181
120 204
120 100
120 10
120 112
120 132
120 42
120 170
120 152
120 44
120 184
120 55
120 19
120 9
120 18
120 143
120 164
120 215
120 171
120 140
120 25
120 116
120 52
120 135
120 101
120 207
120 66
120 108
120 102
120 13
120 38
120 133
120 88
120 0
120 56
120 191
120 141
120 31
120 62
120 79
120 12
120 90
120 26
120 128
157 203
157 190
157 20
157 200
157 103
157 58
157 49
157 87
157 216
157 159
157 199
157 23
157 155
157 169
157 50
157 37
157 150
157 27
157 86
157 107
157 83
157 84
157 166
157 129
157 174
157 210
157 28
157 126
157 125
157 127
157 78
157 70
157 1
157 63
157 8
157 105
157 85
157 99
157 188
157 192
157 124
157 181
157 40
157 204
157 100
157 51
157 132
157 59
157 15
157 152
157 139
157 44
157 163
157 198
157 175
157 184
157 57
157 19
157 18
157 134
157 171
157 140
157 25
157 29
157 116
157 135
157 101
157 186
157 207
157 209
157 108
157 148
157 13
157 114
157 149
157 133
157 0
157 212
157 145
157 56
157 191
157 180
157 182
157 141
157 6
157 12
157 16
157 93
157 178
157 137
203 190
203 173
203 208
203 58
203 195
203 87
203 216
203 159
203 74
203 104
203 169
203 50
203 37
203 150
203 172
203 131
203 98
203 83
203 95
203 166
203 96
203 174
203 110
203 28
203 97
203 127
203 202
203 53
203 92
203 1
203 183
203 8
203 77
203 105
203 117
203 192
203 7
203 124
203 181
203 40
203 204
203 100
203 51
203 170
203 59
203 15
203 67
203 44
203 198
203 175
203 55
203 9
203 134
203 164
203 215
203 171
203 52
203 209
203 108
203 32
203 189
203 38
203 149
203 168
203 88
203 0
203 145
203 56
203 141
203 62
203 30
203 118
203 16
203 93
203 158
22 208
22 165
22 58
22 195
22 49
22 87
22 216
22 159
22 199
22 104
22 169
22 50
22 37
22 150
22 27
22 131
22 34
22 166
22 96
22 129
22 174
22 110
22 48
22 210
22 28
22 97
22 125
22 127
22 53
22 78
22 70
22 1
22 176
22 94
22 183
22 72
22 77
22 85
22 99
22 188
22 192
22 7
22 181
22 204
22 10
22 51
22 132
22 59
22 152
22 139
22 163
22 55
22 57
22 19
22 18
22 143
22 215
22 140
22 25
22 29
22 116
22 153
22 101
22 186
22 66
22 14
22 205
22 102
22 13
22 114
22 32
22 189
22 38
22 149
22 145
22 217
22 180
22 182
22 141
22 31
22 36
22 12
22 118
22 90
22 93
22 26
22 178
22 137
22 17
190 173
190 103
190 58
190 159
190 199
190 23
190 155
190 104
190 169
190 194
190 150
190 172
190 27
190 86
190 34
190 166
190 174
190 48
190 28
190 214
190 97
190 125
190 21
190 202
190 53
190 78
190 94
190 63
190 77
190 99
190 188
190 192
190 7
190 124
190 181
190 100
190 10
190 51
190 42
190 170
190 59
190 67
190 44
190 175
190 55
190 57
190 19
190 9
190 18
190 143
190 215
190 171
190 140
190 25
190 29
190 116
190 153
190 52
190 135
190 101
190 209
190 108
190 148
190 102
190 13
190 32
190 189
190 168
190 133
190 88
190 212
190 145
190 69
190 217
190 56
190 191
190 182
190 141
190 6
190 31
190 36
190 62
190 30
190 79
190 12
190 118
190 90
190 93
190 26
190 178
190 137
190 158
173 20
173 208
173 103
173 123
173 165
173 195
173 49
173 87
173 144
173 199
173 23
173 104
173 50
173 109
173 193
173 150
173 172
173 86
173 83
173 43
173 95
173 34
173 96
173 174
173 48
173 210
173 125
173 21
173 70
173 1
173 176
173 183
173 77
173 80
173 105
173 54
173 117
173 85
173 188
173 7
173 124
173 40
173 204
173 100
173 10
173 51
173 132
173 42
173 59
173 67
173 139
173 44
173 55
173 19
173 9
173 134
173 215
173 171
173 25
173 29
173 116
173 52
173 101
173 207
173 209
173 108
173 148
173 102
173 13
173 114
173 38
173 149
173 168
173 88
173 0
173 145
173 56
173 191
173 182
173 6
173 31
173 62
173 79
173 12
173 118
173 93
173 26
173 128
173 178
173 82
173 17
20 200
20 123
20 195
20 49
20 216
20 199
20 23
20 194
20 37
20 172
20 86
20 131
20 98
20 83
20 43
20 95
20 84
20 166
20 96
20 174
20 110
20 28
20 21
20 78
20 183
20 72
20 63
20 8
20 105
20 85
20 99
20 192
20 124
20 40
20 154
20 100
20 51
20 132
20 170
20 59
20 15
20 44
20 213
20 175
20 184
20 19
20 9
20 18
20 134
20 143
20 164
20 140
20 29
20 116
20 135
20 186
20 209
20 66
20 108
20 114
20 189
20 38
20 133
20 0
20 212
20 145
20 69
20 191
20 180
20 182
20 141
20 36
20 79
20 82
20 137
20 17
208 103
208 165
208 195
208 49
208 87
208 216
208 144
208 74
208 86
208 107
208 98
208 83
208 84
208 110
208 48
208 214
208 127
208 53
208 70
208 1
208 176
208 72
208 8
208 54
208 85
208 99
208 7
208 124
208 181
208 40
208 51
208 59
208 15
208 152
208 44
208 163
208 175
208 184
208 55
208 19
208 18
208 134
208 25
208 29
208 116
208 186
208 207
208 209
208 108
208 148
208 38
208 0
208 217
208 191
208 180
208 6
208 62
208 30
208 90
208 93
208 158
208 17
200 165
200 58
200 49
200 87
200 216
200 144
200 159
200 199
200 74
200 37
200 109
200 193
200 150
200 172
200 27
200 107
200 83
200 43
200 95
200 84
200 96
200 129
200 174
200 214
200 97
200 125
200 21
200 53
200 78
200 70
200 1
200 176
200 8
200 77
200 80
200 54
200 117
200 99
200 188
200 7
200 181
200 40
200 51
200 112
200 42
200 59
200 15
200 67
200 139
200 213
200 163
200 175
200 184
200 57
200 19
200 134
200 215
200 171
200 140
200 25
200 29
200 101
200 186
200 209
200 66
200 14
200 108
200 205
200 148
200 102
200 13
200 114
200 32
200 189
200 38
200 149
200 88
200 145
200 217
200 180
200 6
200 31
200 36
200 30
200 79
200 12
200 16
200 90
200 93
200 26
200 82
200 137
200 17
103 195
103 49
103 87
103 216
103 199
103 74
103 155
103 104
103 169
103 50
103 37
103 109
103 150
103 27
103 131
103 98
103 83
103 43
103 95
103 84
103 166
103 110
103 97
103 127
103 21
103 202
103 53
103 70
103 1
103 94
103 183
103 63
103 77
103 80
103 99
103 188
103 7
103 40
103 204
103 51
103 59
103 67
103 198
103 175
103 57
103 19
103 9
103 164
103 25
103 116
103 153
103 207
103 209
103 108
103 205
103 148
103 13
103 189
103 38
103 149
103 0
103 212
103 69
103 217
103 191
103 180
103 182
103 141
103 6
103 30
103 16
103 93
103 128
103 82
103 137
103 158
103 17
123 165
123 195
123 87
123 216
123 144
123 159
123 199
123 23
123 74
123 104
123 169
123 109
123 193
123 150
123 172
123 131
123 98
123 84
123 174
123 110
123 48
123 210
123 28
123 97
123 127
123 21
123 53
123 70
123 92
123 1
123 94
123 183
123 72
123 63
123 85
123 99
123 188
123 192
123 7
123 124
123 181
123 40
123 204
123 100
123 10
123 51
123 132
123 15
123 67
123 139
123 44
123 163
123 198
123 184
123 57
123 19
123 134
123 215
123 29
123 52
123 186
123 207
123 209
123 66
123 14
123 108
123 205
123 13
123 114
123 149
123 168
123 0
123 69
123 217
123 56
123 191
123 141
123 31
123 36
123 30
123 79
123 118
123 16
123 90
123 93
123 26
123 128
123 178
165 195
165 23
165 74
165 155
165 194
165 150
165 27
165 131
165 43
165 84
165 129
165 174
165 110
165 214
165 127
165 21
165 78
165 92
165 1
165 63
165 77
165 105
165 54
165 117
165 85
165 99
165 192
165 204
165 154
165 51
165 132
165 170
165 15
165 44
165 213
165 175
165 19
165 18
165 140
165 25
165 29
165 207
165 209
165 66
165 108
165 205
165 148
165 32
165 189
165 133
165 88
165 0
165 212
165 145
165 56
165 191
165 31
165 79
165 118
165 90
165 26
165 178
58 199
58 23
58 74
58 169
58 50
58 194
58 37
58 193
58 86
58 107
58 83
58 43
58 95
58 84
58 166
58 96
58 129
58 174
58 48
58 210
58 28
58 126
58 202
58 78
58 92
58 1
58 176
58 72
58 63
58 8
58 77
58 54
58 117
58 85
58 99
58 192
58 40
58 204
58 112
58 42
58 67
58 152
58 163
58 198
58 184
58 55
58 57
58 18
58 134
58 143
58 215
58 29
58 116
58 135
58 207
58 209
58 66
58 14
58 205
58 148
58 102
58 32
58 189
58 168
58 0
58 69
58 56
58 182
58 141
58 62
58 118
58 16
58 90
58 93
58 26
58 128
58 178
58 17
195 49
195 87
195 216
195 159
195 199
195 23
195 74
195 194
195 37
195 109
195 193
195 172
195 86
195 107
195 131
195 98
195 95
195 84
195 96
195 129
195 174
195 110
195 210
195 97
195 127
195 21
195 53
195 1
195 176
195 183
195 63
195 8
195 77
195 80
195 105
195 99
195 188
195 181
195 10
195 112
195 170
195 59
195 15
195 67
195 139
195 213
195 175
195 184
195 55
195 19
195 9
195 143
195 164
195 171
195 140
195 25
195 135
195 209
195 66
195 102
195 13
195 32
195 38
195 149
195 168
195 133
195 88
195 212
195 145
195 56
195 182
195 141
195 31
195 36
195 62
195 12
195 16
195 82
195 137
195 17
49 74
49 155
49 193
49 107
49 83
49 43
49 95
49 84
49 34
49 166
49 96
49 174
49 110
49 48
49 210
49 214
49 97
49 21
49 78
49 70
49 92
49 1
49 176
49 94
49 183
49 63
49 8
49 77
49 105
49 54
49 117
49 99
49 188
49 192
49 181
49 204
49 100
49 10
49 132
49 59
49 163
49 198
49 175
49 184
49 57
49 9
49 18
49 143
49 164
49 171
49 116
49 153
49 207
49 209
49 205
49 148
49 32
49 189
49 168
49 133
49 88
49 0
49 145
49 217
49 56
49 191
49 180
49 6
49 36
49 30
49 16
49 90
49 93
49 26
49 128
49 178
49 158
49 17
87 144
87 104
87 50
87 109
87 193
87 172
87 86
87 131
87 83
87 43
87 95
87 84
87 34
87 96
87 129
87 174
87 110
87 125
87 127
87 21
87 92
87 94
87 72
87 63
87 8
87 77
87 80
87 117
87 85
87 188
87 192
87 7
87 204
87 100
87 112
87 59
87 152
87 213
87 163
87 175
87 184
87 55
87 9
87 143
87 164
87 215
87 171
87 140
87 25
87 116
87 52
87 135
87 101
87 209
87 108
87 114
87 38
87 149
87 133
87 0
87 212
87 217
87 56
87 191
87 182
87 141
87 36
87 79
87 90
87 93
87 26
87 128
87 178
87 137
87 17
216 159
216 199
216 23
216 155
216 104
216 50
216 194
216 37
216 193
216 172
216 27
216 86
216 131
216 98
216 83
216 95
216 84
216 166
216 96
216 174
216 110
216 210
216 28
216 21
216 202
216 53
216 70
216 1
216 176
216 183
216 72
216 63
216 8
216 77
216 80
216 105
216 54
216 192
216 124
216 181
216 154
216 10
216 112
216 42
216 170
216 59
216 152
216 44
216 213
216 163
216 198
216 184
216 55
216 18
216 134
216 215
216 171
216 29
216 52
216 209
216 66
216 14
216 148
216 102
216 38
216 168
216 133
216 145
216 69
216 56
216 191
216 31
216 30
216 79
216 16
216 90
216 26
216 82
216 17
144 159
144 74
144 194
144 37
144 86
144 107
144 131
144 98
144 95
144 166
144 96
144 174
144 110
144 210
144 214
144 97
144 125
144 127
144 202
144 53
144 1
144 176
144 183
144 63
144 8
144 77
144 105
144 54
144 117
144 99
144 7
144 51
144 112
144 132
144 42
144 15
144 152
144 163
144 19
144 9
144 18
144 134
144 143
144 164
144 171
144 25
144 135
144 186
144 209
144 14
144 205
144 102
144 13
144 32
144 38
144 149
144 168
144 88
144 212
144 145
144 182
144 31
144 36
144 12
144 90
144 93
144 137
144 17
159 23
159 155
159 104
159 50
159 194
159 37
159 172
159 86
159 107
159 131
159 166
159 129
159 110
159 127
159 53
159 78
159 70
159 92
159 183
159 72
159 77
159 80
159 54
159 117
159 192
159 40
159 204
159 100
159 10
159 51
159 132
159 170
159 59
159 67
159 213
159 19
159 18
159 134
159 143
159 171
159 25
159 116
159 153
159 209
159 102
159 32
159 189
159 38
159 149
159 168
159 133
159 88
159 212
159 69
159 217
159 56
159 191
159 180
159 6
159 36
159 30
159 79
159 26
159 178
159 137
159 158
159 17
199 104
199 169
199 50
199 109
199 172
199 27
199 86
199 43
199 84
199 96
199 129
199 48
199 210
199 214
199 126
199 97
199 21
199 202
199 53
199 78
199 70
199 1
199 72
199 8
199 99
199 188
199 124
199 40
199 154
199 51
199 42
199 170
199 59
199 152
199 139
199 44
199 213
199 57
199 19
199 9
199 18
199 164
199 29
199 153
199 52
199 209
199 66
199 14
199 205
199 148
199 102
199 114
199 32
199 189
199 38
199 149
199 168
199 88
199 212
199 145
199 191
199 182
199 141
199 6
199 79
199 12
199 118
199 16
199 90
199 93
199 26
199 128
199 178
199 158
199 17
23 74
23 104
23 194
23 109
23 193
23 150
23 27
23 86
23 131
23 83
23 43
23 166
23 96
23 129
23 110
23 48
23 214
23 126
23 97
23 125
23 53
23 92
23 1
23 183
23 80
23 85
23 188
23 154
23 112
23 42
23 170
23 44
23 163
23 198
23 55
23 57
23 18
23 171
23 116
23 135
23 101
23 207
23 209
23 66
23 14
23 108
23 205
23 148
23 32
23 189
23 133
23 88
23 145
23 69
23 191
23 36
23 62
23 12
23 16
23 93
23 178
23 82
23 158
23 17
74 155
74 109
74 193
74 150
74 172
74 86
74 131
74 83
74 84
74 96
74 48
74 28
74 214
74 126
74 78
74 70
74 176
74 183
74 63
74 8
74 105
74 54
74 85
74 192
74 7
74 204
74 51
74 42
74 170
74 59
74 152
74 44
74 198
74 184
74 55
74 57
74 19
74 9
74 164
74 140
74 29
74 116
74 153
74 186
74 207
74 66
74 108
74 148
74 114
74 149
74 168
74 88
74 0
74 56
74 191
74 141
74 6
74 31
74 62
74 30
74 79
74 118
74 90
74 93
74 128
74 178
74 137
74 158
74 17
155 169
155 50
155 194
155 109
155 193
155 27
155 86
155 131
155 83
155 43
155 166
155 129
155 210
155 214
155 97
155 125
155 127
155 21
155 202
155 1
155 176
155 8
155 105
155 192
155 7
155 124
155 181
155 40
155 204
155 100
155 51
155 132
155 59
155 152
155 184
155 19
155 134
155 143
155 171
155 153
155 52
155 186
155 66
155 14
155 108
155 205
155 148
155 114
155 38
155 133
155 88
155 212
155 145
155 69
155 180
155 141
155 6
155 62
155 30
155 90
155 128
155 82
104 169
104 50
104 194
104 37
104 150
104 27
104 86
104 131
104 95
104 84
104 34
104 129
104 174
104 97
104 125
104 21
104 53
104 78
104 70
104 92
104 176
104 94
104 183
104 72
104 63
104 8
104 77
104 80
104 105
104 85
104 192
104 181
104 40
104 204
104 154
104 10
104 112
104 132
104 59
104 15
104 152
104 139
104 213
104 175
104 184
104 55
104 57
104 19
104 18
104 134
104 164
104 215
104 171
104 29
104 186
104 207
104 209
104 66
104 108
104 114
104 32
104 189
104 149
104 168
104 145
104 56
104 191
104 180
104 182
104 141
104 6
104 62
104 79
104 12
104 118
104 26
104 178
169 50
169 109
169 150
169 86
169 107
169 83
169 43
169 95
169 84
169 96
169 129
169 48
169 210
169 202
169 78
169 92
169 1
169 176
169 72
169 105
169 117
169 99
169 7
169 181
169 154
169 10
169 132
169 170
169 59
169 15
169 139
169 44
169 57
169 19
169 134
169 143
169 215
169 140
169 116
169 153
169 52
169 135
169 66
169 102
169 13
169 114
169 32
169 189
169 149
169 212
169 12
169 118
169 16
169 93
169 178
169 17
50 194
50 37
50 150
50 172
50 27
50 86
50 107
50 98
50 83
50 95
50 84
50 96
50 214
50 127
50 21
50 92
50 1
50 176
50 183
50 72
50 63
50 77
50 80
50 105
50 117
50 188
50 7
50 124
50 181
50 40
50 204
50 154
50 10
50 132
50 42
50 15
50 67
50 152
50 139
50 44
50 198
50 175
50 57
50 19
50 9
50 164
50 215
50 140
50 25
50 52
50 135
50 66
50 14
50 108
50 102
50 114
50 38
50 149
50 168
50 145
50 69
50 217
50 191
50 141
50 31
50 62
50 30
50 79
50 118
50 128
50 178
50 82
50 17
194 193
194 150
194 107
194 83
194 43
194 34
194 166
194 96
194 129
194 210
194 28
194 126
194 127
194 78
194 92
194 176
194 72
194 63
194 77
194 105
194 117
194 99
194 192
194 181
194 40
194 204
194 112
194 132
194 42
194 170
194 59
194 15
194 67
194 139
194 213
194 163
194 184
194 55
194 57
194 134
194 164
194 215
194 25
194 153
194 52
194 135
194 101
194 186
194 66
194 14
194 205
194 13
194 114
194 38
194 168
194 133
194 88
194 69
194 217
194 56
194 6
194 36
194 79
194 12
194 118
194 90
194 128
194 82
37 109
37 150
37 172
37 86
37 131
37 83
37 43
37 166
37 129
37 214
37 97
37 202
37 70
37 92
37 176
37 94
37 183
37 72
37 85
37 188
37 124
37 15
37 152
37 139
37 44
37 213
37 175
37 9
37 134
37 164
37 171
37 140
37 116
37 153
37 52
37 209
37 66
37 14
37 205
37 189
37 149
37 217
37 141
37 31
37 36
37 12
37 16
37 93
37 26
37 128
37 178
37 158
37 17
109 27
109 107
109 98
109 43
109 34
109 166
109 96
109 129
109 174
109 28
109 97
109 125
109 127
109 202
109 78
109 70
109 92
109 176
109 183
109 72
109 63
109 8
109 105
109 99
109 188
109 124
109 100
109 112
109 59
109 67
109 139
109 213
109 198
109 175
109 184
109 57
109 19
109 9
109 18
109 143
109 215
109 153
109 52
109 135
109 101
109 186
109 66
109 108
109 205
109 148
109 102
109 114
109 189
109 38
109 149
109 168
109 133
109 88
109 212
109 56
109 191
109 180
109 141
109 6
109 31
109 79
109 118
109 16
109 93
109 26
109 128
109 82
109 17
193 150
193 131
193 83
193 43
193 95
193 84
193 34
193 166
193 129
193 110
193 214
193 125
193 21
193 78
193 92
193 94
193 72
193 77
193 80
193 105
193 117
193 85
193 99
193 188
193 124
193 181
193 10
193 51
193 132
193 59
193 15
193 67
193 139
193 44
193 175
193 184
193 57
193 19
193 215
193 171
193 140
193 52
193 135
193 207
193 209
193 14
193 102
193 114
193 32
193 149
193 145
193 69
193 217
193 182
193 6
193 36
193 79
193 16
193 90
193 93
193 128
193 158
150 107
150 98
150 83
150 43
150 84
150 166
150 96
150 129
150 174
150 210
150 28
150 214
150 126
150 97
150 125
150 21
150 202
150 78
150 92
150 1
150 176
150 63
150 105
150 192
150 7
150 124
150 181
150 154
150 100
150 51
150 112
150 170
150 15
150 67
150 139
150 213
150 163
150 198
150 184
150 55
150 9
150 171
150 140
150 25
150 101
150 186
150 209
150 66
150 14
150 108
150 205
150 13
150 114
150 38
150 168
150 212
150 217
150 31
150 12
150 93
150 128
150 82
172 86
172 98
172 43
172 84
172 34
172 166
172 129
172 48
172 214
172 126
172 97
172 125
172 202
172 53
172 78
172 70
172 176
172 94
172 72
172 63
172 8
172 54
172 117
172 85
172 99
172 192
172 124
172 181
172 204
172 154
172 100
172 10
172 112
172 170
172 59
172 15
172 67
172 152
172 139
172 213
172 198
172 184
172 55
172 57
172 19
172 9
172 143
172 171
172 29
172 153
172 52
172 135
172 101
172 209
172 66
172 14
172 205
172 13
172 32
172 38
172 168
172 212
172 145
172 69
172 56
172 180
172 141
172 36
172 62
172 79
172 90
172 93
172 128
172 178
172 82
172 17
27 131
27 98
27 84
27 34
27 96
27 174
27 110
27 48
27 210
27 28
27 126
27 97
27 125
27 127
27 202
27 94
27 72
27 63
27 105
27 54
27 117
27 99
27 188
27 192
27 7
27 181
27 40
27 204
27 100
27 10
27 51
27 42
27 59
27 139
27 44
27 213
27 175
27 55
27 57
27 19
27 9
27 18
27 215
27 25
27 101
27 186
27 209
27 66
27 14
27 108
27 13
27 32
27 38
27 168
27 88
27 145
27 69
27 56
27 191
27 180
27 30
27 12
27 16
27 26
27 128
27 17
86 107
86 98
86 43
86 84
86 34
86 166
86 129
86 174
86 110
86 210
86 28
86 214
86 126
86 21
86 53
86 78
86 70
86 92
86 1
86 72
86 77
86 105
86 54
86 99
86 188
86 7
86 181
86 40
86 204
86 154
86 51
86 112
86 59
86 152
86 139
86 213
86 163
86 175
86 184
86 55
86 57
86 19
86 134
86 164
86 171
86 186
86 207
86 66
86 14
86 108
86 13
86 189
86 38
86 168
86 0
86 212
86 56
86 182
86 36
86 62
86 30
86 90
86 26
86 128
86 82
86 137
86 158
86 17
107 131
107 83
107 95
107 84
107 96
107 174
107 48
107 126
107 97
107 70
107 92
107 94
107 63
107 8
107 80
107 117
107 188
107 7
107 204
107 100
107 51
107 42
107 59
107 163
107 198
107 55
107 57
107 19
107 9
107 134
107 143
107 215
107 29
107 116
107 52
107 209
107 66
107 14
107 13
107 114
107 38
107 0
107 69
107 56
107 180
107 182
107 141
107 31
107 36
107 90
107 82
107 137
107 17
131 96
131 174
131 210
131 28
131 126
131 127
131 70
131 92
131 176
131 94
131 183
131 72
131 77
131 105
131 54
131 117
131 99
131 192
131 7
131 40
131 154
131 10
131 112
131 132
131 59
131 139
131 184
131 57
131 9
131 143
131 215
131 140
131 25
131 29
131 207
131 66
131 14
131 205
131 148
131 102
131 114
131 189
131 38
131 149
131 88
131 212
131 56
131 191
131 182
131 141
131 6
131 93
131 26
131 128
131 178
131 82
98 95
98 34
98 166
98 129
98 48
98 210
98 214
98 21
98 202
98 53
98 78
98 70
98 1
98 176
98 94
98 183
98 72
98 54
98 117
98 99
98 188
98 192
98 7
98 124
98 40
98 51
98 112
98 42
98 170
98 15
98 67
98 44
98 213
98 163
98 198
98 175
98 57
98 19
98 9
98 18
98 140
98 52
98 135
98 101
98 66
98 14
98 108
98 148
98 189
98 168
98 0
98 212
98 69
98 191
98 182
98 141
98 31
98 62
98 12
98 16
98 93
98 26
98 128
98 178
98 82
98 137
98 158
98 17
83 43
83 96
83 129
83 48
83 210
83 214
83 97
83 125
83 78
83 92
83 1
83 176
83 72
83 77
83 105
83 99
83 188
83 192
83 124
83 204
83 154
83 100
83 51
83 15
83 152
83 44
83 213
83 198
83 184
83 19
83 143
83 215
83 140
83 25
83 29
83 153
83 52
83 135
83 101
83 186
83 66
83 14
83 108
83 13
83 114
83 149
83 168
83 88
83 0
83 212
83 217
83 56
83 31
83 36
83 62
83 30
83 12
83 118
83 90
83 82
43 84
43 34
43 166
43 48
43 210
43 97
43 92
43 176
43 94
43 72
43 63
43 8
43 54
43 85
43 124
43 181
43 204
43 100
43 51
43 112
43 132
43 59
43 15
43 152
43 139
43 44
43 163
43 198
43 175
43 184
43 55
43 18
43 134
43 164
43 215
43 171
43 25
43 29
43 52
43 101
43 209
43 66
43 14
43 148
43 32
43 189
43 38
43 149
43 133
43 88
43 191
43 141
43 6
43 30
43 16
43 26
43 128
43 178
43 137
43 158
43 17
95 84
95 34
95 96
95 129
95 174
95 110
95 48
95 28
95 126
95 125
95 127
95 202
95 53
95 70
95 92
95 176
95 183
95 72
95 63
95 8
95 80
95 54
95 85
95 192
95 7
95 124
95 40
95 154
95 10
95 51
95 112
95 132
95 42
95 59
95 15
95 67
95 139
95 44
95 213
95 55
95 57
95 19
95 9
95 18
95 215
95 171
95 140
95 25
95 153
95 52
95 101
95 207
95 205
95 102
95 13
95 114
95 32
95 149
95 217
95 56
95 141
95 6
95 30
95 79
95 12
95 93
95 26
95 137
95 158
84 96
84 129
84 110
84 48
84 214
84 126
84 125
84 21
84 202
84 78
84 1
84 176
84 72
84 63
84 8
84 77
84 117
84 99
84 188
84 181
84 40
84 154
84 100
84 10
84 42
84 15
84 139
84 44
84 198
84 175
84 184
84 9
84 134
84 164
84 171
84 153
84 207
84 209
84 66
84 14
84 108
84 205
84 13
84 32
84 168
84 133
84 88
84 0
84 212
84 69
84 56
84 191
84 6
84 31
84 36
84 62
84 79
84 12
84 118
84 16
84 90
84 93
84 26
84 128
84 178
84 17
34 174
34 110
34 214
34 126
34 127
34 21
34 78
34 176
34 94
34 63
34 80
34 117
34 85
34 99
34 124
34 181
34 204
34 154
34 100
34 10
34 51
34 112
34 42
34 170
34 15
34 139
34 198
34 184
34 9
34 143
34 215
34 171
34 25
34 29
34 135
34 101
34 186
34 209
34 66
34 14
34 102
34 13
34 114
34 189
34 133
34 88
34 0
34 56
34 191
34 180
34 182
34 6
34 30
34 12
34 16
34 178
34 82
34 158
34 17
166 129
166 174
166 110
166 48
166 210
166 28
166 127
166 53
166 70
166 92
166 1
166 94
166 72
166 63
166 8
166 80
166 85
166 188
166 192
166 7
166 40
166 204
166 154
166 100
166 10
166 132
166 170
166 59
166 152
166 198
166 175
166 55
166 57
166 9
166 134
166 143
166 164
166 171
166 140
166 25
166 52
166 207
166 209
166 205
166 148
166 32
166 38
166 149
166 168
166 212
166 145
166 69
166 217
166 182
166 31
166 62
166 79
166 93
166 26
166 178
166 137
166 158
96 129
96 174
96 110
96 214
96 97
96 21
96 53
96 78
96 70
96 92
96 1
96 176
96 94
96 183
96 72
96 8
96 77
96 80
96 192
96 40
96 100
96 10
96 112
96 132
96 170
96 139
96 44
96 213
96 198
96 55
96 57
96 143
96 215
96 140
96 25
96 135
96 207
96 14
96 108
96 148
96 114
96 38
96 168
96 88
96 217
96 191
96 31
96 79
96 118
96 178
129 174
129 110
129 48
129 210
129 28
129 126
129 97
129 127
129 202
129 53
129 1
129 94
129 72
129 80
129 54
129 117
129 188
129 192
129 154
129 100
129 51
129 112
129 132
129 15
129 44
129 163
129 198
129 9
129 18
129 143
129 140
129 186
129 207
129 66
129 14
129 205
129 13
129 189
129 149
129 88
129 0
129 212
129 145
129 217
129 191
129 141
129 31
129 36
129 62
129 79
129 12
129 118
129 90
129 93
129 178
129 82
129 137
174 110
174 97
174 125
174 202
174 53
174 78
174 92
174 176
174 183
174 72
174 8
174 99
174 7
174 124
174 181
174 40
174 154
174 10
174 132
174 163
174 198
174 175
174 184
174 19
174 18
174 171
174 140
174 25
174 153
174 135
174 186
174 209
174 66
174 108
174 205
174 13
174 189
174 38
174 168
174 133
174 88
174 0
174 69
174 217
174 56
174 31
174 62
174 30
174 79
174 90
174 26
174 178
174 82
110 48
110 210
110 28
110 126
110 125
110 127
110 21
110 53
110 78
110 70
110 176
110 183
110 8
110 77
110 80
110 105
110 99
110 188
110 192
110 181
110 40
110 204
110 154
110 100
110 51
110 132
110 42
110 59
110 67
110 152
110 44
110 163
110 198
110 184
110 57
110 9
110 134
110 143
110 164
110 171
110 140
110 25
110 52
110 135
110 101
110 207
110 209
110 66
110 14
110 108
110 114
110 189
110 168
110 133
110 69
110 191
110 182
110 141
110 6
110 31
110 62
110 16
110 90
110 82
110 137
110 158
48 28
48 97
48 21
48 53
48 78
48 92
48 1
48 176
48 94
48 63
48 77
48 105
48 54
48 99
48 124
48 181
48 40
48 204
48 100
48 132
48 42
48 139
48 44
48 213
48 163
48 184
48 55
48 18
48 140
48 29
48 116
48 135
48 101
48 14
48 148
48 102
48 114
48 168
48 133
48 88
48 0
48 212
48 145
48 69
48 217
48 191
48 180
48 6
48 36
48 79
48 12
48 16
48 90
48 26
48 82
48 137
210 28
210 97
210 125
210 21
210 202
210 53
210 78
210 70
210 92
210 1
210 176
210 72
210 77
210 80
210 54
210 99
210 188
210 192
210 7
210 204
210 154
210 10
210 42
210 15
210 67
210 152
210 139
210 44
210 213
210 163
210 175
210 19
210 9
210 134
210 143
210 164
210 215
210 171
210 25
210 101
210 186
210 14
210 102
210 189
210 38
210 149
210 133
210 69
210 217
210 180
210 182
210 141
210 6
210 31
210 30
210 12
210 16
210 90
210 178
210 158
210 17
28 125
28 127
28 202
28 78
28 70
28 92
28 183
28 72
28 63
28 77
28 54
28 85
28 188
28 7
28 181
28 100
28 112
28 132
28 170
28 59
28 139
28 44
28 213
28 198
28 55
28 9
28 143
28 164
28 29
28 116
28 153
28 66
28 108
28 148
28 114
28 189
28 38
28 168
28 133
28 88
28 0
28 212
28 145
28 69
28 56
28 182
28 6
28 31
28 62
28 30
28 79
28 93
28 128
28 178
28 82
28 137
28 17
214 126
214 97
214 125
214 21
214 202
214 53
214 78
214 94
214 183
214 72
214 77
214 117
214 85
214 192
214 7
214 124
214 10
214 170
214 59
214 152
214 44
214 213
214 198
214 175
214 184
214 55
214 9
214 140
214 25
214 29
214 186
214 66
214 14
214 108
214 205
214 13
214 189
214 168
214 133
214 145
214 217
214 56
214 182
214 141
214 6
214 31
214 62
214 79
214 12
214 16
214 90
214 93
214 158
126 97
126 127
126 21
126 202
126 53
126 78
126 1
126 183
126 63
126 77
126 80
126 105
126 54
126 99
126 188
126 181
126 40
126 154
126 100
126 51
126 42
126 170
126 139
126 198
126 175
126 57
126 19
126 9
126 143
126 25
126 153
126 186
126 66
126 102
126 149
126 168
126 133
126 88
126 212
126 69
126 191
126 182
126 6
126 31
126 36
126 62
126 79
126 12
126 93
126 26
126 137
97 125
97 53
97 70
97 92
97 1
97 176
97 72
97 8
97 54
97 117
97 85
97 192
97 7
97 204
97 59
97 139
97 163
97 198
97 184
97 57
97 19
97 134
97 143
97 164
97 140
97 25
97 29
97 116
97 153
97 52
97 135
97 207
97 209
97 108
97 148
97 102
97 13
97 114
97 189
97 38
97 133
97 212
97 191
97 180
97 182
97 141
97 6
97 31
97 12
97 16
97 90
97 93
125 21
125 202
125 53
125 176
125 72
125 63
125 77
125 54
125 192
125 7
125 40
125 204
125 154
125 10
125 51
125 132
125 59
125 139
125 198
125 175
125 184
125 55
125 57
125 19
125 134
125 164
125 140
125 29
125 116
125 52
125 135
125 14
125 205
125 102
125 13
125 32
125 189
125 149
125 145
125 180
125 141
125 6
125 31
125 30
125 12
125 118
125 16
125 90
125 93
125 82
125 137
125 158
127 21
127 92
127 1
127 176
127 72
127 63
127 8
127 80
127 105
127 54
127 85
127 99
127 7
127 124
127 40
127 204
127 100
127 132
127 42
127 67
127 213
127 198
127 184
127 19
127 9
127 215
127 171
127 140
127 25
127 29
127 135
127 66
127 14
127 108
127 114
127 32
127 168
127 88
127 0
127 212
127 217
127 191
127 141
127 6
127 31
127 30
127 12
127 93
127 128
127 178
127 82
127 137
127 158
127 17
21 202
21 78
21 70
21 1
21 176
21 94
21 183
21 63
21 77
21 80
21 105
21 117
21 99
21 192
21 181
21 40
21 10
21 132
21 42
21 170
21 59
21 152
21 139
21 213
21 198
21 9
21 143
21 140
21 25
21 29
21 153
21 52
21 101
21 186
21 207
21 66
21 205
21 114
21 38
21 168
21 88
21 145
21 69
21 56
21 191
21 180
21 141
21 36
21 30
21 79
21 16
21 90
21 93
21 128
21 178
21 137
21 158
202 53
202 78
202 70
202 94
202 183
202 72
202 77
202 54
202 117
202 192
202 7
202 124
202 181
202 204
202 100
202 51
202 132
202 67
202 152
202 139
202 44
202 184
202 57
202 18
202 143
202 164
202 25
202 116
202 153
202 52
202 186
202 209
202 66
202 14
202 108
202 148
202 114
202 32
202 189
202 38
202 168
202 133
202 88
202 0
202 212
202 217
202 56
202 31
202 36
202 30
202 79
202 118
202 16
202 90
202 128
202 178
202 137
202 158
53 78
53 70
53 94
53 63
53 8
53 80
53 192
53 181
53 40
53 154
53 100
53 132
53 170
53 59
53 213
53 198
53 184
53 55
53 57
53 18
53 164
53 171
53 25
53 29
53 52
53 135
53 186
53 209
53 66
53 114
53 38
53 149
53 133
53 88
53 0
53 145
53 69
53 182
53 141
53 31
53 62
53 30
53 79
53 12
53 118
53 93
53 26
53 128
53 137
53 158
53 17
78 70
78 176
78 72
78 63
78 8
78 80
78 105
78 188
78 124
78 40
78 100
78 112
78 42
78 59
78 15
78 152
78 44
78 213
78 163
78 198
78 55
78 57
78 19
78 9
78 18
78 143
78 164
78 215
78 140
78 29
78 52
78 135
78 101
78 207
78 148
78 13
78 189
78 168
78 0
78 145
78 217
78 182
78 36
78 12
78 16
78 90
78 26
78 128
78 137
78 17
70 1
70 94
70 72
70 63
70 8
70 117
70 85
70 192
70 124
70 181
70 10
70 132
70 170
70 139
70 213
70 163
70 55
70 18
70 143
70 164
70 215
70 171
70 25
70 29
70 116
70 52
70 135
70 209
70 14
70 205
70 148
70 102
70 189
70 38
70 149
70 88
70 145
70 69
70 217
70 191
70 182
70 6
70 31
70 30
70 79
70 12
70 118
70 93
70 128
70 137
92 176
92 94
92 72
92 63
92 77
92 105
92 85
92 99
92 188
92 7
92 124
92 40
92 204
92 154
92 100
92 10
92 112
92 42
92 152
92 139
92 198
92 55
92 134
92 164
92 215
92 25
92 29
92 116
92 153
92 52
92 135
92 101
92 207
92 66
92 14
92 205
92 148
92 13
92 38
92 149
92 133
92 88
92 0
92 56
92 182
92 141
92 31
92 36
92 30
92 12
92 93
92 178
92 137
92 158
92 17
1 183
1 72
1 80
1 54
1 117
1 181
1 40
1 10
1 51
1 112
1 42
1 15
1 44
1 213
1 175
1 55
1 57
1 18
1 134
1 164
1 215
1 29
1 116
1 153
1 135
1 101
1 186
1 108
1 148
1 114
1 32
1 189
1 38
1 149
1 168
1 133
1 212
1 69
1 217
1 191
1 182
1 6
1 31
1 36
1 79
1 12
1 90
1 93
1 158
1 17
176 72
176 8
176 80
176 54
176 117
176 85
176 99
176 124
176 154
176 132
176 170
176 59
176 67
176 139
176 213
176 184
176 57
176 18
176 134
176 164
176 171
176 29
176 186
176 207
176 66
176 14
176 205
176 148
176 102
176 32
176 189
176 149
176 212
176 217
176 56
176 191
176 180
176 182
176 141
176 6
176 31
176 36
176 62
176 30
176 12
176 118
176 93
176 128
176 178
176 137
176 17
94 72
94 63
94 80
94 105
94 85
94 99
94 188
94 124
94 181
94 40
94 204
94 154
94 51
94 170
94 15
94 67
94 139
94 213
94 163
94 19
94 9
94 18
94 134
94 143
94 164
94 140
94 29
94 153
94 52
94 101
94 14
94 108
94 205
94 114
94 149
94 168
94 88
94 212
94 145
94 69
94 191
94 180
94 141
94 6
94 31
94 62
94 30
94 79
94 12
94 16
94 128
94 178
94 137
94 158
183 80
183 54
183 117
183 85
183 124
183 40
183 10
183 51
183 112
183 170
183 15
183 139
183 163
183 175
183 184
183 19
183 9
183 18
183 134
183 143
183 164
183 116
183 135
183 186
183 207
183 209
183 205
183 102
183 13
183 114
183 32
183 189
183 38
183 168
183 212
183 145
183 180
183 6
183 36
183 62
183 30
183 79
183 12
183 93
183 26
183 128
183 178
183 82
183 158
72 63
72 8
72 105
72 54
72 85
72 192
72 124
72 40
72 204
72 154
72 112
72 132
72 42
72 170
72 59
72 67
72 152
72 139
72 163
72 175
72 134
72 25
72 153
72 101
72 186
72 209
72 14
72 102
72 13
72 114
72 189
72 133
72 212
72 145
72 69
72 217
72 56
72 141
72 6
72 62
72 12
72 93
72 178
72 82
72 137
72 158
63 8
63 77
63 80
63 54
63 117
63 85
63 99
63 7
63 124
63 40
63 100
63 112
63 170
63 15
63 152
63 139
63 163
63 184
63 55
63 19
63 18
63 134
63 143
63 215
63 171
63 140
63 25
63 116
63 135
63 101
63 66
63 14
63 108
63 205
63 148
63 102
63 13
63 88
63 212
63 145
63 69
63 217
63 191
63 141
63 31
63 62
63 16
63 90
63 93
63 26
63 128
63 158
8 77
8 54
8 117
8 99
8 192
8 181
8 40
8 10
8 51
8 170
8 152
8 213
8 184
8 19
8 18
8 134
8 143
8 164
8 140
8 25
8 29
8 116
8 135
8 101
8 66
8 108
8 148
8 102
8 114
8 32
8 189
8 133
8 0
8 145
8 69
8 217
8 191
8 6
8 31
8 30
8 79
8 12
8 118
8 90
8 93
8 128
8 137
8 158
8 17
77 105
77 117
77 188
77 192
77 40
77 154
77 112
77 132
77 42
77 67
77 139
77 213
77 163
77 9
77 18
77 164
77 215
77 140
77 25
77 116
77 52
77 135
77 101
77 186
77 207
77 66
77 205
77 148
77 102
77 114
77 32
77 149
77 168
77 88
77 69
77 56
77 191
77 182
77 141
77 31
77 62
77 30
77 79
77 16
77 93
77 26
77 128
77 137
77 158
77 17
80 117
80 192
80 181
80 40
80 154
80 100
80 10
80 51
80 112
80 170
80 67
80 198
80 134
80 143
80 164
80 215
80 171
80 25
80 29
80 116
80 52
80 186
80 207
80 66
80 14
80 148
80 13
80 189
80 149
80 168
80 133
80 212
80 69
80 217
80 56
80 191
80 180
80 182
80 31
80 36
80 62
80 30
80 79
80 12
80 128
80 178
105 54
105 117
105 99
105 192
105 40
105 204
105 112
105 132
105 59
105 67
105 213
105 198
105 175
105 184
105 55
105 57
105 134
105 164
105 140
105 116
105 153
105 52
105 66
105 14
105 205
105 148
105 114
105 32
105 38
105 149
105 88
105 56
105 191
105 180
105 182
105 36
105 12
105 118
105 90
105 26
105 128
105 82
105 17
54 188
54 7
54 181
54 100
54 10
54 51
54 112
54 132
54 170
54 59
54 67
54 152
54 139
54 44
54 163
54 175
54 134
54 143
54 215
54 25
54 29
54 209
54 14
54 148
54 102
54 13
54 32
54 189
54 38
54 168
54 133
54 88
54 145
54 69
54 56
54 191
54 141
54 62
54 79
54 12
54 118
54 90
54 178
54 82
117 192
117 124
117 181
117 40
117 51
117 132
117 42
117 170
117 163
117 198
117 175
117 184
117 18
117 164
117 215
117 140
117 25
117 101
117 14
117 205
117 148
117 32
117 38
117 149
117 168
117 133
117 88
117 212
117 69
117 217
117 191
117 180
117 182
117 141
117 31
117 30
117 12
117 90
117 93
117 178
117 82
117 137
117 158
85 99
85 192
85 7
85 124
85 154
85 100
85 10
85 51
85 170
85 152
85 139
85 163
85 9
85 171
85 29
85 116
85 153
85 52
85 101
85 66
85 205
85 148
85 32
85 38
85 0
85 69
85 182
85 6
85 62
85 30
85 79
85 118
85 90
85 26
85 82
85 137
85 17
99 188
99 192
99 124
99 100
99 112
99 42
99 170
99 59
99 44
99 163
99 198
99 18
99 134
99 171
99 25
99 116
99 52
99 135
99 186
99 207
99 14
99 108
99 168
99 0
99 145
99 69
99 217
99 56
99 191
99 31
99 36
99 62
99 16
99 90
99 26
99 82
99 17
188 7
188 124
188 181
188 40
188 10
188 112
188 132
188 42
188 152
188 139
188 44
188 213
188 163
188 55
188 19
188 9
188 18
188 134
188 164
188 215
188 29
188 135
188 101
188 186
188 207
188 14
188 108
188 205
188 148
188 13
188 114
188 32
188 189
188 38
188 149
188 88
188 69
188 56
188 191
188 141
188 31
188 62
188 30
188 118
188 16
188 93
188 137
192 124
192 181
192 40
192 204
192 100
192 51
192 112
192 42
192 170
192 59
192 15
192 152
192 163
192 184
192 55
192 9
192 18
192 143
192 215
192 171
192 140
192 29
192 116
192 153
192 101
192 207
192 66
192 14
192 108
192 205
192 148
192 102
192 13
192 114
192 32
192 133
192 212
192 145
192 69
192 191
192 180
192 182
192 141
192 62
192 30
192 93
192 26
192 178
192 82
192 137
192 158
7 124
7 181
7 40
7 100
7 112
7 15
7 67
7 139
7 163
7 175
7 184
7 9
7 18
7 143
7 164
7 215
7 29
7 153
7 101
7 207
7 209
7 66
7 14
7 205
7 102
7 13
7 114
7 189
7 38
7 149
7 88
7 0
7 145
7 69
7 217
7 180
7 6
7 36
7 30
7 79
7 12
7 93
7 128
7 17
124 154
124 100
124 51
124 112
124 42
124 152
124 44
124 163
124 184
124 19
124 18
124 143
124 164
124 171
124 140
124 29
124 135
124 101
124 13
124 189
124 149
124 168
124 88
124 56
124 191
124 180
124 182
124 79
124 16
124 90
124 93
124 26
124 128
124 178
124 17
181 100
181 10
181 51
181 152
181 213
181 55
181 19
181 9
181 18
181 143
181 171
181 140
181 29
181 116
181 52
181 135
181 101
181 186
181 14
181 108
181 102
181 32
181 189
181 38
181 145
181 69
181 182
181 31
181 62
181 12
181 118
181 16
181 90
181 26
181 137
40 204
40 154
40 100
40 51
40 132
40 42
40 59
40 67
40 152
40 139
40 44
40 213
40 163
40 198
40 175
40 57
40 19
40 18
40 171
40 25
40 29
40 153
40 52
40 101
40 209
40 14
40 108
40 205
40 102
40 32
40 189
40 149
40 145
40 182
40 36
40 79
40 12
40 118
40 90
40 93
40 26
40 128
40 82
40 158
204 154
204 10
204 51
204 170
204 152
204 213
204 163
204 175
204 184
204 57
204 19
204 164
204 171
204 140
204 25
204 116
204 52
204 114
204 32
204 189
204 38
204 149
204 0
204 212
204 217
204 56
204 141
204 31
204 62
204 79
204 16
204 90
204 128
204 178
154 10
154 112
154 15
154 67
154 139
154 163
154 184
154 55
154 19
154 18
154 143
154 164
154 171
154 116
154 207
154 14
154 102
154 13
154 32
154 189
154 0
154 145
154 217
154 191
154 141
154 6
154 31
154 36
154 62
154 30
154 12
154 118
154 90
154 93
154 26
154 128
154 178
154 82
154 158
154 17
100 51
100 132
100 42
100 59
100 139
100 44
100 213
100 198
100 184
100 57
100 19
100 9
100 134
100 164
100 171
100 140
100 25
100 29
100 153
100 135
100 207
100 209
100 66
100 148
100 32
100 189
100 38
100 149
100 0
100 145
100 69
100 56
100 191
100 180
100 31
100 36
100 62
100 30
100 16
100 90
100 128
100 178
100 82
100 137
10 42
10 170
10 59
10 15
10 139
10 163
10 198
10 184
10 57
10 9
10 143
10 215
10 140
10 29
10 116
10 153
10 52
10 135
10 101
10 207
10 209
10 14
10 108
10 102
10 13
10 189
10 38
10 168
10 88
10 0
10 56
10 191
10 180
10 182
10 31
10 30
10 79
10 16
10 90
10 26
10 128
10 82
10 137
51 112
51 132
51 170
51 59
51 152
51 139
51 44
51 184
51 55
51 19
51 9
51 134
51 215
51 25
51 153
51 135
51 101
51 207
51 209
51 66
51 14
51 108
51 205
51 13
51 32
51 38
51 149
51 88
51 212
51 217
51 56
51 182
51 31
51 62
51 30
51 79
51 12
51 90
51 93
51 26
51 128
51 82
51 158
51 17
112 132
112 42
112 59
112 15
112 67
112 152
112 139
112 44
112 213
112 175
112 55
112 18
112 134
112 143
112 215
112 171
112 116
112 101
112 209
112 66
112 14
112 108
112 102
112 114
112 32
112 189
112 149
112 168
112 133
112 0
112 212
112 69
112 217
112 56
112 180
112 141
112 26
112 137
112 158
112 17
132 42
132 170
132 15
132 163
132 198
132 184
132 18
132 134
132 164
132 140
132 29
132 116
132 153
132 52
132 207
132 66
132 14
132 108
132 102
132 13
132 32
132 189
132 149
132 88
132 0
132 212
132 145
132 56
132 182
132 6
132 62
132 30
132 79
132 12
132 118
132 16
132 90
132 93
132 128
132 82
132 17
42 170
42 15
42 67
42 152
42 198
42 184
42 55
42 19
42 171
42 153
42 135
42 101
42 209
42 14
42 108
42 102
42 13
42 189
42 133
42 88
42 0
42 69
42 217
42 56
42 191
42 180
42 182
42 6
42 79
42 118
42 16
42 128
170 67
170 44
170 213
170 163
170 198
170 175
170 57
170 9
170 18
170 171
170 116
170 52
170 135
170 207
170 209
170 66
170 14
170 205
170 148
170 13
170 32
170 168
170 133
170 212
170 145
170 69
170 56
170 180
170 182
170 31
170 62
170 30
170 79
170 178
170 82
170 137
170 158
59 15
59 152
59 213
59 163
59 175
59 184
59 57
59 19
59 134
59 143
59 140
59 25
59 29
59 116
59 52
59 135
59 101
59 207
59 205
59 148
59 13
59 114
59 168
59 88
59 0
59 212
59 56
59 180
59 31
59 36
59 62
59 30
59 118
59 16
59 93
59 26
59 128
59 178
59 137
15 152
15 44
15 163
15 55
15 134
15 164
15 215
15 171
15 25
15 29
15 116
15 153
15 135
15 101
15 209
15 205
15 114
15 32
15 149
15 88
15 0
15 69
15 191
15 141
15 6
15 31
15 36
15 62
15 79
15 12
15 118
15 26
15 128
15 178
15 137
15 158
15 17
67 44
67 213
67 163
67 198
67 175
67 184
67 55
67 57
67 18
67 215
67 25
67 29
67 52
67 135
67 101
67 207
67 209
67 66
67 14
67 148
67 102
67 149
67 168
67 133
67 0
67 212
67 145
67 69
67 217
67 56
67 31
67 36
67 118
67 16
67 26
67 128
67 178
67 137
67 158
152 175
152 55
152 9
152 18
152 134
152 143
152 164
152 171
152 25
152 116
152 153
152 135
152 101
152 186
152 207
152 14
152 148
152 102
152 114
152 189
152 38
152 149
152 133
152 191
152 182
152 6
152 36
152 12
152 118
152 16
152 90
152 26
152 128
152 137
139 163
139 184
139 55
139 143
139 164
139 215
139 171
139 25
139 29
139 116
139 52
139 205
139 148
139 13
139 114
139 32
139 38
139 149
139 217
139 56
139 141
139 6
139 31
139 36
139 30
139 79
139 118
139 90
139 93
139 26
139 128
139 82
139 137
44 213
44 198
44 184
44 55
44 19
44 164
44 215
44 116
44 153
44 52
44 135
44 101
44 186
44 207
44 14
44 148
44 32
44 38
44 212
44 145
44 191
44 180
44 182
44 141
44 36
44 30
44 79
44 26
44 128
44 137
213 163
213 198
213 184
213 55
213 57
213 9
213 164
213 140
213 25
213 29
213 116
213 52
213 135
213 101
213 186
213 207
213 66
213 14
213 148
213 114
213 189
213 168
213 88
213 145
213 69
213 217
213 31
213 36
213 16
213 90
213 93
213 26
213 178
213 82
163 198
163 55
163 19
163 9
163 18
163 134
163 215
163 171
163 25
163 29
163 153
163 135
163 101
163 186
163 207
163 209
163 14
163 205
163 148
163 114
163 32
163 189
163 38
163 133
163 88
163 56
163 191
163 6
163 36
163 79
163 26
163 128
163 17
198 19
198 134
198 171
198 140
198 29
198 153
198 101
198 207
198 66
198 14
198 108
198 205
198 148
198 13
198 114
198 189
198 38
198 149
198 168
198 88
198 212
198 56
198 191
198 180
198 30
198 12
198 118
198 90
198 93
198 26
198 178
198 158
198 17
175 18
175 134
175 143
175 164
175 140
175 25
175 52
175 66
175 108
175 205
175 13
175 32
175 189
175 149
175 133
175 145
175 69
175 217
175 56
175 191
175 182
175 62
175 79
175 12
175 16
175 26
175 82
175 158
184 55
184 57
184 19
184 9
184 134
184 171
184 25
184 135
184 101
184 207
184 14
184 108
184 205
184 148
184 102
184 13
184 189
184 133
184 88
184 0
184 145
184 69
184 56
184 141
184 30
184 79
184 12
184 16
184 26
184 128
184 178
184 137
184 158
55 19
55 9
55 18
55 134
55 143
55 171
55 116
55 52
55 186
55 209
55 66
55 205
55 102
55 13
55 114
55 149
55 133
55 88
55 212
55 217
55 56
55 191
55 180
55 182
55 141
55 36
55 12
55 90
55 26
55 178
55 82
55 17
57 19
57 18
57 134
57 143
57 215
57 171
57 140
57 25
57 29
57 153
57 135
57 186
57 207
57 209
57 205
57 148
57 13
57 32
57 189
57 38
57 133
57 212
57 145
57 217
57 180
57 30
57 79
57 12
57 16
57 93
57 26
57 178
19 9
19 18
19 153
19 52
19 207
19 108
19 148
19 102
19 13
19 114
19 189
19 149
19 0
19 69
19 217
19 56
19 180
19 6
19 31
19 30
19 12
19 118
19 93
19 178
19 82
19 158
19 17
9 18
9 134
9 143
9 164
9 215
9 171
9 25
9 116
9 52
9 207
9 209
9 66
9 205
9 102
9 114
9 189
9 38
9 149
9 168
9 88
9 0
9 212
9 145
9 180
9 62
9 30
9 79
9 12
9 178
18 134
18 164
18 171
18 140
18 25
18 29
18 116
18 135
18 101
18 186
18 209
18 108
18 205
18 148
18 102
18 13
18 114
18 32
18 189
18 149
18 168
18 212
18 145
18 217
18 191
18 182
18 6
18 31
18 36
18 30
18 79
18 90
18 128
18 178
18 82
18 137
18 158
134 143
134 171
134 140
134 25
134 52
134 135
134 186
134 207
134 209
134 14
134 102
134 13
134 114
134 32
134 189
134 38
134 149
134 88
134 0
134 145
134 56
134 191
134 180
134 182
134 141
134 62
134 30
134 79
134 12
134 90
134 26
134 128
134 178
134 158
134 17
143 164
143 140
143 25
143 153
143 52
143 135
143 186
143 209
143 108
143 114
143 38
143 88
143 0
143 145
143 217
143 56
143 180
143 31
143 30
143 118
143 16
143 90
143 128
143 178
164 215
164 171
164 116
164 135
164 101
164 186
164 207
164 66
164 108
164 148
164 102
164 168
164 133
164 0
164 212
164 145
164 217
164 56
164 180
164 141
164 31
164 36
164 30
164 12
164 93
164 26
164 137
215 171
215 25
215 153
215 101
215 207
215 209
215 66
215 14
215 108
215 205
215 148
215 13
215 32
215 38
215 149
215 168
215 88
215 0
215 69
215 56
215 191
215 180
215 6
215 31
215 36
215 118
215 90
215 26
215 128
215 17
171 140
171 29
171 153
171 52
171 101
171 186
171 207
171 66
171 108
171 205
171 13
171 114
171 189
171 38
171 88
171 0
171 145
171 217
171 56
171 182
171 31
171 36
171 62
171 30
171 16
171 90
171 26
171 128
171 158
171 17
140 25
140 116
140 52
140 135
140 101
140 186
140 66
140 13
140 114
140 189
140 38
140 0
140 212
140 69
140 180
140 182
140 31
140 30
140 12
140 118
140 16
140 93
140 26
140 178
140 137
25 29
25 116
25 135
25 101
25 186
25 209
25 205
25 148
25 102
25 13
25 38
25 168
25 133
25 0
25 212
25 145
25 69
25 217
25 56
25 191
25 180
25 182
25 141
25 36
25 30
25 12
25 118
25 16
25 93
25 178
25 82
25 137
25 158
29 116
29 153
29 135
29 101
29 186
29 14
29 108
29 205
29 102
29 114
29 32
29 168
29 133
29 212
29 145
29 69
29 182
29 6
29 31
29 36
29 62
29 30
29 79
29 118
29 93
29 26
29 128
29 137
29 158
116 153
116 52
116 135
116 207
116 209
116 114
116 189
116 149
116 168
116 0
116 145
116 69
116 56
116 182
116 6
116 62
116 79
116 26
116 178
153 209
153 66
153 14
153 108
153 205
153 102
153 13
153 114
153 32
153 168
153 88
153 212
153 69
153 217
153 191
153 180
153 182
153 141
153 6
153 36
153 79
153 90
153 128
153 178
153 82
153 158
52 135
52 101
52 14
52 205
52 13
52 32
52 189
52 38
52 149
52 145
52 217
52 56
52 191
52 180
52 182
52 141
52 79
52 12
52 82
52 17
135 186
135 207
135 209
135 148
135 114
135 38
135 149
135 133
135 88
135 212
135 145
135 69
135 56
135 191
135 180
135 6
135 31
135 62
135 30
135 79
135 12
135 90
135 17
101 207
101 209
101 66
101 14
101 108
101 205
101 148
101 114
101 38
101 212
101 56
101 191
101 180
101 182
101 6
101 62
101 30
101 12
101 118
101 16
101 90
101 93
101 137
101 158
101 17
186 209
186 108
186 205
186 148
186 13
186 32
186 38
186 168
186 133
186 0
186 69
186 56
186 191
186 182
186 141
186 31
186 16
186 93
186 26
186 128
186 178
186 158
186 17
207 66
207 102
207 189
207 38
207 133
207 0
207 191
207 180
207 31
207 30
207 12
207 118
207 16
207 26
207 128
207 178
207 158
209 108
209 148
209 114
209 133
209 88
209 212
209 56
209 141
209 31
209 62
209 79
209 12
209 16
209 93
209 26
209 178
209 82
209 137
209 158
209 17
66 205
66 148
66 102
66 13
66 168
66 88
66 0
66 212
66 217
66 56
66 180
66 182
66 141
66 36
66 30
66 79
66 12
66 118
66 90
66 93
66 128
66 82
66 137
14 108
14 205
14 102
14 114
14 38
14 145
14 69
14 191
14 36
14 79
14 118
14 16
14 90
14 26
14 128
14 82
14 137
14 158
108 205
108 102
108 114
108 32
108 189
108 38
108 168
108 88
108 0
108 212
108 145
108 69
108 56
108 191
108 180
108 182
108 6
108 31
108 62
108 12
108 16
108 90
108 128
108 178
108 137
108 158
108 17
205 148
205 114
205 32
205 168
205 0
205 217
205 141
205 30
205 26
205 178
205 17
148 114
148 149
148 168
148 133
148 141
148 36
148 62
148 90
148 93
148 128
148 137
148 158
102 13
102 114
102 168
102 133
102 88
102 212
102 145
102 56
102 31
102 62
102 30
102 79
102 12
102 16
102 90
102 26
102 158
13 189
13 168
13 133
13 88
13 0
13 145
13 217
13 191
13 180
13 182
13 141
13 6
13 31
13 36
13 62
13 30
13 16
13 93
13 128
13 178
13 137
13 158
13 17
114 32
114 149
114 168
114 212
114 69
114 180
114 141
114 62
114 118
114 16
114 93
114 128
114 82
114 17
32 189
32 133
32 88
32 0
32 69
32 6
32 31
32 36
32 62
32 30
32 118
32 16
32 26
32 128
32 178
32 82
32 137
32 158
189 149
189 168
189 145
189 217
189 56
189 191
189 180
189 182
189 141
189 6
189 62
189 79
189 12
189 118
189 90
189 26
189 82
189 137
189 158
38 149
38 168
38 133
38 0
38 69
38 217
38 56
38 191
38 141
38 6
38 36
38 30
38 93
38 82
38 17
149 168
149 133
149 145
149 69
149 191
149 182
149 141
149 6
149 31
149 36
149 62
149 30
149 12
149 118
149 16
149 90
149 93
149 158
168 212
168 145
168 69
168 56
168 191
168 182
168 6
168 36
168 12
168 118
168 90
168 178
133 212
133 145
133 56
133 182
133 141
133 31
133 12
133 90
133 26
133 82
88 0
88 217
88 56
88 182
88 6
88 31
88 30
88 16
88 90
88 93
88 26
88 128
88 82
88 137
88 17
0 217
0 31
0 62
0 30
0 12
0 118
0 16
0 26
0 178
0 158
0 17
212 145
212 69
212 56
212 191
212 180
212 141
212 31
212 36
212 62
212 12
212 90
212 158
212 17
145 69
145 56
145 191
145 180
145 182
145 141
145 6
145 36
145 62
145 30
145 12
145 118
145 90
145 93
145 128
145 178
145 137
69 56
69 191
69 180
69 182
69 141
69 31
69 36
69 62
69 79
69 12
69 128
69 82
69 158
69 17
217 141
217 62
217 79
217 118
217 90
217 93
217 26
217 128
217 178
217 137
217 158
217 17
56 180
56 141
56 6
56 62
56 30
56 79
56 12
56 90
56 26
56 128
56 137
56 158
56 17
191 180
191 182
191 141
191 36
191 79
191 12
191 16
191 93
191 26
191 128
191 178
191 158
191 17
180 141
180 36
180 12
180 90
180 93
180 26
180 178
180 137
180 17
182 31
182 30
182 12
182 16
182 128
182 178
182 82
182 137
182 158
182 17
141 6
141 31
141 12
141 118
141 16
141 93
141 26
141 178
141 82
141 17
6 31
6 36
6 62
6 118
6 93
6 26
6 128
6 178
6 82
31 36
31 30
31 79
31 12
31 118
31 16
31 93
31 178
31 82
31 17
36 62
36 12
36 118
36 90
36 93
36 158
36 17
62 79
62 93
30 79
30 12
30 26
30 128
30 178
30 158
30 17
79 93
79 26
79 178
79 82
12 90
12 128
12 178
12 82
12 158
118 16
118 26
118 178
118 82
118 137
118 158
118 17
16 137
16 17
90 93
90 128
90 178
90 82
90 158
90 17
93 26
93 128
93 178
93 137
93 158
26 128
26 178
26 82
26 158
128 178
128 82
128 17
178 137
178 158
82 17
137 158
137 17
158 17
