*verties 197
38
101
117
111
48
198
195
103
36
174
45
77
180
164
55
142
205
106
98
79
191
12
199
20
54
171
35
135
216
175
176
118
18
58
213
7
125
6
218
143
167
28
139
172
72
65
137
73
92
102
129
161
127
159
156
153
122
121
64
4
124
190
23
76
134
90
59
130
99
49
138
93
183
185
84
146
37
168
69
104
71
17
0
32
74
208
158
126
94
160
25
1
2
200
34
30
107
68
155
83
132
212
116
43
152
188
115
148
166
60
78
214
52
128
87
29
53
9
207
149
26
41
91
46
120
33
63
40
204
192
44
193
114
133
181
100
201
97
67
109
113
16
144
86
203
21
50
151
194
136
81
96
31
8
105
173
182
85
206
141
210
211
147
170
215
15
57
186
75
22
196
162
11
42
89
154
209
179
19
27
47
3
24
165
187
95
197
14
110
62
5
80
202
70
169
163
178
*edges 
38 111
38 48
38 198
38 103
38 36
38 174
38 45
38 164
38 55
38 142
38 205
38 106
38 98
38 79
38 191
38 35
38 216
38 176
38 18
38 58
38 213
38 125
38 218
38 143
38 167
38 28
38 139
38 172
38 137
38 73
38 92
38 102
38 127
38 153
38 121
38 4
38 190
38 76
38 134
38 90
38 59
38 49
38 93
38 183
38 185
38 37
38 168
38 104
38 17
38 0
38 208
38 158
38 126
38 94
38 25
38 30
38 107
38 68
38 155
38 132
38 212
38 43
38 188
38 166
38 60
38 214
38 29
38 9
38 91
38 46
38 33
38 40
38 44
38 114
38 133
38 181
38 100
38 67
38 109
38 16
38 144
38 203
38 21
38 151
38 194
38 136
38 81
38 8
38 182
38 85
38 206
38 210
38 211
38 147
38 170
38 15
38 57
38 75
38 196
38 162
38 209
38 179
38 27
38 47
38 3
38 95
38 14
38 62
38 80
38 163
101 117
101 111
101 48
101 198
101 103
101 45
101 180
101 142
101 205
101 106
101 79
101 54
101 171
101 135
101 216
101 175
101 176
101 118
101 18
101 172
101 72
101 137
101 73
101 92
101 102
101 129
101 127
101 159
101 153
101 124
101 23
101 76
101 59
101 99
101 93
101 84
101 146
101 37
101 69
101 104
101 71
101 32
101 74
101 208
101 94
101 1
101 2
101 34
101 155
101 83
101 132
101 212
101 152
101 115
101 148
101 60
101 78
101 29
101 53
101 9
101 41
101 91
101 33
101 63
101 204
101 193
101 133
101 181
101 201
101 109
101 113
101 16
101 203
101 50
101 151
101 194
101 81
101 96
101 8
101 141
101 210
101 170
101 215
101 15
101 57
101 186
101 75
101 22
101 196
101 162
101 11
101 42
101 209
101 27
101 47
101 165
101 187
101 95
101 197
101 202
101 169
101 163
101 178
117 111
117 48
117 198
117 36
117 45
117 77
117 164
117 55
117 191
117 12
117 54
117 171
117 35
117 175
117 176
117 213
117 125
117 167
117 28
117 139
117 172
117 65
117 137
117 73
117 156
117 122
117 64
117 4
117 124
117 23
117 76
117 134
117 90
117 59
117 130
117 99
117 138
117 93
117 84
117 146
117 37
117 168
117 69
117 104
117 71
117 0
117 74
117 208
117 158
117 126
117 94
117 160
117 2
117 200
117 68
117 132
117 116
117 43
117 152
117 188
117 148
117 166
117 78
117 214
117 9
117 26
117 46
117 204
117 192
117 44
117 114
117 133
117 181
117 97
117 67
117 113
117 86
117 151
117 136
117 81
117 96
117 8
117 173
117 182
117 141
117 211
117 147
117 170
117 15
117 186
117 22
117 42
117 89
117 179
117 27
117 3
117 24
117 165
117 187
117 95
117 197
117 14
117 62
117 202
117 70
117 169
117 163
111 198
111 103
111 36
111 77
111 164
111 142
111 98
111 79
111 191
111 12
111 20
111 171
111 35
111 216
111 175
111 118
111 18
111 58
111 7
111 125
111 6
111 218
111 167
111 28
111 139
111 172
111 65
111 73
111 92
111 102
111 129
111 161
111 159
111 153
111 121
111 64
111 4
111 190
111 99
111 93
111 183
111 185
111 84
111 146
111 37
111 69
111 71
111 17
111 0
111 32
111 74
111 126
111 94
111 160
111 25
111 2
111 34
111 30
111 107
111 68
111 155
111 116
111 115
111 148
111 166
111 60
111 214
111 128
111 87
111 53
111 9
111 207
111 149
111 26
111 41
111 91
111 46
111 120
111 63
111 192
111 193
111 133
111 201
111 97
111 67
111 113
111 16
111 144
111 86
111 203
111 21
111 151
111 194
111 136
111 96
111 8
111 173
111 85
111 206
111 210
111 211
111 170
111 215
111 186
111 75
111 196
111 162
111 11
111 42
111 209
111 179
111 27
111 47
111 3
111 197
111 110
111 62
111 80
111 70
111 163
48 195
48 36
48 174
48 180
48 142
48 205
48 106
48 98
48 191
48 12
48 199
48 54
48 35
48 216
48 175
48 18
48 213
48 7
48 125
48 6
48 143
48 28
48 139
48 172
48 72
48 65
48 137
48 92
48 102
48 129
48 161
48 159
48 156
48 153
48 121
48 64
48 4
48 124
48 190
48 76
48 134
48 59
48 130
48 49
48 138
48 93
48 146
48 37
48 168
48 69
48 104
48 71
48 32
48 208
48 158
48 126
48 94
48 1
48 200
48 30
48 107
48 68
48 83
48 132
48 43
48 115
48 60
48 214
48 52
48 128
48 87
48 9
48 207
48 149
48 26
48 41
48 46
48 120
48 33
48 40
48 192
48 44
48 193
48 114
48 133
48 100
48 201
48 67
48 109
48 113
48 144
48 194
48 136
48 81
48 8
48 85
48 210
48 211
48 170
48 15
48 57
48 75
48 22
48 196
48 162
48 11
48 89
48 179
48 19
48 187
48 110
48 62
48 169
198 174
198 45
198 77
198 180
198 164
198 142
198 205
198 106
198 98
198 12
198 199
198 20
198 171
198 35
198 135
198 216
198 18
198 7
198 125
198 218
198 167
198 139
198 172
198 72
198 73
198 92
198 102
198 129
198 156
198 153
198 122
198 124
198 23
198 76
198 134
198 90
198 59
198 130
198 99
198 49
198 138
198 183
198 185
198 84
198 37
198 168
198 69
198 0
198 74
198 158
198 126
198 94
198 160
198 200
198 68
198 155
198 116
198 43
198 188
198 115
198 148
198 60
198 52
198 9
198 207
198 149
198 26
198 91
198 46
198 63
198 44
198 193
198 133
198 181
198 100
198 201
198 97
198 109
198 86
198 203
198 21
198 50
198 151
198 136
198 96
198 31
198 173
198 206
198 141
198 147
198 170
198 215
198 15
198 186
198 22
198 162
198 42
198 89
198 154
198 209
198 179
198 27
198 3
198 165
198 187
198 62
198 5
198 202
198 70
198 163
198 178
195 103
195 36
195 174
195 45
195 164
195 55
195 142
195 205
195 106
195 12
195 199
195 54
195 35
195 135
195 216
195 176
195 118
195 18
195 125
195 6
195 143
195 28
195 172
195 72
195 137
195 73
195 92
195 129
195 127
195 159
195 156
195 153
195 124
195 134
195 90
195 99
195 49
195 93
195 185
195 146
195 37
195 69
195 71
195 208
195 158
195 126
195 25
195 2
195 34
195 30
195 132
195 212
195 43
195 152
195 188
195 115
195 148
195 78
195 214
195 52
195 29
195 53
195 26
195 46
195 120
195 204
195 44
195 193
195 181
195 201
195 97
195 67
195 16
195 203
195 151
195 136
195 8
195 105
195 182
195 141
195 147
195 170
195 57
195 186
195 75
195 22
195 162
195 11
195 89
195 154
195 179
195 19
195 27
195 47
195 3
195 24
195 165
195 95
195 14
195 110
195 80
195 163
103 36
103 45
103 180
103 164
103 79
103 191
103 199
103 20
103 54
103 171
103 35
103 216
103 175
103 176
103 18
103 213
103 125
103 6
103 218
103 143
103 28
103 139
103 172
103 65
103 137
103 127
103 159
103 156
103 153
103 122
103 64
103 124
103 134
103 59
103 130
103 99
103 138
103 183
103 185
103 69
103 104
103 71
103 17
103 0
103 32
103 208
103 158
103 126
103 25
103 2
103 107
103 155
103 83
103 116
103 43
103 148
103 166
103 60
103 78
103 214
103 52
103 128
103 87
103 29
103 9
103 149
103 26
103 46
103 120
103 33
103 192
103 44
103 133
103 100
103 97
103 67
103 109
103 113
103 203
103 151
103 81
103 96
103 105
103 182
103 85
103 141
103 210
103 147
103 15
103 196
103 162
103 27
103 47
103 3
103 24
103 165
103 14
103 110
103 202
103 169
103 163
103 178
36 174
36 180
36 55
36 142
36 106
36 98
36 79
36 12
36 199
36 171
36 35
36 135
36 175
36 176
36 118
36 213
36 125
36 6
36 143
36 28
36 139
36 172
36 65
36 137
36 73
36 92
36 129
36 161
36 159
36 153
36 121
36 64
36 190
36 23
36 130
36 99
36 138
36 93
36 183
36 185
36 84
36 146
36 69
36 71
36 17
36 32
36 94
36 25
36 1
36 2
36 200
36 30
36 155
36 152
36 115
36 166
36 60
36 52
36 128
36 87
36 29
36 207
36 149
36 26
36 41
36 91
36 46
36 120
36 33
36 63
36 204
36 44
36 193
36 181
36 201
36 97
36 109
36 113
36 86
36 203
36 50
36 96
36 31
36 105
36 173
36 182
36 206
36 210
36 147
36 215
36 57
36 75
36 22
36 162
36 11
36 89
36 154
36 179
36 3
36 24
36 187
36 197
36 14
36 70
36 169
36 163
174 180
174 164
174 142
174 205
174 106
174 79
174 12
174 54
174 171
174 175
174 18
174 58
174 125
174 6
174 28
174 139
174 172
174 72
174 137
174 73
174 92
174 102
174 127
174 159
174 156
174 153
174 122
174 121
174 64
174 190
174 23
174 76
174 90
174 59
174 130
174 99
174 49
174 146
174 37
174 168
174 104
174 71
174 74
174 208
174 158
174 160
174 25
174 2
174 30
174 107
174 68
174 132
174 212
174 152
174 188
174 148
174 166
174 60
174 52
174 128
174 87
174 29
174 53
174 9
174 207
174 149
174 26
174 41
174 91
174 46
174 63
174 44
174 114
174 133
174 100
174 67
174 113
174 16
174 50
174 194
174 81
174 31
174 105
174 173
174 182
174 206
174 211
174 57
174 75
174 196
174 162
174 11
174 89
174 154
174 209
174 179
174 27
174 3
174 24
174 187
174 197
174 62
174 202
174 169
45 180
45 164
45 55
45 205
45 98
45 191
45 12
45 199
45 20
45 35
45 135
45 216
45 175
45 176
45 18
45 125
45 218
45 143
45 167
45 28
45 73
45 102
45 129
45 153
45 122
45 64
45 124
45 23
45 134
45 90
45 59
45 130
45 99
45 183
45 185
45 69
45 71
45 17
45 2
45 34
45 30
45 107
45 132
45 116
45 43
45 188
45 148
45 60
45 52
45 128
45 53
45 207
45 149
45 26
45 41
45 91
45 46
45 33
45 40
45 204
45 44
45 181
45 100
45 201
45 16
45 144
45 203
45 151
45 194
45 81
45 96
45 31
45 173
45 206
45 210
45 170
45 215
45 15
45 57
45 186
45 162
45 11
45 154
45 209
45 19
45 47
45 24
45 165
45 187
45 197
45 62
45 5
45 80
45 70
45 169
45 163
77 180
77 55
77 142
77 106
77 98
77 191
77 12
77 54
77 35
77 135
77 118
77 18
77 58
77 213
77 6
77 218
77 28
77 172
77 72
77 137
77 73
77 92
77 129
77 161
77 159
77 122
77 124
77 23
77 134
77 59
77 99
77 49
77 138
77 93
77 183
77 185
77 84
77 146
77 168
77 71
77 0
77 32
77 74
77 94
77 160
77 25
77 2
77 200
77 30
77 83
77 132
77 116
77 43
77 188
77 148
77 166
77 78
77 214
77 52
77 87
77 29
77 207
77 26
77 120
77 33
77 40
77 204
77 44
77 133
77 201
77 113
77 144
77 203
77 21
77 151
77 194
77 136
77 105
77 85
77 141
77 147
77 15
77 57
77 186
77 75
77 22
77 196
77 162
77 11
77 154
77 179
77 27
77 47
77 24
77 95
77 197
77 110
77 62
77 80
77 70
77 178
180 55
180 106
180 191
180 12
180 199
180 35
180 118
180 18
180 58
180 213
180 7
180 6
180 218
180 143
180 167
180 28
180 139
180 172
180 72
180 65
180 73
180 102
180 129
180 153
180 122
180 4
180 124
180 190
180 23
180 76
180 134
180 130
180 99
180 49
180 93
180 183
180 185
180 146
180 37
180 168
180 69
180 74
180 208
180 158
180 126
180 94
180 160
180 25
180 1
180 2
180 200
180 30
180 107
180 68
180 155
180 83
180 116
180 152
180 188
180 78
180 128
180 87
180 29
180 26
180 41
180 91
180 120
180 33
180 63
180 40
180 192
180 44
180 193
180 114
180 133
180 181
180 113
180 16
180 144
180 203
180 50
180 136
180 96
180 31
180 8
180 182
180 206
180 147
180 170
180 215
180 15
180 57
180 186
180 196
180 162
180 11
180 154
180 209
180 19
180 27
180 47
180 3
180 24
180 165
180 187
180 95
180 14
180 110
180 5
180 202
180 169
180 163
180 178
164 55
164 142
164 79
164 12
164 199
164 20
164 54
164 171
164 35
164 135
164 176
164 58
164 218
164 143
164 167
164 28
164 172
164 72
164 92
164 102
164 129
164 161
164 159
164 153
164 4
164 124
164 190
164 134
164 59
164 99
164 49
164 138
164 93
164 185
164 84
164 69
164 104
164 71
164 17
164 0
164 74
164 208
164 158
164 160
164 25
164 34
164 30
164 107
164 68
164 155
164 212
164 116
164 43
164 152
164 188
164 166
164 78
164 214
164 52
164 128
164 87
164 53
164 149
164 26
164 91
164 46
164 120
164 33
164 63
164 204
164 192
164 193
164 114
164 100
164 201
164 97
164 67
164 113
164 194
164 136
164 81
164 96
164 105
164 173
164 141
164 211
164 15
164 186
164 75
164 162
164 11
164 42
164 19
164 27
164 47
164 24
164 165
164 187
164 14
164 110
164 62
164 80
164 202
164 70
164 163
55 142
55 106
55 98
55 79
55 191
55 20
55 54
55 171
55 35
55 135
55 175
55 176
55 118
55 18
55 58
55 213
55 125
55 28
55 172
55 72
55 73
55 92
55 129
55 161
55 127
55 156
55 121
55 23
55 134
55 49
55 183
55 185
55 146
55 37
55 168
55 69
55 104
55 71
55 17
55 0
55 32
55 74
55 208
55 158
55 126
55 25
55 1
55 2
55 34
55 107
55 68
55 155
55 83
55 132
55 116
55 152
55 166
55 78
55 87
55 29
55 9
55 207
55 149
55 41
55 120
55 63
55 204
55 44
55 133
55 100
55 109
55 113
55 16
55 144
55 86
55 21
55 151
55 136
55 81
55 96
55 31
55 8
55 105
55 182
55 85
55 206
55 210
55 211
55 147
55 170
55 215
55 75
55 11
55 89
55 154
55 19
55 47
55 3
55 24
55 165
55 187
55 197
55 14
55 110
55 62
55 80
55 202
55 70
55 163
55 178
142 205
142 98
142 191
142 12
142 54
142 171
142 35
142 135
142 216
142 175
142 118
142 18
142 213
142 125
142 6
142 143
142 167
142 28
142 139
142 137
142 73
142 92
142 102
142 129
142 127
142 153
142 122
142 190
142 76
142 134
142 90
142 59
142 130
142 99
142 49
142 183
142 185
142 84
142 37
142 69
142 104
142 71
142 94
142 160
142 1
142 2
142 200
142 107
142 68
142 155
142 132
142 212
142 188
142 148
142 166
142 60
142 78
142 214
142 52
142 53
142 149
142 26
142 91
142 46
142 40
142 204
142 192
142 44
142 193
142 133
142 100
142 67
142 109
142 113
142 16
142 144
142 203
142 50
142 136
142 96
142 8
142 105
142 173
142 85
142 210
142 147
142 170
142 215
142 57
142 75
142 196
142 162
142 42
142 154
142 209
142 179
142 19
142 27
142 47
142 165
142 187
142 95
142 14
142 110
142 62
142 5
142 80
142 202
142 70
142 169
142 163
205 106
205 98
205 79
205 191
205 199
205 171
205 35
205 135
205 118
205 18
205 58
205 7
205 6
205 167
205 28
205 72
205 65
205 92
205 129
205 127
205 156
205 121
205 64
205 124
205 23
205 59
205 130
205 93
205 183
205 185
205 84
205 146
205 37
205 104
205 71
205 0
205 74
205 158
205 126
205 94
205 25
205 1
205 2
205 200
205 30
205 107
205 155
205 83
205 132
205 116
205 43
205 152
205 188
205 148
205 166
205 78
205 214
205 52
205 128
205 87
205 29
205 53
205 9
205 207
205 149
205 26
205 41
205 91
205 46
205 120
205 33
205 63
205 204
205 114
205 181
205 97
205 67
205 109
205 16
205 86
205 21
205 50
205 151
205 194
205 136
205 81
205 31
205 105
205 182
205 85
205 206
205 210
205 211
205 215
205 15
205 57
205 22
205 162
205 11
205 42
205 154
205 27
205 47
205 24
205 165
205 187
205 95
205 197
205 110
205 62
205 5
205 80
205 70
205 169
205 178
106 98
106 79
106 12
106 20
106 171
106 35
106 135
106 176
106 213
106 7
106 143
106 167
106 28
106 139
106 172
106 65
106 102
106 161
106 127
106 156
106 153
106 122
106 121
106 64
106 4
106 190
106 59
106 130
106 99
106 49
106 138
106 93
106 185
106 37
106 168
106 71
106 17
106 32
106 208
106 126
106 160
106 25
106 34
106 107
106 155
106 83
106 132
106 43
106 148
106 166
106 60
106 52
106 128
106 87
106 29
106 53
106 9
106 207
106 26
106 46
106 63
106 204
106 192
106 44
106 114
106 181
106 201
106 97
106 67
106 109
106 113
106 144
106 203
106 21
106 50
106 136
106 96
106 173
106 85
106 206
106 141
106 147
106 15
106 57
106 75
106 22
106 11
106 42
106 89
106 179
106 27
106 47
106 187
106 95
106 197
106 5
106 70
106 169
106 178
98 79
98 12
98 199
98 20
98 171
98 135
98 216
98 58
98 213
98 218
98 28
98 172
98 65
98 137
98 73
98 92
98 161
98 159
98 64
98 76
98 99
98 49
98 93
98 183
98 185
98 84
98 146
98 37
98 168
98 17
98 0
98 74
98 126
98 94
98 25
98 2
98 200
98 107
98 68
98 155
98 132
98 212
98 116
98 188
98 115
98 148
98 166
98 60
98 29
98 53
98 9
98 149
98 114
98 133
98 100
98 201
98 109
98 113
98 16
98 86
98 203
98 50
98 194
98 136
98 81
98 96
98 31
98 8
98 182
98 206
98 141
98 210
98 147
98 57
98 75
98 22
98 196
98 162
98 11
98 42
98 89
98 209
98 179
98 27
98 3
98 24
98 197
98 110
98 62
98 80
98 202
98 70
98 169
98 178
79 191
79 12
79 199
79 35
79 216
79 213
79 7
79 218
79 143
79 167
79 139
79 172
79 72
79 65
79 73
79 92
79 161
79 127
79 159
79 156
79 153
79 122
79 121
79 124
79 23
79 76
79 134
79 59
79 99
79 49
79 93
79 183
79 84
79 37
79 69
79 104
79 71
79 17
79 0
79 208
79 126
79 94
79 160
79 1
79 2
79 200
79 34
79 132
79 212
79 116
79 43
79 152
79 188
79 60
79 78
79 214
79 52
79 87
79 29
79 53
79 207
79 149
79 26
79 91
79 46
79 120
79 63
79 40
79 192
79 44
79 100
79 201
79 97
79 67
79 109
79 144
79 21
79 151
79 194
79 136
79 81
79 96
79 8
79 173
79 182
79 211
79 57
79 186
79 75
79 22
79 196
79 42
79 89
79 154
79 209
79 179
79 47
79 3
79 165
79 187
79 95
79 197
79 110
79 62
79 5
79 202
79 70
79 169
79 178
191 12
191 199
191 54
191 35
191 176
191 118
191 213
191 167
191 28
191 139
191 172
191 65
191 137
191 73
191 102
191 159
191 156
191 153
191 64
191 4
191 124
191 76
191 59
191 130
191 99
191 185
191 84
191 146
191 37
191 69
191 17
191 0
191 208
191 158
191 94
191 1
191 2
191 200
191 30
191 107
191 68
191 83
191 116
191 152
191 115
191 166
191 60
191 52
191 128
191 87
191 53
191 9
191 207
191 149
191 26
191 120
191 33
191 63
191 192
191 114
191 181
191 201
191 67
191 109
191 113
191 16
191 86
191 203
191 50
191 194
191 136
191 81
191 96
191 31
191 8
191 105
191 173
191 85
191 141
191 210
191 211
191 15
191 186
191 75
191 22
191 196
191 162
191 89
191 154
191 209
191 179
191 27
191 165
191 197
191 110
191 62
191 80
191 202
191 70
191 169
191 163
191 178
12 199
12 20
12 54
12 175
12 176
12 118
12 58
12 213
12 7
12 28
12 139
12 172
12 73
12 92
12 102
12 161
12 156
12 153
12 122
12 4
12 124
12 190
12 23
12 76
12 134
12 99
12 138
12 93
12 185
12 146
12 37
12 104
12 71
12 0
12 74
12 208
12 158
12 126
12 1
12 2
12 200
12 68
12 83
12 132
12 212
12 116
12 43
12 115
12 166
12 60
12 52
12 53
12 9
12 207
12 149
12 33
12 63
12 40
12 44
12 193
12 114
12 181
12 100
12 201
12 97
12 109
12 113
12 144
12 86
12 203
12 21
12 50
12 194
12 136
12 81
12 96
12 31
12 8
12 105
12 173
12 182
12 141
12 211
12 215
12 57
12 75
12 22
12 196
12 162
12 89
12 154
12 179
12 19
12 3
12 165
12 187
12 95
12 197
12 14
12 110
12 62
12 5
12 80
12 202
12 169
12 163
12 178
199 171
199 175
199 18
199 7
199 125
199 6
199 218
199 167
199 28
199 139
199 72
199 137
199 73
199 102
199 129
199 161
199 127
199 156
199 153
199 64
199 124
199 76
199 134
199 90
199 59
199 49
199 138
199 93
199 146
199 37
199 104
199 71
199 17
199 208
199 158
199 126
199 94
199 25
199 30
199 68
199 155
199 132
199 212
199 116
199 43
199 188
199 115
199 148
199 166
199 60
199 52
199 29
199 53
199 9
199 149
199 26
199 46
199 204
199 192
199 114
199 133
199 201
199 97
199 67
199 113
199 16
199 21
199 50
199 151
199 136
199 81
199 96
199 31
199 8
199 105
199 173
199 85
199 141
199 210
199 170
199 215
199 186
199 75
199 196
199 162
199 11
199 42
199 89
199 154
199 209
199 179
199 47
199 24
199 187
199 95
199 62
199 5
199 70
199 178
20 54
20 171
20 216
20 175
20 176
20 18
20 58
20 213
20 7
20 6
20 218
20 143
20 167
20 28
20 172
20 65
20 137
20 73
20 102
20 129
20 127
20 159
20 153
20 64
20 190
20 59
20 49
20 138
20 93
20 183
20 84
20 146
20 37
20 168
20 104
20 71
20 17
20 0
20 32
20 74
20 208
20 158
20 25
20 34
20 107
20 83
20 132
20 212
20 116
20 43
20 188
20 115
20 78
20 214
20 128
20 53
20 207
20 41
20 91
20 46
20 120
20 63
20 40
20 193
20 114
20 201
20 97
20 203
20 151
20 194
20 136
20 81
20 8
20 105
20 173
20 206
20 210
20 211
20 215
20 22
20 196
20 162
20 42
20 89
20 209
20 179
20 19
20 27
20 3
20 24
20 165
20 95
20 14
20 110
20 80
20 202
20 70
20 169
20 163
54 171
54 35
54 216
54 175
54 118
54 58
54 213
54 7
54 143
54 28
54 72
54 137
54 92
54 102
54 161
54 127
54 159
54 153
54 122
54 121
54 64
54 4
54 124
54 76
54 59
54 49
54 93
54 185
54 84
54 146
54 37
54 168
54 104
54 71
54 0
54 32
54 74
54 158
54 126
54 160
54 25
54 2
54 200
54 30
54 155
54 212
54 116
54 115
54 148
54 166
54 60
54 214
54 53
54 207
54 26
54 46
54 120
54 33
54 63
54 204
54 114
54 181
54 100
54 16
54 144
54 86
54 203
54 21
54 50
54 151
54 136
54 96
54 31
54 8
54 173
54 85
54 210
54 147
54 170
54 15
54 186
54 22
54 196
54 11
54 19
54 47
54 3
54 24
54 187
54 95
54 62
54 5
54 178
171 135
171 216
171 58
171 213
171 125
171 6
171 218
171 28
171 137
171 92
171 102
171 129
171 156
171 121
171 4
171 124
171 190
171 23
171 76
171 134
171 90
171 59
171 49
171 185
171 84
171 168
171 69
171 17
171 32
171 158
171 126
171 1
171 200
171 34
171 107
171 68
171 155
171 83
171 212
171 152
171 115
171 148
171 78
171 214
171 87
171 29
171 53
171 26
171 41
171 91
171 46
171 33
171 63
171 40
171 204
171 192
171 44
171 114
171 181
171 100
171 201
171 113
171 86
171 50
171 151
171 81
171 96
171 31
171 173
171 182
171 206
171 141
171 211
171 147
171 170
171 215
171 186
171 75
171 196
171 42
171 154
171 209
171 179
171 3
171 95
171 110
171 62
171 5
171 80
171 202
171 169
35 135
35 176
35 7
35 6
35 139
35 72
35 65
35 73
35 92
35 102
35 161
35 127
35 156
35 153
35 122
35 64
35 4
35 190
35 23
35 76
35 90
35 59
35 130
35 99
35 49
35 185
35 146
35 37
35 71
35 17
35 32
35 208
35 94
35 160
35 25
35 2
35 200
35 34
35 68
35 132
35 212
35 116
35 43
35 152
35 188
35 115
35 60
35 87
35 9
35 149
35 26
35 41
35 120
35 63
35 40
35 44
35 193
35 114
35 181
35 100
35 109
35 144
35 86
35 203
35 50
35 151
35 194
35 136
35 96
35 31
35 105
35 182
35 206
35 141
35 147
35 186
35 42
35 89
35 154
35 27
35 3
35 165
35 95
35 197
35 5
35 80
35 70
135 216
135 175
135 118
135 18
135 58
135 213
135 7
135 125
135 6
135 143
135 167
135 28
135 139
135 172
135 65
135 73
135 92
135 102
135 129
135 161
135 127
135 159
135 64
135 4
135 124
135 190
135 23
135 134
135 59
135 49
135 93
135 183
135 69
135 104
135 74
135 208
135 158
135 126
135 160
135 25
135 34
135 30
135 68
135 155
135 132
135 212
135 43
135 152
135 115
135 148
135 60
135 214
135 52
135 128
135 29
135 53
135 9
135 207
135 149
135 41
135 91
135 120
135 33
135 63
135 192
135 44
135 114
135 181
135 201
135 113
135 16
135 144
135 86
135 21
135 81
135 96
135 31
135 8
135 105
135 173
135 182
135 85
135 210
135 147
135 57
135 22
135 196
135 162
135 11
135 89
135 209
135 19
135 3
135 24
135 187
135 14
135 62
135 5
135 169
216 213
216 7
216 125
216 218
216 167
216 65
216 137
216 73
216 102
216 129
216 161
216 127
216 159
216 153
216 122
216 64
216 23
216 90
216 59
216 130
216 49
216 138
216 93
216 84
216 146
216 168
216 104
216 71
216 32
216 126
216 94
216 160
216 25
216 1
216 30
216 107
216 132
216 152
216 166
216 60
216 214
216 52
216 87
216 29
216 9
216 149
216 26
216 41
216 91
216 46
216 33
216 63
216 204
216 193
216 133
216 100
216 67
216 109
216 113
216 16
216 86
216 50
216 151
216 194
216 81
216 96
216 31
216 8
216 173
216 182
216 206
216 141
216 210
216 211
216 170
216 57
216 162
216 42
216 209
216 179
216 24
216 187
216 197
216 14
216 110
216 5
216 80
216 169
216 178
175 18
175 58
175 213
175 6
175 28
175 139
175 172
175 65
175 137
175 73
175 92
175 121
175 4
175 190
175 23
175 76
175 134
175 93
175 183
175 185
175 168
175 104
175 71
175 0
175 74
175 126
175 94
175 160
175 2
175 34
175 30
175 107
175 68
175 155
175 132
175 212
175 152
175 115
175 78
175 52
175 87
175 29
175 53
175 207
175 149
175 41
175 91
175 63
175 40
175 192
175 114
175 133
175 100
175 201
175 67
175 113
175 86
175 21
175 50
175 151
175 173
175 182
175 85
175 206
175 141
175 210
175 211
175 147
175 170
175 215
175 75
175 22
175 196
175 162
175 11
175 209
175 27
175 47
175 3
175 24
175 187
175 14
175 110
175 62
175 5
175 80
175 202
175 70
175 169
175 178
176 118
176 18
176 58
176 213
176 7
176 125
176 6
176 218
176 143
176 167
176 139
176 65
176 137
176 73
176 92
176 161
176 127
176 159
176 156
176 153
176 122
176 64
176 124
176 76
176 134
176 59
176 99
176 49
176 138
176 93
176 183
176 37
176 69
176 71
176 17
176 74
176 126
176 94
176 160
176 25
176 1
176 2
176 34
176 68
176 83
176 115
176 148
176 166
176 78
176 214
176 52
176 87
176 149
176 26
176 120
176 33
176 40
176 193
176 201
176 113
176 144
176 86
176 203
176 21
176 50
176 151
176 194
176 136
176 96
176 31
176 8
176 105
176 173
176 182
176 85
176 206
176 210
176 211
176 147
176 215
176 57
176 186
176 75
176 22
176 196
176 162
176 11
176 42
176 89
176 154
176 179
176 19
176 27
176 3
176 24
176 187
176 197
176 14
176 62
176 5
176 80
176 178
118 6
118 143
118 167
118 28
118 139
118 172
118 72
118 65
118 73
118 92
118 129
118 161
118 127
118 159
118 122
118 121
118 4
118 23
118 76
118 134
118 130
118 99
118 49
118 138
118 93
118 183
118 84
118 37
118 69
118 104
118 71
118 17
118 32
118 158
118 94
118 200
118 34
118 30
118 68
118 155
118 83
118 132
118 212
118 43
118 152
118 166
118 214
118 128
118 87
118 29
118 53
118 9
118 149
118 26
118 41
118 91
118 46
118 120
118 63
118 204
118 192
118 44
118 100
118 97
118 67
118 109
118 113
118 144
118 21
118 50
118 151
118 136
118 31
118 8
118 105
118 173
118 85
118 206
118 211
118 147
118 170
118 15
118 57
118 186
118 75
118 22
118 42
118 89
118 154
118 209
118 179
118 19
118 27
118 47
118 24
118 165
118 95
118 197
118 14
118 5
118 80
118 202
118 70
118 163
18 58
18 218
18 167
18 28
18 72
18 137
18 92
18 102
18 153
18 4
18 124
18 23
18 134
18 130
18 99
18 49
18 138
18 93
18 84
18 168
18 69
18 104
18 71
18 17
18 32
18 158
18 126
18 30
18 107
18 155
18 83
18 132
18 212
18 116
18 43
18 188
18 115
18 166
18 60
18 78
18 214
18 52
18 9
18 207
18 91
18 46
18 120
18 192
18 193
18 100
18 201
18 97
18 67
18 113
18 16
18 86
18 21
18 50
18 194
18 136
18 81
18 96
18 31
18 8
18 105
18 173
18 85
18 141
18 210
18 211
18 170
18 186
18 75
18 162
18 11
18 179
18 47
18 3
18 24
18 14
18 5
18 202
18 163
18 178
58 7
58 6
58 143
58 28
58 65
58 137
58 73
58 102
58 129
58 161
58 127
58 156
58 153
58 122
58 121
58 190
58 23
58 76
58 90
58 59
58 130
58 99
58 49
58 183
58 185
58 146
58 168
58 69
58 104
58 126
58 94
58 160
58 2
58 34
58 30
58 107
58 68
58 132
58 212
58 43
58 152
58 188
58 115
58 166
58 60
58 52
58 87
58 29
58 9
58 41
58 91
58 63
58 40
58 192
58 193
58 133
58 100
58 201
58 16
58 144
58 86
58 203
58 21
58 50
58 194
58 136
58 81
58 31
58 8
58 105
58 173
58 85
58 147
58 215
58 15
58 57
58 186
58 75
58 196
58 162
58 42
58 209
58 27
58 24
58 197
58 14
58 202
58 70
58 169
58 178
213 6
213 167
213 139
213 172
213 65
213 129
213 159
213 156
213 153
213 121
213 124
213 190
213 134
213 59
213 130
213 99
213 93
213 183
213 185
213 84
213 168
213 104
213 17
213 74
213 208
213 158
213 160
213 25
213 1
213 2
213 107
213 155
213 83
213 132
213 212
213 152
213 115
213 78
213 52
213 87
213 29
213 53
213 41
213 33
213 63
213 40
213 44
213 193
213 114
213 201
213 97
213 109
213 113
213 86
213 21
213 50
213 151
213 194
213 81
213 96
213 8
213 173
213 85
213 210
213 211
213 170
213 186
213 75
213 22
213 196
213 162
213 11
213 42
213 89
213 154
213 209
213 19
213 27
213 3
213 187
213 95
213 110
213 62
213 5
213 202
213 169
7 125
7 167
7 28
7 172
7 72
7 102
7 161
7 122
7 121
7 4
7 23
7 76
7 90
7 59
7 130
7 49
7 93
7 183
7 185
7 37
7 168
7 69
7 71
7 17
7 0
7 25
7 1
7 2
7 34
7 107
7 68
7 83
7 212
7 116
7 115
7 148
7 166
7 60
7 78
7 214
7 29
7 207
7 26
7 91
7 46
7 63
7 40
7 192
7 44
7 193
7 133
7 181
7 97
7 67
7 113
7 16
7 144
7 86
7 203
7 151
7 96
7 105
7 173
7 206
7 210
7 211
7 15
7 186
7 162
7 11
7 89
7 154
7 209
7 19
7 27
7 24
7 165
7 95
7 62
7 5
7 70
7 178
125 6
125 218
125 143
125 167
125 139
125 137
125 73
125 102
125 161
125 127
125 159
125 156
125 153
125 122
125 121
125 64
125 190
125 23
125 134
125 130
125 99
125 49
125 138
125 183
125 37
125 69
125 71
125 17
125 0
125 32
125 74
125 94
125 160
125 25
125 200
125 34
125 107
125 155
125 132
125 115
125 214
125 52
125 128
125 29
125 53
125 9
125 149
125 26
125 91
125 46
125 120
125 204
125 44
125 133
125 181
125 100
125 201
125 144
125 86
125 203
125 50
125 151
125 81
125 96
125 8
125 105
125 206
125 141
125 147
125 170
125 186
125 75
125 22
125 162
125 11
125 42
125 154
125 179
125 19
125 27
125 47
125 187
125 95
125 197
125 62
125 5
125 202
125 178
6 143
6 167
6 28
6 139
6 172
6 65
6 137
6 129
6 161
6 127
6 159
6 156
6 121
6 64
6 124
6 23
6 134
6 90
6 99
6 49
6 185
6 84
6 69
6 104
6 17
6 32
6 74
6 94
6 25
6 2
6 200
6 107
6 68
6 83
6 212
6 166
6 60
6 78
6 214
6 52
6 87
6 29
6 9
6 207
6 149
6 41
6 91
6 46
6 33
6 192
6 44
6 114
6 181
6 100
6 97
6 113
6 144
6 86
6 203
6 21
6 151
6 31
6 8
6 105
6 206
6 210
6 211
6 147
6 215
6 15
6 57
6 22
6 196
6 11
6 42
6 154
6 209
6 179
6 19
6 27
6 3
6 24
6 95
6 197
6 14
6 110
6 5
6 80
6 70
6 178
218 65
218 137
218 92
218 102
218 129
218 161
218 127
218 156
218 122
218 64
218 124
218 23
218 76
218 90
218 59
218 130
218 99
218 138
218 84
218 146
218 69
218 104
218 71
218 17
218 74
218 208
218 1
218 2
218 200
218 107
218 132
218 212
218 116
218 43
218 152
218 166
218 60
218 87
218 149
218 91
218 46
218 120
218 192
218 44
218 114
218 181
218 97
218 113
218 16
218 144
218 86
218 203
218 50
218 194
218 136
218 182
218 206
218 210
218 211
218 147
218 170
218 15
218 186
218 75
218 22
218 196
218 11
218 42
218 89
218 19
218 3
218 24
218 165
218 187
218 110
218 62
218 80
218 169
218 163
218 178
143 167
143 72
143 92
143 102
143 161
143 127
143 159
143 153
143 122
143 121
143 64
143 124
143 76
143 59
143 130
143 99
143 138
143 93
143 183
143 185
143 84
143 146
143 37
143 168
143 69
143 104
143 71
143 32
143 208
143 126
143 160
143 25
143 1
143 2
143 200
143 30
143 68
143 155
143 83
143 188
143 115
143 166
143 60
143 78
143 214
143 52
143 29
143 149
143 41
143 91
143 46
143 120
143 33
143 40
143 204
143 192
143 114
143 100
143 201
143 67
143 16
143 203
143 50
143 151
143 136
143 81
143 96
143 173
143 85
143 141
143 210
143 211
143 147
143 170
143 215
143 186
143 22
143 196
143 162
143 179
143 19
143 27
143 47
143 165
143 187
143 95
143 14
143 110
143 5
143 80
143 70
143 169
143 178
167 28
167 139
167 137
167 102
167 129
167 127
167 156
167 121
167 64
167 124
167 134
167 59
167 130
167 99
167 138
167 84
167 146
167 168
167 104
167 17
167 0
167 30
167 107
167 83
167 212
167 116
167 43
167 152
167 188
167 115
167 60
167 78
167 214
167 52
167 128
167 87
167 29
167 207
167 120
167 33
167 63
167 40
167 44
167 193
167 114
167 133
167 181
167 100
167 97
167 67
167 109
167 113
167 16
167 86
167 203
167 81
167 96
167 31
167 105
167 182
167 206
167 141
167 210
167 211
167 147
167 170
167 57
167 186
167 22
167 11
167 42
167 89
167 179
167 27
167 24
167 165
167 187
167 197
167 14
167 5
167 202
28 172
28 72
28 137
28 73
28 161
28 159
28 156
28 122
28 64
28 124
28 190
28 134
28 130
28 49
28 138
28 93
28 183
28 146
28 69
28 104
28 71
28 0
28 32
28 208
28 94
28 160
28 2
28 34
28 30
28 68
28 155
28 132
28 212
28 116
28 43
28 152
28 188
28 115
28 166
28 60
28 78
28 9
28 207
28 26
28 41
28 91
28 46
28 120
28 33
28 40
28 192
28 44
28 133
28 100
28 97
28 67
28 16
28 144
28 86
28 203
28 21
28 194
28 81
28 85
28 141
28 147
28 215
28 15
28 75
28 162
28 42
28 89
28 209
28 19
28 3
28 24
28 165
28 14
28 110
28 80
28 70
28 169
28 163
139 65
139 137
139 73
139 92
139 127
139 159
139 153
139 190
139 76
139 134
139 59
139 130
139 99
139 138
139 93
139 185
139 84
139 37
139 69
139 104
139 71
139 17
139 208
139 158
139 126
139 94
139 160
139 1
139 2
139 200
139 34
139 107
139 155
139 83
139 132
139 212
139 43
139 152
139 188
139 115
139 148
139 149
139 91
139 46
139 120
139 33
139 63
139 204
139 192
139 44
139 193
139 114
139 133
139 181
139 97
139 67
139 113
139 203
139 81
139 96
139 8
139 105
139 206
139 210
139 211
139 147
139 170
139 215
139 15
139 186
139 75
139 22
139 11
139 42
139 154
139 179
139 19
139 27
139 47
139 3
139 165
139 187
139 95
139 197
139 14
139 110
139 62
139 80
139 202
139 70
139 169
139 178
172 72
172 137
172 73
172 92
172 102
172 129
172 121
172 124
172 190
172 90
172 59
172 99
172 138
172 93
172 185
172 146
172 168
172 69
172 104
172 71
172 17
172 0
172 208
172 158
172 126
172 160
172 1
172 2
172 34
172 155
172 83
172 132
172 116
172 43
172 188
172 148
172 60
172 214
172 52
172 128
172 87
172 29
172 53
172 9
172 207
172 149
172 26
172 91
172 46
172 33
172 63
172 40
172 204
172 193
172 114
172 181
172 201
172 109
172 113
172 16
172 203
172 21
172 50
172 31
172 182
172 141
172 210
172 211
172 170
172 215
172 57
172 186
172 75
172 22
172 196
172 42
172 89
172 19
172 24
172 165
172 187
172 197
172 110
172 202
172 163
72 73
72 129
72 127
72 156
72 153
72 122
72 121
72 4
72 124
72 23
72 76
72 134
72 130
72 99
72 138
72 93
72 183
72 185
72 104
72 17
72 0
72 74
72 208
72 158
72 126
72 94
72 25
72 1
72 200
72 107
72 83
72 132
72 43
72 188
72 115
72 148
72 166
72 60
72 78
72 214
72 128
72 53
72 207
72 149
72 46
72 120
72 33
72 63
72 40
72 192
72 44
72 193
72 133
72 181
72 100
72 97
72 67
72 113
72 16
72 144
72 86
72 21
72 50
72 194
72 136
72 81
72 31
72 206
72 141
72 210
72 211
72 170
72 215
72 15
72 196
72 11
72 42
72 179
72 19
72 27
72 47
72 24
72 187
72 95
72 197
72 62
72 80
65 137
65 92
65 102
65 159
65 156
65 4
65 124
65 190
65 134
65 90
65 130
65 99
65 49
65 138
65 146
65 37
65 168
65 69
65 104
65 71
65 17
65 74
65 158
65 160
65 25
65 1
65 2
65 200
65 30
65 155
65 116
65 43
65 152
65 166
65 60
65 78
65 214
65 52
65 128
65 29
65 53
65 149
65 26
65 120
65 63
65 204
65 192
65 133
65 100
65 201
65 97
65 67
65 109
65 113
65 16
65 86
65 203
65 50
65 194
65 81
65 96
65 31
65 182
65 85
65 210
65 147
65 215
65 57
65 75
65 22
65 196
65 42
65 89
65 154
65 19
65 47
65 24
65 187
65 95
65 197
65 14
65 110
65 5
65 80
65 169
65 163
65 178
137 102
137 161
137 127
137 159
137 156
137 122
137 121
137 4
137 190
137 23
137 76
137 134
137 59
137 99
137 49
137 183
137 185
137 146
137 168
137 104
137 71
137 17
137 32
137 74
137 208
137 158
137 126
137 160
137 25
137 1
137 200
137 34
137 30
137 155
137 83
137 43
137 152
137 188
137 148
137 166
137 60
137 52
137 87
137 149
137 26
137 41
137 91
137 46
137 120
137 33
137 204
137 44
137 114
137 133
137 109
137 113
137 16
137 144
137 21
137 50
137 151
137 194
137 8
137 105
137 182
137 206
137 141
137 211
137 147
137 215
137 57
137 186
137 22
137 162
137 42
137 89
137 154
137 179
137 19
137 27
137 165
137 95
137 62
137 5
137 70
137 169
137 163
73 92
73 129
73 161
73 127
73 156
73 153
73 122
73 121
73 4
73 124
73 190
73 23
73 134
73 90
73 130
73 138
73 185
73 84
73 168
73 69
73 104
73 0
73 32
73 74
73 208
73 158
73 126
73 94
73 25
73 1
73 2
73 34
73 30
73 68
73 132
73 116
73 43
73 152
73 166
73 60
73 78
73 214
73 52
73 128
73 53
73 149
73 41
73 91
73 120
73 63
73 204
73 192
73 44
73 193
73 114
73 100
73 201
73 67
73 109
73 113
73 144
73 86
73 50
73 151
73 194
73 136
73 31
73 8
73 173
73 182
73 206
73 211
73 215
73 186
73 75
73 22
73 196
73 162
73 11
73 89
73 154
73 165
73 14
73 110
73 5
73 202
73 178
92 161
92 127
92 153
92 122
92 121
92 64
92 76
92 90
92 59
92 130
92 99
92 93
92 183
92 185
92 37
92 17
92 0
92 74
92 208
92 25
92 1
92 200
92 30
92 107
92 68
92 132
92 212
92 148
92 166
92 60
92 214
92 52
92 9
92 207
92 26
92 91
92 46
92 120
92 33
92 40
92 204
92 192
92 44
92 114
92 181
92 201
92 109
92 113
92 16
92 144
92 21
92 50
92 151
92 194
92 136
92 105
92 173
92 210
92 147
92 170
92 57
92 22
92 196
92 162
92 42
92 89
92 27
92 24
92 165
92 14
92 110
92 62
92 5
92 169
92 178
102 161
102 127
102 159
102 121
102 64
102 124
102 190
102 76
102 130
102 49
102 93
102 185
102 84
102 146
102 168
102 69
102 71
102 32
102 74
102 208
102 158
102 94
102 1
102 200
102 34
102 68
102 116
102 152
102 148
102 166
102 52
102 128
102 29
102 9
102 207
102 41
102 46
102 120
102 33
102 63
102 40
102 192
102 44
102 114
102 181
102 201
102 109
102 16
102 86
102 203
102 21
102 50
102 96
102 8
102 173
102 182
102 141
102 210
102 211
102 170
102 15
102 57
102 22
102 196
102 162
102 89
102 154
102 209
102 19
102 3
102 24
102 187
102 110
102 80
102 202
102 70
102 169
102 163
129 161
129 159
129 156
129 153
129 121
129 190
129 23
129 134
129 90
129 59
129 130
129 99
129 93
129 84
129 146
129 69
129 104
129 71
129 17
129 32
129 208
129 158
129 126
129 160
129 25
129 1
129 200
129 34
129 30
129 107
129 155
129 116
129 43
129 148
129 166
129 60
129 52
129 128
129 87
129 29
129 53
129 207
129 41
129 91
129 120
129 63
129 204
129 192
129 44
129 193
129 114
129 133
129 67
129 109
129 113
129 16
129 144
129 86
129 50
129 151
129 194
129 96
129 31
129 8
129 105
129 173
129 182
129 210
129 211
129 147
129 215
129 15
129 57
129 186
129 75
129 22
129 162
129 11
129 89
129 154
129 209
129 27
129 187
129 14
129 62
129 5
129 202
129 169
129 178
161 153
161 122
161 124
161 190
161 23
161 76
161 90
161 99
161 185
161 84
161 146
161 37
161 168
161 104
161 71
161 17
161 0
161 32
161 74
161 208
161 126
161 94
161 160
161 25
161 1
161 200
161 107
161 155
161 116
161 43
161 152
161 148
161 60
161 78
161 128
161 9
161 207
161 41
161 33
161 192
161 193
161 133
161 100
161 97
161 67
161 109
161 113
161 16
161 144
161 86
161 203
161 151
161 194
161 136
161 81
161 96
161 31
161 8
161 105
161 182
161 85
161 210
161 147
161 215
161 15
161 57
161 186
161 75
161 196
161 11
161 42
161 154
161 209
161 179
161 27
161 47
161 165
161 95
161 197
161 14
161 110
161 5
161 80
161 169
161 163
161 178
127 159
127 156
127 153
127 121
127 190
127 90
127 59
127 49
127 183
127 185
127 84
127 168
127 71
127 17
127 32
127 158
127 126
127 200
127 34
127 30
127 107
127 68
127 132
127 212
127 116
127 43
127 152
127 188
127 115
127 148
127 60
127 52
127 128
127 87
127 53
127 9
127 207
127 149
127 26
127 41
127 91
127 46
127 63
127 204
127 192
127 44
127 193
127 100
127 97
127 113
127 16
127 144
127 203
127 50
127 194
127 31
127 105
127 182
127 206
127 141
127 211
127 147
127 170
127 215
127 15
127 57
127 186
127 22
127 196
127 162
127 11
127 42
127 154
127 19
127 165
127 14
127 62
127 80
127 70
127 169
127 163
127 178
159 64
159 4
159 190
159 76
159 90
159 59
159 130
159 99
159 49
159 138
159 183
159 84
159 37
159 104
159 71
159 17
159 0
159 32
159 74
159 208
159 25
159 1
159 2
159 107
159 68
159 83
159 132
159 212
159 152
159 148
159 166
159 60
159 128
159 29
159 53
159 9
159 207
159 149
159 26
159 41
159 120
159 33
159 63
159 40
159 204
159 44
159 193
159 133
159 201
159 97
159 109
159 113
159 16
159 144
159 203
159 21
159 151
159 136
159 81
159 31
159 85
159 206
159 210
159 147
159 215
159 15
159 75
159 22
159 196
159 42
159 179
159 27
159 47
159 3
159 165
159 187
159 95
159 110
159 62
159 70
159 163
159 178
156 122
156 121
156 64
156 4
156 23
156 59
156 130
156 99
156 185
156 146
156 168
156 69
156 104
156 71
156 0
156 74
156 94
156 25
156 30
156 155
156 116
156 43
156 188
156 115
156 148
156 78
156 87
156 29
156 53
156 9
156 207
156 26
156 91
156 46
156 33
156 63
156 204
156 44
156 100
156 201
156 109
156 113
156 144
156 96
156 31
156 105
156 173
156 211
156 147
156 170
156 57
156 186
156 75
156 22
156 196
156 209
156 19
156 27
156 47
156 3
156 187
156 95
156 197
156 110
156 80
156 202
156 169
153 121
153 4
153 124
153 59
153 130
153 99
153 93
153 84
153 69
153 71
153 0
153 32
153 158
153 94
153 2
153 200
153 30
153 107
153 83
153 132
153 212
153 116
153 43
153 152
153 115
153 148
153 60
153 78
153 52
153 128
153 87
153 29
153 9
153 207
153 149
153 26
153 91
153 33
153 63
153 204
153 44
153 193
153 114
153 100
153 201
153 67
153 113
153 16
153 144
153 203
153 151
153 136
153 96
153 173
153 182
153 85
153 206
153 141
153 210
153 211
153 15
153 186
153 22
153 196
153 11
153 42
153 89
153 154
153 209
153 19
153 27
153 47
153 3
153 24
153 95
153 62
153 5
153 80
153 70
122 121
122 4
122 190
122 23
122 90
122 130
122 84
122 146
122 37
122 168
122 71
122 0
122 32
122 74
122 208
122 126
122 94
122 160
122 25
122 1
122 2
122 34
122 68
122 155
122 83
122 212
122 43
122 188
122 115
122 148
122 60
122 78
122 214
122 52
122 128
122 29
122 9
122 149
122 26
122 41
122 91
122 33
122 44
122 114
122 181
122 100
122 201
122 97
122 67
122 109
122 113
122 144
122 86
122 203
122 21
122 151
122 136
122 81
122 96
122 31
122 8
122 105
122 182
122 141
122 210
122 147
122 170
122 75
122 162
122 11
122 42
122 89
122 154
122 179
122 19
122 27
122 47
122 24
122 14
122 110
122 80
122 202
122 70
122 163
121 64
121 124
121 23
121 76
121 59
121 138
121 93
121 185
121 84
121 37
121 168
121 69
121 104
121 71
121 17
121 0
121 32
121 74
121 208
121 126
121 94
121 160
121 1
121 2
121 200
121 34
121 107
121 155
121 83
121 132
121 212
121 116
121 115
121 148
121 60
121 214
121 52
121 128
121 29
121 9
121 207
121 149
121 46
121 63
121 40
121 44
121 193
121 181
121 97
121 113
121 16
121 144
121 203
121 50
121 151
121 194
121 136
121 81
121 31
121 8
121 173
121 210
121 147
121 215
121 15
121 57
121 196
121 162
121 42
121 179
121 3
121 24
121 187
121 110
121 80
121 70
121 169
121 163
121 178
64 4
64 190
64 23
64 134
64 90
64 138
64 93
64 146
64 37
64 69
64 104
64 71
64 17
64 0
64 32
64 74
64 126
64 94
64 160
64 25
64 1
64 2
64 200
64 107
64 68
64 155
64 83
64 166
64 60
64 52
64 128
64 29
64 53
64 26
64 41
64 91
64 33
64 63
64 40
64 204
64 44
64 193
64 114
64 133
64 100
64 201
64 67
64 109
64 113
64 16
64 86
64 203
64 21
64 50
64 151
64 194
64 136
64 31
64 105
64 173
64 182
64 85
64 141
64 147
64 170
64 215
64 15
64 186
64 22
64 196
64 162
64 11
64 42
64 89
64 19
64 27
64 24
64 165
64 187
64 14
64 110
64 5
64 202
64 70
4 124
4 190
4 76
4 134
4 59
4 93
4 185
4 84
4 146
4 168
4 69
4 104
4 71
4 0
4 32
4 208
4 126
4 94
4 25
4 2
4 200
4 68
4 155
4 83
4 132
4 43
4 152
4 115
4 166
4 60
4 214
4 9
4 149
4 41
4 91
4 120
4 204
4 192
4 44
4 100
4 201
4 109
4 16
4 203
4 21
4 50
4 136
4 81
4 96
4 8
4 182
4 141
4 211
4 147
4 215
4 186
4 22
4 196
4 89
4 179
4 27
4 47
4 3
4 165
4 187
4 95
4 197
4 14
4 62
4 80
4 163
124 76
124 90
124 59
124 130
124 99
124 49
124 138
124 146
124 104
124 71
124 0
124 74
124 158
124 126
124 1
124 2
124 200
124 34
124 107
124 68
124 212
124 152
124 115
124 166
124 78
124 214
124 52
124 128
124 87
124 29
124 9
124 26
124 91
124 120
124 33
124 63
124 44
124 114
124 133
124 100
124 67
124 109
124 16
124 86
124 21
124 194
124 81
124 31
124 206
124 141
124 210
124 211
124 147
124 15
124 57
124 186
124 75
124 22
124 162
124 42
124 209
124 179
124 19
124 27
124 47
124 3
124 197
124 14
124 62
124 5
124 80
124 163
190 134
190 90
190 183
190 84
190 146
190 37
190 168
190 69
190 104
190 71
190 17
190 32
190 74
190 158
190 126
190 160
190 1
190 2
190 30
190 68
190 155
190 83
190 116
190 152
190 188
190 115
190 78
190 29
190 53
190 9
190 207
190 41
190 120
190 40
190 44
190 133
190 181
190 201
190 109
190 16
190 144
190 203
190 50
190 151
190 194
190 136
190 81
190 96
190 31
190 173
190 85
190 141
190 170
190 57
190 75
190 22
190 196
190 11
190 89
190 154
190 209
190 179
190 47
190 3
190 24
190 165
190 95
190 197
190 5
190 70
190 169
190 163
23 76
23 90
23 59
23 49
23 138
23 93
23 183
23 185
23 84
23 37
23 168
23 69
23 17
23 32
23 74
23 158
23 126
23 94
23 25
23 2
23 34
23 107
23 155
23 83
23 132
23 116
23 43
23 188
23 115
23 166
23 60
23 78
23 52
23 29
23 53
23 207
23 149
23 26
23 41
23 91
23 46
23 120
23 33
23 63
23 40
23 193
23 114
23 201
23 67
23 16
23 144
23 86
23 203
23 194
23 136
23 31
23 182
23 141
23 210
23 211
23 147
23 170
23 15
23 57
23 75
23 196
23 162
23 11
23 42
23 154
23 27
23 47
23 3
23 165
23 187
23 14
23 62
23 5
23 80
23 202
23 70
23 163
23 178
76 49
76 183
76 185
76 84
76 69
76 71
76 74
76 126
76 160
76 1
76 2
76 200
76 34
76 30
76 107
76 212
76 116
76 43
76 188
76 166
76 52
76 128
76 87
76 29
76 53
76 149
76 26
76 41
76 91
76 46
76 33
76 63
76 40
76 193
76 133
76 181
76 97
76 109
76 113
76 21
76 50
76 151
76 136
76 81
76 8
76 182
76 85
76 206
76 210
76 147
76 170
76 215
76 15
76 57
76 75
76 22
76 196
76 162
76 179
76 27
76 3
76 24
76 165
76 187
76 95
76 197
76 110
76 62
76 80
76 70
76 169
134 130
134 138
134 93
134 183
134 37
134 168
134 69
134 104
134 17
134 0
134 74
134 158
134 126
134 160
134 25
134 200
134 30
134 107
134 68
134 155
134 83
134 212
134 188
134 60
134 78
134 214
134 52
134 87
134 9
134 41
134 91
134 46
134 192
134 193
134 133
134 181
134 100
134 201
134 97
134 16
134 194
134 136
134 96
134 8
134 105
134 173
134 182
134 85
134 206
134 210
134 147
134 215
134 186
134 22
134 196
134 42
134 154
134 3
134 197
134 14
134 5
134 202
134 169
134 178
90 59
90 99
90 49
90 138
90 93
90 185
90 37
90 69
90 104
90 17
90 25
90 1
90 200
90 34
90 68
90 155
90 43
90 152
90 188
90 115
90 166
90 78
90 214
90 52
90 53
90 149
90 26
90 91
90 46
90 120
90 63
90 40
90 204
90 44
90 114
90 133
90 181
90 100
90 201
90 109
90 113
90 16
90 86
90 21
90 151
90 194
90 96
90 8
90 173
90 182
90 85
90 210
90 211
90 170
90 215
90 15
90 22
90 162
90 11
90 42
90 179
90 47
90 3
90 24
90 187
90 14
90 62
90 169
59 49
59 138
59 185
59 146
59 168
59 17
59 208
59 126
59 160
59 200
59 68
59 155
59 83
59 132
59 212
59 116
59 78
59 52
59 149
59 26
59 41
59 91
59 120
59 33
59 63
59 44
59 181
59 100
59 67
59 113
59 144
59 203
59 50
59 136
59 96
59 31
59 173
59 85
59 210
59 211
59 147
59 170
59 215
59 57
59 186
59 75
59 196
59 162
59 42
59 89
59 154
59 209
59 179
59 47
59 3
59 24
59 165
59 187
59 95
59 197
59 14
59 62
59 5
59 70
59 169
59 163
130 138
130 185
130 84
130 168
130 69
130 104
130 17
130 0
130 32
130 208
130 126
130 94
130 160
130 200
130 34
130 30
130 68
130 155
130 132
130 212
130 152
130 188
130 148
130 166
130 78
130 87
130 29
130 9
130 207
130 149
130 26
130 46
130 120
130 33
130 63
130 192
130 193
130 181
130 100
130 201
130 97
130 67
130 113
130 16
130 144
130 21
130 50
130 136
130 96
130 8
130 173
130 182
130 206
130 141
130 211
130 147
130 170
130 215
130 15
130 22
130 162
130 42
130 154
130 179
130 19
130 3
130 24
130 165
130 187
130 95
130 14
130 110
130 5
130 202
130 169
130 163
99 49
99 138
99 93
99 84
99 146
99 37
99 69
99 17
99 32
99 126
99 1
99 200
99 34
99 30
99 83
99 212
99 116
99 152
99 148
99 166
99 60
99 78
99 52
99 128
99 87
99 29
99 53
99 207
99 149
99 41
99 46
99 120
99 63
99 40
99 192
99 193
99 100
99 97
99 109
99 16
99 144
99 86
99 50
99 136
99 81
99 96
99 31
99 8
99 182
99 85
99 206
99 141
99 211
99 170
99 215
99 186
99 196
99 11
99 154
99 209
99 19
99 24
99 110
99 5
99 80
99 202
99 70
99 163
49 138
49 93
49 183
49 185
49 84
49 69
49 71
49 0
49 32
49 74
49 158
49 1
49 2
49 200
49 34
49 155
49 212
49 116
49 152
49 188
49 115
49 148
49 60
49 78
49 214
49 52
49 128
49 87
49 9
49 26
49 91
49 46
49 120
49 33
49 63
49 192
49 44
49 193
49 114
49 133
49 109
49 113
49 16
49 86
49 203
49 151
49 136
49 81
49 96
49 31
49 8
49 173
49 85
49 210
49 147
49 170
49 215
49 15
49 186
49 75
49 22
49 196
49 162
49 42
49 89
49 154
49 179
49 3
49 24
49 187
49 197
49 110
49 5
138 93
138 183
138 185
138 84
138 146
138 37
138 104
138 71
138 32
138 126
138 30
138 155
138 83
138 132
138 212
138 116
138 43
138 152
138 148
138 166
138 87
138 29
138 53
138 9
138 207
138 41
138 91
138 120
138 33
138 40
138 44
138 193
138 114
138 133
138 181
138 100
138 97
138 67
138 203
138 21
138 194
138 81
138 96
138 31
138 105
138 182
138 141
138 210
138 57
138 22
138 162
138 11
138 89
138 209
138 179
138 27
138 47
138 165
138 187
138 14
138 110
138 80
138 202
138 163
138 178
93 183
93 185
93 84
93 37
93 104
93 17
93 32
93 74
93 126
93 94
93 1
93 2
93 34
93 155
93 132
93 212
93 116
93 115
93 148
93 78
93 128
93 87
93 29
93 9
93 149
93 26
93 41
93 91
93 46
93 33
93 63
93 204
93 44
93 193
93 114
93 201
93 67
93 109
93 113
93 16
93 144
93 86
93 21
93 50
93 151
93 81
93 31
93 8
93 105
93 173
93 182
93 85
93 206
93 211
93 147
93 57
93 162
93 209
93 179
93 27
93 165
93 187
93 197
93 14
93 62
93 5
93 202
93 70
93 163
183 168
183 71
183 17
183 0
183 32
183 74
183 208
183 158
183 126
183 1
183 2
183 30
183 83
183 212
183 152
183 188
183 148
183 60
183 78
183 214
183 52
183 87
183 29
183 53
183 9
183 207
183 149
183 26
183 41
183 91
183 33
183 193
183 114
183 181
183 67
183 109
183 113
183 16
183 144
183 86
183 194
183 136
183 96
183 8
183 105
183 182
183 85
183 206
183 210
183 147
183 215
183 15
183 57
183 75
183 196
183 11
183 209
183 27
183 3
183 24
183 165
183 197
183 14
183 110
183 80
183 202
183 169
183 163
185 146
185 168
185 69
185 71
185 17
185 74
185 200
185 34
185 30
185 212
185 43
185 188
185 115
185 78
185 214
185 53
185 9
185 207
185 26
185 41
185 46
185 33
185 40
185 204
185 192
185 44
185 193
185 114
185 133
185 100
185 201
185 97
185 16
185 144
185 86
185 203
185 50
185 136
185 81
185 96
185 31
185 182
185 206
185 141
185 147
185 170
185 15
185 57
185 186
185 22
185 162
185 11
185 209
185 47
185 3
185 165
185 187
185 110
185 62
185 202
185 70
185 169
84 146
84 69
84 104
84 71
84 17
84 0
84 32
84 74
84 158
84 126
84 1
84 2
84 34
84 107
84 155
84 83
84 132
84 212
84 116
84 43
84 166
84 60
84 78
84 52
84 128
84 29
84 53
84 207
84 149
84 46
84 40
84 192
84 133
84 181
84 100
84 201
84 97
84 109
84 21
84 136
84 8
84 105
84 173
84 182
84 206
84 210
84 170
84 215
84 57
84 186
84 196
84 162
84 11
84 89
84 19
84 47
84 3
84 187
84 197
84 14
84 110
84 163
84 178
146 69
146 104
146 0
146 32
146 74
146 208
146 126
146 160
146 25
146 1
146 200
146 107
146 68
146 83
146 188
146 166
146 78
146 214
146 52
146 128
146 29
146 53
146 207
146 149
146 26
146 46
146 120
146 33
146 63
146 204
146 193
146 114
146 181
146 201
146 97
146 203
146 50
146 194
146 136
146 81
146 96
146 31
146 105
146 206
146 141
146 210
146 215
146 15
146 57
146 22
146 196
146 162
146 11
146 42
146 154
146 179
146 19
146 47
146 165
146 187
146 197
146 62
146 80
146 202
146 70
146 163
146 178
37 168
37 104
37 71
37 0
37 32
37 74
37 158
37 94
37 1
37 155
37 132
37 116
37 148
37 166
37 214
37 52
37 53
37 207
37 149
37 26
37 46
37 120
37 33
37 40
37 204
37 192
37 44
37 114
37 97
37 67
37 109
37 113
37 203
37 21
37 151
37 105
37 210
37 211
37 147
37 57
37 75
37 162
37 154
37 209
37 179
37 27
37 47
37 165
37 187
37 95
37 197
37 110
37 5
37 80
37 202
37 163
168 104
168 71
168 0
168 74
168 208
168 25
168 1
168 200
168 34
168 107
168 68
168 155
168 83
168 132
168 152
168 115
168 148
168 166
168 52
168 128
168 87
168 29
168 207
168 149
168 41
168 91
168 120
168 40
168 192
168 114
168 133
168 181
168 201
168 67
168 113
168 144
168 203
168 50
168 136
168 81
168 8
168 173
168 85
168 206
168 215
168 15
168 186
168 22
168 162
168 11
168 42
168 154
168 47
168 24
168 95
168 197
168 14
168 62
168 80
168 202
168 163
69 0
69 32
69 208
69 158
69 126
69 94
69 160
69 30
69 107
69 68
69 83
69 116
69 43
69 188
69 115
69 148
69 166
69 52
69 87
69 29
69 207
69 149
69 46
69 63
69 192
69 114
69 133
69 181
69 109
69 113
69 16
69 151
69 194
69 81
69 31
69 173
69 182
69 85
69 206
69 141
69 210
69 170
69 186
69 196
69 11
69 19
69 3
69 24
69 187
69 95
69 197
69 14
69 110
69 5
69 80
69 202
69 169
69 163
69 178
104 71
104 17
104 32
104 74
104 158
104 160
104 34
104 30
104 116
104 188
104 115
104 148
104 166
104 60
104 78
104 214
104 128
104 87
104 53
104 46
104 120
104 33
104 63
104 40
104 204
104 192
104 44
104 193
104 181
104 201
104 109
104 16
104 86
104 203
104 50
104 194
104 96
104 31
104 8
104 105
104 182
104 141
104 210
104 211
104 147
104 170
104 215
104 186
104 22
104 162
104 11
104 89
104 154
104 19
104 27
104 24
104 165
104 95
104 197
104 14
104 62
104 5
104 80
104 202
104 169
104 163
71 17
71 0
71 74
71 208
71 25
71 2
71 30
71 107
71 68
71 155
71 132
71 116
71 43
71 115
71 60
71 78
71 52
71 29
71 9
71 207
71 149
71 26
71 46
71 63
71 40
71 204
71 44
71 133
71 181
71 97
71 16
71 86
71 21
71 50
71 151
71 194
71 81
71 96
71 182
71 210
71 147
71 170
71 215
71 22
71 196
71 162
71 11
71 179
71 27
71 187
71 95
71 197
71 110
71 62
71 5
71 70
71 169
17 0
17 74
17 208
17 126
17 94
17 2
17 30
17 107
17 116
17 115
17 148
17 78
17 214
17 87
17 53
17 9
17 149
17 41
17 46
17 33
17 63
17 40
17 204
17 192
17 193
17 114
17 181
17 97
17 67
17 113
17 16
17 144
17 86
17 50
17 151
17 136
17 96
17 182
17 85
17 141
17 210
17 211
17 147
17 170
17 57
17 186
17 75
17 162
17 11
17 42
17 89
17 179
17 19
17 27
17 47
17 3
17 24
17 165
17 14
17 110
17 62
17 80
17 202
17 70
17 169
17 178
0 32
0 74
0 126
0 94
0 160
0 25
0 200
0 34
0 30
0 155
0 83
0 212
0 152
0 188
0 60
0 78
0 214
0 52
0 87
0 29
0 53
0 149
0 41
0 91
0 33
0 40
0 204
0 114
0 133
0 100
0 67
0 203
0 151
0 194
0 136
0 81
0 96
0 31
0 8
0 173
0 85
0 141
0 210
0 211
0 147
0 170
0 15
0 186
0 75
0 22
0 196
0 162
0 11
0 42
0 89
0 209
0 179
0 47
0 3
0 165
0 187
0 95
0 197
0 14
0 110
0 62
0 5
0 202
0 70
0 169
0 163
0 178
32 208
32 126
32 94
32 160
32 25
32 2
32 34
32 30
32 107
32 68
32 155
32 212
32 116
32 43
32 148
32 60
32 78
32 128
32 87
32 29
32 53
32 9
32 207
32 149
32 26
32 91
32 33
32 63
32 192
32 114
32 133
32 100
32 97
32 67
32 109
32 113
32 16
32 144
32 86
32 50
32 136
32 81
32 96
32 8
32 105
32 173
32 182
32 206
32 210
32 211
32 215
32 22
32 11
32 42
32 89
32 154
32 19
32 27
32 24
32 165
32 197
32 5
32 80
32 202
32 70
32 169
74 160
74 200
74 34
74 30
74 68
74 155
74 83
74 116
74 188
74 115
74 166
74 60
74 128
74 87
74 29
74 9
74 207
74 149
74 26
74 41
74 91
74 46
74 120
74 63
74 204
74 44
74 193
74 114
74 181
74 100
74 109
74 144
74 86
74 151
74 194
74 81
74 96
74 105
74 173
74 141
74 210
74 211
74 170
74 75
74 162
74 42
74 154
74 209
74 179
74 19
74 27
74 24
74 187
74 110
74 5
74 80
74 202
74 178
208 25
208 68
208 155
208 132
208 212
208 116
208 43
208 148
208 52
208 128
208 87
208 9
208 26
208 91
208 120
208 63
208 192
208 44
208 193
208 133
208 181
208 100
208 97
208 67
208 109
208 113
208 16
208 86
208 21
208 50
208 194
208 136
208 81
208 96
208 31
208 8
208 173
208 182
208 206
208 141
208 210
208 211
208 170
208 215
208 15
208 22
208 162
208 11
208 42
208 154
208 209
208 19
208 3
208 24
208 110
208 62
208 5
208 163
158 126
158 34
158 30
158 107
158 68
158 155
158 83
158 132
158 116
158 43
158 115
158 166
158 60
158 78
158 52
158 87
158 29
158 53
158 9
158 26
158 41
158 91
158 120
158 40
158 133
158 181
158 100
158 67
158 109
158 144
158 86
158 21
158 151
158 194
158 136
158 81
158 31
158 8
158 105
158 210
158 211
158 215
158 15
158 186
158 75
158 22
158 196
158 154
158 19
158 24
158 165
158 95
158 14
158 110
158 80
158 169
158 178
126 25
126 2
126 200
126 68
126 155
126 132
126 212
126 116
126 188
126 115
126 148
126 166
126 214
126 52
126 128
126 87
126 29
126 53
126 9
126 46
126 120
126 63
126 204
126 193
126 114
126 133
126 181
126 201
126 97
126 113
126 16
126 144
126 86
126 21
126 151
126 81
126 96
126 8
126 173
126 182
126 210
126 147
126 215
126 15
126 186
126 196
126 162
126 11
126 42
126 89
126 154
126 27
126 24
126 14
126 110
126 62
126 80
126 70
126 178
94 25
94 2
94 200
94 30
94 107
94 155
94 43
94 60
94 78
94 52
94 87
94 53
94 9
94 149
94 41
94 120
94 40
94 204
94 192
94 44
94 193
94 114
94 133
94 181
94 201
94 97
94 113
94 144
94 203
94 21
94 194
94 81
94 8
94 173
94 182
94 85
94 206
94 210
94 147
94 170
94 215
94 15
94 57
94 75
94 22
94 42
94 154
94 47
94 3
94 24
94 14
94 110
94 62
94 80
94 202
94 70
94 169
94 163
160 2
160 200
160 34
160 155
160 212
160 116
160 188
160 115
160 166
160 78
160 52
160 87
160 29
160 9
160 149
160 91
160 46
160 33
160 204
160 44
160 193
160 133
160 181
160 201
160 97
160 67
160 109
160 113
160 16
160 144
160 203
160 21
160 50
160 151
160 81
160 31
160 8
160 182
160 85
160 206
160 210
160 211
160 170
160 215
160 57
160 75
160 22
160 196
160 162
160 11
160 42
160 89
160 154
160 19
160 27
160 3
160 165
160 197
160 110
160 5
160 202
160 70
160 163
25 1
25 2
25 34
25 107
25 155
25 212
25 116
25 43
25 188
25 115
25 60
25 214
25 52
25 128
25 87
25 9
25 207
25 149
25 26
25 91
25 46
25 120
25 63
25 44
25 193
25 114
25 133
25 181
25 201
25 113
25 16
25 144
25 86
25 21
25 50
25 151
25 194
25 81
25 96
25 31
25 105
25 182
25 85
25 141
25 211
25 147
25 170
25 186
25 196
25 11
25 42
25 47
25 3
25 24
25 165
25 14
25 62
25 202
25 70
25 169
25 163
25 178
1 2
1 200
1 34
1 30
1 68
1 83
1 132
1 212
1 116
1 43
1 152
1 166
1 60
1 78
1 214
1 87
1 53
1 9
1 41
1 91
1 46
1 120
1 33
1 40
1 192
1 44
1 193
1 133
1 181
1 201
1 97
1 67
1 109
1 113
1 16
1 144
1 86
1 203
1 21
1 151
1 194
1 81
1 8
1 173
1 182
1 85
1 211
1 147
1 170
1 215
1 15
1 57
1 196
1 162
1 42
1 89
1 154
1 209
1 179
1 19
1 47
1 3
1 187
1 95
1 14
1 110
1 62
1 5
1 202
1 70
2 200
2 107
2 68
2 155
2 132
2 212
2 116
2 152
2 115
2 166
2 60
2 78
2 214
2 128
2 87
2 9
2 149
2 26
2 40
2 204
2 192
2 44
2 193
2 133
2 181
2 100
2 201
2 97
2 67
2 109
2 113
2 21
2 50
2 194
2 136
2 96
2 31
2 8
2 105
2 85
2 206
2 141
2 211
2 147
2 170
2 15
2 57
2 186
2 75
2 22
2 196
2 11
2 42
2 89
2 154
2 179
2 19
2 3
2 165
2 187
2 197
2 14
2 110
2 5
2 202
2 169
2 163
2 178
200 30
200 107
200 155
200 43
200 188
200 115
200 148
200 166
200 214
200 128
200 29
200 53
200 26
200 41
200 33
200 63
200 40
200 204
200 193
200 114
200 181
200 100
200 201
200 67
200 109
200 16
200 86
200 203
200 21
200 50
200 81
200 96
200 8
200 85
200 206
200 141
200 210
200 211
200 215
200 15
200 57
200 186
200 75
200 22
200 196
200 162
200 11
200 42
200 89
200 209
200 179
200 47
200 24
200 197
200 169
34 83
34 132
34 212
34 43
34 152
34 115
34 60
34 214
34 52
34 87
34 29
34 9
34 207
34 149
34 41
34 91
34 33
34 63
34 204
34 193
34 114
34 133
34 100
34 201
34 97
34 67
34 109
34 21
34 50
34 194
34 136
34 8
34 105
34 173
34 211
34 22
34 196
34 162
34 11
34 42
34 89
34 209
34 19
34 27
34 3
34 24
34 165
34 95
34 197
34 14
34 110
34 62
34 5
34 80
34 202
34 163
30 107
30 68
30 83
30 132
30 116
30 152
30 188
30 115
30 60
30 78
30 52
30 128
30 87
30 29
30 9
30 207
30 149
30 26
30 91
30 46
30 120
30 33
30 63
30 40
30 204
30 44
30 193
30 114
30 133
30 201
30 97
30 67
30 109
30 113
30 16
30 144
30 151
30 136
30 81
30 8
30 105
30 173
30 182
30 85
30 206
30 210
30 170
30 215
30 15
30 75
30 22
30 162
30 11
30 89
30 154
30 209
30 179
30 19
30 3
30 24
30 187
30 95
30 14
30 110
30 62
30 80
30 202
30 178
107 68
107 116
107 43
107 152
107 188
107 115
107 148
107 166
107 60
107 78
107 87
107 9
107 149
107 26
107 91
107 46
107 120
107 63
107 204
107 192
107 114
107 100
107 201
107 97
107 67
107 109
107 113
107 16
107 86
107 203
107 21
107 50
107 151
107 96
107 31
107 8
107 105
107 173
107 141
107 211
107 147
107 15
107 57
107 75
107 162
107 11
107 42
107 89
107 179
107 19
107 27
107 47
107 3
107 165
107 187
107 95
107 14
107 110
107 5
107 80
107 202
107 70
68 83
68 116
68 43
68 152
68 148
68 166
68 60
68 78
68 87
68 53
68 207
68 26
68 41
68 91
68 33
68 63
68 40
68 192
68 193
68 201
68 97
68 67
68 113
68 16
68 144
68 21
68 194
68 136
68 31
68 173
68 182
68 210
68 147
68 170
68 15
68 57
68 186
68 75
68 196
68 162
68 11
68 42
68 154
68 209
68 179
68 27
68 47
68 24
68 187
68 95
68 197
68 14
68 110
68 62
68 80
68 202
68 169
68 163
68 178
155 83
155 132
155 43
155 115
155 166
155 78
155 214
155 87
155 53
155 9
155 149
155 91
155 46
155 120
155 33
155 40
155 192
155 114
155 133
155 201
155 109
155 144
155 203
155 21
155 151
155 81
155 96
155 8
155 173
155 85
155 206
155 141
155 210
155 147
155 170
155 15
155 57
155 186
155 75
155 22
155 162
155 11
155 42
155 89
155 154
155 209
155 179
155 19
155 24
155 95
155 14
155 62
155 70
155 163
83 132
83 212
83 116
83 115
83 148
83 166
83 60
83 78
83 52
83 128
83 87
83 149
83 26
83 41
83 91
83 46
83 120
83 33
83 40
83 192
83 193
83 181
83 100
83 67
83 109
83 113
83 144
83 86
83 151
83 194
83 136
83 81
83 96
83 31
83 8
83 182
83 206
83 210
83 211
83 147
83 170
83 215
83 57
83 75
83 22
83 196
83 162
83 42
83 154
83 179
83 19
83 3
83 165
83 95
83 14
83 110
83 5
83 80
83 163
132 212
132 116
132 43
132 152
132 188
132 148
132 166
132 214
132 87
132 53
132 9
132 207
132 149
132 26
132 41
132 46
132 63
132 40
132 204
132 192
132 44
132 193
132 114
132 133
132 100
132 201
132 16
132 144
132 86
132 21
132 194
132 136
132 81
132 96
132 31
132 8
132 173
132 182
132 206
132 211
132 147
132 215
132 15
132 57
132 186
132 75
132 22
132 196
132 11
132 89
132 154
132 209
132 179
132 47
132 3
132 24
132 165
132 187
132 95
132 197
132 14
132 5
132 202
132 169
212 43
212 188
212 115
212 166
212 60
212 78
212 29
212 53
212 9
212 207
212 149
212 41
212 91
212 46
212 33
212 204
212 44
212 193
212 114
212 181
212 201
212 109
212 113
212 16
212 203
212 21
212 194
212 31
212 105
212 182
212 211
212 170
212 215
212 75
212 22
212 196
212 11
212 42
212 89
212 209
212 179
212 27
212 47
212 165
212 187
212 14
212 110
212 62
212 5
212 80
212 202
212 163
116 188
116 148
116 166
116 60
116 78
116 128
116 87
116 29
116 53
116 9
116 207
116 149
116 26
116 41
116 46
116 40
116 192
116 44
116 193
116 133
116 201
116 109
116 113
116 16
116 194
116 136
116 81
116 96
116 8
116 105
116 173
116 85
116 141
116 211
116 147
116 170
116 15
116 57
116 196
116 162
116 11
116 42
116 89
116 154
116 209
116 179
116 19
116 3
116 24
116 187
116 95
116 197
116 110
116 5
116 202
116 169
116 163
116 178
43 188
43 115
43 78
43 128
43 29
43 53
43 207
43 149
43 41
43 46
43 120
43 33
43 40
43 204
43 192
43 44
43 193
43 114
43 100
43 201
43 67
43 16
43 86
43 203
43 21
43 151
43 81
43 96
43 8
43 105
43 182
43 85
43 206
43 210
43 211
43 147
43 170
43 15
43 57
43 186
43 22
43 196
43 42
43 89
43 154
43 209
43 19
43 27
43 3
43 95
43 197
43 14
43 110
43 62
43 80
43 202
43 169
43 163
43 178
152 188
152 115
152 166
152 214
152 52
152 29
152 207
152 91
152 46
152 120
152 33
152 63
152 40
152 204
152 192
152 44
152 193
152 114
152 133
152 181
152 100
152 97
152 67
152 109
152 16
152 144
152 86
152 21
152 50
152 194
152 81
152 96
152 31
152 8
152 173
152 85
152 141
152 210
152 211
152 215
152 15
152 196
152 11
152 154
152 27
152 47
152 3
152 165
152 187
152 95
152 197
152 110
152 62
152 5
152 70
152 163
188 166
188 78
188 53
188 9
188 207
188 26
188 91
188 33
188 63
188 204
188 44
188 193
188 133
188 97
188 109
188 86
188 203
188 21
188 50
188 136
188 96
188 8
188 105
188 85
188 206
188 210
188 211
188 147
188 170
188 57
188 75
188 196
188 162
188 11
188 42
188 89
188 179
188 27
188 47
188 3
188 24
188 187
188 5
188 80
188 169
188 178
115 148
115 166
115 60
115 78
115 214
115 128
115 87
115 29
115 53
115 149
115 46
115 33
115 44
115 133
115 181
115 100
115 97
115 113
115 16
115 144
115 203
115 50
115 194
115 81
115 105
115 182
115 85
115 206
115 141
115 210
115 147
115 170
115 215
115 15
115 57
115 186
115 196
115 11
115 154
115 179
115 27
115 47
115 165
115 187
115 95
115 197
115 14
115 80
115 202
115 70
115 169
115 178
148 166
148 78
148 214
148 128
148 87
148 29
148 53
148 26
148 41
148 91
148 120
148 63
148 40
148 114
148 133
148 100
148 97
148 67
148 109
148 113
148 16
148 144
148 203
148 21
148 151
148 81
148 96
148 31
148 173
148 182
148 206
148 210
148 211
148 147
148 170
148 75
148 22
148 11
148 154
148 19
148 47
148 3
148 165
148 95
148 197
148 110
148 62
148 5
148 80
148 70
148 178
166 60
166 78
166 214
166 52
166 128
166 29
166 9
166 149
166 41
166 120
166 33
166 63
166 40
166 44
166 181
166 100
166 201
166 67
166 16
166 144
166 21
166 151
166 194
166 136
166 81
166 96
166 31
166 8
166 105
166 173
166 182
166 85
166 206
166 210
166 211
166 147
166 170
166 15
166 57
166 186
166 22
166 196
166 162
166 42
166 154
166 209
166 179
166 19
166 47
166 3
166 24
166 165
166 95
166 197
166 14
166 110
166 5
166 80
166 202
166 163
166 178
60 78
60 128
60 207
60 149
60 41
60 91
60 120
60 63
60 40
60 204
60 192
60 44
60 133
60 201
60 97
60 109
60 203
60 136
60 173
60 182
60 85
60 206
60 141
60 210
60 147
60 170
60 215
60 15
60 57
60 75
60 22
60 196
60 154
60 209
60 179
60 19
60 187
60 95
60 197
60 14
60 110
60 5
60 80
60 169
60 163
60 178
78 214
78 52
78 128
78 53
78 9
78 207
78 41
78 91
78 46
78 120
78 33
78 40
78 204
78 192
78 193
78 114
78 181
78 100
78 201
78 97
78 67
78 113
78 86
78 21
78 136
78 81
78 8
78 105
78 182
78 85
78 147
78 215
78 196
78 11
78 42
78 179
78 19
78 47
78 3
78 165
78 95
78 14
78 62
78 202
78 70
78 169
78 178
214 52
214 128
214 87
214 53
214 9
214 149
214 26
214 91
214 120
214 33
214 40
214 192
214 114
214 133
214 100
214 113
214 16
214 144
214 86
214 203
214 21
214 50
214 194
214 136
214 96
214 8
214 85
214 206
214 170
214 15
214 57
214 196
214 42
214 154
214 209
214 179
214 19
214 27
214 3
214 24
214 165
214 187
214 95
214 14
214 110
214 62
214 80
214 169
214 163
52 87
52 9
52 41
52 91
52 40
52 204
52 44
52 114
52 133
52 100
52 109
52 16
52 86
52 203
52 50
52 151
52 194
52 81
52 31
52 173
52 85
52 206
52 141
52 211
52 147
52 215
52 15
52 196
52 162
52 42
52 89
52 154
52 209
52 179
52 3
52 24
52 187
52 62
52 80
52 70
52 169
52 178
128 53
128 207
128 149
128 40
128 44
128 100
128 97
128 113
128 144
128 203
128 194
128 136
128 81
128 31
128 8
128 105
128 173
128 85
128 206
128 141
128 211
128 170
128 215
128 57
128 186
128 75
128 196
128 42
128 89
128 154
128 209
128 27
128 47
128 197
128 14
128 110
128 62
128 80
128 202
128 70
128 169
128 163
128 178
87 29
87 9
87 207
87 41
87 46
87 33
87 63
87 40
87 204
87 44
87 193
87 114
87 181
87 67
87 50
87 151
87 194
87 96
87 31
87 105
87 206
87 215
87 57
87 186
87 75
87 22
87 162
87 11
87 154
87 19
87 47
87 3
87 24
87 165
87 187
87 95
87 169
87 178
29 53
29 207
29 26
29 41
29 91
29 120
29 33
29 40
29 204
29 44
29 114
29 181
29 100
29 201
29 67
29 16
29 144
29 21
29 50
29 194
29 81
29 31
29 8
29 105
29 173
29 182
29 141
29 210
29 211
29 147
29 15
29 22
29 162
29 11
29 42
29 89
29 209
29 27
29 24
29 165
29 187
29 95
29 197
29 110
29 5
29 202
29 169
29 163
53 9
53 26
53 41
53 63
53 192
53 44
53 193
53 114
53 133
53 100
53 201
53 113
53 16
53 86
53 203
53 21
53 136
53 96
53 31
53 105
53 173
53 85
53 141
53 210
53 147
53 170
53 15
53 57
53 75
53 196
53 162
53 11
53 42
53 154
53 209
53 179
53 27
53 24
53 165
53 187
53 197
53 14
9 207
9 149
9 26
9 91
9 46
9 120
9 33
9 63
9 204
9 44
9 193
9 114
9 181
9 201
9 97
9 67
9 109
9 113
9 16
9 144
9 203
9 151
9 96
9 8
9 173
9 206
9 141
9 210
9 211
9 215
9 22
9 196
9 162
9 11
9 154
9 209
9 179
9 27
9 24
9 165
9 187
9 95
9 197
9 110
9 62
9 80
9 70
9 178
207 149
207 26
207 33
207 204
207 192
207 44
207 193
207 133
207 181
207 100
207 67
207 113
207 144
207 86
207 203
207 50
207 194
207 136
207 81
207 96
207 8
207 173
207 141
207 210
207 147
207 170
207 57
207 22
207 196
207 162
207 11
207 42
207 89
207 209
207 179
207 19
207 3
207 24
207 165
207 187
207 197
207 14
207 62
207 5
207 70
207 169
149 26
149 91
149 46
149 33
149 192
149 44
149 114
149 100
149 67
149 109
149 144
149 21
149 50
149 151
149 194
149 136
149 81
149 31
149 8
149 173
149 85
149 206
149 211
149 215
149 57
149 186
149 75
149 22
149 162
149 11
149 42
149 154
149 209
149 179
149 19
149 3
149 24
149 95
149 197
149 80
149 70
149 169
149 178
26 41
26 46
26 33
26 63
26 40
26 204
26 192
26 133
26 181
26 201
26 97
26 67
26 109
26 86
26 50
26 151
26 194
26 136
26 81
26 96
26 31
26 8
26 105
26 182
26 85
26 206
26 141
26 210
26 215
26 57
26 186
26 42
26 89
26 154
26 209
26 47
26 165
26 110
26 62
26 70
26 178
41 91
41 120
41 33
41 63
41 40
41 44
41 114
41 133
41 181
41 97
41 67
41 203
41 136
41 81
41 31
41 8
41 105
41 173
41 85
41 206
41 141
41 215
41 15
41 162
41 11
41 89
41 179
41 19
41 197
41 14
41 110
41 169
91 120
91 33
91 192
91 193
91 133
91 100
91 201
91 86
91 50
91 31
91 105
91 173
91 182
91 210
91 57
91 75
91 22
91 196
91 11
91 42
91 89
91 209
91 27
91 47
91 24
91 197
91 62
91 5
91 202
91 163
91 178
46 120
46 63
46 40
46 204
46 192
46 114
46 100
46 97
46 144
46 86
46 203
46 50
46 194
46 136
46 105
46 182
46 85
46 141
46 147
46 215
46 57
46 186
46 162
46 11
46 42
46 89
46 19
46 27
46 24
46 187
46 95
46 197
46 14
46 110
46 5
46 80
46 70
46 169
120 193
120 133
120 201
120 67
120 109
120 144
120 86
120 203
120 21
120 194
120 81
120 96
120 31
120 105
120 173
120 85
120 206
120 211
120 147
120 170
120 215
120 15
120 57
120 186
120 75
120 22
120 162
120 89
120 154
120 3
120 24
120 187
120 95
120 110
120 5
120 202
120 169
33 63
33 40
33 192
33 193
33 133
33 181
33 109
33 203
33 21
33 50
33 194
33 136
33 96
33 8
33 173
33 206
33 141
33 170
33 15
33 57
33 186
33 75
33 22
33 196
33 42
33 154
33 209
33 179
33 27
33 3
33 187
33 197
33 110
33 62
33 5
33 163
63 40
63 204
63 192
63 44
63 193
63 114
63 100
63 97
63 109
63 113
63 16
63 144
63 203
63 50
63 151
63 194
63 8
63 105
63 85
63 141
63 215
63 75
63 22
63 196
63 162
63 42
63 89
63 154
63 179
63 27
63 47
63 3
63 24
63 165
63 187
63 95
63 197
63 14
63 110
63 62
63 5
63 169
40 204
40 192
40 193
40 181
40 201
40 97
40 67
40 109
40 113
40 144
40 86
40 203
40 194
40 96
40 182
40 85
40 206
40 141
40 210
40 211
40 57
40 186
40 75
40 22
40 196
40 11
40 42
40 154
40 209
40 47
40 3
40 165
40 187
40 95
40 14
40 62
40 5
40 80
40 202
40 70
40 169
40 163
204 192
204 193
204 133
204 181
204 97
204 67
204 113
204 144
204 203
204 50
204 194
204 136
204 81
204 96
204 8
204 105
204 173
204 182
204 85
204 206
204 141
204 210
204 15
204 57
204 186
204 22
204 42
204 89
204 27
204 47
204 3
204 95
204 110
204 5
204 202
204 70
204 169
192 44
192 193
192 114
192 133
192 100
192 201
192 67
192 113
192 144
192 86
192 151
192 81
192 31
192 105
192 173
192 85
192 141
192 170
192 186
192 75
192 22
192 11
192 42
192 89
192 209
192 27
192 3
192 187
192 197
192 14
192 169
192 163
44 193
44 100
44 201
44 67
44 109
44 113
44 16
44 86
44 203
44 194
44 31
44 8
44 105
44 173
44 182
44 85
44 147
44 170
44 215
44 57
44 75
44 196
44 162
44 42
44 89
44 209
44 19
44 47
44 3
44 24
44 165
44 187
44 95
44 14
44 110
44 62
44 5
44 80
44 163
193 114
193 100
193 67
193 113
193 144
193 203
193 21
193 81
193 31
193 8
193 105
193 173
193 182
193 85
193 210
193 211
193 215
193 57
193 22
193 196
193 162
193 11
193 89
193 154
193 209
193 27
193 47
193 3
193 165
193 14
193 62
193 80
193 202
193 70
193 169
114 100
114 97
114 16
114 144
114 86
114 203
114 21
114 151
114 136
114 81
114 96
114 173
114 182
114 85
114 206
114 210
114 211
114 147
114 22
114 42
114 89
114 154
114 209
114 179
114 3
114 165
114 197
114 14
114 110
114 62
114 5
114 80
114 169
114 178
133 67
133 203
133 21
133 151
133 31
133 105
133 182
133 206
133 141
133 211
133 147
133 215
133 15
133 57
133 22
133 162
133 154
133 209
133 19
133 27
133 47
133 3
133 24
133 165
133 95
133 14
133 110
133 62
133 80
133 202
133 163
181 100
181 201
181 109
181 113
181 144
181 203
181 21
181 50
181 151
181 194
181 136
181 81
181 31
181 105
181 206
181 141
181 211
181 215
181 15
181 57
181 186
181 162
181 11
181 209
181 179
181 27
181 3
181 24
181 165
181 95
181 14
181 62
181 5
181 80
181 169
181 163
181 178
100 201
100 109
100 113
100 144
100 86
100 50
100 194
100 136
100 81
100 96
100 31
100 8
100 105
100 173
100 182
100 206
100 141
100 210
100 211
100 147
100 215
100 15
100 57
100 22
100 196
100 89
100 154
100 209
100 179
100 47
100 24
100 165
100 187
100 95
100 197
100 14
100 62
100 80
100 202
100 163
100 178
201 97
201 16
201 144
201 86
201 203
201 21
201 50
201 194
201 136
201 81
201 96
201 8
201 173
201 206
201 210
201 211
201 147
201 215
201 186
201 75
201 22
201 196
201 162
201 42
201 89
201 209
201 179
201 27
201 47
201 24
201 95
201 14
201 62
201 5
201 202
201 169
201 178
97 113
97 50
97 151
97 194
97 136
97 81
97 105
97 182
97 85
97 206
97 141
97 215
97 15
97 75
97 196
97 162
97 11
97 42
97 89
97 154
97 209
97 179
97 3
97 95
97 110
97 5
97 80
97 169
67 109
67 113
67 16
67 144
67 86
67 203
67 81
67 8
67 173
67 85
67 141
67 210
67 211
67 170
67 15
67 57
67 186
67 75
67 196
67 162
67 89
67 154
67 209
67 179
67 27
67 47
67 197
67 14
67 110
67 62
67 80
67 70
67 178
109 16
109 86
109 50
109 151
109 194
109 136
109 81
109 96
109 31
109 105
109 173
109 182
109 141
109 211
109 57
109 186
109 162
109 11
109 42
109 89
109 154
109 209
109 19
109 47
109 3
109 24
109 165
109 187
109 95
109 197
109 14
109 62
109 202
109 169
113 16
113 144
113 86
113 151
113 194
113 136
113 31
113 8
113 173
113 85
113 206
113 141
113 147
113 57
113 186
113 22
113 196
113 162
113 11
113 209
113 27
113 24
113 187
113 95
113 110
113 80
113 70
16 151
16 81
16 31
16 8
16 105
16 85
16 170
16 57
16 22
16 196
16 162
16 11
16 89
16 209
16 179
16 19
16 3
16 187
16 14
16 110
16 62
16 5
16 80
16 202
16 70
16 163
144 21
144 151
144 194
144 96
144 8
144 105
144 141
144 210
144 211
144 147
144 215
144 15
144 22
144 196
144 162
144 11
144 209
144 3
144 24
144 165
144 197
144 14
144 5
144 70
144 169
144 163
144 178
86 203
86 194
86 136
86 81
86 96
86 31
86 105
86 173
86 206
86 210
86 211
86 147
86 15
86 57
86 75
86 22
86 11
86 42
86 89
86 154
86 179
86 187
86 95
86 14
86 110
86 62
86 70
86 163
203 21
203 50
203 194
203 31
203 105
203 85
203 206
203 210
203 170
203 15
203 75
203 22
203 162
203 11
203 209
203 179
203 19
203 47
203 24
203 165
203 95
203 197
203 14
203 62
203 80
203 163
21 50
21 151
21 194
21 81
21 96
21 8
21 173
21 206
21 141
21 210
21 170
21 215
21 57
21 186
21 162
21 11
21 42
21 89
21 209
21 47
21 3
21 95
21 80
21 70
21 169
21 163
21 178
50 194
50 136
50 81
50 96
50 31
50 182
50 85
50 206
50 141
50 211
50 147
50 15
50 57
50 75
50 22
50 162
50 11
50 154
50 179
50 19
50 187
50 95
50 110
50 62
50 5
50 202
50 70
50 163
151 136
151 173
151 182
151 85
151 206
151 141
151 211
151 215
151 15
151 75
151 22
151 196
151 162
151 42
151 89
151 154
151 209
151 179
151 19
151 47
151 187
151 95
151 110
151 62
151 202
151 70
151 169
194 136
194 81
194 31
194 8
194 173
194 85
194 210
194 147
194 215
194 15
194 57
194 75
194 196
194 11
194 42
194 89
194 209
194 27
194 47
194 187
194 95
194 14
194 110
194 5
194 80
194 70
194 169
194 163
136 81
136 96
136 31
136 8
136 173
136 182
136 206
136 141
136 210
136 215
136 15
136 57
136 196
136 162
136 42
136 89
136 209
136 47
136 165
136 187
136 197
136 110
136 80
136 202
136 70
136 169
81 96
81 31
81 8
81 182
81 85
81 206
81 210
81 147
81 215
81 75
81 22
81 196
81 89
81 154
81 19
81 27
81 47
81 3
81 187
81 95
81 14
81 110
81 62
81 5
81 70
81 169
81 163
81 178
96 31
96 8
96 173
96 206
96 141
96 147
96 170
96 15
96 57
96 75
96 162
96 11
96 154
96 179
96 27
96 3
96 24
96 165
96 187
96 95
96 197
96 14
96 5
96 202
96 70
96 169
31 8
31 105
31 182
31 85
31 141
31 210
31 147
31 15
31 57
31 186
31 75
31 196
31 11
31 209
31 179
31 19
31 27
31 47
31 197
31 5
31 80
31 202
31 163
31 178
8 182
8 85
8 141
8 210
8 147
8 15
8 162
8 11
8 89
8 179
8 19
8 3
8 95
8 197
8 62
8 5
8 80
8 163
105 173
105 206
105 211
105 147
105 186
105 196
105 179
105 19
105 27
105 47
105 3
105 24
105 95
105 197
105 110
105 62
105 5
105 202
105 178
173 182
173 85
173 141
173 211
173 147
173 170
173 215
173 57
173 186
173 75
173 196
173 11
173 42
173 89
173 154
173 179
173 27
173 47
173 24
173 165
173 95
173 197
173 62
173 80
173 70
182 85
182 210
182 211
182 147
182 170
182 15
182 57
182 75
182 162
182 11
182 42
182 154
182 209
182 179
182 19
182 47
182 3
182 14
182 110
182 62
182 163
182 178
85 206
85 210
85 211
85 147
85 170
85 186
85 11
85 19
85 3
85 187
85 95
85 14
85 62
85 80
85 202
85 169
206 141
206 210
206 211
206 170
206 57
206 186
206 196
206 162
206 42
206 89
206 209
206 179
206 27
206 165
206 187
206 14
206 62
206 202
206 70
206 163
206 178
141 147
141 170
141 215
141 75
141 22
141 196
141 162
141 42
141 209
141 47
141 3
141 165
141 110
141 80
141 202
141 169
141 163
210 147
210 215
210 15
210 57
210 196
210 11
210 154
210 209
210 19
210 47
210 24
210 187
210 95
210 197
210 14
210 110
210 5
210 202
210 169
211 147
211 170
211 57
211 186
211 22
211 196
211 162
211 11
211 89
211 179
211 19
211 27
211 47
211 3
211 95
211 110
211 62
211 80
147 170
147 215
147 15
147 57
147 186
147 75
147 22
147 162
147 42
147 89
147 154
147 209
147 19
147 24
147 165
147 95
147 197
147 14
147 110
147 5
147 80
147 202
147 70
147 163
170 15
170 186
170 75
170 22
170 162
170 11
170 42
170 89
170 154
170 27
170 47
170 165
170 187
170 197
170 14
170 110
170 5
170 202
170 70
170 169
170 163
215 186
215 75
215 196
215 162
215 209
215 179
215 19
215 3
215 24
215 95
215 197
215 14
215 110
215 62
215 5
215 80
215 70
215 163
15 75
15 11
15 154
15 209
15 19
15 27
15 47
15 3
15 165
15 187
15 197
15 14
15 110
15 62
15 5
15 80
15 70
15 178
57 11
57 42
57 89
57 179
57 19
57 47
57 24
57 165
57 187
57 14
57 70
57 163
186 75
186 42
186 89
186 154
186 209
186 179
186 19
186 27
186 47
186 3
186 24
186 165
186 95
186 197
186 14
186 5
186 80
186 70
186 169
186 178
75 196
75 89
75 209
75 179
75 19
75 3
75 165
75 187
75 95
75 197
75 80
75 202
75 178
22 196
22 11
22 42
22 89
22 209
22 179
22 19
22 3
22 24
22 95
22 197
22 202
22 70
22 163
196 162
196 11
196 154
196 179
196 47
196 3
196 165
196 187
196 110
196 5
196 80
196 202
196 70
196 178
162 11
162 154
162 209
162 179
162 19
162 3
162 24
162 165
162 187
162 14
162 110
162 80
162 202
162 70
162 169
162 178
11 42
11 19
11 165
11 187
11 95
11 14
11 110
11 202
11 70
11 169
42 89
42 154
42 209
42 179
42 19
42 27
42 47
42 165
42 187
42 197
42 14
42 62
42 5
42 202
42 70
42 169
42 178
89 154
89 179
89 19
89 27
89 47
89 3
89 165
89 187
89 110
89 62
89 80
89 70
89 163
154 209
154 179
154 19
154 27
154 3
154 24
154 187
154 95
154 14
154 110
154 62
154 202
154 70
154 169
154 163
209 179
209 19
209 24
209 165
209 197
209 14
209 62
209 80
209 202
209 70
209 169
209 163
209 178
179 47
179 24
179 165
179 95
179 14
179 110
179 62
179 202
179 70
179 163
179 178
19 47
19 165
19 62
19 5
19 80
19 202
19 70
19 163
27 3
27 187
27 95
27 197
27 14
27 110
27 169
27 163
47 95
47 197
47 14
47 62
47 5
47 80
47 70
3 24
3 165
3 197
3 14
3 110
3 169
3 163
24 187
24 95
24 197
24 14
24 5
24 80
24 202
24 169
24 178
165 14
165 110
165 5
165 80
165 178
187 95
187 14
187 110
187 5
187 202
187 70
187 169
187 163
95 197
95 14
95 110
95 62
95 202
95 169
95 178
197 110
197 80
197 70
197 169
197 163
14 110
14 62
14 5
14 80
14 70
14 169
14 163
14 178
110 80
110 202
110 70
110 169
110 178
62 5
62 202
62 70
62 178
5 80
5 70
5 169
5 163
80 202
80 163
80 178
202 169
202 163
202 178
169 178
