*verties 200
201
191
219
113
171
42
1
80
79
218
162
160
136
29
48
115
114
139
16
44
21
68
166
97
89
169
94
167
184
124
19
120
198
37
186
145
99
33
172
173
4
83
151
165
181
153
75
59
187
67
202
197
71
24
35
170
40
63
193
164
2
31
196
88
69
213
14
100
116
32
91
18
123
102
194
81
62
131
96
106
147
12
105
217
126
188
212
108
5
182
26
146
207
128
57
34
204
87
15
11
84
93
133
49
179
6
39
45
50
90
209
28
78
152
22
56
25
143
7
174
129
216
134
163
86
20
70
9
27
141
95
58
52
66
46
13
127
214
110
122
98
10
149
77
138
177
54
208
150
175
73
185
195
200
119
64
23
92
178
82
189
142
176
159
85
205
199
132
168
0
17
112
144
148
117
206
210
154
103
161
65
43
118
36
8
38
74
211
155
111
60
137
55
180
104
72
51
3
158
215
*edges 
201 48
201 115
201 114
201 44
201 21
201 68
201 94
201 124
201 153
201 202
201 197
201 24
201 170
201 40
201 164
201 100
201 102
201 62
201 106
201 147
201 217
201 5
201 146
201 87
201 11
201 28
201 78
201 152
201 25
201 216
201 20
201 9
201 66
201 110
201 98
201 73
201 195
201 200
201 23
201 161
201 43
201 38
201 211
201 104
201 51
201 215
191 1
191 162
191 136
191 37
191 186
191 33
191 153
191 40
191 196
191 96
191 147
191 12
191 108
191 182
191 26
191 146
191 128
191 57
191 204
191 87
191 84
191 133
191 45
191 90
191 22
191 7
191 129
191 134
191 141
191 58
191 149
191 77
191 175
191 178
191 82
191 112
191 148
191 206
191 43
191 55
191 51
219 42
219 79
219 160
219 29
219 16
219 145
219 33
219 153
219 217
219 126
219 212
219 146
219 57
219 34
219 87
219 6
219 22
219 174
219 163
219 9
219 27
219 141
219 46
219 10
219 175
219 200
219 176
219 205
219 17
219 161
219 74
219 211
219 155
219 137
219 158
113 136
113 29
113 115
113 16
113 21
113 68
113 166
113 198
113 4
113 100
113 194
113 126
113 128
113 204
113 87
113 15
113 11
113 6
113 39
113 152
113 25
113 216
113 20
113 70
113 9
113 27
113 52
113 13
113 98
113 10
113 150
113 195
113 200
113 119
113 92
113 199
113 148
113 210
113 43
113 8
113 55
113 180
113 104
113 72
113 158
171 218
171 114
171 120
171 37
171 173
171 59
171 202
171 123
171 81
171 131
171 126
171 182
171 26
171 87
171 133
171 49
171 45
171 7
171 86
171 95
171 13
171 127
171 214
171 98
171 138
171 132
171 0
171 144
171 148
171 154
171 103
171 155
171 72
171 3
171 158
42 29
42 114
42 21
42 169
42 94
42 181
42 75
42 187
42 35
42 170
42 196
42 88
42 14
42 123
42 194
42 81
42 131
42 57
42 204
42 87
42 15
42 93
42 50
42 209
42 28
42 174
42 86
42 70
42 141
42 52
42 122
42 82
42 176
42 159
42 85
42 148
42 161
42 211
42 158
1 162
1 29
1 48
1 115
1 21
1 167
1 187
1 170
1 164
1 2
1 32
1 102
1 81
1 147
1 182
1 26
1 39
1 90
1 56
1 58
1 52
1 122
1 10
1 177
1 200
1 119
1 23
1 132
1 168
1 17
1 206
1 210
1 211
1 3
80 162
80 29
80 115
80 169
80 19
80 186
80 99
80 172
80 197
80 71
80 91
80 102
80 105
80 188
80 26
80 34
80 84
80 6
80 50
80 78
80 22
80 56
80 25
80 143
80 7
80 129
80 20
80 27
80 95
80 13
80 138
80 150
80 73
80 85
80 199
80 0
80 148
80 206
80 210
80 43
80 36
80 8
80 38
80 211
80 111
80 137
80 180
80 3
79 68
79 184
79 37
79 186
79 33
79 83
79 165
79 153
79 59
79 187
79 71
79 69
79 91
79 212
79 26
79 128
79 39
79 56
79 216
79 134
79 52
79 46
79 214
79 10
79 77
79 177
79 150
79 92
79 189
79 142
79 168
79 144
79 206
79 43
79 38
79 74
79 60
79 3
79 158
218 162
218 160
218 136
218 114
218 44
218 19
218 120
218 145
218 33
218 172
218 197
218 170
218 116
218 147
218 108
218 207
218 84
218 93
218 133
218 49
218 39
218 152
218 216
218 141
218 13
218 77
218 195
218 189
218 85
218 205
218 168
218 206
218 103
218 36
218 8
218 55
162 115
162 124
162 120
162 4
162 153
162 59
162 202
162 40
162 63
162 164
162 213
162 116
162 102
162 147
162 12
162 126
162 26
162 207
162 128
162 204
162 11
162 179
162 143
162 86
162 95
162 52
162 127
162 110
162 77
162 200
162 23
162 159
162 85
162 148
162 103
162 65
162 8
162 211
162 60
162 137
162 3
160 89
160 167
160 99
160 181
160 35
160 14
160 18
160 102
160 62
160 12
160 126
160 93
160 49
160 28
160 7
160 174
160 129
160 134
160 163
160 70
160 58
160 52
160 214
160 98
160 77
160 177
160 208
160 195
160 200
160 82
160 159
160 199
160 17
160 206
160 118
160 155
160 111
160 104
160 72
160 158
136 139
136 37
136 145
136 83
136 181
136 153
136 170
136 196
136 69
136 100
136 123
136 106
136 147
136 212
136 26
136 15
136 49
136 209
136 152
136 25
136 7
136 174
136 129
136 163
136 86
136 138
136 185
136 195
136 82
136 189
136 205
136 117
136 103
136 161
136 36
136 38
136 3
29 115
29 16
29 97
29 124
29 120
29 37
29 165
29 75
29 193
29 164
29 196
29 69
29 100
29 91
29 147
29 217
29 212
29 204
29 87
29 179
29 78
29 143
29 7
29 174
29 163
29 70
29 141
29 46
29 127
29 110
29 77
29 177
29 208
29 150
29 73
29 92
29 0
29 17
29 74
29 211
29 137
29 51
48 124
48 172
48 4
48 165
48 35
48 40
48 31
48 196
48 69
48 100
48 123
48 62
48 26
48 207
48 204
48 49
48 45
48 28
48 56
48 7
48 163
48 110
48 122
48 138
48 175
48 64
48 82
48 176
48 0
48 210
48 43
48 8
48 38
48 111
48 137
48 180
115 68
115 89
115 169
115 94
115 120
115 145
115 99
115 153
115 202
115 170
115 31
115 14
115 32
115 12
115 5
115 204
115 15
115 49
115 45
115 50
115 28
115 216
115 163
115 9
115 58
115 214
115 138
115 54
115 150
115 73
115 176
115 0
115 144
115 206
115 154
115 74
115 211
114 44
114 19
114 99
114 4
114 165
114 75
114 187
114 71
114 2
114 91
114 188
114 108
114 182
114 128
114 11
114 93
114 39
114 45
114 86
114 70
114 52
114 77
114 177
114 54
114 150
114 200
114 112
114 144
114 117
114 210
114 74
114 55
139 44
139 94
139 120
139 37
139 99
139 151
139 181
139 153
139 202
139 40
139 63
139 193
139 164
139 2
139 31
139 196
139 32
139 18
139 204
139 11
139 93
139 133
139 7
139 86
139 141
139 52
139 214
139 77
139 208
139 195
139 119
139 205
139 144
139 210
139 65
139 43
139 8
139 211
139 60
139 55
139 104
139 215
16 68
16 94
16 167
16 186
16 197
16 63
16 193
16 196
16 91
16 96
16 147
16 188
16 128
16 57
16 11
16 6
16 39
16 209
16 78
16 152
16 143
16 129
16 216
16 9
16 141
16 13
16 98
16 77
16 150
16 175
16 185
16 178
16 142
16 85
16 112
16 117
16 154
16 155
16 180
16 158
16 215
44 21
44 68
44 166
44 198
44 186
44 145
44 99
44 59
44 35
44 2
44 69
44 116
44 102
44 62
44 217
44 126
44 212
44 108
44 182
44 207
44 87
44 15
44 49
44 28
44 143
44 216
44 46
44 149
44 77
44 189
44 0
44 112
44 154
44 118
44 36
44 155
44 60
44 137
44 55
21 120
21 198
21 186
21 99
21 173
21 4
21 83
21 153
21 170
21 193
21 196
21 91
21 81
21 106
21 108
21 128
21 11
21 49
21 209
21 7
21 46
21 122
21 138
21 195
21 119
21 23
21 85
21 144
21 154
21 211
21 111
21 180
21 158
68 94
68 167
68 172
68 173
68 83
68 153
68 75
68 202
68 170
68 193
68 2
68 91
68 105
68 207
68 128
68 11
68 6
68 163
68 20
68 70
68 95
68 13
68 110
68 138
68 54
68 175
68 73
68 82
68 168
68 117
68 210
68 65
68 8
68 38
68 155
68 137
68 55
68 104
166 94
166 120
166 99
166 33
166 59
166 187
166 170
166 193
166 100
166 91
166 18
166 194
166 133
166 39
166 78
166 143
166 216
166 163
166 95
166 46
166 13
166 214
166 178
166 82
166 142
166 159
166 168
166 148
166 103
166 38
166 55
97 169
97 19
97 33
97 151
97 165
97 181
97 71
97 170
97 40
97 196
97 88
97 14
97 62
97 105
97 126
97 188
97 5
97 182
97 146
97 204
97 11
97 28
97 56
97 134
97 9
97 58
97 54
97 185
97 195
97 200
97 23
97 142
97 176
97 85
97 205
97 132
97 144
97 117
97 206
97 210
97 103
97 36
97 74
97 111
97 55
89 120
89 33
89 173
89 83
89 181
89 187
89 67
89 71
89 24
89 40
89 63
89 164
89 31
89 196
89 88
89 100
89 123
89 81
89 5
89 182
89 146
89 84
89 78
89 129
89 216
89 163
89 20
89 138
89 195
89 85
89 205
89 17
89 148
89 210
89 103
89 43
89 38
89 211
89 137
169 198
169 145
169 99
169 173
169 151
169 67
169 24
169 35
169 31
169 88
169 32
169 102
169 194
169 62
169 128
169 87
169 78
169 22
169 143
169 163
169 70
169 27
169 66
169 13
169 149
169 208
169 73
169 142
169 205
169 132
169 112
169 144
169 206
169 38
169 211
169 155
169 72
169 3
94 19
94 37
94 153
94 197
94 2
94 196
94 88
94 18
94 123
94 194
94 131
94 96
94 147
94 12
94 57
94 34
94 11
94 84
94 133
94 90
94 209
94 56
94 143
94 70
94 9
94 27
94 141
94 95
94 58
94 214
94 138
94 208
94 159
94 168
94 0
94 148
94 117
94 161
94 118
94 38
94 55
94 51
94 215
167 83
167 187
167 197
167 71
167 196
167 12
167 126
167 108
167 128
167 34
167 204
167 87
167 15
167 50
167 209
167 152
167 7
167 174
167 134
167 163
167 70
167 52
167 66
167 46
167 13
167 122
167 144
167 154
167 65
167 8
167 74
167 60
167 55
167 51
184 124
184 19
184 172
184 83
184 151
184 59
184 193
184 164
184 2
184 88
184 147
184 217
184 108
184 39
184 50
184 134
184 70
184 9
184 27
184 58
184 52
184 214
184 138
184 150
184 73
184 185
184 112
184 206
184 60
184 137
184 180
184 104
124 172
124 165
124 59
124 24
124 170
124 2
124 196
124 213
124 91
124 81
124 105
124 108
124 146
124 11
124 133
124 49
124 25
124 86
124 20
124 70
124 141
124 95
124 13
124 122
124 138
124 175
124 119
124 64
124 178
124 82
124 189
124 176
124 85
124 17
124 148
124 206
124 154
124 43
124 36
124 111
124 180
19 37
19 186
19 170
19 40
19 193
19 2
19 32
19 212
19 84
19 209
19 25
19 7
19 174
19 129
19 20
19 58
19 138
19 208
19 195
19 200
19 64
19 176
19 159
19 65
19 211
19 155
19 137
19 72
120 198
120 145
120 83
120 165
120 24
120 196
120 88
120 69
120 131
120 96
120 106
120 188
120 146
120 11
120 78
120 25
120 129
120 214
120 98
120 149
120 208
120 175
120 73
120 200
120 178
120 189
120 159
120 132
120 161
120 111
120 51
120 215
198 37
198 145
198 83
198 181
198 24
198 196
198 213
198 100
198 91
198 102
198 147
198 188
198 5
198 128
198 34
198 133
198 209
198 216
198 70
198 9
198 58
198 66
198 127
198 138
198 54
198 175
198 119
198 64
198 176
198 85
198 132
198 0
198 17
198 144
198 148
198 210
198 36
198 211
198 155
37 99
37 4
37 153
37 187
37 196
37 69
37 116
37 91
37 102
37 131
37 106
37 147
37 126
37 108
37 5
37 93
37 133
37 78
37 56
37 143
37 174
37 129
37 163
37 27
37 141
37 66
37 208
37 23
37 82
37 189
37 176
37 159
37 132
37 17
37 8
37 74
37 137
37 72
186 99
186 33
186 173
186 187
186 202
186 24
186 63
186 193
186 2
186 14
186 91
186 131
186 147
186 217
186 128
186 49
186 25
186 7
186 216
186 9
186 95
186 13
186 122
186 77
186 23
186 82
186 142
186 168
186 154
186 103
186 161
186 65
186 8
186 74
186 155
145 165
145 59
145 187
145 202
145 193
145 196
145 88
145 100
145 26
145 34
145 204
145 84
145 50
145 90
145 78
145 22
145 56
145 163
145 141
145 58
145 66
145 46
145 214
145 98
145 142
145 132
145 0
145 144
145 65
145 43
145 8
145 74
145 60
145 3
145 215
99 83
99 153
99 75
99 24
99 40
99 69
99 213
99 116
99 32
99 91
99 194
99 12
99 126
99 5
99 146
99 57
99 34
99 204
99 15
99 6
99 209
99 25
99 7
99 174
99 129
99 58
99 98
99 10
99 177
99 64
99 178
99 82
99 159
99 132
99 154
99 3
33 151
33 59
33 67
33 71
33 63
33 31
33 88
33 69
33 102
33 62
33 15
33 133
33 49
33 78
33 22
33 86
33 9
33 27
33 13
33 110
33 122
33 195
33 178
33 189
33 176
33 159
33 199
33 132
33 168
33 17
33 117
33 103
33 36
33 104
33 3
33 215
172 151
172 153
172 2
172 88
172 213
172 18
172 123
172 102
172 131
172 147
172 12
172 105
172 5
172 204
172 11
172 39
172 216
172 95
172 58
172 52
172 66
172 10
172 185
172 119
172 112
172 117
172 36
172 74
172 60
172 137
172 72
172 3
173 165
173 24
173 63
173 213
173 32
173 18
173 123
173 102
173 194
173 5
173 182
173 26
173 128
173 179
173 209
173 78
173 7
173 216
173 20
173 52
173 98
173 92
173 178
173 205
173 144
173 148
173 38
173 74
173 111
173 3
4 151
4 181
4 59
4 193
4 2
4 31
4 88
4 123
4 194
4 12
4 182
4 57
4 15
4 49
4 6
4 45
4 50
4 152
4 143
4 134
4 27
4 58
4 214
4 138
4 73
4 64
4 23
4 199
4 168
4 117
4 154
83 153
83 75
83 202
83 197
83 213
83 102
83 131
83 106
83 207
83 57
83 87
83 84
83 133
83 6
83 50
83 28
83 129
83 134
83 20
83 70
83 214
83 208
83 195
83 178
83 82
83 176
83 112
83 210
83 103
83 118
83 8
83 155
83 180
151 75
151 67
151 24
151 193
151 102
151 194
151 126
151 188
151 204
151 7
151 134
151 98
151 10
151 149
151 64
151 161
151 65
151 8
151 211
151 104
165 71
165 35
165 164
165 31
165 14
165 100
165 91
165 123
165 194
165 62
165 106
165 217
165 188
165 5
165 57
165 15
165 84
165 93
165 9
165 27
165 141
165 95
165 58
165 52
165 149
165 138
165 73
165 195
165 64
165 92
165 176
165 132
165 17
165 210
165 161
165 36
165 211
165 55
165 51
181 202
181 170
181 32
181 147
181 182
181 26
181 146
181 15
181 93
181 90
181 28
181 152
181 7
181 129
181 134
181 70
181 46
181 13
181 77
181 138
181 64
181 168
181 117
181 65
181 211
181 111
181 104
181 3
153 202
153 164
153 213
153 18
153 81
153 182
153 146
153 57
153 39
153 45
153 216
153 27
153 52
153 127
153 110
153 150
153 64
153 205
153 118
153 60
75 24
75 63
75 164
75 2
75 196
75 69
75 91
75 18
75 123
75 81
75 131
75 105
75 212
75 26
75 204
75 133
75 28
75 78
75 152
75 22
75 134
75 163
75 70
75 27
75 95
75 66
75 214
75 110
75 149
75 54
75 159
75 85
75 132
75 148
75 60
75 55
75 72
75 3
75 215
59 202
59 24
59 170
59 40
59 194
59 12
59 188
59 5
59 146
59 207
59 57
59 49
59 90
59 143
59 70
59 27
59 141
59 58
59 66
59 13
59 177
59 195
59 119
59 142
59 176
59 199
59 132
59 0
59 118
59 38
59 111
59 55
59 72
187 67
187 35
187 170
187 193
187 88
187 100
187 116
187 32
187 91
187 126
187 212
187 146
187 133
187 39
187 50
187 209
187 143
187 129
187 20
187 70
187 95
187 214
187 149
187 138
187 73
187 119
187 92
187 112
187 148
187 161
187 74
187 155
187 60
187 72
67 202
67 71
67 24
67 170
67 63
67 88
67 213
67 14
67 96
67 106
67 34
67 87
67 84
67 133
67 49
67 179
67 39
67 45
67 90
67 209
67 7
67 86
67 70
67 141
67 66
67 149
67 208
67 195
67 178
67 189
67 85
67 199
67 132
67 112
67 144
67 210
67 74
67 137
67 55
67 180
67 72
202 100
202 91
202 12
202 217
202 5
202 7
202 134
202 13
202 98
202 175
202 195
202 200
202 85
202 205
202 117
202 210
202 65
202 36
202 211
202 155
202 137
202 51
197 63
197 164
197 31
197 196
197 88
197 14
197 100
197 91
197 123
197 81
197 62
197 147
197 212
197 26
197 57
197 204
197 133
197 6
197 50
197 90
197 28
197 78
197 56
197 216
197 134
197 20
197 27
197 214
197 110
197 10
197 77
197 177
197 208
197 150
197 200
197 64
197 189
197 159
197 0
197 17
197 206
197 36
71 164
71 2
71 196
71 62
71 131
71 26
71 11
71 93
71 90
71 22
71 56
71 143
71 86
71 27
71 141
71 66
71 110
71 54
71 195
71 82
71 189
71 176
71 159
71 199
71 112
71 117
71 210
71 65
71 8
71 155
71 51
71 3
24 164
24 2
24 69
24 116
24 18
24 217
24 126
24 26
24 128
24 34
24 15
24 49
24 6
24 152
24 22
24 174
24 134
24 86
24 20
24 70
24 27
24 141
24 52
24 127
24 10
24 177
24 199
24 161
24 65
24 38
24 211
24 137
24 72
35 31
35 69
35 18
35 105
35 126
35 212
35 128
35 34
35 87
35 133
35 49
35 90
35 209
35 28
35 78
35 143
35 174
35 163
35 66
35 214
35 77
35 177
35 175
35 23
35 92
35 168
35 154
35 103
35 161
35 65
35 118
35 211
35 155
35 60
170 196
170 213
170 91
170 108
170 5
170 26
170 128
170 204
170 87
170 49
170 45
170 90
170 70
170 9
170 95
170 66
170 208
170 119
170 64
170 82
170 159
170 168
170 0
170 144
170 161
170 211
170 51
170 3
40 14
40 100
40 102
40 182
40 128
40 57
40 87
40 84
40 50
40 78
40 163
40 27
40 110
40 98
40 54
40 195
40 64
40 82
40 132
40 17
40 154
40 38
40 155
40 137
40 3
40 158
63 193
63 164
63 131
63 12
63 105
63 182
63 128
63 133
63 143
63 129
63 20
63 27
63 141
63 58
63 66
63 13
63 127
63 214
63 98
63 177
63 150
63 185
63 195
63 119
63 82
63 0
63 112
63 206
63 36
63 38
63 74
63 180
63 51
63 158
193 88
193 69
193 91
193 102
193 81
193 188
193 26
193 34
193 39
193 45
193 152
193 22
193 20
193 70
193 141
193 52
193 66
193 77
193 208
193 185
193 119
193 23
193 82
193 189
193 142
193 85
193 199
193 168
193 112
193 144
193 210
193 154
193 65
193 38
193 74
193 155
193 104
193 3
193 215
164 31
164 196
164 213
164 147
164 12
164 105
164 126
164 108
164 207
164 57
164 15
164 84
164 93
164 6
164 25
164 20
164 9
164 66
164 214
164 77
164 177
164 175
164 195
164 119
164 178
164 82
164 189
164 85
164 168
164 210
164 65
164 36
164 8
164 111
164 55
2 31
2 14
2 102
2 106
2 147
2 212
2 5
2 26
2 146
2 204
2 84
2 49
2 28
2 143
2 7
2 129
2 134
2 163
2 46
2 98
2 208
2 73
2 200
2 64
2 82
2 205
2 144
2 161
2 118
2 36
2 8
2 38
2 155
2 104
2 72
31 196
31 88
31 69
31 213
31 14
31 116
31 123
31 62
31 105
31 182
31 57
31 34
31 204
31 179
31 90
31 209
31 78
31 56
31 216
31 52
31 127
31 138
31 177
31 73
31 185
31 82
31 142
31 176
31 85
31 199
31 0
31 144
31 117
31 210
31 103
31 118
31 38
31 72
31 215
196 88
196 69
196 100
196 116
196 32
196 123
196 81
196 147
196 108
196 5
196 204
196 49
196 179
196 45
196 20
196 9
196 27
196 175
196 73
196 17
196 117
196 210
196 36
196 74
196 55
196 158
88 91
88 217
88 212
88 128
88 204
88 133
88 209
88 28
88 174
88 216
88 95
88 58
88 122
88 98
88 149
88 73
88 200
88 23
88 189
88 199
88 132
88 168
88 148
88 8
88 155
88 111
69 81
69 147
69 212
69 5
69 207
69 34
69 39
69 90
69 152
69 174
69 58
69 66
69 122
69 177
69 150
69 175
69 73
69 195
69 176
69 85
69 168
69 112
69 148
69 117
69 206
69 210
69 65
69 60
69 180
69 72
69 3
213 14
213 116
213 18
213 105
213 188
213 5
213 207
213 11
213 45
213 129
213 216
213 27
213 141
213 46
213 122
213 177
213 175
213 195
213 178
213 142
213 85
213 199
213 132
213 0
213 17
213 112
213 210
213 154
213 103
213 111
213 137
213 158
14 91
14 96
14 12
14 188
14 108
14 128
14 15
14 93
14 49
14 39
14 50
14 28
14 163
14 141
14 66
14 46
14 127
14 122
14 138
14 208
14 200
14 119
14 178
14 142
14 85
14 205
14 17
14 144
14 206
14 103
14 8
100 147
100 105
100 126
100 212
100 5
100 146
100 207
100 34
100 15
100 179
100 28
100 134
100 66
100 46
100 149
100 77
100 177
100 208
100 23
100 92
100 176
100 132
100 43
100 111
100 60
100 137
100 55
100 158
116 32
116 18
116 131
116 126
116 15
116 11
116 152
116 56
116 143
116 20
116 127
116 77
116 138
116 54
116 200
116 23
116 178
116 199
116 132
116 17
116 161
116 8
116 137
116 55
116 51
116 215
32 18
32 123
32 194
32 126
32 108
32 182
32 146
32 204
32 6
32 216
32 189
32 132
32 211
32 60
32 180
91 62
91 96
91 106
91 146
91 57
91 11
91 84
91 6
91 39
91 90
91 143
91 134
91 70
91 58
91 66
91 46
91 98
91 138
91 208
91 82
91 142
91 176
91 85
91 199
91 168
91 17
91 210
91 103
91 65
91 111
91 60
91 137
91 55
91 158
18 102
18 62
18 87
18 45
18 90
18 22
18 25
18 7
18 129
18 216
18 20
18 138
18 177
18 195
18 205
18 168
18 112
18 206
18 154
18 38
18 155
18 55
18 104
18 3
18 215
123 131
123 147
123 105
123 126
123 108
123 182
123 146
123 57
123 87
123 11
123 93
123 133
123 45
123 50
123 78
123 129
123 216
123 95
123 58
123 13
123 214
123 149
123 185
123 195
123 64
123 92
123 189
123 85
123 17
123 117
123 43
123 38
123 111
123 55
123 158
102 62
102 106
102 105
102 126
102 212
102 5
102 128
102 34
102 133
102 39
102 45
102 50
102 25
102 134
102 52
102 66
102 214
102 10
102 138
102 200
102 64
102 189
102 132
102 0
102 112
102 210
102 161
102 36
102 211
102 60
194 106
194 147
194 105
194 126
194 182
194 128
194 204
194 93
194 133
194 39
194 28
194 174
194 129
194 9
194 13
194 77
194 138
194 195
194 92
194 60
194 137
194 55
194 3
81 217
81 108
81 39
81 50
81 25
81 163
81 86
81 27
81 58
81 13
81 127
81 98
81 149
81 138
81 54
81 150
81 175
81 185
81 200
81 92
81 82
81 189
81 159
81 199
81 0
81 144
81 65
81 43
81 118
81 36
81 74
81 155
62 108
62 57
62 34
62 11
62 90
62 78
62 152
62 134
62 70
62 127
62 110
62 98
62 10
62 54
62 208
62 200
62 64
62 92
62 189
62 142
62 168
62 0
62 211
62 155
62 60
62 104
131 96
131 106
131 126
131 5
131 182
131 207
131 133
131 49
131 50
131 209
131 152
131 70
131 52
131 46
131 110
131 77
131 195
131 200
131 119
131 65
131 38
131 74
131 55
131 104
96 105
96 126
96 108
96 146
96 207
96 15
96 133
96 25
96 163
96 70
96 95
96 13
96 127
96 98
96 77
96 177
96 208
96 73
96 200
96 82
96 189
96 144
96 210
96 103
96 161
96 74
96 155
96 51
96 215
106 108
106 207
106 87
106 45
106 143
106 7
106 86
106 141
106 64
106 92
106 132
106 17
106 112
106 144
106 206
106 154
106 103
106 211
106 51
147 105
147 182
147 26
147 28
147 78
147 143
147 7
147 129
147 134
147 163
147 86
147 20
147 58
147 52
147 66
147 10
147 149
147 73
147 119
147 159
147 144
147 117
147 210
147 118
147 8
147 38
147 60
147 137
147 51
12 212
12 182
12 128
12 11
12 93
12 152
12 86
12 70
12 141
12 66
12 214
12 122
12 98
12 10
12 138
12 119
12 92
12 142
12 85
12 205
12 0
12 17
12 112
12 144
12 148
12 206
12 118
12 8
105 108
105 179
105 45
105 7
105 216
105 20
105 141
105 52
105 214
105 110
105 150
105 175
105 142
105 85
105 17
105 154
105 38
105 155
105 111
105 104
217 126
217 133
217 28
217 152
217 25
217 143
217 134
217 27
217 58
217 110
217 177
217 208
217 175
217 189
217 176
217 117
217 36
217 104
217 215
126 108
126 26
126 128
126 133
126 179
126 28
126 174
126 20
126 70
126 27
126 141
126 58
126 214
126 122
126 98
126 54
126 175
126 73
126 195
126 64
126 23
126 176
126 159
126 65
126 118
126 155
126 104
188 128
188 57
188 6
188 78
188 25
188 58
188 13
188 64
188 189
188 168
188 17
188 112
188 144
188 206
188 210
188 211
188 111
188 60
188 72
188 51
188 158
212 108
212 207
212 128
212 133
212 95
212 46
212 13
212 77
212 54
212 208
212 175
212 195
212 23
212 92
212 178
212 85
212 148
212 206
212 210
212 154
212 65
212 8
212 51
108 26
108 34
108 49
108 6
108 90
108 209
108 22
108 143
108 20
108 58
108 13
108 127
108 10
108 149
108 177
108 178
108 148
108 206
108 210
108 65
108 36
108 8
108 74
108 211
108 104
5 34
5 179
5 6
5 152
5 22
5 143
5 216
5 58
5 66
5 214
5 77
5 177
5 208
5 159
5 205
5 199
5 210
5 154
5 103
5 161
5 65
5 36
5 8
5 38
5 155
5 137
5 215
182 204
182 93
182 6
182 39
182 50
182 78
182 22
182 174
182 129
182 216
182 9
182 122
182 119
182 168
182 148
182 206
182 38
182 111
182 137
182 72
182 215
26 49
26 56
26 7
26 174
26 129
26 163
26 27
26 110
26 177
26 54
26 119
26 199
26 144
26 148
26 206
26 43
26 38
26 74
26 211
146 57
146 204
146 87
146 209
146 28
146 216
146 214
146 122
146 10
146 119
146 82
146 117
146 154
146 111
146 137
146 215
207 34
207 204
207 11
207 7
207 216
207 163
207 20
207 52
207 110
207 150
207 175
207 73
207 117
207 36
207 74
207 60
207 55
207 72
128 57
128 204
128 15
128 11
128 179
128 78
128 129
128 216
128 70
128 27
128 141
128 66
128 149
128 73
128 119
128 23
128 176
128 205
128 103
128 38
128 155
128 111
128 104
128 215
57 87
57 15
57 93
57 209
57 7
57 216
57 86
57 70
57 9
57 27
57 58
57 127
57 54
57 195
57 159
57 85
57 0
57 206
57 103
57 55
57 180
34 84
34 93
34 49
34 6
34 28
34 78
34 56
34 134
34 214
34 98
34 175
34 17
34 112
34 144
34 210
34 161
34 137
34 104
34 51
204 179
204 50
204 56
204 143
204 7
204 163
204 127
204 214
204 110
204 73
204 185
204 200
204 82
204 159
204 132
204 148
204 154
204 103
204 8
204 60
204 104
87 84
87 133
87 45
87 50
87 78
87 174
87 163
87 20
87 46
87 13
87 98
87 149
87 177
87 150
87 175
87 73
87 159
87 199
87 17
87 144
87 148
87 117
87 210
87 161
87 36
87 8
87 74
87 180
87 158
87 215
15 133
15 7
15 129
15 127
15 98
15 77
15 159
15 199
15 17
15 112
15 148
15 206
15 74
15 155
15 137
15 55
11 84
11 93
11 6
11 45
11 28
11 78
11 56
11 174
11 216
11 134
11 163
11 58
11 122
11 149
11 177
11 195
11 119
11 23
11 189
11 168
11 112
11 148
11 210
11 65
11 211
11 60
11 3
84 209
84 78
84 143
84 86
84 9
84 177
84 208
84 150
84 200
84 92
84 82
84 176
84 205
84 148
84 206
84 154
84 65
84 38
84 60
84 51
84 215
93 134
93 95
93 58
93 98
93 149
93 54
93 150
93 175
93 185
93 23
93 82
93 189
93 199
93 103
93 161
93 111
93 137
93 215
133 49
133 20
133 70
133 9
133 58
133 46
133 214
133 10
133 208
133 175
133 73
133 176
133 132
133 168
133 17
133 117
133 206
133 210
133 154
133 161
133 43
133 8
133 155
133 55
133 72
133 51
133 158
49 209
49 152
49 163
49 52
49 127
49 77
49 54
49 208
49 150
49 73
49 92
49 178
49 159
49 148
49 210
49 161
49 65
49 36
49 8
49 60
49 137
49 51
179 39
179 152
179 22
179 70
179 27
179 214
179 98
179 177
179 54
179 175
179 64
179 142
179 205
179 154
179 161
179 8
179 38
179 51
6 45
6 90
6 56
6 7
6 9
6 66
6 46
6 177
6 195
6 0
6 148
6 117
6 206
6 43
6 36
6 8
6 158
6 215
39 7
39 86
39 9
39 13
39 138
39 150
39 64
39 23
39 92
39 176
39 159
39 0
39 148
39 74
39 155
39 72
39 3
45 50
45 9
45 27
45 64
45 92
45 159
45 205
45 0
45 112
45 144
45 148
45 117
45 206
45 154
45 161
45 118
45 211
45 155
45 111
45 60
45 137
45 72
50 152
50 129
50 27
50 95
50 13
50 214
50 98
50 77
50 138
50 150
50 119
50 178
50 176
50 199
50 0
50 144
50 210
50 43
50 74
50 60
50 137
50 215
90 22
90 216
90 13
90 214
90 122
90 98
90 177
90 54
90 178
90 189
90 205
90 168
90 0
90 17
90 210
90 154
90 103
90 161
90 65
90 118
90 38
90 211
90 60
209 25
209 7
209 216
209 134
209 9
209 27
209 95
209 66
209 98
209 149
209 77
209 195
209 210
209 103
209 38
209 211
209 137
28 25
28 70
28 27
28 95
28 214
28 175
28 73
28 185
28 195
28 64
28 17
28 65
28 36
28 111
28 137
78 216
78 20
78 70
78 127
78 149
78 138
78 142
78 176
78 85
78 168
78 112
78 144
78 148
78 117
78 65
78 43
78 8
78 38
78 215
152 56
152 134
152 86
152 9
152 27
152 52
152 66
152 46
152 10
152 54
152 208
152 185
152 92
152 178
152 189
152 85
152 112
152 103
152 118
152 8
152 38
152 111
152 137
152 3
152 158
22 86
22 52
22 66
22 73
22 23
22 189
22 142
22 199
22 0
22 17
22 148
22 161
22 65
22 8
22 211
22 111
22 137
22 215
56 7
56 134
56 20
56 141
56 58
56 52
56 127
56 110
56 149
56 178
56 142
56 206
56 210
56 161
56 118
56 8
56 211
56 60
25 174
25 129
25 163
25 141
25 122
25 98
25 77
25 175
25 23
25 189
25 199
25 168
25 17
25 148
25 117
25 118
25 158
143 52
143 110
143 138
143 54
143 208
143 150
143 195
143 23
143 189
143 199
143 17
143 43
143 60
143 55
7 163
7 20
7 110
7 10
7 54
7 119
7 178
7 189
7 205
7 168
7 148
7 43
174 58
174 13
174 10
174 77
174 177
174 208
174 175
174 200
174 119
174 64
174 205
174 199
174 17
174 148
174 210
174 154
174 103
174 180
174 72
174 51
129 27
129 214
129 77
129 177
129 73
129 200
129 92
129 148
129 117
129 206
129 161
129 118
129 155
129 111
129 60
129 180
129 72
129 51
129 215
216 95
216 52
216 127
216 185
216 195
216 23
216 178
216 82
216 132
216 0
216 17
216 112
216 154
216 65
216 118
216 155
216 60
216 104
216 72
216 158
134 163
134 20
134 122
134 10
134 149
134 77
134 175
134 92
134 142
134 176
134 159
134 205
134 132
134 144
134 211
134 111
134 60
134 137
134 180
134 72
134 215
163 52
163 46
163 127
163 214
163 110
163 122
163 177
163 54
163 208
163 73
163 185
163 195
163 200
163 119
163 205
163 199
163 148
163 206
163 210
163 38
163 111
163 72
163 51
163 3
86 27
86 52
86 98
86 185
86 0
86 144
86 211
86 60
20 70
20 58
20 46
20 149
20 177
20 208
20 175
20 200
20 85
20 132
20 112
20 161
20 74
20 55
20 104
70 46
70 13
70 10
70 150
70 175
70 185
70 189
70 159
70 85
70 199
70 132
70 117
70 103
70 43
70 36
70 8
70 38
70 60
70 55
70 180
70 104
70 51
70 3
9 95
9 66
9 46
9 177
9 175
9 64
9 92
9 82
9 17
9 118
9 38
9 180
9 72
27 58
27 110
27 150
27 195
27 64
27 178
27 82
27 85
27 0
27 65
27 211
27 158
141 52
141 98
141 149
141 185
141 82
141 189
141 142
141 117
141 118
141 38
141 55
141 72
141 215
95 98
95 149
95 73
95 185
95 64
95 92
95 159
95 117
95 206
95 103
95 161
95 36
95 38
95 155
95 104
95 72
95 158
95 215
58 52
58 46
58 13
58 127
58 122
58 73
58 64
58 132
58 148
58 161
58 43
58 118
58 36
58 211
58 104
58 3
52 66
52 208
52 200
52 178
52 17
52 206
52 161
52 8
52 74
52 211
52 155
52 180
66 149
66 177
66 208
66 150
66 195
66 178
66 189
66 142
66 205
66 199
66 168
66 148
66 117
66 206
66 36
66 74
66 155
46 98
46 149
46 138
46 175
46 159
46 168
46 112
46 65
46 8
13 77
13 177
13 73
13 142
13 112
13 148
13 117
13 211
13 137
127 122
127 10
127 177
127 73
127 142
127 168
127 144
127 155
214 122
214 98
214 149
214 150
214 185
214 195
214 200
214 176
214 85
214 168
214 148
214 117
214 65
214 43
214 8
214 38
214 55
214 51
110 54
110 175
110 119
110 205
110 0
110 148
110 206
110 65
110 211
110 55
110 215
122 138
122 175
122 200
122 92
122 178
122 85
122 199
122 132
122 112
122 144
122 155
122 60
122 55
122 51
98 119
98 82
98 176
98 85
98 112
98 144
98 161
98 74
98 211
98 111
10 149
10 138
10 150
10 175
10 178
10 82
10 189
10 176
10 205
10 132
10 43
10 118
10 38
10 211
10 137
10 72
149 185
149 200
149 64
149 178
149 85
149 205
149 36
149 111
77 138
77 177
77 176
77 85
77 205
77 0
77 17
77 117
77 210
77 72
138 175
138 73
138 195
138 200
138 119
138 142
138 159
138 144
138 206
138 103
138 8
138 211
138 55
177 195
177 200
177 178
177 142
177 176
177 199
177 132
177 168
177 17
177 112
177 148
177 206
177 43
177 118
177 111
177 137
177 180
177 72
54 175
54 185
54 64
54 92
54 82
54 199
54 132
54 144
54 8
54 3
208 185
208 23
208 142
208 199
208 168
208 0
208 154
208 103
208 180
208 72
208 215
150 175
150 161
150 36
150 38
150 60
150 137
175 73
175 23
175 82
175 117
175 206
175 8
175 74
175 55
175 158
73 200
73 64
73 17
73 112
73 144
73 161
73 43
73 155
73 111
73 55
73 51
73 3
185 195
185 119
185 82
185 189
185 159
185 112
185 144
185 148
185 206
185 103
185 118
185 180
185 215
195 200
195 23
195 38
195 111
195 137
195 72
200 64
200 23
200 92
200 82
200 176
200 199
200 148
200 210
200 36
200 38
200 74
200 158
119 176
119 132
119 168
119 144
119 117
119 103
119 65
119 43
119 74
119 60
119 180
119 215
64 178
64 142
64 176
64 112
64 154
64 36
64 8
64 155
64 72
64 51
23 92
23 17
23 161
23 74
23 111
23 180
23 104
92 199
92 103
92 74
92 51
92 3
92 215
178 189
178 142
178 112
178 117
178 154
178 3
82 159
82 117
82 65
82 36
82 38
82 51
189 176
189 132
189 17
189 148
189 117
189 43
189 155
189 111
142 0
142 43
142 51
142 158
176 148
176 206
176 43
176 36
176 8
176 155
176 104
176 158
159 199
159 132
159 0
159 148
159 210
159 74
159 211
159 3
159 158
85 132
85 0
85 206
85 43
85 118
85 36
85 104
85 72
85 3
205 199
205 168
205 112
205 43
205 211
205 60
205 55
205 180
205 72
205 51
205 3
199 17
199 144
199 148
199 117
199 38
199 211
199 158
199 215
132 17
132 148
132 117
132 206
132 210
132 161
132 65
132 43
132 155
132 72
132 158
168 0
168 17
168 144
168 148
168 154
168 161
168 118
168 74
168 111
168 60
168 180
0 17
0 43
0 74
0 137
0 3
17 206
17 154
17 161
17 74
17 111
17 3
17 158
17 215
112 206
112 210
112 154
112 103
112 74
112 155
112 60
112 104
144 148
144 161
144 65
144 38
144 60
144 72
144 158
148 154
148 43
148 8
148 104
148 51
148 158
148 215
117 43
117 180
117 72
206 65
206 36
206 74
206 55
210 211
210 111
210 51
154 103
154 65
154 36
154 8
154 51
154 158
154 215
103 43
103 211
103 155
103 55
103 180
103 215
161 8
161 137
161 72
161 3
65 36
65 211
43 118
43 180
118 38
118 111
118 51
118 158
36 8
36 38
36 111
36 55
36 51
8 111
8 55
8 51
8 158
38 211
38 137
38 180
38 51
74 180
74 104
211 155
211 55
155 137
155 55
155 104
155 72
155 3
111 180
111 72
111 51
111 3
111 158
60 104
60 51
60 158
60 215
137 104
137 51
55 180
55 3
104 72
72 158
51 158
3 158
158 215
