*verties 212
1
3
150
68
127
158
67
56
2
189
25
192
184
38
12
116
134
65
104
160
91
47
26
99
156
157
139
30
41
60
208
151
206
212
11
198
102
49
187
179
185
87
126
162
191
44
114
63
107
79
93
8
5
90
80
135
46
163
169
39
4
216
165
113
155
201
111
215
101
96
175
27
123
52
105
55
32
138
178
45
74
75
88
125
71
33
182
54
146
194
171
94
164
213
167
36
100
57
112
48
66
120
161
122
148
77
61
131
211
214
188
73
170
109
78
168
205
7
166
14
172
19
92
177
31
51
18
121
143
95
115
17
64
210
197
118
85
13
50
42
207
130
0
119
40
35
86
202
183
174
70
147
59
98
28
9
173
133
106
89
108
144
193
142
69
153
195
62
180
117
196
82
152
81
154
29
204
53
83
97
218
132
128
209
203
217
190
84
22
124
110
16
159
103
72
141
58
21
199
219
20
6
136
15
24
186
149
23
37
140
137
43
*edges 
1 127
1 56
1 2
1 189
1 25
1 184
1 38
1 160
1 139
1 30
1 41
1 11
1 198
1 102
1 49
1 187
1 185
1 87
1 126
1 162
1 63
1 93
1 90
1 80
1 163
1 169
1 216
1 155
1 111
1 96
1 123
1 105
1 178
1 45
1 74
1 71
1 54
1 146
1 171
1 164
1 36
1 100
1 120
1 161
1 122
1 148
1 211
1 188
1 170
1 168
1 205
1 7
1 166
1 19
1 92
1 31
1 51
1 18
1 121
1 197
1 42
1 207
1 0
1 119
1 183
1 174
1 70
1 147
1 98
1 28
1 9
1 173
1 193
1 142
1 195
1 180
1 117
1 196
1 154
1 29
1 204
1 53
1 83
1 132
1 128
1 209
1 203
1 84
1 124
1 159
1 103
1 141
1 21
1 199
1 20
1 6
1 136
1 24
1 186
1 43
3 150
3 158
3 56
3 2
3 25
3 184
3 38
3 12
3 65
3 104
3 99
3 157
3 139
3 30
3 60
3 208
3 151
3 206
3 198
3 102
3 49
3 187
3 191
3 63
3 8
3 5
3 90
3 135
3 46
3 39
3 165
3 113
3 155
3 201
3 215
3 101
3 138
3 178
3 74
3 75
3 88
3 54
3 171
3 94
3 48
3 120
3 161
3 122
3 61
3 188
3 73
3 170
3 109
3 78
3 205
3 7
3 166
3 172
3 92
3 177
3 31
3 210
3 42
3 130
3 0
3 119
3 40
3 35
3 86
3 183
3 147
3 98
3 9
3 173
3 133
3 106
3 89
3 108
3 144
3 69
3 153
3 62
3 117
3 82
3 81
3 83
3 132
3 190
3 84
3 124
3 110
3 103
3 72
3 141
3 21
3 199
3 20
3 6
3 136
3 15
3 23
3 140
3 43
150 68
150 158
150 56
150 2
150 189
150 25
150 192
150 184
150 12
150 116
150 134
150 65
150 104
150 160
150 91
150 47
150 26
150 99
150 156
150 157
150 139
150 30
150 41
150 60
150 151
150 212
150 11
150 49
150 187
150 185
150 87
150 126
150 44
150 114
150 107
150 79
150 46
150 169
150 39
150 4
150 216
150 165
150 113
150 111
150 215
150 101
150 96
150 27
150 123
150 105
150 138
150 45
150 74
150 75
150 88
150 125
150 182
150 54
150 171
150 94
150 164
150 167
150 36
150 100
150 57
150 112
150 48
150 66
150 120
150 148
150 131
150 188
150 170
150 109
150 168
150 7
150 18
150 121
150 95
150 197
150 0
150 35
150 86
150 202
150 147
150 9
150 133
150 106
150 144
150 193
150 69
150 195
150 62
150 196
150 81
150 154
150 53
150 83
150 218
150 128
150 209
150 203
150 190
150 124
150 110
150 16
150 58
150 20
150 6
150 136
150 186
150 23
150 140
68 67
68 56
68 25
68 192
68 12
68 116
68 134
68 160
68 91
68 26
68 156
68 157
68 139
68 30
68 41
68 60
68 208
68 87
68 126
68 114
68 79
68 93
68 90
68 163
68 169
68 216
68 165
68 201
68 111
68 215
68 96
68 123
68 105
68 32
68 178
68 75
68 88
68 54
68 146
68 194
68 171
68 94
68 164
68 36
68 57
68 48
68 120
68 161
68 148
68 77
68 61
68 131
68 211
68 214
68 188
68 109
68 168
68 14
68 172
68 31
68 95
68 115
68 17
68 64
68 210
68 118
68 13
68 42
68 207
68 35
68 86
68 70
68 147
68 98
68 173
68 133
68 106
68 89
68 108
68 144
68 193
68 142
68 69
68 153
68 62
68 117
68 196
68 82
68 152
68 154
68 29
68 204
68 53
68 97
68 132
68 22
68 159
68 72
68 141
68 199
68 20
68 24
68 186
68 23
68 140
68 43
127 67
127 56
127 2
127 25
127 192
127 184
127 38
127 160
127 91
127 99
127 139
127 30
127 151
127 212
127 11
127 179
127 126
127 162
127 114
127 107
127 8
127 80
127 46
127 163
127 169
127 4
127 216
127 201
127 215
127 96
127 175
127 75
127 88
127 71
127 33
127 146
127 171
127 167
127 100
127 66
127 211
127 214
127 73
127 170
127 168
127 205
127 166
127 14
127 172
127 19
127 177
127 51
127 18
127 121
127 143
127 115
127 17
127 210
127 118
127 85
127 119
127 35
127 183
127 147
127 59
127 28
127 9
127 133
127 108
127 144
127 193
127 142
127 69
127 196
127 82
127 152
127 81
127 154
127 29
127 204
127 97
127 218
127 132
127 128
127 209
127 203
127 217
127 22
127 124
127 110
127 16
127 103
127 141
127 58
127 199
127 136
127 186
127 37
127 140
127 137
127 43
158 189
158 25
158 38
158 160
158 91
158 47
158 99
158 156
158 30
158 151
158 206
158 11
158 198
158 87
158 126
158 44
158 114
158 80
158 46
158 169
158 39
158 216
158 113
158 111
158 215
158 101
158 175
158 52
158 105
158 55
158 32
158 138
158 178
158 45
158 75
158 33
158 182
158 54
158 194
158 94
158 164
158 167
158 36
158 100
158 57
158 112
158 120
158 211
158 73
158 170
158 109
158 78
158 168
158 166
158 14
158 92
158 31
158 143
158 197
158 118
158 50
158 130
158 0
158 119
158 40
158 35
158 86
158 202
158 183
158 147
158 28
158 9
158 173
158 133
158 144
158 193
158 153
158 195
158 196
158 81
158 204
158 83
158 97
158 218
158 128
158 217
158 190
158 84
158 22
158 124
158 159
158 21
158 20
158 136
158 37
158 137
158 43
67 56
67 189
67 192
67 134
67 65
67 91
67 26
67 157
67 41
67 60
67 151
67 206
67 212
67 11
67 49
67 185
67 126
67 162
67 191
67 63
67 79
67 8
67 5
67 80
67 135
67 169
67 39
67 113
67 155
67 101
67 123
67 52
67 55
67 32
67 45
67 75
67 88
67 71
67 33
67 182
67 146
67 194
67 171
67 164
67 213
67 167
67 36
67 100
67 57
67 112
67 66
67 161
67 148
67 77
67 131
67 214
67 188
67 168
67 7
67 14
67 172
67 19
67 177
67 51
67 18
67 121
67 64
67 210
67 197
67 13
67 50
67 130
67 40
67 86
67 202
67 183
67 174
67 70
67 173
67 89
67 193
67 180
67 152
67 81
67 29
67 204
67 83
67 124
67 159
67 103
67 141
67 21
67 219
67 6
67 136
67 23
67 37
56 2
56 189
56 116
56 160
56 91
56 47
56 26
56 156
56 139
56 30
56 60
56 208
56 151
56 206
56 87
56 126
56 191
56 44
56 63
56 79
56 8
56 5
56 80
56 135
56 46
56 4
56 165
56 113
56 155
56 215
56 101
56 175
56 27
56 123
56 52
56 105
56 55
56 32
56 138
56 178
56 74
56 146
56 94
56 36
56 100
56 57
56 112
56 48
56 120
56 161
56 122
56 61
56 131
56 109
56 172
56 92
56 31
56 51
56 143
56 115
56 17
56 64
56 85
56 50
56 130
56 35
56 59
56 98
56 28
56 9
56 173
56 133
56 144
56 193
56 142
56 153
56 195
56 62
56 180
56 117
56 196
56 81
56 154
56 29
56 204
56 218
56 209
56 217
56 190
56 84
56 159
56 103
56 141
56 58
56 199
56 219
56 20
56 136
56 15
56 24
56 149
56 140
56 137
2 25
2 38
2 65
2 160
2 91
2 99
2 156
2 139
2 30
2 41
2 208
2 102
2 179
2 87
2 114
2 63
2 107
2 79
2 80
2 169
2 165
2 113
2 155
2 201
2 96
2 175
2 123
2 52
2 55
2 32
2 138
2 74
2 75
2 88
2 125
2 71
2 33
2 54
2 213
2 36
2 100
2 57
2 112
2 48
2 120
2 161
2 188
2 205
2 14
2 19
2 177
2 31
2 121
2 115
2 64
2 210
2 197
2 42
2 207
2 130
2 40
2 35
2 202
2 183
2 174
2 70
2 98
2 133
2 89
2 144
2 142
2 153
2 180
2 117
2 81
2 154
2 218
2 132
2 128
2 209
2 217
2 190
2 84
2 124
2 16
2 159
2 58
2 199
2 219
2 20
2 6
2 136
2 15
2 24
2 186
2 149
2 23
2 140
2 43
189 25
189 116
189 134
189 65
189 47
189 157
189 41
189 60
189 208
189 151
189 212
189 198
189 49
189 179
189 185
189 87
189 162
189 191
189 114
189 63
189 5
189 135
189 46
189 216
189 165
189 201
189 27
189 123
189 32
189 138
189 74
189 75
189 125
189 33
189 182
189 146
189 194
189 94
189 100
189 48
189 66
189 120
189 161
189 122
189 148
189 61
189 211
189 188
189 73
189 170
189 78
189 205
189 7
189 166
189 92
189 51
189 121
189 115
189 17
189 210
189 50
189 207
189 130
189 0
189 119
189 35
189 86
189 202
189 183
189 70
189 9
189 173
189 106
189 89
189 153
189 195
189 62
189 180
189 117
189 152
189 218
189 209
189 203
189 217
189 84
189 110
189 159
189 103
189 72
189 136
189 24
189 23
189 37
189 140
189 137
25 12
25 91
25 26
25 99
25 157
25 139
25 30
25 41
25 60
25 151
25 206
25 11
25 198
25 49
25 187
25 179
25 87
25 126
25 162
25 107
25 5
25 90
25 46
25 163
25 169
25 113
25 155
25 201
25 215
25 96
25 175
25 123
25 52
25 105
25 55
25 32
25 138
25 178
25 88
25 33
25 182
25 194
25 94
25 164
25 213
25 167
25 36
25 66
25 120
25 148
25 61
25 131
25 211
25 78
25 168
25 205
25 7
25 166
25 172
25 19
25 18
25 143
25 95
25 115
25 210
25 118
25 85
25 13
25 42
25 207
25 0
25 40
25 35
25 183
25 174
25 70
25 59
25 98
25 9
25 173
25 89
25 144
25 193
25 195
25 62
25 117
25 81
25 154
25 83
25 97
25 209
25 217
25 84
25 124
25 110
25 16
25 72
25 141
25 20
25 6
25 136
25 186
25 149
192 38
192 12
192 116
192 65
192 160
192 47
192 157
192 30
192 41
192 151
192 206
192 198
192 102
192 49
192 187
192 179
192 87
192 126
192 114
192 107
192 93
192 8
192 5
192 90
192 80
192 4
192 215
192 27
192 123
192 52
192 105
192 55
192 32
192 138
192 45
192 125
192 194
192 171
192 94
192 167
192 100
192 161
192 131
192 188
192 109
192 78
192 168
192 205
192 92
192 51
192 17
192 64
192 210
192 197
192 118
192 85
192 50
192 42
192 0
192 35
192 86
192 183
192 70
192 59
192 98
192 9
192 106
192 89
192 180
192 81
192 204
192 83
192 97
192 218
192 128
192 209
192 217
192 84
192 22
192 124
192 110
192 58
192 199
192 6
192 136
192 15
192 24
192 186
192 140
192 137
192 43
184 38
184 116
184 134
184 65
184 104
184 47
184 26
184 99
184 156
184 157
184 30
184 41
184 208
184 151
184 206
184 11
184 198
184 191
184 114
184 63
184 79
184 93
184 8
184 5
184 90
184 163
184 39
184 113
184 155
184 201
184 111
184 215
184 101
184 175
184 105
184 55
184 138
184 74
184 88
184 125
184 71
184 33
184 182
184 54
184 194
184 94
184 164
184 167
184 36
184 100
184 57
184 112
184 122
184 148
184 131
184 214
184 188
184 73
184 109
184 78
184 7
184 172
184 19
184 92
184 31
184 51
184 121
184 143
184 95
184 115
184 17
184 64
184 210
184 13
184 50
184 207
184 0
184 119
184 40
184 86
184 174
184 70
184 28
184 9
184 106
184 89
184 108
184 153
184 180
184 117
184 152
184 29
184 204
184 53
184 83
184 218
184 128
184 203
184 84
184 110
184 58
184 21
184 199
184 20
184 6
184 24
184 186
184 23
184 37
38 160
38 91
38 30
38 208
38 206
38 49
38 162
38 191
38 44
38 114
38 63
38 107
38 8
38 5
38 46
38 39
38 113
38 155
38 201
38 215
38 96
38 175
38 27
38 123
38 52
38 105
38 55
38 32
38 45
38 125
38 71
38 33
38 182
38 94
38 164
38 213
38 57
38 112
38 48
38 66
38 120
38 161
38 148
38 131
38 214
38 109
38 168
38 205
38 7
38 166
38 172
38 19
38 92
38 51
38 18
38 121
38 143
38 95
38 64
38 197
38 118
38 85
38 50
38 130
38 40
38 86
38 183
38 174
38 147
38 98
38 28
38 133
38 89
38 108
38 193
38 142
38 69
38 153
38 180
38 196
38 29
38 204
38 83
38 97
38 132
38 128
38 209
38 217
38 190
38 84
38 22
38 110
38 16
38 103
38 141
38 6
38 136
38 15
38 186
38 37
38 140
38 137
12 65
12 160
12 91
12 26
12 156
12 157
12 30
12 208
12 212
12 11
12 198
12 102
12 187
12 179
12 87
12 162
12 79
12 93
12 8
12 5
12 90
12 80
12 46
12 163
12 4
12 216
12 215
12 27
12 123
12 52
12 55
12 74
12 75
12 88
12 125
12 182
12 54
12 171
12 94
12 164
12 213
12 48
12 120
12 161
12 148
12 77
12 214
12 78
12 168
12 19
12 92
12 177
12 31
12 143
12 95
12 115
12 17
12 118
12 85
12 13
12 50
12 42
12 207
12 130
12 0
12 86
12 70
12 59
12 28
12 173
12 106
12 89
12 142
12 69
12 195
12 62
12 117
12 196
12 81
12 29
12 204
12 53
12 83
12 128
12 84
12 110
12 16
12 159
12 141
12 21
12 219
12 20
12 136
12 15
12 24
12 186
12 23
12 37
12 140
116 104
116 160
116 26
116 99
116 156
116 157
116 139
116 30
116 41
116 60
116 208
116 151
116 11
116 198
116 179
116 126
116 162
116 191
116 63
116 107
116 79
116 93
116 8
116 135
116 39
116 4
116 216
116 111
116 175
116 123
116 52
116 32
116 75
116 125
116 33
116 182
116 54
116 146
116 194
116 171
116 94
116 164
116 100
116 66
116 161
116 148
116 77
116 61
116 131
116 211
116 214
116 170
116 109
116 168
116 7
116 19
116 92
116 31
116 51
116 95
116 64
116 210
116 50
116 207
116 130
116 0
116 35
116 174
116 70
116 59
116 133
116 106
116 89
116 108
116 193
116 142
116 69
116 195
116 62
116 117
116 152
116 81
116 154
116 218
116 128
116 209
116 217
116 190
116 84
116 110
116 16
116 159
116 103
116 72
116 199
116 20
116 24
116 23
116 140
116 43
134 65
134 91
134 47
134 26
134 156
134 157
134 206
134 11
134 102
134 49
134 187
134 179
134 185
134 87
134 162
134 191
134 44
134 114
134 107
134 79
134 93
134 5
134 90
134 135
134 46
134 169
134 4
134 216
134 165
134 101
134 96
134 175
134 123
134 105
134 55
134 32
134 138
134 178
134 45
134 75
134 88
134 125
134 182
134 54
134 146
134 194
134 94
134 48
134 120
134 161
134 122
134 148
134 73
134 168
134 205
134 14
134 92
134 177
134 31
134 17
134 64
134 210
134 197
134 118
134 13
134 50
134 207
134 0
134 119
134 40
134 35
134 183
134 147
134 98
134 133
134 106
134 108
134 144
134 193
134 69
134 153
134 195
134 117
134 152
134 81
134 53
134 83
134 97
134 218
134 203
134 159
134 103
134 21
134 199
134 20
134 6
134 136
134 15
134 137
134 43
65 104
65 47
65 26
65 156
65 212
65 198
65 102
65 179
65 185
65 87
65 126
65 191
65 44
65 63
65 107
65 79
65 8
65 90
65 80
65 46
65 4
65 113
65 155
65 201
65 101
65 27
65 123
65 52
65 105
65 55
65 32
65 75
65 125
65 146
65 194
65 164
65 112
65 48
65 161
65 148
65 77
65 61
65 211
65 188
65 170
65 109
65 168
65 205
65 166
65 31
65 51
65 121
65 210
65 118
65 85
65 42
65 35
65 86
65 202
65 183
65 147
65 28
65 133
65 108
65 142
65 69
65 62
65 180
65 82
65 154
65 53
65 97
65 209
65 203
65 217
65 190
65 84
65 22
65 124
65 110
65 16
65 159
65 103
65 141
65 219
65 20
65 136
65 186
65 140
65 43
104 160
104 99
104 157
104 139
104 30
104 41
104 60
104 208
104 151
104 212
104 198
104 102
104 49
104 187
104 126
104 162
104 44
104 107
104 79
104 93
104 8
104 5
104 90
104 135
104 46
104 169
104 4
104 113
104 111
104 215
104 96
104 175
104 27
104 123
104 52
104 105
104 74
104 75
104 71
104 33
104 182
104 54
104 146
104 171
104 164
104 213
104 36
104 57
104 48
104 120
104 161
104 122
104 148
104 131
104 211
104 109
104 205
104 166
104 14
104 19
104 177
104 18
104 115
104 210
104 50
104 42
104 130
104 202
104 183
104 174
104 70
104 106
104 89
104 108
104 69
104 153
104 62
104 196
104 81
104 154
104 204
104 53
104 132
104 128
104 209
104 217
104 110
104 16
104 72
104 58
104 136
104 15
104 23
104 37
104 137
160 91
160 26
160 99
160 139
160 30
160 208
160 206
160 49
160 185
160 87
160 126
160 162
160 44
160 63
160 107
160 8
160 5
160 90
160 163
160 39
160 113
160 201
160 101
160 27
160 123
160 32
160 75
160 125
160 182
160 146
160 194
160 164
160 213
160 36
160 100
160 57
160 66
160 120
160 161
160 122
160 148
160 211
160 214
160 188
160 170
160 109
160 205
160 7
160 19
160 92
160 143
160 17
160 197
160 118
160 85
160 42
160 207
160 130
160 35
160 86
160 147
160 59
160 28
160 133
160 106
160 89
160 69
160 117
160 82
160 204
160 53
160 97
160 132
160 209
160 217
160 84
160 124
160 110
160 16
160 159
160 141
160 58
160 219
160 6
160 15
160 24
160 23
160 140
91 47
91 26
91 99
91 41
91 208
91 206
91 198
91 102
91 49
91 126
91 191
91 44
91 114
91 63
91 107
91 79
91 90
91 4
91 216
91 165
91 113
91 215
91 101
91 175
91 27
91 123
91 105
91 55
91 138
91 45
91 75
91 182
91 54
91 194
91 171
91 167
91 100
91 112
91 66
91 148
91 77
91 61
91 131
91 214
91 170
91 168
91 205
91 7
91 172
91 18
91 115
91 17
91 64
91 197
91 118
91 42
91 40
91 183
91 70
91 28
91 173
91 108
91 153
91 117
91 82
91 81
91 53
91 97
91 132
91 209
91 190
91 84
91 22
91 124
91 72
91 141
91 58
91 21
91 20
91 6
91 136
91 186
91 140
47 26
47 157
47 139
47 30
47 41
47 208
47 151
47 11
47 49
47 187
47 185
47 87
47 191
47 44
47 114
47 79
47 8
47 5
47 90
47 80
47 46
47 169
47 39
47 4
47 155
47 111
47 215
47 101
47 96
47 52
47 105
47 55
47 32
47 138
47 178
47 71
47 182
47 146
47 171
47 213
47 167
47 36
47 100
47 57
47 112
47 48
47 66
47 120
47 148
47 131
47 211
47 214
47 73
47 109
47 78
47 205
47 166
47 172
47 177
47 31
47 51
47 18
47 143
47 17
47 210
47 197
47 118
47 85
47 13
47 130
47 0
47 119
47 40
47 35
47 86
47 183
47 147
47 98
47 28
47 9
47 133
47 106
47 144
47 193
47 142
47 153
47 62
47 83
47 128
47 209
47 203
47 217
47 190
47 22
47 103
47 141
47 58
47 199
47 219
47 20
47 6
47 136
47 15
47 43
26 99
26 156
26 157
26 30
26 41
26 60
26 208
26 151
26 206
26 212
26 11
26 49
26 187
26 179
26 87
26 126
26 44
26 8
26 5
26 46
26 169
26 39
26 4
26 216
26 165
26 113
26 155
26 111
26 101
26 96
26 27
26 123
26 105
26 55
26 32
26 138
26 178
26 74
26 88
26 125
26 71
26 33
26 54
26 167
26 36
26 100
26 57
26 112
26 161
26 148
26 77
26 61
26 214
26 188
26 73
26 170
26 78
26 7
26 14
26 172
26 92
26 177
26 31
26 18
26 121
26 143
26 95
26 115
26 17
26 210
26 118
26 42
26 174
26 147
26 59
26 98
26 133
26 106
26 108
26 144
26 193
26 142
26 153
26 62
26 180
26 117
26 196
26 154
26 29
26 204
26 53
26 83
26 97
26 132
26 128
26 209
26 84
26 22
26 110
26 159
26 103
26 58
26 21
26 199
26 6
26 136
26 186
26 149
99 157
99 41
99 60
99 206
99 212
99 11
99 198
99 49
99 187
99 179
99 162
99 191
99 107
99 93
99 8
99 80
99 135
99 169
99 216
99 165
99 113
99 201
99 96
99 27
99 52
99 105
99 32
99 45
99 74
99 75
99 88
99 171
99 164
99 167
99 100
99 48
99 161
99 77
99 131
99 214
99 188
99 78
99 168
99 205
99 7
99 14
99 172
99 19
99 92
99 31
99 51
99 18
99 121
99 95
99 115
99 64
99 42
99 119
99 40
99 86
99 202
99 70
99 59
99 28
99 133
99 106
99 108
99 195
99 117
99 196
99 81
99 29
99 204
99 97
99 128
99 209
99 203
99 190
99 110
99 16
99 159
99 58
99 199
99 6
99 136
99 186
99 149
99 140
156 60
156 208
156 212
156 11
156 187
156 179
156 185
156 87
156 162
156 114
156 63
156 79
156 93
156 5
156 169
156 165
156 155
156 101
156 96
156 27
156 105
156 32
156 45
156 74
156 75
156 88
156 33
156 182
156 94
156 167
156 36
156 100
156 120
156 122
156 77
156 61
156 211
156 214
156 73
156 78
156 205
156 7
156 166
156 14
156 172
156 19
156 92
156 177
156 51
156 121
156 143
156 115
156 210
156 197
156 118
156 85
156 13
156 119
156 183
156 174
156 70
156 59
156 173
156 106
156 89
156 108
156 144
156 142
156 62
156 180
156 117
156 152
156 154
156 204
156 97
156 128
156 203
156 217
156 190
156 84
156 16
156 103
156 141
156 58
156 21
156 219
156 20
156 15
156 186
156 23
156 37
156 140
156 43
157 139
157 30
157 41
157 60
157 206
157 212
157 198
157 49
157 179
157 185
157 126
157 44
157 93
157 8
157 5
157 90
157 80
157 46
157 163
157 165
157 111
157 96
157 175
157 123
157 52
157 32
157 138
157 74
157 88
157 54
157 194
157 94
157 164
157 167
157 36
157 57
157 48
157 66
157 122
157 148
157 77
157 131
157 211
157 170
157 109
157 168
157 31
157 18
157 121
157 95
157 115
157 17
157 64
157 118
157 85
157 50
157 207
157 130
157 0
157 119
157 35
157 183
157 147
157 59
157 9
157 133
157 89
157 117
157 152
157 81
157 29
157 204
157 53
157 218
157 132
157 203
157 217
157 84
157 22
157 124
157 110
157 16
157 72
157 141
157 20
157 15
157 24
157 186
157 137
139 41
139 60
139 212
139 198
139 187
139 179
139 185
139 87
139 107
139 79
139 93
139 8
139 5
139 135
139 169
139 4
139 216
139 165
139 113
139 101
139 52
139 105
139 55
139 32
139 45
139 75
139 182
139 54
139 194
139 171
139 94
139 164
139 213
139 167
139 36
139 112
139 48
139 161
139 148
139 77
139 61
139 78
139 168
139 19
139 177
139 31
139 51
139 95
139 115
139 85
139 50
139 42
139 130
139 0
139 35
139 202
139 174
139 70
139 147
139 59
139 9
139 106
139 89
139 144
139 193
139 142
139 69
139 153
139 195
139 62
139 180
139 196
139 152
139 29
139 97
139 218
139 128
139 209
139 203
139 16
139 159
139 72
139 141
139 58
139 21
139 199
139 219
139 20
139 6
139 136
139 24
139 186
139 23
139 37
139 140
139 137
30 41
30 151
30 212
30 198
30 87
30 191
30 114
30 107
30 93
30 135
30 163
30 39
30 216
30 113
30 155
30 101
30 52
30 32
30 138
30 178
30 45
30 75
30 71
30 54
30 146
30 213
30 167
30 100
30 57
30 112
30 48
30 120
30 131
30 188
30 73
30 109
30 168
30 14
30 92
30 51
30 143
30 95
30 115
30 13
30 42
30 130
30 0
30 119
30 40
30 202
30 98
30 108
30 144
30 193
30 142
30 69
30 153
30 195
30 196
30 82
30 152
30 81
30 204
30 53
30 97
30 218
30 132
30 209
30 190
30 84
30 22
30 124
30 159
30 103
30 21
30 199
30 219
30 15
30 24
30 23
30 37
30 137
41 151
41 11
41 198
41 102
41 179
41 126
41 162
41 63
41 79
41 93
41 8
41 5
41 135
41 46
41 165
41 101
41 96
41 175
41 27
41 52
41 105
41 55
41 32
41 88
41 71
41 33
41 182
41 146
41 164
41 167
41 36
41 112
41 122
41 148
41 77
41 131
41 73
41 109
41 78
41 14
41 172
41 19
41 92
41 177
41 31
41 18
41 121
41 118
41 13
41 50
41 207
41 130
41 0
41 119
41 202
41 70
41 9
41 173
41 106
41 89
41 108
41 144
41 62
41 180
41 117
41 196
41 152
41 154
41 29
41 83
41 97
41 218
41 132
41 217
41 190
41 84
41 22
41 72
41 21
41 199
41 219
41 20
41 15
41 140
60 151
60 206
60 198
60 49
60 185
60 126
60 114
60 63
60 79
60 4
60 216
60 155
60 201
60 96
60 175
60 105
60 55
60 178
60 45
60 74
60 75
60 88
60 71
60 182
60 54
60 146
60 194
60 171
60 94
60 164
60 167
60 57
60 112
60 66
60 161
60 122
60 61
60 211
60 214
60 188
60 109
60 205
60 7
60 166
60 14
60 172
60 19
60 92
60 31
60 51
60 18
60 143
60 115
60 17
60 197
60 85
60 13
60 50
60 207
60 86
60 202
60 70
60 147
60 98
60 28
60 173
60 106
60 89
60 108
60 144
60 142
60 153
60 62
60 180
60 196
60 152
60 154
60 53
60 83
60 132
60 128
60 203
60 217
60 190
60 84
60 124
60 16
60 58
60 21
60 199
60 20
60 136
60 24
60 149
60 23
60 140
60 137
60 43
208 212
208 11
208 198
208 102
208 49
208 179
208 87
208 126
208 162
208 44
208 63
208 8
208 90
208 169
208 39
208 4
208 165
208 113
208 111
208 101
208 123
208 105
208 45
208 88
208 125
208 71
208 94
208 213
208 167
208 36
208 100
208 112
208 48
208 66
208 120
208 148
208 77
208 61
208 131
208 211
208 214
208 188
208 109
208 168
208 205
208 7
208 166
208 172
208 31
208 121
208 64
208 118
208 207
208 130
208 119
208 183
208 174
208 147
208 59
208 28
208 9
208 173
208 133
208 106
208 108
208 144
208 142
208 69
208 195
208 82
208 154
208 29
208 204
208 218
208 132
208 128
208 209
208 203
208 190
208 84
208 22
208 124
208 159
208 103
208 141
208 58
208 21
208 219
208 186
208 149
208 140
208 137
208 43
151 212
151 198
151 102
151 187
151 185
151 87
151 44
151 79
151 93
151 5
151 80
151 163
151 169
151 216
151 165
151 215
151 96
151 105
151 55
151 32
151 178
151 71
151 33
151 182
151 54
151 146
151 194
151 94
151 213
151 167
151 100
151 112
151 120
151 161
151 148
151 77
151 131
151 214
151 73
151 78
151 205
151 7
151 166
151 14
151 31
151 143
151 64
151 210
151 118
151 85
151 50
151 42
151 130
151 202
151 183
151 147
151 98
151 28
151 133
151 144
151 193
151 142
151 69
151 153
151 195
151 62
151 180
151 196
151 152
151 154
151 204
151 53
151 83
151 97
151 218
151 128
151 203
151 217
151 16
151 199
151 20
151 6
151 15
151 24
151 186
151 137
151 43
206 11
206 198
206 187
206 87
206 126
206 114
206 63
206 107
206 79
206 5
206 163
206 169
206 4
206 201
206 111
206 101
206 96
206 175
206 52
206 105
206 55
206 138
206 45
206 125
206 71
206 33
206 182
206 171
206 36
206 100
206 57
206 112
206 48
206 120
206 148
206 77
206 61
206 211
206 188
206 73
206 168
206 166
206 14
206 172
206 19
206 31
206 51
206 18
206 121
206 143
206 197
206 118
206 13
206 42
206 119
206 86
206 98
206 28
206 106
206 144
206 69
206 153
206 195
206 180
206 196
206 81
206 204
206 97
206 132
206 128
206 209
206 84
206 22
206 16
206 72
206 141
206 6
206 136
206 15
206 24
206 186
206 23
206 37
206 140
206 137
206 43
212 11
212 49
212 187
212 179
212 185
212 162
212 191
212 63
212 107
212 79
212 8
212 5
212 90
212 80
212 163
212 4
212 216
212 165
212 113
212 155
212 201
212 101
212 96
212 55
212 138
212 45
212 88
212 125
212 71
212 54
212 194
212 171
212 164
212 100
212 57
212 48
212 66
212 120
212 122
212 148
212 77
212 61
212 188
212 73
212 170
212 78
212 7
212 166
212 14
212 172
212 92
212 177
212 143
212 95
212 115
212 17
212 85
212 50
212 42
212 207
212 130
212 202
212 70
212 28
212 9
212 106
212 89
212 108
212 144
212 153
212 180
212 81
212 29
212 204
212 53
212 83
212 97
212 218
212 132
212 203
212 190
212 22
212 110
212 159
212 21
212 186
212 140
212 137
11 49
11 179
11 185
11 126
11 162
11 114
11 63
11 79
11 8
11 5
11 90
11 80
11 135
11 39
11 4
11 216
11 165
11 113
11 201
11 215
11 101
11 123
11 55
11 32
11 138
11 45
11 74
11 75
11 71
11 33
11 182
11 54
11 164
11 213
11 167
11 36
11 48
11 161
11 77
11 131
11 211
11 214
11 78
11 166
11 19
11 177
11 31
11 51
11 121
11 17
11 64
11 197
11 118
11 85
11 13
11 50
11 207
11 130
11 0
11 119
11 40
11 35
11 202
11 183
11 174
11 70
11 59
11 98
11 28
11 106
11 89
11 142
11 69
11 117
11 196
11 152
11 81
11 154
11 29
11 53
11 209
11 190
11 22
11 124
11 141
11 58
11 21
11 20
11 136
11 15
11 24
11 186
11 149
11 140
11 137
198 49
198 44
198 63
198 107
198 5
198 80
198 46
198 163
198 4
198 216
198 165
198 113
198 215
198 175
198 45
198 74
198 75
198 125
198 33
198 182
198 54
198 146
198 171
198 167
198 100
198 57
198 48
198 120
198 131
198 211
198 188
198 170
198 109
198 168
198 205
198 166
198 14
198 19
198 92
198 177
198 115
198 64
198 118
198 85
198 50
198 42
198 207
198 130
198 0
198 119
198 40
198 35
198 86
198 174
198 147
198 28
198 173
198 133
198 89
198 193
198 69
198 153
198 62
198 180
198 196
198 152
198 154
198 204
198 97
198 132
198 209
198 217
198 190
198 84
198 22
198 110
198 16
198 159
198 103
198 199
198 219
198 6
198 136
198 15
198 186
198 23
198 137
102 179
102 185
102 87
102 162
102 44
102 107
102 8
102 135
102 169
102 39
102 4
102 216
102 165
102 215
102 27
102 52
102 55
102 138
102 178
102 74
102 75
102 182
102 54
102 146
102 194
102 100
102 112
102 120
102 161
102 122
102 77
102 211
102 214
102 188
102 73
102 170
102 168
102 7
102 14
102 177
102 31
102 18
102 121
102 95
102 210
102 197
102 13
102 0
102 40
102 35
102 86
102 202
102 174
102 70
102 28
102 9
102 173
102 106
102 89
102 144
102 193
102 153
102 180
102 196
102 82
102 152
102 81
102 154
102 29
102 204
102 218
102 132
102 209
102 203
102 217
102 190
102 124
102 110
102 16
102 159
102 103
102 58
102 20
102 6
102 15
102 24
102 140
102 43
49 87
49 191
49 44
49 114
49 63
49 8
49 5
49 90
49 80
49 135
49 163
49 169
49 39
49 216
49 165
49 155
49 27
49 123
49 52
49 55
49 138
49 178
49 88
49 71
49 33
49 94
49 164
49 213
49 36
49 100
49 122
49 131
49 73
49 78
49 168
49 7
49 166
49 14
49 19
49 92
49 177
49 31
49 51
49 18
49 95
49 50
49 42
49 207
49 35
49 86
49 70
49 147
49 59
49 98
49 28
49 133
49 89
49 193
49 69
49 195
49 62
49 196
49 152
49 81
49 154
49 53
49 83
49 132
49 209
49 110
49 72
49 141
49 21
49 20
49 6
49 15
49 24
49 186
49 23
49 37
49 140
49 137
49 43
187 179
187 185
187 162
187 44
187 63
187 93
187 135
187 46
187 163
187 216
187 165
187 201
187 215
187 138
187 88
187 194
187 171
187 94
187 167
187 57
187 48
187 66
187 77
187 214
187 188
187 73
187 109
187 78
187 7
187 166
187 14
187 92
187 31
187 51
187 143
187 210
187 50
187 42
187 207
187 0
187 119
187 40
187 35
187 202
187 174
187 89
187 193
187 69
187 153
187 195
187 117
187 196
187 82
187 152
187 81
187 29
187 204
187 53
187 97
187 218
187 190
187 22
187 124
187 159
187 103
187 58
187 199
187 219
187 136
187 15
187 24
187 186
187 149
187 37
187 137
179 185
179 126
179 191
179 44
179 114
179 107
179 93
179 8
179 5
179 90
179 80
179 46
179 163
179 39
179 216
179 155
179 201
179 101
179 96
179 175
179 27
179 105
179 55
179 32
179 45
179 74
179 75
179 54
179 194
179 171
179 94
179 213
179 36
179 100
179 57
179 112
179 48
179 120
179 122
179 148
179 188
179 73
179 109
179 168
179 205
179 166
179 14
179 172
179 51
179 143
179 95
179 64
179 50
179 130
179 40
179 86
179 202
179 174
179 147
179 59
179 98
179 9
179 106
179 108
179 144
179 69
179 153
179 196
179 82
179 81
179 53
179 132
179 209
179 203
179 217
179 190
179 22
179 124
179 16
179 159
179 103
179 21
179 199
179 20
179 24
179 186
179 23
179 37
179 140
179 43
185 162
185 44
185 107
185 8
185 5
185 135
185 46
185 163
185 113
185 201
185 101
185 27
185 52
185 32
185 178
185 45
185 75
185 71
185 54
185 194
185 171
185 94
185 164
185 57
185 48
185 120
185 161
185 122
185 131
185 211
185 214
185 78
185 205
185 7
185 166
185 172
185 92
185 177
185 31
185 51
185 18
185 121
185 17
185 210
185 197
185 85
185 207
185 130
185 86
185 202
185 174
185 70
185 147
185 59
185 28
185 173
185 133
185 106
185 108
185 144
185 193
185 69
185 153
185 62
185 180
185 81
185 29
185 16
185 141
185 199
185 219
185 20
185 6
185 15
185 24
185 186
185 149
185 37
185 140
185 43
87 162
87 191
87 107
87 8
87 5
87 80
87 46
87 163
87 39
87 155
87 201
87 111
87 215
87 101
87 52
87 105
87 125
87 146
87 171
87 36
87 100
87 57
87 112
87 66
87 161
87 148
87 77
87 188
87 170
87 109
87 78
87 205
87 7
87 166
87 172
87 19
87 177
87 31
87 51
87 18
87 121
87 95
87 64
87 13
87 50
87 130
87 0
87 119
87 40
87 86
87 174
87 70
87 147
87 98
87 106
87 89
87 144
87 193
87 69
87 195
87 62
87 196
87 82
87 152
87 154
87 204
87 83
87 132
87 128
87 217
87 84
87 22
87 103
87 72
87 141
87 58
87 21
87 199
87 24
87 149
87 37
87 137
87 43
126 191
126 114
126 90
126 163
126 169
126 39
126 4
126 113
126 111
126 101
126 175
126 55
126 138
126 178
126 74
126 75
126 88
126 71
126 146
126 94
126 213
126 112
126 48
126 66
126 122
126 148
126 214
126 109
126 168
126 166
126 14
126 19
126 92
126 31
126 18
126 121
126 143
126 115
126 64
126 210
126 197
126 118
126 85
126 13
126 42
126 86
126 202
126 174
126 147
126 98
126 173
126 133
126 193
126 142
126 153
126 62
126 180
126 196
126 152
126 154
126 53
126 83
126 218
126 128
126 209
126 203
126 217
126 84
126 22
126 124
126 110
126 159
126 141
126 58
126 21
126 20
126 6
126 186
126 37
126 140
162 191
162 107
162 93
162 4
162 216
162 113
162 155
162 201
162 96
162 175
162 27
162 123
162 55
162 138
162 178
162 45
162 75
162 88
162 125
162 71
162 54
162 171
162 167
162 112
162 48
162 120
162 122
162 61
162 211
162 214
162 188
162 73
162 170
162 109
162 78
162 205
162 166
162 14
162 172
162 31
162 18
162 121
162 143
162 95
162 210
162 118
162 13
162 50
162 42
162 207
162 40
162 35
162 86
162 183
162 174
162 70
162 147
162 59
162 98
162 28
162 173
162 133
162 89
162 144
162 142
162 153
162 62
162 117
162 196
162 81
162 29
162 204
162 53
162 97
162 209
162 203
162 217
162 84
162 124
162 16
162 103
162 58
162 21
162 199
162 219
162 20
162 6
162 24
162 23
162 37
162 137
191 114
191 93
191 5
191 80
191 46
191 163
191 169
191 216
191 165
191 155
191 215
191 96
191 175
191 27
191 75
191 88
191 33
191 182
191 146
191 194
191 171
191 164
191 213
191 57
191 161
191 214
191 188
191 170
191 168
191 14
191 172
191 92
191 121
191 95
191 118
191 13
191 50
191 42
191 0
191 40
191 35
191 59
191 98
191 28
191 9
191 108
191 144
191 142
191 69
191 153
191 195
191 62
191 180
191 117
191 196
191 82
191 81
191 29
191 204
191 53
191 218
191 132
191 203
191 190
191 84
191 110
191 103
191 72
191 141
191 21
191 20
191 6
191 15
191 24
191 186
191 149
191 23
191 37
191 43
44 114
44 79
44 8
44 5
44 135
44 39
44 4
44 155
44 201
44 111
44 215
44 101
44 96
44 175
44 27
44 52
44 138
44 45
44 146
44 194
44 94
44 213
44 100
44 57
44 66
44 120
44 161
44 122
44 61
44 211
44 214
44 73
44 170
44 78
44 7
44 166
44 14
44 92
44 177
44 31
44 51
44 18
44 143
44 17
44 210
44 85
44 13
44 50
44 130
44 40
44 35
44 202
44 183
44 147
44 98
44 28
44 9
44 173
44 106
44 89
44 108
44 69
44 117
44 152
44 204
44 97
44 218
44 132
44 128
44 209
44 203
44 217
44 84
44 124
44 110
44 16
44 159
44 20
44 6
44 136
44 149
44 23
44 137
114 63
114 8
114 90
114 135
114 163
114 169
114 39
114 113
114 155
114 201
114 215
114 101
114 96
114 175
114 27
114 123
114 105
114 55
114 138
114 74
114 88
114 33
114 182
114 54
114 194
114 94
114 167
114 112
114 66
114 161
114 77
114 188
114 170
114 109
114 168
114 7
114 166
114 14
114 172
114 31
114 51
114 143
114 95
114 210
114 118
114 50
114 42
114 0
114 35
114 174
114 9
114 173
114 133
114 89
114 108
114 193
114 69
114 195
114 62
114 180
114 196
114 152
114 81
114 154
114 204
114 83
114 218
114 132
114 209
114 203
114 190
114 22
114 110
114 159
114 103
114 72
114 141
114 58
114 21
114 149
114 23
114 137
63 79
63 5
63 46
63 163
63 39
63 216
63 113
63 111
63 55
63 32
63 178
63 75
63 125
63 71
63 146
63 194
63 171
63 164
63 36
63 100
63 57
63 112
63 66
63 120
63 122
63 61
63 131
63 214
63 188
63 109
63 78
63 205
63 7
63 166
63 14
63 172
63 92
63 177
63 51
63 18
63 143
63 115
63 17
63 64
63 210
63 197
63 50
63 42
63 207
63 0
63 40
63 35
63 86
63 174
63 98
63 9
63 173
63 106
63 89
63 193
63 142
63 69
63 153
63 180
63 117
63 152
63 81
63 154
63 83
63 97
63 218
63 132
63 128
63 209
63 203
63 217
63 190
63 124
63 110
63 159
63 103
63 72
63 141
63 58
63 21
63 199
63 219
63 20
63 6
63 136
63 24
63 186
63 149
63 37
63 140
107 8
107 90
107 46
107 163
107 169
107 39
107 165
107 155
107 201
107 111
107 175
107 27
107 52
107 105
107 178
107 45
107 88
107 182
107 54
107 146
107 94
107 213
107 120
107 161
107 148
107 61
107 214
107 170
107 109
107 78
107 168
107 92
107 177
107 31
107 121
107 95
107 115
107 210
107 197
107 85
107 13
107 42
107 35
107 202
107 183
107 174
107 147
107 59
107 98
107 28
107 9
107 173
107 89
107 108
107 144
107 193
107 62
107 152
107 154
107 204
107 97
107 218
107 132
107 209
107 203
107 190
107 84
107 103
107 141
107 58
107 199
107 219
107 20
107 6
107 136
107 15
107 24
107 186
107 149
107 23
107 137
107 43
79 93
79 5
79 80
79 135
79 46
79 163
79 201
79 96
79 123
79 52
79 55
79 138
79 88
79 54
79 146
79 194
79 164
79 167
79 36
79 112
79 48
79 66
79 161
79 77
79 61
79 214
79 73
79 109
79 7
79 166
79 14
79 92
79 51
79 121
79 143
79 95
79 115
79 64
79 210
79 197
79 85
79 50
79 42
79 207
79 40
79 35
79 202
79 174
79 70
79 98
79 173
79 89
79 193
79 69
79 180
79 196
79 82
79 152
79 81
79 154
79 204
79 203
79 190
79 124
79 110
79 16
79 159
79 103
79 141
79 58
79 199
79 15
79 186
79 149
79 140
79 137
93 5
93 80
93 135
93 46
93 163
93 169
93 4
93 155
93 111
93 27
93 123
93 105
93 55
93 32
93 138
93 71
93 182
93 54
93 146
93 194
93 171
93 94
93 164
93 36
93 100
93 112
93 48
93 120
93 122
93 148
93 77
93 61
93 131
93 214
93 188
93 73
93 168
93 7
93 172
93 92
93 121
93 95
93 210
93 118
93 85
93 50
93 42
93 0
93 35
93 86
93 202
93 183
93 174
93 59
93 9
93 106
93 142
93 195
93 62
93 180
93 82
93 154
93 29
93 53
93 218
93 132
93 128
93 209
93 203
93 190
93 22
93 159
93 103
93 72
93 141
93 199
93 219
93 20
93 136
93 15
93 23
8 5
8 90
8 80
8 135
8 169
8 216
8 113
8 155
8 215
8 101
8 96
8 27
8 123
8 52
8 105
8 55
8 32
8 88
8 71
8 182
8 194
8 164
8 213
8 167
8 36
8 100
8 112
8 48
8 66
8 161
8 61
8 214
8 188
8 109
8 78
8 168
8 166
8 14
8 19
8 92
8 31
8 51
8 115
8 210
8 197
8 118
8 85
8 13
8 207
8 130
8 119
8 86
8 183
8 147
8 59
8 28
8 9
8 173
8 106
8 108
8 144
8 193
8 142
8 153
8 62
8 117
8 196
8 81
8 53
8 83
8 218
8 132
8 209
8 124
8 16
8 159
8 141
8 21
8 199
8 219
8 6
8 23
8 140
8 43
5 90
5 135
5 46
5 163
5 169
5 216
5 113
5 201
5 111
5 215
5 96
5 27
5 52
5 45
5 74
5 88
5 125
5 182
5 54
5 146
5 171
5 94
5 213
5 167
5 100
5 77
5 61
5 73
5 168
5 205
5 14
5 31
5 18
5 143
5 95
5 115
5 17
5 197
5 118
5 13
5 130
5 86
5 174
5 59
5 98
5 106
5 89
5 108
5 193
5 69
5 180
5 196
5 82
5 152
5 154
5 97
5 128
5 217
5 190
5 84
5 124
5 110
5 16
5 103
5 141
5 21
5 6
5 136
5 15
5 186
90 80
90 163
90 111
90 215
90 101
90 175
90 27
90 123
90 52
90 105
90 138
90 178
90 75
90 125
90 33
90 182
90 146
90 194
90 164
90 213
90 36
90 100
90 57
90 112
90 148
90 77
90 131
90 214
90 188
90 170
90 7
90 19
90 92
90 177
90 31
90 51
90 143
90 95
90 115
90 17
90 64
90 85
90 50
90 130
90 40
90 35
90 202
90 174
90 70
90 147
90 28
90 173
90 133
90 106
90 89
90 108
90 144
90 69
90 195
90 180
90 82
90 204
90 83
90 209
90 84
90 22
90 16
90 159
90 21
90 20
90 37
90 140
90 137
80 135
80 39
80 4
80 216
80 165
80 155
80 111
80 101
80 175
80 27
80 123
80 32
80 178
80 45
80 74
80 75
80 71
80 33
80 182
80 146
80 194
80 94
80 213
80 167
80 112
80 66
80 161
80 148
80 61
80 214
80 170
80 109
80 205
80 7
80 166
80 14
80 172
80 92
80 51
80 18
80 121
80 95
80 17
80 64
80 197
80 118
80 50
80 42
80 130
80 0
80 40
80 174
80 59
80 28
80 9
80 173
80 62
80 180
80 117
80 196
80 82
80 152
80 154
80 97
80 209
80 190
80 84
80 110
80 16
80 103
80 72
80 21
80 199
80 219
80 136
80 15
80 24
80 37
80 137
135 163
135 169
135 39
135 4
135 155
135 201
135 111
135 215
135 101
135 96
135 175
135 27
135 123
135 52
135 105
135 55
135 138
135 75
135 125
135 71
135 33
135 182
135 146
135 194
135 171
135 94
135 213
135 57
135 112
135 48
135 66
135 122
135 148
135 61
135 131
135 214
135 170
135 109
135 168
135 205
135 7
135 166
135 14
135 177
135 51
135 18
135 121
135 143
135 115
135 17
135 64
135 210
135 197
135 85
135 42
135 0
135 86
135 202
135 70
135 59
135 28
135 173
135 133
135 108
135 144
135 193
135 153
135 62
135 81
135 154
135 53
135 83
135 132
135 209
135 203
135 84
135 72
135 219
135 6
135 136
135 15
135 24
135 186
135 149
135 140
135 43
46 169
46 216
46 113
46 111
46 215
46 101
46 175
46 52
46 105
46 55
46 32
46 75
46 125
46 71
46 33
46 54
46 146
46 171
46 94
46 213
46 57
46 161
46 122
46 77
46 61
46 214
46 188
46 205
46 7
46 172
46 19
46 31
46 51
46 18
46 121
46 95
46 115
46 17
46 64
46 85
46 13
46 50
46 207
46 0
46 202
46 183
46 174
46 98
46 28
46 9
46 106
46 89
46 142
46 195
46 62
46 196
46 81
46 204
46 53
46 97
46 218
46 203
46 217
46 84
46 22
46 124
46 110
46 16
46 159
46 103
46 72
46 141
46 21
46 199
46 6
46 136
46 186
46 37
163 169
163 39
163 4
163 113
163 155
163 111
163 96
163 175
163 27
163 55
163 32
163 138
163 178
163 45
163 74
163 75
163 33
163 194
163 171
163 164
163 213
163 167
163 36
163 57
163 112
163 66
163 120
163 161
163 77
163 61
163 211
163 214
163 78
163 168
163 7
163 14
163 172
163 92
163 51
163 18
163 95
163 115
163 210
163 85
163 207
163 0
163 40
163 202
163 183
163 147
163 106
163 89
163 144
163 142
163 69
163 153
163 117
163 152
163 154
163 29
163 204
163 53
163 83
163 97
163 218
163 128
163 209
163 203
163 190
163 84
163 110
163 21
163 219
163 20
163 186
163 137
169 39
169 155
169 201
169 111
169 215
169 96
169 105
169 45
169 74
169 75
169 125
169 71
169 33
169 54
169 94
169 164
169 213
169 100
169 112
169 48
169 161
169 61
169 131
169 214
169 188
169 73
169 168
169 7
169 166
169 14
169 172
169 177
169 51
169 95
169 17
169 210
169 197
169 118
169 85
169 13
169 50
169 42
169 0
169 35
169 86
169 183
169 174
169 70
169 147
169 28
169 9
169 133
169 144
169 142
169 69
169 62
169 117
169 196
169 152
169 29
169 204
169 53
169 97
169 132
169 209
169 217
169 110
169 141
169 58
169 219
169 6
169 136
169 24
169 140
169 43
39 165
39 113
39 201
39 215
39 101
39 175
39 27
39 123
39 52
39 55
39 32
39 178
39 74
39 75
39 71
39 182
39 54
39 146
39 194
39 171
39 94
39 164
39 213
39 36
39 57
39 48
39 66
39 161
39 148
39 61
39 131
39 109
39 78
39 168
39 205
39 19
39 92
39 51
39 121
39 95
39 115
39 85
39 13
39 207
39 0
39 35
39 86
39 70
39 59
39 28
39 144
39 193
39 69
39 62
39 180
39 82
39 81
39 29
39 53
39 97
39 217
39 124
39 103
39 219
39 20
39 6
39 149
39 140
4 216
4 101
4 175
4 27
4 123
4 138
4 178
4 88
4 71
4 54
4 171
4 164
4 48
4 161
4 122
4 148
4 214
4 188
4 73
4 170
4 109
4 168
4 205
4 14
4 172
4 31
4 51
4 18
4 115
4 64
4 210
4 197
4 118
4 13
4 50
4 207
4 0
4 119
4 35
4 86
4 183
4 70
4 147
4 98
4 28
4 133
4 106
4 108
4 193
4 195
4 180
4 117
4 82
4 154
4 29
4 53
4 83
4 218
4 132
4 128
4 209
4 84
4 124
4 110
4 72
4 141
4 21
4 199
4 219
4 20
4 6
4 136
4 24
4 149
4 23
4 37
4 137
4 43
216 165
216 201
216 111
216 215
216 101
216 27
216 123
216 105
216 32
216 138
216 178
216 88
216 125
216 182
216 54
216 194
216 171
216 94
216 164
216 36
216 57
216 112
216 48
216 120
216 77
216 61
216 214
216 188
216 73
216 109
216 205
216 166
216 172
216 92
216 177
216 121
216 143
216 95
216 115
216 64
216 210
216 118
216 13
216 50
216 42
216 130
216 119
216 183
216 174
216 147
216 59
216 9
216 173
216 106
216 108
216 69
216 62
216 180
216 82
216 152
216 154
216 83
216 97
216 132
216 128
216 190
216 84
216 22
216 124
216 110
216 72
216 141
216 58
216 199
216 219
216 136
216 24
216 23
216 37
216 140
216 137
216 43
165 155
165 111
165 101
165 123
165 52
165 138
165 178
165 74
165 75
165 125
165 71
165 33
165 182
165 146
165 194
165 94
165 164
165 213
165 100
165 112
165 122
165 61
165 131
165 170
165 109
165 7
165 14
165 172
165 92
165 177
165 18
165 143
165 95
165 210
165 85
165 13
165 50
165 130
165 0
165 119
165 40
165 35
165 202
165 183
165 70
165 59
165 106
165 89
165 108
165 144
165 193
165 195
165 62
165 82
165 152
165 81
165 204
165 53
165 83
165 97
165 132
165 128
165 209
165 203
165 84
165 124
165 16
165 103
165 72
165 58
165 21
165 219
165 20
165 136
165 15
165 186
165 23
113 155
113 215
113 101
113 105
113 55
113 138
113 178
113 75
113 125
113 71
113 33
113 182
113 164
113 167
113 36
113 100
113 112
113 120
113 148
113 61
113 211
113 188
113 170
113 78
113 168
113 205
113 172
113 92
113 18
113 143
113 115
113 64
113 210
113 197
113 118
113 85
113 13
113 42
113 207
113 130
113 0
113 183
113 174
113 147
113 98
113 9
113 106
113 89
113 108
113 69
113 195
113 62
113 180
113 196
113 82
113 152
113 81
113 154
113 29
113 204
113 97
113 218
113 217
113 84
113 16
113 159
113 103
113 72
113 58
113 21
113 219
113 6
113 136
113 15
113 24
113 37
113 140
155 201
155 111
155 101
155 138
155 45
155 74
155 75
155 125
155 33
155 194
155 171
155 213
155 36
155 100
155 57
155 48
155 161
155 77
155 131
155 73
155 168
155 205
155 7
155 172
155 92
155 51
155 18
155 121
155 95
155 115
155 17
155 64
155 197
155 118
155 13
155 50
155 40
155 35
155 202
155 183
155 174
155 70
155 28
155 9
155 106
155 193
155 153
155 117
155 81
155 154
155 29
155 204
155 53
155 83
155 97
155 132
155 128
155 209
155 190
155 84
155 22
155 16
155 103
155 21
155 20
155 15
155 186
155 149
155 23
155 37
155 140
201 111
201 96
201 175
201 27
201 52
201 55
201 138
201 75
201 33
201 182
201 94
201 167
201 100
201 57
201 48
201 66
201 120
201 161
201 122
201 61
201 214
201 188
201 73
201 109
201 78
201 168
201 205
201 166
201 19
201 92
201 31
201 121
201 143
201 115
201 13
201 207
201 130
201 59
201 28
201 106
201 142
201 153
201 62
201 117
201 196
201 154
201 29
201 204
201 53
201 83
201 97
201 218
201 209
201 217
201 84
201 110
201 159
201 72
201 141
201 58
201 21
201 219
201 6
201 136
201 186
201 23
201 140
201 43
111 215
111 101
111 27
111 52
111 105
111 55
111 45
111 74
111 75
111 88
111 125
111 71
111 33
111 54
111 94
111 167
111 36
111 57
111 122
111 148
111 77
111 211
111 214
111 188
111 73
111 78
111 166
111 92
111 31
111 143
111 95
111 17
111 210
111 50
111 42
111 207
111 130
111 0
111 119
111 40
111 86
111 202
111 70
111 59
111 173
111 142
111 62
111 180
111 117
111 196
111 82
111 152
111 83
111 218
111 128
111 209
111 22
111 124
111 16
111 103
111 141
111 58
111 199
111 20
111 15
111 24
111 186
111 149
111 37
111 137
215 96
215 175
215 27
215 32
215 178
215 45
215 74
215 125
215 33
215 194
215 171
215 213
215 167
215 100
215 120
215 161
215 148
215 61
215 131
215 211
215 170
215 78
215 168
215 205
215 7
215 31
215 143
215 95
215 115
215 17
215 210
215 118
215 40
215 183
215 70
215 106
215 89
215 108
215 144
215 142
215 153
215 195
215 62
215 152
215 81
215 154
215 204
215 53
215 218
215 132
215 128
215 84
215 22
215 16
215 159
215 72
215 141
215 58
215 21
215 219
215 6
215 136
215 15
215 186
215 23
215 140
215 43
101 105
101 55
101 32
101 178
101 45
101 74
101 75
101 88
101 125
101 71
101 33
101 146
101 194
101 164
101 213
101 167
101 36
101 100
101 48
101 161
101 148
101 211
101 170
101 78
101 168
101 7
101 166
101 172
101 19
101 177
101 51
101 115
101 64
101 197
101 118
101 85
101 13
101 50
101 119
101 86
101 147
101 59
101 98
101 28
101 9
101 173
101 144
101 69
101 153
101 62
101 180
101 82
101 29
101 204
101 53
101 83
101 218
101 132
101 128
101 209
101 190
101 84
101 22
101 16
101 103
101 141
101 58
101 21
101 219
101 20
101 136
101 186
101 140
96 27
96 123
96 105
96 55
96 32
96 138
96 178
96 75
96 88
96 71
96 146
96 194
96 171
96 94
96 164
96 167
96 36
96 112
96 66
96 120
96 61
96 131
96 170
96 168
96 205
96 7
96 14
96 172
96 19
96 92
96 177
96 18
96 115
96 64
96 197
96 85
96 13
96 42
96 207
96 202
96 174
96 98
96 28
96 9
96 173
96 106
96 193
96 195
96 62
96 180
96 117
96 196
96 81
96 29
96 204
96 83
96 128
96 203
96 190
96 84
96 22
96 124
96 159
96 103
96 72
96 58
96 21
96 199
96 219
96 20
96 186
96 149
96 23
96 37
96 43
175 27
175 105
175 32
175 54
175 194
175 94
175 164
175 48
175 120
175 161
175 148
175 214
175 188
175 73
175 78
175 168
175 7
175 19
175 31
175 51
175 18
175 121
175 95
175 115
175 17
175 64
175 210
175 197
175 118
175 85
175 13
175 0
175 119
175 40
175 35
175 86
175 183
175 59
175 98
175 9
175 173
175 133
175 106
175 89
175 144
175 193
175 195
175 62
175 117
175 29
175 204
175 218
175 203
175 84
175 124
175 110
175 159
175 103
175 58
175 199
175 219
175 20
175 6
175 15
175 24
175 149
175 23
27 52
27 105
27 55
27 32
27 45
27 88
27 125
27 182
27 54
27 194
27 164
27 48
27 161
27 131
27 211
27 214
27 73
27 170
27 109
27 78
27 7
27 19
27 92
27 177
27 31
27 121
27 143
27 17
27 64
27 210
27 197
27 13
27 50
27 207
27 0
27 40
27 35
27 202
27 70
27 59
27 98
27 28
27 9
27 133
27 106
27 108
27 144
27 193
27 142
27 69
27 62
27 180
27 196
27 82
27 204
27 53
27 83
27 97
27 209
27 203
27 217
27 190
27 124
27 110
27 16
27 103
27 141
27 21
27 219
27 20
27 6
27 136
27 15
27 23
27 37
123 138
123 45
123 74
123 75
123 88
123 146
123 171
123 94
123 164
123 167
123 100
123 112
123 122
123 77
123 211
123 214
123 170
123 109
123 172
123 92
123 177
123 51
123 18
123 121
123 143
123 95
123 64
123 197
123 118
123 13
123 0
123 119
123 40
123 86
123 202
123 174
123 70
123 147
123 28
123 9
123 173
123 133
123 89
123 196
123 82
123 81
123 154
123 53
123 83
123 97
123 218
123 217
123 84
123 110
123 159
123 141
123 58
123 219
123 6
123 15
123 24
123 186
123 37
123 140
52 138
52 178
52 45
52 71
52 33
52 182
52 146
52 194
52 171
52 167
52 36
52 100
52 48
52 122
52 148
52 131
52 211
52 188
52 73
52 170
52 109
52 78
52 205
52 7
52 92
52 177
52 31
52 121
52 95
52 17
52 64
52 210
52 197
52 85
52 50
52 130
52 86
52 174
52 70
52 147
52 59
52 9
52 133
52 89
52 193
52 142
52 69
52 195
52 180
52 117
52 196
52 82
52 152
52 81
52 29
52 83
52 97
52 128
52 209
52 217
52 190
52 84
52 22
52 124
52 16
52 103
52 141
52 58
52 15
52 149
52 23
52 137
105 55
105 32
105 75
105 71
105 146
105 194
105 213
105 167
105 112
105 66
105 120
105 188
105 170
105 109
105 78
105 168
105 7
105 166
105 14
105 19
105 31
105 18
105 121
105 17
105 64
105 210
105 118
105 13
105 42
105 207
105 0
105 119
105 202
105 183
105 174
105 147
105 28
105 142
105 195
105 117
105 53
105 83
105 132
105 128
105 209
105 203
105 217
105 190
105 84
105 124
105 16
105 136
105 24
105 186
105 23
55 138
55 75
55 88
55 125
55 71
55 33
55 182
55 54
55 171
55 94
55 164
55 48
55 120
55 148
55 77
55 61
55 211
55 214
55 73
55 170
55 205
55 166
55 14
55 172
55 19
55 177
55 64
55 210
55 197
55 13
55 42
55 207
55 130
55 119
55 86
55 174
55 147
55 59
55 133
55 89
55 108
55 69
55 195
55 180
55 117
55 196
55 82
55 81
55 53
55 97
55 209
55 203
55 84
55 110
55 159
55 103
55 72
55 199
55 219
55 15
55 149
55 23
55 37
32 138
32 45
32 75
32 88
32 71
32 146
32 171
32 167
32 100
32 112
32 120
32 148
32 77
32 73
32 170
32 109
32 78
32 205
32 14
32 92
32 177
32 31
32 121
32 115
32 197
32 85
32 50
32 42
32 207
32 0
32 40
32 202
32 70
32 98
32 133
32 89
32 193
32 142
32 69
32 195
32 152
32 154
32 29
32 53
32 97
32 218
32 209
32 124
32 110
32 16
32 199
32 219
32 20
32 6
32 24
32 186
32 140
32 43
138 45
138 75
138 88
138 125
138 146
138 194
138 164
138 213
138 36
138 120
138 131
138 211
138 214
138 188
138 73
138 78
138 168
138 205
138 14
138 172
138 31
138 51
138 95
138 17
138 210
138 50
138 42
138 207
138 35
138 183
138 174
138 147
138 98
138 9
138 173
138 89
138 108
138 144
138 195
138 117
138 196
138 82
138 81
138 29
138 83
138 128
138 22
138 103
138 141
138 58
138 21
138 20
138 136
138 15
138 140
138 43
178 75
178 88
178 71
178 33
178 182
178 194
178 171
178 94
178 164
178 36
178 100
178 57
178 112
178 48
178 120
178 77
178 61
178 131
178 211
178 188
178 78
178 14
178 172
178 19
178 177
178 31
178 51
178 121
178 143
178 95
178 115
178 64
178 210
178 118
178 85
178 50
178 42
178 130
178 40
178 202
178 183
178 98
178 173
178 89
178 144
178 69
178 62
178 117
178 196
178 81
178 154
178 29
178 204
178 53
178 83
178 128
178 203
178 217
178 84
178 159
178 103
178 141
178 21
178 20
178 6
178 15
178 24
178 186
178 37
178 140
178 137
178 43
45 74
45 75
45 125
45 33
45 194
45 171
45 100
45 66
45 122
45 148
45 77
45 61
45 131
45 211
45 73
45 78
45 168
45 7
45 14
45 172
45 92
45 177
45 31
45 51
45 121
45 143
45 95
45 64
45 197
45 118
45 85
45 130
45 0
45 119
45 35
45 202
45 174
45 70
45 9
45 106
45 69
45 153
45 62
45 180
45 196
45 82
45 152
45 29
45 204
45 53
45 83
45 97
45 218
45 132
45 84
45 159
45 103
45 72
45 141
45 21
45 199
45 219
45 136
45 15
45 24
45 186
45 140
45 137
45 43
74 75
74 88
74 33
74 182
74 146
74 171
74 94
74 164
74 100
74 48
74 66
74 120
74 161
74 148
74 77
74 188
74 73
74 170
74 109
74 78
74 168
74 7
74 14
74 31
74 51
74 18
74 143
74 17
74 64
74 13
74 130
74 86
74 174
74 147
74 59
74 98
74 28
74 173
74 133
74 89
74 193
74 142
74 153
74 62
74 117
74 82
74 81
74 204
74 218
74 128
74 203
74 217
74 84
74 22
74 124
74 16
74 159
74 103
74 58
74 199
74 219
74 20
74 23
74 37
75 125
75 71
75 194
75 171
75 36
75 100
75 57
75 112
75 48
75 120
75 122
75 148
75 77
75 61
75 211
75 188
75 73
75 170
75 109
75 168
75 205
75 7
75 14
75 172
75 19
75 177
75 18
75 143
75 95
75 115
75 64
75 210
75 197
75 118
75 42
75 35
75 86
75 202
75 174
75 70
75 147
75 59
75 28
75 9
75 89
75 108
75 144
75 62
75 117
75 152
75 154
75 204
75 53
75 97
75 218
75 128
75 190
75 110
75 103
75 141
75 58
75 219
75 6
75 136
75 186
75 149
75 43
88 71
88 182
88 54
88 164
88 213
88 36
88 100
88 57
88 112
88 161
88 122
88 77
88 61
88 211
88 214
88 73
88 109
88 78
88 7
88 166
88 14
88 172
88 19
88 31
88 51
88 18
88 143
88 95
88 210
88 118
88 85
88 13
88 50
88 207
88 0
88 119
88 35
88 202
88 147
88 98
88 28
88 173
88 133
88 89
88 144
88 153
88 195
88 62
88 180
88 82
88 152
88 81
88 154
88 97
88 218
88 132
88 128
88 84
88 110
88 159
88 103
88 72
88 141
88 58
88 21
88 219
88 6
88 186
88 149
88 23
88 37
88 43
125 33
125 94
125 164
125 36
125 100
125 112
125 66
125 120
125 122
125 148
125 211
125 214
125 188
125 172
125 19
125 92
125 177
125 51
125 121
125 143
125 115
125 64
125 210
125 197
125 118
125 42
125 130
125 119
125 40
125 35
125 183
125 174
125 173
125 133
125 106
125 89
125 108
125 193
125 69
125 153
125 195
125 152
125 154
125 29
125 97
125 218
125 132
125 128
125 217
125 190
125 84
125 124
125 110
125 16
125 103
125 72
125 141
125 58
125 6
125 15
125 186
125 149
125 23
125 37
125 140
71 182
71 54
71 146
71 194
71 94
71 164
71 213
71 167
71 36
71 66
71 120
71 161
71 77
71 61
71 131
71 188
71 73
71 109
71 78
71 7
71 166
71 14
71 172
71 19
71 177
71 31
71 51
71 18
71 95
71 115
71 50
71 42
71 0
71 119
71 35
71 86
71 70
71 147
71 59
71 98
71 9
71 89
71 193
71 69
71 153
71 62
71 180
71 196
71 81
71 154
71 29
71 204
71 97
71 128
71 203
71 190
71 22
71 110
71 16
71 159
71 72
71 141
71 136
71 149
71 23
71 37
71 137
71 43
33 54
33 171
33 164
33 213
33 167
33 36
33 100
33 57
33 112
33 48
33 161
33 122
33 61
33 131
33 214
33 188
33 168
33 205
33 7
33 14
33 19
33 31
33 51
33 121
33 85
33 50
33 42
33 0
33 119
33 183
33 28
33 173
33 133
33 106
33 108
33 193
33 142
33 62
33 180
33 196
33 82
33 152
33 81
33 154
33 53
33 83
33 209
33 190
33 22
33 124
33 110
33 159
33 141
33 58
33 20
33 24
33 186
33 23
33 37
33 137
33 43
182 146
182 94
182 36
182 100
182 112
182 48
182 161
182 122
182 214
182 168
182 166
182 14
182 172
182 19
182 92
182 31
182 121
182 64
182 197
182 85
182 13
182 50
182 42
182 207
182 119
182 40
182 35
182 202
182 174
182 147
182 59
182 28
182 89
182 144
182 142
182 69
182 195
182 62
182 117
182 196
182 154
182 53
182 83
182 97
182 132
182 128
182 16
182 159
182 103
182 141
182 21
182 199
182 219
182 136
182 15
182 186
182 23
182 140
182 137
182 43
54 194
54 94
54 164
54 213
54 167
54 100
54 112
54 48
54 122
54 77
54 61
54 131
54 188
54 170
54 109
54 168
54 205
54 14
54 92
54 177
54 51
54 121
54 115
54 17
54 64
54 197
54 13
54 207
54 130
54 0
54 86
54 202
54 183
54 174
54 147
54 98
54 28
54 9
54 173
54 106
54 89
54 108
54 144
54 193
54 153
54 195
54 180
54 117
54 82
54 152
54 53
54 128
54 209
54 217
54 190
54 22
54 124
54 110
54 72
54 21
54 199
54 15
54 186
54 37
54 140
54 43
146 194
146 164
146 213
146 167
146 100
146 77
146 61
146 214
146 188
146 170
146 7
146 166
146 14
146 19
146 121
146 143
146 64
146 210
146 197
146 13
146 50
146 207
146 119
146 40
146 35
146 86
146 202
146 183
146 70
146 147
146 59
146 89
146 108
146 144
146 142
146 69
146 117
146 82
146 152
146 81
146 154
146 29
146 53
146 128
146 209
146 203
146 190
146 22
146 124
146 110
146 16
146 72
146 141
146 58
146 21
146 24
146 186
146 23
146 37
146 140
146 137
194 48
194 120
194 161
194 77
194 131
194 211
194 78
194 168
194 205
194 7
194 14
194 172
194 92
194 31
194 143
194 17
194 64
194 118
194 85
194 13
194 50
194 42
194 130
194 0
194 40
194 86
194 174
194 147
194 106
194 108
194 144
194 193
194 142
194 180
194 152
194 81
194 154
194 29
194 204
194 83
194 132
194 128
194 217
194 190
194 84
194 16
194 72
194 219
194 20
194 24
194 149
194 137
171 164
171 213
171 100
171 112
171 48
171 148
171 77
171 61
171 211
171 109
171 205
171 19
171 18
171 143
171 115
171 17
171 64
171 197
171 118
171 13
171 207
171 130
171 40
171 70
171 28
171 89
171 108
171 193
171 142
171 69
171 195
171 62
171 82
171 152
171 81
171 154
171 29
171 53
171 97
171 218
171 132
171 128
171 209
171 217
171 84
171 110
171 159
171 103
171 72
171 21
171 219
171 20
171 6
171 186
171 149
171 23
171 37
171 140
94 164
94 213
94 167
94 57
94 112
94 66
94 120
94 122
94 148
94 77
94 61
94 131
94 109
94 7
94 172
94 92
94 177
94 95
94 115
94 17
94 197
94 118
94 85
94 13
94 50
94 42
94 207
94 183
94 174
94 70
94 173
94 133
94 89
94 108
94 193
94 142
94 69
94 195
94 82
94 152
94 81
94 154
94 53
94 83
94 203
94 217
94 84
94 16
94 159
94 103
94 21
94 199
94 219
94 6
94 15
94 186
94 149
94 23
94 37
94 137
94 43
164 213
164 36
164 57
164 112
164 48
164 66
164 122
164 148
164 211
164 188
164 78
164 205
164 14
164 19
164 31
164 51
164 121
164 143
164 17
164 64
164 210
164 50
164 207
164 0
164 40
164 183
164 174
164 59
164 98
164 9
164 173
164 133
164 106
164 108
164 193
164 142
164 195
164 180
164 152
164 154
164 128
164 203
164 22
164 16
164 72
164 199
164 136
164 186
164 149
164 23
213 36
213 112
213 48
213 66
213 120
213 161
213 122
213 148
213 131
213 73
213 78
213 168
213 7
213 172
213 92
213 31
213 51
213 18
213 17
213 64
213 210
213 85
213 13
213 130
213 0
213 119
213 40
213 86
213 174
213 70
213 147
213 9
213 133
213 89
213 108
213 144
213 193
213 62
213 196
213 152
213 81
213 29
213 204
213 83
213 209
213 203
213 217
213 190
213 22
213 124
213 110
213 72
213 141
213 58
213 20
213 15
213 37
213 140
213 137
167 36
167 100
167 48
167 66
167 161
167 148
167 211
167 170
167 109
167 78
167 205
167 7
167 166
167 14
167 19
167 92
167 31
167 143
167 115
167 17
167 118
167 85
167 40
167 86
167 174
167 147
167 59
167 98
167 133
167 106
167 144
167 195
167 62
167 180
167 117
167 196
167 82
167 152
167 154
167 83
167 97
167 218
167 132
167 203
167 217
167 190
167 22
167 124
167 16
167 159
167 103
167 58
167 21
167 20
167 6
167 136
167 15
167 186
167 149
167 140
167 43
36 57
36 112
36 66
36 120
36 131
36 211
36 188
36 73
36 78
36 168
36 205
36 7
36 14
36 51
36 18
36 95
36 17
36 197
36 118
36 13
36 42
36 130
36 0
36 86
36 98
36 133
36 108
36 144
36 142
36 69
36 153
36 195
36 196
36 82
36 81
36 204
36 53
36 83
36 132
36 209
36 203
36 190
36 84
36 22
36 110
36 159
36 103
36 72
36 21
36 199
36 219
36 6
36 136
36 24
100 57
100 48
100 66
100 161
100 77
100 61
100 131
100 211
100 214
100 78
100 177
100 143
100 95
100 115
100 17
100 210
100 197
100 118
100 85
100 13
100 50
100 207
100 119
100 183
100 174
100 98
100 28
100 173
100 106
100 89
100 142
100 153
100 195
100 62
100 180
100 117
100 196
100 81
100 154
100 53
100 83
100 97
100 128
100 209
100 190
100 84
100 22
100 159
100 103
100 141
100 6
100 15
100 24
100 186
100 37
100 140
100 137
100 43
57 112
57 122
57 148
57 77
57 211
57 188
57 168
57 205
57 166
57 19
57 121
57 143
57 95
57 115
57 64
57 210
57 118
57 207
57 0
57 40
57 86
57 202
57 174
57 70
57 147
57 28
57 89
57 108
57 193
57 69
57 152
57 81
57 204
57 128
57 209
57 217
57 190
57 22
57 110
57 72
57 58
57 21
57 199
57 20
57 136
57 149
57 23
57 37
112 48
112 120
112 161
112 77
112 61
112 211
112 214
112 73
112 78
112 205
112 172
112 19
112 92
112 177
112 31
112 18
112 121
112 95
112 17
112 85
112 13
112 42
112 207
112 130
112 0
112 40
112 35
112 86
112 183
112 147
112 173
112 106
112 108
112 144
112 193
112 142
112 69
112 180
112 29
112 53
112 83
112 132
112 124
112 159
112 21
112 219
112 6
112 15
112 149
112 37
112 137
48 120
48 161
48 77
48 131
48 211
48 170
48 14
48 172
48 92
48 51
48 18
48 143
48 115
48 118
48 85
48 13
48 42
48 130
48 202
48 28
48 9
48 106
48 89
48 108
48 144
48 180
48 196
48 154
48 204
48 128
48 203
48 124
48 16
48 159
48 58
48 199
48 20
48 136
48 149
48 23
48 37
48 140
66 161
66 122
66 148
66 77
66 61
66 131
66 211
66 214
66 78
66 172
66 19
66 177
66 51
66 18
66 121
66 95
66 115
66 17
66 64
66 118
66 13
66 40
66 35
66 202
66 70
66 28
66 173
66 108
66 193
66 153
66 195
66 117
66 152
66 81
66 29
66 204
66 53
66 97
66 128
66 209
66 203
66 190
66 84
66 16
66 72
66 58
66 219
66 20
66 136
66 24
66 137
66 43
120 122
120 148
120 77
120 214
120 188
120 205
120 7
120 166
120 14
120 172
120 19
120 177
120 31
120 51
120 143
120 115
120 64
120 210
120 197
120 118
120 85
120 42
120 130
120 0
120 40
120 202
120 183
120 70
120 147
120 28
120 133
120 106
120 89
120 108
120 142
120 153
120 62
120 180
120 117
120 82
120 152
120 154
120 29
120 204
120 53
120 97
120 218
120 209
120 217
120 190
120 84
120 110
120 159
120 103
120 72
120 141
120 58
120 21
120 199
120 219
120 6
120 136
120 15
120 24
120 23
120 137
120 43
161 148
161 61
161 131
161 211
161 168
161 14
161 172
161 92
161 143
161 115
161 17
161 64
161 197
161 13
161 42
161 119
161 35
161 202
161 147
161 59
161 9
161 173
161 89
161 108
161 193
161 69
161 195
161 62
161 117
161 152
161 53
161 97
161 218
161 132
161 124
161 16
161 159
161 103
161 72
161 141
161 21
161 20
161 6
161 136
161 15
161 23
161 140
161 137
161 43
122 61
122 211
122 214
122 188
122 78
122 19
122 51
122 18
122 143
122 95
122 64
122 85
122 42
122 130
122 86
122 202
122 70
122 133
122 89
122 108
122 195
122 62
122 180
122 117
122 154
122 29
122 204
122 97
122 218
122 132
122 84
122 159
122 141
122 58
122 21
122 15
122 186
122 140
122 137
122 43
148 77
148 61
148 131
148 214
148 188
148 73
148 7
148 172
148 19
148 92
148 177
148 143
148 64
148 197
148 85
148 42
148 207
148 40
148 202
148 70
148 59
148 98
148 9
148 106
148 144
148 153
148 180
148 82
148 152
148 29
148 83
148 218
148 128
148 217
148 22
148 124
148 110
148 16
148 72
148 219
148 6
148 15
148 186
148 149
148 23
148 37
148 137
77 61
77 131
77 73
77 78
77 7
77 166
77 14
77 19
77 92
77 177
77 18
77 121
77 95
77 115
77 64
77 197
77 42
77 35
77 174
77 70
77 147
77 98
77 173
77 133
77 142
77 69
77 153
77 195
77 82
77 81
77 83
77 97
77 218
77 132
77 128
77 209
77 203
77 217
77 190
77 84
77 110
77 16
77 103
77 21
77 199
77 219
77 20
77 136
77 24
77 149
77 37
77 43
61 131
61 78
61 205
61 19
61 92
61 31
61 51
61 118
61 85
61 207
61 130
61 119
61 40
61 183
61 70
61 147
61 59
61 98
61 173
61 133
61 89
61 142
61 62
61 180
61 196
61 81
61 154
61 53
61 83
61 97
61 203
61 217
61 84
61 22
61 124
61 159
61 58
61 199
61 219
61 186
61 23
131 188
131 205
131 7
131 14
131 19
131 92
131 177
131 18
131 143
131 95
131 17
131 64
131 210
131 197
131 118
131 50
131 207
131 0
131 86
131 202
131 9
131 173
131 153
131 195
131 62
131 180
131 117
131 196
131 82
131 81
131 154
131 53
131 97
131 218
131 132
131 128
131 209
131 110
131 16
131 159
131 103
131 141
131 58
131 21
131 199
131 20
131 136
131 15
131 24
131 186
131 23
131 37
131 140
131 137
211 214
211 73
211 109
211 205
211 14
211 19
211 92
211 51
211 18
211 121
211 95
211 115
211 197
211 118
211 13
211 207
211 40
211 86
211 183
211 174
211 70
211 59
211 28
211 9
211 173
211 133
211 144
211 69
211 62
211 117
211 152
211 81
211 29
211 83
211 97
211 218
211 128
211 84
211 141
211 21
211 219
211 6
211 15
211 24
211 186
211 37
211 140
211 137
211 43
214 73
214 170
214 168
214 166
214 92
214 31
214 18
214 143
214 95
214 115
214 17
214 64
214 13
214 207
214 35
214 86
214 98
214 28
214 106
214 108
214 144
214 142
214 69
214 153
214 62
214 117
214 196
214 154
214 204
214 83
214 97
214 128
214 209
214 203
214 84
214 22
214 124
214 110
214 16
214 159
214 103
214 72
214 141
214 58
214 21
214 136
214 15
214 24
214 149
214 140
214 43
188 73
188 170
188 168
188 205
188 7
188 92
188 177
188 31
188 51
188 143
188 17
188 64
188 197
188 118
188 85
188 42
188 86
188 147
188 28
188 106
188 89
188 144
188 153
188 62
188 180
188 196
188 81
188 29
188 97
188 203
188 217
188 190
188 124
188 16
188 159
188 103
188 72
188 141
188 58
188 21
188 199
188 136
188 149
188 23
188 37
188 137
188 43
73 170
73 109
73 168
73 7
73 166
73 14
73 31
73 18
73 121
73 143
73 95
73 115
73 17
73 64
73 210
73 197
73 118
73 207
73 130
73 0
73 119
73 40
73 35
73 86
73 202
73 174
73 70
73 28
73 173
73 106
73 89
73 108
73 144
73 142
73 153
73 195
73 180
73 82
73 152
73 81
73 29
73 204
73 83
73 132
73 128
73 203
73 217
73 190
73 84
73 16
73 159
73 72
73 58
73 219
73 20
73 136
73 15
73 23
73 140
73 43
170 205
170 166
170 172
170 19
170 92
170 143
170 115
170 13
170 50
170 42
170 130
170 0
170 119
170 35
170 86
170 98
170 28
170 9
170 173
170 106
170 144
170 142
170 69
170 153
170 117
170 196
170 152
170 154
170 29
170 53
170 83
170 128
170 209
170 190
170 84
170 124
170 110
170 159
170 141
170 21
170 199
170 219
170 20
170 136
170 24
170 37
109 168
109 172
109 19
109 92
109 51
109 18
109 121
109 143
109 115
109 17
109 210
109 85
109 13
109 207
109 130
109 0
109 119
109 183
109 59
109 106
109 193
109 62
109 117
109 196
109 82
109 154
109 128
109 203
109 217
109 72
109 141
109 20
109 15
109 186
109 37
109 137
78 205
78 7
78 14
78 177
78 31
78 51
78 143
78 197
78 118
78 13
78 42
78 130
78 40
78 35
78 86
78 174
78 59
78 98
78 106
78 193
78 69
78 195
78 62
78 152
78 81
78 29
78 204
78 83
78 97
78 218
78 132
78 128
78 203
78 190
78 124
78 110
78 16
78 103
78 141
78 58
78 21
78 199
78 136
78 15
78 186
78 149
78 23
78 37
78 140
168 7
168 14
168 19
168 92
168 121
168 64
168 197
168 118
168 50
168 130
168 0
168 119
168 35
168 86
168 183
168 174
168 70
168 98
168 28
168 173
168 133
168 108
168 144
168 142
168 69
168 62
168 180
168 81
168 53
168 97
168 128
168 217
168 190
168 84
168 22
168 124
168 16
168 159
168 103
168 21
168 6
168 136
168 15
168 37
168 140
205 7
205 166
205 95
205 115
205 17
205 197
205 85
205 42
205 130
205 86
205 202
205 183
205 147
205 98
205 28
205 9
205 173
205 133
205 108
205 144
205 193
205 142
205 153
205 180
205 196
205 152
205 53
205 97
205 128
205 203
205 124
205 159
205 72
205 58
205 199
205 219
205 136
205 140
205 137
7 14
7 172
7 177
7 51
7 18
7 143
7 95
7 17
7 118
7 50
7 207
7 119
7 40
7 86
7 183
7 174
7 59
7 98
7 28
7 9
7 133
7 89
7 69
7 195
7 62
7 180
7 117
7 82
7 152
7 204
7 53
7 218
7 203
7 190
7 84
7 124
7 110
7 16
7 159
7 103
7 58
7 21
7 6
7 15
7 24
7 37
7 140
166 172
166 177
166 51
166 121
166 143
166 115
166 17
166 13
166 50
166 42
166 207
166 40
166 202
166 59
166 98
166 28
166 173
166 106
166 108
166 144
166 193
166 142
166 153
166 195
166 180
166 117
166 82
166 154
166 29
166 53
166 218
166 128
166 203
166 22
166 141
166 136
166 15
166 186
166 23
166 140
166 43
14 172
14 19
14 92
14 31
14 18
14 121
14 95
14 115
14 17
14 210
14 197
14 118
14 85
14 13
14 207
14 130
14 0
14 40
14 35
14 86
14 202
14 183
14 70
14 147
14 59
14 98
14 173
14 144
14 142
14 69
14 153
14 180
14 152
14 81
14 83
14 218
14 209
14 203
14 190
14 110
14 16
14 159
14 103
14 141
14 219
14 20
14 15
14 149
14 23
14 37
14 137
14 43
172 177
172 31
172 51
172 95
172 17
172 210
172 197
172 118
172 85
172 13
172 42
172 130
172 119
172 183
172 174
172 98
172 106
172 108
172 144
172 193
172 142
172 69
172 153
172 195
172 62
172 117
172 196
172 82
172 152
172 154
172 83
172 218
172 128
172 209
172 217
172 190
172 110
172 16
172 72
172 141
172 21
172 20
172 15
172 23
172 140
19 92
19 177
19 51
19 143
19 95
19 64
19 197
19 118
19 50
19 130
19 119
19 35
19 86
19 183
19 70
19 133
19 106
19 89
19 193
19 142
19 69
19 180
19 154
19 29
19 204
19 218
19 132
19 128
19 209
19 217
19 190
19 84
19 22
19 124
19 110
19 16
19 72
19 141
19 58
19 21
19 15
19 24
19 23
19 37
19 137
92 177
92 31
92 51
92 115
92 64
92 210
92 118
92 13
92 50
92 42
92 130
92 119
92 35
92 183
92 28
92 9
92 173
92 133
92 106
92 89
92 193
92 153
92 195
92 62
92 117
92 196
92 82
92 152
92 81
92 218
92 128
92 190
92 22
92 124
92 110
92 16
92 159
92 103
92 199
92 20
92 6
92 136
92 186
92 23
92 140
92 137
177 31
177 18
177 143
177 17
177 64
177 197
177 85
177 13
177 42
177 130
177 0
177 86
177 59
177 98
177 28
177 9
177 173
177 133
177 89
177 144
177 193
177 142
177 62
177 117
177 154
177 204
177 83
177 97
177 218
177 128
177 217
177 84
177 124
177 110
177 159
177 141
177 20
177 24
177 149
177 137
31 51
31 121
31 64
31 13
31 130
31 0
31 40
31 35
31 86
31 202
31 70
31 59
31 98
31 9
31 106
31 89
31 108
31 142
31 69
31 153
31 117
31 196
31 152
31 154
31 29
31 53
31 218
31 128
31 209
31 203
31 84
31 124
31 103
31 72
31 58
31 21
31 219
31 136
31 24
31 186
31 37
51 18
51 121
51 143
51 115
51 210
51 118
51 85
51 13
51 42
51 0
51 119
51 40
51 35
51 86
51 202
51 183
51 174
51 147
51 59
51 133
51 106
51 69
51 196
51 82
51 152
51 154
51 29
51 204
51 97
51 128
51 217
51 190
51 22
51 124
51 103
51 141
51 58
51 199
51 219
51 24
51 149
51 23
51 37
51 140
51 43
18 95
18 115
18 210
18 85
18 42
18 207
18 0
18 119
18 35
18 86
18 174
18 147
18 59
18 9
18 106
18 144
18 193
18 195
18 196
18 152
18 81
18 53
18 83
18 97
18 218
18 203
18 217
18 84
18 22
18 72
18 58
18 219
18 136
18 15
18 149
18 37
18 43
121 115
121 17
121 64
121 210
121 118
121 85
121 13
121 207
121 130
121 35
121 86
121 183
121 70
121 147
121 98
121 133
121 108
121 144
121 193
121 142
121 69
121 195
121 117
121 196
121 152
121 81
121 29
121 83
121 97
121 218
121 132
121 209
121 203
121 124
121 72
121 21
121 199
121 6
121 136
121 15
121 24
121 23
121 37
121 140
143 115
143 17
143 64
143 197
143 42
143 207
143 130
143 86
143 147
143 59
143 28
143 9
143 133
143 144
143 142
143 180
143 117
143 82
143 81
143 154
143 29
143 204
143 218
143 209
143 84
143 22
143 124
143 16
143 72
143 141
143 58
143 136
143 15
143 23
143 140
143 137
95 115
95 17
95 210
95 197
95 85
95 0
95 119
95 40
95 86
95 202
95 183
95 174
95 147
95 59
95 28
95 9
95 173
95 193
95 69
95 195
95 180
95 117
95 82
95 152
95 154
95 29
95 53
95 132
95 203
95 16
95 72
95 141
95 58
95 199
95 136
95 15
95 24
95 140
95 137
95 43
115 210
115 197
115 118
115 85
115 13
115 50
115 207
115 119
115 35
115 86
115 183
115 70
115 59
115 28
115 173
115 106
115 89
115 108
115 144
115 142
115 117
115 154
115 29
115 204
115 53
115 83
115 97
115 128
115 203
115 217
115 190
115 110
115 159
115 72
115 58
115 20
115 6
115 136
115 15
115 186
115 149
115 23
115 37
115 43
17 64
17 118
17 85
17 13
17 50
17 130
17 119
17 183
17 28
17 89
17 108
17 153
17 195
17 180
17 117
17 196
17 82
17 152
17 204
17 53
17 97
17 132
17 128
17 209
17 190
17 124
17 110
17 159
17 58
17 219
17 20
17 6
17 24
17 186
17 140
17 137
64 210
64 85
64 42
64 130
64 173
64 133
64 106
64 89
64 108
64 144
64 142
64 69
64 195
64 62
64 196
64 81
64 154
64 29
64 53
64 97
64 218
64 128
64 209
64 203
64 217
64 84
64 22
64 124
64 110
64 16
64 159
64 103
64 141
64 219
64 6
64 136
64 149
64 23
64 37
64 137
64 43
210 118
210 13
210 50
210 42
210 35
210 202
210 98
210 28
210 9
210 173
210 193
210 142
210 153
210 62
210 82
210 152
210 154
210 29
210 204
210 83
210 218
210 217
210 190
210 84
210 22
210 16
210 103
210 72
210 141
210 199
210 6
210 149
210 23
210 37
210 140
210 137
210 43
197 118
197 85
197 50
197 207
197 130
197 119
197 40
197 86
197 174
197 70
197 59
197 98
197 28
197 173
197 133
197 108
197 144
197 193
197 142
197 69
197 153
197 62
197 117
197 196
197 82
197 152
197 154
197 204
197 53
197 83
197 97
197 132
197 203
197 217
197 190
197 84
197 22
197 110
197 16
197 159
197 72
197 141
197 58
197 199
197 219
197 20
197 15
197 24
197 23
197 37
197 137
118 85
118 42
118 207
118 0
118 35
118 86
118 183
118 174
118 28
118 9
118 106
118 108
118 69
118 152
118 154
118 53
118 83
118 218
118 209
118 22
118 110
118 58
118 219
118 20
118 6
118 136
118 15
118 24
118 186
118 137
118 43
85 42
85 207
85 0
85 119
85 40
85 35
85 147
85 98
85 28
85 9
85 173
85 106
85 89
85 108
85 144
85 142
85 69
85 153
85 195
85 62
85 180
85 117
85 154
85 29
85 53
85 83
85 97
85 132
85 209
85 84
85 22
85 110
85 16
85 159
85 72
85 21
85 219
85 186
85 37
85 140
85 43
13 50
13 42
13 130
13 0
13 40
13 86
13 202
13 183
13 174
13 70
13 28
13 133
13 89
13 142
13 153
13 180
13 196
13 82
13 204
13 209
13 190
13 124
13 110
13 159
13 72
13 58
13 21
13 20
13 136
13 15
13 186
13 137
13 43
50 207
50 130
50 119
50 35
50 86
50 202
50 183
50 174
50 59
50 28
50 173
50 106
50 108
50 144
50 193
50 142
50 62
50 180
50 196
50 152
50 81
50 204
50 83
50 132
50 128
50 209
50 190
50 84
50 22
50 124
50 16
50 58
50 21
50 219
50 20
50 6
50 15
50 24
50 23
50 43
42 130
42 119
42 40
42 35
42 86
42 202
42 174
42 147
42 28
42 9
42 173
42 106
42 144
42 193
42 69
42 195
42 62
42 180
42 196
42 152
42 81
42 154
42 29
42 204
42 83
42 218
42 209
42 217
42 190
42 84
42 124
42 159
42 141
42 58
42 21
42 219
42 15
42 24
42 149
42 23
42 37
42 140
207 119
207 147
207 28
207 9
207 144
207 142
207 153
207 195
207 62
207 82
207 81
207 29
207 204
207 83
207 132
207 128
207 209
207 203
207 217
207 22
207 124
207 159
207 103
207 58
207 21
207 20
207 15
207 24
207 149
207 23
207 137
130 0
130 40
130 35
130 86
130 147
130 59
130 98
130 28
130 133
130 106
130 89
130 108
130 144
130 142
130 153
130 195
130 62
130 180
130 82
130 154
130 29
130 83
130 97
130 218
130 132
130 209
130 203
130 217
130 84
130 124
130 16
130 159
130 72
130 58
130 199
130 20
130 6
130 186
130 149
130 23
130 37
0 119
0 40
0 35
0 183
0 59
0 98
0 9
0 173
0 144
0 193
0 153
0 62
0 117
0 82
0 152
0 81
0 53
0 83
0 97
0 218
0 132
0 128
0 209
0 217
0 84
0 159
0 103
0 72
0 199
0 219
0 136
0 24
0 37
0 43
119 86
119 183
119 174
119 147
119 106
119 89
119 144
119 193
119 62
119 117
119 196
119 82
119 81
119 53
119 83
119 97
119 132
119 128
119 209
119 203
119 110
119 16
119 159
119 103
119 72
119 141
119 58
119 20
119 136
119 15
119 24
119 23
119 37
119 43
40 35
40 202
40 174
40 70
40 9
40 133
40 144
40 142
40 69
40 196
40 152
40 81
40 83
40 97
40 203
40 84
40 22
40 103
40 141
40 58
40 21
40 199
40 136
40 15
40 24
40 186
40 149
40 23
40 37
40 140
40 43
35 202
35 183
35 70
35 147
35 59
35 28
35 173
35 144
35 193
35 69
35 153
35 62
35 180
35 117
35 196
35 82
35 152
35 81
35 53
35 218
35 203
35 124
35 16
35 159
35 103
35 72
35 141
35 58
35 21
35 199
35 20
35 15
35 24
35 23
35 137
86 183
86 174
86 70
86 59
86 28
86 173
86 133
86 108
86 193
86 69
86 62
86 180
86 117
86 196
86 82
86 29
86 83
86 128
86 203
86 217
86 22
86 124
86 16
86 58
86 21
86 199
86 219
86 136
86 15
86 37
86 137
86 43
202 70
202 59
202 9
202 133
202 106
202 108
202 142
202 153
202 180
202 152
202 81
202 29
202 204
202 97
202 132
202 128
202 217
202 16
202 103
202 72
202 141
202 20
202 6
202 15
202 24
202 23
202 37
202 140
202 43
183 174
183 70
183 147
183 98
183 173
183 106
183 89
183 108
183 144
183 142
183 62
183 180
183 196
183 82
183 152
183 81
183 29
183 204
183 53
183 218
183 132
183 209
183 203
183 217
183 190
183 110
183 72
183 21
183 219
183 20
183 136
183 15
183 24
183 186
183 149
183 140
183 43
174 70
174 147
174 9
174 133
174 106
174 108
174 144
174 69
174 195
174 180
174 117
174 152
174 29
174 97
174 218
174 217
174 22
174 159
174 72
174 58
174 20
174 24
174 186
174 23
174 43
70 98
70 28
70 9
70 133
70 106
70 89
70 144
70 153
70 195
70 62
70 180
70 196
70 82
70 53
70 97
70 218
70 132
70 128
70 217
70 84
70 22
70 159
70 72
70 141
70 58
70 21
70 199
70 219
70 20
70 6
70 15
70 24
70 186
70 23
70 37
70 137
147 98
147 9
147 106
147 108
147 144
147 142
147 153
147 195
147 152
147 81
147 204
147 53
147 203
147 190
147 141
147 21
147 219
147 136
147 24
147 186
147 37
147 137
147 43
59 98
59 133
59 193
59 142
59 69
59 180
59 117
59 196
59 152
59 154
59 204
59 97
59 132
59 128
59 84
59 22
59 159
59 58
59 21
59 20
59 136
59 15
59 24
59 186
59 37
98 9
98 173
98 133
98 89
98 108
98 144
98 142
98 62
98 117
98 196
98 204
98 132
98 128
98 22
98 124
98 110
98 159
98 103
98 72
98 141
98 58
98 21
98 136
98 24
98 186
98 37
98 43
28 173
28 106
28 144
28 193
28 153
28 195
28 180
28 81
28 29
28 204
28 53
28 83
28 97
28 218
28 132
28 128
28 209
28 217
28 190
28 124
28 110
28 159
28 72
28 58
28 21
28 219
28 37
28 137
28 43
9 133
9 89
9 108
9 193
9 142
9 195
9 62
9 180
9 117
9 196
9 81
9 29
9 97
9 218
9 209
9 203
9 217
9 190
9 103
9 21
9 199
9 20
9 15
9 24
9 149
173 133
173 89
173 108
173 142
173 69
173 153
173 62
173 180
173 117
173 152
173 154
173 29
173 53
173 218
173 132
173 203
173 217
173 84
173 22
173 110
173 159
173 72
173 141
173 58
173 199
173 20
173 6
173 136
173 15
173 37
173 137
173 43
133 108
133 144
133 69
133 153
133 62
133 196
133 82
133 154
133 29
133 204
133 218
133 203
133 190
133 84
133 124
133 16
133 72
133 199
133 219
133 136
133 186
133 23
106 89
106 193
106 142
106 69
106 153
106 62
106 117
106 152
106 81
106 204
106 97
106 132
106 128
106 209
106 203
106 217
106 190
106 22
106 124
106 159
106 72
106 141
106 58
106 219
106 136
106 15
106 24
106 149
106 37
106 43
89 193
89 153
89 195
89 117
89 82
89 152
89 53
89 83
89 97
89 218
89 22
89 16
89 103
89 72
89 141
89 58
89 21
89 199
89 219
89 20
89 6
89 136
89 15
89 24
89 186
89 23
89 37
89 137
89 43
108 144
108 193
108 142
108 69
108 195
108 196
108 81
108 154
108 204
108 128
108 209
108 217
108 190
108 141
108 58
108 21
108 199
108 20
108 6
108 24
108 149
108 37
108 140
108 137
144 193
144 69
144 153
144 62
144 180
144 117
144 82
144 152
144 81
144 83
144 97
144 132
144 217
144 84
144 22
144 16
144 159
144 72
144 141
144 58
144 199
144 219
144 20
144 136
144 24
144 140
144 137
193 153
193 195
193 62
193 180
193 82
193 81
193 154
193 29
193 204
193 83
193 132
193 128
193 209
193 203
193 190
193 124
193 16
193 141
193 20
193 6
193 15
193 24
193 186
193 149
193 23
193 37
142 153
142 62
142 82
142 152
142 81
142 29
142 204
142 83
142 97
142 218
142 132
142 128
142 209
142 203
142 124
142 110
142 16
142 159
142 58
142 199
142 219
142 20
142 6
142 15
142 24
142 37
142 140
142 137
69 153
69 195
69 117
69 196
69 82
69 81
69 154
69 204
69 53
69 97
69 218
69 132
69 203
69 190
69 124
69 110
69 16
69 72
69 141
69 58
69 21
69 199
69 219
69 20
69 6
69 149
69 23
69 37
69 140
153 62
153 117
153 196
153 82
153 152
153 81
153 204
153 53
153 128
153 190
153 84
153 22
153 124
153 16
153 103
153 199
153 219
153 15
153 24
153 23
153 140
153 137
153 43
195 29
195 204
195 83
195 97
195 128
195 203
195 217
195 84
195 124
195 110
195 16
195 72
195 199
195 20
195 6
195 136
195 186
195 149
195 37
195 137
62 180
62 196
62 82
62 154
62 29
62 53
62 97
62 218
62 132
62 128
62 203
62 190
62 84
62 159
62 103
62 141
62 58
62 21
62 199
62 219
62 136
62 186
62 37
62 137
62 43
180 196
180 29
180 204
180 53
180 128
180 84
180 22
180 124
180 72
180 21
180 219
180 136
180 186
180 149
180 23
180 37
180 137
117 82
117 81
117 53
117 83
117 218
117 190
117 84
117 124
117 159
117 103
117 72
117 141
117 21
117 199
117 219
117 20
117 6
117 15
117 186
117 23
117 37
117 140
117 137
196 82
196 152
196 154
196 29
196 204
196 218
196 209
196 217
196 22
196 159
196 199
196 219
196 20
196 6
196 136
196 149
196 140
196 43
82 203
82 217
82 84
82 124
82 72
82 21
82 6
82 136
82 15
82 149
82 23
82 37
152 81
152 53
152 83
152 97
152 209
152 84
152 124
152 159
152 103
152 72
152 141
152 21
152 20
152 6
152 136
152 24
152 186
152 37
81 204
81 53
81 97
81 132
81 209
81 203
81 217
81 190
81 84
81 22
81 110
81 16
81 21
81 199
81 20
81 136
81 186
81 149
81 23
81 37
81 140
81 137
81 43
154 29
154 83
154 97
154 218
154 209
154 203
154 217
154 16
154 159
154 103
154 72
154 58
154 21
154 219
154 6
154 15
154 24
154 186
154 137
154 43
29 83
29 97
29 132
29 203
29 84
29 124
29 110
29 16
29 159
29 103
29 72
29 141
29 219
29 20
29 6
29 136
29 186
29 23
29 140
29 137
204 53
204 97
204 218
204 128
204 203
204 217
204 190
204 124
204 110
204 16
204 159
204 141
204 58
204 21
204 219
204 15
204 24
204 186
204 23
204 43
53 83
53 97
53 218
53 132
53 128
53 209
53 190
53 84
53 22
53 124
53 110
53 72
53 141
53 219
53 6
53 24
53 137
53 43
83 97
83 209
83 203
83 124
83 16
83 159
83 58
83 21
83 199
83 20
83 136
83 186
83 37
97 209
97 203
97 217
97 84
97 22
97 72
97 141
97 199
97 6
97 136
97 149
97 140
97 137
218 132
218 209
218 190
218 84
218 22
218 110
218 159
218 103
218 20
218 136
218 149
218 23
218 140
218 137
132 128
132 203
132 217
132 110
132 16
132 21
132 199
132 219
132 20
132 15
132 24
132 23
132 37
132 137
132 43
128 203
128 217
128 190
128 84
128 22
128 110
128 159
128 103
128 20
128 136
128 140
128 43
209 203
209 217
209 190
209 84
209 22
209 16
209 103
209 21
209 199
209 219
209 20
209 6
209 15
209 186
209 149
209 23
209 140
203 22
203 124
203 110
203 16
203 72
203 141
203 219
203 20
203 24
203 186
203 23
203 43
217 84
217 124
217 72
217 141
217 58
217 21
217 219
217 136
217 149
217 23
217 43
190 22
190 124
190 110
190 16
190 159
190 103
190 72
190 141
190 219
190 20
190 6
190 186
190 43
84 124
84 103
84 72
84 141
84 21
84 199
84 219
84 20
84 136
84 24
84 43
22 124
22 16
22 159
22 103
22 58
22 219
22 20
22 186
22 140
22 137
22 43
124 110
124 103
124 72
124 199
124 219
124 20
124 6
124 15
124 186
124 140
124 43
110 103
110 72
110 58
110 21
110 199
110 219
110 20
110 6
110 136
110 186
110 23
110 140
110 137
16 103
16 21
16 20
16 15
16 24
16 149
16 37
159 103
159 21
159 219
159 6
159 24
159 186
159 23
103 72
103 141
103 58
103 219
103 6
103 136
103 24
103 37
72 141
72 58
72 21
72 20
72 15
72 24
72 186
72 149
72 23
72 37
141 21
141 6
141 15
141 24
141 186
141 149
141 140
141 137
58 21
58 20
58 6
58 15
58 24
58 149
58 37
58 137
21 199
21 219
21 20
21 6
21 136
21 15
21 186
21 149
21 37
199 20
199 6
199 136
199 15
199 24
199 186
199 23
199 140
199 137
199 43
219 20
219 6
219 15
219 24
219 149
219 37
219 140
219 43
20 136
20 15
20 149
20 37
20 137
20 43
6 136
6 24
6 149
6 140
6 137
6 43
136 15
136 24
136 186
136 149
136 140
136 137
15 24
15 149
15 23
15 37
15 137
15 43
24 186
24 37
24 137
24 43
186 149
186 23
186 37
186 140
186 137
186 43
149 137
149 43
23 37
37 140
37 137
37 43
140 43
137 43
