*verties 205
28
19
41
136
56
178
211
10
33
6
183
94
21
208
46
11
176
81
32
123
15
103
71
4
109
14
172
202
132
185
49
66
1
131
181
84
51
105
64
191
117
30
173
85
88
168
151
197
48
99
24
166
57
199
42
39
219
143
115
214
130
180
144
193
201
194
106
101
108
137
69
90
73
135
134
139
62
8
93
102
154
63
76
170
195
104
111
118
29
78
216
155
2
9
189
13
27
175
140
20
158
161
188
128
87
77
75
142
72
174
18
37
35
153
43
107
68
157
16
190
91
45
95
167
25
79
98
65
44
7
59
141
127
83
114
96
213
121
26
182
187
67
53
186
125
31
124
204
149
120
97
122
47
36
116
82
207
40
110
100
159
209
210
22
162
92
184
152
60
146
50
150
148
171
54
58
86
74
55
203
3
129
38
5
205
192
133
112
163
179
113
80
126
147
200
206
119
215
0
198
23
164
196
61
52
*edges 
28 19
28 136
28 33
28 46
28 11
28 103
28 4
28 109
28 1
28 181
28 84
28 51
28 105
28 64
28 191
28 117
28 88
28 168
28 151
28 99
28 166
28 199
28 219
28 115
28 180
28 193
28 194
28 106
28 139
28 93
28 102
28 76
28 111
28 78
28 216
28 9
28 189
28 140
28 158
28 161
28 77
28 75
28 72
28 174
28 37
28 107
28 16
28 91
28 45
28 95
28 98
28 7
28 96
28 213
28 186
28 31
28 124
28 204
28 149
28 120
28 97
28 122
28 210
28 162
28 92
28 184
28 60
28 146
28 171
28 203
28 163
28 179
28 80
28 147
28 200
28 215
28 0
28 198
28 23
28 61
19 33
19 6
19 46
19 81
19 15
19 4
19 109
19 202
19 185
19 84
19 105
19 64
19 173
19 85
19 88
19 151
19 99
19 24
19 166
19 57
19 199
19 143
19 115
19 130
19 180
19 201
19 194
19 108
19 69
19 90
19 73
19 135
19 62
19 154
19 170
19 111
19 2
19 9
19 13
19 75
19 72
19 174
19 35
19 190
19 91
19 45
19 7
19 127
19 114
19 96
19 26
19 53
19 125
19 122
19 36
19 100
19 159
19 209
19 92
19 152
19 148
19 58
19 86
19 74
19 55
19 203
19 3
19 38
19 163
19 80
19 200
19 198
19 23
19 196
19 61
41 33
41 6
41 183
41 21
41 11
41 103
41 14
41 185
41 49
41 181
41 191
41 117
41 30
41 85
41 168
41 151
41 197
41 48
41 99
41 166
41 57
41 143
41 144
41 193
41 201
41 106
41 101
41 137
41 90
41 134
41 8
41 102
41 76
41 216
41 2
41 189
41 175
41 140
41 20
41 188
41 128
41 87
41 174
41 18
41 107
41 157
41 190
41 91
41 95
41 65
41 7
41 182
41 53
41 125
41 31
41 124
41 97
41 47
41 36
41 207
41 110
41 159
41 209
41 210
41 22
41 152
41 50
41 86
41 74
41 203
41 3
41 129
41 205
41 133
41 112
41 163
41 179
41 126
41 147
41 206
41 198
41 61
41 52
136 6
136 183
136 94
136 21
136 46
136 176
136 32
136 15
136 71
136 109
136 185
136 66
136 131
136 181
136 105
136 191
136 173
136 168
136 151
136 99
136 24
136 166
136 57
136 199
136 219
136 143
136 214
136 180
136 144
136 201
136 101
136 137
136 90
136 73
136 135
136 134
136 139
136 62
136 8
136 111
136 29
136 216
136 155
136 27
136 175
136 20
136 158
136 142
136 37
136 153
136 43
136 157
136 190
136 167
136 79
136 65
136 44
136 83
136 213
136 121
136 26
136 182
136 187
136 67
136 53
136 31
136 204
136 120
136 97
136 47
136 82
136 207
136 100
136 162
136 171
136 54
136 58
136 74
136 55
136 203
136 129
136 205
136 179
136 80
136 147
136 200
136 119
136 215
56 10
56 6
56 183
56 46
56 123
56 103
56 109
56 202
56 49
56 1
56 64
56 85
56 168
56 166
56 57
56 199
56 219
56 143
56 214
56 130
56 144
56 106
56 69
56 90
56 73
56 135
56 139
56 62
56 93
56 63
56 104
56 29
56 78
56 13
56 27
56 175
56 188
56 77
56 72
56 174
56 35
56 153
56 43
56 157
56 16
56 167
56 25
56 65
56 44
56 59
56 83
56 114
56 213
56 26
56 53
56 120
56 122
56 47
56 36
56 207
56 40
56 110
56 209
56 92
56 152
56 146
56 148
56 171
56 5
56 192
56 112
56 179
56 113
56 126
56 215
56 0
56 164
178 6
178 208
178 11
178 176
178 123
178 15
178 4
178 109
178 185
178 1
178 131
178 181
178 84
178 105
178 173
178 168
178 151
178 48
178 99
178 24
178 57
178 199
178 39
178 219
178 143
178 214
178 180
178 144
178 201
178 194
178 106
178 101
178 137
178 90
178 135
178 134
178 102
178 154
178 170
178 195
178 216
178 155
178 2
178 9
178 189
178 175
178 158
178 161
178 188
178 18
178 37
178 35
178 153
178 43
178 16
178 98
178 7
178 141
178 114
178 213
178 26
178 182
178 53
178 186
178 125
178 31
178 124
178 149
178 122
178 159
178 210
178 184
178 60
178 50
178 54
178 86
178 74
178 3
178 129
178 38
178 192
178 133
178 113
178 147
178 23
178 164
178 196
211 6
211 183
211 94
211 21
211 11
211 176
211 32
211 14
211 131
211 181
211 84
211 105
211 64
211 168
211 99
211 24
211 57
211 39
211 219
211 115
211 130
211 180
211 201
211 194
211 106
211 90
211 135
211 102
211 154
211 195
211 111
211 118
211 78
211 216
211 2
211 9
211 27
211 128
211 72
211 174
211 35
211 107
211 16
211 91
211 25
211 44
211 121
211 26
211 186
211 31
211 124
211 149
211 120
211 122
211 116
211 82
211 110
211 209
211 22
211 184
211 86
211 55
211 129
211 5
211 192
211 179
211 80
211 126
211 147
211 206
211 198
211 23
211 196
211 61
211 52
10 6
10 183
10 46
10 176
10 123
10 15
10 71
10 109
10 14
10 132
10 66
10 84
10 191
10 88
10 168
10 151
10 197
10 99
10 166
10 57
10 199
10 42
10 219
10 115
10 193
10 201
10 194
10 90
10 73
10 139
10 62
10 8
10 102
10 154
10 76
10 111
10 118
10 29
10 78
10 13
10 27
10 87
10 72
10 174
10 37
10 153
10 157
10 16
10 190
10 91
10 95
10 167
10 25
10 79
10 65
10 44
10 7
10 121
10 67
10 186
10 204
10 122
10 36
10 116
10 207
10 210
10 92
10 184
10 152
10 50
10 150
10 54
10 58
10 86
10 203
10 3
10 129
10 38
10 192
10 179
10 113
10 80
10 147
10 206
10 215
10 0
10 23
10 61
33 6
33 208
33 11
33 103
33 4
33 14
33 202
33 132
33 66
33 173
33 85
33 168
33 57
33 39
33 143
33 214
33 180
33 201
33 69
33 134
33 139
33 93
33 154
33 170
33 104
33 118
33 29
33 216
33 189
33 27
33 140
33 20
33 188
33 142
33 18
33 37
33 68
33 16
33 190
33 91
33 95
33 79
33 98
33 65
33 59
33 213
33 121
33 187
33 53
33 186
33 31
33 204
33 122
33 116
33 40
33 110
33 100
33 210
33 148
33 54
33 86
33 55
33 203
33 38
33 192
33 112
33 163
33 80
33 126
33 147
33 200
33 215
33 52
6 208
6 176
6 32
6 71
6 14
6 172
6 49
6 66
6 131
6 181
6 191
6 173
6 168
6 166
6 214
6 180
6 193
6 137
6 69
6 73
6 104
6 111
6 155
6 2
6 13
6 27
6 175
6 140
6 128
6 77
6 37
6 153
6 43
6 107
6 190
6 91
6 45
6 167
6 79
6 65
6 44
6 7
6 141
6 127
6 114
6 213
6 26
6 53
6 125
6 31
6 124
6 122
6 47
6 36
6 40
6 110
6 209
6 92
6 152
6 148
6 171
6 86
6 55
6 203
6 179
6 80
6 126
6 206
6 0
6 164
6 61
183 208
183 176
183 32
183 15
183 71
183 172
183 202
183 132
183 66
183 1
183 84
183 105
183 173
183 85
183 88
183 168
183 24
183 219
183 214
183 144
183 201
183 194
183 106
183 101
183 62
183 93
183 102
183 154
183 170
183 195
183 118
183 155
183 2
183 189
183 188
183 87
183 77
183 142
183 174
183 37
183 153
183 68
183 157
183 16
183 190
183 95
183 25
183 79
183 98
183 44
183 7
183 59
183 127
183 213
183 26
183 182
183 187
183 67
183 204
183 120
183 97
183 82
183 209
183 210
183 22
183 60
183 150
183 171
183 86
183 74
183 55
183 203
183 179
183 126
183 147
183 23
183 52
94 11
94 176
94 103
94 185
94 66
94 131
94 51
94 151
94 197
94 57
94 199
94 42
94 115
94 214
94 201
94 106
94 101
94 108
94 90
94 73
94 134
94 8
94 102
94 195
94 104
94 111
94 118
94 78
94 216
94 2
94 9
94 189
94 140
94 128
94 87
94 75
94 72
94 174
94 37
94 35
94 153
94 43
94 157
94 16
94 25
94 65
94 7
94 141
94 127
94 96
94 213
94 26
94 182
94 125
94 31
94 204
94 120
94 116
94 207
94 100
94 209
94 210
94 22
94 146
94 50
94 148
94 86
94 203
94 3
94 205
94 192
94 133
94 112
94 163
94 113
94 80
94 200
94 206
94 215
94 198
94 164
94 61
21 208
21 32
21 71
21 4
21 14
21 202
21 1
21 84
21 51
21 64
21 173
21 85
21 151
21 197
21 57
21 199
21 180
21 144
21 193
21 101
21 108
21 69
21 90
21 135
21 134
21 93
21 102
21 63
21 195
21 104
21 78
21 216
21 155
21 189
21 27
21 175
21 140
21 20
21 158
21 77
21 72
21 35
21 107
21 157
21 91
21 25
21 79
21 98
21 59
21 127
21 83
21 182
21 186
21 125
21 31
21 124
21 120
21 97
21 207
21 40
21 110
21 159
21 209
21 162
21 92
21 60
21 146
21 150
21 171
21 86
21 55
21 203
21 129
21 38
21 5
21 205
21 192
21 133
21 112
21 126
21 147
21 200
21 119
21 0
21 164
21 196
208 46
208 123
208 14
208 202
208 49
208 131
208 181
208 51
208 64
208 88
208 99
208 166
208 42
208 219
208 130
208 180
208 144
208 193
208 101
208 108
208 137
208 90
208 134
208 139
208 62
208 8
208 93
208 154
208 170
208 195
208 104
208 111
208 155
208 2
208 13
208 140
208 20
208 188
208 153
208 43
208 157
208 167
208 79
208 98
208 83
208 96
208 213
208 186
208 125
208 204
208 120
208 122
208 47
208 82
208 209
208 152
208 150
208 148
208 86
208 74
208 3
208 129
208 38
208 205
208 133
208 163
208 80
208 126
208 147
208 206
208 198
208 23
46 11
46 176
46 81
46 123
46 103
46 109
46 14
46 202
46 49
46 66
46 1
46 131
46 64
46 30
46 173
46 85
46 88
46 24
46 166
46 39
46 219
46 115
46 214
46 130
46 193
46 201
46 106
46 134
46 8
46 93
46 102
46 111
46 29
46 78
46 189
46 13
46 175
46 140
46 20
46 161
46 77
46 72
46 153
46 107
46 68
46 157
46 167
46 79
46 83
46 96
46 213
46 121
46 204
46 149
46 116
46 82
46 207
46 40
46 209
46 22
46 152
46 60
46 74
46 55
46 38
46 5
46 192
46 113
46 126
46 206
46 119
46 215
46 0
46 61
46 52
11 103
11 71
11 14
11 66
11 181
11 105
11 64
11 191
11 173
11 168
11 197
11 48
11 166
11 57
11 42
11 39
11 214
11 106
11 101
11 69
11 73
11 134
11 102
11 195
11 111
11 78
11 2
11 9
11 27
11 140
11 188
11 142
11 72
11 18
11 35
11 153
11 107
11 91
11 44
11 7
11 59
11 141
11 83
11 96
11 182
11 124
11 204
11 149
11 47
11 36
11 116
11 159
11 50
11 54
11 74
11 38
11 205
11 192
11 113
11 126
11 147
11 200
11 206
11 61
176 15
176 103
176 71
176 49
176 131
176 51
176 105
176 191
176 173
176 88
176 168
176 197
176 48
176 99
176 166
176 199
176 219
176 143
176 115
176 130
176 193
176 106
176 69
176 90
176 135
176 139
176 62
176 8
176 154
176 63
176 216
176 2
176 175
176 20
176 188
176 87
176 77
176 35
176 153
176 68
176 157
176 190
176 25
176 79
176 65
176 44
176 59
176 141
176 127
176 186
176 125
176 116
176 100
176 162
176 92
176 146
176 50
176 148
176 54
176 58
176 86
176 74
176 38
176 5
176 192
176 112
176 163
176 147
176 200
176 119
176 215
176 0
176 198
176 23
176 164
176 52
81 32
81 71
81 4
81 202
81 66
81 84
81 51
81 64
81 168
81 24
81 143
81 115
81 201
81 194
81 137
81 69
81 73
81 134
81 62
81 63
81 78
81 216
81 155
81 2
81 9
81 13
81 27
81 75
81 72
81 174
81 35
81 43
81 16
81 45
81 95
81 25
81 79
81 44
81 59
81 114
81 96
81 67
81 186
81 31
81 204
81 122
81 82
81 110
81 100
81 54
81 203
81 5
81 112
81 163
81 179
81 80
81 126
81 206
81 119
81 215
81 198
81 23
81 164
81 52
32 71
32 109
32 172
32 185
32 66
32 1
32 51
32 64
32 117
32 30
32 173
32 197
32 57
32 39
32 219
32 143
32 144
32 101
32 108
32 137
32 69
32 90
32 139
32 62
32 93
32 170
32 29
32 155
32 175
32 188
32 75
32 142
32 153
32 43
32 157
32 190
32 25
32 79
32 98
32 7
32 59
32 67
32 36
32 82
32 207
32 110
32 159
32 22
32 92
32 184
32 50
32 148
32 171
32 54
32 3
32 205
32 206
32 119
32 215
32 0
32 23
32 61
123 71
123 109
123 14
123 172
123 185
123 51
123 64
123 191
123 168
123 99
123 166
123 57
123 42
123 214
123 180
123 101
123 137
123 73
123 154
123 76
123 170
123 195
123 111
123 29
123 216
123 2
123 13
123 27
123 158
123 77
123 75
123 142
123 95
123 167
123 25
123 98
123 65
123 59
123 141
123 83
123 213
123 182
123 53
123 186
123 204
123 120
123 97
123 184
123 152
123 50
123 150
123 148
123 74
123 38
123 5
123 163
123 200
123 206
123 198
123 23
123 164
123 61
15 103
15 4
15 109
15 172
15 185
15 66
15 181
15 84
15 117
15 30
15 173
15 88
15 197
15 24
15 57
15 219
15 144
15 194
15 69
15 90
15 135
15 8
15 102
15 154
15 76
15 170
15 216
15 189
15 175
15 20
15 158
15 161
15 128
15 142
15 72
15 18
15 37
15 35
15 153
15 43
15 107
15 68
15 157
15 16
15 91
15 95
15 167
15 25
15 65
15 44
15 59
15 83
15 213
15 187
15 67
15 122
15 36
15 116
15 207
15 209
15 22
15 152
15 50
15 74
15 5
15 205
15 192
15 179
15 147
15 119
15 198
15 23
103 4
103 202
103 132
103 185
103 1
103 181
103 84
103 105
103 173
103 85
103 168
103 151
103 197
103 166
103 57
103 115
103 130
103 144
103 194
103 106
103 101
103 137
103 69
103 134
103 102
103 154
103 195
103 29
103 155
103 13
103 140
103 20
103 158
103 161
103 128
103 174
103 18
103 37
103 35
103 107
103 190
103 91
103 167
103 44
103 141
103 127
103 26
103 67
103 124
103 149
103 97
103 116
103 100
103 210
103 184
103 54
103 86
103 203
103 129
103 163
103 126
103 200
103 215
103 0
103 198
103 164
103 196
71 4
71 109
71 14
71 49
71 66
71 131
71 181
71 51
71 105
71 117
71 30
71 197
71 199
71 42
71 39
71 115
71 106
71 137
71 90
71 134
71 62
71 102
71 76
71 118
71 78
71 2
71 13
71 140
71 20
71 158
71 161
71 87
71 77
71 75
71 72
71 174
71 35
71 153
71 43
71 107
71 157
71 16
71 95
71 167
71 25
71 79
71 7
71 141
71 83
71 182
71 187
71 186
71 125
71 149
71 120
71 122
71 47
71 36
71 82
71 40
71 100
71 22
71 60
71 58
71 55
71 129
71 38
71 205
71 192
71 112
71 179
71 200
71 198
71 23
71 164
71 196
71 61
4 109
4 172
4 202
4 1
4 131
4 84
4 191
4 117
4 85
4 88
4 151
4 48
4 24
4 42
4 143
4 180
4 193
4 201
4 194
4 106
4 108
4 135
4 139
4 62
4 93
4 102
4 154
4 111
4 29
4 216
4 2
4 140
4 20
4 161
4 142
4 174
4 37
4 43
4 68
4 16
4 190
4 95
4 25
4 79
4 65
4 44
4 83
4 213
4 186
4 125
4 204
4 120
4 97
4 82
4 210
4 22
4 92
4 184
4 152
4 146
4 150
4 54
4 86
4 3
4 205
4 133
4 112
4 163
4 80
4 147
4 200
4 206
4 215
4 198
4 23
4 61
4 52
109 14
109 172
109 202
109 132
109 1
109 84
109 30
109 88
109 48
109 166
109 57
109 199
109 115
109 130
109 180
109 193
109 201
109 106
109 101
109 108
109 69
109 135
109 62
109 63
109 111
109 118
109 78
109 216
109 9
109 13
109 27
109 175
109 20
109 161
109 188
109 77
109 75
109 174
109 35
109 68
109 157
109 167
109 79
109 7
109 141
109 127
109 182
109 187
109 67
109 186
109 204
109 97
109 122
109 116
109 22
109 148
109 54
109 58
109 86
109 55
109 203
109 129
109 38
109 5
109 205
109 112
109 179
109 113
109 80
109 147
109 200
109 206
109 215
109 196
14 185
14 51
14 105
14 117
14 173
14 48
14 99
14 24
14 115
14 214
14 180
14 201
14 106
14 108
14 137
14 69
14 90
14 134
14 93
14 111
14 216
14 2
14 9
14 189
14 27
14 20
14 158
14 128
14 87
14 77
14 75
14 142
14 18
14 190
14 91
14 45
14 25
14 7
14 59
14 141
14 127
14 114
14 182
14 53
14 204
14 97
14 122
14 36
14 82
14 209
14 92
14 184
14 152
14 60
14 50
14 148
14 171
14 54
14 74
14 5
14 112
14 113
14 80
14 126
14 147
14 200
14 206
14 23
14 164
14 196
14 52
172 202
172 49
172 84
172 105
172 191
172 30
172 85
172 88
172 168
172 151
172 99
172 24
172 199
172 42
172 39
172 214
172 130
172 180
172 144
172 193
172 201
172 137
172 69
172 90
172 154
172 104
172 118
172 78
172 155
172 2
172 9
172 175
172 20
172 161
172 188
172 128
172 75
172 142
172 72
172 174
172 37
172 35
172 91
172 95
172 167
172 25
172 79
172 7
172 59
172 141
172 83
172 114
172 213
172 182
172 187
172 53
172 124
172 97
172 122
172 47
172 36
172 82
172 207
172 100
172 159
172 209
172 210
172 152
172 171
172 5
172 179
172 80
172 126
172 206
172 119
172 198
202 185
202 49
202 181
202 84
202 51
202 64
202 30
202 173
202 85
202 166
202 199
202 143
202 115
202 214
202 180
202 193
202 201
202 194
202 101
202 108
202 137
202 135
202 139
202 62
202 8
202 170
202 195
202 104
202 216
202 155
202 2
202 9
202 140
202 72
202 18
202 35
202 153
202 43
202 68
202 157
202 95
202 167
202 98
202 65
202 7
202 59
202 114
202 182
202 187
202 186
202 31
202 124
202 120
202 97
202 36
202 100
202 159
202 209
202 162
202 92
202 184
202 50
202 171
202 54
202 203
202 192
202 112
202 179
202 126
202 206
202 119
202 215
202 23
202 52
132 185
132 66
132 105
132 64
132 191
132 117
132 30
132 173
132 85
132 197
132 48
132 42
132 39
132 130
132 69
132 73
132 135
132 139
132 93
132 102
132 154
132 76
132 170
132 195
132 111
132 78
132 87
132 77
132 72
132 174
132 37
132 25
132 79
132 98
132 65
132 114
132 96
132 53
132 204
132 36
132 82
132 207
132 110
132 100
132 22
132 184
132 60
132 148
132 54
132 86
132 74
132 3
132 38
132 192
132 113
132 80
132 126
132 119
132 215
132 196
132 61
185 49
185 66
185 64
185 173
185 24
185 166
185 57
185 143
185 130
185 180
185 69
185 62
185 102
185 154
185 170
185 195
185 155
185 9
185 13
185 27
185 20
185 161
185 188
185 128
185 87
185 142
185 72
185 174
185 35
185 153
185 107
185 68
185 157
185 16
185 190
185 95
185 167
185 7
185 59
185 114
185 121
185 187
185 125
185 31
185 149
185 120
185 122
185 40
185 110
185 100
185 159
185 152
185 146
185 50
185 150
185 148
185 54
185 86
185 74
185 3
185 129
185 38
185 5
185 112
185 80
185 126
185 119
185 164
185 61
49 66
49 1
49 173
49 168
49 48
49 39
49 219
49 143
49 115
49 214
49 130
49 180
49 144
49 201
49 194
49 101
49 69
49 90
49 93
49 154
49 63
49 76
49 13
49 140
49 20
49 158
49 188
49 128
49 153
49 107
49 157
49 16
49 190
49 91
49 45
49 167
49 98
49 65
49 7
49 141
49 114
49 67
49 53
49 186
49 124
49 149
49 120
49 97
49 82
49 110
49 100
49 209
49 210
49 92
49 146
49 150
49 148
49 171
49 129
49 5
49 192
49 133
49 112
49 200
49 206
49 198
66 131
66 64
66 191
66 117
66 173
66 85
66 151
66 197
66 99
66 166
66 199
66 214
66 194
66 108
66 90
66 73
66 135
66 134
66 139
66 62
66 8
66 102
66 154
66 63
66 111
66 118
66 29
66 2
66 9
66 175
66 20
66 87
66 77
66 18
66 43
66 107
66 16
66 190
66 95
66 83
66 124
66 122
66 116
66 82
66 40
66 100
66 159
66 209
66 210
66 22
66 162
66 152
66 60
66 150
66 171
66 54
66 3
66 38
66 133
66 179
66 126
66 0
66 198
66 23
66 61
1 51
1 105
1 191
1 117
1 173
1 168
1 166
1 115
1 130
1 180
1 194
1 106
1 137
1 135
1 134
1 139
1 93
1 170
1 111
1 29
1 78
1 27
1 161
1 87
1 142
1 72
1 18
1 35
1 153
1 157
1 16
1 167
1 98
1 59
1 127
1 114
1 121
1 182
1 67
1 53
1 124
1 204
1 97
1 47
1 82
1 40
1 100
1 159
1 209
1 210
1 92
1 184
1 152
1 146
1 54
1 74
1 203
1 3
1 5
1 192
1 133
1 112
1 200
1 119
1 0
1 198
1 164
1 61
131 84
131 105
131 191
131 168
131 151
131 39
131 193
131 201
131 101
131 73
131 139
131 8
131 63
131 76
131 195
131 111
131 118
131 29
131 78
131 155
131 2
131 13
131 175
131 20
131 158
131 87
131 77
131 75
131 142
131 37
131 107
131 157
131 95
131 167
131 25
131 98
131 59
131 141
131 114
131 121
131 67
131 125
131 149
131 47
131 116
131 82
131 110
131 100
131 210
131 162
131 92
131 60
131 150
131 86
131 74
131 55
131 203
131 38
131 192
131 133
131 179
131 80
131 126
131 206
131 119
131 61
131 52
181 30
181 173
181 85
181 168
181 57
181 199
181 130
181 180
181 101
181 69
181 73
181 62
181 93
181 102
181 63
181 76
181 170
181 195
181 118
181 9
181 189
181 13
181 27
181 140
181 20
181 158
181 128
181 75
181 142
181 72
181 174
181 18
181 157
181 190
181 127
181 67
181 125
181 124
181 97
181 207
181 40
181 110
181 159
181 210
181 184
181 146
181 148
181 58
181 86
181 55
181 38
181 205
181 192
181 113
181 126
181 200
181 0
181 61
84 117
84 151
84 48
84 99
84 57
84 143
84 180
84 201
84 194
84 106
84 108
84 69
84 134
84 102
84 154
84 63
84 29
84 140
84 20
84 158
84 77
84 75
84 142
84 72
84 18
84 37
84 153
84 43
84 107
84 190
84 95
84 7
84 127
84 213
84 187
84 186
84 204
84 97
84 36
84 116
84 82
84 110
84 162
84 146
84 148
84 171
84 74
84 55
84 203
84 3
84 129
84 5
84 179
84 80
84 147
84 206
84 119
84 215
84 23
84 196
51 64
51 191
51 30
51 168
51 197
51 57
51 199
51 42
51 219
51 143
51 144
51 193
51 201
51 108
51 69
51 90
51 73
51 135
51 134
51 139
51 8
51 63
51 195
51 111
51 78
51 2
51 189
51 20
51 161
51 77
51 142
51 174
51 153
51 107
51 45
51 167
51 25
51 7
51 59
51 114
51 96
51 213
51 121
51 26
51 31
51 124
51 97
51 47
51 82
51 207
51 209
51 210
51 22
51 162
51 92
51 184
51 58
51 74
51 3
51 205
51 192
51 113
51 126
51 200
51 164
51 196
105 191
105 117
105 30
105 173
105 88
105 168
105 151
105 48
105 166
105 39
105 219
105 115
105 214
105 193
105 201
105 101
105 137
105 90
105 73
105 135
105 134
105 139
105 104
105 111
105 155
105 9
105 27
105 20
105 158
105 161
105 87
105 77
105 142
105 37
105 153
105 107
105 157
105 190
105 167
105 44
105 7
105 83
105 213
105 121
105 67
105 125
105 31
105 47
105 36
105 82
105 207
105 40
105 209
105 22
105 92
105 86
105 55
105 203
105 3
105 129
105 38
105 112
105 179
105 80
105 200
105 206
105 119
105 0
105 198
105 23
105 164
105 61
105 52
64 173
64 85
64 151
64 48
64 57
64 199
64 42
64 39
64 115
64 130
64 180
64 201
64 106
64 101
64 108
64 137
64 93
64 63
64 76
64 170
64 104
64 29
64 155
64 2
64 9
64 140
64 158
64 72
64 18
64 107
64 157
64 190
64 95
64 7
64 59
64 127
64 96
64 121
64 187
64 31
64 122
64 36
64 82
64 209
64 210
64 92
64 152
64 171
64 58
64 86
64 74
64 203
64 3
64 129
64 205
64 192
64 112
64 113
64 147
64 119
64 215
64 198
64 164
64 196
64 61
64 52
191 117
191 88
191 99
191 57
191 42
191 180
191 144
191 101
191 108
191 137
191 69
191 90
191 73
191 135
191 139
191 8
191 154
191 63
191 29
191 78
191 2
191 27
191 161
191 188
191 75
191 174
191 18
191 68
191 16
191 45
191 95
191 25
191 79
191 7
191 141
191 127
191 83
191 187
191 186
191 124
191 149
191 120
191 122
191 47
191 116
191 82
191 110
191 100
191 159
191 209
191 210
191 22
191 146
191 50
191 150
191 171
191 58
191 86
191 74
191 5
191 192
191 133
191 112
191 163
191 179
191 147
191 215
191 198
191 52
117 30
117 85
117 88
117 99
117 24
117 166
117 199
117 143
117 115
117 214
117 130
117 106
117 101
117 137
117 69
117 73
117 93
117 63
117 76
117 195
117 111
117 118
117 140
117 75
117 174
117 18
117 35
117 153
117 43
117 190
117 25
117 79
117 65
117 44
117 7
117 127
117 96
117 213
117 121
117 182
117 187
117 53
117 124
117 149
117 122
117 47
117 82
117 92
117 152
117 60
117 146
117 148
117 171
117 54
117 58
117 74
117 38
117 5
117 133
117 112
117 163
117 80
117 126
117 119
117 215
117 198
117 23
117 61
30 99
30 24
30 199
30 143
30 201
30 137
30 135
30 62
30 8
30 102
30 170
30 104
30 29
30 155
30 2
30 189
30 13
30 27
30 140
30 20
30 161
30 128
30 75
30 142
30 35
30 153
30 107
30 157
30 16
30 190
30 91
30 45
30 25
30 79
30 44
30 141
30 127
30 83
30 96
30 121
30 26
30 182
30 67
30 53
30 31
30 36
30 116
30 40
30 110
30 100
30 209
30 92
30 184
30 171
30 86
30 74
30 129
30 5
30 192
30 133
30 80
30 126
30 147
30 206
30 23
30 164
30 196
30 61
173 168
173 24
173 143
173 115
173 193
173 194
173 106
173 108
173 90
173 139
173 8
173 93
173 154
173 195
173 111
173 13
173 140
173 158
173 128
173 75
173 142
173 72
173 68
173 91
173 45
173 25
173 79
173 98
173 59
173 83
173 213
173 121
173 186
173 31
173 149
173 120
173 47
173 82
173 100
173 159
173 209
173 210
173 162
173 152
173 50
173 150
173 3
173 192
173 163
173 179
173 147
173 119
173 215
173 198
173 23
173 164
85 88
85 168
85 48
85 24
85 166
85 42
85 143
85 214
85 144
85 193
85 201
85 135
85 8
85 170
85 111
85 78
85 216
85 155
85 2
85 189
85 27
85 140
85 158
85 161
85 188
85 75
85 142
85 72
85 174
85 35
85 68
85 157
85 16
85 98
85 59
85 127
85 83
85 114
85 96
85 213
85 67
85 53
85 125
85 31
85 97
85 47
85 36
85 116
85 207
85 209
85 92
85 184
85 60
85 150
85 203
85 38
85 112
85 163
85 113
85 80
85 126
85 198
85 52
88 197
88 48
88 199
88 39
88 219
88 180
88 144
88 193
88 201
88 108
88 90
88 135
88 134
88 139
88 8
88 93
88 102
88 63
88 170
88 104
88 155
88 175
88 20
88 161
88 188
88 87
88 142
88 174
88 18
88 37
88 43
88 16
88 190
88 91
88 45
88 25
88 7
88 141
88 127
88 83
88 114
88 96
88 26
88 182
88 187
88 53
88 186
88 125
88 31
88 124
88 204
88 120
88 97
88 122
88 36
88 116
88 159
88 210
88 22
88 92
88 184
88 60
88 146
88 50
88 148
88 58
88 74
88 203
88 3
88 192
88 163
88 179
88 80
88 126
88 206
88 0
88 164
88 52
168 151
168 24
168 57
168 199
168 42
168 39
168 115
168 144
168 139
168 93
168 63
168 195
168 118
168 29
168 155
168 175
168 75
168 174
168 18
168 43
168 16
168 190
168 25
168 79
168 98
168 7
168 59
168 141
168 83
168 114
168 96
168 121
168 67
168 186
168 149
168 120
168 97
168 122
168 36
168 82
168 207
168 100
168 22
168 162
168 92
168 184
168 152
168 50
168 150
168 58
168 3
168 38
168 5
168 192
168 113
168 200
168 215
168 0
168 198
168 52
151 99
151 24
151 166
151 42
151 219
151 115
151 130
151 180
151 193
151 137
151 69
151 139
151 8
151 76
151 111
151 118
151 216
151 2
151 189
151 13
151 27
151 161
151 87
151 75
151 35
151 68
151 45
151 95
151 167
151 25
151 79
151 65
151 44
151 141
151 31
151 124
151 149
151 120
151 122
151 47
151 116
151 159
151 162
151 92
151 60
151 146
151 54
151 58
151 74
151 192
151 179
151 200
151 206
151 164
151 196
151 52
197 48
197 99
197 115
197 193
197 201
197 106
197 69
197 90
197 135
197 134
197 8
197 76
197 170
197 195
197 104
197 118
197 216
197 2
197 20
197 158
197 161
197 128
197 87
197 77
197 72
197 174
197 35
197 153
197 25
197 79
197 98
197 7
197 59
197 141
197 127
197 114
197 124
197 116
197 82
197 207
197 40
197 110
197 209
197 162
197 92
197 152
197 146
197 54
197 86
197 3
197 129
197 133
197 112
197 163
197 179
197 113
197 200
197 206
197 215
48 99
48 219
48 143
48 115
48 214
48 101
48 90
48 135
48 134
48 8
48 102
48 63
48 170
48 104
48 118
48 29
48 78
48 9
48 189
48 27
48 161
48 188
48 77
48 142
48 174
48 37
48 153
48 107
48 157
48 16
48 95
48 141
48 127
48 96
48 213
48 182
48 120
48 97
48 40
48 210
48 162
48 50
48 171
48 74
48 5
48 192
48 133
48 112
48 179
48 126
48 147
48 206
48 0
48 61
48 52
99 199
99 42
99 143
99 115
99 130
99 144
99 201
99 101
99 108
99 73
99 134
99 62
99 93
99 76
99 170
99 195
99 104
99 29
99 155
99 13
99 140
99 128
99 87
99 77
99 75
99 72
99 37
99 45
99 25
99 79
99 127
99 114
99 96
99 26
99 187
99 31
99 124
99 204
99 120
99 122
99 47
99 116
99 82
99 207
99 40
99 100
99 210
99 22
99 184
99 150
99 58
99 74
99 38
99 112
99 163
99 200
99 206
99 119
99 0
99 196
99 61
99 52
24 166
24 42
24 143
24 214
24 144
24 193
24 201
24 194
24 106
24 101
24 69
24 90
24 139
24 63
24 111
24 29
24 78
24 155
24 9
24 13
24 27
24 175
24 140
24 20
24 158
24 188
24 128
24 75
24 142
24 35
24 68
24 167
24 127
24 121
24 182
24 124
24 149
24 120
24 97
24 122
24 207
24 159
24 162
24 92
24 184
24 171
24 86
24 74
24 55
24 38
24 5
24 205
24 179
24 80
24 126
24 147
24 200
24 164
24 61
166 57
166 39
166 219
166 115
166 130
166 180
166 201
166 194
166 101
166 108
166 137
166 90
166 134
166 139
166 195
166 104
166 29
166 78
166 155
166 2
166 189
166 13
166 27
166 175
166 158
166 188
166 87
166 77
166 75
166 174
166 153
166 43
166 107
166 157
166 91
166 45
166 167
166 65
166 83
166 182
166 187
166 53
166 186
166 204
166 149
166 120
166 207
166 100
166 159
166 209
166 171
166 203
166 112
166 80
166 206
166 198
166 23
166 61
166 52
57 143
57 214
57 201
57 194
57 106
57 101
57 137
57 90
57 134
57 139
57 62
57 93
57 102
57 154
57 76
57 195
57 111
57 155
57 13
57 20
57 161
57 77
57 18
57 43
57 44
57 83
57 96
57 213
57 121
57 26
57 182
57 53
57 125
57 204
57 120
57 97
57 47
57 116
57 82
57 110
57 159
57 210
57 162
57 92
57 60
57 50
57 148
57 171
57 58
57 74
57 55
57 38
57 112
57 80
57 126
57 215
57 0
57 164
57 52
199 39
199 180
199 144
199 193
199 101
199 108
199 137
199 90
199 139
199 62
199 93
199 102
199 154
199 195
199 118
199 9
199 27
199 175
199 161
199 68
199 16
199 91
199 79
199 65
199 44
199 7
199 59
199 141
199 127
199 213
199 121
199 182
199 187
199 67
199 53
199 204
199 149
199 97
199 47
199 82
199 159
199 209
199 210
199 22
199 162
199 60
199 50
199 148
199 54
199 86
199 55
199 203
199 5
199 192
199 112
199 179
199 80
199 126
199 200
199 119
199 196
42 39
42 219
42 143
42 115
42 180
42 144
42 193
42 201
42 194
42 101
42 90
42 135
42 139
42 8
42 102
42 104
42 111
42 78
42 189
42 175
42 20
42 161
42 75
42 142
42 174
42 35
42 68
42 25
42 79
42 98
42 65
42 7
42 59
42 127
42 83
42 96
42 121
42 187
42 125
42 31
42 120
42 47
42 159
42 22
42 152
42 60
42 171
42 54
42 38
42 192
42 133
42 113
42 126
42 147
42 164
42 61
39 115
39 214
39 180
39 194
39 101
39 137
39 69
39 90
39 73
39 62
39 8
39 102
39 154
39 170
39 195
39 111
39 216
39 189
39 13
39 27
39 20
39 161
39 75
39 142
39 174
39 37
39 43
39 107
39 16
39 95
39 25
39 98
39 65
39 44
39 7
39 127
39 114
39 96
39 213
39 182
39 67
39 186
39 125
39 204
39 97
39 122
39 100
39 152
39 146
39 74
39 55
39 3
39 38
39 192
39 133
39 126
39 147
39 200
39 119
39 215
39 23
39 164
39 52
219 115
219 180
219 201
219 108
219 8
219 93
219 102
219 154
219 76
219 195
219 118
219 78
219 2
219 20
219 87
219 75
219 72
219 174
219 107
219 190
219 91
219 25
219 79
219 98
219 65
219 7
219 114
219 26
219 187
219 31
219 124
219 204
219 149
219 47
219 40
219 100
219 22
219 162
219 152
219 60
219 148
219 54
219 55
219 203
219 129
219 38
219 192
219 179
219 126
219 200
219 215
219 196
219 61
219 52
143 130
143 180
143 144
143 201
143 194
143 106
143 137
143 90
143 139
143 8
143 93
143 154
143 63
143 76
143 195
143 104
143 29
143 78
143 155
143 13
143 20
143 72
143 174
143 18
143 37
143 107
143 16
143 95
143 167
143 79
143 141
143 114
143 96
143 213
143 121
143 26
143 125
143 31
143 47
143 116
143 82
143 207
143 100
143 209
143 92
143 184
143 152
143 50
143 148
143 54
143 58
143 203
143 3
143 179
143 113
143 147
143 206
143 0
143 198
143 23
115 214
115 130
115 180
115 106
115 135
115 134
115 139
115 62
115 93
115 154
115 170
115 104
115 118
115 216
115 155
115 9
115 189
115 13
115 175
115 188
115 77
115 75
115 174
115 37
115 35
115 43
115 107
115 16
115 95
115 98
115 65
115 44
115 7
115 141
115 127
115 83
115 213
115 182
115 187
115 53
115 125
115 31
115 124
115 122
115 159
115 92
115 152
115 50
115 171
115 58
115 86
115 3
115 38
115 5
115 192
115 133
115 147
115 206
115 0
115 61
214 130
214 180
214 144
214 106
214 73
214 8
214 154
214 63
214 170
214 195
214 104
214 111
214 118
214 29
214 216
214 9
214 189
214 20
214 77
214 142
214 72
214 174
214 68
214 16
214 190
214 45
214 25
214 79
214 98
214 65
214 7
214 114
214 96
214 213
214 121
214 26
214 182
214 186
214 124
214 120
214 47
214 40
214 209
214 22
214 92
214 54
214 86
214 129
214 38
214 205
214 133
214 163
214 126
214 147
214 0
214 61
214 52
130 193
130 201
130 106
130 90
130 73
130 135
130 63
130 170
130 195
130 111
130 118
130 189
130 140
130 35
130 43
130 68
130 157
130 190
130 91
130 45
130 65
130 59
130 114
130 53
130 186
130 82
130 40
130 110
130 159
130 209
130 210
130 162
130 92
130 184
130 152
130 150
130 148
130 171
130 54
130 74
130 203
130 129
130 38
130 192
130 179
130 119
130 215
130 0
130 23
130 52
180 101
180 90
180 73
180 135
180 154
180 170
180 104
180 29
180 78
180 9
180 189
180 158
180 128
180 77
180 75
180 72
180 18
180 37
180 153
180 190
180 45
180 95
180 98
180 44
180 59
180 141
180 127
180 121
180 26
180 187
180 67
180 124
180 97
180 47
180 116
180 159
180 209
180 210
180 92
180 152
180 60
180 148
180 171
180 58
180 3
180 129
180 192
180 179
180 80
180 126
180 215
180 198
180 164
180 52
144 137
144 73
144 134
144 62
144 8
144 76
144 111
144 29
144 2
144 13
144 175
144 140
144 20
144 158
144 161
144 128
144 87
144 75
144 142
144 174
144 18
144 35
144 153
144 43
144 107
144 190
144 91
144 45
144 83
144 114
144 186
144 120
144 122
144 40
144 110
144 100
144 209
144 22
144 92
144 184
144 146
144 203
144 129
144 38
144 133
144 200
144 119
144 0
144 196
193 194
193 108
193 69
193 90
193 135
193 62
193 102
193 76
193 170
193 195
193 78
193 2
193 140
193 20
193 158
193 161
193 188
193 128
193 77
193 75
193 174
193 35
193 153
193 43
193 107
193 68
193 157
193 45
193 79
193 59
193 141
193 121
193 187
193 125
193 204
193 36
193 100
193 92
193 152
193 50
193 150
193 58
193 86
193 129
193 5
193 205
193 163
193 206
193 215
193 198
193 52
201 101
201 108
201 137
201 69
201 90
201 73
201 8
201 63
201 170
201 29
201 140
201 75
201 174
201 35
201 68
201 157
201 190
201 91
201 45
201 95
201 98
201 65
201 59
201 141
201 96
201 26
201 97
201 207
201 40
201 100
201 159
201 210
201 22
201 162
201 184
201 152
201 150
201 148
201 171
201 86
201 203
201 5
201 133
201 112
201 206
201 0
201 164
201 196
201 52
194 137
194 69
194 134
194 139
194 62
194 102
194 195
194 104
194 111
194 29
194 2
194 189
194 161
194 188
194 128
194 77
194 18
194 35
194 153
194 107
194 68
194 157
194 98
194 65
194 44
194 7
194 59
194 127
194 213
194 182
194 125
194 124
194 204
194 149
194 116
194 100
194 162
194 50
194 148
194 171
194 58
194 129
194 163
194 179
194 80
194 147
194 206
194 23
194 196
194 52
106 90
106 139
106 62
106 93
106 102
106 154
106 63
106 76
106 104
106 111
106 118
106 78
106 216
106 9
106 175
106 161
106 188
106 77
106 72
106 153
106 107
106 16
106 91
106 167
106 98
106 65
106 59
106 141
106 127
106 83
106 121
106 67
106 186
106 124
106 120
106 47
106 40
106 110
106 100
106 159
106 210
106 162
106 184
106 60
106 148
106 54
106 86
106 55
106 203
106 3
106 205
106 112
106 179
106 113
106 147
106 215
106 198
106 23
106 164
106 196
106 61
101 137
101 135
101 62
101 8
101 102
101 63
101 76
101 170
101 104
101 29
101 216
101 189
101 13
101 77
101 75
101 72
101 174
101 18
101 35
101 91
101 45
101 25
101 65
101 7
101 127
101 83
101 114
101 213
101 26
101 187
101 53
101 47
101 82
101 40
101 100
101 159
101 210
101 162
101 60
101 146
101 171
101 58
101 86
101 74
101 129
101 192
101 133
101 112
101 163
101 113
101 80
101 206
101 0
108 137
108 135
108 62
108 102
108 154
108 63
108 170
108 195
108 104
108 118
108 78
108 155
108 27
108 128
108 75
108 107
108 157
108 91
108 45
108 98
108 65
108 44
108 59
108 96
108 213
108 26
108 187
108 124
108 120
108 97
108 36
108 82
108 40
108 209
108 22
108 92
108 152
108 60
108 50
108 150
108 148
108 171
108 58
108 74
108 55
108 3
108 129
108 38
108 133
108 163
108 179
108 126
108 119
108 164
108 52
137 69
137 90
137 73
137 134
137 102
137 63
137 104
137 111
137 78
137 155
137 2
137 140
137 20
137 128
137 77
137 75
137 37
137 35
137 153
137 68
137 16
137 91
137 95
137 79
137 98
137 44
137 127
137 83
137 114
137 213
137 182
137 187
137 67
137 125
137 97
137 47
137 36
137 116
137 82
137 207
137 110
137 100
137 159
137 22
137 92
137 184
137 146
137 150
137 171
137 86
137 74
137 3
137 129
137 179
137 126
137 147
137 215
137 0
137 164
137 196
137 61
69 73
69 135
69 8
69 102
69 170
69 195
69 111
69 78
69 216
69 2
69 9
69 189
69 20
69 161
69 188
69 128
69 87
69 75
69 72
69 37
69 35
69 68
69 45
69 167
69 65
69 127
69 187
69 186
69 124
69 204
69 97
69 122
69 116
69 207
69 162
69 152
69 60
69 50
69 150
69 148
69 54
69 58
69 86
69 203
69 38
69 5
69 192
69 113
69 126
69 200
69 119
69 215
69 0
69 164
69 52
90 73
90 135
90 139
90 8
90 102
90 154
90 63
90 111
90 118
90 29
90 78
90 216
90 155
90 2
90 189
90 13
90 20
90 128
90 174
90 157
90 16
90 91
90 45
90 44
90 83
90 96
90 125
90 97
90 110
90 159
90 209
90 162
90 184
90 152
90 60
90 148
90 54
90 74
90 55
90 3
90 38
90 205
90 133
90 113
90 80
90 206
90 215
90 0
90 198
90 23
90 61
73 139
73 8
73 93
73 111
73 29
73 78
73 175
73 20
73 161
73 188
73 87
73 174
73 68
73 16
73 190
73 167
73 79
73 98
73 65
73 44
73 141
73 127
73 187
73 149
73 97
73 116
73 207
73 110
73 92
73 152
73 60
73 146
73 150
73 148
73 171
73 58
73 74
73 55
73 3
73 129
73 38
73 5
73 112
73 163
73 179
73 113
73 200
73 119
73 215
73 198
73 23
73 164
73 61
135 104
135 111
135 216
135 9
135 189
135 13
135 27
135 175
135 161
135 72
135 107
135 157
135 190
135 45
135 167
135 25
135 98
135 65
135 44
135 7
135 59
135 127
135 83
135 114
135 96
135 121
135 182
135 187
135 31
135 149
135 122
135 47
135 82
135 159
135 210
135 22
135 162
135 152
135 50
135 150
135 54
135 58
135 86
135 74
135 55
135 203
135 3
135 38
135 112
135 163
135 179
135 113
135 206
135 119
135 0
135 164
134 63
134 170
134 195
134 104
134 118
134 78
134 216
134 9
134 175
134 158
134 128
134 77
134 72
134 174
134 107
134 68
134 167
134 25
134 65
134 127
134 83
134 96
134 213
134 182
134 53
134 31
134 124
134 204
134 149
134 36
134 40
134 159
134 209
134 22
134 162
134 92
134 60
134 150
134 54
134 58
134 74
134 5
134 192
134 133
134 126
134 215
134 164
134 52
139 62
139 29
139 78
139 155
139 2
139 27
139 175
139 140
139 158
139 161
139 77
139 142
139 72
139 37
139 16
139 91
139 25
139 127
139 114
139 182
139 187
139 53
139 124
139 122
139 82
139 207
139 159
139 22
139 162
139 60
139 50
139 148
139 54
139 55
139 203
139 3
139 5
139 205
139 192
139 163
139 179
139 113
139 52
62 93
62 102
62 76
62 170
62 195
62 29
62 216
62 2
62 189
62 13
62 27
62 175
62 188
62 72
62 167
62 25
62 79
62 65
62 44
62 59
62 127
62 83
62 121
62 26
62 31
62 122
62 47
62 36
62 82
62 207
62 110
62 159
62 209
62 210
62 162
62 152
62 146
62 171
62 58
62 86
62 74
62 55
62 203
62 5
62 113
62 126
62 147
62 215
62 198
62 52
8 154
8 63
8 195
8 104
8 111
8 78
8 216
8 155
8 9
8 87
8 77
8 142
8 37
8 153
8 190
8 91
8 65
8 141
8 127
8 96
8 187
8 67
8 186
8 31
8 124
8 204
8 149
8 120
8 97
8 100
8 159
8 209
8 210
8 92
8 146
8 171
8 74
8 55
8 192
8 133
8 112
8 179
8 80
8 126
8 206
8 119
8 164
8 196
93 195
93 118
93 78
93 216
93 2
93 175
93 20
93 158
93 128
93 87
93 77
93 72
93 37
93 35
93 43
93 157
93 7
93 83
93 96
93 213
93 121
93 26
93 182
93 187
93 31
93 124
93 120
93 97
93 122
93 47
93 36
93 40
93 210
93 22
93 92
93 150
93 148
93 86
93 55
93 3
93 38
93 192
93 133
93 112
93 163
93 126
93 206
93 119
93 215
93 0
93 23
93 196
93 61
93 52
102 154
102 111
102 118
102 78
102 216
102 2
102 9
102 13
102 161
102 128
102 87
102 77
102 18
102 43
102 68
102 16
102 95
102 98
102 65
102 7
102 141
102 127
102 83
102 114
102 26
102 187
102 53
102 31
102 204
102 149
102 97
102 122
102 207
102 209
102 22
102 92
102 184
102 60
102 150
102 171
102 54
102 86
102 5
102 205
102 192
102 179
102 126
102 147
102 0
102 198
102 23
102 164
154 63
154 104
154 118
154 29
154 78
154 13
154 20
154 158
154 161
154 188
154 75
154 72
154 37
154 107
154 68
154 157
154 190
154 95
154 167
154 79
154 65
154 213
154 121
154 53
154 186
154 120
154 97
154 110
154 209
154 210
154 22
154 184
154 150
154 54
154 74
154 55
154 3
154 129
154 5
154 113
154 80
154 147
154 200
154 119
154 215
154 198
154 61
63 170
63 118
63 29
63 78
63 216
63 2
63 189
63 27
63 161
63 188
63 77
63 174
63 43
63 68
63 16
63 190
63 167
63 98
63 7
63 83
63 114
63 96
63 26
63 182
63 187
63 53
63 186
63 125
63 124
63 204
63 149
63 120
63 207
63 110
63 100
63 210
63 22
63 152
63 50
63 148
63 55
63 203
63 3
63 129
63 38
63 192
63 113
63 80
63 200
63 198
63 196
63 52
76 170
76 195
76 104
76 118
76 78
76 2
76 9
76 27
76 20
76 158
76 37
76 16
76 190
76 45
76 95
76 167
76 98
76 83
76 114
76 96
76 213
76 26
76 187
76 67
76 186
76 124
76 97
76 122
76 47
76 82
76 40
76 110
76 100
76 209
76 210
76 162
76 60
76 146
76 50
76 150
76 148
76 171
76 54
76 58
76 3
76 129
76 133
76 112
76 163
76 179
76 113
76 80
76 0
76 23
170 29
170 78
170 216
170 2
170 13
170 158
170 161
170 75
170 142
170 72
170 174
170 18
170 68
170 190
170 95
170 167
170 83
170 114
170 213
170 182
170 67
170 124
170 204
170 122
170 47
170 36
170 116
170 159
170 210
170 22
170 92
170 146
170 148
170 54
170 58
170 86
170 55
170 129
170 5
170 192
170 112
170 179
170 113
170 200
170 61
195 29
195 78
195 13
195 27
195 175
195 20
195 87
195 142
195 16
195 190
195 91
195 25
195 65
195 59
195 141
195 96
195 213
195 187
195 67
195 125
195 31
195 124
195 204
195 120
195 36
195 82
195 110
195 209
195 22
195 60
195 171
195 54
195 58
195 86
195 203
195 5
195 205
195 192
195 179
195 80
195 200
195 206
195 215
195 0
195 23
195 164
104 118
104 216
104 155
104 2
104 27
104 158
104 161
104 128
104 75
104 35
104 43
104 107
104 68
104 25
104 79
104 98
104 7
104 59
104 83
104 26
104 67
104 186
104 125
104 124
104 149
104 120
104 36
104 116
104 207
104 159
104 210
104 162
104 146
104 150
104 171
104 54
104 58
104 74
104 3
104 205
104 112
104 163
104 80
104 147
104 196
104 61
111 118
111 216
111 9
111 189
111 140
111 158
111 188
111 128
111 77
111 72
111 174
111 35
111 157
111 45
111 98
111 59
111 114
111 96
111 121
111 67
111 186
111 125
111 124
111 97
111 122
111 116
111 82
111 207
111 100
111 210
111 92
111 60
111 146
111 50
111 171
111 54
111 58
111 74
111 55
111 3
111 129
111 5
111 192
111 179
111 206
111 119
111 52
118 29
118 78
118 155
118 2
118 9
118 140
118 161
118 128
118 75
118 142
118 174
118 157
118 16
118 45
118 44
118 96
118 26
118 53
118 186
118 125
118 31
118 204
118 149
118 36
118 92
118 152
118 146
118 150
118 54
118 86
118 74
118 55
118 203
118 129
118 38
118 133
118 112
118 113
118 206
118 215
118 0
118 198
118 196
118 61
29 216
29 155
29 2
29 189
29 27
29 161
29 128
29 87
29 142
29 72
29 174
29 190
29 45
29 95
29 25
29 79
29 98
29 7
29 127
29 96
29 213
29 182
29 187
29 53
29 186
29 122
29 47
29 36
29 116
29 207
29 40
29 110
29 159
29 209
29 210
29 162
29 92
29 50
29 74
29 5
29 192
29 133
29 113
29 147
29 198
29 164
29 196
78 216
78 155
78 2
78 9
78 140
78 20
78 87
78 77
78 75
78 174
78 18
78 43
78 107
78 68
78 91
78 95
78 167
78 79
78 65
78 44
78 7
78 141
78 127
78 182
78 186
78 125
78 204
78 47
78 116
78 82
78 207
78 209
78 210
78 22
78 162
78 92
78 50
78 171
78 86
78 74
78 203
78 129
78 5
78 205
78 192
78 163
78 179
78 113
78 147
78 119
78 0
78 23
78 196
78 52
216 175
216 128
216 77
216 142
216 72
216 174
216 18
216 37
216 35
216 43
216 107
216 16
216 79
216 98
216 44
216 59
216 213
216 121
216 182
216 187
216 53
216 186
216 31
216 204
216 120
216 97
216 116
216 207
216 22
216 162
216 92
216 171
216 58
216 3
216 38
216 5
216 192
216 112
216 163
216 179
216 80
216 200
216 0
216 61
155 9
155 27
155 140
155 77
155 142
155 72
155 174
155 43
155 16
155 190
155 25
155 65
155 44
155 213
155 53
155 186
155 125
155 31
155 120
155 82
155 210
155 152
155 60
155 146
155 50
155 150
155 148
155 86
155 55
155 112
155 80
155 126
155 200
155 206
155 119
155 0
155 198
155 23
2 189
2 13
2 161
2 87
2 75
2 37
2 35
2 43
2 68
2 157
2 91
2 7
2 141
2 114
2 26
2 182
2 187
2 125
2 124
2 36
2 40
2 210
2 22
2 162
2 92
2 146
2 150
2 86
2 74
2 5
2 205
2 192
2 112
2 113
2 126
2 119
2 23
2 164
2 61
2 52
9 27
9 140
9 161
9 87
9 77
9 75
9 142
9 72
9 35
9 153
9 43
9 157
9 91
9 95
9 25
9 98
9 59
9 83
9 114
9 213
9 121
9 187
9 67
9 186
9 124
9 204
9 149
9 120
9 97
9 47
9 116
9 110
9 209
9 184
9 152
9 60
9 50
9 148
9 74
9 55
9 203
9 3
9 38
9 112
9 119
9 215
9 0
9 198
9 23
9 164
9 196
189 175
189 158
189 188
189 128
189 87
189 174
189 37
189 68
189 157
189 25
189 141
189 127
189 83
189 114
189 96
189 121
189 67
189 53
189 125
189 31
189 204
189 122
189 116
189 207
189 100
189 159
189 209
189 92
189 58
189 74
189 55
189 3
189 129
189 133
189 112
189 163
189 198
189 196
189 61
13 140
13 20
13 128
13 87
13 77
13 75
13 72
13 18
13 153
13 107
13 16
13 190
13 45
13 167
13 25
13 98
13 65
13 44
13 7
13 141
13 127
13 83
13 96
13 187
13 67
13 53
13 31
13 124
13 120
13 122
13 36
13 82
13 40
13 110
13 159
13 210
13 162
13 92
13 184
13 146
13 50
13 150
13 148
13 171
13 54
13 74
13 203
13 38
13 5
13 205
13 163
13 179
13 147
13 200
13 119
13 23
13 61
27 142
27 174
27 18
27 35
27 43
27 91
27 65
27 44
27 7
27 141
27 114
27 96
27 213
27 121
27 182
27 187
27 67
27 53
27 186
27 124
27 204
27 122
27 116
27 82
27 207
27 40
27 100
27 159
27 210
27 22
27 60
27 50
27 55
27 203
27 3
27 5
27 113
27 80
27 126
27 147
27 215
27 198
27 61
175 140
175 20
175 158
175 161
175 188
175 142
175 174
175 18
175 68
175 157
175 16
175 91
175 95
175 79
175 141
175 127
175 83
175 26
175 182
175 187
175 120
175 122
175 116
175 82
175 100
175 159
175 162
175 92
175 152
175 60
175 146
175 50
175 148
175 58
175 74
175 203
175 3
175 129
175 205
175 112
175 163
175 147
175 119
175 198
175 61
175 52
140 128
140 77
140 18
140 37
140 68
140 91
140 95
140 167
140 98
140 59
140 127
140 83
140 96
140 53
140 186
140 149
140 120
140 122
140 40
140 100
140 60
140 150
140 148
140 203
140 38
140 5
140 206
140 0
140 198
140 164
140 61
20 158
20 161
20 77
20 18
20 37
20 153
20 43
20 157
20 91
20 45
20 95
20 25
20 59
20 141
20 83
20 120
20 116
20 110
20 209
20 210
20 22
20 162
20 92
20 152
20 146
20 148
20 86
20 55
20 203
20 38
20 5
20 205
20 112
20 179
20 147
20 215
20 196
20 52
158 188
158 128
158 87
158 72
158 35
158 153
158 91
158 167
158 44
158 83
158 213
158 121
158 187
158 125
158 204
158 116
158 40
158 209
158 162
158 92
158 184
158 152
158 146
158 50
158 150
158 74
158 203
158 129
158 192
158 113
158 80
158 147
158 119
158 215
158 198
158 23
161 128
161 75
161 142
161 18
161 37
161 68
161 65
161 7
161 141
161 83
161 96
161 213
161 121
161 187
161 53
161 186
161 204
161 122
161 36
161 82
161 110
161 210
161 92
161 150
161 171
161 86
161 203
161 5
161 192
161 112
161 80
161 52
188 87
188 77
188 72
188 18
188 68
188 157
188 190
188 95
188 98
188 65
188 7
188 96
188 213
188 121
188 26
188 67
188 186
188 31
188 124
188 204
188 36
188 116
188 82
188 40
188 209
188 22
188 184
188 152
188 60
188 146
188 150
188 171
188 86
188 55
188 3
188 5
188 192
188 133
188 147
188 200
188 119
188 215
188 0
188 23
188 196
188 52
128 87
128 75
128 142
128 37
128 35
128 16
128 190
128 45
128 167
128 25
128 98
128 44
128 7
128 59
128 114
128 182
128 187
128 125
128 31
128 149
128 120
128 47
128 36
128 116
128 207
128 100
128 209
128 22
128 162
128 92
128 60
128 150
128 148
128 54
128 58
128 55
128 203
128 38
128 5
128 133
128 112
128 179
128 206
128 198
87 77
87 142
87 43
87 107
87 68
87 16
87 45
87 95
87 167
87 25
87 79
87 7
87 141
87 83
87 114
87 26
87 125
87 31
87 124
87 97
87 207
87 22
87 162
87 50
87 54
87 58
87 55
87 3
87 129
87 38
87 192
87 133
87 80
87 126
87 215
87 0
87 198
77 142
77 72
77 174
77 43
77 16
77 190
77 91
77 45
77 25
77 98
77 59
77 127
77 26
77 67
77 125
77 31
77 204
77 149
77 97
77 122
77 36
77 82
77 40
77 159
77 162
77 92
77 60
77 54
77 86
77 38
77 5
77 80
77 119
77 215
77 196
75 142
75 72
75 37
75 153
75 43
75 68
75 190
75 91
75 45
75 167
75 79
75 65
75 44
75 7
75 141
75 83
75 114
75 182
75 67
75 186
75 125
75 204
75 120
75 97
75 122
75 47
75 116
75 110
75 210
75 184
75 60
75 146
75 148
75 171
75 74
75 203
75 205
75 133
75 163
75 179
75 80
75 126
75 119
75 215
75 23
75 52
142 174
142 18
142 157
142 167
142 65
142 44
142 59
142 96
142 26
142 182
142 53
142 31
142 124
142 149
142 120
142 122
142 47
142 36
142 207
142 100
142 159
142 162
142 152
142 171
142 54
142 55
142 38
142 192
142 113
142 80
142 126
142 206
142 119
142 198
72 18
72 37
72 35
72 153
72 43
72 107
72 157
72 91
72 45
72 95
72 25
72 79
72 44
72 7
72 213
72 121
72 182
72 187
72 31
72 47
72 36
72 159
72 210
72 22
72 162
72 184
72 148
72 171
72 58
72 74
72 55
72 3
72 205
72 163
72 179
72 113
72 80
72 147
72 200
72 215
72 198
72 196
72 61
174 18
174 35
174 153
174 43
174 68
174 157
174 16
174 167
174 65
174 7
174 141
174 127
174 83
174 187
174 125
174 31
174 204
174 120
174 97
174 82
174 207
174 40
174 110
174 22
174 92
174 50
174 150
174 86
174 55
174 203
174 3
174 205
174 192
174 163
174 113
174 147
174 200
174 119
174 198
174 23
174 196
18 37
18 153
18 43
18 68
18 16
18 95
18 65
18 59
18 127
18 83
18 182
18 186
18 204
18 207
18 40
18 110
18 159
18 210
18 22
18 162
18 92
18 184
18 152
18 60
18 146
18 50
18 150
18 171
18 58
18 55
18 38
18 205
18 133
18 179
18 113
18 80
18 164
37 153
37 107
37 157
37 25
37 83
37 121
37 53
37 186
37 125
37 124
37 149
37 97
37 116
37 159
37 209
37 210
37 22
37 50
37 58
37 203
37 38
37 205
37 192
37 133
37 112
37 179
37 113
37 147
37 200
37 0
37 164
37 61
37 52
35 43
35 157
35 167
35 25
35 141
35 96
35 26
35 182
35 67
35 186
35 125
35 124
35 204
35 122
35 47
35 36
35 116
35 159
35 184
35 60
35 50
35 150
35 58
35 86
35 74
35 192
35 112
35 163
35 126
35 200
35 215
35 198
35 164
35 61
153 43
153 16
153 190
153 45
153 95
153 167
153 25
153 79
153 98
153 44
153 59
153 127
153 213
153 187
153 67
153 122
153 47
153 36
153 82
153 207
153 40
153 110
153 159
153 210
153 92
153 146
153 148
153 171
153 74
153 5
153 205
153 192
153 163
153 179
153 113
153 206
153 119
153 23
153 164
43 68
43 190
43 45
43 167
43 79
43 98
43 65
43 127
43 96
43 26
43 187
43 53
43 124
43 36
43 207
43 40
43 209
43 92
43 146
43 58
43 55
43 129
43 112
43 163
43 80
43 206
43 119
43 215
43 23
43 52
107 68
107 91
107 45
107 65
107 44
107 114
107 213
107 121
107 53
107 186
107 31
107 120
107 97
107 36
107 209
107 162
107 152
107 146
107 171
107 74
107 55
107 203
107 3
107 5
107 205
107 192
107 112
107 179
107 126
107 147
107 119
107 215
107 0
107 198
107 164
68 157
68 25
68 79
68 65
68 44
68 59
68 141
68 127
68 83
68 114
68 96
68 213
68 182
68 187
68 67
68 186
68 124
68 204
68 149
68 122
68 36
68 110
68 209
68 210
68 92
68 150
68 54
68 86
68 55
68 5
68 133
68 179
68 126
68 200
68 215
68 23
68 196
68 52
157 16
157 91
157 25
157 79
157 44
157 7
157 114
157 96
157 121
157 26
157 53
157 125
157 31
157 124
157 122
157 47
157 116
157 82
157 207
157 110
157 159
157 210
157 162
157 184
157 171
157 38
157 5
157 112
157 163
157 80
157 200
157 119
157 196
157 61
157 52
16 190
16 45
16 167
16 25
16 65
16 83
16 114
16 96
16 26
16 187
16 67
16 186
16 125
16 47
16 116
16 82
16 207
16 110
16 100
16 162
16 92
16 184
16 60
16 146
16 50
16 148
16 54
16 55
16 5
16 205
16 192
16 179
16 113
16 147
16 206
16 23
16 164
16 61
16 52
190 167
190 25
190 79
190 127
190 83
190 121
190 187
190 53
190 125
190 204
190 97
190 122
190 36
190 207
190 110
190 100
190 159
190 210
190 22
190 92
190 148
190 55
190 3
190 129
190 38
190 5
190 205
190 192
190 112
190 113
190 80
190 200
190 206
190 119
190 23
91 45
91 95
91 98
91 65
91 83
91 26
91 182
91 187
91 53
91 186
91 125
91 31
91 124
91 204
91 149
91 97
91 82
91 207
91 159
91 210
91 92
91 60
91 148
91 171
91 58
91 86
91 205
91 112
91 163
91 179
91 113
91 80
91 147
91 215
91 61
45 95
45 98
45 7
45 127
45 121
45 26
45 186
45 149
45 97
45 47
45 36
45 82
45 207
45 40
45 210
45 50
45 86
45 55
45 203
45 179
45 126
45 147
45 206
45 119
45 215
45 0
45 198
45 164
95 25
95 44
95 127
95 96
95 26
95 53
95 120
95 122
95 116
95 82
95 184
95 152
95 60
95 50
95 150
95 58
95 74
95 55
95 203
95 205
95 192
95 163
95 80
95 147
95 206
95 215
95 0
95 164
167 25
167 79
167 98
167 44
167 7
167 141
167 127
167 182
167 67
167 53
167 31
167 204
167 149
167 47
167 36
167 100
167 159
167 92
167 150
167 148
167 86
167 55
167 3
167 5
167 192
167 133
167 112
167 163
167 179
167 80
167 206
167 119
167 196
167 61
25 44
25 127
25 26
25 187
25 186
25 125
25 124
25 120
25 97
25 122
25 47
25 36
25 116
25 209
25 210
25 152
25 60
25 146
25 150
25 148
25 58
25 55
25 129
25 5
25 192
25 112
25 113
25 126
25 206
25 198
25 23
79 26
79 187
79 67
79 124
79 47
79 116
79 40
79 100
79 159
79 209
79 22
79 184
79 152
79 60
79 146
79 50
79 58
79 86
79 74
79 3
79 5
79 192
79 133
79 112
79 163
79 80
79 126
79 215
79 198
79 196
79 52
98 44
98 59
98 83
98 96
98 182
98 125
98 124
98 204
98 149
98 120
98 47
98 36
98 82
98 40
98 100
98 210
98 92
98 60
98 50
98 150
98 171
98 86
98 55
98 203
98 38
98 205
98 179
98 126
98 200
98 206
98 119
98 0
98 164
98 52
65 59
65 83
65 182
65 187
65 53
65 97
65 116
65 82
65 209
65 162
65 146
65 171
65 74
65 3
65 38
65 5
65 192
65 163
65 80
65 147
65 206
65 23
65 61
44 59
44 83
44 213
44 67
44 125
44 124
44 204
44 116
44 82
44 100
44 22
44 60
44 150
44 58
44 55
44 3
44 129
44 38
44 5
44 192
44 112
44 179
44 147
44 200
44 119
44 198
44 61
44 52
7 59
7 141
7 127
7 213
7 26
7 67
7 53
7 204
7 120
7 47
7 36
7 40
7 152
7 146
7 150
7 148
7 54
7 203
7 5
7 205
7 113
7 119
7 215
7 198
59 121
59 182
59 53
59 125
59 31
59 204
59 149
59 120
59 207
59 100
59 209
59 162
59 184
59 60
59 146
59 148
59 86
59 203
59 129
59 179
59 113
59 80
59 126
59 147
59 200
59 215
59 0
59 198
59 23
59 164
59 196
59 52
141 83
141 114
141 96
141 121
141 182
141 67
141 53
141 31
141 204
141 120
141 116
141 82
141 110
141 100
141 159
141 210
141 22
141 152
141 50
141 148
141 171
141 54
141 55
141 3
141 38
141 206
141 0
141 61
141 52
127 83
127 26
127 182
127 186
127 125
127 124
127 204
127 97
127 36
127 110
127 100
127 184
127 60
127 148
127 58
127 55
127 205
127 192
127 113
127 126
127 200
127 206
127 164
127 52
83 26
83 67
83 204
83 97
83 122
83 116
83 207
83 40
83 100
83 159
83 152
83 146
83 54
83 203
83 5
83 192
83 133
83 147
83 200
83 206
83 119
83 215
83 164
83 52
114 96
114 26
114 182
114 53
114 186
114 125
114 120
114 82
114 100
114 159
114 92
114 152
114 60
114 146
114 148
114 171
114 54
114 86
114 55
114 129
114 192
114 133
114 112
114 163
114 179
114 126
114 147
114 206
114 164
114 61
114 52
96 121
96 26
96 182
96 36
96 116
96 82
96 207
96 209
96 210
96 184
96 146
96 58
96 86
96 129
96 192
96 112
96 113
96 200
96 119
96 215
96 0
96 196
213 186
213 31
213 124
213 149
213 120
213 36
213 40
213 159
213 210
213 22
213 50
213 171
213 55
213 38
213 192
213 133
213 113
213 80
213 126
213 200
213 206
213 119
213 0
213 61
121 26
121 182
121 186
121 125
121 31
121 122
121 207
121 40
121 110
121 159
121 210
121 22
121 184
121 146
121 74
121 55
121 129
121 5
121 205
121 133
121 179
121 113
121 126
121 206
121 119
121 196
26 187
26 67
26 125
26 31
26 204
26 122
26 82
26 207
26 100
26 159
26 209
26 92
26 184
26 152
26 60
26 171
26 58
26 74
26 55
26 203
26 129
26 5
26 192
26 112
26 147
26 200
26 119
26 215
26 0
26 164
26 61
182 187
182 53
182 31
182 124
182 204
182 116
182 207
182 110
182 100
182 184
182 50
182 150
182 148
182 171
182 58
182 86
182 55
182 129
182 192
182 179
182 113
182 80
182 206
182 215
182 198
182 61
187 67
187 122
187 47
187 82
187 110
187 159
187 209
187 210
187 92
187 184
187 152
187 146
187 150
187 148
187 171
187 54
187 86
187 74
187 3
187 129
187 38
187 205
187 192
187 163
187 80
187 126
187 147
187 119
187 215
187 0
187 164
187 196
67 186
67 31
67 149
67 97
67 122
67 82
67 207
67 110
67 159
67 209
67 162
67 184
67 60
67 50
67 171
67 54
67 86
67 203
67 192
67 112
67 179
67 113
67 206
67 119
67 23
67 61
53 186
53 125
53 124
53 149
53 47
53 116
53 207
53 40
53 159
53 210
53 92
53 60
53 146
53 50
53 54
53 86
53 74
53 203
53 205
53 133
53 179
53 80
53 206
53 23
53 164
53 61
53 52
186 31
186 204
186 149
186 97
186 122
186 47
186 36
186 207
186 210
186 184
186 152
186 146
186 50
186 150
186 58
186 74
186 3
186 38
186 205
186 192
186 133
186 112
186 163
186 80
186 126
186 147
186 198
186 196
186 52
125 31
125 124
125 120
125 116
125 207
125 40
125 100
125 22
125 92
125 184
125 148
125 171
125 54
125 58
125 74
125 192
125 133
125 112
125 179
125 113
125 80
125 147
125 200
125 119
125 215
125 198
125 23
125 52
31 149
31 120
31 97
31 47
31 36
31 100
31 159
31 162
31 92
31 148
31 171
31 58
31 86
31 38
31 205
31 192
31 133
31 163
31 179
31 200
31 215
31 0
31 198
31 23
31 164
31 61
124 120
124 36
124 116
124 82
124 100
124 159
124 209
124 22
124 162
124 148
124 58
124 74
124 55
124 129
124 38
124 5
124 205
124 192
124 179
124 206
124 215
124 0
124 196
124 52
204 97
204 122
204 47
204 36
204 116
204 209
204 22
204 92
204 184
204 152
204 60
204 50
204 150
204 148
204 54
204 86
204 55
204 192
204 133
204 113
204 147
204 200
204 164
149 97
149 47
149 207
149 40
149 110
149 159
149 92
149 152
149 60
149 146
149 171
149 58
149 74
149 203
149 129
149 192
149 147
149 200
149 23
149 52
120 47
120 36
120 110
120 100
120 209
120 162
120 92
120 152
120 146
120 50
120 150
120 148
120 171
120 54
120 203
120 129
120 205
120 192
120 113
120 80
120 200
120 206
120 215
120 0
120 164
97 122
97 36
97 40
97 100
97 159
97 22
97 60
97 50
97 171
97 54
97 86
97 74
97 3
97 38
97 192
97 112
97 163
97 200
97 206
97 198
97 23
97 164
122 116
122 207
122 40
122 100
122 159
122 184
122 152
122 148
122 54
122 55
122 3
122 192
122 163
122 113
122 147
122 200
122 215
122 61
122 52
47 36
47 116
47 207
47 40
47 92
47 152
47 150
47 148
47 54
47 58
47 86
47 203
47 5
47 133
47 112
47 179
47 113
47 80
47 126
47 147
47 200
47 215
47 0
36 207
36 100
36 159
36 210
36 50
36 86
36 74
36 3
36 38
36 205
36 192
36 163
36 179
36 80
36 206
36 164
36 61
116 100
116 210
116 152
116 148
116 58
116 55
116 129
116 38
116 133
116 163
116 179
116 119
82 40
82 210
82 162
82 50
82 148
82 171
82 54
82 58
82 55
82 3
82 5
82 192
82 112
82 80
82 215
82 198
82 23
82 196
82 61
82 52
207 40
207 209
207 92
207 50
207 171
207 203
207 38
207 5
207 205
207 133
207 112
207 147
207 215
40 210
40 92
40 146
40 50
40 150
40 86
40 55
40 203
40 3
40 38
40 5
40 133
40 163
40 126
40 200
40 206
40 119
40 0
40 164
40 61
40 52
110 100
110 209
110 152
110 146
110 150
110 54
110 58
110 86
110 5
110 205
110 206
110 215
110 0
110 61
100 159
100 209
100 210
100 60
100 50
100 150
100 148
100 54
100 55
100 129
100 38
100 5
100 133
100 112
100 80
100 206
100 198
100 23
100 52
159 22
159 162
159 92
159 184
159 146
159 150
159 148
159 54
159 58
159 86
159 74
159 55
159 203
159 3
159 38
159 163
159 179
159 80
159 206
159 119
159 23
159 164
159 196
159 61
209 162
209 152
209 60
209 146
209 148
209 171
209 74
209 55
209 5
209 192
209 163
209 113
209 126
209 206
209 119
209 196
209 61
210 22
210 146
210 171
210 3
210 205
210 192
210 133
210 179
210 80
210 126
210 119
210 198
210 23
210 196
210 52
22 162
22 184
22 146
22 50
22 150
22 58
22 203
22 3
22 129
22 38
22 5
22 205
22 192
22 113
22 126
22 147
22 200
22 206
22 119
22 215
22 0
22 23
22 164
22 61
22 52
162 92
162 152
162 148
162 3
162 129
162 5
162 112
162 163
162 126
162 147
162 206
162 119
162 215
162 196
92 184
92 146
92 74
92 3
92 5
92 205
92 192
92 163
92 80
92 126
92 147
92 215
92 196
184 50
184 171
184 58
184 86
184 74
184 205
184 192
184 112
184 179
184 200
184 206
184 0
184 164
152 150
152 148
152 86
152 203
152 3
152 192
152 163
152 179
152 80
152 215
152 0
152 198
152 196
152 52
60 146
60 150
60 148
60 54
60 3
60 129
60 205
60 126
60 200
60 206
60 215
60 198
60 164
60 61
146 148
146 171
146 86
146 203
146 205
146 113
146 80
146 147
146 215
146 0
146 198
146 52
50 86
50 192
50 179
50 126
50 200
50 198
150 55
150 3
150 129
150 192
150 133
150 112
150 113
150 80
150 126
150 147
150 198
150 23
150 61
148 58
148 86
148 55
148 203
148 129
148 5
148 112
148 147
148 200
148 206
148 119
148 215
148 198
148 23
148 164
148 196
148 52
171 54
171 129
171 38
171 179
171 147
171 200
171 119
171 215
171 0
171 23
171 164
171 61
54 74
54 203
54 3
54 205
54 112
54 163
54 113
54 80
54 126
54 200
54 206
54 196
58 74
58 55
58 203
58 38
58 112
58 163
58 200
58 0
58 198
58 23
86 179
86 200
86 119
86 196
86 61
86 52
74 5
74 192
74 112
74 126
74 200
74 206
74 119
74 215
74 0
74 23
74 164
74 196
74 61
55 129
55 5
55 192
55 133
55 179
55 147
55 200
55 206
55 119
55 215
55 198
55 164
55 61
203 3
203 129
203 38
203 5
203 205
203 192
203 133
203 179
203 206
203 119
203 164
3 129
3 133
3 112
3 113
3 200
3 198
3 23
3 52
129 38
129 205
129 192
129 133
129 113
129 147
129 206
129 119
129 215
129 0
129 198
129 196
129 61
129 52
38 5
38 112
38 179
38 80
38 126
38 147
38 200
38 206
38 0
38 198
38 61
5 192
5 163
5 126
5 215
5 0
5 52
205 112
205 163
205 113
205 147
205 215
205 23
205 164
205 61
192 133
192 163
192 179
192 206
192 0
192 198
133 179
133 147
133 119
133 0
133 164
133 196
112 163
112 179
112 147
112 215
112 0
112 23
112 196
112 61
163 113
163 215
163 0
163 23
163 196
179 126
179 200
179 0
113 80
113 126
113 206
113 23
80 119
80 198
80 23
80 164
80 61
126 147
126 215
126 0
126 61
126 52
147 119
147 0
147 196
147 52
200 119
200 215
200 198
200 164
200 196
206 119
206 198
206 164
206 52
119 215
119 0
119 198
119 164
119 61
119 52
215 164
0 52
198 23
23 164
23 61
164 52
196 61
