*verties 219
194
140
198
123
29
181
115
92
75
131
100
19
78
211
8
52
76
14
79
165
202
27
39
134
67
114
174
186
88
213
18
13
208
32
47
95
214
49
119
58
218
101
124
7
71
45
38
70
203
81
127
9
169
144
30
141
152
80
23
109
201
103
135
73
155
96
44
34
120
195
63
130
20
82
11
204
28
136
193
157
72
122
159
102
22
200
86
207
111
0
191
31
41
154
106
178
145
87
162
129
156
185
172
173
112
35
108
171
104
158
146
61
91
56
21
209
3
133
161
170
147
62
177
196
74
40
93
99
60
10
113
53
148
83
46
143
64
12
188
182
97
54
98
215
25
125
197
24
118
138
163
187
107
184
105
210
85
175
42
36
26
176
205
164
166
43
168
5
219
199
48
2
17
89
121
180
116
51
57
128
160
110
189
212
139
206
50
142
153
183
84
132
94
179
4
69
90
137
151
59
126
190
15
117
16
55
77
37
66
68
150
192
149
167
6
65
217
1
216
*edges 
194 140
194 198
194 123
194 29
194 181
194 52
194 76
194 79
194 134
194 18
194 13
194 95
194 214
194 58
194 124
194 7
194 38
194 127
194 9
194 30
194 141
194 109
194 73
194 155
194 44
194 34
194 28
194 185
194 171
194 158
194 170
194 74
194 40
194 113
194 64
194 182
194 25
194 210
194 42
194 205
194 43
194 5
194 199
194 2
194 121
194 189
194 139
194 206
194 183
194 137
194 190
194 77
194 217
140 198
140 115
140 134
140 67
140 186
140 213
140 18
140 208
140 47
140 58
140 101
140 103
140 135
140 73
140 28
140 136
140 193
140 72
140 22
140 200
140 0
140 87
140 162
140 173
140 35
140 104
140 158
140 209
140 147
140 177
140 60
140 53
140 83
140 143
140 64
140 98
140 24
140 187
140 210
140 36
140 205
140 166
140 43
140 2
140 160
140 212
140 139
140 206
140 153
140 183
140 179
140 151
140 59
140 15
140 16
140 77
140 66
140 150
198 211
198 52
198 14
198 202
198 134
198 114
198 213
198 18
198 13
198 32
198 119
198 218
198 70
198 203
198 109
198 96
198 195
198 20
198 82
198 204
198 159
198 22
198 31
198 106
198 145
198 162
198 156
198 185
198 56
198 170
198 40
198 93
198 10
198 46
198 98
198 125
198 24
198 138
198 36
198 26
198 43
198 48
198 121
198 116
198 189
198 179
198 190
198 37
198 150
123 75
123 79
123 174
123 213
123 47
123 95
123 49
123 58
123 101
123 124
123 203
123 81
123 9
123 141
123 201
123 135
123 44
123 34
123 120
123 136
123 193
123 102
123 200
123 191
123 87
123 108
123 209
123 3
123 62
123 196
123 99
123 10
123 143
123 12
123 54
123 24
123 138
123 163
123 187
123 105
123 85
123 205
123 166
123 219
123 89
123 51
123 57
123 212
123 206
123 142
123 4
123 151
123 190
123 66
123 68
123 192
123 6
29 115
29 52
29 14
29 134
29 67
29 174
29 186
29 208
29 47
29 95
29 119
29 71
29 70
29 9
29 152
29 135
29 73
29 195
29 28
29 122
29 31
29 154
29 87
29 129
29 185
29 172
29 173
29 112
29 171
29 146
29 91
29 133
29 170
29 40
29 93
29 64
29 188
29 182
29 54
29 25
29 125
29 138
29 163
29 105
29 42
29 26
29 176
29 166
29 219
29 121
29 206
29 84
29 132
29 179
29 190
29 37
29 6
29 217
181 52
181 79
181 202
181 186
181 213
181 214
181 49
181 30
181 23
181 96
181 195
181 130
181 204
181 28
181 22
181 154
181 106
181 178
181 172
181 171
181 158
181 146
181 209
181 3
181 133
181 177
181 196
181 74
181 97
181 163
181 175
181 26
181 176
181 205
181 168
181 199
181 116
181 128
181 160
181 110
181 139
181 50
181 153
181 132
181 4
181 90
181 77
181 216
115 92
115 78
115 14
115 202
115 134
115 114
115 213
115 13
115 49
115 218
115 124
115 71
115 45
115 81
115 127
115 9
115 80
115 201
115 135
115 86
115 106
115 156
115 172
115 112
115 133
115 196
115 40
115 148
115 188
115 182
115 54
115 215
115 163
115 36
115 205
115 219
115 48
115 160
115 183
115 84
115 94
115 126
115 15
115 117
115 66
115 150
115 149
115 65
115 216
92 75
92 131
92 19
92 52
92 76
92 67
92 174
92 88
92 13
92 144
92 80
92 201
92 63
92 159
92 111
92 41
92 106
92 87
92 156
92 172
92 173
92 35
92 108
92 91
92 56
92 21
92 209
92 3
92 161
92 60
92 46
92 64
92 25
92 175
92 166
92 219
92 89
92 51
92 57
92 160
92 142
92 153
92 183
92 59
92 190
92 68
92 217
92 1
75 211
75 14
75 165
75 114
75 213
75 208
75 32
75 47
75 49
75 58
75 101
75 70
75 9
75 80
75 109
75 135
75 63
75 193
75 122
75 111
75 31
75 154
75 172
75 61
75 143
75 182
75 54
75 215
75 163
75 210
75 26
75 176
75 164
75 166
75 168
75 2
75 57
75 160
75 183
75 84
75 94
75 90
75 15
75 149
131 211
131 79
131 67
131 88
131 18
131 32
131 47
131 124
131 45
131 169
131 30
131 152
131 80
131 201
131 44
131 195
131 11
131 28
131 22
131 86
131 41
131 35
131 108
131 21
131 148
131 182
131 163
131 184
131 105
131 205
131 199
131 17
131 110
131 142
131 69
131 190
131 15
131 16
131 37
131 167
100 14
100 174
100 186
100 88
100 47
100 218
100 101
100 45
100 169
100 152
100 80
100 23
100 73
100 96
100 195
100 63
100 157
100 159
100 102
100 31
100 154
100 162
100 129
100 173
100 104
100 158
100 146
100 147
100 93
100 60
100 46
100 188
100 182
100 197
100 118
100 163
100 184
100 36
100 26
100 176
100 43
100 199
100 116
100 51
100 57
100 212
100 139
100 183
100 4
100 137
100 126
100 117
100 55
100 150
100 192
100 65
100 217
100 216
19 211
19 8
19 39
19 134
19 186
19 13
19 119
19 58
19 71
19 70
19 203
19 9
19 201
19 135
19 120
19 20
19 11
19 28
19 136
19 193
19 102
19 22
19 207
19 191
19 112
19 108
19 158
19 56
19 133
19 170
19 177
19 74
19 148
19 83
19 182
19 215
19 184
19 42
19 219
19 50
19 183
19 94
19 179
19 4
19 90
19 190
19 149
19 216
78 211
78 165
78 174
78 88
78 18
78 32
78 95
78 58
78 45
78 38
78 70
78 203
78 80
78 103
78 96
78 82
78 11
78 204
78 111
78 191
78 154
78 162
78 173
78 35
78 170
78 62
78 196
78 25
78 125
78 138
78 184
78 42
78 36
78 166
78 5
78 17
78 57
78 160
78 110
78 189
78 142
78 84
78 132
78 69
78 137
78 126
78 190
78 15
78 66
78 68
78 149
78 6
78 216
211 14
211 79
211 202
211 114
211 13
211 119
211 101
211 124
211 71
211 81
211 144
211 201
211 103
211 120
211 195
211 11
211 136
211 122
211 22
211 154
211 185
211 35
211 104
211 146
211 91
211 3
211 147
211 74
211 60
211 53
211 83
211 25
211 125
211 24
211 138
211 163
211 187
211 210
211 176
211 205
211 199
211 48
211 180
211 116
211 57
211 110
211 206
211 132
211 94
211 179
211 4
211 90
211 137
211 16
211 77
8 202
8 134
8 208
8 214
8 49
8 124
8 70
8 152
8 23
8 28
8 136
8 193
8 157
8 122
8 159
8 102
8 22
8 207
8 111
8 191
8 31
8 106
8 172
8 158
8 91
8 133
8 147
8 196
8 74
8 60
8 46
8 215
8 138
8 42
8 36
8 26
8 43
8 219
8 199
8 48
8 180
8 51
8 128
8 160
8 212
8 139
8 142
8 69
8 137
8 190
8 217
52 174
52 213
52 95
52 144
52 135
52 96
52 130
52 20
52 28
52 136
52 193
52 157
52 122
52 86
52 0
52 41
52 162
52 129
52 156
52 185
52 172
52 196
52 93
52 148
52 64
52 97
52 54
52 98
52 215
52 25
52 138
52 163
52 187
52 36
52 26
52 176
52 43
52 5
52 116
52 160
52 212
52 139
52 50
52 15
52 16
52 150
52 192
52 65
76 79
76 32
76 47
76 101
76 7
76 23
76 135
76 34
76 11
76 193
76 72
76 122
76 200
76 154
76 145
76 108
76 104
76 21
76 3
76 62
76 60
76 83
76 143
76 182
76 138
76 163
76 42
76 48
76 51
76 160
76 189
76 142
76 183
76 94
76 179
76 4
76 90
76 15
76 117
76 150
76 217
76 216
14 165
14 202
14 114
14 213
14 13
14 218
14 70
14 127
14 144
14 80
14 23
14 201
14 34
14 195
14 122
14 102
14 31
14 154
14 106
14 108
14 170
14 62
14 74
14 40
14 60
14 10
14 54
14 24
14 118
14 36
14 176
14 205
14 43
14 89
14 116
14 128
14 110
14 189
14 142
14 183
14 90
14 137
14 151
14 190
14 55
14 37
14 6
14 216
79 165
79 27
79 114
79 186
79 32
79 95
79 49
79 70
79 203
79 169
79 30
79 11
79 72
79 159
79 22
79 0
79 156
79 185
79 158
79 91
79 133
79 62
79 93
79 46
79 215
79 25
79 118
79 85
79 199
79 121
79 180
79 110
79 189
79 183
79 90
79 59
79 37
79 66
165 202
165 134
165 213
165 13
165 32
165 214
165 101
165 124
165 45
165 141
165 80
165 23
165 73
165 34
165 20
165 28
165 159
165 102
165 41
165 146
165 56
165 147
165 60
165 188
165 97
165 125
165 105
165 175
165 166
165 168
165 5
165 219
165 128
165 189
165 139
165 206
165 50
165 153
165 132
165 137
165 126
165 117
165 216
202 27
202 39
202 114
202 88
202 95
202 218
202 71
202 169
202 80
202 201
202 120
202 82
202 28
202 159
202 191
202 154
202 87
202 35
202 104
202 62
202 74
202 83
202 143
202 215
202 163
202 107
202 43
202 168
202 199
202 48
202 121
202 116
202 110
202 142
202 84
202 94
202 179
202 4
202 126
202 190
202 192
202 149
202 167
202 6
202 65
202 217
27 134
27 114
27 174
27 88
27 208
27 49
27 58
27 101
27 7
27 80
27 23
27 109
27 103
27 155
27 96
27 195
27 20
27 157
27 122
27 200
27 0
27 31
27 87
27 35
27 104
27 91
27 3
27 93
27 148
27 12
27 182
27 54
27 98
27 125
27 107
27 184
27 105
27 210
27 42
27 36
27 166
27 5
27 219
27 212
27 153
27 69
27 137
27 15
27 117
27 149
27 216
39 213
39 13
39 47
39 101
39 124
39 9
39 169
39 30
39 152
39 80
39 155
39 82
39 136
39 102
39 0
39 191
39 154
39 162
39 129
39 108
39 56
39 196
39 99
39 148
39 97
39 215
39 168
39 5
39 17
39 51
39 110
39 132
39 94
39 179
39 77
39 37
134 174
134 213
134 13
134 208
134 32
134 119
134 58
134 7
134 38
134 169
134 120
134 195
134 20
134 11
134 72
134 122
134 159
134 102
134 41
134 154
134 145
134 156
134 171
134 158
134 209
134 3
134 177
134 60
134 10
134 113
134 148
134 64
134 182
134 118
134 163
134 107
134 210
134 175
134 42
134 219
134 121
134 116
134 51
134 110
134 212
134 153
134 84
134 59
134 190
134 37
134 1
67 213
67 214
67 195
67 22
67 87
67 172
67 21
67 196
67 10
67 148
67 143
67 25
67 197
67 118
67 163
67 199
67 17
67 89
67 51
67 212
67 142
67 151
67 77
67 167
114 18
114 32
114 49
114 218
114 124
114 71
114 45
114 38
114 203
114 127
114 9
114 30
114 152
114 80
114 103
114 120
114 204
114 136
114 159
114 86
114 0
114 106
114 145
114 129
114 156
114 171
114 91
114 177
114 60
114 188
114 98
114 215
114 24
114 118
114 210
114 199
114 48
114 17
114 121
114 51
114 57
114 139
114 206
114 142
114 84
114 4
114 90
114 151
114 55
114 68
114 6
114 65
114 217
174 88
174 18
174 13
174 32
174 214
174 49
174 7
174 38
174 169
174 141
174 73
174 155
174 82
174 11
174 157
174 22
174 191
174 145
174 172
174 35
174 171
174 3
174 133
174 177
174 74
174 53
174 188
174 182
174 97
174 197
174 24
174 118
174 176
174 205
174 5
174 219
174 2
174 128
174 110
174 153
174 183
174 94
174 179
174 137
174 59
174 126
174 16
174 37
174 167
174 217
174 1
186 47
186 95
186 101
186 38
186 195
186 130
186 28
186 193
186 157
186 159
186 156
186 172
186 91
186 161
186 196
186 138
186 187
186 107
186 184
186 105
186 175
186 219
186 199
186 121
186 160
186 110
186 212
186 206
186 132
186 126
186 149
186 65
186 1
88 18
88 13
88 32
88 47
88 71
88 45
88 203
88 80
88 201
88 155
88 34
88 20
88 136
88 193
88 157
88 72
88 178
88 162
88 185
88 173
88 108
88 104
88 146
88 61
88 91
88 40
88 83
88 143
88 188
88 97
88 138
88 184
88 36
88 164
88 5
88 219
88 2
88 116
88 160
88 212
88 94
88 15
88 66
88 216
213 47
213 49
213 7
213 81
213 9
213 201
213 135
213 73
213 96
213 193
213 159
213 200
213 111
213 106
213 178
213 145
213 112
213 171
213 146
213 91
213 170
213 147
213 40
213 113
213 148
213 12
213 182
213 97
213 98
213 125
213 138
213 105
213 26
213 43
213 17
213 121
213 180
213 116
213 57
213 110
213 206
213 132
213 179
213 69
213 15
213 16
213 77
213 37
213 68
213 192
213 149
213 6
18 47
18 218
18 38
18 169
18 144
18 109
18 155
18 96
18 195
18 63
18 193
18 157
18 122
18 145
18 162
18 129
18 112
18 35
18 171
18 56
18 3
18 177
18 99
18 143
18 64
18 12
18 54
18 125
18 197
18 118
18 85
18 176
18 164
18 43
18 17
18 139
18 206
18 90
18 151
18 59
18 66
18 150
18 192
13 208
13 127
13 9
13 201
13 11
13 28
13 193
13 159
13 102
13 207
13 111
13 31
13 154
13 106
13 178
13 162
13 173
13 108
13 158
13 91
13 56
13 21
13 62
13 148
13 46
13 25
13 125
13 36
13 166
13 43
13 5
13 219
13 51
13 139
13 50
13 183
13 84
13 94
13 179
13 4
13 59
13 55
13 6
13 65
13 217
13 1
208 32
208 49
208 119
208 218
208 71
208 81
208 144
208 30
208 80
208 109
208 135
208 155
208 34
208 11
208 204
208 136
208 102
208 31
208 154
208 178
208 87
208 129
208 112
208 108
208 104
208 3
208 170
208 147
208 10
208 53
208 148
208 143
208 64
208 25
208 118
208 107
208 184
208 180
208 116
208 128
208 153
208 84
208 151
208 126
208 117
208 66
208 149
208 167
208 6
208 217
32 95
32 101
32 7
32 144
32 155
32 44
32 195
32 11
32 28
32 193
32 157
32 72
32 22
32 191
32 156
32 172
32 108
32 161
32 147
32 74
32 99
32 10
32 113
32 12
32 97
32 163
32 187
32 175
32 36
32 26
32 164
32 180
32 50
32 142
32 117
32 66
32 68
32 150
32 167
32 65
47 49
47 119
47 45
47 38
47 70
47 30
47 23
47 34
47 130
47 20
47 157
47 72
47 86
47 111
47 31
47 173
47 171
47 61
47 91
47 170
47 147
47 196
47 40
47 10
47 83
47 46
47 12
47 188
47 54
47 24
47 163
47 184
47 105
47 26
47 205
47 168
47 5
47 219
47 48
47 121
47 57
47 84
47 132
47 179
47 69
47 190
47 16
47 68
47 192
47 6
47 216
95 101
95 38
95 81
95 169
95 80
95 23
95 109
95 103
95 73
95 96
95 11
95 204
95 28
95 0
95 87
95 129
95 21
95 170
95 74
95 40
95 60
95 53
95 148
95 83
95 46
95 12
95 97
95 118
95 184
95 105
95 85
95 42
95 17
95 89
95 51
95 57
95 128
95 139
95 206
95 142
95 183
95 84
95 16
95 150
95 167
95 6
95 65
214 58
214 71
214 38
214 70
214 127
214 9
214 30
214 141
214 80
214 109
214 195
214 136
214 122
214 207
214 0
214 154
214 106
214 87
214 108
214 60
214 83
214 64
214 12
214 163
214 187
214 184
214 36
214 168
214 17
214 128
214 212
214 153
214 183
214 84
214 132
214 179
214 137
214 16
214 77
214 150
214 167
214 65
214 217
49 58
49 218
49 71
49 81
49 169
49 30
49 109
49 73
49 44
49 120
49 130
49 72
49 102
49 0
49 154
49 106
49 185
49 112
49 171
49 158
49 61
49 91
49 209
49 161
49 170
49 93
49 113
49 54
49 138
49 105
49 85
49 36
49 26
49 205
49 43
49 168
49 5
49 199
49 17
49 116
49 128
49 189
49 206
49 153
49 94
49 126
49 117
49 55
49 77
49 66
49 149
49 6
119 101
119 30
119 141
119 23
119 135
119 82
119 204
119 136
119 200
119 154
119 145
119 156
119 185
119 35
119 158
119 146
119 209
119 133
119 161
119 40
119 60
119 148
119 143
119 12
119 97
119 25
119 125
119 187
119 184
119 166
119 48
119 2
119 17
119 180
119 116
119 160
119 189
119 212
119 139
119 153
119 84
119 94
119 90
119 126
119 190
119 192
119 149
119 216
58 101
58 124
58 70
58 144
58 30
58 135
58 96
58 44
58 120
58 63
58 11
58 28
58 157
58 102
58 22
58 191
58 156
58 185
58 172
58 35
58 104
58 3
58 133
58 53
58 148
58 83
58 46
58 188
58 54
58 125
58 24
58 138
58 163
58 105
58 36
58 26
58 199
58 139
58 206
58 4
58 69
58 151
58 77
58 66
58 192
218 71
218 203
218 80
218 34
218 63
218 20
218 204
218 159
218 0
218 191
218 31
218 106
218 145
218 172
218 112
218 146
218 133
218 161
218 12
218 97
218 54
218 215
218 25
218 138
218 187
218 36
218 26
218 164
218 166
218 48
218 2
218 189
218 4
218 15
218 117
218 150
218 167
101 201
101 135
101 34
101 20
101 82
101 11
101 159
101 102
101 22
101 111
101 154
101 178
101 173
101 171
101 56
101 3
101 147
101 93
101 188
101 182
101 187
101 107
101 184
101 42
101 36
101 164
101 121
101 128
101 212
101 206
101 183
101 84
101 132
101 90
101 137
101 16
101 150
101 1
124 7
124 38
124 70
124 81
124 169
124 109
124 155
124 34
124 120
124 11
124 28
124 122
124 159
124 200
124 87
124 173
124 108
124 158
124 209
124 170
124 62
124 64
124 98
124 215
124 25
124 24
124 118
124 187
124 210
124 175
124 166
124 89
124 128
124 50
124 183
124 126
124 15
124 16
124 55
124 37
124 68
124 65
7 70
7 9
7 80
7 96
7 120
7 63
7 11
7 72
7 102
7 22
7 111
7 0
7 154
7 129
7 185
7 35
7 146
7 133
7 177
7 64
7 54
7 215
7 163
7 184
7 210
7 85
7 175
7 36
7 2
7 110
7 183
7 190
7 16
7 66
7 150
7 65
7 217
7 216
71 38
71 70
71 203
71 152
71 201
71 135
71 155
71 96
71 34
71 72
71 159
71 86
71 207
71 106
71 162
71 173
71 61
71 209
71 161
71 74
71 148
71 83
71 12
71 125
71 197
71 24
71 138
71 187
71 105
71 36
71 26
71 176
71 205
71 48
71 180
71 51
71 212
71 206
71 50
71 132
71 179
71 69
45 81
45 152
45 96
45 195
45 136
45 157
45 200
45 86
45 111
45 191
45 31
45 154
45 145
45 87
45 173
45 35
45 108
45 146
45 56
45 21
45 40
45 83
45 64
45 12
45 188
45 125
45 168
45 89
45 121
45 180
45 116
45 128
45 160
45 212
45 151
45 126
45 16
45 77
45 150
45 217
45 216
38 203
38 81
38 9
38 169
38 144
38 30
38 152
38 109
38 201
38 135
38 73
38 130
38 204
38 22
38 87
38 129
38 172
38 173
38 108
38 56
38 133
38 170
38 62
38 74
38 40
38 60
38 113
38 83
38 64
38 97
38 118
38 138
38 210
38 36
38 43
38 168
38 48
38 17
38 128
38 110
38 139
38 50
38 151
38 15
38 16
38 192
38 167
38 217
38 1
38 216
70 203
70 9
70 169
70 80
70 109
70 120
70 63
70 82
70 204
70 136
70 102
70 200
70 86
70 106
70 87
70 56
70 3
70 161
70 196
70 74
70 40
70 60
70 10
70 148
70 143
70 12
70 97
70 98
70 215
70 163
70 187
70 107
70 85
70 36
70 26
70 5
70 219
70 116
70 57
70 128
70 160
70 206
70 50
70 153
70 132
70 94
70 15
70 150
70 216
203 127
203 30
203 141
203 109
203 155
203 44
203 82
203 136
203 159
203 22
203 200
203 178
203 162
203 185
203 3
203 177
203 93
203 99
203 53
203 83
203 46
203 188
203 215
203 163
203 85
203 26
203 176
203 166
203 5
203 199
203 48
203 189
203 94
203 179
203 4
203 90
203 151
203 59
203 15
203 55
203 77
203 37
203 68
203 150
81 127
81 169
81 30
81 80
81 23
81 44
81 20
81 136
81 102
81 41
81 154
81 172
81 112
81 35
81 171
81 146
81 21
81 177
81 93
81 99
81 46
81 64
81 97
81 125
81 197
81 187
81 210
81 43
81 17
81 116
81 206
81 153
81 132
81 190
81 16
81 6
81 217
127 169
127 30
127 34
127 63
127 130
127 82
127 204
127 193
127 157
127 111
127 172
127 61
127 56
127 147
127 62
127 196
127 74
127 60
127 113
127 53
127 46
127 188
127 97
127 215
127 25
127 42
127 36
127 205
127 166
127 5
127 48
127 2
127 128
127 189
127 153
127 151
127 190
127 37
127 66
127 149
127 167
127 6
127 217
9 30
9 152
9 34
9 195
9 204
9 207
9 191
9 154
9 106
9 145
9 87
9 162
9 156
9 171
9 146
9 91
9 161
9 113
9 53
9 98
9 125
9 24
9 163
9 175
9 164
9 166
9 43
9 121
9 116
9 132
9 15
9 192
9 167
9 65
169 141
169 109
169 103
169 73
169 204
169 193
169 157
169 0
169 154
169 162
169 129
169 156
169 172
169 112
169 108
169 146
169 56
169 21
169 147
169 74
169 83
169 188
169 54
169 25
169 197
169 187
169 175
169 205
169 17
169 57
169 128
169 189
169 139
169 153
169 94
169 4
169 190
169 55
169 77
169 66
169 150
169 192
169 1
169 216
144 30
144 80
144 103
144 204
144 72
144 102
144 200
144 86
144 111
144 191
144 154
144 185
144 112
144 108
144 104
144 161
144 62
144 196
144 74
144 113
144 64
144 182
144 138
144 105
144 210
144 36
144 43
144 168
144 89
144 139
144 142
144 179
144 69
144 126
144 37
144 68
144 150
144 6
30 141
30 63
30 82
30 11
30 204
30 136
30 191
30 31
30 178
30 104
30 146
30 91
30 74
30 93
30 143
30 64
30 197
30 85
30 175
30 42
30 36
30 164
30 166
30 17
30 110
30 94
30 151
30 55
30 77
30 150
141 44
141 34
141 63
141 28
141 159
141 22
141 86
141 207
141 111
141 178
141 87
141 112
141 35
141 104
141 133
141 161
141 170
141 147
141 177
141 196
141 53
141 98
141 215
141 125
141 187
141 42
141 176
141 205
141 219
141 199
141 121
141 128
141 160
141 212
141 142
141 132
141 90
141 167
152 23
152 44
152 20
152 193
152 159
152 22
152 111
152 178
152 185
152 173
152 158
152 91
152 209
152 161
152 177
152 196
152 60
152 46
152 64
152 188
152 182
152 54
152 215
152 138
152 42
152 36
152 17
152 121
152 116
152 51
152 160
152 110
152 139
152 142
152 183
152 4
152 151
152 190
152 55
152 149
152 167
152 65
152 1
80 96
80 34
80 82
80 193
80 72
80 185
80 108
80 104
80 146
80 61
80 21
80 133
80 177
80 10
80 83
80 188
80 54
80 107
80 85
80 43
80 168
80 219
80 121
80 116
80 51
80 57
80 139
80 206
80 84
80 179
80 90
80 126
80 66
80 68
80 192
80 1
23 109
23 103
23 135
23 155
23 34
23 195
23 63
23 82
23 159
23 111
23 0
23 191
23 154
23 106
23 87
23 162
23 156
23 112
23 158
23 21
23 133
23 40
23 10
23 148
23 188
23 24
23 118
23 138
23 184
23 176
23 219
23 180
23 160
23 110
23 153
23 183
23 137
23 151
23 37
23 68
23 149
23 6
109 135
109 44
109 195
109 22
109 111
109 41
109 106
109 145
109 171
109 146
109 3
109 133
109 170
109 60
109 53
109 143
109 64
109 12
109 98
109 197
109 138
109 163
109 184
109 105
109 176
109 205
109 164
109 166
109 43
109 180
109 116
109 51
109 160
109 212
109 50
109 142
109 69
109 59
109 66
109 68
109 1
201 195
201 130
201 22
201 207
201 162
201 156
201 172
201 112
201 21
201 60
201 10
201 143
201 12
201 25
201 125
201 42
201 36
201 176
201 5
201 189
201 84
201 90
201 137
201 66
201 150
201 149
201 1
103 44
103 130
103 82
103 28
103 136
103 157
103 200
103 0
103 191
103 41
103 106
103 178
103 112
103 108
103 91
103 56
103 60
103 53
103 188
103 54
103 98
103 24
103 118
103 187
103 166
103 43
103 5
103 219
103 48
103 180
103 57
103 189
103 139
103 84
103 126
103 15
103 149
135 155
135 195
135 63
135 136
135 122
135 41
135 145
135 156
135 172
135 112
135 171
135 146
135 177
135 143
135 54
135 197
135 118
135 210
135 205
135 5
135 2
135 180
135 179
135 151
135 59
135 126
135 15
135 77
135 68
135 192
135 6
73 96
73 34
73 63
73 122
73 159
73 102
73 22
73 207
73 111
73 0
73 191
73 41
73 87
73 185
73 112
73 108
73 146
73 209
73 161
73 196
73 10
73 148
73 83
73 143
73 98
73 24
73 187
73 105
73 205
73 17
73 180
73 212
73 153
73 84
73 151
73 117
73 55
73 68
73 65
73 1
155 44
155 34
155 195
155 20
155 28
155 136
155 72
155 159
155 102
155 200
155 207
155 154
155 178
155 145
155 87
155 156
155 35
155 171
155 91
155 133
155 161
155 62
155 148
155 97
155 25
155 197
155 24
155 210
155 42
155 168
155 219
155 17
155 180
155 142
155 153
155 94
155 69
155 137
155 77
155 66
155 192
155 6
155 217
96 44
96 120
96 130
96 20
96 204
96 157
96 22
96 207
96 0
96 191
96 31
96 41
96 145
96 129
96 108
96 146
96 133
96 161
96 147
96 40
96 64
96 188
96 98
96 107
96 184
96 26
96 176
96 166
96 5
96 17
96 116
96 142
96 183
96 59
96 190
96 15
96 37
96 68
96 149
96 167
96 1
96 216
44 120
44 136
44 159
44 200
44 207
44 41
44 154
44 129
44 158
44 161
44 74
44 60
44 53
44 148
44 143
44 12
44 182
44 118
44 138
44 184
44 85
44 166
44 219
44 199
44 48
44 121
44 128
44 212
44 183
44 179
44 69
44 137
44 117
44 55
44 77
44 6
44 1
34 120
34 136
34 193
34 72
34 122
34 159
34 207
34 106
34 87
34 172
34 173
34 112
34 171
34 56
34 147
34 40
34 113
34 83
34 46
34 64
34 12
34 98
34 24
34 118
34 42
34 36
34 5
34 121
34 128
34 139
34 183
34 132
34 179
34 151
34 126
34 190
34 77
34 37
34 149
34 6
34 65
120 130
120 82
120 159
120 102
120 22
120 200
120 0
120 172
120 146
120 133
120 170
120 99
120 148
120 188
120 125
120 163
120 107
120 184
120 168
120 89
120 180
120 57
120 160
120 132
120 90
120 126
120 55
120 37
120 192
195 130
195 193
195 207
195 111
195 41
195 145
195 172
195 112
195 35
195 91
195 209
195 3
195 62
195 177
195 74
195 99
195 83
195 125
195 24
195 138
195 175
195 36
195 176
195 17
195 160
195 110
195 212
195 183
195 132
195 179
195 69
195 190
195 37
195 66
195 68
195 149
63 136
63 122
63 159
63 111
63 0
63 31
63 154
63 156
63 161
63 113
63 98
63 24
63 187
63 176
63 219
63 48
63 189
63 212
63 206
63 84
63 132
63 117
63 167
63 6
63 1
63 216
130 193
130 157
130 122
130 159
130 200
130 86
130 0
130 191
130 106
130 162
130 158
130 21
130 133
130 62
130 74
130 40
130 10
130 148
130 182
130 215
130 105
130 85
130 43
130 168
130 219
130 2
130 180
130 116
130 160
130 212
130 206
130 50
130 132
130 94
130 179
130 90
130 126
130 117
130 16
130 55
130 217
20 122
20 200
20 111
20 191
20 154
20 172
20 108
20 104
20 209
20 133
20 196
20 40
20 53
20 97
20 98
20 215
20 25
20 125
20 176
20 199
20 17
20 160
20 206
20 142
20 153
20 183
20 117
20 16
20 37
20 167
82 28
82 157
82 122
82 111
82 87
82 162
82 129
82 156
82 35
82 158
82 3
82 161
82 147
82 46
82 54
82 118
82 107
82 184
82 105
82 85
82 36
82 164
82 199
82 116
82 160
82 189
82 153
82 151
82 190
82 15
82 149
11 193
11 157
11 111
11 31
11 41
11 162
11 129
11 172
11 158
11 91
11 3
11 161
11 62
11 60
11 10
11 46
11 125
11 118
11 184
11 26
11 176
11 164
11 219
11 48
11 180
11 160
11 110
11 189
11 206
11 50
11 183
11 190
11 117
11 66
11 65
11 217
204 136
204 193
204 157
204 200
204 41
204 112
204 104
204 158
204 61
204 91
204 170
204 196
204 93
204 53
204 12
204 118
204 42
204 176
204 168
204 199
204 51
204 57
204 189
204 183
204 179
204 69
204 90
204 59
204 126
204 68
204 192
204 149
204 65
28 22
28 200
28 145
28 108
28 171
28 158
28 61
28 91
28 3
28 133
28 147
28 40
28 99
28 148
28 143
28 197
28 105
28 210
28 36
28 164
28 199
28 48
28 121
28 212
28 94
28 69
28 15
28 117
28 192
28 217
136 111
136 108
136 171
136 158
136 146
136 61
136 3
136 62
136 196
136 40
136 148
136 64
136 182
136 215
136 25
136 197
136 138
136 105
136 36
136 176
136 168
136 51
136 57
136 189
136 206
136 50
136 153
136 132
136 137
136 151
136 15
136 16
136 77
136 68
136 6
136 65
136 216
193 72
193 159
193 22
193 31
193 87
193 35
193 171
193 161
193 177
193 40
193 10
193 53
193 182
193 97
193 54
193 98
193 125
193 210
193 175
193 26
193 5
193 2
193 57
193 110
193 153
193 84
193 90
193 59
193 117
193 37
193 150
193 192
193 149
157 22
157 191
157 154
157 162
157 173
157 108
157 158
157 209
157 3
157 161
157 10
157 53
157 46
157 64
157 12
157 182
157 98
157 197
157 138
157 26
157 2
157 89
157 57
157 189
157 142
157 126
157 66
157 150
157 6
157 217
157 216
72 86
72 207
72 145
72 173
72 158
72 61
72 133
72 161
72 147
72 196
72 148
72 46
72 97
72 125
72 105
72 42
72 26
72 168
72 5
72 219
72 180
72 128
72 139
72 206
72 50
72 68
122 159
122 86
122 145
122 129
122 112
122 171
122 104
122 158
122 61
122 133
122 196
122 60
122 10
122 148
122 46
122 143
122 188
122 97
122 54
122 98
122 197
122 163
122 107
122 105
122 210
122 42
122 43
122 2
122 121
122 180
122 51
122 128
122 139
122 4
122 137
122 59
122 77
122 149
122 6
122 216
159 86
159 154
159 156
159 185
159 112
159 35
159 171
159 104
159 61
159 91
159 56
159 3
159 170
159 147
159 60
159 148
159 54
159 107
159 164
159 5
159 48
159 89
159 51
159 212
159 50
159 37
159 66
159 68
159 150
159 167
159 217
102 200
102 86
102 162
102 156
102 21
102 147
102 197
102 105
102 210
102 85
102 175
102 42
102 26
102 176
102 164
102 43
102 199
102 17
102 116
102 57
102 153
102 4
102 151
102 126
102 190
102 16
102 77
102 68
102 150
102 192
102 6
22 185
22 112
22 146
22 56
22 209
22 161
22 62
22 40
22 188
22 24
22 105
22 85
22 175
22 42
22 26
22 205
22 164
22 5
22 219
22 160
22 110
22 212
22 84
22 94
22 179
22 90
22 151
22 59
22 117
22 16
22 216
200 111
200 87
200 185
200 172
200 112
200 35
200 104
200 158
200 40
200 60
200 53
200 148
200 54
200 25
200 197
200 24
200 118
200 184
200 210
200 205
200 168
200 219
200 2
200 51
200 128
200 153
200 84
200 132
200 151
200 190
200 55
200 149
200 167
86 0
86 31
86 41
86 106
86 178
86 112
86 108
86 61
86 133
86 60
86 10
86 46
86 143
86 64
86 12
86 182
86 97
86 215
86 42
86 36
86 43
86 17
86 57
86 110
86 139
86 206
86 142
86 137
86 190
86 77
207 191
207 106
207 145
207 162
207 185
207 61
207 91
207 21
207 161
207 170
207 40
207 60
207 113
207 25
207 107
207 210
207 36
207 5
207 89
207 116
207 139
207 50
207 183
207 179
207 126
207 117
207 167
207 217
111 178
111 87
111 104
111 91
111 170
111 99
111 10
111 148
111 46
111 143
111 12
111 125
111 197
111 187
111 175
111 42
111 168
111 5
111 2
111 17
111 189
111 206
111 142
111 183
111 132
111 179
111 69
111 90
111 137
111 190
111 117
111 55
111 192
111 6
111 65
111 217
0 145
0 129
0 172
0 104
0 61
0 91
0 3
0 74
0 40
0 46
0 182
0 24
0 107
0 26
0 176
0 205
0 164
0 166
0 168
0 89
0 110
0 206
0 4
0 137
0 151
0 59
0 190
0 37
0 66
0 68
0 6
191 145
191 156
191 185
191 173
191 108
191 171
191 104
191 161
191 170
191 99
191 46
191 143
191 97
191 98
191 197
191 24
191 85
191 42
191 26
191 176
191 164
191 43
191 168
191 121
191 180
191 116
191 128
191 212
191 50
191 132
191 69
191 90
191 137
191 59
191 150
191 6
191 216
31 108
31 171
31 146
31 56
31 177
31 196
31 113
31 53
31 188
31 197
31 163
31 107
31 176
31 164
31 166
31 43
31 5
31 2
31 121
31 51
31 206
31 183
31 59
31 126
31 77
31 68
41 145
41 172
41 173
41 146
41 209
41 170
41 62
41 12
41 25
41 125
41 24
41 107
41 42
41 164
41 168
41 5
41 199
41 110
41 137
41 59
41 15
41 117
41 55
41 68
41 1
154 87
154 162
154 129
154 108
154 158
154 3
154 133
154 170
154 40
154 99
154 113
154 83
154 54
154 25
154 197
154 24
154 187
154 85
154 42
154 176
154 205
154 199
154 2
154 128
154 139
154 94
154 179
154 126
154 190
154 117
154 16
154 216
106 35
106 108
106 56
106 21
106 147
106 177
106 99
106 143
106 64
106 12
106 182
106 25
106 24
106 118
106 36
106 176
106 164
106 43
106 17
106 128
106 212
106 142
106 179
106 69
106 137
106 15
106 77
106 37
106 150
106 167
106 6
178 145
178 162
178 112
178 3
178 133
178 161
178 40
178 93
178 64
178 107
178 210
178 175
178 121
178 51
178 160
178 110
178 189
178 206
178 55
178 1
145 87
145 172
145 171
145 104
145 91
145 56
145 209
145 62
145 177
145 40
145 60
145 10
145 113
145 53
145 12
145 182
145 97
145 54
145 98
145 197
145 138
145 163
145 42
145 176
145 166
145 5
145 17
145 57
145 189
145 212
145 183
145 94
145 179
145 4
145 137
145 190
145 117
145 55
145 77
145 37
145 167
145 1
87 172
87 173
87 158
87 61
87 91
87 21
87 209
87 3
87 161
87 147
87 40
87 10
87 113
87 53
87 148
87 97
87 125
87 138
87 187
87 85
87 175
87 5
87 199
87 17
87 180
87 51
87 57
87 153
87 90
87 77
87 37
87 149
162 112
162 146
162 91
162 133
162 147
162 93
162 60
162 53
162 148
162 83
162 143
162 54
162 24
162 107
162 85
162 89
162 180
162 189
162 212
162 206
162 50
162 153
162 117
162 16
162 66
162 150
162 167
162 65
129 156
129 172
129 146
129 56
129 21
129 209
129 133
129 170
129 40
129 113
129 148
129 143
129 182
129 54
129 25
129 118
129 210
129 219
129 89
129 212
129 206
129 153
129 183
129 179
129 59
129 190
129 55
129 68
129 150
129 149
129 217
156 35
156 158
156 209
156 3
156 196
156 99
156 60
156 46
156 97
156 118
156 138
156 26
156 168
156 2
156 17
156 89
156 51
156 128
156 206
156 4
156 90
156 59
156 15
156 117
156 66
156 216
185 172
185 112
185 108
185 146
185 61
185 91
185 21
185 147
185 62
185 60
185 113
185 148
185 97
185 138
185 205
185 17
185 50
185 183
185 179
185 137
185 117
185 16
185 37
185 66
185 68
185 192
185 167
185 6
172 56
172 209
172 133
172 147
172 196
172 53
172 148
172 83
172 54
172 98
172 118
172 105
172 85
172 164
172 219
172 199
172 17
172 121
172 51
172 57
172 183
172 84
172 94
172 137
172 66
172 150
172 149
173 35
173 171
173 61
173 21
173 147
173 74
173 143
173 64
173 12
173 188
173 25
173 125
173 197
173 163
173 105
173 210
173 26
173 43
173 168
173 128
173 160
173 179
173 151
173 16
173 192
173 217
112 35
112 146
112 61
112 91
112 56
112 161
112 147
112 196
112 93
112 99
112 10
112 97
112 98
112 25
112 125
112 197
112 163
112 184
112 105
112 210
112 85
112 175
112 42
112 205
112 17
112 121
112 160
112 139
112 206
112 50
112 183
112 132
112 94
112 137
112 55
112 150
112 217
35 108
35 158
35 61
35 91
35 177
35 74
35 10
35 113
35 148
35 83
35 98
35 24
35 118
35 205
35 43
35 121
35 51
35 189
35 139
35 151
35 126
35 15
35 55
35 77
35 68
35 192
35 149
35 6
108 133
108 177
108 10
108 113
108 12
108 215
108 25
108 118
108 138
108 107
108 210
108 26
108 43
108 168
108 48
108 212
108 50
108 84
108 69
108 137
108 15
108 192
108 217
108 1
171 104
171 209
171 170
171 74
171 40
171 10
171 113
171 46
171 188
171 182
171 97
171 54
171 25
171 125
171 118
171 187
171 105
171 166
171 48
171 160
171 212
171 69
171 59
171 77
171 6
171 1
104 161
104 40
104 60
104 53
104 54
104 98
104 118
104 187
104 175
104 42
104 205
104 166
104 168
104 17
104 180
104 110
104 212
104 50
104 94
104 137
104 126
104 16
104 68
104 6
104 217
158 91
158 21
158 3
158 177
158 196
158 99
158 60
158 10
158 148
158 12
158 97
158 25
158 118
158 163
158 85
158 36
158 205
158 164
158 5
158 199
158 48
158 2
158 121
158 189
158 139
158 132
158 94
158 4
158 90
158 59
158 126
158 15
158 117
158 16
158 1
158 216
146 161
146 74
146 163
146 184
146 36
146 164
146 168
146 219
146 17
146 89
146 121
146 142
146 153
146 90
146 16
146 77
146 68
146 192
61 91
61 3
61 133
61 177
61 99
61 113
61 148
61 46
61 188
61 97
61 25
61 197
61 138
61 36
61 26
61 176
61 205
61 219
61 199
61 2
61 89
61 50
61 142
61 69
61 90
61 16
61 150
91 40
91 99
91 10
91 64
91 12
91 98
91 215
91 197
91 184
91 175
91 42
91 48
91 116
91 110
91 90
91 16
91 37
91 68
91 192
56 3
56 147
56 177
56 99
56 12
56 97
56 197
56 163
56 184
56 36
56 206
56 50
56 153
56 132
56 4
56 69
56 90
56 126
56 117
56 66
56 167
56 216
21 209
21 3
21 133
21 161
21 196
21 60
21 148
21 143
21 12
21 188
21 163
21 105
21 210
21 36
21 26
21 176
21 43
21 168
21 5
21 57
21 128
21 110
21 189
21 139
21 206
21 142
21 183
21 4
21 59
21 126
21 15
21 117
21 77
21 68
21 150
21 149
209 3
209 147
209 62
209 196
209 10
209 46
209 197
209 210
209 199
209 48
209 89
209 121
209 180
209 116
209 51
209 160
209 189
209 212
209 139
209 4
209 69
209 90
209 117
209 192
3 177
3 74
3 93
3 99
3 10
3 53
3 143
3 107
3 85
3 176
3 199
3 2
3 17
3 51
3 57
3 160
3 212
3 206
3 153
3 84
3 179
3 59
3 190
3 16
3 77
3 37
3 66
3 68
3 150
3 167
3 6
133 40
133 93
133 53
133 182
133 54
133 107
133 85
133 180
133 116
133 51
133 57
133 160
133 212
133 139
133 50
133 84
133 59
133 77
133 66
133 68
133 192
161 177
161 46
161 143
161 64
161 163
161 184
161 42
161 166
161 219
161 89
161 180
161 189
161 206
161 50
161 179
161 4
161 55
161 68
161 167
170 99
170 53
170 197
170 184
170 164
170 43
170 168
170 121
170 212
170 139
170 142
170 84
170 4
170 117
170 77
170 66
170 1
147 74
147 99
147 148
147 83
147 98
147 215
147 138
147 43
147 5
147 199
147 128
147 153
147 117
147 16
147 55
62 60
62 12
62 54
62 215
62 26
62 205
62 43
62 2
62 189
62 84
62 69
62 137
62 151
62 55
62 77
62 66
62 68
62 150
62 1
177 74
177 99
177 83
177 188
177 182
177 97
177 184
177 36
177 26
177 164
177 116
177 212
177 142
177 153
177 183
177 137
177 59
177 190
196 113
196 148
196 64
196 188
196 98
196 125
196 175
196 168
196 17
196 116
196 57
196 110
196 139
196 84
196 137
196 15
196 150
196 6
74 93
74 46
74 143
74 97
74 98
74 25
74 187
74 105
74 210
74 2
74 116
74 51
74 212
74 50
74 153
74 90
74 151
74 15
74 16
74 149
74 65
40 99
40 148
40 188
40 97
40 215
40 125
40 210
40 42
40 26
40 176
40 166
40 43
40 5
40 180
40 212
40 183
40 84
40 132
40 69
40 137
40 151
40 59
40 126
40 190
40 117
40 216
93 10
93 113
93 64
93 215
93 197
93 26
93 168
93 48
93 180
93 160
93 110
93 50
93 153
93 132
93 179
93 117
93 77
93 167
93 216
99 148
99 83
99 46
99 97
99 125
99 36
99 176
99 205
99 43
99 168
99 199
99 51
99 128
99 110
99 153
99 183
99 94
99 59
99 190
99 55
99 68
99 149
99 167
99 6
99 1
60 64
60 12
60 182
60 97
60 215
60 197
60 107
60 105
60 42
60 26
60 176
60 219
60 89
60 51
60 128
60 153
60 183
60 132
60 90
60 15
60 117
60 77
60 150
60 149
60 216
10 148
10 188
10 97
10 215
10 197
10 107
10 105
10 205
10 166
10 43
10 48
10 2
10 57
10 189
10 153
10 183
10 132
10 69
10 90
10 137
10 190
10 37
10 149
113 148
113 83
113 46
113 197
113 24
113 175
113 36
113 176
113 219
113 17
113 89
113 180
113 139
113 206
113 50
113 179
113 151
113 126
113 117
113 55
113 66
113 150
113 192
113 149
113 216
53 148
53 188
53 24
53 138
53 210
53 176
53 48
53 180
53 116
53 57
53 212
53 50
53 94
53 4
53 151
53 59
53 126
53 117
53 65
148 46
148 64
148 98
148 187
148 184
148 219
148 180
148 183
148 132
148 69
148 59
148 190
148 15
148 16
148 55
148 77
148 66
148 6
148 65
83 97
83 215
83 25
83 24
83 138
83 105
83 42
83 36
83 205
83 164
83 48
83 2
83 51
83 128
83 110
83 50
83 69
83 59
83 126
83 190
83 16
83 150
83 6
46 143
46 118
46 138
46 163
46 105
46 210
46 85
46 42
46 180
46 160
46 142
46 153
46 183
46 94
46 4
46 90
46 77
143 64
143 188
143 97
143 118
143 105
143 205
143 164
143 57
143 212
143 179
143 190
143 117
143 55
143 77
143 149
143 167
143 6
64 118
64 105
64 26
64 43
64 48
64 128
64 110
64 212
64 183
64 84
64 69
64 151
64 59
64 126
64 15
64 55
12 98
12 175
12 36
12 43
12 199
12 110
12 189
12 142
12 84
12 179
12 69
12 55
12 77
12 66
12 192
12 149
188 197
188 138
188 184
188 105
188 42
188 26
188 164
188 48
188 17
188 116
188 189
188 206
188 50
188 142
188 153
188 183
188 69
188 190
188 15
188 16
188 68
188 65
188 216
182 97
182 54
182 25
182 107
182 175
182 164
182 168
182 219
182 128
182 160
182 212
182 206
182 94
182 90
182 59
182 126
182 190
182 150
182 149
182 65
182 1
182 216
97 54
97 215
97 25
97 197
97 118
97 175
97 36
97 205
97 164
97 166
97 199
97 2
97 180
97 116
97 189
97 94
97 4
97 137
97 15
97 149
54 25
54 197
54 205
54 166
54 110
54 212
54 50
54 84
54 151
54 59
54 150
54 167
54 217
98 197
98 24
98 118
98 138
98 163
98 210
98 85
98 42
98 164
98 168
98 199
98 89
98 142
98 153
98 179
98 4
98 137
98 190
98 16
98 150
98 167
215 125
215 36
215 219
215 128
215 50
215 4
215 55
215 37
215 192
215 217
215 216
25 197
25 163
25 175
25 26
25 176
25 199
25 51
25 128
25 212
25 84
25 132
25 94
25 4
25 137
25 59
25 126
25 55
25 68
25 149
25 1
125 118
125 36
125 43
125 168
125 180
125 57
125 189
125 212
125 142
125 153
125 15
125 55
125 77
125 150
125 6
197 138
197 175
197 176
197 2
197 17
197 57
197 189
197 142
197 84
197 179
197 137
197 59
197 77
197 68
197 150
197 167
197 1
197 216
24 138
24 210
24 26
24 199
24 139
24 206
24 132
24 179
24 69
24 126
24 117
24 55
24 150
24 192
24 217
24 216
118 205
118 199
118 121
118 116
118 142
118 59
118 66
118 216
138 163
138 107
138 105
138 42
138 43
138 219
138 199
138 17
138 89
138 116
138 189
138 142
138 183
138 179
138 55
138 68
163 184
163 176
163 219
163 17
163 89
163 189
163 139
163 142
163 94
163 137
163 59
163 37
163 66
163 150
163 192
163 6
163 1
163 216
187 210
187 205
187 168
187 51
187 128
187 110
187 153
187 55
187 150
187 65
107 184
107 176
107 205
107 48
107 121
107 110
107 139
107 137
107 59
107 66
107 167
107 6
184 85
184 42
184 205
184 166
184 219
184 199
184 17
184 110
184 142
184 84
184 179
184 190
184 15
184 37
184 6
184 216
105 85
105 43
105 219
105 2
105 180
105 69
105 137
105 59
105 190
105 55
105 149
105 167
105 65
210 205
210 166
210 2
210 51
210 212
210 139
210 206
210 153
210 183
210 94
210 59
210 126
210 77
210 66
210 149
210 167
210 1
85 26
85 5
85 219
85 180
85 110
85 139
85 50
85 183
85 179
85 137
85 117
85 149
85 217
85 1
85 216
175 2
175 121
175 128
175 160
175 84
175 94
175 4
175 15
175 66
175 192
175 167
175 216
42 43
42 89
42 121
42 180
42 153
42 4
42 137
42 151
42 126
42 1
36 205
36 168
36 48
36 2
36 110
36 132
36 179
36 90
36 190
36 6
36 217
36 1
26 164
26 43
26 168
26 189
26 84
26 179
26 4
26 69
26 90
26 137
26 117
26 150
176 205
176 5
176 180
176 51
176 57
176 160
176 212
176 90
176 16
176 6
205 199
205 116
205 50
205 94
205 69
205 126
205 77
205 37
205 192
205 149
205 65
164 43
164 199
164 89
164 51
164 57
164 151
164 59
164 66
164 167
164 1
166 5
166 219
166 17
166 121
166 180
166 128
166 110
166 139
166 206
166 94
166 90
166 137
166 126
166 1
43 2
43 89
43 142
43 183
43 179
43 137
43 151
43 150
43 192
43 149
43 6
43 217
168 199
168 48
168 89
168 180
168 116
168 110
168 139
168 183
168 69
168 90
168 137
168 126
168 150
168 167
5 121
5 180
5 128
5 189
5 139
5 84
5 132
5 94
5 179
5 117
5 16
5 150
5 1
5 216
219 199
219 2
219 89
219 180
219 51
219 57
219 212
219 84
219 179
219 55
219 149
219 65
219 217
219 216
199 48
199 89
199 180
199 110
199 183
199 84
199 4
199 137
199 117
199 77
199 66
199 192
48 17
48 128
48 160
48 206
48 142
48 90
48 117
48 150
48 167
48 216
2 116
2 110
2 212
2 183
2 179
2 15
2 216
17 50
17 132
17 179
17 137
17 68
17 150
17 6
89 57
89 128
89 212
89 183
89 94
89 90
89 137
89 117
89 16
89 150
89 192
89 149
121 50
121 132
121 4
121 69
121 90
121 137
121 126
121 117
121 55
121 150
121 167
121 65
180 189
180 212
180 183
180 84
180 132
180 179
180 4
180 137
180 151
180 126
180 190
180 55
180 66
180 68
180 65
116 128
116 139
116 50
116 84
116 94
116 90
116 126
116 117
116 16
116 192
116 149
116 1
116 216
51 206
51 94
51 179
51 137
51 151
51 15
51 16
51 37
51 66
51 192
51 149
57 110
57 212
57 94
57 16
57 66
57 150
128 160
128 206
128 183
128 94
128 179
128 4
128 69
128 90
128 15
128 117
128 150
128 217
160 206
160 153
160 84
160 179
160 77
160 68
160 1
110 50
110 142
110 84
110 69
110 151
110 126
110 117
110 68
189 94
189 179
189 117
189 55
189 77
189 167
212 50
212 151
212 126
212 149
212 167
139 94
139 59
139 190
139 15
139 117
139 66
139 167
139 6
139 1
206 183
206 132
206 69
206 190
206 117
206 55
206 149
206 1
50 142
50 183
50 69
50 151
50 126
50 68
142 132
142 137
142 59
142 6
142 216
153 69
153 90
153 59
153 190
153 150
153 167
153 6
153 216
183 69
183 137
183 190
183 55
183 192
183 167
183 6
84 132
84 179
84 4
84 126
84 117
84 16
84 77
84 167
132 117
132 16
132 77
132 149
132 167
94 179
94 4
94 59
94 190
94 15
94 117
94 55
94 37
94 66
94 192
94 149
94 65
179 4
179 90
179 151
179 66
179 150
179 167
179 217
4 137
4 59
4 190
4 55
4 77
4 68
4 65
69 16
69 68
69 217
90 77
90 37
90 150
90 192
90 6
137 117
137 77
137 217
137 216
151 59
151 167
151 216
59 117
59 77
59 37
59 68
59 6
126 190
126 16
126 150
126 1
190 16
190 150
190 192
15 68
15 217
15 216
117 1
16 149
55 77
55 66
55 6
55 217
55 1
77 66
77 68
77 6
37 66
37 150
37 167
37 217
66 1
66 216
150 167
150 217
150 1
192 149
192 6
167 216
6 65
6 217
