*verties 215
88
48
190
64
43
60
55
74
174
59
49
118
176
13
62
10
167
23
171
66
50
91
202
122
196
39
123
56
22
109
98
219
211
159
70
135
81
156
125
102
179
85
19
113
182
206
151
214
154
34
76
168
131
180
108
177
9
215
117
189
205
58
165
169
26
126
143
35
172
195
148
140
61
110
130
80
128
87
144
100
134
185
95
6
188
20
99
84
175
1
97
155
137
37
121
32
116
127
149
72
141
47
12
142
160
119
36
147
187
210
86
191
194
5
3
25
68
78
33
73
103
145
0
77
111
67
54
51
186
93
52
152
158
65
157
216
82
2
129
71
105
94
178
200
4
153
30
42
183
83
208
173
199
106
139
114
197
11
16
218
46
75
115
21
29
163
63
201
96
27
146
133
209
14
89
31
104
24
217
138
57
44
124
7
15
18
90
161
107
28
212
120
41
53
203
207
45
181
192
166
170
79
136
101
193
204
38
112
17
8
213
92
132
69
162
*edges 
88 64
88 49
88 171
88 50
88 219
88 81
88 19
88 177
88 189
88 205
88 26
88 195
88 61
88 128
88 87
88 185
88 37
88 86
88 194
88 94
88 30
88 106
88 197
88 115
88 201
88 96
88 124
88 7
88 92
48 190
48 64
48 74
48 13
48 219
48 102
48 179
48 206
48 9
48 61
48 87
48 185
48 99
48 175
48 116
48 194
48 158
48 216
48 4
48 183
48 29
48 170
48 101
48 112
48 8
190 174
190 167
190 202
190 165
190 169
190 143
190 172
190 99
190 175
190 97
190 37
190 36
190 0
190 157
190 153
190 75
190 96
190 27
190 217
190 138
190 44
190 181
190 136
190 204
190 92
64 151
64 214
64 131
64 195
64 110
64 141
64 86
64 191
64 0
64 77
64 216
64 71
64 153
64 42
64 199
64 218
64 201
64 101
64 213
64 132
64 69
43 56
43 182
43 172
43 148
43 130
43 144
43 188
43 127
43 5
43 145
43 186
43 157
43 2
43 129
43 199
43 114
43 29
43 163
43 89
43 24
43 44
43 7
60 98
60 113
60 180
60 108
60 58
60 35
60 130
60 80
60 134
60 20
60 1
60 137
60 119
60 86
60 33
60 73
60 67
60 129
60 71
60 173
60 106
60 21
60 90
60 166
60 92
55 176
55 154
55 169
55 172
55 61
55 99
55 127
55 149
55 47
55 3
55 111
55 105
55 178
55 183
55 199
55 16
55 75
55 201
55 212
55 192
55 213
74 174
74 118
74 62
74 171
74 125
74 19
74 151
74 9
74 61
74 84
74 32
74 78
74 145
74 77
74 54
74 52
74 2
74 129
74 139
74 16
74 46
74 146
74 209
74 89
74 7
74 79
174 50
174 122
174 206
174 214
174 108
174 205
174 169
174 26
174 126
174 143
174 61
174 110
174 155
174 149
174 72
174 187
174 54
174 178
174 4
174 30
174 199
174 46
174 27
174 7
174 212
174 207
174 170
174 213
59 211
59 113
59 214
59 168
59 108
59 165
59 26
59 126
59 32
59 111
59 178
59 4
59 42
59 11
59 146
59 101
59 213
49 167
49 159
49 125
49 9
49 189
49 140
49 116
49 127
49 191
49 78
49 103
49 139
49 218
49 75
49 29
49 44
49 124
49 7
49 15
49 45
49 213
118 13
118 10
118 202
118 109
118 125
118 168
118 180
118 189
118 172
118 61
118 6
118 37
118 116
118 47
118 119
118 191
118 78
118 73
118 54
118 158
118 82
118 178
118 83
118 139
118 197
118 75
118 44
118 18
118 161
118 112
118 132
118 69
176 81
176 125
176 85
176 113
176 172
176 6
176 158
176 133
176 15
176 120
176 204
13 23
13 50
13 196
13 135
13 81
13 125
13 85
13 182
13 206
13 108
13 126
13 172
13 134
13 95
13 155
13 141
13 25
13 216
13 83
13 197
13 21
13 146
13 209
13 107
13 212
13 120
62 196
62 123
62 151
62 180
62 9
62 35
62 128
62 6
62 116
62 191
62 3
62 73
62 77
62 82
62 27
62 138
62 44
62 166
10 180
10 130
10 100
10 134
10 95
10 121
10 141
10 142
10 210
10 73
10 71
10 199
10 21
10 163
10 120
10 53
10 181
10 38
167 23
167 91
167 196
167 135
167 9
167 189
167 26
167 100
167 20
167 175
167 97
167 36
167 145
167 111
167 157
167 75
167 63
167 27
167 104
167 24
167 7
167 53
167 112
23 22
23 211
23 125
23 206
23 9
23 189
23 58
23 169
23 35
23 130
23 3
23 33
23 157
23 82
23 178
23 139
23 114
23 96
23 27
23 24
23 44
23 38
171 122
171 135
171 168
171 143
171 148
171 61
171 188
171 175
171 97
171 47
171 160
171 36
171 67
171 54
171 157
171 2
171 46
171 163
171 104
171 124
171 15
171 136
171 112
171 69
66 56
66 219
66 19
66 26
66 143
66 148
66 134
66 185
66 32
66 25
66 77
66 158
66 114
66 75
66 21
66 27
66 104
66 138
66 45
66 79
66 204
66 132
50 22
50 102
50 179
50 151
50 131
50 172
50 130
50 142
50 3
50 73
50 67
50 54
50 51
50 82
50 129
50 200
50 4
50 83
50 197
50 75
50 163
50 89
50 7
50 107
50 181
50 192
50 69
91 56
91 143
91 100
91 175
91 127
91 47
91 86
91 191
91 73
91 93
91 158
91 94
91 218
91 29
91 15
91 161
91 207
91 204
202 109
202 211
202 125
202 151
202 130
202 141
202 142
202 68
202 0
202 186
202 178
202 96
202 146
202 107
202 203
202 17
122 22
122 219
122 159
122 156
122 113
122 215
122 189
122 61
122 128
122 95
122 175
122 37
122 142
122 187
122 54
122 186
122 63
122 138
122 7
122 90
122 212
122 120
122 166
122 136
122 101
196 123
196 219
196 113
196 182
196 205
196 126
196 100
196 175
196 97
196 121
196 36
196 73
196 54
196 216
196 4
196 183
196 114
196 11
196 163
196 161
196 120
39 34
39 108
39 205
39 80
39 6
39 121
39 142
39 147
39 25
39 33
39 145
39 54
39 52
39 105
39 21
39 133
39 57
39 44
39 120
39 92
123 179
123 214
123 34
123 58
123 165
123 148
123 110
123 99
123 36
123 78
123 145
123 0
123 93
123 94
123 178
123 7
123 15
123 120
123 166
123 213
56 109
56 182
56 116
56 149
56 160
56 145
56 0
56 52
56 2
56 94
56 153
56 218
56 138
56 15
56 41
22 113
22 34
22 215
22 26
22 155
22 72
22 68
22 51
22 106
22 21
22 44
22 18
22 17
109 70
109 125
109 151
109 58
109 126
109 195
109 134
109 97
109 103
109 65
109 82
109 105
109 16
109 218
109 89
109 18
109 28
109 41
109 166
109 162
98 102
98 9
98 58
98 100
98 185
98 72
98 142
98 160
98 3
98 73
98 54
98 29
98 146
98 212
98 136
219 70
219 179
219 206
219 169
219 61
219 134
219 121
219 32
219 127
219 194
219 2
219 105
219 178
219 63
219 7
219 203
219 92
211 206
211 214
211 76
211 58
211 140
211 110
211 128
211 100
211 20
211 175
211 121
211 72
211 141
211 147
211 5
211 54
211 152
211 65
211 105
211 30
211 83
211 208
211 199
211 16
211 201
211 45
211 136
159 182
159 180
159 177
159 144
159 1
159 137
159 121
159 82
159 105
159 63
159 24
159 107
159 112
70 143
70 80
70 128
70 95
70 155
70 0
70 186
70 173
70 197
70 11
70 218
70 14
70 79
70 101
70 193
70 17
70 132
135 125
135 182
135 214
135 168
135 180
135 215
135 84
135 37
135 127
135 47
135 160
135 86
135 78
135 103
135 77
135 51
135 2
135 129
135 105
135 153
135 29
135 27
135 101
135 204
135 132
81 125
81 19
81 214
81 76
81 172
81 37
81 149
81 142
81 119
81 191
81 3
81 208
81 197
81 96
81 24
81 41
81 8
156 179
156 168
156 169
156 143
156 172
156 148
156 134
156 97
156 103
156 152
156 63
156 89
156 69
156 162
125 180
125 26
125 110
125 87
125 144
125 20
125 97
125 155
125 36
125 103
125 111
125 93
125 158
125 216
125 105
125 63
125 31
125 138
125 90
125 120
125 92
102 131
102 215
102 117
102 205
102 126
102 35
102 172
102 72
102 47
102 5
102 186
102 93
102 65
102 178
102 4
102 106
102 21
102 217
102 192
102 170
102 17
102 92
179 113
179 215
179 148
179 61
179 128
179 134
179 158
179 65
179 2
179 105
179 197
179 21
179 209
179 24
179 124
179 7
179 107
179 166
85 168
85 130
85 100
85 188
85 116
85 47
85 78
85 67
85 51
85 65
85 42
85 115
85 27
85 18
85 107
85 203
85 181
85 166
85 136
85 38
85 17
85 69
19 206
19 58
19 188
19 121
19 116
19 47
19 142
19 119
19 145
19 0
19 186
19 178
19 173
19 16
19 28
19 45
113 151
113 168
113 117
113 58
113 185
113 188
113 37
113 191
113 78
113 111
113 65
113 178
113 46
113 27
113 209
113 44
113 120
113 166
113 101
113 112
182 26
182 35
182 137
182 86
182 77
182 51
182 153
182 106
182 11
182 115
182 14
182 24
182 161
182 181
182 38
206 168
206 131
206 117
206 126
206 35
206 130
206 6
206 20
206 137
206 86
206 3
206 73
206 145
206 111
206 158
206 157
206 114
206 201
206 24
206 57
206 212
206 193
206 204
206 92
151 61
151 110
151 37
151 149
151 51
151 129
151 94
151 208
151 218
151 75
151 29
151 163
151 96
151 90
151 193
151 132
214 108
214 143
214 195
214 87
214 155
214 36
214 152
214 65
214 71
214 114
214 16
214 89
214 7
214 120
214 45
214 213
214 69
214 162
154 175
154 3
154 68
154 54
154 82
154 129
154 197
154 89
154 24
154 7
154 15
154 18
154 90
154 203
154 17
34 215
34 172
34 140
34 20
34 155
34 32
34 72
34 103
34 145
34 71
34 153
34 30
34 27
34 209
34 104
34 124
34 203
34 192
34 170
34 101
76 35
76 1
76 116
76 72
76 194
76 67
76 114
76 197
76 29
76 163
76 104
76 57
76 15
76 204
76 162
168 87
168 32
168 47
168 119
168 191
168 5
168 111
168 54
168 157
168 42
168 14
168 28
168 204
168 17
168 92
131 9
131 117
131 169
131 110
131 80
131 127
131 12
131 25
131 73
131 0
131 77
131 111
131 186
131 2
131 200
131 208
131 57
131 207
131 181
131 192
131 166
180 177
180 117
180 143
180 134
180 37
180 147
180 194
180 73
180 178
180 75
180 21
180 15
180 162
108 140
108 61
108 80
108 144
108 185
108 6
108 99
108 175
108 116
108 142
108 3
108 199
108 27
108 104
108 15
108 53
108 45
108 112
177 117
177 143
177 37
177 32
177 194
177 68
177 52
177 158
177 157
177 2
177 96
177 89
177 181
177 79
177 101
177 213
177 92
9 165
9 195
9 110
9 100
9 99
9 97
9 127
9 187
9 77
9 94
9 199
9 89
9 57
9 18
9 38
9 132
9 69
215 189
215 26
215 143
215 188
215 119
215 36
215 3
215 33
215 71
215 30
215 173
215 139
215 163
215 28
215 17
215 132
117 169
117 130
117 185
117 84
117 116
117 141
117 191
117 68
117 103
117 51
117 129
117 200
117 218
117 124
117 15
117 107
117 166
117 204
189 172
189 61
189 6
189 1
189 97
189 187
189 210
189 25
189 54
189 65
189 106
189 101
205 126
205 143
205 148
205 80
205 95
205 175
205 137
205 37
205 12
205 68
205 103
205 94
205 83
205 75
205 163
205 27
205 209
205 53
205 45
205 181
205 170
205 79
58 126
58 148
58 37
58 127
58 149
58 187
58 210
58 77
58 153
58 42
58 83
58 75
58 29
58 31
58 24
165 99
165 175
165 1
165 149
165 72
165 141
165 36
165 73
165 65
165 153
165 114
165 75
165 21
165 89
165 212
165 162
169 26
169 35
169 72
169 119
169 147
169 191
169 52
169 82
169 71
169 200
169 21
169 163
169 96
169 161
169 79
26 6
26 188
26 99
26 97
26 210
26 86
26 3
26 33
26 73
26 158
26 2
26 83
26 115
26 163
26 63
26 44
26 124
26 120
26 8
26 69
126 110
126 80
126 6
126 37
126 191
126 33
126 73
126 111
126 67
126 186
126 71
126 153
126 183
126 163
126 212
126 41
126 166
126 17
143 100
143 20
143 99
143 149
143 142
143 145
143 77
143 158
143 71
143 178
143 83
143 15
143 53
143 101
143 193
35 6
35 20
35 99
35 111
35 11
35 218
35 75
35 21
35 133
35 89
35 7
35 204
172 61
172 100
172 32
172 111
172 93
172 157
172 2
172 105
172 183
172 197
172 29
172 104
172 138
172 28
172 166
172 136
195 99
195 84
195 142
195 210
195 25
195 145
195 30
195 183
195 115
195 63
195 27
195 104
195 44
195 124
195 166
195 38
148 188
148 84
148 72
148 47
148 152
148 65
148 71
148 94
148 30
148 46
148 217
148 57
148 18
148 90
148 79
148 17
140 95
140 32
140 116
140 47
140 119
140 187
140 54
140 216
140 42
140 199
140 139
140 115
140 63
140 89
140 28
140 181
140 166
61 188
61 99
61 84
61 137
61 32
61 12
61 54
61 157
61 4
61 42
61 183
61 199
61 106
61 114
61 46
61 115
61 44
61 192
61 69
110 144
110 134
110 137
110 12
110 145
110 152
110 216
110 30
110 199
110 146
110 31
110 104
110 124
110 8
110 213
130 144
130 188
130 175
130 1
130 137
130 141
130 147
130 3
130 51
130 129
130 94
130 199
130 209
130 104
130 24
130 7
130 161
130 193
80 6
80 99
80 84
80 86
80 129
80 105
80 94
80 46
80 124
80 107
128 134
128 188
128 149
128 160
128 191
128 94
128 139
128 114
128 104
87 20
87 155
87 127
87 12
87 194
87 3
87 67
87 158
87 82
87 178
87 114
87 75
87 146
87 31
87 161
87 204
144 188
144 20
144 116
144 149
144 187
144 191
144 103
144 77
144 93
144 82
144 105
144 209
144 44
144 15
144 90
144 203
144 101
144 132
100 6
100 155
100 194
100 68
100 65
100 139
100 201
100 14
100 57
100 79
134 188
134 175
134 137
134 160
134 68
134 78
134 11
134 75
134 163
134 96
134 89
134 107
134 120
134 207
134 192
134 166
134 112
134 69
185 20
185 137
185 187
185 68
185 145
185 16
185 209
185 31
185 104
185 138
185 212
185 45
185 92
95 6
95 187
95 68
95 33
95 178
95 200
95 30
95 31
95 15
95 18
95 79
95 8
6 188
6 20
6 12
6 147
6 25
6 68
6 158
6 65
6 129
6 153
6 75
6 146
6 133
6 104
6 8
6 69
188 175
188 210
188 67
188 65
188 105
188 146
188 138
188 57
188 15
188 161
188 120
188 79
188 92
188 132
188 162
20 175
20 155
20 32
20 116
20 47
20 142
20 119
20 210
20 103
20 186
20 2
20 173
20 106
20 75
20 115
20 204
20 38
20 213
99 175
99 155
99 121
99 72
99 141
99 12
99 142
99 36
99 86
99 191
99 5
99 145
99 111
99 93
99 52
99 178
99 30
99 208
99 27
99 217
99 124
99 7
99 41
99 203
99 170
99 17
99 69
84 37
84 149
84 78
84 75
84 163
84 27
84 161
84 120
84 45
84 8
84 213
175 155
175 119
175 77
175 94
175 201
175 146
175 24
175 161
175 207
175 45
175 166
175 136
175 8
175 92
1 37
1 32
1 142
1 0
1 51
1 153
1 30
1 173
1 114
1 16
1 27
1 138
1 15
1 18
1 28
1 101
97 3
97 33
97 51
97 114
97 101
97 213
155 149
155 145
155 186
155 18
155 53
155 170
137 37
137 141
137 78
137 186
137 65
137 82
137 129
137 153
137 96
137 138
37 32
37 73
37 152
37 65
37 94
37 199
37 139
37 11
37 75
37 96
37 146
37 90
37 120
37 203
37 192
37 166
37 79
37 8
121 210
121 86
121 5
121 145
121 93
121 152
121 218
121 75
121 31
121 90
121 107
121 41
121 170
121 136
121 92
121 162
32 127
32 86
32 3
32 25
32 68
32 77
32 93
32 199
32 21
32 146
32 24
32 28
32 41
116 127
116 47
116 3
116 78
116 73
116 51
116 65
116 153
116 199
116 16
116 163
116 44
116 212
116 120
116 41
116 112
127 191
127 3
127 68
127 103
127 145
127 51
127 186
127 65
127 216
127 153
127 46
127 29
127 18
127 212
127 79
149 54
149 65
149 105
149 89
149 31
149 120
149 41
149 101
149 112
72 5
72 3
72 111
72 51
72 105
72 21
72 133
72 8
141 47
141 77
141 67
141 51
141 93
141 199
141 218
141 29
141 27
141 14
141 31
141 161
141 207
141 136
141 8
47 78
47 103
47 111
47 93
47 65
47 157
47 42
47 115
47 29
47 209
47 57
47 28
47 213
12 210
12 194
12 103
12 54
12 186
12 158
12 2
12 183
12 133
12 89
12 44
12 18
12 45
12 213
142 191
142 103
142 30
142 63
142 201
142 27
142 31
142 120
142 41
160 119
160 73
160 186
160 200
160 15
160 90
160 161
160 203
160 213
119 78
119 93
119 152
119 158
119 105
119 201
119 27
119 44
119 161
119 45
119 38
36 186
36 157
36 183
36 197
36 44
36 45
36 101
36 38
36 17
36 132
147 187
147 86
147 191
147 77
147 67
147 157
147 105
147 178
147 208
147 139
147 201
147 124
147 161
187 0
187 52
187 152
187 105
187 4
187 42
187 11
187 115
187 166
187 170
210 86
210 191
210 5
210 51
210 82
210 153
210 106
210 16
210 21
210 89
210 207
210 92
86 5
86 3
86 200
86 106
86 11
86 133
86 41
86 79
86 136
86 101
86 193
191 3
191 111
191 51
191 65
191 178
191 163
191 31
191 79
191 132
194 2
194 209
194 217
194 207
194 101
194 213
5 51
5 178
5 30
5 83
5 197
5 46
5 63
5 96
5 138
5 7
5 107
5 41
5 136
3 2
3 153
3 218
3 201
3 96
3 133
3 89
3 161
3 212
3 101
3 92
25 68
25 51
25 93
25 139
25 133
25 217
25 120
25 170
25 213
25 92
68 65
68 199
68 197
68 11
68 96
68 133
68 24
68 217
68 124
68 136
68 112
68 162
78 77
78 111
78 93
78 42
78 208
78 31
78 57
78 18
78 45
78 192
78 170
78 112
78 8
33 67
33 82
33 105
33 208
33 106
33 16
33 96
33 209
33 15
33 18
73 216
73 153
73 42
73 208
73 218
73 21
73 163
73 133
73 31
73 161
73 107
73 212
103 75
103 209
103 138
103 44
103 107
103 192
103 166
103 101
103 8
145 67
145 186
145 152
145 82
145 178
145 200
145 115
145 146
145 14
145 44
145 45
145 192
0 111
0 65
0 2
0 105
0 75
0 63
0 31
0 57
77 2
77 153
77 146
77 104
77 138
77 7
77 53
111 52
111 216
111 24
111 18
111 203
67 54
67 93
67 158
67 2
67 4
67 139
67 163
67 201
67 96
67 89
67 90
67 192
67 204
67 38
67 162
54 216
54 82
54 153
54 30
54 208
54 133
54 15
51 93
51 157
51 139
51 11
51 218
51 115
51 18
51 28
51 204
186 105
186 94
186 208
186 75
186 115
186 31
186 7
186 15
186 212
186 203
186 45
93 129
93 178
93 16
93 63
93 31
93 18
93 204
52 129
52 183
52 173
52 139
52 11
52 75
52 14
52 44
52 161
52 53
52 38
52 112
52 17
152 153
152 42
152 115
152 203
152 79
152 162
158 4
158 197
158 218
158 162
65 200
65 63
65 209
65 120
65 181
65 213
65 92
157 106
157 201
157 207
157 181
216 71
216 106
216 139
216 115
216 24
216 170
216 79
216 136
216 193
216 8
82 42
82 139
82 63
82 138
82 57
82 124
82 7
82 18
82 170
2 71
2 173
2 133
2 31
2 104
2 18
2 107
2 181
2 92
2 132
2 69
129 197
129 11
129 96
129 217
129 161
129 212
129 136
71 94
71 42
71 75
71 201
71 217
71 138
71 53
71 162
105 208
105 139
105 114
105 124
105 15
105 112
94 208
94 15
94 18
94 41
94 112
94 213
178 153
178 173
178 199
178 197
178 115
178 107
178 170
178 38
178 112
200 199
200 114
200 213
200 92
200 132
4 115
4 96
4 89
4 104
4 138
4 90
4 79
4 112
4 17
153 14
153 104
153 217
153 204
153 8
153 132
30 218
30 46
30 163
30 45
30 181
30 192
30 162
42 114
42 75
42 138
42 161
42 45
42 181
42 8
183 83
183 21
183 31
183 57
183 124
183 15
183 207
83 199
83 16
83 46
83 217
83 44
83 92
208 139
208 24
208 18
173 163
173 27
173 18
173 53
173 45
173 170
173 8
173 92
199 90
199 204
199 92
106 218
106 18
106 161
139 115
139 24
139 161
139 193
114 201
114 89
114 24
114 15
114 212
114 170
114 79
114 136
114 101
114 69
197 24
197 7
197 181
11 96
11 89
11 217
11 44
11 90
11 107
11 28
11 79
11 162
16 75
16 217
16 124
16 90
16 28
16 212
16 41
16 170
16 112
218 21
218 163
218 146
218 89
218 161
218 120
218 192
218 162
46 163
46 27
46 161
46 53
46 207
75 44
75 107
75 112
75 8
75 92
75 132
75 69
115 57
115 7
115 15
115 90
115 107
115 41
115 203
115 79
115 204
21 201
21 138
21 7
21 41
21 203
21 192
21 8
21 69
29 146
29 57
29 207
29 181
29 136
29 112
29 132
163 96
163 104
163 15
163 28
163 101
163 132
163 69
63 209
63 14
63 89
63 57
63 207
63 181
63 170
63 112
201 28
201 101
201 92
96 31
96 104
96 24
96 57
96 161
96 207
96 166
96 92
27 107
146 89
146 15
146 45
146 38
146 213
146 132
133 89
133 138
133 57
133 28
133 45
209 89
209 138
209 124
209 28
209 203
209 192
14 89
14 107
14 53
14 136
14 92
14 69
89 124
89 45
89 166
31 217
31 44
31 79
31 38
31 112
31 92
104 15
104 79
24 112
24 213
217 138
217 7
217 90
217 212
138 161
57 18
57 45
57 213
44 7
44 101
44 38
44 8
44 132
124 120
124 101
7 136
7 132
15 28
15 136
18 203
18 136
90 170
90 79
90 112
90 8
90 213
161 203
161 45
161 193
107 212
107 207
107 45
107 192
28 53
28 181
28 204
28 92
212 204
212 17
120 112
41 112
41 213
41 162
53 112
53 8
203 181
203 17
203 92
203 132
203 162
207 170
207 136
207 38
45 112
181 166
181 101
181 162
192 204
166 213
166 162
170 8
79 101
79 193
79 69
136 193
136 162
193 162
38 162
213 92
