*verties 196
28
127
188
22
116
120
204
181
112
53
93
156
48
84
104
49
57
166
74
102
73
58
142
41
155
103
117
165
34
44
141
59
129
185
132
38
167
107
39
78
45
184
157
1
149
134
131
212
27
122
154
60
100
6
148
209
202
99
32
21
25
20
92
191
135
114
13
37
31
144
83
110
36
192
200
211
138
183
128
85
91
101
29
66
172
24
210
77
160
68
63
30
213
3
51
96
35
169
182
126
178
108
124
46
180
206
87
208
43
147
115
4
215
219
216
194
90
89
186
9
69
72
79
94
14
203
40
136
214
187
207
67
218
179
139
189
98
12
80
5
171
62
105
10
217
140
61
137
125
65
119
143
175
162
111
86
50
2
173
151
71
95
23
152
161
201
190
193
164
174
199
158
168
133
7
205
197
198
153
145
55
97
19
123
118
16
195
8
150
106
18
70
170
42
17
56
*edges 
28 127
28 22
28 116
28 181
28 156
28 166
28 74
28 58
28 142
28 165
28 141
28 184
28 1
28 212
28 60
28 100
28 148
28 32
28 21
28 20
28 92
28 191
28 31
28 144
28 83
28 36
28 211
28 138
28 128
28 91
28 160
28 63
28 3
28 51
28 182
28 206
28 43
28 219
28 89
28 69
28 72
28 79
28 94
28 203
28 187
28 139
28 5
28 171
28 62
28 217
28 65
28 143
28 175
28 111
28 50
28 2
28 173
28 201
28 174
28 199
28 133
28 205
28 145
28 118
28 17
127 120
127 112
127 53
127 156
127 84
127 104
127 166
127 74
127 155
127 103
127 117
127 165
127 59
127 129
127 184
127 134
127 212
127 20
127 92
127 114
127 144
127 192
127 200
127 101
127 77
127 160
127 68
127 63
127 213
127 3
127 169
127 178
127 124
127 180
127 87
127 208
127 147
127 215
127 219
127 89
127 94
127 14
127 187
127 179
127 62
127 217
127 140
127 119
127 175
127 162
127 2
127 173
127 95
127 161
127 201
127 174
127 158
127 168
127 205
127 198
127 97
127 19
127 195
127 106
127 18
127 17
188 93
188 156
188 84
188 73
188 58
188 34
188 44
188 59
188 129
188 38
188 39
188 78
188 45
188 184
188 157
188 27
188 154
188 99
188 32
188 25
188 92
188 191
188 31
188 144
188 36
188 200
188 211
188 183
188 128
188 172
188 210
188 77
188 213
188 35
188 169
188 182
188 108
188 124
188 206
188 87
188 208
188 194
188 90
188 89
188 69
188 72
188 94
188 214
188 67
188 80
188 171
188 62
188 105
188 61
188 175
188 111
188 173
188 151
188 152
188 201
188 190
188 193
188 158
188 168
188 7
188 205
188 198
188 97
188 118
188 56
22 116
22 204
22 181
22 84
22 166
22 41
22 34
22 44
22 184
22 149
22 134
22 154
22 209
22 202
22 99
22 20
22 114
22 31
22 144
22 192
22 200
22 138
22 128
22 91
22 101
22 172
22 68
22 63
22 30
22 213
22 3
22 96
22 178
22 206
22 87
22 43
22 115
22 216
22 186
22 9
22 14
22 214
22 67
22 218
22 179
22 139
22 98
22 12
22 80
22 171
22 105
22 217
22 140
22 125
22 143
22 50
22 95
22 193
22 174
22 199
22 158
22 7
22 205
22 197
22 55
22 19
22 123
22 16
22 170
22 42
116 120
116 204
116 181
116 53
116 93
116 104
116 166
116 102
116 142
116 165
116 34
116 59
116 185
116 167
116 39
116 212
116 60
116 209
116 202
116 99
116 114
116 36
116 211
116 183
116 128
116 85
116 29
116 66
116 63
116 96
116 169
116 124
116 208
116 115
116 90
116 89
116 69
116 72
116 79
116 136
116 214
116 67
116 12
116 5
116 171
116 217
116 137
116 125
116 65
116 86
116 2
116 71
116 95
116 190
116 193
116 164
116 199
116 168
116 133
116 7
116 197
116 123
116 118
116 8
116 106
116 18
116 70
120 181
120 48
120 166
120 34
120 141
120 59
120 185
120 132
120 38
120 45
120 27
120 122
120 60
120 100
120 148
120 99
120 32
120 21
120 20
120 92
120 135
120 37
120 31
120 144
120 36
120 138
120 128
120 77
120 160
120 68
120 213
120 51
120 178
120 180
120 208
120 43
120 147
120 219
120 90
120 186
120 9
120 69
120 72
120 94
120 203
120 40
120 187
120 218
120 179
120 139
120 12
120 105
120 140
120 125
120 111
120 173
120 161
120 201
120 164
120 158
120 7
120 205
120 145
120 19
120 123
120 16
120 195
120 150
120 170
120 42
120 56
204 156
204 48
204 49
204 102
204 142
204 41
204 155
204 103
204 117
204 165
204 34
204 39
204 149
204 134
204 131
204 27
204 154
204 6
204 148
204 32
204 13
204 31
204 36
204 183
204 128
204 91
204 101
204 172
204 160
204 30
204 3
204 51
204 35
204 169
204 108
204 46
204 87
204 215
204 219
204 79
204 94
204 14
204 40
204 187
204 179
204 139
204 12
204 5
204 171
204 140
204 125
204 65
204 162
204 50
204 2
204 173
204 95
204 152
204 199
204 168
204 133
204 205
204 153
204 123
204 195
204 150
204 106
204 18
204 42
204 56
181 112
181 48
181 84
181 166
181 102
181 117
181 34
181 141
181 129
181 167
181 107
181 78
181 157
181 131
181 27
181 122
181 148
181 135
181 114
181 37
181 110
181 36
181 192
181 183
181 85
181 29
181 24
181 210
181 30
181 3
181 46
181 206
181 43
181 4
181 219
181 194
181 89
181 186
181 69
181 72
181 203
181 136
181 214
181 187
181 218
181 139
181 189
181 98
181 80
181 62
181 119
181 95
181 161
181 190
181 164
181 205
181 197
181 198
181 153
181 55
181 16
181 8
181 150
112 156
112 84
112 74
112 73
112 58
112 142
112 41
112 103
112 34
112 185
112 132
112 45
112 149
112 154
112 60
112 100
112 6
112 148
112 209
112 202
112 20
112 144
112 83
112 110
112 36
112 192
112 85
112 91
112 172
112 160
112 30
112 51
112 169
112 180
112 206
112 208
112 219
112 216
112 194
112 90
112 72
112 79
112 187
112 98
112 12
112 61
112 119
112 162
112 111
112 50
112 201
112 190
112 193
112 164
112 153
112 145
112 55
112 97
112 170
112 42
53 84
53 104
53 49
53 57
53 166
53 74
53 73
53 142
53 41
53 165
53 44
53 141
53 59
53 167
53 107
53 39
53 78
53 157
53 1
53 212
53 60
53 21
53 25
53 191
53 37
53 29
53 172
53 160
53 3
53 182
53 126
53 180
53 206
53 208
53 43
53 147
53 115
53 219
53 216
53 9
53 72
53 207
53 67
53 189
53 217
53 143
53 86
53 2
53 151
53 201
53 164
53 158
53 168
53 198
53 153
53 55
53 97
53 123
53 150
53 18
93 104
93 49
93 166
93 73
93 117
93 44
93 129
93 39
93 1
93 134
93 212
93 154
93 148
93 202
93 99
93 32
93 13
93 37
93 144
93 110
93 200
93 211
93 183
93 128
93 85
93 91
93 29
93 66
93 77
93 63
93 35
93 169
93 108
93 124
93 147
93 115
93 4
93 215
93 79
93 94
93 14
93 136
93 179
93 189
93 12
93 5
93 171
93 217
93 140
93 137
93 125
93 143
93 2
93 173
93 152
93 161
93 168
93 133
93 7
93 205
93 97
93 123
93 195
93 8
93 17
156 48
156 84
156 57
156 74
156 58
156 117
156 34
156 167
156 1
156 134
156 131
156 212
156 122
156 154
156 148
156 202
156 32
156 20
156 114
156 13
156 37
156 31
156 83
156 36
156 192
156 66
156 172
156 160
156 68
156 30
156 213
156 126
156 108
156 46
156 180
156 87
156 208
156 147
156 115
156 9
156 69
156 79
156 14
156 218
156 12
156 105
156 10
156 61
156 119
156 173
156 201
156 164
156 158
156 7
156 145
156 55
156 97
156 19
156 123
156 118
156 195
156 18
156 42
156 56
48 104
48 57
48 166
48 58
48 142
48 103
48 44
48 185
48 78
48 45
48 149
48 131
48 122
48 154
48 60
48 6
48 209
48 202
48 21
48 92
48 191
48 135
48 144
48 83
48 200
48 91
48 101
48 172
48 24
48 77
48 68
48 169
48 182
48 126
48 124
48 206
48 208
48 147
48 115
48 4
48 219
48 216
48 90
48 72
48 79
48 14
48 40
48 98
48 12
48 62
48 105
48 10
48 140
48 125
48 119
48 175
48 162
48 86
48 50
48 2
48 173
48 95
48 23
48 161
48 190
48 164
48 174
48 199
48 158
48 133
48 153
48 145
48 97
48 118
48 16
48 195
48 106
48 70
84 57
84 166
84 41
84 155
84 103
84 117
84 34
84 44
84 167
84 78
84 184
84 134
84 122
84 154
84 6
84 209
84 202
84 20
84 37
84 144
84 110
84 192
84 200
84 183
84 85
84 101
84 66
84 210
84 68
84 63
84 30
84 3
84 46
84 206
84 90
84 186
84 72
84 79
84 187
84 139
84 98
84 10
84 137
84 65
84 143
84 86
84 71
84 158
84 7
84 198
84 145
84 55
84 19
84 118
84 18
84 17
84 56
104 102
104 73
104 58
104 41
104 103
104 165
104 34
104 129
104 185
104 38
104 39
104 78
104 45
104 157
104 149
104 27
104 60
104 6
104 148
104 202
104 21
104 25
104 92
104 37
104 83
104 110
104 192
104 200
104 63
104 96
104 169
104 206
104 43
104 4
104 69
104 72
104 136
104 187
104 207
104 179
104 12
104 80
104 10
104 217
104 137
104 119
104 50
104 151
104 23
104 161
104 201
104 190
104 193
104 164
104 174
104 199
104 158
104 133
104 153
104 118
104 195
104 8
104 150
104 106
104 70
104 17
49 102
49 142
49 165
49 34
49 141
49 129
49 167
49 107
49 45
49 1
49 60
49 6
49 25
49 114
49 13
49 31
49 144
49 36
49 138
49 101
49 66
49 172
49 24
49 210
49 160
49 213
49 169
49 87
49 43
49 147
49 215
49 219
49 194
49 69
49 79
49 136
49 67
49 218
49 62
49 61
49 125
49 143
49 173
49 201
49 193
49 174
49 55
49 97
49 118
49 16
49 8
49 106
49 170
49 17
57 142
57 41
57 155
57 165
57 44
57 167
57 39
57 149
57 154
57 6
57 209
57 202
57 99
57 92
57 13
57 83
57 192
57 200
57 183
57 128
57 85
57 29
57 172
57 213
57 169
57 124
57 206
57 208
57 215
57 194
57 89
57 9
57 72
57 79
57 203
57 40
57 218
57 217
57 140
57 125
57 65
57 95
57 193
57 174
57 199
57 7
57 153
57 145
57 97
57 123
57 18
57 17
166 102
166 41
166 155
166 103
166 117
166 38
166 184
166 157
166 1
166 149
166 131
166 212
166 60
166 148
166 209
166 99
166 32
166 21
166 25
166 92
166 191
166 192
166 211
166 183
166 77
166 160
166 68
166 213
166 51
166 169
166 178
166 108
166 180
166 206
166 208
166 43
166 147
166 215
166 216
166 14
166 136
166 214
166 187
166 67
166 218
166 179
166 139
166 189
166 98
166 12
166 105
166 137
166 125
166 143
166 175
166 86
166 50
166 2
166 152
166 201
166 190
166 193
166 174
166 168
166 198
166 153
166 55
166 97
166 118
166 150
166 170
74 102
74 141
74 59
74 129
74 185
74 39
74 184
74 157
74 131
74 27
74 122
74 148
74 202
74 99
74 32
74 25
74 92
74 135
74 13
74 37
74 110
74 183
74 91
74 101
74 29
74 24
74 77
74 30
74 213
74 3
74 96
74 46
74 180
74 115
74 186
74 72
74 14
74 136
74 67
74 12
74 80
74 162
74 111
74 173
74 151
74 71
74 201
74 164
74 7
74 145
74 55
74 19
74 16
74 195
74 70
102 58
102 41
102 117
102 141
102 132
102 45
102 131
102 27
102 122
102 100
102 6
102 209
102 202
102 25
102 83
102 211
102 101
102 29
102 24
102 77
102 68
102 30
102 182
102 87
102 115
102 4
102 215
102 219
102 216
102 90
102 69
102 79
102 94
102 214
102 207
102 218
102 179
102 98
102 12
102 80
102 10
102 140
102 61
102 143
102 175
102 111
102 50
102 95
102 23
102 161
102 190
102 174
102 199
102 158
102 198
102 97
102 19
102 195
102 8
102 70
102 17
73 165
73 132
73 167
73 45
73 184
73 157
73 122
73 154
73 100
73 25
73 31
73 83
73 110
73 36
73 192
73 211
73 66
73 172
73 210
73 63
73 30
73 182
73 126
73 178
73 108
73 180
73 206
73 208
73 219
73 9
73 136
73 214
73 139
73 98
73 12
73 5
73 105
73 61
73 162
73 2
73 151
73 23
73 161
73 201
73 193
73 199
73 7
73 153
73 145
73 97
73 42
73 17
58 155
58 34
58 44
58 132
58 38
58 107
58 39
58 78
58 45
58 1
58 212
58 6
58 21
58 114
58 37
58 144
58 83
58 110
58 211
58 101
58 29
58 172
58 68
58 213
58 169
58 126
58 124
58 46
58 208
58 147
58 115
58 219
58 194
58 9
58 69
58 40
58 214
58 80
58 217
58 140
58 137
58 119
58 143
58 111
58 50
58 95
58 23
58 164
58 199
58 158
58 197
58 145
58 97
58 123
58 16
58 70
58 42
142 155
142 103
142 165
142 59
142 129
142 39
142 78
142 134
142 131
142 209
142 32
142 25
142 92
142 191
142 135
142 114
142 13
142 37
142 83
142 91
142 101
142 24
142 160
142 63
142 30
142 213
142 3
142 96
142 169
142 178
142 124
142 180
142 206
142 87
142 115
142 4
142 90
142 14
142 136
142 214
142 179
142 12
142 105
142 10
142 111
142 50
142 2
142 151
142 193
142 199
142 205
142 197
142 55
142 123
142 118
142 16
142 8
142 106
142 56
41 117
41 44
41 59
41 129
41 132
41 167
41 107
41 78
41 157
41 149
41 131
41 122
41 191
41 114
41 13
41 37
41 144
41 200
41 183
41 66
41 24
41 210
41 169
41 46
41 43
41 79
41 187
41 218
41 189
41 12
41 80
41 140
41 2
41 151
41 161
41 164
41 158
41 7
41 198
41 153
41 145
41 19
41 16
41 150
155 117
155 34
155 185
155 38
155 78
155 45
155 184
155 157
155 1
155 149
155 131
155 100
155 148
155 99
155 32
155 135
155 13
155 83
155 110
155 36
155 183
155 128
155 24
155 210
155 160
155 63
155 213
155 3
155 35
155 182
155 178
155 46
155 180
155 87
155 4
155 215
155 219
155 89
155 186
155 94
155 40
155 187
155 207
155 67
155 98
155 5
155 62
155 125
155 65
155 119
155 111
155 86
155 23
155 161
155 7
155 19
155 170
155 42
155 56
103 117
103 34
103 129
103 107
103 157
103 134
103 212
103 27
103 154
103 100
103 6
103 32
103 25
103 92
103 135
103 13
103 83
103 200
103 85
103 101
103 66
103 30
103 96
103 108
103 46
103 87
103 4
103 216
103 194
103 89
103 69
103 203
103 67
103 189
103 12
103 171
103 175
103 162
103 50
103 2
103 23
103 152
103 161
103 168
103 197
103 19
103 16
103 195
103 18
103 70
117 34
117 141
117 59
117 185
117 1
117 27
117 100
117 135
117 37
117 31
117 83
117 36
117 200
117 138
117 66
117 77
117 68
117 30
117 51
117 35
117 182
117 178
117 46
117 180
117 206
117 208
117 147
117 4
117 215
117 89
117 186
117 9
117 69
117 80
117 5
117 62
117 105
117 10
117 61
117 175
117 50
117 173
117 71
117 95
117 161
117 190
117 193
117 164
117 168
117 133
117 205
117 55
117 123
117 118
117 150
117 106
117 70
117 170
117 17
165 34
165 167
165 39
165 45
165 184
165 1
165 212
165 21
165 191
165 114
165 83
165 110
165 36
165 183
165 128
165 85
165 24
165 68
165 213
165 3
165 96
165 178
165 206
165 208
165 43
165 147
165 219
165 194
165 186
165 9
165 69
165 72
165 94
165 214
165 187
165 207
165 67
165 12
165 5
165 171
165 105
165 10
165 217
165 137
165 143
165 175
165 162
165 111
165 151
165 95
165 190
165 164
165 174
165 199
165 168
165 133
165 205
165 197
165 145
165 19
165 123
165 150
165 106
165 70
165 42
34 185
34 39
34 78
34 27
34 122
34 154
34 100
34 6
34 209
34 20
34 135
34 114
34 37
34 31
34 83
34 36
34 192
34 128
34 85
34 91
34 172
34 24
34 160
34 96
34 169
34 182
34 124
34 180
34 115
34 4
34 219
34 194
34 186
34 69
34 79
34 94
34 136
34 214
34 67
34 139
34 80
34 5
34 105
34 143
34 175
34 50
34 2
34 71
34 152
34 201
34 193
34 158
34 7
34 205
34 145
34 97
34 123
34 150
34 106
34 18
34 17
44 59
44 185
44 38
44 39
44 184
44 157
44 149
44 134
44 131
44 154
44 60
44 99
44 25
44 92
44 144
44 110
44 36
44 192
44 183
44 85
44 91
44 29
44 77
44 68
44 63
44 30
44 3
44 51
44 35
44 108
44 46
44 206
44 147
44 115
44 4
44 215
44 219
44 216
44 194
44 187
44 80
44 171
44 65
44 119
44 111
44 86
44 50
44 201
44 174
44 199
44 168
44 205
44 153
44 145
44 123
44 150
44 70
44 42
141 59
141 185
141 167
141 39
141 212
141 60
141 100
141 202
141 99
141 21
141 25
141 20
141 135
141 114
141 37
141 110
141 138
141 85
141 101
141 24
141 160
141 213
141 178
141 46
141 87
141 208
141 194
141 136
141 218
141 12
141 171
141 10
141 217
141 140
141 137
141 143
141 86
141 2
141 95
141 152
141 201
141 158
141 55
141 97
141 123
141 106
141 170
141 17
141 56
59 38
59 107
59 39
59 45
59 1
59 27
59 122
59 60
59 148
59 202
59 20
59 92
59 191
59 135
59 114
59 13
59 31
59 211
59 138
59 183
59 85
59 91
59 29
59 210
59 160
59 63
59 3
59 96
59 182
59 126
59 124
59 46
59 180
59 87
59 43
59 115
59 215
59 219
59 216
59 186
59 72
59 79
59 187
59 207
59 67
59 98
59 12
59 5
59 62
59 140
59 137
59 119
59 175
59 162
59 111
59 2
59 173
59 151
59 152
59 161
59 168
59 197
59 198
59 145
59 55
59 97
59 123
59 8
59 150
59 18
59 70
59 17
129 185
129 132
129 167
129 184
129 157
129 134
129 131
129 27
129 122
129 6
129 32
129 21
129 92
129 37
129 144
129 83
129 36
129 128
129 85
129 101
129 77
129 160
129 213
129 96
129 182
129 126
129 108
129 219
129 216
129 90
129 186
129 9
129 72
129 94
129 203
129 67
129 139
129 98
129 12
129 10
129 217
129 61
129 143
129 162
129 71
129 152
129 168
129 133
129 7
129 205
129 55
129 19
129 195
129 106
129 18
129 70
129 17
129 56
185 107
185 184
185 134
185 122
185 100
185 99
185 32
185 21
185 25
185 20
185 92
185 114
185 13
185 200
185 138
185 183
185 29
185 66
185 210
185 30
185 182
185 126
185 180
185 206
185 87
185 4
185 216
185 194
185 186
185 9
185 79
185 203
185 40
185 214
185 187
185 12
185 62
185 61
185 86
185 173
185 95
185 161
185 201
185 174
185 199
185 97
185 16
185 8
185 150
185 56
132 107
132 45
132 134
132 202
132 99
132 21
132 25
132 92
132 85
132 91
132 77
132 160
132 63
132 30
132 51
132 108
132 124
132 180
132 87
132 43
132 147
132 219
132 216
132 9
132 72
132 79
132 94
132 14
132 5
132 105
132 61
132 137
132 125
132 143
132 2
132 151
132 161
132 201
132 190
132 199
132 168
132 153
132 55
132 123
132 16
132 195
132 8
132 106
132 170
132 17
38 167
38 149
38 134
38 212
38 27
38 154
38 209
38 202
38 99
38 135
38 13
38 37
38 192
38 211
38 128
38 160
38 68
38 63
38 108
38 46
38 206
38 208
38 43
38 147
38 215
38 219
38 216
38 194
38 90
38 69
38 203
38 40
38 136
38 187
38 207
38 67
38 98
38 80
38 171
38 62
38 119
38 175
38 162
38 50
38 2
38 173
38 152
38 161
38 164
38 133
38 197
38 97
38 8
38 18
38 70
167 107
167 39
167 78
167 45
167 131
167 60
167 6
167 20
167 31
167 200
167 91
167 101
167 172
167 126
167 108
167 46
167 180
167 206
167 208
167 4
167 215
167 216
167 194
167 89
167 186
167 9
167 214
167 218
167 179
167 139
167 189
167 5
167 62
167 137
167 125
167 119
167 86
167 50
167 2
167 161
167 158
167 133
167 153
167 195
167 18
107 184
107 1
107 134
107 131
107 202
107 20
107 191
107 13
107 37
107 83
107 211
107 66
107 172
107 210
107 160
107 63
107 213
107 3
107 169
107 126
107 178
107 4
107 90
107 89
107 186
107 69
107 72
107 79
107 40
107 136
107 207
107 218
107 139
107 98
107 217
107 140
107 61
107 125
107 65
107 119
107 175
107 86
107 71
107 95
107 152
107 161
107 158
107 168
107 133
107 197
107 16
107 150
107 106
107 18
107 17
39 45
39 134
39 60
39 100
39 6
39 209
39 32
39 92
39 114
39 37
39 144
39 36
39 138
39 85
39 24
39 160
39 68
39 3
39 51
39 96
39 169
39 182
39 126
39 208
39 147
39 194
39 186
39 69
39 79
39 203
39 136
39 214
39 67
39 179
39 98
39 80
39 5
39 137
39 86
39 50
39 173
39 151
39 71
39 201
39 190
39 133
39 153
39 97
39 118
39 106
39 70
39 42
78 184
78 134
78 212
78 27
78 6
78 209
78 191
78 135
78 37
78 31
78 110
78 138
78 183
78 66
78 24
78 210
78 77
78 160
78 68
78 63
78 30
78 213
78 51
78 35
78 169
78 124
78 46
78 206
78 215
78 194
78 186
78 9
78 69
78 72
78 79
78 94
78 14
78 203
78 207
78 67
78 139
78 5
78 10
78 61
78 125
78 143
78 86
78 173
78 23
78 161
78 174
78 168
78 205
78 197
78 198
78 145
78 195
78 106
78 42
78 17
45 27
45 122
45 154
45 60
45 32
45 21
45 20
45 37
45 144
45 36
45 192
45 138
45 183
45 128
45 85
45 101
45 210
45 160
45 3
45 178
45 108
45 46
45 180
45 208
45 4
45 69
45 94
45 14
45 203
45 40
45 187
45 139
45 171
45 10
45 137
45 143
45 111
45 50
45 2
45 151
45 95
45 152
45 174
45 168
45 198
45 55
45 19
45 195
45 150
45 18
184 149
184 27
184 60
184 25
184 191
184 110
184 36
184 200
184 128
184 85
184 101
184 24
184 77
184 68
184 63
184 35
184 169
184 182
184 46
184 180
184 147
184 186
184 9
184 72
184 203
184 80
184 140
184 61
184 125
184 111
184 2
184 23
184 152
184 164
184 174
184 158
184 133
184 97
184 150
184 106
184 70
184 17
157 1
157 100
157 148
157 99
157 114
157 13
157 144
157 110
157 138
157 183
157 85
157 91
157 29
157 63
157 30
157 35
157 169
157 182
157 178
157 124
157 46
157 180
157 87
157 219
157 90
157 72
157 79
157 214
157 207
157 98
157 10
157 140
157 137
157 23
157 152
157 161
157 164
157 133
157 7
157 97
157 19
157 118
157 150
157 70
157 170
157 56
1 131
1 212
1 27
1 6
1 99
1 20
1 191
1 37
1 144
1 83
1 110
1 192
1 183
1 128
1 85
1 91
1 29
1 77
1 160
1 30
1 51
1 96
1 124
1 180
1 206
1 208
1 43
1 147
1 4
1 215
1 219
1 216
1 69
1 72
1 189
1 98
1 171
1 105
1 61
1 65
1 86
1 95
1 161
1 190
1 164
1 197
1 198
1 153
1 97
1 123
1 150
1 70
1 42
1 56
149 131
149 122
149 60
149 100
149 148
149 32
149 21
149 25
149 114
149 37
149 138
149 66
149 210
149 68
149 30
149 169
149 124
149 46
149 43
149 4
149 215
149 219
149 194
149 89
149 69
149 189
149 12
149 62
149 61
149 137
149 65
149 119
149 86
149 2
149 161
149 201
149 190
149 164
149 174
149 158
149 133
149 205
149 197
149 55
149 97
149 16
149 195
149 17
134 154
134 60
134 6
134 99
134 32
134 21
134 92
134 191
134 13
134 37
134 83
134 36
134 192
134 128
134 101
134 29
134 172
134 24
134 210
134 3
134 96
134 35
134 169
134 182
134 108
134 206
134 87
134 147
134 115
134 4
134 9
134 72
134 94
134 40
134 214
134 187
134 218
134 179
134 5
134 62
134 105
134 65
134 119
134 162
134 111
134 86
134 2
134 201
134 164
134 168
134 133
134 7
134 205
134 197
134 198
134 97
134 19
134 118
134 150
134 56
131 212
131 154
131 6
131 148
131 202
131 32
131 21
131 191
131 13
131 31
131 200
131 128
131 85
131 91
131 24
131 210
131 160
131 68
131 30
131 213
131 51
131 96
131 169
131 126
131 124
131 206
131 87
131 215
131 219
131 194
131 90
131 89
131 186
131 79
131 14
131 203
131 136
131 207
131 67
131 218
131 98
131 62
131 217
131 61
131 137
131 175
131 162
131 151
131 71
131 95
131 152
131 201
131 190
131 158
131 168
131 205
131 197
131 198
131 153
131 55
131 123
131 16
131 195
131 106
131 18
212 100
212 209
212 202
212 92
212 135
212 114
212 37
212 36
212 85
212 66
212 172
212 160
212 63
212 35
212 169
212 182
212 126
212 108
212 180
212 208
212 147
212 115
212 216
212 186
212 72
212 79
212 94
212 203
212 40
212 214
212 98
212 5
212 217
212 111
212 50
212 173
212 152
212 201
212 193
212 158
212 168
212 7
212 205
212 197
212 198
212 97
212 8
212 106
212 170
212 17
27 122
27 154
27 100
27 148
27 37
27 128
27 91
27 101
27 172
27 160
27 68
27 51
27 96
27 182
27 108
27 124
27 46
27 87
27 43
27 4
27 9
27 72
27 79
27 136
27 187
27 218
27 179
27 139
27 189
27 98
27 80
27 171
27 217
27 65
27 151
27 174
27 197
27 145
27 97
27 118
27 8
27 106
27 42
122 60
122 148
122 32
122 83
122 24
122 210
122 35
122 178
122 124
122 4
122 90
122 89
122 40
122 218
122 179
122 139
122 189
122 98
122 80
122 119
122 175
122 162
122 173
122 71
122 161
122 201
122 199
122 158
122 168
122 133
122 197
122 198
122 153
122 145
122 19
122 195
122 8
122 106
122 56
154 25
154 20
154 92
154 114
154 144
154 83
154 200
154 211
154 183
154 101
154 77
154 30
154 213
154 96
154 126
154 108
154 43
154 215
154 219
154 216
154 90
154 218
154 139
154 12
154 80
154 171
154 10
154 217
154 61
154 119
154 175
154 23
154 152
154 199
154 198
154 145
154 55
154 19
154 118
154 16
154 8
154 150
154 56
60 100
60 6
60 202
60 32
60 25
60 144
60 83
60 110
60 36
60 192
60 138
60 183
60 91
60 101
60 29
60 172
60 24
60 210
60 68
60 30
60 213
60 3
60 35
60 43
60 147
60 115
60 215
60 219
60 90
60 203
60 67
60 189
60 80
60 171
60 62
60 105
60 140
60 137
60 125
60 86
60 151
60 190
60 174
60 168
60 55
60 123
60 118
60 8
60 70
60 17
60 56
100 6
100 99
100 21
100 13
100 37
100 110
100 36
100 211
100 183
100 66
100 210
100 77
100 213
100 3
100 169
100 108
100 46
100 180
100 43
100 147
100 4
100 215
100 219
100 9
100 72
100 14
100 203
100 214
100 218
100 179
100 139
100 105
100 143
100 86
100 50
100 2
100 71
100 152
100 161
100 190
100 164
100 205
100 197
100 198
100 153
100 55
100 97
100 123
100 118
100 106
6 31
6 144
6 85
6 29
6 172
6 210
6 63
6 30
6 96
6 35
6 169
6 124
6 180
6 206
6 87
6 72
6 79
6 136
6 187
6 207
6 67
6 179
6 139
6 80
6 5
6 171
6 61
6 143
6 162
6 2
6 173
6 71
6 161
6 190
6 174
6 7
6 205
6 197
6 198
6 55
6 16
6 150
6 18
6 170
6 56
148 202
148 99
148 37
148 138
148 29
148 172
148 213
148 3
148 51
148 96
148 35
148 182
148 108
148 46
148 180
148 87
148 208
148 43
148 147
148 115
148 216
148 194
148 90
148 14
148 203
148 207
148 67
148 218
148 179
148 139
148 12
148 5
148 171
148 105
148 217
148 61
148 125
148 143
148 50
148 2
148 173
148 151
148 71
148 95
148 23
148 161
148 201
148 190
148 205
148 198
148 153
148 55
148 118
209 99
209 21
209 20
209 92
209 191
209 83
209 211
209 138
209 29
209 172
209 68
209 63
209 46
209 186
209 69
209 94
209 40
209 136
209 214
209 207
209 218
209 12
209 80
209 5
209 171
209 105
209 140
209 61
209 125
209 175
209 111
209 86
209 71
209 95
209 205
209 197
209 19
209 118
209 8
209 150
209 106
209 170
202 25
202 20
202 191
202 135
202 13
202 31
202 138
202 128
202 77
202 68
202 182
202 126
202 115
202 219
202 89
202 214
202 207
202 218
202 80
202 5
202 217
202 162
202 111
202 2
202 161
202 201
202 174
202 7
202 205
202 197
202 153
202 19
202 8
202 18
202 170
99 32
99 21
99 92
99 191
99 135
99 31
99 144
99 110
99 138
99 85
99 29
99 66
99 77
99 68
99 213
99 51
99 182
99 126
99 108
99 124
99 206
99 208
99 147
99 4
99 219
99 194
99 40
99 218
99 179
99 98
99 12
99 217
99 61
99 125
99 143
99 111
99 2
99 71
99 23
99 201
99 190
99 193
99 174
99 168
99 133
99 7
99 205
99 197
99 198
99 145
99 195
99 8
99 150
99 170
99 42
99 17
32 21
32 25
32 92
32 135
32 37
32 36
32 85
32 101
32 210
32 63
32 30
32 51
32 96
32 169
32 178
32 124
32 87
32 219
32 186
32 72
32 14
32 187
32 218
32 179
32 189
32 98
32 171
32 62
32 10
32 217
32 137
32 125
32 119
32 175
32 111
32 86
32 2
32 173
32 151
32 23
32 161
32 174
32 205
32 197
32 198
32 145
32 16
32 150
32 106
32 17
21 25
21 20
21 37
21 83
21 110
21 200
21 211
21 101
21 29
21 66
21 172
21 210
21 160
21 68
21 63
21 30
21 3
21 108
21 180
21 208
21 4
21 194
21 79
21 203
21 214
21 67
21 218
21 139
21 80
21 105
21 61
21 65
21 175
21 173
21 151
21 71
21 95
21 152
21 161
21 174
21 168
21 205
21 16
21 8
25 92
25 135
25 114
25 31
25 83
25 192
25 200
25 85
25 101
25 77
25 3
25 96
25 35
25 182
25 124
25 46
25 89
25 72
25 94
25 136
25 98
25 80
25 171
25 105
25 217
25 65
25 175
25 86
25 50
25 173
25 152
25 164
25 199
25 158
25 205
25 145
25 97
25 123
25 16
25 42
20 191
20 135
20 13
20 110
20 128
20 29
20 66
20 63
20 30
20 3
20 51
20 96
20 35
20 108
20 46
20 215
20 216
20 194
20 186
20 9
20 40
20 218
20 139
20 98
20 12
20 80
20 171
20 105
20 125
20 65
20 119
20 143
20 86
20 2
20 151
20 23
20 161
20 201
20 190
20 193
20 158
20 168
20 123
20 195
20 106
92 114
92 144
92 83
92 211
92 183
92 85
92 29
92 172
92 30
92 182
92 46
92 180
92 147
92 186
92 79
92 94
92 14
92 214
92 187
92 218
92 139
92 80
92 5
92 171
92 10
92 137
92 65
92 111
92 2
92 71
92 152
92 161
92 193
92 168
92 7
92 205
92 145
92 97
191 211
191 66
191 172
191 96
191 182
191 126
191 178
191 180
191 115
191 219
191 90
191 89
191 72
191 14
191 187
191 207
191 179
191 139
191 105
191 140
191 137
191 65
191 119
191 175
191 50
191 2
191 151
191 95
191 201
191 174
191 133
191 7
191 205
191 19
191 170
135 114
135 144
135 110
135 200
135 183
135 213
135 51
135 96
135 124
135 180
135 87
135 215
135 90
135 89
135 72
135 14
135 203
135 214
135 187
135 179
135 189
135 98
135 62
135 10
135 137
135 65
135 151
135 71
135 95
135 152
135 190
135 193
135 197
135 198
135 145
135 150
135 106
135 18
135 42
114 83
114 36
114 192
114 200
114 211
114 85
114 91
114 66
114 210
114 160
114 30
114 213
114 3
114 35
114 108
114 46
114 206
114 215
114 219
114 79
114 40
114 136
114 214
114 207
114 139
114 189
114 98
114 105
114 61
114 125
114 175
114 162
114 111
114 2
114 71
114 174
114 199
114 197
114 145
114 55
114 97
114 123
114 118
114 16
114 18
114 56
13 31
13 211
13 138
13 183
13 85
13 29
13 66
13 77
13 68
13 63
13 30
13 169
13 126
13 108
13 124
13 4
13 219
13 90
13 89
13 186
13 72
13 79
13 40
13 136
13 67
13 139
13 189
13 12
13 5
13 171
13 217
13 61
13 119
13 151
13 190
13 193
13 164
13 158
13 133
13 197
13 145
13 19
13 123
13 118
13 16
13 8
13 150
13 18
13 17
37 31
37 144
37 83
37 110
37 211
37 183
37 128
37 24
37 210
37 77
37 160
37 63
37 35
37 178
37 108
37 124
37 180
37 206
37 87
37 43
37 89
37 214
37 218
37 139
37 12
37 62
37 105
37 65
37 175
37 162
37 2
37 173
37 23
37 190
37 193
37 168
37 133
37 198
37 153
37 16
37 195
37 150
37 170
37 17
37 56
31 138
31 66
31 24
31 210
31 68
31 35
31 182
31 126
31 178
31 206
31 147
31 115
31 4
31 215
31 194
31 72
31 79
31 94
31 14
31 214
31 207
31 218
31 80
31 5
31 62
31 105
31 10
31 61
31 137
31 65
31 50
31 151
31 152
31 161
31 201
31 190
31 199
31 7
31 198
31 55
31 19
31 118
31 106
31 70
31 56
144 36
144 211
144 183
144 128
144 85
144 29
144 66
144 172
144 30
144 3
144 169
144 108
144 46
144 206
144 87
144 43
144 4
144 219
144 194
144 90
144 89
144 186
144 79
144 40
144 136
144 207
144 67
144 189
144 98
144 5
144 10
144 217
144 140
144 61
144 125
144 143
144 162
144 50
144 71
144 201
144 190
144 193
144 164
144 7
144 205
144 153
144 16
144 150
144 17
144 56
83 110
83 192
83 211
83 85
83 29
83 66
83 172
83 210
83 68
83 178
83 124
83 180
83 208
83 147
83 115
83 219
83 216
83 90
83 79
83 67
83 218
83 179
83 139
83 98
83 12
83 80
83 171
83 105
83 140
83 137
83 119
83 143
83 175
83 111
83 2
83 173
83 71
83 152
83 201
83 164
83 133
83 205
83 198
83 153
83 118
83 150
83 70
83 17
83 56
110 128
110 91
110 101
110 29
110 210
110 77
110 68
110 126
110 178
110 108
110 124
110 180
110 206
110 87
110 215
110 219
110 216
110 194
110 90
110 69
110 14
110 136
110 214
110 187
110 207
110 5
110 62
110 105
110 217
110 125
110 65
110 143
110 175
110 95
110 199
110 158
110 168
110 205
110 97
110 118
110 150
110 70
110 42
110 17
36 192
36 200
36 211
36 138
36 85
36 91
36 66
36 24
36 30
36 3
36 169
36 182
36 126
36 108
36 124
36 46
36 208
36 43
36 215
36 9
36 69
36 171
36 105
36 61
36 162
36 111
36 2
36 151
36 71
36 152
36 164
36 168
36 133
36 7
36 55
36 19
36 16
36 195
36 8
36 106
36 170
36 42
36 17
192 211
192 183
192 29
192 172
192 210
192 68
192 63
192 30
192 51
192 126
192 4
192 90
192 186
192 69
192 14
192 207
192 67
192 12
192 80
192 5
192 171
192 62
192 10
192 140
192 143
192 86
192 50
192 173
192 23
192 201
192 174
192 145
192 55
192 19
192 118
192 16
192 150
192 18
200 128
200 85
200 91
200 101
200 66
200 172
200 210
200 77
200 160
200 63
200 3
200 51
200 96
200 180
200 87
200 115
200 219
200 89
200 9
200 207
200 218
200 5
200 105
200 61
200 137
200 143
200 111
200 50
200 190
200 168
200 55
200 19
200 16
200 8
200 150
200 18
200 170
200 17
211 183
211 24
211 210
211 77
211 160
211 68
211 96
211 169
211 126
211 108
211 124
211 46
211 4
211 194
211 89
211 203
211 136
211 187
211 139
211 98
211 12
211 62
211 105
211 137
211 125
211 119
211 143
211 175
211 23
211 161
211 190
211 158
211 168
211 133
211 7
211 205
211 145
211 97
211 19
211 195
211 170
138 91
138 24
138 210
138 77
138 160
138 213
138 51
138 35
138 169
138 206
138 43
138 4
138 186
138 69
138 72
138 203
138 40
138 214
138 187
138 207
138 67
138 139
138 189
138 217
138 125
138 143
138 152
138 201
138 164
138 174
138 199
138 168
138 198
138 145
138 97
138 118
138 56
183 128
183 91
183 24
183 160
183 213
183 206
183 87
183 147
183 4
183 215
183 9
183 203
183 214
183 207
183 139
183 189
183 98
183 217
183 125
183 119
183 2
183 151
183 161
183 190
183 174
183 198
183 19
183 106
183 18
183 170
183 42
128 85
128 91
128 101
128 29
128 24
128 77
128 68
128 3
128 35
128 182
128 43
128 147
128 9
128 69
128 72
128 40
128 136
128 214
128 187
128 218
128 179
128 12
128 80
128 5
128 171
128 10
128 217
128 140
128 137
128 125
128 119
128 2
128 173
128 152
128 190
128 193
128 164
128 168
128 7
128 205
128 145
128 97
128 123
128 70
128 170
128 42
128 56
85 91
85 24
85 96
85 35
85 126
85 178
85 46
85 206
85 208
85 4
85 186
85 9
85 69
85 94
85 14
85 136
85 187
85 218
85 139
85 62
85 217
85 137
85 125
85 65
85 143
85 86
85 190
85 193
85 158
85 168
85 197
85 153
85 55
85 97
85 118
85 8
85 150
85 42
91 29
91 160
91 68
91 63
91 30
91 96
91 35
91 169
91 126
91 46
91 87
91 215
91 219
91 216
91 90
91 69
91 94
91 203
91 214
91 187
91 207
91 67
91 218
91 189
91 98
91 80
91 217
91 175
91 162
91 2
91 23
91 152
91 201
91 190
91 193
91 164
91 133
91 198
91 153
91 145
91 118
91 18
91 17
101 210
101 160
101 68
101 3
101 182
101 126
101 108
101 43
101 219
101 186
101 79
101 94
101 14
101 203
101 189
101 98
101 105
101 10
101 137
101 143
101 162
101 86
101 50
101 2
101 173
101 151
101 152
101 201
101 199
101 205
101 197
101 55
101 150
101 106
101 170
101 17
29 24
29 160
29 3
29 35
29 169
29 182
29 126
29 178
29 108
29 46
29 115
29 4
29 219
29 94
29 14
29 136
29 214
29 207
29 139
29 98
29 62
29 61
29 119
29 143
29 95
29 152
29 161
29 199
29 133
29 7
29 153
29 55
29 195
29 8
29 18
66 24
66 160
66 68
66 213
66 96
66 182
66 46
66 180
66 208
66 43
66 4
66 215
66 216
66 89
66 186
66 69
66 79
66 203
66 214
66 207
66 189
66 80
66 105
66 125
66 175
66 162
66 111
66 50
66 151
66 23
66 161
66 193
66 164
66 97
66 19
66 123
66 106
66 170
66 56
172 24
172 210
172 63
172 30
172 3
172 51
172 96
172 35
172 178
172 180
172 4
172 219
172 90
172 186
172 9
172 72
172 79
172 203
172 40
172 214
172 218
172 189
172 80
172 62
172 217
172 140
172 143
172 175
172 162
172 2
172 173
172 151
172 201
172 205
172 153
172 19
172 123
172 195
172 106
172 70
172 56
24 68
24 63
24 30
24 213
24 35
24 169
24 182
24 178
24 124
24 147
24 115
24 4
24 215
24 90
24 69
24 72
24 14
24 203
24 136
24 187
24 218
24 98
24 80
24 5
24 171
24 137
24 86
24 2
24 173
24 71
24 161
24 201
24 190
24 193
24 174
24 199
24 197
24 198
24 97
24 8
24 106
24 18
24 42
210 68
210 30
210 96
210 169
210 182
210 126
210 124
210 206
210 115
210 219
210 194
210 90
210 186
210 9
210 69
210 72
210 214
210 218
210 179
210 139
210 5
210 10
210 140
210 61
210 175
210 162
210 2
210 95
210 164
210 7
210 145
210 55
210 16
210 195
210 106
210 70
210 42
210 56
77 68
77 213
77 51
77 35
77 178
77 108
77 180
77 219
77 216
77 186
77 9
77 203
77 136
77 214
77 187
77 207
77 67
77 179
77 139
77 189
77 12
77 140
77 61
77 125
77 173
77 23
77 152
77 193
77 174
77 7
77 153
77 97
77 19
77 118
77 16
77 195
77 18
77 42
160 68
160 63
160 169
160 182
160 126
160 178
160 46
160 180
160 87
160 219
160 216
160 90
160 69
160 72
160 94
160 40
160 214
160 187
160 67
160 139
160 189
160 12
160 171
160 62
160 105
160 137
160 143
160 175
160 86
160 173
160 71
160 23
160 190
160 193
160 199
160 133
160 7
160 197
160 195
160 150
160 106
160 18
160 70
160 170
160 17
68 51
68 96
68 169
68 182
68 178
68 108
68 124
68 147
68 115
68 4
68 215
68 216
68 72
68 79
68 214
68 187
68 179
68 80
68 105
68 217
68 125
68 119
68 175
68 162
68 111
68 86
68 2
68 173
68 193
68 164
68 174
68 158
68 168
68 133
68 205
68 145
68 55
68 18
68 70
68 170
68 42
68 56
63 213
63 3
63 108
63 46
63 89
63 9
63 69
63 14
63 203
63 214
63 218
63 171
63 140
63 61
63 50
63 173
63 201
63 164
63 174
63 205
63 55
63 97
63 18
63 70
63 17
63 56
30 51
30 96
30 182
30 126
30 108
30 147
30 89
30 79
30 14
30 214
30 187
30 179
30 189
30 98
30 171
30 217
30 119
30 50
30 2
30 199
30 158
30 133
30 7
30 197
30 153
30 19
30 118
30 16
30 8
30 150
30 106
30 18
213 3
213 178
213 124
213 46
213 180
213 206
213 147
213 215
213 194
213 186
213 69
213 94
213 203
213 136
213 207
213 67
213 179
213 189
213 98
213 12
213 171
213 62
213 105
213 140
213 61
213 137
213 65
213 190
213 193
213 158
213 205
213 153
213 16
213 195
213 8
213 18
3 51
3 96
3 169
3 182
3 126
3 178
3 180
3 206
3 43
3 147
3 115
3 219
3 194
3 186
3 40
3 136
3 187
3 139
3 189
3 80
3 5
3 140
3 61
3 125
3 162
3 151
3 71
3 95
3 161
3 190
3 199
3 158
3 168
3 145
3 19
3 118
3 8
3 42
51 35
51 182
51 178
51 108
51 87
51 208
51 43
51 147
51 216
51 186
51 9
51 72
51 136
51 67
51 98
51 12
51 62
51 10
51 65
51 143
51 175
51 162
51 86
51 2
51 151
51 193
51 174
51 197
51 198
51 153
51 145
51 97
51 118
51 16
51 8
51 150
51 70
51 170
51 17
96 108
96 46
96 206
96 87
96 43
96 4
96 215
96 89
96 186
96 9
96 69
96 72
96 79
96 94
96 203
96 218
96 189
96 80
96 171
96 140
96 119
96 162
96 50
96 173
96 95
96 152
96 168
96 198
96 145
96 55
96 123
96 118
96 8
96 150
96 70
96 170
35 178
35 215
35 194
35 214
35 187
35 218
35 139
35 80
35 5
35 217
35 61
35 137
35 125
35 119
35 143
35 175
35 86
35 151
35 95
35 161
35 164
35 205
35 197
35 97
35 118
35 8
35 106
35 18
35 17
169 182
169 180
169 206
169 208
169 147
169 4
169 215
169 216
169 194
169 69
169 72
169 79
169 94
169 214
169 207
169 139
169 98
169 5
169 61
169 137
169 65
169 175
169 50
169 2
169 151
169 71
169 201
169 174
169 158
169 168
169 7
169 197
169 153
169 55
169 19
169 150
169 18
169 70
169 170
182 126
182 178
182 108
182 124
182 87
182 215
182 90
182 69
182 79
182 94
182 136
182 207
182 67
182 5
182 2
182 173
182 71
182 152
182 168
182 205
182 97
182 118
182 16
182 8
182 106
182 170
126 178
126 46
126 206
126 87
126 208
126 115
126 194
126 90
126 89
126 94
126 187
126 140
126 61
126 137
126 65
126 162
126 111
126 151
126 71
126 190
126 193
126 174
126 158
126 168
126 133
126 118
126 16
126 195
126 106
126 70
178 108
178 46
178 87
178 208
178 43
178 147
178 4
178 90
178 9
178 69
178 72
178 94
178 136
178 218
178 179
178 189
178 171
178 105
178 61
178 125
178 162
178 50
178 71
178 95
178 161
178 201
178 193
178 164
178 174
178 133
178 205
178 55
178 19
178 70
178 170
178 17
108 124
108 180
108 147
108 115
108 216
108 194
108 9
108 69
108 203
108 187
108 179
108 189
108 80
108 5
108 171
108 62
108 105
108 217
108 125
108 119
108 162
108 111
108 86
108 2
108 152
108 190
108 164
108 174
108 7
108 153
108 19
108 123
108 118
108 18
108 170
108 17
108 56
124 180
124 206
124 87
124 208
124 115
124 219
124 194
124 186
124 9
124 69
124 40
124 136
124 207
124 67
124 179
124 189
124 171
124 65
124 119
124 143
124 173
124 151
124 95
124 201
124 193
124 168
124 7
124 145
124 97
124 123
124 118
124 16
124 106
124 42
124 17
124 56
46 43
46 215
46 216
46 9
46 69
46 79
46 203
46 136
46 214
46 67
46 12
46 5
46 171
46 125
46 111
46 50
46 2
46 152
46 201
46 190
46 193
46 158
46 153
46 97
46 19
46 150
46 70
46 56
180 208
180 147
180 4
180 90
180 89
180 9
180 69
180 203
180 207
180 98
180 12
180 171
180 105
180 10
180 137
180 125
180 65
180 86
180 23
180 161
180 190
180 164
180 158
180 168
180 7
180 198
180 145
180 97
180 19
180 118
180 16
180 150
180 106
180 56
206 208
206 147
206 115
206 215
206 216
206 194
206 69
206 72
206 79
206 94
206 207
206 67
206 80
206 5
206 62
206 105
206 10
206 140
206 65
206 111
206 86
206 50
206 71
206 95
206 201
206 190
206 174
206 158
206 133
206 197
206 198
206 153
206 145
206 118
206 16
206 150
206 42
87 43
87 147
87 219
87 194
87 14
87 203
87 187
87 218
87 189
87 98
87 62
87 125
87 65
87 119
87 175
87 111
87 86
87 173
87 95
87 161
87 201
87 190
87 193
87 19
87 123
87 8
87 18
87 70
87 170
208 147
208 4
208 79
208 214
208 187
208 67
208 179
208 189
208 12
208 80
208 5
208 62
208 105
208 10
208 217
208 61
208 175
208 86
208 50
208 2
208 71
208 95
208 23
208 164
208 133
208 197
208 198
208 55
208 16
208 195
208 8
208 18
208 56
43 219
43 90
43 186
43 79
43 203
43 40
43 136
43 214
43 207
43 67
43 179
43 189
43 98
43 105
43 217
43 125
43 65
43 175
43 111
43 86
43 71
43 23
43 152
43 161
43 201
43 174
43 158
43 7
43 118
43 16
43 150
43 18
43 70
43 170
43 56
147 215
147 219
147 194
147 90
147 186
147 9
147 69
147 72
147 14
147 67
147 218
147 179
147 5
147 62
147 162
147 111
147 173
147 71
147 95
147 23
147 201
147 164
147 199
147 133
147 153
147 145
147 97
147 195
147 8
147 56
115 4
115 219
115 216
115 89
115 186
115 203
115 40
115 214
115 207
115 189
115 98
115 80
115 105
115 140
115 137
115 125
115 119
115 175
115 86
115 2
115 151
115 95
115 23
115 199
115 168
115 133
115 205
115 197
115 19
115 150
115 70
115 42
4 219
4 216
4 89
4 79
4 179
4 139
4 80
4 171
4 105
4 10
4 140
4 61
4 125
4 119
4 162
4 2
4 173
4 71
4 145
4 19
4 118
4 195
4 150
4 106
4 18
4 17
4 56
215 219
215 216
215 9
215 40
215 136
215 214
215 187
215 179
215 12
215 5
215 65
215 143
215 111
215 50
215 2
215 173
215 71
215 152
215 193
215 174
215 197
215 198
215 97
215 19
215 118
215 195
215 8
215 56
219 216
219 194
219 90
219 79
219 40
219 187
219 207
219 171
219 105
219 137
219 125
219 162
219 2
219 95
219 152
219 174
219 158
219 168
219 205
219 145
219 97
219 19
219 123
219 16
219 150
219 106
219 170
219 42
219 17
216 89
216 9
216 72
216 14
216 136
216 187
216 125
216 65
216 143
216 162
216 50
216 23
216 168
216 133
216 198
216 55
216 97
216 19
216 118
216 195
216 106
216 18
216 170
216 42
194 9
194 69
194 79
194 203
194 136
194 214
194 67
194 5
194 10
194 140
194 61
194 125
194 119
194 143
194 175
194 151
194 23
194 161
194 201
194 190
194 193
194 174
194 199
194 168
194 153
194 55
194 97
194 123
194 8
194 106
194 42
194 17
90 186
90 69
90 203
90 136
90 187
90 207
90 179
90 189
90 105
90 61
90 137
90 65
90 162
90 71
90 23
90 161
90 174
90 158
90 197
90 198
90 145
90 97
90 19
90 123
90 106
90 70
90 17
89 186
89 9
89 72
89 79
89 14
89 136
89 187
89 218
89 189
89 80
89 171
89 105
89 140
89 61
89 137
89 125
89 65
89 162
89 111
89 173
89 151
89 71
89 23
89 152
89 164
89 7
89 145
89 170
89 56
186 9
186 136
186 214
186 187
186 218
186 139
186 12
186 5
186 62
186 143
186 175
186 111
186 161
186 164
186 158
186 7
186 197
186 153
186 55
186 18
9 69
9 72
9 94
9 14
9 203
9 187
9 179
9 98
9 12
9 105
9 10
9 217
9 140
9 137
9 125
9 65
9 119
9 175
9 111
9 2
9 173
9 95
9 23
9 193
9 164
9 205
9 197
9 97
9 118
9 16
9 195
9 18
9 70
9 42
69 139
69 189
69 98
69 12
69 65
69 119
69 86
69 152
69 161
69 193
69 164
69 199
69 7
69 205
69 197
69 198
69 145
69 55
69 19
69 195
69 18
69 170
69 17
72 79
72 136
72 214
72 187
72 67
72 139
72 12
72 105
72 10
72 61
72 125
72 65
72 119
72 175
72 111
72 151
72 201
72 193
72 158
72 7
72 55
72 123
72 18
72 70
72 170
72 56
79 214
79 139
79 80
79 171
79 105
79 140
79 65
79 119
79 175
79 162
79 86
79 71
79 23
79 193
79 158
79 133
79 7
79 153
79 123
79 118
79 195
79 18
94 187
94 179
94 98
94 12
94 5
94 140
94 61
94 137
94 119
94 143
94 175
94 162
94 111
94 86
94 151
94 71
94 95
94 158
94 133
94 205
94 197
94 97
94 118
94 195
94 8
94 170
94 42
94 17
94 56
14 40
14 67
14 218
14 139
14 12
14 10
14 137
14 119
14 162
14 111
14 151
14 199
14 168
14 198
14 97
14 19
14 123
14 16
14 70
14 42
203 136
203 214
203 207
203 179
203 139
203 80
203 171
203 62
203 140
203 137
203 65
203 175
203 111
203 86
203 50
203 71
203 95
203 193
203 158
203 133
203 153
203 145
203 55
203 16
203 150
203 17
40 189
40 98
40 5
40 10
40 217
40 65
40 111
40 50
40 151
40 190
40 193
40 174
40 168
40 7
40 145
40 97
40 16
40 8
40 56
136 214
136 187
136 207
136 218
136 139
136 189
136 171
136 10
136 61
136 65
136 119
136 143
136 23
136 199
136 168
136 133
136 198
136 145
136 19
136 195
136 18
136 70
136 17
136 56
214 207
214 139
214 189
214 98
214 12
214 171
214 137
214 125
214 65
214 143
214 86
214 50
214 2
214 151
214 71
214 152
214 161
214 190
214 133
214 153
214 55
214 16
214 195
214 106
214 18
214 42
214 17
187 207
187 218
187 139
187 189
187 98
187 12
187 80
187 5
187 62
187 61
187 119
187 143
187 162
187 151
187 23
187 161
187 199
187 205
187 19
187 123
187 195
187 106
187 18
187 70
187 170
187 42
207 67
207 218
207 80
207 5
207 62
207 10
207 217
207 140
207 137
207 125
207 175
207 162
207 23
207 161
207 201
207 164
207 198
207 55
207 118
207 16
207 8
207 42
207 17
67 218
67 179
67 80
67 62
67 105
67 119
67 111
67 2
67 151
67 201
67 174
67 205
67 197
67 198
67 153
67 97
67 8
67 18
67 42
218 179
218 189
218 98
218 12
218 80
218 5
218 62
218 217
218 140
218 61
218 137
218 125
218 162
218 86
218 50
218 71
218 23
218 152
218 190
218 174
218 168
218 133
218 7
218 19
218 16
218 8
218 150
218 42
218 56
179 12
179 80
179 62
179 105
179 10
179 140
179 137
179 125
179 65
179 119
179 86
179 2
179 173
179 71
179 23
179 201
179 190
179 145
179 55
179 19
179 123
179 118
179 16
179 8
179 170
179 17
139 171
139 217
139 140
139 61
139 119
139 143
139 175
139 86
139 2
139 23
139 190
139 164
139 199
139 158
139 205
139 145
139 19
139 16
139 195
139 8
139 150
139 17
189 98
189 5
189 105
189 10
189 140
189 137
189 143
189 111
189 151
189 95
189 152
189 164
189 174
189 199
189 168
189 205
189 197
189 145
189 97
189 19
189 123
189 106
189 56
98 80
98 5
98 10
98 140
98 119
98 143
98 86
98 173
98 152
98 164
98 174
98 158
98 205
98 197
98 97
98 195
98 106
98 42
98 17
12 62
12 105
12 137
12 65
12 175
12 111
12 173
12 152
12 161
12 133
12 7
12 197
12 145
12 55
12 19
12 16
12 150
12 106
80 10
80 217
80 140
80 65
80 119
80 50
80 2
80 190
80 158
80 7
80 205
80 145
80 97
80 118
80 195
80 106
5 171
5 217
5 143
5 162
5 86
5 50
5 151
5 95
5 193
5 7
5 205
5 197
5 153
5 145
5 97
5 19
5 118
5 195
5 106
5 70
5 56
171 105
171 217
171 61
171 143
171 86
171 50
171 151
171 174
171 158
171 168
171 133
171 205
171 197
171 153
171 70
171 17
62 217
62 125
62 162
62 111
62 86
62 50
62 2
62 173
62 151
62 190
62 193
62 164
62 174
62 133
62 197
62 153
62 145
62 55
62 150
62 106
62 170
62 42
105 61
105 125
105 65
105 175
105 111
105 86
105 50
105 2
105 173
105 151
105 71
105 95
105 193
105 164
105 133
105 198
105 153
105 145
105 8
105 150
105 56
10 125
10 65
10 143
10 50
10 71
10 201
10 174
10 55
10 118
10 8
10 150
10 18
10 70
10 17
217 65
217 2
217 173
217 71
217 95
217 152
217 201
217 190
217 164
217 174
217 199
217 158
217 133
217 7
217 205
217 197
217 198
217 153
217 19
217 118
217 18
217 70
217 17
217 56
140 61
140 137
140 125
140 143
140 175
140 86
140 161
140 201
140 193
140 158
140 168
140 7
140 153
140 145
140 195
140 150
140 18
140 170
140 42
61 119
61 175
61 50
61 161
61 193
61 7
61 153
61 97
61 19
61 123
61 118
61 150
61 170
61 17
137 65
137 175
137 162
137 2
137 173
137 71
137 161
137 193
137 199
137 197
137 153
137 145
137 97
137 118
137 195
137 18
137 70
125 65
125 119
125 175
125 86
125 161
125 201
125 164
125 199
125 133
125 7
125 197
125 153
125 145
125 55
125 19
125 123
125 16
125 8
125 150
125 70
125 56
65 50
65 2
65 173
65 151
65 71
65 161
65 190
65 174
65 158
65 168
65 7
65 198
65 153
65 97
65 123
65 106
65 18
65 42
65 56
119 143
119 175
119 86
119 151
119 95
119 164
119 168
119 198
119 145
119 123
119 118
119 16
119 8
119 106
119 17
143 175
143 86
143 50
143 151
143 152
143 174
143 158
143 133
143 198
143 145
143 8
143 150
143 18
143 56
175 190
175 193
175 168
175 205
175 198
175 153
175 118
175 195
175 8
175 150
175 18
175 170
162 86
162 173
162 151
162 71
162 201
162 193
162 168
162 133
162 7
162 197
162 153
162 97
162 19
162 16
111 86
111 50
111 2
111 173
111 95
111 23
111 161
111 201
111 164
111 174
111 133
111 205
111 145
111 55
111 195
111 106
111 18
86 2
86 173
86 151
86 193
86 158
86 133
86 97
86 123
86 16
86 18
86 170
86 42
50 2
50 151
50 23
50 190
50 164
50 174
50 158
50 7
50 205
50 198
50 153
50 55
50 123
50 150
50 18
50 170
50 42
50 17
50 56
2 173
2 151
2 95
2 152
2 161
2 174
2 199
2 133
2 205
2 198
2 97
2 19
2 123
2 16
2 70
2 42
2 17
2 56
173 71
173 95
173 201
173 158
173 168
173 205
173 198
173 153
173 145
173 55
173 97
173 106
173 42
173 56
151 71
151 201
151 190
151 193
151 164
151 97
151 16
151 195
151 150
151 106
151 18
151 70
71 95
71 152
71 161
71 190
71 199
71 198
71 145
71 55
71 97
71 42
71 17
71 56
95 152
95 193
95 164
95 133
95 7
95 153
95 97
95 123
95 118
95 16
95 8
95 70
95 17
95 56
23 152
23 201
23 190
23 193
23 197
23 198
23 106
23 70
152 164
152 199
152 133
152 205
152 195
152 8
152 18
161 201
161 193
161 158
161 133
161 197
161 106
161 170
161 17
201 190
201 168
201 19
201 8
201 18
201 70
201 56
190 145
190 118
190 195
190 106
190 18
190 42
190 17
193 168
193 7
193 205
193 55
193 123
193 8
193 150
193 106
193 170
164 174
164 168
164 7
164 205
164 145
164 55
164 123
164 16
164 195
164 8
164 150
164 70
164 17
174 199
174 133
174 205
174 197
174 198
174 55
174 123
174 42
199 55
199 118
199 195
199 8
199 106
199 170
199 42
199 17
158 7
158 205
158 198
158 153
158 123
158 118
158 195
158 106
158 18
158 42
168 133
168 197
168 153
168 16
168 8
168 150
168 70
133 205
133 153
133 55
133 16
133 18
133 42
133 17
133 56
7 197
7 18
7 70
7 56
205 19
205 118
205 16
205 42
205 56
197 153
197 145
197 123
197 118
197 195
197 18
197 17
198 153
198 97
198 16
198 195
198 8
198 56
153 195
153 8
153 106
153 170
153 17
145 118
145 16
145 195
145 18
145 17
145 56
55 123
55 195
55 42
97 19
97 123
97 16
97 195
97 150
97 18
97 170
97 42
19 123
19 16
19 18
19 170
19 42
19 17
19 56
123 195
123 106
123 18
123 70
118 16
118 106
118 56
16 8
16 150
16 42
16 17
195 8
195 150
195 106
195 18
195 70
195 42
8 18
8 42
8 56
150 18
150 70
150 42
106 17
18 42
70 170
70 17
70 56
42 56
17 56
