*verties 207
179
211
194
118
66
28
85
119
176
132
206
180
117
19
209
185
2
1
107
169
213
65
87
197
212
170
10
59
114
72
216
76
47
203
26
58
149
134
22
106
137
191
172
189
100
162
142
130
41
174
70
147
205
49
27
187
30
103
183
84
204
113
64
148
6
146
166
93
35
36
123
31
97
153
188
121
88
133
108
92
141
214
160
190
154
173
164
78
129
75
171
115
89
163
95
186
3
110
39
120
73
150
52
71
15
139
102
143
181
68
155
94
131
12
140
127
219
29
83
32
126
195
16
109
167
145
168
77
136
8
57
101
23
67
14
55
202
54
43
44
156
13
50
24
38
215
25
218
62
193
45
184
20
122
198
11
91
40
208
217
111
74
124
192
201
112
42
210
144
86
17
81
135
99
165
18
37
61
5
60
104
7
207
138
196
175
56
128
34
82
9
90
48
199
4
98
116
79
177
51
69
178
105
33
21
53
182
*edges 
179 194
179 176
179 132
179 206
179 180
179 117
179 19
179 107
179 65
179 87
179 170
179 114
179 216
179 76
179 134
179 22
179 137
179 172
179 41
179 174
179 27
179 187
179 183
179 204
179 113
179 64
179 166
179 93
179 97
179 121
179 88
179 141
179 154
179 173
179 78
179 115
179 89
179 163
179 3
179 120
179 52
179 71
179 131
179 140
179 127
179 83
179 32
179 126
179 145
179 168
179 77
179 23
179 55
179 24
179 62
179 45
179 20
179 122
179 11
179 91
179 217
179 74
179 192
179 201
179 17
179 18
179 37
179 138
179 175
179 56
179 82
179 9
179 79
179 33
179 21
179 53
211 66
211 206
211 117
211 2
211 1
211 213
211 87
211 170
211 59
211 114
211 216
211 47
211 58
211 149
211 22
211 106
211 137
211 172
211 100
211 142
211 70
211 49
211 187
211 103
211 84
211 204
211 6
211 166
211 93
211 97
211 188
211 121
211 133
211 141
211 190
211 154
211 78
211 171
211 89
211 163
211 186
211 39
211 15
211 155
211 140
211 83
211 32
211 126
211 168
211 23
211 54
211 43
211 44
211 50
211 24
211 38
211 215
211 25
211 193
211 184
211 20
211 122
211 217
211 111
211 124
211 112
211 144
211 135
211 99
211 37
211 61
211 5
211 60
211 104
211 7
211 175
211 128
211 34
211 82
211 9
211 48
211 98
211 116
194 66
194 85
194 206
194 213
194 87
194 197
194 10
194 203
194 26
194 134
194 137
194 191
194 172
194 41
194 205
194 27
194 30
194 64
194 146
194 35
194 97
194 153
194 121
194 88
194 214
194 160
194 190
194 173
194 75
194 171
194 115
194 73
194 52
194 15
194 139
194 127
194 83
194 126
194 109
194 167
194 77
194 136
194 101
194 43
194 156
194 13
194 24
194 62
194 193
194 45
194 122
194 11
194 91
194 74
194 86
194 135
194 165
194 104
194 7
194 207
194 196
194 175
194 56
194 34
194 82
194 4
194 98
194 116
194 51
194 69
194 21
118 85
118 119
118 209
118 185
118 1
118 10
118 59
118 72
118 216
118 47
118 203
118 26
118 149
118 134
118 22
118 191
118 172
118 189
118 100
118 162
118 142
118 147
118 49
118 187
118 30
118 183
118 84
118 93
118 88
118 133
118 92
118 160
118 154
118 129
118 15
118 102
118 68
118 131
118 140
118 32
118 145
118 168
118 8
118 14
118 202
118 43
118 44
118 13
118 50
118 215
118 20
118 122
118 11
118 91
118 40
118 208
118 74
118 192
118 112
118 42
118 210
118 86
118 37
118 61
118 5
118 60
118 104
118 207
118 196
118 128
118 90
118 4
118 98
118 79
118 105
66 85
66 132
66 206
66 2
66 169
66 65
66 212
66 59
66 76
66 134
66 191
66 172
66 189
66 100
66 130
66 41
66 174
66 70
66 205
66 27
66 103
66 84
66 166
66 93
66 36
66 123
66 31
66 121
66 173
66 129
66 75
66 186
66 110
66 120
66 150
66 52
66 102
66 94
66 12
66 127
66 219
66 16
66 167
66 77
66 136
66 57
66 202
66 13
66 38
66 25
66 122
66 11
66 192
66 210
66 17
66 37
66 61
66 7
66 207
66 56
66 128
66 82
66 90
66 48
66 4
66 182
28 85
28 119
28 180
28 117
28 2
28 65
28 197
28 10
28 59
28 47
28 203
28 149
28 189
28 100
28 130
28 70
28 187
28 30
28 35
28 97
28 188
28 121
28 133
28 190
28 171
28 115
28 163
28 95
28 3
28 110
28 120
28 73
28 150
28 102
28 94
28 12
28 140
28 29
28 83
28 145
28 77
28 8
28 101
28 23
28 55
28 202
28 43
28 44
28 13
28 215
28 184
28 198
28 91
28 208
28 201
28 144
28 86
28 17
28 81
28 99
28 165
28 37
28 60
28 7
28 128
28 48
28 199
28 33
28 53
85 132
85 206
85 19
85 209
85 185
85 2
85 169
85 213
85 197
85 59
85 114
85 72
85 76
85 134
85 162
85 41
85 70
85 147
85 205
85 49
85 27
85 187
85 146
85 35
85 123
85 188
85 108
85 173
85 164
85 78
85 129
85 171
85 115
85 89
85 163
85 3
85 39
85 120
85 150
85 102
85 181
85 68
85 140
85 127
85 29
85 167
85 57
85 156
85 13
85 50
85 215
85 25
85 218
85 45
85 11
85 91
85 40
85 217
85 74
85 124
85 192
85 201
85 17
85 165
85 7
85 207
85 138
85 196
85 9
85 79
85 51
85 33
85 21
85 53
119 180
119 209
119 185
119 2
119 1
119 197
119 10
119 114
119 72
119 216
119 76
119 58
119 149
119 137
119 205
119 27
119 84
119 113
119 64
119 166
119 93
119 35
119 36
119 31
119 153
119 141
119 214
119 129
119 171
119 39
119 150
119 52
119 102
119 143
119 68
119 155
119 94
119 29
119 83
119 32
119 195
119 109
119 167
119 145
119 168
119 77
119 23
119 67
119 43
119 44
119 45
119 122
119 40
119 112
119 86
119 81
119 135
119 18
119 37
119 61
119 5
119 7
119 207
119 56
119 128
119 82
119 9
119 90
119 4
119 116
119 79
119 105
119 33
119 53
119 182
176 206
176 180
176 117
176 209
176 107
176 65
176 59
176 114
176 72
176 47
176 203
176 149
176 100
176 130
176 183
176 84
176 166
176 36
176 121
176 141
176 190
176 173
176 78
176 129
176 171
176 163
176 3
176 110
176 120
176 73
176 71
176 102
176 32
176 195
176 109
176 167
176 168
176 136
176 8
176 55
176 43
176 50
176 24
176 25
176 218
176 193
176 184
176 20
176 208
176 201
176 42
176 210
176 144
176 86
176 135
176 18
176 37
176 60
176 104
176 138
176 196
176 175
176 90
176 48
176 199
176 4
176 98
176 116
176 51
176 178
176 21
176 53
132 206
132 180
132 117
132 107
132 169
132 87
132 76
132 203
132 106
132 191
132 162
132 142
132 130
132 205
132 27
132 187
132 30
132 103
132 64
132 6
132 123
132 97
132 153
132 188
132 88
132 108
132 92
132 160
132 75
132 115
132 163
132 186
132 39
132 150
132 71
132 143
132 29
132 16
132 145
132 136
132 57
132 101
132 54
132 44
132 156
132 13
132 50
132 24
132 215
132 62
132 20
132 208
132 217
132 124
132 192
132 112
132 18
132 37
132 207
132 34
132 82
132 48
132 98
132 177
132 51
132 178
206 180
206 117
206 209
206 107
206 197
206 10
206 76
206 203
206 134
206 189
206 130
206 41
206 27
206 30
206 84
206 113
206 6
206 146
206 166
206 123
206 153
206 121
206 88
206 133
206 108
206 92
206 141
206 164
206 78
206 75
206 163
206 3
206 110
206 120
206 73
206 150
206 15
206 139
206 102
206 68
206 131
206 127
206 29
206 126
206 168
206 57
206 202
206 43
206 44
206 156
206 24
206 20
206 198
206 11
206 208
206 124
206 201
206 42
206 210
206 165
206 18
206 37
206 5
206 104
206 138
206 196
206 48
206 4
206 116
206 79
206 69
206 178
206 33
206 53
206 182
180 185
180 2
180 169
180 170
180 10
180 134
180 137
180 191
180 162
180 130
180 41
180 204
180 113
180 64
180 146
180 123
180 88
180 133
180 108
180 141
180 214
180 160
180 190
180 173
180 78
180 75
180 163
180 95
180 186
180 3
180 39
180 120
180 73
180 52
180 71
180 181
180 68
180 155
180 140
180 127
180 109
180 167
180 77
180 8
180 67
180 54
180 43
180 44
180 156
180 215
180 62
180 45
180 20
180 122
180 40
180 217
180 144
180 81
180 18
180 37
180 61
180 138
180 196
180 56
180 9
180 48
180 199
180 4
180 98
180 51
180 178
180 105
180 33
117 19
117 1
117 107
117 169
117 213
117 87
117 170
117 10
117 72
117 76
117 134
117 22
117 137
117 191
117 172
117 189
117 162
117 142
117 147
117 27
117 30
117 148
117 146
117 93
117 31
117 188
117 121
117 88
117 133
117 214
117 160
117 190
117 154
117 129
117 139
117 143
117 68
117 155
117 12
117 127
117 29
117 195
117 109
117 77
117 101
117 55
117 54
117 156
117 215
117 25
117 193
117 184
117 122
117 11
117 40
117 111
117 74
117 192
117 112
117 42
117 210
117 165
117 18
117 61
117 60
117 104
117 56
117 128
117 34
117 82
117 48
117 4
117 98
117 116
117 182
19 213
19 87
19 10
19 114
19 76
19 47
19 191
19 189
19 100
19 162
19 174
19 147
19 205
19 27
19 6
19 93
19 31
19 97
19 153
19 188
19 133
19 92
19 141
19 154
19 173
19 78
19 150
19 71
19 15
19 102
19 68
19 155
19 131
19 12
19 140
19 127
19 219
19 83
19 32
19 126
19 195
19 16
19 109
19 167
19 145
19 136
19 8
19 101
19 23
19 14
19 43
19 38
19 215
19 25
19 193
19 45
19 11
19 40
19 208
19 217
19 74
19 124
19 37
19 5
19 7
19 138
19 175
19 9
19 48
19 4
19 116
19 69
19 33
19 21
19 53
209 2
209 1
209 65
209 59
209 203
209 58
209 134
209 22
209 106
209 191
209 172
209 100
209 130
209 41
209 70
209 205
209 30
209 146
209 166
209 36
209 108
209 154
209 173
209 129
209 171
209 115
209 163
209 186
209 73
209 150
209 52
209 71
209 102
209 181
209 68
209 155
209 140
209 83
209 32
209 195
209 167
209 57
209 101
209 23
209 55
209 202
209 43
209 44
209 50
209 25
209 45
209 122
209 198
209 91
209 40
209 74
209 201
209 210
209 135
209 61
209 5
209 207
209 9
209 90
209 199
209 116
209 177
209 33
209 53
209 182
185 1
185 107
185 169
185 59
185 203
185 22
185 189
185 100
185 162
185 41
185 103
185 113
185 93
185 36
185 123
185 188
185 88
185 133
185 92
185 141
185 78
185 115
185 89
185 186
185 110
185 39
185 120
185 15
185 181
185 155
185 140
185 127
185 32
185 16
185 109
185 167
185 145
185 136
185 23
185 67
185 54
185 43
185 24
185 215
185 122
185 198
185 208
185 124
185 210
185 144
185 17
185 81
185 18
185 5
185 207
185 34
185 82
185 9
185 199
185 51
185 33
2 213
2 87
2 212
2 170
2 59
2 114
2 203
2 58
2 134
2 22
2 137
2 191
2 189
2 130
2 187
2 30
2 103
2 183
2 35
2 31
2 97
2 188
2 121
2 133
2 141
2 190
2 154
2 129
2 171
2 95
2 110
2 71
2 15
2 139
2 155
2 32
2 126
2 16
2 109
2 167
2 101
2 67
2 14
2 55
2 202
2 43
2 156
2 215
2 193
2 45
2 184
2 122
2 11
2 17
2 135
2 165
2 37
2 61
2 104
2 7
2 138
2 56
2 128
2 34
2 82
2 199
2 4
2 178
2 33
2 53
2 182
1 107
1 213
1 87
1 212
1 59
1 47
1 203
1 58
1 149
1 22
1 162
1 130
1 174
1 70
1 147
1 49
1 27
1 6
1 97
1 188
1 121
1 88
1 214
1 160
1 190
1 154
1 164
1 78
1 115
1 89
1 186
1 3
1 15
1 12
1 219
1 126
1 109
1 167
1 8
1 101
1 50
1 25
1 20
1 198
1 91
1 111
1 74
1 192
1 112
1 86
1 17
1 165
1 18
1 61
1 60
1 104
1 207
1 196
1 56
1 34
1 9
1 116
1 51
1 178
1 105
1 53
1 182
107 169
107 213
107 10
107 114
107 216
107 47
107 203
107 58
107 149
107 134
107 106
107 191
107 189
107 100
107 162
107 130
107 41
107 70
107 205
107 187
107 103
107 35
107 123
107 31
107 188
107 121
107 88
107 141
107 154
107 78
107 163
107 39
107 120
107 73
107 150
107 52
107 71
107 102
107 143
107 68
107 140
107 127
107 219
107 83
107 195
107 77
107 8
107 57
107 67
107 14
107 55
107 43
107 218
107 62
107 45
107 122
107 91
107 208
107 74
107 124
107 86
107 17
107 135
107 37
107 61
107 5
107 104
107 7
107 196
107 9
107 178
107 33
169 197
169 59
169 114
169 72
169 76
169 58
169 149
169 189
169 100
169 142
169 174
169 49
169 30
169 84
169 113
169 64
169 148
169 146
169 166
169 93
169 88
169 108
169 173
169 75
169 171
169 186
169 3
169 71
169 143
169 12
169 140
169 219
169 32
169 101
169 23
169 55
169 202
169 156
169 13
169 38
169 215
169 25
169 45
169 184
169 20
169 122
169 91
169 217
169 192
169 42
169 210
169 17
169 135
169 37
169 104
169 138
169 196
169 175
169 56
169 53
213 72
213 47
213 26
213 149
213 134
213 106
213 100
213 130
213 147
213 205
213 187
213 30
213 103
213 148
213 6
213 146
213 35
213 123
213 188
213 92
213 214
213 160
213 154
213 173
213 78
213 171
213 89
213 186
213 39
213 120
213 73
213 143
213 131
213 219
213 83
213 126
213 109
213 145
213 8
213 57
213 67
213 14
213 55
213 54
213 43
213 44
213 13
213 50
213 38
213 215
213 25
213 218
213 193
213 184
213 122
213 198
213 11
213 91
213 208
213 74
213 124
213 144
213 60
213 104
213 207
213 175
213 56
213 34
213 82
213 9
213 98
213 79
213 53
65 197
65 170
65 114
65 72
65 76
65 22
65 137
65 191
65 162
65 130
65 174
65 147
65 205
65 27
65 30
65 204
65 64
65 6
65 93
65 36
65 31
65 97
65 108
65 141
65 214
65 160
65 129
65 171
65 89
65 110
65 120
65 15
65 102
65 143
65 68
65 127
65 29
65 83
65 195
65 16
65 109
65 167
65 145
65 77
65 136
65 14
65 202
65 54
65 156
65 215
65 218
65 62
65 122
65 208
65 124
65 201
65 144
65 86
65 17
65 81
65 18
65 175
65 56
65 82
65 90
65 48
65 199
65 79
65 177
65 33
87 197
87 212
87 170
87 59
87 72
87 76
87 26
87 58
87 22
87 162
87 142
87 41
87 70
87 147
87 49
87 183
87 204
87 6
87 123
87 31
87 153
87 188
87 190
87 129
87 115
87 163
87 186
87 150
87 52
87 71
87 139
87 94
87 140
87 83
87 195
87 109
87 77
87 136
87 101
87 14
87 43
87 44
87 24
87 184
87 122
87 111
87 124
87 192
87 201
87 42
87 144
87 86
87 17
87 81
87 165
87 5
87 104
87 7
87 207
87 138
87 175
87 56
87 128
87 34
87 90
87 48
87 199
87 177
87 69
87 178
87 21
197 170
197 10
197 216
197 76
197 203
197 26
197 58
197 149
197 22
197 137
197 189
197 100
197 162
197 130
197 147
197 49
197 30
197 183
197 84
197 64
197 146
197 93
197 97
197 188
197 214
197 190
197 154
197 173
197 115
197 163
197 95
197 3
197 120
197 150
197 71
197 15
197 139
197 94
197 12
197 140
197 167
197 136
197 8
197 57
197 55
197 13
197 215
197 25
197 62
197 45
197 11
197 208
197 217
197 111
197 192
197 112
197 42
197 86
197 81
197 135
197 165
197 61
197 60
197 175
197 128
197 82
197 199
197 79
197 177
197 178
212 10
212 26
212 149
212 137
212 172
212 130
212 187
212 84
212 204
212 146
212 31
212 97
212 188
212 92
212 214
212 160
212 154
212 164
212 75
212 89
212 163
212 186
212 110
212 73
212 139
212 143
212 83
212 126
212 145
212 168
212 77
212 57
212 101
212 202
212 43
212 44
212 24
212 25
212 218
212 184
212 40
212 111
212 74
212 124
212 42
212 86
212 165
212 18
212 37
212 60
212 7
212 34
212 9
212 177
212 21
212 53
170 114
170 72
170 76
170 58
170 106
170 191
170 189
170 142
170 41
170 70
170 205
170 49
170 27
170 183
170 113
170 64
170 166
170 35
170 123
170 88
170 133
170 108
170 92
170 160
170 171
170 115
170 89
170 95
170 3
170 39
170 150
170 102
170 181
170 94
170 127
170 219
170 83
170 32
170 195
170 145
170 8
170 57
170 23
170 14
170 43
170 156
170 13
170 215
170 62
170 193
170 11
170 74
170 124
170 112
170 42
170 144
170 17
170 81
170 18
170 60
170 207
170 175
170 82
170 9
170 4
170 51
170 178
170 33
10 59
10 72
10 216
10 203
10 58
10 134
10 22
10 100
10 162
10 130
10 70
10 205
10 49
10 30
10 113
10 6
10 133
10 190
10 154
10 129
10 75
10 171
10 95
10 186
10 3
10 110
10 150
10 71
10 143
10 68
10 168
10 136
10 57
10 14
10 55
10 156
10 13
10 38
10 25
10 193
10 20
10 198
10 91
10 192
10 201
10 42
10 210
10 144
10 17
10 135
10 18
10 5
10 104
10 7
10 128
10 34
10 82
10 48
10 199
10 4
10 116
10 69
10 105
10 33
10 182
59 114
59 216
59 76
59 203
59 26
59 22
59 191
59 147
59 205
59 49
59 187
59 30
59 113
59 64
59 166
59 121
59 88
59 133
59 154
59 78
59 75
59 89
59 163
59 120
59 73
59 150
59 52
59 139
59 102
59 143
59 94
59 131
59 12
59 29
59 32
59 126
59 167
59 145
59 168
59 57
59 67
59 13
59 50
59 24
59 38
59 215
59 218
59 45
59 184
59 198
59 11
59 40
59 217
59 74
59 192
59 201
59 210
59 81
59 18
59 5
59 60
59 104
59 207
59 56
59 4
59 79
59 51
59 182
114 216
114 203
114 58
114 130
114 41
114 174
114 70
114 147
114 103
114 183
114 6
114 35
114 123
114 188
114 88
114 133
114 160
114 190
114 154
114 164
114 171
114 39
114 120
114 73
114 15
114 139
114 102
114 68
114 131
114 140
114 219
114 29
114 16
114 109
114 168
114 77
114 8
114 101
114 55
114 202
114 43
114 38
114 215
114 45
114 198
114 11
114 208
114 111
114 42
114 144
114 138
114 175
114 34
114 48
114 4
114 98
114 116
114 105
114 53
72 47
72 203
72 58
72 149
72 134
72 137
72 172
72 189
72 100
72 70
72 147
72 205
72 49
72 103
72 183
72 84
72 148
72 146
72 36
72 97
72 188
72 121
72 88
72 141
72 160
72 190
72 154
72 173
72 75
72 89
72 163
72 95
72 110
72 150
72 71
72 139
72 102
72 83
72 195
72 168
72 67
72 202
72 24
72 193
72 184
72 20
72 122
72 91
72 40
72 208
72 124
72 192
72 42
72 86
72 135
72 99
72 165
72 61
72 60
72 138
72 196
72 56
72 128
72 34
72 82
72 9
72 48
72 199
72 116
72 69
72 178
72 182
216 203
216 58
216 106
216 174
216 205
216 27
216 30
216 204
216 6
216 146
216 166
216 123
216 153
216 188
216 190
216 164
216 186
216 3
216 120
216 71
216 139
216 102
216 68
216 127
216 219
216 195
216 77
216 136
216 57
216 202
216 43
216 38
216 215
216 218
216 45
216 208
216 112
216 210
216 17
216 207
216 196
216 56
216 34
216 4
216 51
76 22
76 106
76 100
76 174
76 70
76 147
76 205
76 27
76 187
76 183
76 84
76 204
76 113
76 166
76 93
76 121
76 133
76 108
76 141
76 154
76 164
76 78
76 89
76 163
76 186
76 110
76 73
76 15
76 102
76 143
76 181
76 131
76 127
76 219
76 83
76 195
76 16
76 145
76 168
76 77
76 136
76 57
76 101
76 23
76 67
76 14
76 202
76 43
76 44
76 156
76 25
76 45
76 184
76 11
76 91
76 111
76 201
76 210
76 144
76 37
76 60
76 7
76 207
76 138
76 175
76 128
76 34
76 82
76 90
76 116
76 51
76 69
76 105
47 203
47 26
47 134
47 189
47 174
47 147
47 49
47 27
47 187
47 30
47 183
47 113
47 148
47 35
47 121
47 141
47 164
47 78
47 171
47 3
47 110
47 150
47 181
47 68
47 131
47 12
47 140
47 29
47 126
47 16
47 109
47 167
47 57
47 101
47 55
47 54
47 43
47 44
47 218
47 184
47 124
47 112
47 144
47 86
47 17
47 81
47 99
47 165
47 18
47 60
47 104
47 207
47 175
47 56
47 34
47 199
47 4
47 98
47 79
47 105
47 182
203 134
203 189
203 41
203 174
203 147
203 205
203 187
203 183
203 148
203 146
203 93
203 35
203 123
203 153
203 121
203 133
203 214
203 160
203 154
203 164
203 78
203 129
203 171
203 186
203 110
203 120
203 52
203 15
203 155
203 131
203 12
203 140
203 127
203 83
203 32
203 109
203 77
203 23
203 14
203 156
203 24
203 38
203 215
203 62
203 45
203 198
203 40
203 217
203 111
203 201
203 42
203 210
203 86
203 17
203 165
203 18
203 104
203 207
203 138
203 175
203 56
26 134
26 106
26 70
26 27
26 187
26 183
26 64
26 6
26 93
26 35
26 88
26 92
26 160
26 164
26 115
26 163
26 95
26 110
26 73
26 52
26 139
26 68
26 155
26 131
26 12
26 127
26 29
26 83
26 126
26 16
26 167
26 136
26 8
26 67
26 202
26 54
26 156
26 50
26 38
26 215
26 184
26 20
26 42
26 210
26 86
26 61
26 60
26 56
26 34
26 48
26 98
26 79
26 51
26 178
26 21
26 53
26 182
58 22
58 172
58 100
58 162
58 130
58 41
58 147
58 205
58 49
58 27
58 84
58 35
58 31
58 97
58 121
58 88
58 108
58 92
58 160
58 173
58 164
58 75
58 3
58 110
58 39
58 52
58 71
58 139
58 68
58 155
58 140
58 127
58 32
58 145
58 136
58 57
58 101
58 43
58 156
58 13
58 50
58 215
58 218
58 45
58 208
58 217
58 111
58 124
58 192
58 201
58 112
58 86
58 17
58 81
58 165
58 5
58 60
58 104
58 196
58 175
58 34
58 82
58 90
58 69
58 33
58 182
149 134
149 172
149 70
149 147
149 103
149 84
149 146
149 166
149 93
149 123
149 31
149 188
149 108
149 92
149 78
149 186
149 3
149 110
149 52
149 15
149 102
149 143
149 94
149 127
149 126
149 195
149 16
149 167
149 77
149 8
149 14
149 55
149 156
149 50
149 38
149 184
149 217
149 201
149 112
149 42
149 210
149 86
149 17
149 135
149 18
149 37
149 60
149 104
149 207
149 138
149 56
149 128
149 9
149 4
149 177
149 105
149 53
134 22
134 191
134 172
134 142
134 147
134 187
134 103
134 183
134 84
134 204
134 6
134 93
134 36
134 188
134 92
134 141
134 154
134 129
134 115
134 89
134 186
134 3
134 39
134 52
134 131
134 83
134 126
134 109
134 145
134 168
134 136
134 8
134 57
134 67
134 14
134 55
134 202
134 54
134 24
134 62
134 20
134 198
134 40
134 111
134 192
134 112
134 42
134 210
134 99
134 60
134 104
134 7
134 207
134 56
134 34
134 82
134 9
134 48
134 178
134 33
134 182
22 106
22 162
22 70
22 147
22 205
22 49
22 187
22 103
22 84
22 204
22 64
22 93
22 36
22 153
22 88
22 154
22 173
22 171
22 89
22 163
22 3
22 110
22 120
22 150
22 71
22 15
22 181
22 94
22 131
22 12
22 127
22 219
22 195
22 16
22 168
22 136
22 8
22 55
22 43
22 156
22 13
22 50
22 25
22 45
22 11
22 208
22 111
22 74
22 124
22 192
22 112
22 42
22 210
22 86
22 17
22 99
22 165
22 61
22 196
22 9
22 90
22 199
22 4
22 69
22 105
22 53
106 191
106 70
106 187
106 30
106 103
106 183
106 84
106 204
106 113
106 153
106 188
106 121
106 88
106 108
106 173
106 129
106 115
106 163
106 95
106 3
106 39
106 71
106 15
106 102
106 155
106 29
106 32
106 126
106 195
106 168
106 136
106 101
106 23
106 14
106 54
106 50
106 25
106 218
106 62
106 193
106 20
106 11
106 91
106 208
106 74
106 192
106 201
106 112
106 144
106 86
106 17
106 81
106 135
106 60
106 7
106 207
106 177
106 105
137 191
137 162
137 130
137 147
137 103
137 84
137 204
137 166
137 31
137 97
137 173
137 164
137 78
137 115
137 89
137 186
137 3
137 120
137 73
137 139
137 68
137 155
137 131
137 140
137 219
137 29
137 83
137 16
137 109
137 168
137 101
137 67
137 202
137 50
137 62
137 193
137 40
137 192
137 112
137 86
137 17
137 135
137 165
137 37
137 61
137 5
137 104
137 196
137 128
137 34
137 199
137 177
137 51
137 69
137 178
137 33
137 21
137 53
191 172
191 100
191 162
191 41
191 147
191 205
191 30
191 183
191 113
191 64
191 148
191 6
191 93
191 35
191 123
191 31
191 97
191 153
191 121
191 133
191 108
191 141
191 190
191 78
191 75
191 3
191 120
191 52
191 102
191 143
191 181
191 155
191 219
191 145
191 168
191 77
191 136
191 8
191 57
191 23
191 202
191 44
191 62
191 184
191 20
191 40
191 217
191 74
191 124
191 86
191 18
191 5
191 104
191 138
191 56
191 34
191 82
191 9
191 4
191 98
191 79
191 178
191 33
191 21
191 182
172 142
172 41
172 27
172 30
172 31
172 97
172 153
172 121
172 88
172 133
172 108
172 141
172 214
172 129
172 89
172 163
172 3
172 120
172 150
172 143
172 12
172 29
172 83
172 126
172 145
172 23
172 218
172 193
172 40
172 217
172 111
172 74
172 124
172 42
172 210
172 81
172 135
172 99
172 5
172 104
172 7
172 207
172 175
172 34
172 82
172 9
172 48
172 199
172 4
172 116
172 51
172 69
172 105
172 33
172 21
172 53
189 162
189 147
189 205
189 27
189 103
189 183
189 146
189 166
189 93
189 123
189 97
189 153
189 188
189 108
189 92
189 141
189 214
189 160
189 154
189 78
189 129
189 75
189 115
189 110
189 73
189 150
189 52
189 15
189 139
189 102
189 143
189 68
189 155
189 12
189 140
189 127
189 126
189 195
189 16
189 167
189 145
189 8
189 67
189 54
189 156
189 13
189 215
189 25
189 218
189 193
189 45
189 184
189 198
189 11
189 40
189 208
189 111
189 124
189 192
189 42
189 17
189 81
189 135
189 5
189 60
189 104
189 207
189 138
189 175
189 128
189 9
189 199
189 98
189 116
189 177
189 105
189 33
189 21
189 182
100 162
100 142
100 130
100 41
100 70
100 27
100 84
100 204
100 64
100 6
100 166
100 93
100 31
100 153
100 92
100 173
100 78
100 129
100 171
100 163
100 3
100 110
100 52
100 139
100 102
100 68
100 131
100 29
100 32
100 126
100 195
100 167
100 168
100 67
100 14
100 55
100 54
100 44
100 156
100 13
100 50
100 62
100 122
100 198
100 208
100 217
100 124
100 42
100 5
100 60
100 7
100 138
100 34
100 82
100 9
100 199
100 4
100 69
100 53
162 146
162 123
162 188
162 88
162 133
162 108
162 92
162 190
162 154
162 89
162 95
162 186
162 3
162 110
162 120
162 150
162 139
162 68
162 155
162 131
162 12
162 29
162 195
162 16
162 145
162 77
162 136
162 8
162 67
162 14
162 55
162 44
162 20
162 122
162 198
162 11
162 217
162 124
162 210
162 86
162 81
162 99
162 18
162 37
162 5
162 138
162 196
162 82
162 90
162 4
162 98
162 177
162 51
162 105
162 53
142 130
142 27
142 64
142 148
142 153
142 133
142 108
142 92
142 190
142 154
142 78
142 129
142 163
142 95
142 186
142 52
142 71
142 15
142 139
142 102
142 94
142 131
142 12
142 140
142 127
142 29
142 32
142 126
142 16
142 109
142 145
142 77
142 8
142 101
142 23
142 14
142 55
142 202
142 43
142 156
142 24
142 38
142 215
142 218
142 62
142 193
142 45
142 11
142 91
142 217
142 210
142 17
142 81
142 165
142 37
142 61
142 60
142 104
142 207
142 175
142 128
142 82
142 90
142 199
142 98
142 177
142 178
142 105
142 33
142 21
142 53
130 41
130 147
130 49
130 113
130 64
130 146
130 166
130 36
130 133
130 141
130 214
130 154
130 164
130 171
130 110
130 39
130 120
130 139
130 181
130 68
130 155
130 127
130 219
130 83
130 126
130 109
130 145
130 77
130 8
130 101
130 23
130 67
130 202
130 54
130 44
130 156
130 13
130 24
130 25
130 218
130 62
130 193
130 198
130 11
130 208
130 217
130 74
130 192
130 135
130 18
130 60
130 138
130 56
130 9
130 48
130 98
130 177
130 51
130 178
130 105
130 53
130 182
41 70
41 49
41 30
41 103
41 183
41 84
41 113
41 146
41 93
41 36
41 31
41 188
41 121
41 141
41 190
41 173
41 75
41 171
41 115
41 186
41 39
41 150
41 15
41 143
41 131
41 83
41 32
41 126
41 195
41 16
41 167
41 168
41 77
41 67
41 55
41 44
41 156
41 13
41 122
41 74
41 201
41 81
41 61
41 104
41 7
41 207
41 138
41 196
41 175
41 34
41 90
41 48
41 4
41 98
41 33
41 182
174 70
174 205
174 27
174 183
174 84
174 6
174 146
174 123
174 153
174 108
174 92
174 214
174 190
174 171
174 163
174 110
174 73
174 71
174 139
174 143
174 68
174 131
174 12
174 140
174 219
174 83
174 109
174 167
174 101
174 23
174 14
174 54
174 44
174 156
174 13
174 62
174 20
174 198
174 91
174 208
174 124
174 201
174 112
174 210
174 86
174 135
174 165
174 37
174 61
174 138
174 196
174 34
174 82
174 48
174 199
174 69
174 178
174 33
70 49
70 84
70 113
70 64
70 148
70 6
70 93
70 123
70 97
70 188
70 141
70 214
70 173
70 78
70 115
70 3
70 120
70 52
70 71
70 102
70 68
70 12
70 83
70 126
70 167
70 136
70 23
70 67
70 14
70 43
70 50
70 24
70 38
70 62
70 20
70 198
70 11
70 208
70 111
70 201
70 144
70 86
70 135
70 18
70 138
70 196
70 175
70 90
70 199
70 177
70 69
70 53
147 30
147 183
147 204
147 113
147 166
147 35
147 123
147 31
147 97
147 121
147 88
147 141
147 160
147 171
147 95
147 39
147 73
147 150
147 71
147 15
147 102
147 131
147 140
147 127
147 219
147 195
147 136
147 57
147 101
147 23
147 14
147 55
147 54
147 44
147 24
147 25
147 218
147 62
147 193
147 184
147 20
147 208
147 217
147 192
147 144
147 99
147 196
147 175
147 34
147 82
147 48
147 4
147 116
147 177
147 69
147 178
147 21
147 53
205 27
205 204
205 146
205 36
205 123
205 31
205 121
205 214
205 190
205 154
205 173
205 171
205 115
205 186
205 110
205 39
205 52
205 181
205 155
205 140
205 127
205 83
205 126
205 16
205 109
205 145
205 77
205 202
205 54
205 43
205 44
205 24
205 215
205 25
205 218
205 20
205 122
205 11
205 91
205 201
205 42
205 17
205 18
205 61
205 60
205 104
205 196
205 56
205 34
205 79
205 177
205 105
49 103
49 183
49 84
49 113
49 64
49 146
49 166
49 93
49 35
49 36
49 97
49 153
49 188
49 133
49 108
49 92
49 190
49 154
49 78
49 129
49 115
49 3
49 110
49 39
49 73
49 52
49 71
49 139
49 102
49 181
49 155
49 127
49 219
49 29
49 195
49 16
49 57
49 101
49 14
49 202
49 54
49 43
49 215
49 20
49 198
49 40
49 111
49 124
49 201
49 112
49 210
49 17
49 81
49 18
49 37
49 5
49 60
49 7
49 138
49 34
49 90
49 48
49 98
49 79
49 178
49 53
27 30
27 148
27 166
27 93
27 35
27 123
27 31
27 141
27 214
27 190
27 154
27 75
27 171
27 89
27 163
27 186
27 3
27 120
27 73
27 143
27 181
27 68
27 155
27 131
27 83
27 16
27 167
27 145
27 168
27 136
27 57
27 23
27 55
27 43
27 45
27 74
27 112
27 42
27 210
27 144
27 165
27 61
27 5
27 104
27 138
27 196
27 175
27 56
27 9
27 90
27 48
27 199
27 69
27 178
27 182
187 183
187 6
187 31
187 188
187 121
187 108
187 141
187 160
187 154
187 129
187 171
187 163
187 186
187 150
187 15
187 139
187 143
187 181
187 131
187 140
187 127
187 219
187 29
187 16
187 145
187 136
187 101
187 23
187 67
187 14
187 55
187 202
187 50
187 38
187 215
187 25
187 218
187 62
187 193
187 184
187 11
187 208
187 217
187 111
187 74
187 201
187 210
187 81
187 99
187 104
187 207
187 175
187 34
187 82
187 98
187 79
187 69
187 178
187 53
30 103
30 64
30 148
30 146
30 166
30 31
30 97
30 188
30 133
30 154
30 164
30 115
30 89
30 163
30 186
30 120
30 139
30 68
30 12
30 140
30 29
30 83
30 126
30 167
30 136
30 202
30 43
30 193
30 184
30 20
30 122
30 11
30 217
30 74
30 124
30 112
30 42
30 210
30 86
30 81
30 135
30 165
30 18
30 104
30 207
30 138
30 196
30 175
30 56
30 4
30 79
30 177
30 51
30 69
30 178
30 105
30 33
30 53
103 204
103 6
103 166
103 121
103 133
103 92
103 141
103 214
103 160
103 154
103 164
103 78
103 75
103 186
103 120
103 71
103 102
103 155
103 12
103 29
103 126
103 145
103 168
103 77
103 23
103 54
103 13
103 62
103 184
103 122
103 91
103 217
103 111
103 74
103 124
103 42
103 18
103 37
103 5
103 60
103 207
103 196
103 175
103 56
103 199
103 21
103 53
183 204
183 113
183 6
183 166
183 93
183 36
183 31
183 133
183 141
183 160
183 154
183 129
183 3
183 110
183 120
183 73
183 102
183 155
183 140
183 219
183 83
183 32
183 195
183 167
183 145
183 23
183 67
183 54
183 43
183 44
183 156
183 218
183 198
183 11
183 217
183 192
183 42
183 165
183 18
183 37
183 7
183 138
183 128
183 9
183 90
183 177
183 51
183 21
183 53
84 64
84 148
84 93
84 188
84 133
84 214
84 160
84 173
84 129
84 75
84 95
84 186
84 73
84 71
84 102
84 143
84 181
84 68
84 94
84 127
84 29
84 83
84 32
84 195
84 109
84 168
84 77
84 23
84 55
84 43
84 45
84 122
84 40
84 74
84 42
84 37
84 5
84 104
84 7
84 128
84 90
84 48
84 4
84 116
84 79
84 69
84 21
204 6
204 93
204 153
204 92
204 141
204 214
204 160
204 190
204 78
204 171
204 163
204 3
204 73
204 15
204 139
204 143
204 181
204 155
204 131
204 12
204 29
204 32
204 8
204 67
204 55
204 156
204 215
204 193
204 20
204 91
204 124
204 112
204 81
204 135
204 165
204 18
204 37
204 5
204 207
204 175
204 56
204 128
204 34
204 82
204 48
204 98
204 116
204 79
204 51
204 53
204 182
113 64
113 6
113 146
113 93
113 153
113 121
113 108
113 92
113 141
113 214
113 190
113 154
113 164
113 52
113 71
113 15
113 102
113 68
113 155
113 12
113 83
113 32
113 16
113 109
113 167
113 8
113 57
113 101
113 23
113 14
113 156
113 218
113 62
113 11
113 208
113 192
113 201
113 42
113 210
113 144
113 17
113 81
113 99
113 18
113 37
113 61
113 207
113 138
113 34
113 48
113 199
113 98
113 21
64 35
64 36
64 123
64 31
64 153
64 88
64 133
64 92
64 160
64 190
64 173
64 78
64 75
64 115
64 163
64 95
64 3
64 52
64 15
64 143
64 68
64 29
64 83
64 109
64 145
64 168
64 77
64 23
64 156
64 50
64 62
64 193
64 198
64 40
64 208
64 217
64 111
64 192
64 42
64 86
64 99
64 61
64 207
64 82
64 48
64 199
64 98
64 116
64 51
64 53
64 182
148 6
148 93
148 35
148 123
148 97
148 153
148 133
148 108
148 92
148 214
148 190
148 154
148 173
148 164
148 78
148 129
148 75
148 95
148 186
148 3
148 71
148 102
148 143
148 181
148 219
148 126
148 16
148 109
148 167
148 145
148 168
148 67
148 14
148 55
148 54
148 44
148 13
148 38
148 215
148 62
148 184
148 20
148 11
148 208
148 217
148 111
148 74
148 86
148 17
148 81
148 135
148 165
148 61
148 104
148 7
148 207
148 138
148 196
148 56
148 128
148 34
148 90
148 199
148 177
148 69
148 178
148 21
6 146
6 153
6 188
6 121
6 88
6 164
6 78
6 75
6 39
6 150
6 71
6 143
6 155
6 94
6 127
6 29
6 83
6 126
6 168
6 57
6 14
6 54
6 156
6 62
6 45
6 198
6 91
6 208
6 217
6 124
6 192
6 42
6 86
6 61
6 5
6 7
6 138
6 196
6 128
6 82
6 90
6 48
6 199
6 98
6 105
6 21
6 182
146 166
146 153
146 108
146 160
146 190
146 154
146 173
146 164
146 171
146 186
146 3
146 110
146 39
146 52
146 15
146 139
146 181
146 131
146 12
146 127
146 219
146 32
146 16
146 109
146 8
146 57
146 67
146 50
146 38
146 215
146 25
146 45
146 11
146 40
146 217
146 74
146 201
146 144
146 17
146 135
146 99
146 18
146 61
146 7
146 56
146 34
146 9
146 98
146 116
146 51
146 178
146 33
166 93
166 123
166 153
166 188
166 121
166 133
166 160
166 154
166 173
166 164
166 89
166 110
166 39
166 52
166 71
166 15
166 139
166 102
166 143
166 155
166 94
166 131
166 32
166 145
166 136
166 8
166 57
166 101
166 23
166 67
166 14
166 54
166 156
166 215
166 218
166 62
166 193
166 198
166 11
166 40
166 217
166 111
166 201
166 210
166 17
166 99
166 61
166 5
166 175
166 90
166 48
166 199
166 178
166 105
166 33
93 36
93 31
93 153
93 88
93 92
93 141
93 160
93 154
93 164
93 129
93 75
93 89
93 163
93 120
93 73
93 15
93 102
93 68
93 155
93 94
93 12
93 140
93 126
93 195
93 109
93 77
93 136
93 101
93 67
93 202
93 43
93 156
93 13
93 24
93 38
93 215
93 45
93 184
93 122
93 11
93 91
93 40
93 111
93 74
93 17
93 81
93 135
93 99
93 60
93 196
93 175
93 177
93 69
93 105
93 21
35 31
35 188
35 121
35 88
35 133
35 108
35 214
35 190
35 173
35 164
35 186
35 110
35 39
35 150
35 139
35 68
35 155
35 94
35 12
35 219
35 32
35 195
35 167
35 145
35 168
35 14
35 55
35 43
35 156
35 50
35 38
35 218
35 193
35 184
35 20
35 91
35 124
35 112
35 210
35 165
35 18
35 61
35 7
35 196
35 175
35 82
35 199
35 79
35 51
35 33
35 53
36 123
36 153
36 188
36 121
36 88
36 108
36 214
36 154
36 173
36 115
36 89
36 163
36 95
36 186
36 110
36 39
36 73
36 52
36 71
36 139
36 102
36 143
36 181
36 155
36 94
36 131
36 127
36 219
36 32
36 126
36 136
36 8
36 57
36 202
36 54
36 44
36 156
36 50
36 24
36 193
36 45
36 184
36 20
36 198
36 208
36 124
36 201
36 112
36 81
36 5
36 7
36 138
36 175
36 128
36 34
36 90
36 116
36 79
36 51
36 178
36 105
36 33
36 53
123 31
123 188
123 108
123 92
123 214
123 160
123 164
123 89
123 163
123 186
123 39
123 139
123 102
123 68
123 94
123 12
123 140
123 127
123 219
123 29
123 32
123 126
123 195
123 101
123 13
123 24
123 215
123 25
123 218
123 193
123 184
123 20
123 40
123 208
123 217
123 74
123 210
123 7
123 138
123 196
123 90
123 48
123 98
123 177
123 51
123 178
123 53
123 182
31 188
31 121
31 88
31 92
31 154
31 163
31 3
31 120
31 181
31 68
31 155
31 94
31 12
31 83
31 109
31 168
31 8
31 101
31 14
31 202
31 54
31 44
31 156
31 215
31 218
31 45
31 20
31 11
31 111
31 144
31 17
31 37
31 138
31 196
31 82
31 9
31 90
31 48
31 4
31 79
31 105
97 121
97 133
97 214
97 160
97 154
97 173
97 171
97 163
97 3
97 73
97 71
97 102
97 181
97 131
97 83
97 32
97 126
97 195
97 77
97 101
97 43
97 13
97 50
97 24
97 38
97 184
97 20
97 122
97 91
97 40
97 217
97 111
97 124
97 192
97 135
97 99
97 37
97 207
97 196
97 175
97 56
97 34
97 199
97 4
97 98
97 79
97 105
97 33
97 21
97 182
153 108
153 92
153 141
153 214
153 190
153 129
153 75
153 163
153 186
153 73
153 150
153 71
153 181
153 94
153 32
153 16
153 167
153 145
153 101
153 67
153 14
153 55
153 50
153 24
153 25
153 40
153 217
153 74
153 112
153 17
153 165
153 18
153 5
153 207
153 196
153 175
153 82
153 90
153 199
153 116
153 177
153 51
153 178
153 105
153 33
188 160
188 154
188 173
188 78
188 129
188 75
188 171
188 89
188 163
188 95
188 110
188 120
188 52
188 143
188 181
188 140
188 127
188 219
188 32
188 126
188 16
188 167
188 145
188 77
188 136
188 101
188 54
188 50
188 38
188 62
188 184
188 208
188 112
188 42
188 210
188 86
188 81
188 165
188 37
188 5
188 138
188 196
188 34
188 82
188 9
188 90
188 48
188 177
188 51
188 33
188 21
188 182
121 214
121 160
121 171
121 89
121 163
121 95
121 39
121 71
121 15
121 139
121 143
121 181
121 68
121 140
121 127
121 16
121 57
121 43
121 156
121 50
121 215
121 218
121 62
121 11
121 91
121 208
121 124
121 112
121 42
121 210
121 81
121 135
121 196
121 56
121 9
121 48
121 4
121 69
121 178
121 105
121 53
88 141
88 160
88 154
88 173
88 164
88 78
88 129
88 186
88 3
88 110
88 120
88 73
88 150
88 71
88 15
88 139
88 68
88 12
88 127
88 29
88 83
88 145
88 168
88 136
88 57
88 67
88 202
88 54
88 13
88 24
88 38
88 215
88 91
88 217
88 111
88 74
88 201
88 210
88 144
88 86
88 81
88 135
88 165
88 207
88 34
88 9
88 48
88 98
88 116
88 51
88 69
88 21
133 108
133 214
133 190
133 173
133 164
133 78
133 171
133 89
133 95
133 39
133 150
133 143
133 181
133 155
133 131
133 12
133 219
133 32
133 16
133 109
133 167
133 77
133 136
133 14
133 13
133 50
133 24
133 215
133 25
133 184
133 20
133 122
133 124
133 86
133 81
133 18
133 60
133 104
133 196
133 175
133 56
133 128
133 9
133 98
133 116
133 51
133 69
133 105
133 33
133 21
108 92
108 160
108 173
108 164
108 171
108 115
108 89
108 3
108 150
108 139
108 102
108 68
108 131
108 12
108 127
108 219
108 126
108 145
108 8
108 23
108 67
108 14
108 202
108 54
108 13
108 122
108 40
108 217
108 74
108 192
108 201
108 112
108 42
108 210
108 144
108 86
108 81
108 99
108 165
108 37
108 61
108 5
108 175
108 82
108 9
108 90
108 98
108 177
108 178
108 105
108 53
92 160
92 190
92 164
92 129
92 171
92 115
92 89
92 186
92 73
92 181
92 83
92 16
92 109
92 167
92 145
92 8
92 101
92 67
92 14
92 55
92 202
92 13
92 24
92 38
92 215
92 193
92 122
92 91
92 217
92 111
92 124
92 42
92 210
92 144
92 17
92 37
92 104
92 128
92 34
92 90
92 116
92 51
92 69
92 33
92 182
141 214
141 154
141 164
141 75
141 186
141 73
141 150
141 102
141 143
141 181
141 155
141 131
141 140
141 16
141 167
141 77
141 57
141 23
141 67
141 54
141 44
141 156
141 50
141 218
141 45
141 122
141 11
141 192
141 86
141 135
141 99
141 61
141 207
141 196
141 56
141 128
141 48
141 199
141 4
141 98
141 79
141 177
141 105
141 33
141 53
141 182
214 160
214 75
214 115
214 89
214 163
214 95
214 3
214 110
214 120
214 73
214 150
214 139
214 143
214 83
214 32
214 126
214 109
214 77
214 136
214 8
214 57
214 67
214 14
214 54
214 218
214 193
214 45
214 184
214 122
214 74
214 124
214 112
214 210
214 99
214 37
214 61
214 5
214 60
214 104
214 7
214 128
214 34
214 82
214 90
214 199
214 79
214 51
214 69
214 178
214 105
160 154
160 78
160 129
160 89
160 95
160 3
160 110
160 73
160 150
160 71
160 139
160 143
160 181
160 68
160 155
160 94
160 131
160 219
160 83
160 32
160 126
160 195
160 145
160 8
160 57
160 23
160 13
160 50
160 24
160 215
160 45
160 184
160 20
160 217
160 192
160 42
160 86
160 17
160 81
160 18
160 5
160 138
160 34
160 90
160 98
160 177
160 51
160 105
160 182
190 154
190 129
190 115
190 89
190 39
190 73
190 102
190 181
190 94
190 219
190 83
190 195
190 109
190 145
190 168
190 77
190 136
190 57
190 101
190 23
190 67
190 55
190 202
190 24
190 38
190 25
190 62
190 20
190 122
190 91
190 111
190 144
190 86
190 81
190 165
190 37
190 5
190 207
190 138
190 128
190 34
190 4
190 116
190 79
190 177
190 51
190 178
190 105
190 33
190 53
154 173
154 164
154 129
154 75
154 171
154 163
154 3
154 15
154 181
154 16
154 167
154 145
154 57
154 101
154 202
154 156
154 50
154 24
154 215
154 45
154 184
154 198
154 217
154 201
154 112
154 135
154 99
154 61
154 5
154 104
154 207
154 48
154 199
154 4
154 51
154 21
173 171
173 89
173 163
173 110
173 39
173 150
173 181
173 94
173 131
173 140
173 127
173 109
173 167
173 145
173 101
173 202
173 54
173 44
173 156
173 38
173 218
173 217
173 74
173 42
173 210
173 144
173 81
173 18
173 7
173 207
173 196
173 34
173 90
173 51
173 105
173 33
173 53
173 182
164 78
164 129
164 75
164 115
164 95
164 186
164 52
164 71
164 15
164 68
164 94
164 29
164 32
164 16
164 145
164 8
164 101
164 23
164 67
164 202
164 43
164 44
164 13
164 215
164 193
164 184
164 91
164 40
164 217
164 124
164 201
164 112
164 42
164 135
164 37
164 61
164 104
164 7
164 207
164 196
164 56
164 34
164 79
164 177
164 69
78 129
78 186
78 120
78 102
78 155
78 131
78 12
78 127
78 29
78 83
78 126
78 109
78 145
78 168
78 136
78 23
78 14
78 13
78 20
78 208
78 217
78 111
78 42
78 18
78 37
78 5
78 138
78 175
78 128
78 34
78 90
78 4
78 98
78 79
78 177
78 51
78 178
78 33
129 75
129 171
129 89
129 163
129 39
129 150
129 52
129 71
129 102
129 143
129 68
129 12
129 140
129 219
129 29
129 83
129 32
129 16
129 167
129 77
129 136
129 8
129 57
129 14
129 55
129 54
129 50
129 215
129 45
129 122
129 111
129 74
129 192
129 112
129 81
129 135
129 99
129 165
129 37
129 61
129 5
129 7
129 138
129 196
129 56
129 128
129 82
129 4
129 79
129 33
129 21
129 53
75 171
75 163
75 3
75 73
75 52
75 102
75 143
75 68
75 131
75 12
75 127
75 16
75 168
75 8
75 57
75 101
75 23
75 54
75 43
75 13
75 215
75 218
75 62
75 45
75 20
75 11
75 40
75 124
75 112
75 17
75 99
75 18
75 175
75 128
75 34
75 82
75 9
75 48
75 4
75 98
75 79
75 177
75 105
75 182
171 115
171 3
171 110
171 120
171 52
171 131
171 12
171 140
171 127
171 16
171 109
171 167
171 168
171 57
171 101
171 55
171 54
171 43
171 156
171 50
171 215
171 25
171 208
171 217
171 74
171 124
171 144
171 17
171 81
171 37
171 5
171 60
171 7
171 207
171 196
171 175
171 56
171 90
171 48
171 199
171 4
171 98
171 116
171 79
171 21
171 182
115 89
115 39
115 139
115 68
115 155
115 131
115 145
115 168
115 136
115 44
115 38
115 215
115 218
115 62
115 193
115 198
115 40
115 208
115 192
115 201
115 210
115 86
115 81
115 165
115 18
115 104
115 7
115 207
115 128
115 9
115 48
115 98
115 69
115 53
89 95
89 186
89 110
89 150
89 15
89 102
89 68
89 94
89 131
89 140
89 219
89 32
89 126
89 195
89 16
89 145
89 168
89 67
89 43
89 13
89 50
89 24
89 25
89 218
89 62
89 122
89 111
89 74
89 192
89 201
89 112
89 42
89 86
89 99
89 61
89 60
89 138
89 34
89 48
89 4
89 116
89 79
89 177
89 178
89 105
89 33
89 182
163 95
163 110
163 39
163 73
163 15
163 131
163 219
163 126
163 109
163 77
163 67
163 54
163 43
163 44
163 25
163 218
163 184
163 122
163 111
163 74
163 124
163 192
163 112
163 144
163 86
163 81
163 135
163 37
163 61
163 7
163 138
163 196
163 175
163 199
163 79
163 69
163 33
163 21
163 53
95 120
95 73
95 150
95 71
95 15
95 102
95 68
95 219
95 29
95 101
95 67
95 55
95 54
95 13
95 62
95 45
95 20
95 122
95 198
95 91
95 208
95 124
95 192
95 112
95 86
95 135
95 37
95 5
95 207
95 196
95 82
95 48
95 4
95 98
95 51
95 69
95 33
95 21
95 182
186 3
186 73
186 15
186 181
186 68
186 155
186 12
186 83
186 109
186 167
186 77
186 55
186 54
186 44
186 25
186 11
186 192
186 201
186 112
186 135
186 7
186 207
186 34
186 90
186 4
186 98
186 116
186 79
186 51
186 69
186 33
186 21
186 182
3 110
3 39
3 150
3 102
3 143
3 94
3 219
3 29
3 83
3 126
3 109
3 77
3 136
3 101
3 23
3 67
3 55
3 43
3 44
3 13
3 38
3 62
3 45
3 20
3 11
3 42
3 210
3 144
3 86
3 99
3 165
3 5
3 104
3 196
3 56
3 9
3 116
3 79
3 177
3 51
110 73
110 150
110 52
110 102
110 143
110 181
110 155
110 131
110 140
110 127
110 195
110 16
110 109
110 167
110 77
110 136
110 14
110 43
110 44
110 13
110 50
110 218
110 217
110 111
110 124
110 144
110 17
110 135
110 61
110 104
110 207
110 175
110 56
110 34
110 82
110 90
110 48
110 199
110 98
110 116
110 51
110 33
110 21
39 120
39 73
39 15
39 102
39 155
39 94
39 12
39 140
39 29
39 32
39 109
39 23
39 54
39 44
39 25
39 218
39 198
39 11
39 217
39 192
39 42
39 210
39 144
39 99
39 18
39 61
39 104
39 128
39 90
39 199
39 98
39 79
39 177
39 51
39 178
39 53
120 150
120 15
120 68
120 155
120 12
120 127
120 219
120 29
120 32
120 126
120 145
120 77
120 67
120 54
120 13
120 38
120 218
120 45
120 184
120 20
120 11
120 74
120 192
120 201
120 42
120 81
120 18
120 60
120 7
120 56
120 34
120 82
120 90
120 98
120 116
120 177
120 178
120 105
120 182
73 52
73 71
73 131
73 127
73 219
73 83
73 126
73 16
73 167
73 145
73 168
73 57
73 202
73 62
73 184
73 91
73 40
73 217
73 111
73 74
73 201
73 144
73 17
73 81
73 99
73 207
73 196
73 56
73 128
73 82
73 90
73 199
73 4
73 79
73 177
73 51
73 69
73 178
73 105
73 182
150 15
150 102
150 155
150 131
150 140
150 219
150 126
150 195
150 145
150 77
150 57
150 23
150 14
150 55
150 202
150 54
150 43
150 13
150 24
150 25
150 218
150 193
150 184
150 198
150 40
150 111
150 112
150 17
150 135
150 99
150 18
150 37
150 5
150 7
150 207
150 138
150 196
150 128
150 82
150 90
150 199
150 105
52 15
52 139
52 68
52 131
52 219
52 83
52 126
52 8
52 57
52 202
52 44
52 50
52 198
52 208
52 217
52 124
52 192
52 201
52 42
52 86
52 37
52 61
52 5
52 60
52 104
52 7
52 207
52 138
52 196
52 90
52 199
52 98
52 69
52 105
52 33
52 21
71 68
71 94
71 131
71 29
71 83
71 32
71 126
71 16
71 145
71 8
71 101
71 54
71 156
71 50
71 38
71 218
71 45
71 122
71 198
71 11
71 91
71 111
71 201
71 112
71 42
71 144
71 86
71 135
71 99
71 61
71 5
71 7
71 196
71 175
71 56
71 128
71 48
71 199
71 69
71 178
71 105
71 53
71 182
15 143
15 181
15 68
15 127
15 29
15 195
15 167
15 145
15 77
15 67
15 54
15 43
15 13
15 24
15 38
15 25
15 218
15 45
15 91
15 208
15 217
15 124
15 192
15 210
15 144
15 86
15 17
15 37
15 61
15 5
15 104
15 175
15 56
15 128
15 9
15 90
15 48
15 177
15 21
15 53
15 182
139 102
139 94
139 12
139 83
139 167
139 77
139 23
139 67
139 25
139 218
139 62
139 20
139 40
139 217
139 74
139 192
139 112
139 135
139 165
139 61
139 104
139 138
139 196
139 175
139 34
139 199
139 51
102 143
102 68
102 155
102 140
102 127
102 195
102 109
102 168
102 136
102 57
102 23
102 67
102 14
102 43
102 44
102 156
102 38
102 218
102 45
102 184
102 122
102 198
102 11
102 91
102 40
102 208
102 111
102 192
102 112
102 42
102 210
102 7
102 196
102 175
102 199
102 51
102 69
102 178
102 33
143 94
143 12
143 29
143 109
143 8
143 43
143 156
143 13
143 38
143 215
143 62
143 45
143 40
143 111
143 74
143 124
143 201
143 112
143 99
143 60
143 196
143 56
143 128
143 9
143 53
143 182
181 68
181 94
181 12
181 140
181 109
181 167
181 136
181 101
181 23
181 55
181 44
181 156
181 215
181 25
181 218
181 45
181 198
181 11
181 91
181 40
181 124
181 201
181 112
181 144
181 99
181 60
181 196
181 128
181 90
181 199
181 98
181 51
181 53
68 83
68 32
68 16
68 145
68 57
68 101
68 43
68 13
68 50
68 38
68 215
68 20
68 198
68 11
68 208
68 124
68 210
68 17
68 7
68 34
68 199
68 79
68 69
68 21
68 182
155 131
155 12
155 127
155 219
155 29
155 83
155 32
155 109
155 145
155 57
155 101
155 55
155 54
155 43
155 156
155 13
155 215
155 218
155 45
155 91
155 40
155 217
155 111
155 42
155 17
155 81
155 60
155 90
155 48
155 199
155 33
155 53
94 219
94 83
94 195
94 145
94 57
94 23
94 67
94 14
94 202
94 54
94 43
94 44
94 24
94 215
94 184
94 20
94 198
94 11
94 208
94 74
94 124
94 192
94 144
94 81
94 165
94 18
94 37
94 61
94 5
94 56
94 9
94 4
94 98
94 69
94 53
94 182
131 12
131 140
131 219
131 83
131 32
131 16
131 109
131 77
131 8
131 23
131 55
131 202
131 156
131 38
131 25
131 62
131 193
131 40
131 208
131 111
131 201
131 42
131 144
131 135
131 165
131 18
131 61
131 104
131 7
131 207
131 138
131 196
131 82
131 48
131 4
131 116
131 69
131 33
131 53
131 182
12 83
12 195
12 109
12 77
12 8
12 23
12 67
12 55
12 202
12 44
12 24
12 38
12 215
12 62
12 45
12 184
12 20
12 91
12 208
12 112
12 210
12 86
12 81
12 165
12 37
12 5
12 104
12 196
12 175
12 34
12 4
12 116
12 79
12 178
12 105
12 21
12 182
140 219
140 83
140 32
140 195
140 136
140 101
140 23
140 202
140 156
140 218
140 62
140 193
140 198
140 11
140 91
140 111
140 86
140 18
140 61
140 60
140 7
140 207
140 138
140 175
140 128
140 34
140 82
140 9
140 51
140 105
140 33
140 21
127 219
127 83
127 32
127 126
127 167
127 77
127 57
127 202
127 24
127 62
127 193
127 122
127 11
127 91
127 217
127 74
127 42
127 144
127 17
127 99
127 165
127 61
127 7
127 175
127 128
127 34
127 199
127 4
127 116
127 177
127 51
127 105
127 182
219 83
219 167
219 145
219 168
219 136
219 57
219 101
219 67
219 14
219 55
219 54
219 43
219 44
219 156
219 50
219 24
219 38
219 198
219 91
219 40
219 74
219 124
219 210
219 144
219 99
219 165
219 207
219 138
219 196
219 128
219 34
219 82
219 90
219 4
219 98
219 116
219 51
219 178
219 21
219 53
29 32
29 195
29 168
29 77
29 136
29 8
29 55
29 44
29 25
29 218
29 193
29 20
29 11
29 208
29 124
29 192
29 201
29 144
29 37
29 61
29 5
29 60
29 104
29 207
29 196
29 175
29 34
29 9
29 116
29 79
29 69
29 178
83 109
83 168
83 77
83 136
83 8
83 101
83 23
83 67
83 54
83 43
83 38
83 218
83 62
83 45
83 184
83 20
83 198
83 208
83 217
83 74
83 112
83 81
83 165
83 60
83 138
83 196
83 34
83 82
83 90
83 199
83 116
83 79
83 105
83 182
32 109
32 77
32 57
32 101
32 14
32 54
32 156
32 13
32 193
32 217
32 192
32 17
32 37
32 60
32 207
32 138
32 196
32 175
32 34
32 82
32 9
32 90
32 199
32 4
32 98
32 69
32 178
32 105
32 33
32 21
126 195
126 168
126 77
126 8
126 57
126 23
126 67
126 43
126 44
126 156
126 50
126 38
126 215
126 208
126 201
126 144
126 165
126 18
126 5
126 196
126 56
126 128
126 34
126 82
126 48
126 199
126 177
126 69
126 105
126 21
126 182
195 167
195 8
195 14
195 50
195 62
195 20
195 11
195 40
195 111
195 74
195 124
195 192
195 17
195 81
195 135
195 165
195 196
195 175
195 56
195 82
195 9
195 90
195 48
195 4
195 79
195 105
195 33
195 182
16 145
16 8
16 57
16 23
16 67
16 202
16 54
16 62
16 193
16 45
16 20
16 198
16 11
16 74
16 124
16 201
16 112
16 42
16 99
16 165
16 61
16 5
16 60
16 207
16 138
16 196
16 175
16 9
16 98
16 177
16 105
109 168
109 57
109 67
109 14
109 44
109 156
109 50
109 38
109 215
109 25
109 198
109 11
109 91
109 208
109 112
109 42
109 210
109 86
109 81
109 18
109 37
109 196
109 56
109 128
109 82
109 9
109 48
109 98
109 116
109 69
109 33
109 21
109 53
109 182
167 168
167 8
167 23
167 54
167 43
167 24
167 25
167 218
167 62
167 45
167 122
167 198
167 40
167 208
167 201
167 112
167 42
167 210
167 144
167 86
167 135
167 37
167 5
167 60
167 7
167 82
167 199
167 4
167 98
167 116
167 178
167 182
145 168
145 77
145 136
145 8
145 57
145 14
145 202
145 44
145 156
145 215
145 45
145 122
145 11
145 217
145 74
145 112
145 144
145 207
145 138
145 34
145 9
145 4
145 98
145 116
145 79
168 77
168 136
168 101
168 55
168 202
168 54
168 215
168 25
168 184
168 20
168 208
168 74
168 124
168 210
168 86
168 135
168 61
168 5
168 60
168 104
168 7
168 207
168 196
168 98
168 116
168 177
168 33
77 8
77 101
77 14
77 55
77 44
77 38
77 218
77 20
77 198
77 11
77 74
77 201
77 144
77 81
77 135
77 165
77 18
77 37
77 5
77 7
77 207
77 138
77 196
77 56
77 82
77 48
77 33
136 55
136 202
136 54
136 13
136 50
136 24
136 198
136 40
136 208
136 74
136 42
136 144
136 135
136 18
136 104
136 138
136 196
136 82
136 79
136 177
136 69
136 178
136 21
136 53
136 182
8 54
8 43
8 50
8 38
8 25
8 218
8 62
8 45
8 122
8 198
8 91
8 40
8 217
8 192
8 112
8 61
8 60
8 207
8 56
8 82
8 199
8 79
8 177
8 105
8 21
57 101
57 23
57 14
57 202
57 54
57 156
57 50
57 215
57 45
57 111
57 210
57 144
57 86
57 135
57 99
57 61
57 5
57 60
57 175
57 82
57 48
57 4
57 79
57 51
57 105
57 21
57 53
57 182
101 23
101 55
101 202
101 54
101 43
101 13
101 24
101 38
101 62
101 45
101 184
101 198
101 111
101 74
101 192
101 201
101 210
101 135
101 5
101 7
101 138
101 196
101 34
101 9
101 4
101 116
101 51
101 178
101 21
101 53
23 14
23 202
23 43
23 156
23 38
23 25
23 62
23 193
23 45
23 217
23 112
23 42
23 86
23 81
23 99
23 196
23 128
23 51
23 69
23 21
67 14
67 44
67 156
67 38
67 25
67 45
67 184
67 20
67 198
67 217
67 74
67 192
67 201
67 112
67 42
67 210
67 144
67 81
67 165
67 37
67 7
67 82
67 48
67 199
67 4
67 177
67 51
67 69
67 53
14 54
14 13
14 50
14 215
14 124
14 42
14 210
14 144
14 17
14 81
14 99
14 18
14 37
14 60
14 138
14 56
14 90
14 116
14 177
14 178
14 105
14 33
14 21
14 53
55 13
55 24
55 38
55 215
55 25
55 218
55 62
55 184
55 122
55 198
55 11
55 91
55 217
55 124
55 201
55 42
55 135
55 104
55 7
55 34
55 48
55 199
55 4
55 69
55 21
55 53
55 182
202 156
202 13
202 24
202 25
202 218
202 193
202 91
202 74
202 124
202 112
202 86
202 165
202 5
202 104
202 207
202 138
202 196
202 175
202 128
202 34
202 48
202 177
202 51
202 69
202 178
202 21
202 182
54 24
54 38
54 62
54 193
54 45
54 20
54 11
54 208
54 217
54 111
54 124
54 42
54 210
54 86
54 81
54 135
54 18
54 5
54 7
54 138
54 56
54 82
54 9
54 48
54 199
54 98
54 177
54 21
43 24
43 218
43 122
43 198
43 91
43 208
43 74
43 112
43 17
43 99
43 5
43 7
43 207
43 196
43 128
43 34
43 9
43 90
43 199
43 4
43 98
43 51
43 178
43 53
43 182
44 215
44 122
44 91
44 217
44 124
44 201
44 210
44 144
44 17
44 135
44 207
44 56
44 82
44 9
44 48
44 199
44 4
44 98
44 69
44 105
44 33
44 21
44 53
156 50
156 24
156 40
156 208
156 217
156 111
156 81
156 135
156 5
156 60
156 207
156 196
156 175
156 56
156 34
156 199
156 4
156 177
156 51
156 21
156 53
13 50
13 25
13 218
13 45
13 184
13 122
13 40
13 208
13 74
13 112
13 210
13 144
13 135
13 7
13 175
13 90
13 48
13 199
13 79
13 177
13 51
13 178
13 53
50 38
50 218
50 193
50 45
50 184
50 20
50 40
50 210
50 144
50 81
50 18
50 37
50 196
50 56
50 128
50 34
50 90
50 199
50 4
50 98
50 79
50 51
50 69
50 53
50 182
24 215
24 62
24 193
24 45
24 122
24 201
24 86
24 17
24 135
24 99
24 18
24 5
24 138
24 56
24 82
24 9
24 199
24 51
24 69
24 53
38 215
38 218
38 62
38 122
38 40
38 111
38 124
38 42
38 17
38 135
38 7
38 175
38 56
38 116
38 79
38 178
215 62
215 122
215 91
215 208
215 124
215 192
215 42
215 86
215 17
215 99
215 165
215 61
215 5
215 7
215 207
215 175
215 56
215 128
215 9
215 90
215 48
215 4
215 116
215 177
215 105
25 218
25 62
25 193
25 20
25 122
25 198
25 217
25 111
25 201
25 135
25 165
25 5
25 104
25 138
25 56
25 128
25 9
25 199
25 4
25 178
25 53
218 62
218 91
218 74
218 192
218 112
218 17
218 99
218 165
218 207
218 138
218 175
218 56
218 9
218 90
218 48
218 199
218 4
218 53
218 182
62 193
62 11
62 91
62 111
62 74
62 112
62 5
62 60
62 104
62 7
62 207
62 138
62 196
62 56
62 90
62 48
62 116
62 105
62 21
193 45
193 11
193 217
193 124
193 201
193 210
193 144
193 81
193 18
193 37
193 61
193 5
193 7
193 207
193 138
193 175
193 56
193 9
193 90
193 48
193 177
193 69
193 105
193 33
193 182
45 184
45 122
45 198
45 11
45 40
45 208
45 124
45 112
45 42
45 210
45 144
45 86
45 135
45 165
45 61
45 138
45 196
45 175
45 34
45 98
45 116
45 69
45 21
45 53
45 182
184 122
184 198
184 217
184 74
184 192
184 165
184 104
184 175
184 56
184 34
184 9
184 199
184 69
20 91
20 217
20 111
20 192
20 112
20 144
20 17
20 135
20 196
20 175
20 128
20 9
20 4
20 79
20 177
20 51
20 69
20 53
122 40
122 74
122 201
122 112
122 144
122 17
122 81
122 135
122 7
122 56
122 128
122 82
122 9
122 199
122 177
122 69
122 178
122 105
122 33
122 53
198 208
198 217
198 74
198 124
198 192
198 144
198 81
198 165
198 37
198 5
198 104
198 7
198 207
198 56
198 9
198 116
198 51
198 105
11 208
11 111
11 74
11 112
11 42
11 210
11 86
11 99
11 37
11 61
11 138
11 196
11 56
11 128
11 116
11 177
11 51
11 69
11 33
11 21
91 208
91 124
91 201
91 144
91 81
91 135
91 99
91 165
91 18
91 61
91 5
91 104
91 7
91 196
91 90
91 116
91 51
91 69
91 53
91 182
40 208
40 210
40 17
40 135
40 165
40 37
40 60
40 7
40 175
40 56
40 48
40 51
40 69
40 105
40 21
40 53
208 124
208 135
208 18
208 37
208 5
208 104
208 138
208 56
208 34
208 48
208 199
208 4
208 79
208 33
217 111
217 192
217 201
217 210
217 5
217 60
217 104
217 7
217 138
217 196
217 175
217 56
217 34
217 82
217 4
217 98
217 79
217 177
217 69
217 33
217 182
111 124
111 192
111 86
111 135
111 18
111 7
111 207
111 138
111 82
111 90
111 48
111 199
111 116
111 79
111 177
111 51
111 69
111 178
111 33
111 53
74 124
74 201
74 210
74 86
74 81
74 99
74 37
74 104
74 207
74 138
74 196
74 128
74 90
74 48
74 79
74 69
74 178
74 33
74 182
124 192
124 201
124 42
124 165
124 37
124 128
124 9
124 51
124 182
192 201
192 112
192 144
192 135
192 61
192 7
192 128
192 4
192 98
192 116
192 177
192 178
192 33
192 53
192 182
201 112
201 42
201 144
201 17
201 135
201 61
201 104
201 207
201 138
201 34
201 4
201 98
201 51
201 69
201 105
201 33
112 86
112 17
112 18
112 5
112 7
112 175
112 82
112 4
112 98
112 51
112 69
112 21
112 182
42 210
42 17
42 99
42 61
42 5
42 60
42 196
42 175
42 9
42 51
42 105
42 21
210 144
210 17
210 165
210 18
210 37
210 5
210 60
210 104
210 7
210 196
210 175
210 34
210 4
210 98
210 177
210 51
210 69
210 21
210 53
210 182
144 86
144 135
144 99
144 60
144 7
144 56
144 128
144 82
144 9
144 4
144 51
144 21
144 53
86 61
86 104
86 90
86 116
86 51
86 178
86 33
86 21
86 182
17 135
17 18
17 61
17 5
17 104
17 207
17 175
17 56
17 34
17 9
17 48
17 199
17 98
17 178
17 33
17 21
17 182
81 135
81 18
81 37
81 5
81 7
81 196
81 34
81 9
81 90
81 4
81 116
81 69
81 178
135 99
135 61
135 7
135 34
135 82
135 116
135 177
135 21
135 53
135 182
99 165
99 18
99 61
99 5
99 196
99 82
99 178
99 21
99 182
165 37
165 5
165 60
165 196
165 128
165 34
165 82
165 90
165 199
165 4
165 177
165 69
165 178
165 105
165 33
18 61
18 104
18 207
18 56
18 34
18 90
18 4
18 98
18 116
18 79
18 69
18 178
18 33
18 21
18 53
18 182
37 5
37 138
37 175
37 48
37 98
37 79
37 105
61 5
61 104
61 138
61 196
61 56
61 90
61 48
61 4
61 98
61 51
61 105
61 33
61 21
61 53
5 104
5 138
5 175
5 56
5 128
5 34
5 9
5 48
5 98
5 69
5 105
5 33
5 21
5 182
60 175
60 34
60 90
60 53
60 182
104 196
104 34
104 9
104 90
104 199
104 116
104 79
104 177
104 105
104 33
7 175
7 34
7 90
7 98
7 51
7 33
7 53
7 182
207 196
207 175
207 34
207 9
207 90
207 4
207 51
207 69
207 178
207 105
207 53
207 182
138 175
138 128
138 9
138 48
138 4
138 98
138 105
138 33
196 128
196 82
196 51
196 69
196 105
196 33
196 21
196 53
196 182
175 128
175 9
175 182
56 34
56 116
56 178
56 105
56 33
56 21
56 53
128 34
128 82
128 9
128 90
128 4
128 177
128 69
128 105
128 53
128 182
34 4
34 98
34 116
34 79
34 177
34 51
34 105
34 53
82 90
82 199
82 177
82 69
82 178
82 105
82 33
82 21
9 90
9 98
9 79
9 177
9 105
9 33
9 182
90 199
90 116
90 79
90 177
90 33
48 116
48 51
48 69
48 178
199 4
199 98
199 177
199 182
4 98
4 79
4 51
4 69
4 105
4 21
98 79
98 51
98 105
98 33
98 21
116 51
116 105
116 182
79 51
79 178
79 21
79 182
177 69
177 178
177 105
51 105
69 21
69 53
69 182
178 105
178 33
178 182
