*verties 209
56
201
140
173
3
170
124
87
82
161
196
45
187
33
183
117
116
110
165
115
184
67
7
24
69
180
100
194
204
60
49
135
149
62
177
44
64
77
158
36
54
66
174
182
195
155
91
128
125
198
178
63
85
176
113
141
73
0
38
81
41
99
31
130
19
209
112
47
152
40
193
74
58
111
134
114
16
133
11
34
157
94
131
199
101
162
106
55
109
30
179
89
98
212
153
22
90
146
151
175
190
46
127
102
23
205
126
42
211
68
27
144
32
5
200
13
88
1
181
121
72
92
10
6
145
171
17
2
97
197
123
216
185
70
107
210
76
21
83
105
57
12
217
108
138
132
169
188
129
14
48
156
59
166
104
143
95
142
203
26
75
191
43
118
4
15
9
163
86
213
39
20
37
159
219
53
79
28
61
35
18
218
137
93
119
8
71
206
214
103
96
25
120
122
51
65
167
80
150
160
202
192
136
215
154
50
148
189
186
*edges 
56 187
56 117
56 165
56 7
56 100
56 49
56 149
56 44
56 36
56 91
56 125
56 73
56 209
56 112
56 47
56 152
56 101
56 106
56 109
56 30
56 89
56 98
56 212
56 146
56 46
56 127
56 126
56 42
56 5
56 92
56 17
56 2
56 185
56 83
56 105
56 57
56 188
56 129
56 14
56 163
56 20
56 120
56 167
56 136
201 124
201 87
201 82
201 187
201 33
201 117
201 165
201 7
201 194
201 177
201 125
201 85
201 176
201 73
201 38
201 81
201 41
201 31
201 130
201 152
201 111
201 16
201 157
201 106
201 30
201 98
201 46
201 102
201 211
201 144
201 13
201 1
201 92
201 10
201 6
201 17
201 97
201 197
201 123
201 76
201 21
201 57
201 188
201 95
201 4
201 37
201 159
201 219
201 79
201 103
201 215
201 154
201 186
140 124
140 33
140 116
140 7
140 149
140 158
140 54
140 125
140 178
140 85
140 73
140 31
140 19
140 209
140 47
140 152
140 134
140 11
140 157
140 94
140 106
140 109
140 179
140 153
140 151
140 46
140 144
140 97
140 197
140 70
140 107
140 76
140 83
140 12
140 188
140 104
140 143
140 75
140 191
140 213
140 219
140 79
140 93
140 8
140 51
140 65
140 154
173 170
173 124
173 87
173 82
173 161
173 67
173 7
173 194
173 204
173 60
173 62
173 36
173 174
173 128
173 176
173 73
173 38
173 31
173 130
173 19
173 209
173 40
173 131
173 101
173 30
173 90
173 175
173 190
173 127
173 27
173 32
173 13
173 6
173 17
173 185
173 210
173 83
173 57
173 12
173 217
173 138
173 188
173 129
173 48
173 203
173 26
173 15
173 213
173 20
173 219
173 18
173 137
173 119
173 214
173 25
173 167
173 150
173 154
173 50
3 82
3 45
3 184
3 69
3 135
3 158
3 36
3 66
3 113
3 73
3 38
3 41
3 99
3 40
3 74
3 58
3 16
3 133
3 179
3 89
3 98
3 42
3 1
3 181
3 72
3 92
3 70
3 21
3 83
3 132
3 169
3 48
3 15
3 86
3 213
3 20
3 159
3 61
3 96
3 120
3 51
3 150
3 160
3 202
3 192
3 215
3 186
170 161
170 49
170 177
170 77
170 174
170 195
170 128
170 178
170 85
170 113
170 0
170 19
170 209
170 47
170 152
170 40
170 193
170 11
170 162
170 98
170 153
170 90
170 175
170 102
170 200
170 181
170 10
170 145
170 17
170 107
170 76
170 105
170 12
170 217
170 108
170 132
170 188
170 156
170 59
170 143
170 142
170 203
170 43
170 118
170 9
170 39
170 61
170 35
170 218
170 137
170 93
170 119
170 214
170 96
170 80
170 150
170 50
170 148
170 186
124 87
124 187
124 33
124 117
124 110
124 165
124 115
124 184
124 7
124 69
124 180
124 194
124 62
124 195
124 155
124 125
124 176
124 113
124 141
124 99
124 209
124 112
124 94
124 131
124 106
124 109
124 30
124 89
124 212
124 153
124 90
124 190
124 46
124 127
124 102
124 68
124 27
124 145
124 17
124 2
124 123
124 21
124 83
124 12
124 132
124 169
124 48
124 203
124 163
124 213
124 37
124 159
124 79
124 61
124 18
124 218
124 119
124 122
124 80
124 150
124 160
124 136
124 50
124 148
87 45
87 187
87 110
87 165
87 184
87 100
87 194
87 60
87 49
87 135
87 62
87 177
87 77
87 36
87 125
87 198
87 113
87 112
87 47
87 16
87 133
87 11
87 131
87 199
87 98
87 146
87 102
87 126
87 211
87 68
87 144
87 10
87 6
87 145
87 197
87 76
87 21
87 83
87 57
87 12
87 217
87 188
87 129
87 14
87 156
87 95
87 142
87 26
87 75
87 15
87 20
87 53
87 79
87 61
87 119
87 206
87 122
87 167
87 160
87 148
82 196
82 187
82 110
82 115
82 67
82 194
82 60
82 177
82 64
82 66
82 178
82 63
82 141
82 41
82 31
82 209
82 47
82 40
82 58
82 134
82 11
82 34
82 30
82 98
82 90
82 175
82 23
82 42
82 200
82 1
82 181
82 97
82 197
82 123
82 70
82 107
82 76
82 132
82 188
82 129
82 59
82 143
82 95
82 163
82 86
82 39
82 53
82 79
82 18
82 218
82 8
82 206
82 96
82 150
161 165
161 69
161 149
161 38
161 99
161 19
161 209
161 58
161 114
161 16
161 199
161 109
161 30
161 212
161 153
161 22
161 175
161 190
161 127
161 102
161 200
161 13
161 1
161 92
161 171
161 185
161 105
161 217
161 59
161 166
161 142
161 203
161 118
161 15
161 163
161 37
161 71
161 214
161 103
161 122
161 192
161 215
161 189
196 117
196 110
196 67
196 180
196 194
196 60
196 177
196 77
196 36
196 174
196 125
196 38
196 81
196 31
196 19
196 209
196 152
196 193
196 58
196 133
196 131
196 106
196 89
196 212
196 175
196 127
196 42
196 5
196 13
196 17
196 216
196 83
196 57
196 169
196 188
196 14
196 48
196 104
196 203
196 118
196 4
196 15
196 213
196 219
196 79
196 61
196 35
196 18
196 218
196 137
196 96
196 25
196 51
196 167
196 150
196 192
196 136
196 148
196 189
45 7
45 100
45 149
45 54
45 91
45 63
45 113
45 73
45 38
45 19
45 209
45 112
45 152
45 40
45 58
45 111
45 114
45 106
45 109
45 179
45 90
45 175
45 46
45 23
45 205
45 68
45 32
45 171
45 197
45 216
45 217
45 108
45 59
45 4
45 9
45 37
45 219
45 61
45 93
45 119
45 214
45 96
45 122
45 51
45 65
45 150
45 192
45 50
187 110
187 115
187 184
187 67
187 24
187 100
187 135
187 149
187 36
187 182
187 41
187 99
187 31
187 47
187 152
187 111
187 134
187 11
187 157
187 30
187 42
187 144
187 32
187 200
187 1
187 72
187 145
187 197
187 185
187 132
187 203
187 4
187 86
187 39
187 53
187 61
187 218
187 119
187 103
187 25
187 65
187 80
187 150
187 154
33 183
33 116
33 184
33 180
33 100
33 135
33 64
33 91
33 125
33 63
33 141
33 41
33 31
33 209
33 40
33 193
33 134
33 101
33 106
33 89
33 153
33 22
33 211
33 68
33 144
33 121
33 92
33 6
33 171
33 97
33 123
33 70
33 210
33 12
33 217
33 138
33 169
33 188
33 104
33 15
33 9
33 28
33 218
33 93
33 25
33 186
183 115
183 7
183 180
183 60
183 135
183 62
183 195
183 85
183 38
183 81
183 130
183 47
183 152
183 193
183 58
183 114
183 101
183 106
183 98
183 153
183 146
183 190
183 46
183 102
183 23
183 42
183 32
183 13
183 181
183 17
183 185
183 57
183 138
183 169
183 48
183 143
183 118
183 39
183 159
183 219
183 28
183 93
183 206
183 96
183 120
183 202
183 136
183 215
183 50
183 186
117 116
117 115
117 7
117 180
117 204
117 62
117 44
117 64
117 182
117 195
117 176
117 38
117 99
117 19
117 112
117 152
117 111
117 134
117 11
117 101
117 30
117 89
117 22
117 146
117 175
117 190
117 23
117 211
117 5
117 200
117 88
117 181
117 72
117 92
117 171
117 17
117 97
117 197
117 123
117 185
117 217
117 138
117 156
117 166
117 104
117 142
117 75
117 4
117 9
117 86
117 35
117 93
117 103
117 120
117 215
117 189
116 115
116 180
116 60
116 49
116 54
116 73
116 112
116 47
116 109
116 89
116 151
116 190
116 46
116 200
116 72
116 17
116 97
116 216
116 107
116 210
116 105
116 169
116 188
116 143
116 142
116 203
116 118
116 163
116 159
116 53
116 137
116 93
116 119
116 8
116 206
116 167
116 154
110 115
110 24
110 100
110 135
110 77
110 158
110 66
110 182
110 195
110 99
110 130
110 19
110 112
110 152
110 193
110 74
110 58
110 114
110 34
110 94
110 131
110 30
110 22
110 90
110 127
110 23
110 205
110 68
110 27
110 200
110 88
110 181
110 72
110 92
110 17
110 197
110 216
110 185
110 210
110 76
110 83
110 105
110 132
110 129
110 156
110 59
110 142
110 203
110 191
110 53
110 61
110 218
110 93
110 71
110 206
110 120
110 122
110 154
110 148
110 186
165 7
165 49
165 44
165 77
165 36
165 54
165 174
165 91
165 178
165 38
165 130
165 209
165 58
165 16
165 11
165 162
165 109
165 30
165 46
165 126
165 27
165 121
165 97
165 123
165 210
165 76
165 169
165 59
165 143
165 203
165 118
165 15
165 213
165 39
165 37
165 79
165 61
165 35
165 8
165 103
165 80
165 50
165 189
115 7
115 24
115 49
115 62
115 177
115 77
115 155
115 91
115 125
115 198
115 85
115 73
115 41
115 130
115 19
115 34
115 94
115 106
115 109
115 30
115 89
115 190
115 127
115 126
115 32
115 181
115 121
115 2
115 197
115 70
115 76
115 21
115 57
115 169
115 26
115 15
115 9
115 163
115 213
115 159
115 79
115 18
115 137
115 120
115 202
184 194
184 60
184 49
184 149
184 64
184 66
184 182
184 155
184 125
184 176
184 73
184 38
184 31
184 130
184 19
184 112
184 47
184 74
184 134
184 16
184 133
184 34
184 109
184 30
184 179
184 98
184 212
184 146
184 23
184 126
184 42
184 144
184 200
184 181
184 121
184 145
184 197
184 107
184 76
184 57
184 217
184 14
184 48
184 156
184 59
184 166
184 142
184 26
184 43
184 15
184 9
184 86
184 213
184 39
184 219
184 35
184 71
184 120
184 122
184 167
184 150
184 50
67 100
67 149
67 177
67 64
67 54
67 66
67 125
67 198
67 141
67 41
67 99
67 11
67 30
67 90
67 175
67 190
67 46
67 127
67 23
67 205
67 126
67 211
67 32
67 92
67 6
67 2
67 216
67 107
67 210
67 57
67 217
67 188
67 156
67 59
67 75
67 118
67 213
67 61
67 218
67 206
67 96
67 51
67 150
67 160
67 192
67 154
67 50
67 189
7 204
7 49
7 149
7 54
7 91
7 85
7 176
7 73
7 38
7 47
7 74
7 58
7 16
7 157
7 101
7 22
7 175
7 102
7 205
7 42
7 144
7 32
7 13
7 10
7 171
7 123
7 185
7 83
7 48
7 156
7 104
7 26
7 191
7 15
7 213
7 39
7 20
7 219
7 53
7 35
7 93
7 119
7 71
7 214
7 103
7 192
7 136
7 186
24 62
24 66
24 174
24 85
24 113
24 0
24 81
24 31
24 209
24 112
24 152
24 40
24 111
24 16
24 11
24 157
24 109
24 90
24 151
24 190
24 126
24 42
24 211
24 200
24 13
24 121
24 216
24 70
24 107
24 217
24 108
24 132
24 166
24 143
24 95
24 163
24 35
24 218
24 214
24 96
24 120
24 122
24 189
69 64
69 54
69 174
69 155
69 125
69 85
69 73
69 38
69 130
69 19
69 112
69 74
69 111
69 106
69 109
69 211
69 200
69 197
69 76
69 83
69 105
69 57
69 132
69 166
69 4
69 15
69 163
69 39
69 119
69 8
69 71
69 25
69 122
69 167
69 80
69 136
69 50
69 186
180 204
180 60
180 135
180 149
180 62
180 64
180 158
180 54
180 182
180 195
180 91
180 125
180 113
180 0
180 38
180 41
180 19
180 47
180 74
180 58
180 114
180 55
180 175
180 46
180 102
180 23
180 13
180 92
180 123
180 210
180 57
180 217
180 14
180 48
180 104
180 142
180 118
180 4
180 9
180 20
180 159
180 28
180 61
180 35
180 119
180 65
180 160
180 136
100 204
100 49
100 135
100 77
100 128
100 63
100 85
100 141
100 41
100 47
100 74
100 58
100 199
100 101
100 162
100 98
100 153
100 22
100 146
100 175
100 190
100 42
100 200
100 6
100 17
100 123
100 216
100 107
100 210
100 76
100 105
100 57
100 108
100 129
100 48
100 203
100 26
100 75
100 4
100 219
100 18
100 122
100 51
100 167
100 154
100 50
194 60
194 49
194 66
194 195
194 125
194 198
194 176
194 99
194 209
194 74
194 58
194 34
194 106
194 55
194 30
194 153
194 22
194 146
194 190
194 102
194 23
194 205
194 126
194 5
194 13
194 76
194 105
194 108
194 132
194 169
194 48
194 59
194 95
194 43
194 15
194 163
194 18
194 119
194 206
194 122
194 150
194 192
194 189
204 60
204 177
204 158
204 54
204 125
204 198
204 178
204 85
204 176
204 73
204 31
204 130
204 40
204 34
204 109
204 212
204 22
204 127
204 102
204 205
204 211
204 32
204 5
204 6
204 145
204 2
204 70
204 217
204 138
204 132
204 59
204 95
204 9
204 213
204 28
204 61
204 214
204 80
204 160
204 192
60 177
60 195
60 125
60 198
60 178
60 113
60 141
60 19
60 209
60 47
60 111
60 133
60 131
60 101
60 162
60 90
60 146
60 175
60 46
60 205
60 42
60 211
60 27
60 13
60 88
60 197
60 105
60 12
60 217
60 48
60 59
60 166
60 9
60 159
60 53
60 79
60 28
60 61
60 103
60 51
60 80
60 192
60 154
60 186
49 149
49 62
49 177
49 174
49 195
49 125
49 141
49 41
49 19
49 209
49 58
49 134
49 11
49 55
49 30
49 179
49 90
49 151
49 102
49 68
49 144
49 13
49 92
49 6
49 145
49 197
49 123
49 210
49 217
49 129
49 59
49 142
49 43
49 163
49 206
49 214
49 96
49 120
49 122
49 51
49 80
49 150
49 148
135 149
135 155
135 128
135 178
135 113
135 141
135 38
135 31
135 19
135 193
135 94
135 89
135 146
135 175
135 190
135 127
135 211
135 144
135 88
135 6
135 145
135 2
135 197
135 21
135 83
135 105
135 12
135 59
135 104
135 142
135 75
135 4
135 9
135 213
135 20
135 53
135 218
135 119
135 103
135 167
135 202
135 215
149 177
149 44
149 64
149 158
149 66
149 195
149 91
149 63
149 141
149 81
149 130
149 19
149 193
149 111
149 134
149 114
149 16
149 157
149 131
149 199
149 106
149 90
149 190
149 102
149 205
149 42
149 5
149 72
149 6
149 145
149 2
149 216
149 185
149 138
149 132
149 143
149 203
149 75
149 9
149 213
149 20
149 215
149 186
62 177
62 66
62 125
62 176
62 113
62 38
62 41
62 130
62 19
62 47
62 74
62 58
62 16
62 30
62 179
62 146
62 190
62 205
62 126
62 42
62 211
62 13
62 6
62 17
62 97
62 108
62 132
62 188
62 143
62 142
62 203
62 43
62 118
62 163
62 159
62 28
62 61
62 71
62 206
62 103
62 96
62 120
62 122
62 80
62 186
177 64
177 174
177 91
177 128
177 125
177 141
177 73
177 152
177 193
177 114
177 16
177 133
177 34
177 157
177 162
177 30
177 89
177 98
177 212
177 153
177 22
177 90
177 175
177 190
177 46
177 102
177 200
177 92
177 6
177 145
177 97
177 197
177 123
177 216
177 76
177 83
177 108
177 138
177 14
177 48
177 59
177 104
177 143
177 191
177 118
177 9
177 213
177 61
177 218
177 8
177 167
177 80
177 192
177 215
44 158
44 54
44 182
44 195
44 91
44 178
44 113
44 81
44 31
44 47
44 152
44 58
44 34
44 157
44 101
44 55
44 179
44 89
44 98
44 90
44 127
44 102
44 205
44 126
44 144
44 121
44 17
44 185
44 70
44 83
44 57
44 217
44 138
44 132
44 169
44 14
44 95
44 75
44 4
44 9
44 37
44 219
44 53
44 28
44 35
44 214
44 120
64 174
64 91
64 128
64 178
64 85
64 141
64 38
64 41
64 40
64 134
64 11
64 94
64 131
64 162
64 106
64 179
64 89
64 153
64 22
64 151
64 46
64 127
64 23
64 211
64 5
64 200
64 13
64 121
64 72
64 10
64 171
64 2
64 197
64 108
64 14
64 59
64 104
64 143
64 43
64 4
64 213
64 39
64 37
64 159
64 53
64 79
64 218
64 137
64 214
64 65
64 167
64 150
64 136
77 63
77 38
77 81
77 41
77 19
77 114
77 101
77 55
77 109
77 98
77 153
77 22
77 90
77 175
77 46
77 205
77 126
77 42
77 211
77 32
77 5
77 200
77 1
77 92
77 6
77 145
77 17
77 97
77 217
77 143
77 203
77 4
77 163
77 86
77 20
77 37
77 53
77 28
77 218
77 8
77 206
77 214
77 103
77 96
77 120
77 192
77 148
77 189
158 54
158 128
158 198
158 63
158 31
158 130
158 19
158 74
158 58
158 199
158 109
158 179
158 22
158 90
158 146
158 127
158 42
158 211
158 144
158 200
158 1
158 216
158 185
158 169
158 188
158 129
158 14
158 95
158 86
158 39
158 37
158 219
158 136
36 54
36 195
36 128
36 178
36 40
36 74
36 58
36 34
36 157
36 146
36 151
36 205
36 32
36 200
36 13
36 1
36 121
36 72
36 17
36 2
36 197
36 185
36 21
36 105
36 12
36 108
36 129
36 166
36 143
36 26
36 118
36 159
36 79
36 28
36 61
36 18
36 218
36 119
36 71
36 206
36 51
36 167
36 80
36 150
36 136
36 189
54 195
54 155
54 128
54 198
54 178
54 113
54 38
54 99
54 47
54 74
54 111
54 134
54 11
54 34
54 179
54 22
54 46
54 23
54 126
54 42
54 144
54 13
54 88
54 121
54 10
54 70
54 12
54 138
54 95
54 142
54 203
54 191
54 43
54 118
54 15
54 20
54 35
54 93
54 119
54 214
54 96
54 154
54 50
66 174
66 128
66 125
66 0
66 81
66 31
66 130
66 193
66 133
66 106
66 109
66 179
66 98
66 32
66 2
66 216
66 70
66 83
66 105
66 138
66 188
66 129
66 156
66 43
66 213
66 39
66 37
66 79
66 61
66 119
66 120
66 80
66 148
66 189
174 155
174 91
174 81
174 112
174 152
174 74
174 114
174 157
174 131
174 175
174 42
174 144
174 181
174 92
174 17
174 2
174 97
174 132
174 188
174 166
174 95
174 142
174 15
174 163
174 86
174 20
174 28
174 61
174 137
174 93
174 96
174 65
174 80
182 91
182 176
182 73
182 81
182 19
182 47
182 74
182 16
182 133
182 157
182 199
182 30
182 179
182 98
182 212
182 153
182 46
182 102
182 23
182 42
182 10
182 70
182 107
182 105
182 108
182 188
182 166
182 143
182 95
182 203
182 75
182 9
182 213
182 20
182 159
182 53
182 137
182 71
182 206
182 214
182 65
182 167
182 192
182 154
195 128
195 125
195 113
195 141
195 209
195 47
195 157
195 94
195 98
195 181
195 121
195 92
195 6
195 171
195 17
195 197
195 185
195 76
195 21
195 132
195 188
195 129
195 14
195 143
195 95
195 203
195 26
195 43
195 9
195 86
195 28
195 35
195 137
195 119
195 71
195 103
195 148
155 128
155 125
155 176
155 73
155 193
155 34
155 106
155 89
155 98
155 212
155 146
155 175
155 211
155 5
155 92
155 6
155 145
155 171
155 70
155 105
155 217
155 169
155 14
155 156
155 166
155 26
155 75
155 9
155 163
155 219
155 53
155 61
155 35
155 218
155 137
155 93
155 206
155 122
155 51
155 65
155 167
155 202
155 136
155 154
91 128
91 198
91 113
91 152
91 40
91 193
91 74
91 111
91 11
91 94
91 22
91 90
91 46
91 127
91 102
91 23
91 126
91 181
91 92
91 145
91 2
91 210
91 217
91 169
91 48
91 75
91 163
91 86
91 213
91 20
91 37
91 159
91 202
91 192
91 148
128 63
128 85
128 113
128 38
128 130
128 152
128 74
128 133
128 157
128 162
128 179
128 89
128 175
128 46
128 27
128 1
128 181
128 121
128 145
128 171
128 2
128 107
128 21
128 12
128 138
128 132
128 9
128 39
128 219
128 35
128 137
128 96
128 25
128 167
128 150
128 136
128 154
128 189
128 186
125 85
125 176
125 141
125 73
125 0
125 40
125 111
125 134
125 133
125 11
125 34
125 157
125 94
125 199
125 23
125 144
125 200
125 181
125 6
125 17
125 123
125 70
125 76
125 21
125 12
125 129
125 48
125 59
125 143
125 95
125 203
125 86
125 53
125 119
125 167
125 186
198 63
198 73
198 0
198 31
198 130
198 16
198 11
198 34
198 94
198 98
198 153
198 46
198 127
198 205
198 126
198 211
198 68
198 13
198 1
198 10
198 145
198 97
198 197
198 123
198 216
198 76
198 105
198 132
198 169
198 59
198 95
198 142
198 26
198 9
198 20
198 37
198 53
198 51
198 167
198 186
178 176
178 0
178 209
178 152
178 193
178 134
178 133
178 131
178 106
178 109
178 146
178 46
178 126
178 144
178 32
178 13
178 88
178 1
178 92
178 171
178 123
178 185
178 210
178 57
178 217
178 166
178 86
178 213
178 159
178 28
178 93
178 119
178 103
178 120
178 122
178 160
178 215
178 148
178 186
63 176
63 113
63 141
63 0
63 99
63 19
63 112
63 152
63 134
63 114
63 16
63 11
63 34
63 30
63 89
63 212
63 90
63 23
63 205
63 211
63 68
63 32
63 13
63 181
63 2
63 97
63 216
63 185
63 76
63 83
63 57
63 138
63 132
63 48
63 104
63 37
63 61
63 206
63 136
63 215
63 189
63 186
85 73
85 31
85 130
85 19
85 209
85 112
85 47
85 58
85 16
85 133
85 94
85 162
85 151
85 46
85 126
85 42
85 211
85 68
85 27
85 88
85 121
85 6
85 171
85 216
85 70
85 12
85 138
85 132
85 48
85 104
85 203
85 4
85 86
85 20
85 137
85 119
85 71
85 25
85 80
85 192
176 73
176 38
176 130
176 112
176 74
176 58
176 111
176 16
176 11
176 131
176 101
176 89
176 151
176 205
176 42
176 68
176 5
176 200
176 10
176 17
176 2
176 97
176 107
176 210
176 76
176 57
176 12
176 217
176 108
176 138
176 169
176 156
176 75
176 4
176 86
176 20
176 218
176 137
176 8
176 25
176 122
176 65
176 136
113 38
113 81
113 74
113 134
113 94
113 162
113 106
113 55
113 212
113 146
113 190
113 211
113 68
113 32
113 88
113 121
113 10
113 145
113 105
113 12
113 108
113 166
113 143
113 75
113 159
113 18
113 218
113 93
113 71
113 96
113 215
113 154
113 50
141 73
141 81
141 19
141 209
141 193
141 131
141 162
141 109
141 126
141 68
141 144
141 13
141 1
141 121
141 72
141 92
141 171
141 17
141 97
141 123
141 216
141 185
141 107
141 21
141 57
141 12
141 108
141 132
141 143
141 142
141 203
141 213
141 35
141 80
141 202
141 215
73 0
73 81
73 31
73 209
73 40
73 193
73 58
73 133
73 131
73 199
73 55
73 179
73 90
73 42
73 13
73 121
73 92
73 76
73 12
73 48
73 166
73 142
73 26
73 75
73 43
73 9
73 86
73 159
73 61
73 8
73 71
73 103
73 25
73 167
73 202
73 50
73 148
0 81
0 130
0 193
0 16
0 34
0 55
0 179
0 190
0 46
0 205
0 1
0 10
0 6
0 2
0 97
0 216
0 185
0 21
0 12
0 108
0 138
0 132
0 14
0 48
0 191
0 15
0 159
0 53
0 61
0 18
0 119
0 214
0 96
0 192
38 31
38 209
38 152
38 40
38 199
38 162
38 179
38 153
38 22
38 175
38 46
38 88
38 181
38 72
38 145
38 97
38 197
38 76
38 83
38 169
38 156
38 59
38 166
38 104
38 142
38 191
38 43
38 4
38 86
38 79
38 18
38 119
38 71
38 206
38 51
38 150
38 160
38 136
38 186
81 99
81 112
81 152
81 40
81 101
81 30
81 179
81 151
81 68
81 88
81 181
81 72
81 171
81 97
81 70
81 107
81 12
81 132
81 169
81 129
81 14
81 26
81 43
81 15
81 9
81 163
81 28
81 35
81 93
81 119
81 103
81 51
81 65
81 167
81 80
81 160
81 202
81 136
81 186
41 130
41 34
41 157
41 98
41 153
41 23
41 126
41 13
41 181
41 121
41 6
41 97
41 197
41 217
41 138
41 132
41 14
41 48
41 59
41 104
41 118
41 4
41 213
41 218
41 119
41 71
41 80
41 202
41 192
41 136
41 215
41 154
41 148
99 130
99 19
99 112
99 111
99 133
99 157
99 94
99 101
99 179
99 146
99 151
99 175
99 126
99 42
99 211
99 68
99 144
99 121
99 171
99 123
99 216
99 70
99 107
99 76
99 21
99 83
99 105
99 132
99 169
99 156
99 143
99 95
99 4
99 9
99 37
99 79
99 28
99 18
99 103
99 65
99 150
99 192
99 50
99 148
31 152
31 58
31 16
31 109
31 179
31 89
31 22
31 190
31 102
31 205
31 42
31 68
31 92
31 10
31 97
31 105
31 217
31 129
31 14
31 143
31 75
31 213
31 35
31 137
31 93
31 206
31 214
31 25
31 160
31 192
31 50
31 189
130 152
130 193
130 55
130 30
130 179
130 153
130 146
130 175
130 190
130 27
130 200
130 13
130 171
130 97
130 123
130 185
130 76
130 83
130 57
130 188
130 129
130 26
130 213
130 20
130 219
130 18
130 218
130 206
130 96
130 80
130 192
130 136
130 215
130 154
130 189
130 186
19 152
19 58
19 134
19 16
19 199
19 106
19 109
19 98
19 22
19 175
19 46
19 127
19 205
19 13
19 145
19 171
19 2
19 97
19 197
19 70
19 210
19 105
19 57
19 217
19 138
19 132
19 188
19 129
19 14
19 142
19 203
19 26
19 75
19 191
19 4
19 86
19 39
19 79
19 28
19 119
19 51
19 80
19 150
19 160
19 154
209 111
209 11
209 179
209 22
209 90
209 146
209 211
209 32
209 200
209 13
209 123
209 70
209 57
209 12
209 108
209 169
209 59
209 75
209 37
209 159
209 218
209 119
209 8
209 122
209 80
209 150
209 202
209 50
112 193
112 94
112 199
112 30
112 89
112 212
112 175
112 23
112 211
112 68
112 5
112 88
112 1
112 72
112 10
112 17
112 97
112 76
112 83
112 169
112 188
112 14
112 156
112 166
112 143
112 142
112 203
112 118
112 213
112 159
112 119
112 122
112 51
112 65
112 150
112 160
112 50
112 189
47 152
47 74
47 94
47 131
47 179
47 89
47 98
47 90
47 175
47 68
47 200
47 1
47 72
47 171
47 17
47 2
47 197
47 70
47 107
47 76
47 83
47 129
47 48
47 142
47 203
47 191
47 15
47 39
47 20
47 53
47 35
47 137
47 103
47 65
47 167
47 202
47 50
47 189
152 16
152 109
152 30
152 89
152 22
152 190
152 46
152 127
152 5
152 88
152 121
152 171
152 197
152 123
152 216
152 107
152 76
152 108
152 138
152 132
152 143
152 203
152 9
152 163
152 20
152 159
152 219
152 35
152 218
152 103
152 25
152 120
152 80
152 150
152 192
40 58
40 11
40 157
40 94
40 131
40 199
40 101
40 109
40 30
40 89
40 98
40 212
40 90
40 46
40 126
40 5
40 88
40 2
40 108
40 188
40 156
40 166
40 95
40 203
40 43
40 4
40 15
40 9
40 86
40 20
40 159
40 35
40 218
40 93
40 206
40 202
193 133
193 94
193 131
193 89
193 90
193 175
193 102
193 42
193 211
193 68
193 144
193 92
193 171
193 123
193 70
193 210
193 76
193 12
193 132
193 191
193 39
193 219
193 53
193 28
193 35
193 93
193 71
193 103
193 96
193 120
193 160
193 50
193 148
74 58
74 16
74 34
74 131
74 162
74 89
74 22
74 151
74 211
74 144
74 121
74 70
74 14
74 156
74 104
74 203
74 191
74 9
74 213
74 37
74 159
74 219
74 53
74 28
74 137
74 71
74 25
74 202
74 215
74 154
74 186
58 114
58 199
58 179
58 175
58 127
58 68
58 144
58 13
58 88
58 121
58 10
58 216
58 105
58 12
58 188
58 129
58 14
58 156
58 203
58 75
58 4
58 15
58 213
58 20
58 37
58 159
58 18
58 93
58 160
58 192
111 16
111 133
111 34
111 55
111 89
111 146
111 175
111 190
111 102
111 126
111 68
111 144
111 13
111 121
111 145
111 197
111 123
111 217
111 108
111 169
111 104
111 203
111 26
111 75
111 9
111 37
111 61
111 35
111 18
111 71
111 206
111 25
111 160
111 154
111 50
134 16
134 162
134 55
134 30
134 179
134 212
134 68
134 32
134 88
134 145
134 2
134 70
134 76
134 21
134 57
134 138
134 169
134 143
134 142
134 43
134 86
134 20
134 219
134 53
134 18
134 218
134 214
134 65
134 136
114 133
114 162
114 175
114 205
114 211
114 121
114 10
114 2
114 197
114 216
114 185
114 107
114 76
114 105
114 132
114 169
114 188
114 203
114 75
114 37
114 137
114 96
114 122
114 150
114 154
114 50
114 148
16 11
16 94
16 131
16 106
16 151
16 175
16 23
16 68
16 27
16 200
16 13
16 145
16 17
16 2
16 70
16 210
16 83
16 57
16 138
16 188
16 14
16 166
16 104
16 95
16 39
16 159
16 218
16 71
16 206
16 103
16 51
16 65
16 150
16 50
133 11
133 94
133 55
133 179
133 90
133 151
133 175
133 23
133 27
133 144
133 32
133 121
133 2
133 197
133 123
133 70
133 57
133 108
133 138
133 169
133 166
133 4
133 15
133 9
133 86
133 53
133 79
133 28
133 35
133 137
133 93
133 150
133 160
133 192
133 136
133 148
11 131
11 212
11 22
11 190
11 127
11 27
11 5
11 200
11 181
11 6
11 145
11 171
11 216
11 217
11 132
11 14
11 48
11 166
11 143
11 95
11 203
11 118
11 4
11 39
11 219
11 28
11 96
11 25
11 65
11 80
11 192
11 50
34 30
34 179
34 22
34 90
34 146
34 151
34 175
34 127
34 27
34 2
34 123
34 83
34 138
34 132
34 188
34 142
34 75
34 15
34 86
34 39
34 20
34 37
34 159
34 18
34 71
34 96
34 25
34 120
34 167
34 202
34 154
34 50
34 148
34 186
157 30
157 98
157 212
157 190
157 46
157 102
157 126
157 211
157 27
157 144
157 88
157 171
157 197
157 185
157 70
157 107
157 21
157 14
157 59
157 203
157 75
157 191
157 219
157 18
157 137
157 206
157 25
157 50
94 199
94 106
94 212
94 22
94 90
94 175
94 23
94 205
94 126
94 181
94 92
94 6
94 17
94 2
94 123
94 216
94 185
94 21
94 166
94 95
94 142
94 118
94 39
94 159
94 219
94 218
94 119
94 71
94 214
94 96
94 120
94 122
94 150
94 189
131 162
131 109
131 179
131 46
131 126
131 68
131 32
131 1
131 181
131 6
131 2
131 97
131 123
131 107
131 83
131 217
131 132
131 156
131 95
131 203
131 26
131 191
131 4
131 15
131 159
131 28
131 61
131 137
131 8
131 206
131 25
131 65
131 192
131 154
131 50
131 148
199 162
199 106
199 109
199 179
199 98
199 153
199 22
199 146
199 151
199 190
199 102
199 126
199 27
199 145
199 2
199 97
199 197
199 216
199 76
199 59
199 95
199 142
199 191
199 9
199 20
199 37
199 35
199 103
199 50
199 186
101 30
101 212
101 102
101 205
101 211
101 13
101 88
101 72
101 10
101 17
101 210
101 105
101 12
101 169
101 188
101 129
101 166
101 95
101 142
101 203
101 75
101 43
101 86
101 213
101 39
101 71
101 206
101 122
101 80
101 148
101 189
162 89
162 146
162 127
162 102
162 205
162 211
162 200
162 92
162 6
162 216
162 107
162 21
162 217
162 138
162 14
162 166
162 142
162 159
162 219
162 28
162 61
162 25
162 50
106 109
106 30
106 212
106 22
106 90
106 102
106 205
106 68
106 32
106 13
106 92
106 10
106 171
106 2
106 210
106 21
106 83
106 57
106 108
106 138
106 132
106 169
106 188
106 129
106 75
106 191
106 118
106 219
106 53
106 79
106 61
106 65
106 150
106 189
106 186
55 90
55 32
55 88
55 121
55 171
55 17
55 123
55 216
55 210
55 105
55 156
55 59
55 104
55 95
55 203
55 35
55 167
55 80
55 150
55 148
109 89
109 175
109 23
109 68
109 32
109 5
109 181
109 2
109 197
109 185
109 132
109 156
109 143
109 95
109 75
109 118
109 4
109 9
109 219
109 61
109 18
109 137
109 93
109 25
109 65
109 189
30 90
30 190
30 46
30 127
30 27
30 32
30 5
30 121
30 92
30 6
30 107
30 217
30 108
30 138
30 169
30 188
30 156
30 26
30 61
30 137
30 96
30 167
30 80
179 98
179 146
179 127
179 5
179 92
179 83
179 12
179 138
179 132
179 143
179 26
179 118
179 4
179 9
179 137
179 103
179 96
179 51
179 65
179 160
179 136
179 215
89 212
89 46
89 211
89 32
89 121
89 72
89 171
89 17
89 2
89 123
89 216
89 107
89 12
89 14
89 95
89 43
89 86
89 213
89 20
89 37
89 28
89 214
89 25
89 160
89 202
89 154
89 189
98 90
98 46
98 102
98 205
98 200
98 181
98 121
98 72
98 145
98 2
98 97
98 216
98 76
98 104
98 95
98 75
98 163
98 219
98 53
98 35
98 206
98 96
98 25
98 122
98 215
212 22
212 90
212 146
212 175
212 127
212 102
212 88
212 210
212 76
212 188
212 129
212 48
212 156
212 75
212 191
212 9
212 86
212 213
212 37
212 219
212 79
212 28
212 61
212 137
212 8
212 71
212 122
212 167
212 150
212 160
212 202
212 154
212 148
212 189
153 22
153 190
153 102
153 211
153 144
153 32
153 200
153 10
153 197
153 185
153 21
153 83
153 12
153 217
153 14
153 59
153 104
153 95
153 75
153 191
153 118
153 15
153 39
153 159
153 219
153 8
153 71
153 103
153 120
153 65
153 148
153 189
153 186
22 90
22 175
22 127
22 102
22 23
22 205
22 42
22 144
22 1
22 121
22 6
22 2
22 97
22 123
22 70
22 83
22 108
22 169
22 14
22 143
22 95
22 75
22 4
22 39
22 79
22 137
22 119
22 8
22 214
22 120
22 192
22 136
22 154
22 186
90 146
90 151
90 175
90 190
90 5
90 13
90 92
90 97
90 197
90 216
90 70
90 107
90 76
90 12
90 217
90 132
90 48
90 166
90 104
90 142
90 203
90 26
90 75
90 15
90 159
90 79
90 35
90 93
90 71
90 214
90 80
90 50
90 148
146 46
146 127
146 126
146 144
146 88
146 1
146 10
146 97
146 197
146 210
146 21
146 105
146 138
146 132
146 129
146 48
146 59
146 142
146 20
146 159
146 219
146 28
146 61
146 137
146 119
146 71
146 206
146 103
146 25
146 122
146 65
146 150
146 136
146 50
151 205
151 42
151 27
151 6
151 2
151 197
151 123
151 185
151 107
151 21
151 105
151 12
151 132
151 188
151 104
151 95
151 142
151 118
151 86
151 39
151 20
151 79
151 28
151 71
151 206
151 103
151 120
151 150
151 136
151 189
175 46
175 205
175 42
175 68
175 145
175 171
175 2
175 216
175 76
175 57
175 108
175 14
175 95
175 142
175 203
175 191
175 118
175 15
175 9
175 163
175 86
175 39
175 20
175 53
175 218
175 119
175 214
175 120
175 65
175 80
175 202
175 154
175 50
190 127
190 211
190 5
190 181
190 10
190 145
190 97
190 123
190 107
190 76
190 21
190 138
190 132
190 129
190 156
190 104
190 118
190 9
190 213
190 159
190 53
190 218
190 137
190 8
190 71
190 206
190 167
190 80
190 154
190 50
190 189
46 205
46 126
46 27
46 88
46 145
46 17
46 197
46 169
46 95
46 26
46 43
46 15
46 9
46 213
46 61
46 35
46 206
46 214
46 122
46 160
127 205
127 42
127 32
127 72
127 92
127 6
127 105
127 104
127 95
127 203
127 26
127 15
127 163
127 79
127 28
127 218
127 93
127 8
127 206
127 120
127 167
127 148
127 189
102 126
102 42
102 32
102 1
102 181
102 171
102 97
102 76
102 132
102 129
102 14
102 75
102 43
102 118
102 53
102 79
102 214
102 96
102 25
102 122
102 51
102 65
102 167
23 205
23 42
23 211
23 144
23 88
23 72
23 123
23 216
23 185
23 138
23 132
23 156
23 59
23 95
23 142
23 75
23 191
23 118
23 15
23 159
23 96
23 160
23 202
23 148
205 144
205 32
205 88
205 121
205 72
205 171
205 2
205 210
205 76
205 217
205 132
205 48
205 26
205 15
205 86
205 20
205 37
205 61
205 18
205 137
205 103
205 51
205 154
126 32
126 5
126 88
126 121
126 10
126 6
126 145
126 171
126 17
126 123
126 216
126 107
126 169
126 48
126 104
126 95
126 203
126 4
126 213
126 37
126 159
126 79
126 28
126 61
126 218
126 137
126 119
126 214
126 122
126 65
126 150
126 202
42 68
42 144
42 32
42 121
42 2
42 97
42 197
42 185
42 107
42 12
42 217
42 138
42 169
42 188
42 14
42 59
42 104
42 4
42 9
42 213
42 20
42 159
42 18
42 137
42 8
42 71
42 214
42 96
42 122
42 51
42 192
42 215
42 148
42 186
211 121
211 92
211 171
211 197
211 185
211 107
211 132
211 166
211 163
211 39
211 37
211 53
211 79
211 28
211 61
211 35
211 18
211 119
211 122
211 65
211 150
211 202
211 192
211 215
68 27
68 181
68 72
68 70
68 107
68 210
68 76
68 217
68 156
68 9
68 20
68 37
68 35
68 218
68 214
68 25
68 65
68 80
68 150
27 32
27 97
27 185
27 210
27 76
27 105
27 57
27 108
27 138
27 129
27 156
27 59
27 26
27 15
27 86
27 213
27 159
27 219
27 53
27 61
27 35
27 18
27 218
27 137
27 93
27 80
27 160
27 136
27 215
27 50
144 121
144 92
144 10
144 171
144 185
144 107
144 21
144 83
144 217
144 169
144 48
144 191
144 43
144 4
144 15
144 39
144 20
144 28
144 137
144 93
144 214
144 103
144 65
144 150
144 202
144 136
144 154
144 50
144 148
32 200
32 1
32 92
32 2
32 210
32 21
32 108
32 132
32 188
32 129
32 43
32 118
32 213
32 37
32 159
32 96
32 122
32 65
32 80
32 160
32 202
32 136
32 154
32 50
5 13
5 88
5 1
5 181
5 171
5 17
5 123
5 210
5 83
5 108
5 138
5 169
5 129
5 14
5 118
5 39
5 53
5 93
5 214
5 103
5 192
5 215
5 154
5 148
200 13
200 92
200 6
200 2
200 76
200 217
200 169
200 188
200 14
200 166
200 86
200 79
200 218
200 93
200 119
200 8
200 71
200 103
200 96
200 25
200 65
200 154
200 50
13 181
13 121
13 10
13 171
13 21
13 108
13 132
13 166
13 9
13 86
13 20
13 214
13 96
13 51
13 160
13 192
13 136
13 154
88 181
88 121
88 72
88 171
88 123
88 216
88 76
88 12
88 188
88 142
88 191
88 43
88 219
88 61
88 35
88 8
88 122
88 202
88 192
88 189
88 186
1 181
1 121
1 72
1 92
1 6
1 171
1 197
1 185
1 107
1 210
1 76
1 105
1 57
1 188
1 95
1 26
1 213
1 79
1 28
1 61
1 18
1 206
1 51
1 167
1 136
1 154
1 186
181 6
181 97
181 197
181 123
181 70
181 210
181 21
181 12
181 188
181 48
181 143
181 142
181 203
181 43
181 9
181 213
181 79
181 35
181 119
181 214
181 103
181 122
181 51
181 167
181 192
181 189
121 171
121 2
121 197
121 123
121 107
121 105
121 156
121 59
121 166
121 163
121 39
121 214
121 103
121 80
121 136
121 50
72 92
72 6
72 107
72 76
72 105
72 217
72 95
72 75
72 191
72 9
72 219
72 218
72 137
72 122
72 51
72 150
72 160
72 192
72 186
92 17
92 197
92 76
92 83
92 105
92 138
92 188
92 48
92 59
92 191
92 43
92 4
92 15
92 213
92 39
92 20
92 53
92 61
92 137
92 93
92 119
92 120
92 65
92 150
92 192
10 6
10 171
10 97
10 216
10 185
10 210
10 21
10 142
10 75
10 159
10 137
10 214
10 150
10 160
10 215
10 189
6 97
6 123
6 76
6 21
6 217
6 14
6 48
6 203
6 26
6 191
6 9
6 53
6 137
6 206
6 103
6 25
6 51
145 17
145 2
145 123
145 21
145 83
145 108
145 188
145 14
145 26
145 75
145 15
145 163
145 39
145 219
145 61
145 18
145 137
145 206
145 150
145 192
145 50
171 17
171 216
171 185
171 70
171 210
171 138
171 132
171 169
171 129
171 156
171 59
171 104
171 143
171 142
171 203
171 191
171 4
171 37
171 79
171 35
171 18
171 119
171 214
171 120
171 202
171 192
171 50
171 189
17 70
17 12
17 217
17 108
17 132
17 14
17 48
17 156
17 59
17 143
17 142
17 191
17 118
17 4
17 163
17 219
17 28
17 35
17 93
17 214
17 192
17 215
17 154
17 50
17 148
2 216
2 210
2 217
2 132
2 188
2 166
2 104
2 15
2 39
2 28
2 61
2 65
2 160
2 202
97 105
97 12
97 138
97 132
97 14
97 48
97 59
97 95
97 142
97 203
97 9
97 86
97 39
97 20
97 37
97 159
97 28
97 93
97 206
97 96
97 25
97 122
97 65
97 167
97 186
197 70
197 107
197 21
197 57
197 12
197 217
197 132
197 14
197 75
197 191
197 43
197 4
197 39
197 28
197 8
197 71
197 206
197 96
197 122
197 136
197 50
123 70
123 12
123 132
123 169
123 129
123 14
123 156
123 95
123 26
123 9
123 163
123 20
123 53
123 35
123 8
123 103
123 51
123 80
123 160
123 202
123 189
216 185
216 70
216 210
216 20
216 159
216 18
216 206
216 65
216 150
216 160
216 202
216 192
216 136
216 215
185 107
185 83
185 12
185 59
185 166
185 104
185 15
185 86
185 219
185 53
185 28
185 35
185 218
185 137
185 119
185 8
185 71
185 206
185 103
185 150
185 192
185 215
185 148
185 189
70 76
70 83
70 108
70 138
70 132
70 9
70 163
70 159
70 53
70 18
70 137
70 71
70 51
70 65
70 160
70 215
107 83
107 12
107 217
107 132
107 166
107 26
107 75
107 191
107 43
107 118
107 137
107 96
107 122
107 80
107 154
210 57
210 138
210 129
210 48
210 166
210 142
210 203
210 26
210 4
210 213
210 219
210 53
210 122
210 202
210 192
210 215
210 50
210 186
76 57
76 188
76 129
76 14
76 4
76 9
76 163
76 86
76 20
76 79
76 93
76 119
76 214
76 103
76 51
76 80
76 50
21 105
21 217
21 108
21 188
21 156
21 75
21 163
21 86
21 213
21 219
21 79
21 18
21 218
21 120
21 150
21 160
21 50
21 148
83 132
83 14
83 166
83 143
83 20
83 219
83 53
83 218
83 93
83 8
83 71
83 214
83 25
83 122
83 51
83 65
83 167
83 160
83 202
83 154
105 12
105 104
105 143
105 26
105 75
105 4
105 163
105 159
105 61
105 137
105 119
105 206
105 150
105 202
105 189
57 188
57 14
57 156
57 95
57 4
57 213
57 37
57 159
57 28
57 71
57 214
57 96
57 120
57 80
57 202
57 192
57 189
12 129
12 59
12 203
12 20
12 159
12 28
12 103
12 122
12 136
12 154
12 50
12 148
12 186
217 108
217 138
217 169
217 188
217 166
217 143
217 142
217 118
217 15
217 37
217 28
217 61
217 35
217 8
217 71
217 206
217 214
217 160
217 202
217 192
217 148
108 169
108 48
108 104
108 26
108 191
108 43
108 39
108 53
108 61
108 93
108 206
108 80
108 150
108 154
138 132
138 9
138 86
138 28
138 35
138 18
138 93
138 71
138 214
138 120
138 167
138 150
138 160
138 136
138 215
138 50
138 148
138 186
132 59
132 104
132 143
132 95
132 26
132 75
132 20
132 219
132 28
132 35
132 71
132 214
132 96
132 25
132 120
132 65
169 166
169 104
169 142
169 75
169 191
169 9
169 39
169 219
169 18
169 218
169 93
169 119
169 206
169 65
169 160
169 215
169 154
169 189
188 129
188 14
188 156
188 59
188 142
188 137
188 71
188 206
188 214
188 167
188 202
129 43
129 4
129 9
129 86
129 20
129 159
129 61
129 35
129 218
129 8
129 167
129 202
129 154
129 148
14 156
14 104
14 75
14 43
14 118
14 15
14 20
14 37
14 93
14 8
14 120
14 122
14 160
14 192
14 215
14 154
14 50
14 186
48 104
48 95
48 191
48 159
48 28
48 18
48 218
48 93
48 51
48 65
48 167
48 160
156 26
156 191
156 43
156 118
156 9
156 37
156 53
156 79
156 35
156 93
156 119
156 8
156 71
156 214
156 122
156 167
156 154
59 95
59 203
59 26
59 75
59 43
59 4
59 9
59 213
59 159
59 219
59 53
59 28
59 119
59 80
59 160
59 202
59 192
166 203
166 26
166 163
166 61
166 137
166 119
166 71
166 96
166 25
166 122
166 80
166 160
166 202
166 154
166 148
166 186
104 95
104 203
104 75
104 4
104 9
104 219
104 53
104 35
104 8
104 214
104 96
104 167
104 50
104 148
143 95
143 142
143 203
143 26
143 4
143 79
143 35
143 218
143 8
143 96
143 120
143 80
143 160
143 202
143 136
143 154
143 148
95 142
95 43
95 9
95 20
95 103
95 120
95 80
95 136
95 215
95 189
142 191
142 15
142 163
142 39
142 37
142 159
142 28
142 18
142 93
142 119
142 51
142 192
142 136
142 189
203 26
203 75
203 4
203 159
203 53
203 79
203 61
203 35
203 25
203 120
203 167
26 75
26 43
26 118
26 213
26 37
26 219
26 61
26 218
26 137
26 93
26 206
26 120
26 122
26 148
26 186
75 118
75 4
75 86
75 213
75 37
75 18
75 137
75 25
75 80
75 154
75 189
191 163
191 213
191 20
191 219
191 28
191 35
191 18
191 218
191 93
191 206
191 103
191 25
191 122
191 65
191 167
191 160
191 192
191 215
43 4
43 9
43 159
43 79
43 137
43 93
43 25
43 65
43 167
43 202
43 192
43 215
43 50
43 148
43 189
118 163
118 39
118 20
118 218
118 93
118 206
118 25
118 202
118 215
118 148
4 9
4 20
4 159
4 119
4 214
4 80
4 150
4 160
4 202
4 192
4 136
4 50
4 148
15 9
15 86
15 39
15 35
15 218
15 93
15 8
15 206
15 202
9 163
9 86
9 213
9 37
9 53
9 28
9 35
9 218
9 137
9 93
9 8
9 206
9 214
9 122
9 51
9 80
9 150
9 192
9 136
9 186
163 20
163 159
163 219
163 28
163 18
163 218
163 137
163 119
163 25
163 202
163 192
163 154
163 148
86 20
86 28
86 61
86 18
86 218
86 103
86 51
86 167
86 202
86 50
86 148
86 186
213 39
213 219
213 206
213 103
213 96
213 65
213 154
213 50
39 219
39 18
39 218
39 120
39 215
39 154
39 189
20 79
20 119
20 51
20 65
20 192
20 148
37 79
37 28
37 61
37 93
37 206
37 214
37 103
37 25
37 51
37 160
37 202
37 192
37 154
37 50
159 219
159 53
159 119
159 120
159 65
159 167
159 150
159 192
219 35
219 18
219 218
219 93
219 119
219 71
219 214
219 103
219 25
219 120
219 80
219 192
219 215
219 189
53 18
53 137
53 93
53 206
53 120
53 160
53 186
79 28
79 218
79 119
79 8
79 214
79 167
79 189
28 61
28 18
28 137
28 8
28 103
28 122
28 189
28 186
61 218
61 137
61 96
61 65
61 167
61 150
61 160
61 202
61 154
35 18
35 120
35 122
35 202
35 189
18 93
18 8
18 25
18 167
18 160
18 154
18 189
218 103
218 96
218 25
218 65
218 192
218 148
137 93
137 119
137 8
137 71
137 120
137 51
137 80
137 215
137 50
137 189
93 119
93 8
93 71
93 103
93 25
93 122
93 51
93 192
93 154
119 71
119 103
119 160
119 154
119 186
8 71
8 206
8 103
8 167
8 160
8 136
8 189
71 103
71 96
71 25
71 120
71 122
71 65
71 167
71 192
71 136
71 215
71 154
206 214
206 103
206 25
206 150
206 154
214 122
214 51
214 167
214 80
214 136
214 215
214 154
103 25
103 122
103 51
103 136
96 122
96 215
96 189
25 122
25 80
25 202
25 215
25 186
120 51
120 167
120 160
120 148
120 189
122 160
122 202
122 192
122 215
122 154
122 189
51 65
51 160
51 154
65 202
167 150
167 192
80 150
80 160
80 215
80 50
160 154
160 189
202 189
192 215
192 186
136 50
136 148
154 50
154 186
50 189
