*verties 209
219
200
53
21
54
67
195
201
91
126
44
100
138
218
198
170
133
68
119
179
48
47
38
16
99
26
112
95
167
129
177
162
20
86
45
116
186
142
36
88
191
127
35
107
96
12
183
49
211
185
108
41
204
63
14
128
215
121
25
168
175
17
212
188
123
156
83
101
159
33
160
11
0
7
210
153
109
40
22
163
87
97
106
130
2
205
149
152
114
19
158
81
207
58
214
52
169
80
39
189
141
61
124
120
43
176
115
181
18
174
154
104
148
1
155
137
72
8
24
66
46
37
77
13
76
85
192
166
32
134
180
111
184
65
93
70
4
30
27
161
73
56
122
213
164
147
182
51
165
34
143
29
6
199
79
103
135
146
74
62
94
3
131
203
71
57
50
173
150
187
157
69
110
194
78
193
172
5
10
151
190
90
84
42
140
136
98
145
59
113
217
118
178
89
64
23
31
144
92
196
202
209
75
216
132
139
55
171
102
*edges 
219 200
219 54
219 126
219 198
219 38
219 99
219 112
219 167
219 86
219 186
219 36
219 191
219 127
219 35
219 49
219 41
219 128
219 215
219 121
219 168
219 175
219 212
219 188
219 83
219 101
219 160
219 0
219 7
219 153
219 97
219 106
219 130
219 2
219 81
219 207
219 141
219 61
219 43
219 176
219 174
219 1
219 8
219 37
219 76
219 192
219 32
219 134
219 180
219 111
219 184
219 65
219 70
219 30
219 27
219 73
219 147
219 51
219 165
219 34
219 79
219 62
219 203
219 50
219 150
219 110
219 193
219 172
219 84
219 136
219 145
219 59
219 64
219 23
219 31
219 144
219 92
219 202
219 209
219 75
219 139
219 55
219 171
200 126
200 100
200 138
200 170
200 133
200 179
200 47
200 26
200 167
200 20
200 45
200 142
200 127
200 107
200 96
200 12
200 211
200 108
200 41
200 63
200 215
200 25
200 168
200 175
200 156
200 33
200 0
200 109
200 22
200 163
200 97
200 106
200 130
200 205
200 152
200 114
200 19
200 207
200 58
200 52
200 39
200 189
200 61
200 181
200 155
200 72
200 8
200 24
200 37
200 77
200 13
200 76
200 85
200 192
200 166
200 32
200 111
200 184
200 65
200 70
200 161
200 122
200 147
200 143
200 79
200 103
200 74
200 3
200 71
200 57
200 172
200 42
200 98
200 23
200 144
200 196
53 21
53 91
53 44
53 100
53 68
53 119
53 48
53 112
53 95
53 142
53 183
53 41
53 14
53 215
53 121
53 25
53 175
53 212
53 156
53 33
53 0
53 153
53 40
53 22
53 97
53 2
53 149
53 52
53 80
53 39
53 189
53 43
53 176
53 115
53 181
53 174
53 154
53 104
53 148
53 155
53 137
53 46
53 37
53 13
53 85
53 166
53 32
53 180
53 111
53 184
53 65
53 93
53 70
53 27
53 161
53 56
53 213
53 182
53 62
53 94
53 173
53 193
53 172
53 90
53 42
53 136
53 217
53 178
53 64
53 144
53 92
53 196
53 216
53 132
53 139
53 55
21 54
21 195
21 126
21 133
21 68
21 119
21 48
21 112
21 167
21 162
21 88
21 35
21 12
21 49
21 185
21 108
21 63
21 14
21 121
21 175
21 17
21 212
21 188
21 83
21 159
21 33
21 160
21 210
21 109
21 40
21 22
21 130
21 2
21 19
21 158
21 58
21 214
21 52
21 169
21 141
21 120
21 176
21 154
21 155
21 137
21 72
21 66
21 46
21 37
21 77
21 13
21 180
21 4
21 122
21 147
21 182
21 165
21 29
21 6
21 199
21 79
21 103
21 146
21 203
21 50
21 173
21 172
21 84
21 98
21 23
21 144
21 196
21 55
21 171
54 195
54 138
54 170
54 133
54 68
54 119
54 48
54 38
54 16
54 129
54 116
54 142
54 88
54 183
54 128
54 215
54 83
54 11
54 109
54 163
54 87
54 97
54 130
54 149
54 152
54 114
54 19
54 52
54 169
54 189
54 72
54 24
54 13
54 166
54 111
54 65
54 70
54 27
54 182
54 103
54 135
54 74
54 62
54 94
54 203
54 57
54 150
54 69
54 5
54 151
54 90
54 98
54 113
54 89
54 23
54 209
54 75
54 55
54 171
67 100
67 218
67 133
67 99
67 112
67 129
67 20
67 142
67 211
67 41
67 204
67 25
67 17
67 212
67 188
67 156
67 101
67 159
67 153
67 40
67 97
67 114
67 158
67 214
67 141
67 124
67 176
67 18
67 155
67 137
67 72
67 8
67 24
67 46
67 85
67 192
67 166
67 184
67 93
67 70
67 30
67 161
67 122
67 143
67 199
67 135
67 146
67 94
67 131
67 71
67 57
67 50
67 173
67 150
67 187
67 69
67 110
67 193
67 84
67 42
67 136
67 59
67 113
67 217
67 31
67 92
67 202
67 209
67 132
67 139
67 171
195 44
195 100
195 133
195 68
195 48
195 99
195 162
195 116
195 186
195 191
195 96
195 211
195 108
195 14
195 168
195 175
195 212
195 188
195 156
195 33
195 11
195 0
195 210
195 109
195 163
195 97
195 106
195 130
195 2
195 158
195 207
195 52
195 124
195 120
195 176
195 18
195 72
195 24
195 46
195 77
195 13
195 166
195 180
195 184
195 70
195 27
195 161
195 73
195 182
195 165
195 34
195 143
195 6
195 103
195 146
195 3
195 71
195 69
195 194
195 5
195 90
195 98
195 59
195 23
195 31
195 144
195 92
195 202
195 209
195 216
195 132
195 171
201 91
201 138
201 68
201 47
201 95
201 129
201 186
201 88
201 107
201 12
201 108
201 14
201 128
201 215
201 168
201 175
201 123
201 101
201 0
201 210
201 40
201 22
201 87
201 97
201 130
201 149
201 39
201 124
201 120
201 176
201 174
201 1
201 155
201 24
201 66
201 46
201 134
201 65
201 4
201 30
201 27
201 122
201 213
201 51
201 29
201 103
201 135
201 187
201 69
201 193
201 5
201 190
201 42
201 59
201 118
201 23
201 144
201 196
201 209
201 132
201 102
91 170
91 179
91 47
91 38
91 26
91 112
91 177
91 88
91 191
91 96
91 12
91 41
91 215
91 121
91 25
91 168
91 212
91 33
91 160
91 7
91 109
91 40
91 163
91 106
91 130
91 2
91 205
91 152
91 19
91 58
91 169
91 189
91 61
91 43
91 176
91 18
91 104
91 72
91 24
91 13
91 76
91 85
91 192
91 166
91 65
91 30
91 34
91 143
91 6
91 79
91 135
91 146
91 74
91 10
91 151
91 190
91 42
91 136
91 113
91 23
91 196
91 75
91 216
91 132
91 55
91 102
126 218
126 48
126 47
126 38
126 112
126 167
126 162
126 20
126 116
126 186
126 142
126 35
126 107
126 96
126 12
126 108
126 63
126 175
126 123
126 83
126 159
126 33
126 11
126 40
126 163
126 97
126 130
126 81
126 207
126 214
126 169
126 189
126 120
126 43
126 115
126 181
126 66
126 46
126 13
126 184
126 93
126 70
126 30
126 56
126 147
126 165
126 6
126 199
126 146
126 3
126 203
126 50
126 173
126 187
126 69
126 78
126 172
126 10
126 140
126 217
126 178
126 89
126 64
126 23
126 75
126 216
126 139
126 171
44 138
44 218
44 198
44 133
44 179
44 47
44 16
44 26
44 177
44 20
44 86
44 142
44 36
44 191
44 108
44 204
44 14
44 128
44 215
44 175
44 123
44 156
44 159
44 7
44 153
44 22
44 87
44 106
44 130
44 205
44 152
44 114
44 158
44 207
44 214
44 52
44 61
44 115
44 181
44 18
44 148
44 1
44 24
44 66
44 76
44 85
44 166
44 180
44 111
44 65
44 93
44 70
44 30
44 161
44 213
44 182
44 51
44 29
44 135
44 62
44 3
44 203
44 187
44 110
44 172
44 5
44 151
44 190
44 118
44 23
44 31
44 92
44 196
44 216
44 132
44 139
100 138
100 218
100 198
100 170
100 133
100 179
100 48
100 16
100 99
100 26
100 177
100 162
100 86
100 142
100 35
100 12
100 49
100 108
100 41
100 63
100 14
100 128
100 168
100 175
100 17
100 212
100 188
100 156
100 159
100 33
100 160
100 11
100 210
100 97
100 205
100 149
100 19
100 158
100 61
100 120
100 115
100 181
100 18
100 174
100 154
100 104
100 148
100 72
100 66
100 46
100 85
100 192
100 166
100 134
100 180
100 111
100 184
100 65
100 93
100 73
100 56
100 213
100 164
100 51
100 143
100 29
100 103
100 62
100 94
100 131
100 71
100 50
100 173
100 187
100 78
100 193
100 5
100 151
100 42
100 136
100 113
100 217
100 118
100 64
100 144
100 196
100 209
100 139
100 102
138 218
138 170
138 133
138 68
138 38
138 26
138 129
138 45
138 88
138 127
138 12
138 211
138 41
138 14
138 128
138 215
138 25
138 17
138 188
138 160
138 0
138 210
138 109
138 40
138 106
138 130
138 2
138 114
138 19
138 158
138 39
138 189
138 61
138 124
138 120
138 176
138 181
138 148
138 1
138 72
138 37
138 77
138 85
138 32
138 134
138 93
138 4
138 30
138 165
138 34
138 6
138 199
138 103
138 3
138 173
138 150
138 187
138 157
138 172
138 151
138 136
138 145
138 113
138 217
138 23
138 75
138 216
138 132
138 139
218 133
218 38
218 16
218 26
218 177
218 20
218 88
218 191
218 127
218 211
218 108
218 41
218 204
218 215
218 175
218 17
218 188
218 123
218 156
218 7
218 87
218 205
218 149
218 19
218 58
218 214
218 52
218 169
218 39
218 124
218 18
218 154
218 104
218 1
218 155
218 8
218 24
218 66
218 46
218 37
218 76
218 111
218 70
218 30
218 164
218 51
218 34
218 146
218 94
218 71
218 50
218 187
218 69
218 78
218 193
218 10
218 151
218 90
218 42
218 136
218 145
218 113
218 217
218 118
218 23
218 31
218 144
218 92
218 216
218 132
218 171
218 102
198 170
198 119
198 179
198 48
198 16
198 20
198 191
198 127
198 35
198 12
198 49
198 211
198 185
198 215
198 121
198 17
198 188
198 83
198 160
198 0
198 210
198 109
198 22
198 163
198 87
198 2
198 207
198 214
198 80
198 39
198 141
198 61
198 120
198 43
198 18
198 174
198 155
198 24
198 66
198 46
198 76
198 32
198 134
198 65
198 70
198 4
198 161
198 56
198 122
198 147
198 182
198 51
198 29
198 6
198 79
198 62
198 94
198 50
198 173
198 194
198 193
198 145
198 113
198 217
198 118
198 89
198 144
198 92
198 196
198 75
198 132
198 55
170 68
170 179
170 48
170 38
170 26
170 167
170 129
170 20
170 45
170 116
170 186
170 142
170 191
170 127
170 49
170 211
170 185
170 41
170 204
170 14
170 25
170 168
170 17
170 83
170 0
170 153
170 22
170 87
170 130
170 2
170 114
170 19
170 81
170 58
170 52
170 39
170 141
170 120
170 176
170 18
170 174
170 154
170 104
170 148
170 1
170 137
170 37
170 77
170 166
170 111
170 184
170 30
170 73
170 122
170 213
170 147
170 165
170 29
170 6
170 74
170 62
170 131
170 50
170 150
170 69
170 172
170 10
170 84
170 145
170 113
170 89
170 92
170 209
170 75
170 132
170 55
170 171
133 119
133 38
133 16
133 26
133 129
133 177
133 20
133 86
133 186
133 142
133 88
133 35
133 96
133 211
133 204
133 14
133 128
133 215
133 17
133 212
133 33
133 160
133 0
133 109
133 97
133 149
133 152
133 114
133 207
133 169
133 141
133 61
133 43
133 148
133 155
133 8
133 66
133 76
133 166
133 184
133 65
133 93
133 30
133 73
133 122
133 213
133 147
133 143
133 199
133 79
133 62
133 94
133 71
133 150
133 157
133 69
133 78
133 193
133 10
133 90
133 42
133 145
133 89
133 23
133 144
133 171
133 102
68 119
68 47
68 16
68 99
68 112
68 95
68 129
68 20
68 45
68 36
68 88
68 107
68 49
68 211
68 108
68 204
68 63
68 128
68 215
68 121
68 168
68 175
68 212
68 159
68 33
68 160
68 7
68 210
68 109
68 22
68 106
68 130
68 152
68 114
68 81
68 214
68 52
68 120
68 43
68 176
68 104
68 66
68 77
68 13
68 85
68 32
68 180
68 111
68 65
68 30
68 165
68 135
68 74
68 62
68 94
68 131
68 71
68 173
68 150
68 187
68 110
68 151
68 90
68 84
68 113
68 217
68 64
68 31
68 144
68 202
68 209
68 132
119 48
119 38
119 16
119 112
119 129
119 86
119 186
119 142
119 36
119 127
119 107
119 96
119 12
119 41
119 63
119 128
119 160
119 40
119 87
119 106
119 130
119 205
119 152
119 158
119 207
119 214
119 124
119 176
119 18
119 154
119 104
119 8
119 77
119 184
119 161
119 73
119 213
119 164
119 34
119 74
119 94
119 3
119 131
119 203
119 71
119 50
119 187
119 69
119 172
119 151
119 84
119 42
119 136
119 98
119 113
119 118
119 31
119 196
119 132
119 55
119 171
179 48
179 47
179 129
179 177
179 86
179 45
179 186
179 142
179 183
179 49
179 108
179 41
179 121
179 175
179 17
179 212
179 83
179 11
179 210
179 153
179 40
179 87
179 2
179 205
179 158
179 81
179 52
179 169
179 39
179 61
179 176
179 115
179 181
179 18
179 104
179 148
179 72
179 8
179 66
179 13
179 166
179 32
179 180
179 65
179 70
179 161
179 165
179 34
179 143
179 62
179 71
179 50
179 187
179 157
179 69
179 110
179 194
179 5
179 190
179 140
179 118
179 89
179 23
179 144
179 209
179 216
179 132
48 38
48 16
48 112
48 86
48 45
48 88
48 107
48 12
48 183
48 49
48 108
48 41
48 14
48 128
48 121
48 212
48 159
48 7
48 153
48 106
48 149
48 152
48 158
48 81
48 214
48 189
48 124
48 43
48 1
48 72
48 66
48 76
48 85
48 166
48 32
48 134
48 180
48 56
48 213
48 51
48 29
48 6
48 79
48 146
48 74
48 62
48 94
48 131
48 71
48 50
48 187
48 69
48 78
48 193
48 10
48 113
48 118
48 178
48 64
48 196
48 202
48 139
48 171
47 112
47 86
47 88
47 191
47 35
47 12
47 108
47 128
47 83
47 109
47 40
47 87
47 205
47 114
47 19
47 52
47 169
47 80
47 39
47 189
47 61
47 124
47 43
47 176
47 115
47 181
47 18
47 174
47 148
47 76
47 85
47 32
47 93
47 56
47 164
47 51
47 34
47 79
47 103
47 62
47 94
47 3
47 203
47 50
47 150
47 194
47 193
47 172
47 5
47 10
47 151
47 90
47 42
47 59
47 217
47 89
47 64
47 23
47 132
47 139
47 55
47 171
47 102
38 99
38 129
38 177
38 162
38 45
38 116
38 186
38 88
38 191
38 107
38 96
38 49
38 211
38 185
38 108
38 128
38 175
38 159
38 33
38 7
38 210
38 40
38 22
38 87
38 97
38 114
38 81
38 207
38 52
38 80
38 124
38 120
38 43
38 176
38 181
38 174
38 155
38 8
38 192
38 32
38 65
38 70
38 27
38 73
38 213
38 164
38 143
38 6
38 3
38 173
38 150
38 187
38 157
38 78
38 193
38 5
38 10
38 151
38 190
38 84
38 42
38 59
38 23
38 31
38 92
38 196
38 202
38 139
38 55
16 26
16 116
16 186
16 36
16 191
16 183
16 49
16 108
16 168
16 188
16 83
16 159
16 210
16 109
16 22
16 87
16 97
16 205
16 149
16 114
16 19
16 214
16 169
16 39
16 141
16 61
16 18
16 72
16 8
16 24
16 13
16 192
16 32
16 4
16 30
16 161
16 213
16 164
16 147
16 29
16 6
16 62
16 94
16 71
16 173
16 187
16 69
16 194
16 151
16 190
16 90
16 84
16 98
16 145
16 113
16 178
16 23
16 144
16 209
16 75
16 132
16 55
99 112
99 177
99 20
99 36
99 88
99 107
99 183
99 211
99 108
99 204
99 14
99 215
99 159
99 160
99 0
99 153
99 109
99 87
99 106
99 130
99 149
99 158
99 207
99 58
99 169
99 61
99 124
99 176
99 181
99 174
99 154
99 148
99 72
99 24
99 46
99 85
99 192
99 166
99 134
99 184
99 70
99 30
99 73
99 164
99 51
99 6
99 103
99 135
99 146
99 3
99 57
99 50
99 187
99 69
99 194
99 78
99 193
99 172
99 10
99 42
99 136
99 89
99 196
99 102
26 95
26 177
26 162
26 116
26 186
26 36
26 88
26 107
26 12
26 183
26 211
26 108
26 215
26 25
26 40
26 22
26 97
26 149
26 152
26 158
26 81
26 58
26 52
26 189
26 120
26 115
26 154
26 137
26 72
26 8
26 24
26 37
26 13
26 76
26 166
26 32
26 134
26 65
26 93
26 27
26 161
26 56
26 164
26 147
26 34
26 29
26 6
26 199
26 103
26 57
26 50
26 173
26 150
26 69
26 5
26 151
26 190
26 84
26 140
26 136
26 89
26 64
26 23
26 209
26 75
112 129
112 177
112 162
112 116
112 36
112 88
112 127
112 12
112 183
112 49
112 41
112 63
112 17
112 212
112 123
112 160
112 11
112 0
112 7
112 40
112 97
112 2
112 205
112 152
112 52
112 39
112 120
112 115
112 18
112 104
112 1
112 137
112 8
112 66
112 46
112 77
112 85
112 32
112 184
112 27
112 122
112 147
112 34
112 79
112 135
112 131
112 71
112 194
112 193
112 10
112 190
112 136
112 118
112 89
112 144
112 202
112 75
112 132
112 171
112 102
95 129
95 177
95 86
95 186
95 142
95 36
95 191
95 96
95 49
95 204
95 128
95 215
95 83
95 153
95 22
95 87
95 149
95 152
95 114
95 19
95 52
95 141
95 61
95 1
95 8
95 24
95 66
95 32
95 184
95 93
95 70
95 4
95 161
95 73
95 56
95 182
95 29
95 74
95 62
95 94
95 3
95 71
95 50
95 173
95 187
95 194
95 78
95 193
95 5
95 190
95 84
95 140
95 118
95 64
95 31
95 144
95 75
167 129
167 177
167 162
167 116
167 127
167 35
167 96
167 183
167 49
167 211
167 185
167 108
167 41
167 204
167 63
167 121
167 25
167 168
167 17
167 188
167 123
167 156
167 159
167 0
167 152
167 207
167 214
167 169
167 189
167 124
167 120
167 18
167 174
167 154
167 155
167 8
167 24
167 37
167 13
167 85
167 111
167 93
167 27
167 164
167 165
167 94
167 3
167 71
167 187
167 157
167 194
167 190
167 90
167 98
167 145
167 31
167 144
167 92
167 209
167 216
167 139
129 177
129 36
129 191
129 127
129 49
129 185
129 108
129 121
129 156
129 33
129 160
129 11
129 153
129 109
129 22
129 163
129 106
129 130
129 205
129 114
129 19
129 158
129 81
129 207
129 61
129 43
129 148
129 77
129 76
129 65
129 4
129 30
129 27
129 73
129 56
129 51
129 165
129 34
129 103
129 94
129 173
129 150
129 194
129 151
129 90
129 140
129 136
129 145
129 217
129 118
129 178
129 132
129 55
129 171
177 20
177 45
177 142
177 191
177 127
177 107
177 96
177 12
177 108
177 41
177 204
177 128
177 121
177 25
177 160
177 11
177 7
177 210
177 109
177 97
177 2
177 205
177 19
177 158
177 81
177 176
177 181
177 154
177 104
177 1
177 72
177 13
177 76
177 192
177 32
177 184
177 65
177 93
177 27
177 51
177 79
177 103
177 62
177 71
177 150
177 187
177 157
177 172
177 84
177 42
177 136
177 98
177 145
177 113
177 118
177 89
177 216
177 132
177 139
177 55
177 171
162 20
162 191
162 96
162 12
162 183
162 108
162 41
162 175
162 159
162 153
162 109
162 22
162 87
162 97
162 106
162 130
162 19
162 207
162 214
162 52
162 189
162 174
162 104
162 148
162 155
162 46
162 37
162 77
162 192
162 111
162 65
162 30
162 27
162 161
162 73
162 122
162 147
162 6
162 103
162 146
162 74
162 94
162 131
162 203
162 50
162 187
162 110
162 78
162 10
162 151
162 140
162 136
162 59
162 217
162 178
162 89
162 23
162 144
162 92
162 196
162 209
162 75
20 88
20 191
20 35
20 107
20 12
20 183
20 211
20 41
20 204
20 128
20 168
20 17
20 212
20 156
20 33
20 87
20 2
20 207
20 58
20 214
20 189
20 141
20 61
20 43
20 176
20 115
20 181
20 18
20 174
20 154
20 155
20 72
20 37
20 76
20 192
20 166
20 111
20 93
20 30
20 27
20 122
20 164
20 147
20 29
20 199
20 79
20 103
20 135
20 146
20 74
20 94
20 203
20 57
20 150
20 69
20 194
20 78
20 190
20 90
20 98
20 89
20 92
20 202
20 216
20 132
20 55
86 116
86 186
86 88
86 12
86 211
86 63
86 14
86 128
86 188
86 101
86 159
86 33
86 160
86 0
86 40
86 163
86 149
86 152
86 158
86 80
86 39
86 189
86 181
86 18
86 174
86 155
86 24
86 77
86 85
86 166
86 32
86 134
86 180
86 65
86 4
86 27
86 161
86 56
86 182
86 34
86 143
86 6
86 79
86 203
86 71
86 173
86 69
86 78
86 90
86 98
86 145
86 59
86 178
86 89
86 202
86 209
86 75
86 139
86 55
86 102
45 142
45 191
45 35
45 96
45 183
45 49
45 211
45 14
45 25
45 168
45 156
45 33
45 160
45 0
45 7
45 210
45 40
45 22
45 87
45 97
45 130
45 2
45 205
45 169
45 124
45 120
45 115
45 181
45 174
45 137
45 8
45 66
45 46
45 13
45 192
45 166
45 134
45 180
45 184
45 27
45 161
45 73
45 213
45 164
45 147
45 143
45 29
45 146
45 203
45 69
45 193
45 10
45 151
45 90
45 84
45 136
45 145
45 217
45 89
45 92
45 216
45 139
116 36
116 191
116 35
116 107
116 12
116 183
116 204
116 121
116 25
116 175
116 212
116 156
116 83
116 101
116 33
116 160
116 109
116 40
116 22
116 163
116 87
116 106
116 149
116 152
116 19
116 80
116 141
116 120
116 43
116 176
116 181
116 104
116 148
116 137
116 72
116 37
116 77
116 76
116 85
116 192
116 32
116 111
116 65
116 93
116 70
116 4
116 27
116 122
116 147
116 146
116 74
116 203
116 57
116 150
116 42
116 98
116 217
116 178
116 23
116 216
116 132
116 55
116 171
116 102
186 191
186 41
186 204
186 212
186 188
186 83
186 11
186 0
186 40
186 22
186 163
186 97
186 130
186 149
186 19
186 158
186 81
186 169
186 141
186 120
186 43
186 104
186 148
186 1
186 72
186 24
186 13
186 76
186 166
186 65
186 70
186 30
186 51
186 34
186 74
186 131
186 157
186 110
186 190
186 98
186 145
186 59
186 113
186 217
186 118
186 64
186 139
186 171
142 36
142 88
142 191
142 127
142 35
142 96
142 183
142 49
142 211
142 185
142 108
142 41
142 14
142 25
142 168
142 175
142 212
142 101
142 33
142 0
142 210
142 22
142 163
142 87
142 97
142 205
142 114
142 19
142 81
142 58
142 214
142 52
142 124
142 120
142 115
142 18
142 148
142 155
142 8
142 66
142 46
142 77
142 13
142 85
142 32
142 134
142 111
142 122
142 213
142 29
142 199
142 146
142 131
142 71
142 110
142 90
142 145
142 59
142 217
142 118
142 144
142 75
142 216
142 55
36 107
36 96
36 12
36 41
36 128
36 121
36 17
36 212
36 123
36 156
36 101
36 160
36 210
36 40
36 130
36 114
36 19
36 158
36 58
36 214
36 169
36 80
36 141
36 43
36 181
36 18
36 154
36 155
36 8
36 24
36 66
36 46
36 77
36 85
36 134
36 180
36 111
36 70
36 4
36 73
36 122
36 182
36 6
36 199
36 103
36 74
36 62
36 3
36 131
36 71
36 173
36 150
36 187
36 157
36 69
36 78
36 193
36 172
36 5
36 151
36 190
36 136
36 145
36 118
36 178
36 31
36 144
36 171
36 102
88 107
88 183
88 108
88 215
88 188
88 156
88 160
88 11
88 0
88 7
88 153
88 109
88 163
88 2
88 149
88 152
88 158
88 207
88 189
88 61
88 115
88 154
88 104
88 148
88 8
88 46
88 37
88 76
88 85
88 166
88 32
88 180
88 56
88 164
88 147
88 51
88 143
88 29
88 199
88 79
88 135
88 146
88 62
88 3
88 131
88 71
88 150
88 187
88 69
88 194
88 172
88 5
88 151
88 140
88 98
88 23
88 31
88 92
88 209
191 127
191 35
191 108
191 63
191 128
191 121
191 25
191 17
191 212
191 188
191 83
191 101
191 7
191 153
191 109
191 40
191 22
191 163
191 2
191 149
191 214
191 80
191 39
191 189
191 18
191 104
191 1
191 155
191 137
191 66
191 77
191 85
191 192
191 180
191 93
191 73
191 56
191 213
191 182
191 165
191 29
191 6
191 79
191 135
191 62
191 94
191 71
191 57
191 50
191 157
191 69
191 110
191 140
191 59
191 178
191 89
191 23
191 202
191 209
191 75
191 216
191 132
191 139
127 12
127 41
127 63
127 14
127 128
127 175
127 17
127 101
127 33
127 11
127 153
127 40
127 87
127 19
127 158
127 81
127 214
127 80
127 189
127 141
127 115
127 18
127 148
127 8
127 66
127 37
127 76
127 85
127 111
127 70
127 27
127 122
127 182
127 143
127 29
127 3
127 131
127 173
127 157
127 110
127 5
127 10
127 151
127 84
127 118
127 178
127 23
127 31
127 144
127 196
127 202
127 75
127 216
127 132
127 55
127 171
127 102
35 96
35 185
35 14
35 128
35 175
35 156
35 101
35 159
35 0
35 7
35 109
35 163
35 130
35 114
35 19
35 52
35 80
35 189
35 120
35 43
35 176
35 155
35 66
35 13
35 93
35 70
35 161
35 73
35 164
35 182
35 135
35 131
35 57
35 50
35 150
35 69
35 110
35 78
35 193
35 172
35 98
35 59
35 113
35 217
35 178
35 144
35 202
107 96
107 12
107 41
107 14
107 215
107 121
107 212
107 123
107 83
107 101
107 33
107 160
107 0
107 7
107 153
107 205
107 149
107 19
107 81
107 214
107 52
107 189
107 141
107 43
107 181
107 174
107 104
107 66
107 46
107 37
107 13
107 76
107 32
107 65
107 93
107 4
107 161
107 164
107 165
107 34
107 143
107 6
107 79
107 135
107 62
107 94
107 57
107 50
107 173
107 187
107 69
107 78
107 10
107 190
107 23
107 144
107 202
107 132
107 171
96 49
96 185
96 128
96 121
96 25
96 175
96 156
96 83
96 101
96 11
96 87
96 97
96 205
96 207
96 169
96 80
96 43
96 176
96 115
96 18
96 137
96 66
96 46
96 37
96 77
96 85
96 32
96 111
96 30
96 56
96 213
96 147
96 51
96 165
96 74
96 3
96 71
96 57
96 50
96 173
96 150
96 69
96 194
96 193
96 98
96 217
96 118
96 178
96 89
96 23
96 196
96 132
96 139
96 171
12 185
12 204
12 63
12 25
12 175
12 123
12 160
12 0
12 210
12 153
12 22
12 163
12 130
12 205
12 149
12 152
12 189
12 61
12 43
12 115
12 181
12 137
12 24
12 46
12 111
12 93
12 4
12 161
12 147
12 29
12 79
12 62
12 3
12 203
12 71
12 150
12 194
12 5
12 136
12 98
12 113
12 64
12 31
12 144
12 196
12 209
12 75
12 139
12 171
183 49
183 211
183 185
183 108
183 41
183 128
183 215
183 168
183 175
183 212
183 123
183 83
183 101
183 7
183 109
183 40
183 97
183 106
183 2
183 149
183 152
183 114
183 158
183 169
183 39
183 189
183 141
183 124
183 181
183 8
183 111
183 184
183 122
183 143
183 199
183 103
183 57
183 150
183 5
183 84
183 140
183 59
183 92
183 196
183 75
183 55
183 171
49 185
49 108
49 41
49 204
49 215
49 168
49 123
49 156
49 210
49 153
49 97
49 106
49 130
49 2
49 149
49 19
49 207
49 58
49 214
49 80
49 39
49 61
49 115
49 181
49 174
49 148
49 155
49 24
49 46
49 77
49 13
49 85
49 192
49 180
49 184
49 65
49 30
49 161
49 147
49 34
49 199
49 135
49 146
49 173
49 157
49 5
49 190
49 84
49 140
49 136
49 145
49 59
49 217
49 89
49 31
49 202
49 132
49 139
49 55
211 128
211 215
211 121
211 25
211 168
211 175
211 17
211 188
211 123
211 156
211 83
211 101
211 160
211 0
211 210
211 109
211 40
211 22
211 106
211 152
211 207
211 39
211 141
211 61
211 120
211 43
211 181
211 148
211 137
211 72
211 13
211 134
211 65
211 73
211 122
211 147
211 34
211 143
211 6
211 135
211 74
211 62
211 94
211 131
211 50
211 187
211 69
211 110
211 194
211 193
211 172
211 10
211 90
211 84
211 42
211 140
211 98
211 64
211 31
211 196
211 209
211 132
211 171
185 204
185 128
185 121
185 25
185 159
185 11
185 7
185 210
185 109
185 87
185 106
185 130
185 2
185 205
185 207
185 58
185 214
185 52
185 141
185 18
185 154
185 104
185 24
185 46
185 134
185 93
185 27
185 73
185 56
185 122
185 182
185 51
185 143
185 135
185 74
185 94
185 131
185 203
185 71
185 173
185 150
185 187
185 194
185 151
185 90
185 140
185 136
185 59
185 113
185 64
185 132
185 171
185 102
108 204
108 168
108 175
108 17
108 212
108 101
108 160
108 153
108 22
108 106
108 205
108 149
108 207
108 39
108 189
108 124
108 120
108 115
108 155
108 72
108 46
108 192
108 32
108 111
108 93
108 30
108 161
108 122
108 147
108 143
108 199
108 74
108 62
108 3
108 57
108 50
108 150
108 194
108 151
108 90
108 84
108 145
108 64
108 55
41 14
41 25
41 17
41 123
41 83
41 159
41 153
41 40
41 163
41 106
41 2
41 205
41 149
41 80
41 189
41 115
41 18
41 174
41 154
41 104
41 148
41 77
41 85
41 180
41 184
41 93
41 4
41 27
41 161
41 56
41 51
41 165
41 199
41 79
41 103
41 135
41 74
41 50
41 110
41 90
41 84
41 98
41 64
41 23
41 202
41 209
41 171
204 63
204 25
204 188
204 33
204 0
204 109
204 22
204 106
204 152
204 58
204 214
204 169
204 124
204 120
204 155
204 8
204 37
204 13
204 32
204 65
204 93
204 70
204 4
204 56
204 122
204 164
204 182
204 51
204 34
204 29
204 199
204 135
204 146
204 50
204 150
204 187
204 78
204 10
204 90
204 42
204 140
204 136
204 145
204 59
204 217
204 178
204 64
204 23
204 144
204 75
204 139
204 102
63 128
63 215
63 168
63 188
63 123
63 156
63 159
63 33
63 11
63 210
63 40
63 2
63 114
63 19
63 158
63 81
63 58
63 80
63 39
63 124
63 115
63 18
63 154
63 1
63 155
63 137
63 46
63 37
63 134
63 180
63 111
63 184
63 73
63 56
63 122
63 147
63 143
63 6
63 199
63 74
63 62
63 50
63 150
63 69
63 194
63 5
63 90
63 42
63 113
63 217
63 118
63 64
63 23
63 31
63 144
63 196
63 209
14 175
14 101
14 33
14 7
14 153
14 109
14 106
14 81
14 207
14 58
14 80
14 141
14 124
14 176
14 181
14 18
14 154
14 8
14 24
14 66
14 46
14 85
14 166
14 134
14 111
14 184
14 65
14 70
14 4
14 30
14 27
14 161
14 56
14 122
14 164
14 51
14 143
14 199
14 135
14 94
14 71
14 187
14 157
14 110
14 190
14 84
14 140
14 98
14 145
14 59
14 178
14 196
14 202
14 209
14 216
14 132
128 175
128 33
128 160
128 11
128 210
128 153
128 163
128 106
128 205
128 149
128 114
128 19
128 207
128 141
128 124
128 176
128 181
128 154
128 104
128 1
128 72
128 8
128 24
128 192
128 93
128 4
128 161
128 213
128 164
128 182
128 51
128 34
128 29
128 199
128 79
128 131
128 150
128 157
128 78
128 193
128 172
128 140
128 118
128 89
128 64
128 23
128 202
128 209
128 132
128 139
128 102
215 168
215 17
215 212
215 188
215 101
215 159
215 11
215 0
215 7
215 109
215 22
215 106
215 149
215 152
215 114
215 19
215 80
215 124
215 120
215 43
215 46
215 13
215 76
215 85
215 192
215 161
215 164
215 51
215 6
215 103
215 146
215 74
215 71
215 157
215 193
215 172
215 5
215 151
215 42
215 145
215 113
215 217
215 23
215 31
215 196
215 209
215 216
215 171
215 102
121 25
121 212
121 188
121 101
121 33
121 11
121 0
121 109
121 22
121 163
121 97
121 130
121 205
121 58
121 52
121 39
121 43
121 176
121 181
121 174
121 1
121 72
121 24
121 13
121 76
121 85
121 166
121 180
121 111
121 65
121 161
121 73
121 122
121 213
121 182
121 165
121 29
121 6
121 199
121 103
121 146
121 62
121 3
121 131
121 71
121 57
121 50
121 157
121 151
121 42
121 136
121 98
121 217
121 178
121 64
121 23
121 196
121 75
25 168
25 212
25 123
25 159
25 210
25 109
25 163
25 152
25 214
25 52
25 169
25 39
25 176
25 181
25 174
25 148
25 137
25 8
25 66
25 77
25 76
25 32
25 184
25 65
25 4
25 30
25 161
25 213
25 147
25 51
25 29
25 103
25 135
25 146
25 74
25 94
25 3
25 150
25 187
25 157
25 110
25 193
25 5
25 190
25 90
25 136
25 113
25 118
25 89
25 23
25 31
25 144
25 196
25 202
25 139
168 175
168 17
168 156
168 101
168 159
168 0
168 163
168 97
168 106
168 2
168 19
168 158
168 81
168 52
168 169
168 39
168 61
168 43
168 148
168 1
168 137
168 66
168 13
168 85
168 192
168 166
168 180
168 111
168 70
168 30
168 164
168 147
168 165
168 143
168 29
168 199
168 103
168 135
168 62
168 150
168 10
168 90
168 98
168 145
168 59
168 113
168 178
168 89
168 64
168 23
168 144
168 202
168 209
168 132
168 171
175 156
175 33
175 11
175 7
175 109
175 22
175 2
175 205
175 114
175 19
175 158
175 58
175 169
175 115
175 18
175 174
175 104
175 1
175 8
175 37
175 77
175 76
175 32
175 184
175 27
175 73
175 122
175 213
175 147
175 182
175 51
175 143
175 6
175 79
175 103
175 146
175 74
175 94
175 57
175 157
175 194
175 193
175 5
175 90
175 42
175 98
175 113
175 89
175 64
175 23
175 144
175 202
175 209
175 75
175 102
17 212
17 188
17 101
17 7
17 153
17 106
17 2
17 19
17 207
17 58
17 214
17 52
17 141
17 124
17 43
17 176
17 154
17 104
17 148
17 1
17 137
17 66
17 46
17 13
17 76
17 192
17 166
17 111
17 184
17 65
17 70
17 4
17 30
17 56
17 164
17 147
17 51
17 165
17 6
17 199
17 79
17 135
17 3
17 131
17 187
17 194
17 84
17 113
17 178
17 31
17 102
212 156
212 83
212 33
212 11
212 153
212 109
212 22
212 106
212 152
212 114
212 19
212 214
212 52
212 169
212 124
212 43
212 174
212 104
212 155
212 137
212 72
212 24
212 66
212 46
212 37
212 76
212 192
212 134
212 180
212 184
212 70
212 4
212 161
212 56
212 122
212 213
212 164
212 147
212 182
212 165
212 29
212 199
212 79
212 146
212 71
212 150
212 187
212 193
212 140
212 136
212 145
212 217
212 118
212 178
212 92
188 156
188 101
188 33
188 109
188 97
188 158
188 214
188 52
188 169
188 80
188 189
188 120
188 43
188 1
188 76
188 85
188 192
188 166
188 93
188 70
188 27
188 161
188 122
188 213
188 147
188 51
188 34
188 143
188 29
188 103
188 74
188 62
188 94
188 131
188 203
188 57
188 173
188 172
188 90
188 42
188 136
188 98
188 89
188 144
188 92
188 139
188 171
188 102
123 159
123 153
123 40
123 163
123 87
123 97
123 152
123 158
123 214
123 169
123 80
123 39
123 141
123 61
123 120
123 176
123 181
123 155
123 8
123 24
123 66
123 192
123 134
123 65
123 93
123 161
123 213
123 147
123 51
123 165
123 79
123 135
123 94
123 71
123 173
123 69
123 194
123 193
123 190
123 90
123 84
123 140
123 145
123 113
123 217
123 118
123 178
123 89
123 31
123 144
123 75
123 139
123 171
156 101
156 7
156 210
156 153
156 22
156 106
156 130
156 114
156 19
156 158
156 207
156 52
156 169
156 18
156 104
156 1
156 155
156 137
156 8
156 76
156 134
156 111
156 93
156 70
156 4
156 30
156 27
156 161
156 34
156 143
156 29
156 103
156 131
156 69
156 110
156 172
156 90
156 42
156 136
156 178
156 31
156 139
156 171
83 159
83 33
83 160
83 153
83 109
83 40
83 2
83 149
83 152
83 19
83 207
83 214
83 80
83 189
83 115
83 181
83 174
83 154
83 1
83 155
83 72
83 8
83 24
83 66
83 46
83 13
83 76
83 85
83 192
83 166
83 180
83 65
83 70
83 4
83 161
83 56
83 122
83 34
83 79
83 103
83 3
83 57
83 187
83 69
83 78
83 190
83 90
83 42
83 140
83 136
83 98
83 118
83 144
83 92
83 196
83 202
83 209
83 132
83 139
101 33
101 87
101 205
101 58
101 52
101 39
101 189
101 141
101 124
101 120
101 43
101 148
101 72
101 8
101 24
101 37
101 13
101 180
101 184
101 4
101 30
101 51
101 34
101 79
101 103
101 135
101 146
101 74
101 94
101 57
101 150
101 187
101 69
101 193
101 10
101 151
101 190
101 84
101 140
101 136
101 145
101 113
101 64
101 23
101 31
101 55
101 171
159 0
159 40
159 22
159 163
159 97
159 19
159 158
159 81
159 169
159 80
159 39
159 120
159 18
159 174
159 154
159 104
159 148
159 155
159 72
159 8
159 37
159 77
159 13
159 85
159 32
159 180
159 184
159 93
159 161
159 73
159 122
159 164
159 147
159 182
159 34
159 6
159 199
159 135
159 3
159 131
159 150
159 187
159 78
159 193
159 172
159 5
159 10
159 151
159 90
159 42
159 98
159 59
159 113
159 217
159 178
159 23
159 92
159 75
159 132
33 11
33 0
33 7
33 22
33 163
33 130
33 149
33 152
33 114
33 158
33 169
33 80
33 189
33 141
33 61
33 176
33 154
33 155
33 137
33 13
33 192
33 65
33 70
33 30
33 27
33 161
33 56
33 122
33 164
33 147
33 51
33 34
33 143
33 29
33 6
33 79
33 103
33 146
33 3
33 71
33 57
33 50
33 150
33 187
33 157
33 193
33 151
33 190
33 84
33 42
33 178
33 89
33 64
33 31
33 144
33 92
33 202
33 209
33 75
33 216
33 102
160 11
160 0
160 7
160 153
160 87
160 97
160 2
160 149
160 114
160 19
160 207
160 214
160 169
160 141
160 61
160 124
160 43
160 104
160 148
160 46
160 77
160 85
160 192
160 111
160 184
160 161
160 56
160 213
160 164
160 147
160 182
160 143
160 146
160 74
160 94
160 131
160 203
160 71
160 187
160 157
160 172
160 5
160 190
160 90
160 84
160 145
160 118
160 89
160 23
160 202
160 209
160 75
11 163
11 87
11 2
11 205
11 114
11 81
11 207
11 58
11 214
11 169
11 39
11 61
11 124
11 43
11 154
11 148
11 155
11 8
11 24
11 37
11 85
11 192
11 166
11 111
11 65
11 93
11 70
11 30
11 56
11 213
11 51
11 34
11 143
11 103
11 74
11 50
11 150
11 69
11 110
11 78
11 5
11 10
11 90
11 84
11 140
11 98
11 64
11 196
11 75
11 132
11 102
0 210
0 153
0 109
0 205
0 158
0 80
0 61
0 124
0 120
0 176
0 18
0 72
0 46
0 37
0 85
0 192
0 166
0 180
0 213
0 51
0 165
0 6
0 71
0 57
0 50
0 90
0 98
0 145
0 118
0 89
0 64
0 23
0 31
0 196
0 216
0 132
0 139
0 55
0 102
7 153
7 109
7 22
7 97
7 158
7 214
7 169
7 39
7 124
7 176
7 154
7 155
7 137
7 37
7 76
7 85
7 192
7 32
7 134
7 180
7 111
7 70
7 73
7 122
7 213
7 164
7 147
7 182
7 51
7 165
7 34
7 94
7 57
7 157
7 110
7 194
7 78
7 5
7 10
7 90
7 42
7 140
7 145
7 118
7 178
7 202
7 216
210 106
210 114
210 80
210 120
210 43
210 176
210 115
210 18
210 154
210 104
210 148
210 1
210 24
210 77
210 76
210 85
210 192
210 166
210 32
210 134
210 70
210 27
210 213
210 164
210 147
210 182
210 51
210 34
210 29
210 199
210 3
210 131
210 71
210 50
210 173
210 157
210 69
210 110
210 194
210 78
210 172
210 190
210 84
210 42
210 136
210 145
210 217
210 89
210 23
210 144
210 209
210 139
210 171
153 22
153 163
153 97
153 114
153 158
153 207
153 52
153 80
153 141
153 61
153 124
153 120
153 43
153 18
153 154
153 148
153 72
153 46
153 13
153 111
153 184
153 4
153 182
153 165
153 199
153 135
153 74
153 94
153 3
153 131
153 57
153 187
153 157
153 110
153 194
153 193
153 5
153 151
153 190
153 136
153 113
153 118
153 89
153 144
153 92
153 209
153 132
153 55
153 171
109 22
109 163
109 87
109 97
109 205
109 152
109 114
109 52
109 39
109 124
109 174
109 154
109 104
109 1
109 72
109 37
109 85
109 192
109 32
109 27
109 213
109 164
109 165
109 79
109 135
109 146
109 74
109 57
109 150
109 69
109 151
109 90
109 84
109 59
109 217
109 178
109 89
109 31
109 92
109 196
109 209
109 75
109 216
109 171
109 102
40 87
40 106
40 130
40 2
40 205
40 114
40 19
40 81
40 207
40 58
40 52
40 39
40 141
40 43
40 115
40 181
40 154
40 104
40 148
40 155
40 137
40 8
40 24
40 192
40 184
40 27
40 161
40 56
40 213
40 34
40 143
40 6
40 199
40 79
40 146
40 131
40 187
40 157
40 194
40 78
40 193
40 84
40 98
40 59
40 89
40 64
40 31
40 171
22 97
22 130
22 149
22 114
22 81
22 214
22 61
22 124
22 120
22 43
22 176
22 115
22 181
22 174
22 154
22 148
22 1
22 24
22 77
22 85
22 134
22 70
22 30
22 73
22 56
22 122
22 164
22 182
22 51
22 34
22 143
22 6
22 199
22 103
22 135
22 71
22 50
22 187
22 151
22 90
22 42
22 140
22 217
22 64
22 196
22 202
22 216
22 139
22 102
163 87
163 97
163 2
163 149
163 19
163 207
163 169
163 124
163 43
163 115
163 18
163 174
163 154
163 72
163 85
163 192
163 166
163 134
163 180
163 184
163 27
163 73
163 164
163 34
163 6
163 199
163 135
163 203
163 172
163 59
163 178
163 202
163 171
87 130
87 152
87 114
87 19
87 207
87 141
87 61
87 124
87 115
87 148
87 137
87 66
87 13
87 180
87 184
87 65
87 93
87 27
87 161
87 122
87 164
87 165
87 29
87 199
87 62
87 131
87 203
87 50
87 173
87 5
87 90
87 42
87 140
87 98
87 113
87 118
87 178
87 23
87 31
87 196
87 202
87 132
87 55
87 102
97 106
97 149
97 114
97 158
97 81
97 169
97 39
97 61
97 43
97 18
97 72
97 66
97 13
97 76
97 192
97 65
97 93
97 70
97 56
97 122
97 182
97 34
97 103
97 135
97 62
97 94
97 71
97 57
97 187
97 157
97 69
97 110
97 194
97 78
97 10
97 84
97 42
97 98
97 145
97 23
97 202
97 75
97 216
97 139
97 55
106 114
106 158
106 207
106 52
106 80
106 141
106 61
106 115
106 18
106 154
106 1
106 155
106 137
106 72
106 66
106 37
106 77
106 85
106 166
106 65
106 93
106 122
106 164
106 147
106 182
106 29
106 199
106 135
106 74
106 94
106 131
106 57
106 50
106 173
106 150
106 110
106 194
106 78
106 10
106 190
106 59
106 113
106 118
106 64
106 23
106 31
106 92
106 209
106 75
130 152
130 58
130 169
130 141
130 176
130 115
130 154
130 104
130 1
130 155
130 137
130 8
130 66
130 77
130 13
130 166
130 32
130 65
130 93
130 161
130 122
130 143
130 79
130 103
130 146
130 94
130 3
130 131
130 71
130 157
130 69
130 110
130 78
130 193
130 5
130 10
130 151
130 90
130 42
130 145
130 113
130 217
130 118
130 178
130 64
130 202
130 139
130 55
130 171
2 114
2 19
2 169
2 124
2 120
2 43
2 181
2 18
2 104
2 148
2 1
2 137
2 24
2 66
2 37
2 77
2 192
2 32
2 180
2 93
2 70
2 30
2 73
2 56
2 213
2 182
2 34
2 6
2 74
2 62
2 94
2 71
2 173
2 69
2 110
2 194
2 145
2 113
2 118
2 202
2 75
2 102
205 158
205 58
205 52
205 80
205 124
205 43
205 18
205 174
205 1
205 24
205 85
205 166
205 134
205 111
205 65
205 27
205 56
205 147
205 182
205 165
205 143
205 199
205 103
205 74
205 3
205 187
205 157
205 110
205 194
205 172
205 10
205 151
205 84
205 140
205 145
205 113
205 217
205 118
205 178
205 31
205 196
205 55
205 171
149 152
149 114
149 19
149 158
149 214
149 52
149 80
149 189
149 124
149 43
149 137
149 72
149 8
149 37
149 184
149 65
149 4
149 73
149 164
149 147
149 51
149 6
149 62
149 3
149 71
149 84
149 136
149 98
149 217
149 118
149 64
149 196
149 171
152 114
152 19
152 80
152 120
152 43
152 176
152 115
152 18
152 1
152 72
152 8
152 77
152 180
152 65
152 30
152 27
152 161
152 147
152 182
152 51
152 6
152 199
152 103
152 62
152 203
152 71
152 57
152 187
152 69
152 78
152 140
152 136
152 98
152 145
152 59
152 217
152 118
152 64
152 23
152 144
152 202
152 216
152 55
152 171
152 102
114 19
114 207
114 214
114 39
114 141
114 115
114 181
114 148
114 8
114 66
114 37
114 77
114 85
114 192
114 166
114 32
114 184
114 27
114 161
114 56
114 164
114 165
114 143
114 29
114 146
114 94
114 57
114 150
114 187
114 172
114 151
114 190
114 90
114 136
114 98
114 113
114 217
114 118
114 178
114 64
114 75
114 216
114 171
19 158
19 214
19 52
19 189
19 141
19 120
19 176
19 181
19 104
19 148
19 72
19 8
19 24
19 37
19 13
19 76
19 85
19 166
19 32
19 134
19 111
19 93
19 4
19 27
19 122
19 213
19 165
19 34
19 29
19 6
19 79
19 146
19 3
19 71
19 50
19 172
19 90
19 140
19 98
19 59
19 64
19 31
19 196
19 75
19 216
19 132
19 139
19 171
158 52
158 61
158 18
158 174
158 137
158 72
158 24
158 13
158 111
158 184
158 93
158 56
158 164
158 182
158 34
158 199
158 79
158 146
158 74
158 94
158 131
158 203
158 57
158 193
158 172
158 5
158 190
158 145
158 178
158 23
158 31
158 92
158 139
81 80
81 189
81 124
81 120
81 176
81 154
81 137
81 72
81 8
81 24
81 66
81 37
81 77
81 184
81 65
81 70
81 161
81 122
81 213
81 147
81 34
81 135
81 94
81 131
81 173
81 150
81 157
81 194
81 172
81 151
81 90
81 84
81 42
81 140
81 89
81 202
81 209
81 216
207 52
207 124
207 120
207 176
207 115
207 181
207 18
207 148
207 137
207 46
207 13
207 76
207 85
207 111
207 93
207 4
207 30
207 73
207 122
207 147
207 29
207 79
207 146
207 74
207 62
207 71
207 173
207 150
207 157
207 151
207 145
207 113
207 23
207 31
207 209
207 75
207 216
207 132
207 171
58 52
58 120
58 154
58 72
58 8
58 24
58 76
58 85
58 32
58 134
58 180
58 70
58 30
58 56
58 147
58 182
58 29
58 199
58 103
58 135
58 62
58 131
58 57
58 173
58 69
58 194
58 172
58 190
58 140
58 98
58 113
58 118
58 178
58 89
58 23
58 92
58 196
58 132
58 55
58 171
214 141
214 120
214 176
214 18
214 104
214 155
214 72
214 24
214 46
214 77
214 85
214 184
214 93
214 161
214 73
214 122
214 147
214 165
214 29
214 79
214 103
214 135
214 3
214 57
214 50
214 110
214 78
214 193
214 90
214 136
214 217
214 118
214 144
214 202
214 209
214 132
52 80
52 124
52 120
52 176
52 174
52 148
52 155
52 46
52 77
52 76
52 85
52 134
52 111
52 65
52 4
52 164
52 147
52 182
52 6
52 79
52 103
52 135
52 74
52 150
52 187
52 157
52 69
52 194
52 78
52 193
52 5
52 42
52 145
52 178
52 92
52 216
52 132
52 139
169 120
169 176
169 1
169 137
169 24
169 46
169 76
169 85
169 32
169 134
169 180
169 93
169 4
169 30
169 56
169 182
169 51
169 34
169 199
169 71
169 50
169 173
169 194
169 78
169 193
169 172
169 42
169 98
169 217
169 89
169 64
169 31
169 92
169 75
169 216
169 102
80 189
80 61
80 120
80 176
80 18
80 154
80 137
80 24
80 77
80 13
80 30
80 161
80 73
80 6
80 103
80 62
80 94
80 3
80 150
80 187
80 194
80 78
80 140
80 136
80 59
80 118
80 64
80 31
80 144
80 75
80 216
80 132
80 171
80 102
39 189
39 120
39 181
39 18
39 104
39 8
39 24
39 13
39 166
39 32
39 134
39 180
39 111
39 93
39 4
39 27
39 73
39 56
39 213
39 34
39 143
39 6
39 79
39 146
39 62
39 203
39 57
39 50
39 173
39 150
39 187
39 69
39 190
39 84
39 98
39 113
39 217
39 118
39 64
39 139
39 171
39 102
189 176
189 8
189 66
189 46
189 32
189 134
189 30
189 213
189 182
189 51
189 143
189 29
189 199
189 79
189 3
189 150
189 187
189 157
189 69
189 110
189 194
189 98
189 145
189 217
189 89
189 64
189 92
189 202
189 209
189 139
189 102
141 43
141 176
141 104
141 148
141 1
141 137
141 72
141 66
141 46
141 37
141 13
141 76
141 166
141 180
141 93
141 56
141 122
141 199
141 79
141 94
141 3
141 203
141 50
141 173
141 193
141 172
141 5
141 190
141 42
141 145
141 178
141 64
141 31
141 144
141 202
141 171
61 124
61 43
61 181
61 154
61 104
61 66
61 46
61 192
61 166
61 32
61 134
61 180
61 65
61 30
61 164
61 147
61 182
61 34
61 143
61 135
61 146
61 62
61 3
61 131
61 50
61 150
61 78
61 172
61 90
61 98
61 113
61 23
61 144
61 92
61 216
61 132
61 139
61 55
124 181
124 18
124 148
124 1
124 66
124 46
124 76
124 184
124 65
124 27
124 161
124 56
124 165
124 143
124 29
124 6
124 199
124 79
124 146
124 74
124 131
124 203
124 71
124 150
124 5
124 10
124 90
124 42
124 140
124 98
124 145
124 113
124 89
124 23
124 31
124 92
124 202
120 43
120 176
120 18
120 8
120 66
120 46
120 37
120 180
120 111
120 70
120 27
120 56
120 143
120 29
120 199
120 79
120 103
120 135
120 146
120 74
120 62
120 3
120 131
120 203
120 71
120 173
120 187
120 110
120 194
120 190
120 84
120 42
120 98
120 145
120 59
120 113
120 118
120 64
120 144
120 132
120 171
120 102
43 176
43 115
43 18
43 104
43 1
43 8
43 24
43 66
43 13
43 134
43 180
43 65
43 93
43 122
43 213
43 164
43 182
43 51
43 6
43 79
43 103
43 94
43 71
43 173
43 157
43 69
43 110
43 78
43 193
43 10
43 84
43 98
43 59
43 113
43 118
43 178
43 92
43 202
43 216
43 132
43 102
176 174
176 154
176 148
176 1
176 72
176 24
176 46
176 13
176 166
176 70
176 27
176 161
176 73
176 164
176 165
176 143
176 6
176 199
176 79
176 103
176 146
176 94
176 71
176 78
176 5
176 190
176 84
176 140
176 113
176 118
176 64
176 31
176 196
176 55
115 154
115 104
115 72
115 8
115 24
115 66
115 46
115 37
115 85
115 32
115 134
115 180
115 184
115 70
115 4
115 30
115 27
115 165
115 103
115 135
115 94
115 57
115 173
115 187
115 69
115 78
115 172
115 5
115 190
115 90
115 42
115 136
115 145
115 217
115 89
115 202
115 132
181 174
181 1
181 155
181 137
181 66
181 37
181 166
181 32
181 134
181 93
181 27
181 56
181 164
181 147
181 182
181 165
181 29
181 79
181 103
181 135
181 146
181 131
181 57
181 69
181 172
181 90
181 84
181 140
181 136
181 144
181 202
181 75
181 132
181 55
18 174
18 1
18 155
18 137
18 66
18 166
18 32
18 111
18 184
18 65
18 93
18 161
18 51
18 6
18 79
18 135
18 62
18 3
18 131
18 203
18 50
18 150
18 157
18 78
18 190
18 98
18 59
18 113
18 217
18 118
18 89
18 64
18 144
18 92
18 202
18 209
18 75
18 132
18 139
18 102
174 1
174 72
174 8
174 66
174 85
174 166
174 180
174 184
174 70
174 4
174 73
174 51
174 6
174 199
174 103
174 62
174 3
174 71
174 150
174 157
174 10
174 90
174 140
174 136
174 59
174 113
174 178
174 23
174 31
174 202
174 139
154 148
154 24
154 66
154 76
154 85
154 166
154 134
154 30
154 165
154 199
154 79
154 94
154 131
154 203
154 50
154 173
154 150
154 69
154 194
154 78
154 151
154 90
154 42
154 140
154 145
154 59
154 217
154 23
154 92
154 196
154 202
154 216
154 132
154 55
154 171
154 102
104 1
104 72
104 8
104 24
104 77
104 65
104 93
104 4
104 161
104 73
104 213
104 182
104 34
104 143
104 29
104 199
104 62
104 203
104 57
104 150
104 157
104 69
104 110
104 78
104 193
104 5
104 136
104 98
104 217
104 89
104 144
104 216
104 171
104 102
148 1
148 8
148 46
148 37
148 76
148 85
148 180
148 111
148 93
148 30
148 27
148 161
148 73
148 122
148 147
148 165
148 6
148 199
148 79
148 103
148 74
148 3
148 203
148 187
148 69
148 194
148 78
148 193
148 172
148 5
148 10
148 151
148 140
148 136
148 145
148 113
148 217
148 89
148 31
148 144
148 92
148 75
148 55
1 137
1 13
1 76
1 85
1 166
1 32
1 180
1 111
1 65
1 93
1 27
1 73
1 122
1 213
1 6
1 79
1 74
1 150
1 90
1 145
1 217
1 118
1 64
1 23
1 31
1 202
1 216
1 139
1 55
1 171
155 24
155 77
155 13
155 192
155 134
155 180
155 111
155 93
155 70
155 73
155 122
155 182
155 79
155 135
155 74
155 62
155 173
155 151
155 42
155 136
155 59
155 118
155 178
155 89
155 23
155 31
155 92
155 202
155 209
155 132
155 171
137 24
137 66
137 192
137 166
137 180
137 184
137 93
137 27
137 56
137 182
137 51
137 34
137 143
137 6
137 79
137 103
137 146
137 74
137 131
137 57
137 150
137 69
137 172
137 190
137 136
137 59
137 217
137 89
137 144
137 202
137 209
137 75
137 132
137 55
137 171
72 24
72 66
72 111
72 184
72 56
72 122
72 164
72 165
72 143
72 79
72 146
72 62
72 131
72 203
72 57
72 50
72 194
72 193
72 172
72 5
72 190
72 140
72 98
72 59
72 217
72 118
72 178
72 23
72 31
72 196
72 75
72 171
8 24
8 46
8 76
8 180
8 70
8 30
8 122
8 213
8 165
8 6
8 199
8 79
8 135
8 3
8 50
8 173
8 150
8 157
8 69
8 110
8 194
8 172
8 10
8 151
8 90
8 42
8 140
8 136
8 98
8 145
8 217
8 64
8 23
8 92
8 196
8 202
8 132
8 171
24 66
24 46
24 192
24 32
24 184
24 93
24 4
24 73
24 147
24 79
24 62
24 94
24 131
24 203
24 57
24 50
24 150
24 69
24 194
24 10
24 136
24 64
24 144
24 92
24 75
24 55
66 134
66 184
66 4
66 30
66 73
66 56
66 122
66 182
66 51
66 34
66 29
66 94
66 203
66 173
66 187
66 69
66 172
66 90
66 42
66 140
66 145
66 113
66 118
66 89
66 75
66 216
66 139
46 166
46 32
46 93
46 70
46 27
46 161
46 73
46 56
46 122
46 213
46 147
46 34
46 29
46 146
46 62
46 131
46 173
46 110
46 193
46 172
46 90
46 84
46 42
46 136
46 98
46 145
46 59
46 217
46 31
46 144
46 196
46 139
46 171
37 76
37 166
37 32
37 134
37 111
37 65
37 161
37 147
37 182
37 29
37 6
37 199
37 135
37 74
37 62
37 173
37 110
37 78
37 193
37 10
37 59
37 217
37 31
37 144
37 92
37 216
37 55
37 171
77 76
77 166
77 134
77 4
77 30
77 161
77 213
77 6
77 199
77 79
77 74
77 62
77 94
77 71
77 57
77 173
77 5
77 151
77 90
77 84
77 42
77 140
77 145
77 113
77 217
77 64
77 23
77 216
77 132
77 55
77 102
13 134
13 180
13 93
13 70
13 4
13 56
13 164
13 147
13 51
13 146
13 3
13 203
13 50
13 157
13 69
13 194
13 193
13 172
13 151
13 90
13 42
13 140
13 136
13 145
13 59
13 113
13 118
13 196
13 202
13 216
13 139
76 85
76 192
76 166
76 32
76 134
76 70
76 30
76 27
76 56
76 34
76 29
76 150
76 157
76 69
76 110
76 194
76 78
76 5
76 190
76 42
76 98
76 113
76 31
76 92
76 209
76 132
76 171
76 102
85 192
85 93
85 27
85 161
85 73
85 122
85 6
85 79
85 135
85 3
85 203
85 110
85 172
85 98
85 145
85 113
85 217
85 118
85 89
85 31
85 92
85 209
85 216
85 139
192 134
192 93
192 4
192 161
192 182
192 51
192 29
192 135
192 146
192 94
192 3
192 173
192 110
192 194
192 10
192 151
192 190
192 90
192 84
192 42
192 136
192 217
192 64
192 144
192 202
192 216
192 139
166 32
166 30
166 73
166 122
166 213
166 164
166 51
166 165
166 34
166 29
166 103
166 146
166 74
166 94
166 3
166 203
166 71
166 57
166 50
166 187
166 69
166 78
166 151
166 90
166 84
166 140
166 98
166 59
166 113
166 118
166 178
166 23
166 92
166 202
166 132
166 171
32 180
32 65
32 93
32 70
32 27
32 56
32 122
32 164
32 147
32 165
32 34
32 6
32 135
32 203
32 50
32 193
32 10
32 151
32 140
32 217
32 23
32 31
32 92
32 202
32 132
32 55
134 180
134 70
134 27
134 161
134 73
134 56
134 213
134 164
134 34
134 29
134 103
134 135
134 71
134 173
134 150
134 157
134 69
134 78
134 193
134 10
134 90
134 140
134 98
134 89
134 23
134 216
134 132
134 139
134 55
134 102
180 70
180 30
180 27
180 29
180 6
180 199
180 79
180 94
180 131
180 50
180 173
180 150
180 69
180 78
180 193
180 190
180 59
180 113
180 92
180 202
180 132
180 139
180 102
111 30
111 73
111 51
111 29
111 199
111 57
111 157
111 193
111 151
111 90
111 98
111 118
111 89
111 64
111 92
111 171
184 164
184 182
184 51
184 29
184 6
184 62
184 94
184 131
184 203
184 71
184 150
184 157
184 10
184 140
184 59
184 217
184 118
184 75
184 132
184 171
184 102
65 56
65 147
65 143
65 199
65 103
65 62
65 203
65 71
65 50
65 187
65 110
65 172
65 10
65 90
65 140
65 136
65 145
65 89
65 144
65 216
93 4
93 161
93 56
93 182
93 165
93 34
93 143
93 29
93 199
93 79
93 103
93 135
93 146
93 74
93 94
93 131
93 50
93 173
93 187
93 157
93 10
93 151
93 90
93 84
93 136
93 118
93 64
93 23
93 92
93 196
93 75
93 216
93 139
93 55
93 102
70 4
70 30
70 27
70 164
70 182
70 6
70 199
70 79
70 103
70 94
70 131
70 203
70 71
70 150
70 157
70 69
70 78
70 193
70 10
70 84
70 136
70 145
70 59
70 178
70 23
70 31
70 132
70 139
70 171
4 73
4 122
4 147
4 165
4 34
4 143
4 62
4 3
4 131
4 203
4 57
4 173
4 187
4 157
4 78
4 193
4 90
4 42
4 140
4 113
4 217
4 118
4 178
4 64
4 23
4 31
4 92
4 209
4 75
4 132
4 139
4 102
30 73
30 147
30 34
30 143
30 103
30 94
30 131
30 173
30 187
30 69
30 78
30 193
30 5
30 113
30 144
30 196
30 132
30 139
30 102
27 73
27 56
27 147
27 182
27 51
27 29
27 6
27 199
27 79
27 62
27 94
27 3
27 57
27 50
27 173
27 157
27 110
27 194
27 78
27 193
27 172
27 90
27 84
27 42
27 140
27 113
27 89
27 23
27 31
27 171
27 102
161 122
161 164
161 147
161 182
161 165
161 143
161 79
161 74
161 131
161 71
161 57
161 173
161 69
161 110
161 194
161 190
161 90
161 42
161 113
161 217
161 144
161 75
161 216
161 132
161 55
161 171
161 102
73 56
73 213
73 34
73 143
73 29
73 199
73 74
73 3
73 50
73 187
73 157
73 78
73 5
73 151
73 113
73 64
73 31
73 144
73 132
73 139
73 102
56 122
56 147
56 182
56 34
56 29
56 79
56 103
56 74
56 94
56 3
56 131
56 203
56 71
56 50
56 187
56 157
56 78
56 193
56 151
56 84
56 217
56 118
56 178
56 89
56 64
56 23
56 196
56 209
56 55
56 102
122 213
122 182
122 51
122 34
122 143
122 29
122 103
122 3
122 57
122 110
122 98
122 145
122 59
122 118
122 178
122 64
122 144
122 55
122 102
213 182
213 6
213 79
213 94
213 3
213 71
213 50
213 173
213 150
213 157
213 69
213 194
213 190
213 84
213 136
213 178
213 31
213 202
213 209
213 139
213 55
213 171
213 102
164 182
164 51
164 165
164 29
164 6
164 79
164 135
164 203
164 50
164 173
164 194
164 5
164 140
164 145
164 217
164 118
164 64
164 31
164 92
164 202
164 139
147 34
147 143
147 199
147 79
147 62
147 131
147 203
147 69
147 110
147 194
147 172
147 10
147 151
147 90
147 118
147 64
147 144
147 209
147 171
147 102
182 6
182 135
182 146
182 74
182 203
182 50
182 150
182 69
182 78
182 193
182 90
182 84
182 145
182 118
182 92
182 202
182 209
182 75
182 132
51 29
51 135
51 146
51 203
51 57
51 173
51 150
51 110
51 194
51 78
51 193
51 5
51 151
51 136
51 98
51 113
51 217
51 118
51 178
51 23
51 209
51 132
51 102
165 29
165 6
165 79
165 135
165 203
165 173
165 157
165 69
165 110
165 193
165 151
165 190
165 140
165 145
165 118
165 178
165 89
165 196
165 202
165 216
165 171
34 3
34 131
34 203
34 57
34 150
34 157
34 69
34 110
34 78
34 193
34 10
34 190
34 90
34 84
34 42
34 98
34 178
34 23
34 75
34 132
34 102
143 6
143 199
143 62
143 3
143 173
143 69
143 194
143 193
143 5
143 84
143 140
143 145
143 89
143 64
143 196
143 75
143 139
29 199
29 146
29 74
29 131
29 71
29 57
29 50
29 150
29 69
29 194
29 140
29 98
29 145
29 59
29 217
29 144
29 202
29 216
29 55
29 102
6 199
6 79
6 74
6 203
6 110
6 5
6 151
6 140
6 136
6 98
6 59
6 217
6 89
6 64
6 23
6 31
6 144
6 75
6 216
6 139
199 103
199 135
199 146
199 3
199 150
199 110
199 194
199 172
199 151
199 90
199 98
199 145
199 113
199 178
199 64
199 92
199 75
199 132
199 171
79 135
79 74
79 131
79 71
79 57
79 187
79 194
79 78
79 193
79 140
79 59
79 113
79 64
79 23
79 209
79 75
79 216
79 132
79 139
79 102
103 94
103 173
103 150
103 157
103 194
103 172
103 5
103 151
103 190
103 90
103 140
103 59
103 217
103 89
103 23
103 196
103 75
135 3
135 131
135 71
135 150
135 110
135 10
135 151
135 190
135 140
135 59
135 113
135 31
135 92
135 202
135 75
135 132
135 139
135 171
135 102
146 94
146 131
146 50
146 187
146 157
146 110
146 194
146 172
146 5
146 190
146 90
146 98
146 145
146 113
146 118
146 89
146 92
146 196
146 209
146 216
146 132
146 102
74 131
74 173
74 150
74 187
74 193
74 10
74 190
74 90
74 217
74 209
74 75
62 57
62 173
62 69
62 194
62 193
62 172
62 190
62 90
62 84
62 140
62 98
62 145
62 113
62 118
62 31
62 144
62 92
62 209
62 75
62 216
62 55
62 102
94 71
94 150
94 69
94 194
94 193
94 190
94 42
94 140
94 59
94 113
94 217
94 178
94 202
94 216
94 132
94 139
94 102
3 131
3 50
3 110
3 78
3 172
3 190
3 84
3 42
3 136
3 113
3 217
3 31
3 144
3 92
3 202
3 209
3 75
3 216
3 171
131 71
131 50
131 69
131 78
131 193
131 172
131 190
131 136
131 98
131 145
131 59
131 113
131 118
131 178
131 64
131 23
131 55
203 71
203 150
203 157
203 194
203 78
203 5
203 140
203 118
203 89
203 23
203 92
203 196
203 132
203 55
71 57
71 50
71 150
71 187
71 157
71 78
71 172
71 136
71 98
71 217
71 178
71 216
71 132
71 139
71 55
57 173
57 194
57 10
57 151
57 190
57 90
57 59
57 118
57 89
57 31
57 144
57 55
57 102
50 193
50 136
50 145
50 59
50 118
50 178
50 144
50 92
50 202
50 216
50 132
173 157
173 193
173 172
173 190
173 23
173 196
173 139
150 187
150 69
150 78
150 172
150 5
150 140
150 59
150 217
150 118
150 178
150 144
150 75
150 132
150 171
150 102
187 157
187 110
187 78
187 5
187 190
187 98
187 178
187 64
187 23
187 144
187 196
187 202
187 75
187 132
187 139
187 55
157 78
157 193
157 172
157 151
157 90
157 84
157 42
157 140
157 98
157 59
157 23
157 92
157 202
157 75
69 110
69 194
69 193
69 190
69 42
69 140
69 136
69 98
69 118
69 178
69 92
69 196
69 202
69 75
69 216
69 132
69 171
110 194
110 172
110 42
110 136
110 217
110 178
110 89
110 196
110 202
110 75
110 55
194 78
194 10
194 151
194 190
194 140
194 98
194 145
194 59
194 113
194 23
194 31
194 202
194 102
78 172
78 151
78 42
78 98
78 145
78 59
78 217
78 92
78 202
78 209
78 139
78 55
78 171
193 172
193 151
193 42
193 59
193 217
193 23
193 92
193 196
193 171
172 151
172 140
172 59
172 113
172 178
172 202
172 216
5 151
5 90
5 84
5 140
5 59
5 178
5 23
5 202
5 209
5 75
5 216
5 171
10 98
10 59
10 113
10 178
10 89
10 23
10 144
10 209
10 75
10 216
10 55
151 84
151 140
151 98
151 118
151 178
151 89
151 64
151 23
151 31
151 196
151 202
151 75
151 216
151 55
151 171
190 90
190 42
190 98
190 145
190 59
190 64
190 196
190 209
190 132
190 171
190 102
90 84
90 42
90 59
90 113
90 217
90 23
90 196
90 171
84 145
84 113
84 89
84 64
84 31
84 144
84 202
84 209
84 75
84 132
84 139
84 102
42 136
42 98
42 178
42 64
42 216
42 132
42 55
42 102
140 118
140 23
140 202
140 209
140 139
140 171
136 23
136 202
136 216
136 132
136 55
98 113
98 118
98 31
98 92
98 196
98 209
98 216
145 217
145 118
145 23
145 92
145 202
145 75
59 118
59 178
59 92
59 216
59 132
59 171
59 102
113 118
113 89
113 23
113 144
113 216
113 102
217 118
217 209
217 132
217 139
217 171
118 31
118 92
118 202
118 75
118 132
118 55
118 102
178 92
178 196
178 209
178 139
178 55
89 64
89 31
89 92
64 31
64 196
64 202
64 216
64 132
64 139
64 171
23 209
23 75
23 216
23 139
23 55
31 144
31 132
31 139
31 55
31 171
144 92
144 209
144 216
144 139
144 102
92 196
92 75
92 139
92 55
92 102
196 209
196 132
196 171
202 171
209 132
209 171
75 216
216 55
216 171
132 171
139 171
171 102
