*verties 198
56
30
127
119
57
126
165
51
48
147
172
182
136
193
204
102
1
18
134
156
103
90
106
188
82
50
160
179
153
114
74
11
76
148
67
218
128
173
181
84
129
40
168
27
199
7
132
13
41
58
174
8
197
61
143
191
12
6
178
20
107
24
216
0
171
45
169
19
125
72
203
162
180
63
105
3
112
163
144
70
91
152
80
137
177
167
16
196
154
17
23
104
25
113
192
198
43
175
145
110
65
83
98
31
39
117
32
157
37
95
155
184
55
4
35
26
71
214
9
158
88
34
183
5
2
92
213
139
133
140
10
29
161
44
77
130
38
211
122
219
131
210
202
93
21
36
201
87
212
166
205
115
101
200
64
100
189
215
89
141
42
54
149
124
195
187
142
94
159
170
73
68
176
118
53
123
146
59
208
207
186
138
15
121
75
60
135
151
46
79
49
209
47
62
78
66
108
28
*edges 
56 127
56 51
56 204
56 1
56 82
56 179
56 114
56 11
56 76
56 148
56 128
56 84
56 174
56 8
56 169
56 70
56 80
56 154
56 117
56 32
56 9
56 130
56 211
56 21
56 75
56 28
30 147
30 102
30 168
30 143
30 12
30 20
30 3
30 112
30 177
30 175
30 55
30 2
30 213
30 201
30 215
30 42
30 209
30 47
127 193
127 1
127 18
127 90
127 76
127 8
127 143
127 216
127 3
127 177
127 16
127 196
127 23
127 104
127 192
127 43
127 110
127 117
127 35
127 2
127 213
127 21
127 36
127 100
127 189
127 141
127 159
127 47
119 147
119 193
119 134
119 90
119 179
119 148
119 173
119 41
119 197
119 61
119 178
119 20
119 23
119 65
119 31
119 184
119 214
119 34
119 93
119 42
119 54
119 187
119 94
119 68
119 208
57 147
57 18
57 134
57 156
57 50
57 148
57 168
57 12
57 178
57 24
57 45
57 19
57 125
57 63
57 80
57 137
57 23
57 25
57 145
57 83
57 32
57 55
57 214
57 158
57 29
57 87
57 205
57 187
57 75
57 151
57 209
126 48
126 106
126 84
126 27
126 174
126 8
126 61
126 171
126 203
126 144
126 137
126 177
126 104
126 39
126 117
126 9
126 29
126 44
126 77
126 211
126 202
126 21
126 166
126 100
126 195
126 170
126 73
126 68
126 79
165 182
165 67
165 218
165 181
165 7
165 45
165 112
165 17
165 25
165 65
165 37
165 4
165 133
165 77
165 38
165 210
165 195
165 94
165 170
165 176
165 118
165 59
165 15
165 151
165 46
51 136
51 218
51 7
51 24
51 171
51 45
51 112
51 80
51 137
51 17
51 104
51 198
51 32
51 4
51 214
51 92
51 140
51 77
51 38
51 115
51 42
51 195
51 142
51 170
51 135
51 79
51 66
48 204
48 106
48 181
48 168
48 199
48 13
48 143
48 191
48 19
48 125
48 203
48 112
48 91
48 167
48 154
48 198
48 43
48 83
48 55
48 35
48 214
48 139
48 133
48 10
48 101
48 89
48 54
48 124
48 170
48 118
48 146
48 59
48 66
147 168
147 132
147 41
147 6
147 20
147 107
147 0
147 72
147 80
147 83
147 31
147 32
147 157
147 35
147 92
147 64
147 215
147 42
147 170
147 68
147 146
147 186
147 138
147 121
147 75
147 151
172 82
172 153
172 7
172 41
172 197
172 143
172 72
172 180
172 91
172 137
172 104
172 31
172 184
172 26
172 139
172 140
172 161
172 210
172 205
172 189
172 159
172 123
172 208
172 186
172 15
172 60
172 135
182 102
182 1
182 18
182 106
182 13
182 8
182 24
182 180
182 3
182 23
182 4
182 214
182 211
182 219
182 93
182 200
182 187
182 75
182 60
182 79
182 62
136 204
136 106
136 129
136 178
136 24
136 63
136 137
136 17
136 25
136 192
136 175
136 83
136 157
136 139
136 44
136 200
136 141
136 138
193 1
193 188
193 50
193 153
193 148
193 13
193 61
193 24
193 3
193 196
193 113
193 175
193 98
193 95
193 71
193 88
193 183
193 2
193 161
193 219
193 115
193 101
193 141
193 195
193 118
193 53
193 108
204 103
204 74
204 174
204 143
204 178
204 72
204 152
204 71
204 161
204 21
204 212
204 115
204 200
204 189
204 207
204 186
204 138
204 15
204 108
102 82
102 76
102 181
102 6
102 45
102 163
102 70
102 17
102 65
102 4
102 26
102 5
102 140
102 42
102 146
102 59
102 209
1 106
1 50
1 160
1 179
1 218
1 197
1 107
1 19
1 72
1 105
1 91
1 167
1 16
1 196
1 23
1 198
1 9
1 158
1 183
1 2
1 200
1 64
1 142
1 94
1 159
1 73
1 68
1 209
18 103
18 160
18 153
18 74
18 181
18 40
18 168
18 132
18 112
18 70
18 43
18 83
18 92
18 10
18 44
18 201
18 215
18 208
18 186
18 151
18 108
134 156
134 82
134 114
134 218
134 7
134 41
134 174
134 203
134 70
134 91
134 17
134 83
134 32
134 26
134 9
134 158
134 44
134 77
134 219
134 21
134 205
134 101
134 124
134 94
134 176
134 123
134 208
134 186
134 62
134 108
156 90
156 106
156 179
156 153
156 114
156 27
156 7
156 107
156 70
156 137
156 43
156 145
156 110
156 65
156 95
156 5
156 92
156 10
156 212
156 141
156 195
156 186
156 46
156 209
156 66
103 197
103 63
103 17
103 23
103 157
103 34
103 183
103 2
103 140
103 10
103 38
103 202
103 212
103 115
103 200
103 159
103 123
103 121
103 79
103 47
90 106
90 179
90 67
90 58
90 61
90 6
90 178
90 45
90 175
90 110
90 29
90 38
90 93
90 87
90 101
90 200
90 215
90 195
90 187
90 142
90 53
90 186
90 15
90 75
90 46
90 47
106 168
106 27
106 61
106 178
106 72
106 112
106 144
106 23
106 192
106 198
106 145
106 214
106 34
106 2
106 139
106 133
106 140
106 215
106 159
106 53
106 121
106 46
106 28
188 105
188 3
188 152
188 167
188 65
188 155
188 35
188 158
188 183
188 2
188 213
188 161
188 38
188 219
188 131
188 89
188 141
188 15
188 60
188 79
188 66
82 114
82 218
82 40
82 168
82 27
82 197
82 191
82 171
82 180
82 23
82 113
82 198
82 145
82 37
82 93
82 36
82 89
82 135
82 209
50 153
50 84
50 27
50 8
50 3
50 91
50 23
50 104
50 175
50 117
50 155
50 9
50 88
50 5
50 213
50 219
50 87
50 189
50 141
50 124
50 187
50 176
50 53
50 146
50 208
50 186
160 148
160 173
160 168
160 27
160 7
160 191
160 178
160 0
160 72
160 203
160 63
160 152
160 137
160 177
160 23
160 113
160 145
160 98
160 4
160 35
160 5
160 29
160 130
160 36
160 189
160 149
160 73
160 186
160 75
160 60
160 49
160 62
179 67
179 40
179 191
179 0
179 45
179 125
179 203
179 63
179 98
179 157
179 155
179 34
179 210
179 93
179 87
179 100
179 54
179 159
179 170
179 207
179 15
179 78
153 173
153 13
153 41
153 8
153 197
153 20
153 171
153 162
153 17
153 198
153 43
153 145
153 95
153 35
153 26
153 77
153 219
153 21
153 205
153 215
153 141
153 195
153 94
153 123
153 78
114 132
114 41
114 169
114 125
114 162
114 16
114 110
114 37
114 4
114 214
114 34
114 2
114 213
114 44
114 131
114 21
114 215
114 151
114 66
74 76
74 168
74 132
74 171
74 19
74 196
74 25
74 110
74 95
74 155
74 184
74 4
74 26
74 214
74 88
74 133
74 77
74 202
74 36
74 87
74 205
74 64
74 100
74 89
74 54
74 124
74 73
74 59
74 47
11 173
11 191
11 216
11 169
11 72
11 91
11 23
11 175
11 65
11 157
11 37
11 26
11 9
11 161
11 130
11 38
11 219
11 141
11 59
11 121
11 47
11 62
11 28
76 7
76 162
76 180
76 163
76 137
76 167
76 117
76 183
76 130
76 38
76 93
76 87
76 187
76 170
76 138
76 46
76 47
76 62
148 7
148 169
148 203
148 95
148 155
148 55
148 35
148 71
148 34
148 183
148 92
148 139
148 122
148 210
148 36
148 201
148 212
148 142
148 186
148 135
67 128
67 40
67 191
67 163
67 91
67 155
67 35
67 88
67 92
67 87
67 205
67 215
67 42
67 94
67 15
67 79
67 209
218 128
218 173
218 84
218 129
218 58
218 143
218 20
218 0
218 104
218 198
218 175
218 65
218 83
218 157
218 184
218 26
218 9
218 88
218 10
218 131
218 149
218 207
218 135
218 209
218 108
128 40
128 199
128 143
128 171
128 45
128 125
128 152
128 16
128 65
128 98
128 117
128 9
128 88
128 5
128 211
128 122
128 101
128 64
128 54
128 176
128 208
128 151
128 79
173 197
173 178
173 203
173 162
173 144
173 70
173 91
173 137
173 177
173 25
173 43
173 157
173 88
173 2
173 29
173 44
173 131
173 210
173 115
173 42
173 123
173 208
173 15
173 75
181 168
181 27
181 174
181 8
181 61
181 12
181 6
181 169
181 19
181 125
181 203
181 180
181 152
181 17
181 113
181 117
181 37
181 155
181 35
181 158
181 122
181 93
181 166
181 200
181 100
181 186
181 138
181 15
181 62
181 66
181 28
84 41
84 20
84 125
84 91
84 177
84 196
84 133
84 29
84 161
84 166
84 42
84 149
84 170
84 118
84 207
84 46
84 47
84 28
129 13
129 171
129 125
129 70
129 91
129 152
129 31
129 32
129 157
129 35
129 2
129 93
129 200
129 42
129 146
129 60
129 79
129 49
129 47
129 78
40 168
40 7
40 8
40 20
40 107
40 24
40 0
40 169
40 125
40 162
40 105
40 91
40 198
40 145
40 98
40 157
40 95
40 184
40 214
40 77
40 21
40 166
40 124
40 176
40 15
40 135
40 209
168 7
168 20
168 91
168 23
168 113
168 31
168 32
168 37
168 95
168 9
168 139
168 211
168 215
168 124
168 195
168 142
168 53
168 186
168 47
168 62
27 7
27 174
27 3
27 70
27 104
27 198
27 32
27 71
27 140
27 77
27 205
27 101
27 200
27 100
27 54
27 187
27 53
27 146
27 47
199 197
199 107
199 19
199 203
199 137
199 25
199 83
199 39
199 37
199 26
199 34
199 44
199 21
199 89
199 151
199 209
199 78
7 6
7 20
7 107
7 91
7 198
7 140
7 10
7 93
7 212
7 54
7 195
7 187
7 159
7 118
7 60
7 79
7 49
132 4
132 29
132 93
132 212
132 115
132 64
132 54
132 159
132 170
132 146
132 186
13 41
13 45
13 105
13 80
13 177
13 113
13 31
13 4
13 161
13 189
13 94
13 73
13 68
13 138
13 49
41 107
41 112
41 91
41 177
41 154
41 17
41 43
41 65
41 157
41 37
41 139
41 10
41 210
41 93
41 89
41 42
41 142
41 138
41 15
41 46
41 49
41 209
41 66
58 20
58 216
58 3
58 177
58 104
58 155
58 213
58 140
58 29
58 161
58 210
58 93
58 205
58 170
58 186
58 121
58 47
58 108
174 12
174 178
174 171
174 125
174 112
174 70
174 37
174 4
174 183
174 139
174 140
174 130
174 38
174 21
174 166
174 115
174 42
174 124
174 73
174 146
174 59
174 207
174 108
8 61
8 191
8 3
8 70
8 104
8 25
8 110
8 65
8 32
8 34
8 202
8 36
8 89
8 187
8 208
8 15
8 135
8 79
197 24
197 180
197 3
197 80
197 177
197 95
197 130
197 212
197 200
197 187
197 66
61 12
61 107
61 91
61 137
61 31
61 214
61 93
61 89
61 94
61 208
61 207
61 62
143 20
143 107
143 171
143 203
143 63
143 167
143 16
143 196
143 154
143 31
143 155
143 9
143 88
143 10
143 29
143 77
143 210
143 62
191 125
191 72
191 162
191 105
191 144
191 70
191 23
191 104
191 32
191 95
191 205
191 141
191 42
191 149
191 49
12 0
12 171
12 169
12 125
12 72
12 180
12 105
12 112
12 163
12 137
12 37
12 155
12 184
12 71
12 133
12 215
12 118
12 123
12 59
12 186
12 135
6 178
6 20
6 216
6 0
6 144
6 80
6 16
6 198
6 88
6 183
6 38
6 202
6 166
6 101
6 189
6 89
6 54
6 94
6 186
6 62
178 20
178 19
178 112
178 177
178 154
178 65
178 83
178 31
178 155
178 71
178 77
178 93
178 21
178 36
178 166
178 53
178 146
178 208
178 15
178 46
178 49
178 209
20 107
20 216
20 72
20 203
20 105
20 3
20 80
20 154
20 17
20 95
20 155
20 35
20 26
20 158
20 88
20 130
20 38
20 202
20 212
20 101
20 200
20 195
20 170
20 138
20 49
107 24
107 216
107 0
107 45
107 163
107 80
107 196
107 154
107 113
107 198
107 110
107 31
107 140
107 161
107 212
107 64
107 170
107 73
107 60
107 209
24 216
24 162
24 63
24 167
24 16
24 104
24 25
24 198
24 95
24 34
24 133
24 77
24 130
24 219
24 64
24 123
24 146
24 138
24 135
24 49
24 209
24 47
216 63
216 112
216 16
216 104
216 37
216 158
216 88
216 139
216 149
216 124
216 135
216 66
0 63
0 105
0 3
0 65
0 117
0 95
0 34
0 93
0 100
0 189
0 68
0 118
0 146
0 186
0 121
0 49
0 47
0 66
0 28
171 169
171 91
171 104
171 65
171 98
171 35
171 133
171 38
171 211
171 36
171 212
171 200
171 149
171 142
171 73
171 176
171 53
171 209
171 62
45 180
45 144
45 167
45 113
45 26
45 158
45 5
45 131
45 201
45 212
45 94
45 68
45 176
45 75
45 135
45 62
169 163
169 80
169 104
169 31
169 158
169 140
169 131
169 187
169 53
169 15
169 75
169 135
169 46
169 78
19 125
19 105
19 70
19 154
19 17
19 198
19 145
19 83
19 39
19 5
19 44
19 77
19 131
19 212
19 94
19 186
19 151
19 46
19 49
125 3
125 177
125 113
125 31
125 95
125 4
125 213
125 122
125 131
125 210
125 212
125 166
125 101
125 200
125 100
125 54
125 151
125 66
72 162
72 3
72 177
72 154
72 83
72 39
72 157
72 21
72 89
72 141
72 42
72 54
72 118
72 60
203 162
203 152
203 80
203 196
203 145
203 117
203 155
203 4
203 158
203 211
203 219
203 87
203 101
203 187
203 170
203 53
203 60
203 66
162 117
162 32
162 139
162 38
162 210
162 195
162 142
162 73
162 59
162 135
162 46
162 79
162 47
180 144
180 80
180 65
180 95
180 4
180 34
180 140
180 10
180 205
180 115
180 189
180 89
180 123
180 59
180 207
180 186
63 105
63 16
63 34
63 5
63 133
63 202
63 93
63 215
63 73
63 59
63 47
63 28
105 154
105 175
105 98
105 31
105 95
105 155
105 184
105 158
105 10
105 202
105 201
105 195
105 68
105 59
105 49
105 62
3 70
3 91
3 145
3 98
3 31
3 158
3 133
3 140
3 10
3 210
3 93
3 21
3 87
3 212
3 101
3 100
3 141
3 146
3 186
3 135
3 151
3 78
112 91
112 80
112 196
112 25
112 192
112 145
112 65
112 83
112 32
112 37
112 4
112 34
112 10
112 219
112 210
112 36
112 64
112 215
112 141
112 124
112 73
112 208
112 186
112 60
112 135
112 151
112 78
163 177
163 23
163 175
163 214
163 9
163 183
163 133
163 161
163 130
163 211
163 189
163 124
163 170
163 176
163 207
163 138
144 152
144 167
144 16
144 154
144 17
144 23
144 65
144 4
144 214
144 183
144 161
144 77
144 130
144 131
144 166
144 141
144 195
144 123
144 138
144 75
144 135
144 28
70 154
70 17
70 25
70 117
70 155
70 10
70 166
70 42
70 149
70 124
70 187
70 75
70 60
70 47
91 80
91 177
91 17
91 43
91 110
91 39
91 95
91 9
91 183
91 133
91 89
91 141
91 49
152 17
152 157
152 4
152 158
152 88
152 133
152 130
152 166
152 205
152 142
152 159
152 68
152 118
152 59
152 138
152 121
152 49
152 108
80 154
80 35
80 26
80 71
80 9
80 122
80 201
80 94
80 159
80 60
80 49
137 25
137 117
137 157
137 37
137 10
137 219
137 212
137 200
137 189
137 141
137 53
137 186
137 121
177 154
177 192
177 198
177 83
177 39
177 9
177 158
177 211
177 210
177 89
177 54
177 15
177 62
167 17
167 65
167 98
167 37
167 26
167 5
167 213
167 140
167 44
167 130
167 38
167 202
167 93
167 149
167 124
167 68
167 146
167 59
167 138
167 151
167 47
167 62
167 78
16 31
16 55
16 9
16 34
16 210
16 200
16 94
16 53
16 146
16 208
196 31
196 117
196 183
196 5
196 213
196 211
196 115
196 73
196 118
196 186
196 209
196 47
196 62
196 28
154 175
154 31
154 39
154 117
154 157
154 26
154 183
154 133
154 77
154 211
154 122
154 219
154 210
154 200
154 94
154 118
154 207
154 135
154 108
17 25
17 43
17 145
17 31
17 4
17 140
17 124
17 187
17 207
17 186
17 121
17 66
23 104
23 113
23 65
23 161
23 201
23 189
23 54
23 123
23 138
23 15
23 75
23 49
104 113
104 175
104 98
104 31
104 9
104 88
104 2
104 10
104 130
104 122
104 210
104 42
104 94
104 28
25 192
25 198
25 145
25 26
25 71
25 9
25 140
25 44
25 211
25 210
25 21
25 166
25 187
25 142
113 192
113 198
113 110
113 65
113 95
113 35
113 26
113 9
113 213
113 38
113 211
113 219
113 131
113 215
113 89
113 94
113 75
113 151
113 79
192 198
192 65
192 184
192 4
192 213
192 161
192 211
192 93
192 21
192 100
192 141
192 124
192 94
192 176
192 123
198 110
198 88
198 213
198 139
198 161
198 93
198 21
198 36
198 87
198 205
198 170
198 146
43 175
43 32
43 155
43 55
43 34
43 130
43 93
43 201
43 189
43 141
43 94
43 159
43 170
43 146
43 60
43 66
175 37
175 9
175 183
175 44
175 101
175 200
175 100
175 108
145 83
145 183
145 92
145 140
145 211
145 219
145 93
145 166
145 100
145 189
145 149
145 53
145 146
145 208
145 207
145 28
110 83
110 98
110 184
110 55
110 4
110 88
110 183
110 133
110 130
110 101
110 189
110 89
110 141
110 149
110 59
110 138
110 121
110 60
110 151
65 98
65 31
65 140
65 38
65 195
65 53
65 146
65 121
83 98
83 35
83 158
83 5
83 92
83 139
83 130
83 131
83 101
83 195
83 159
83 118
98 71
98 130
98 219
98 131
98 202
98 87
98 118
98 138
98 49
98 62
31 32
31 55
31 26
31 77
31 202
31 189
31 89
31 141
31 149
31 187
31 142
31 68
31 53
31 66
31 108
39 4
39 71
39 183
39 2
39 201
39 100
39 54
39 187
39 68
39 121
39 60
39 135
117 88
117 2
117 139
117 133
117 140
117 201
117 100
117 89
117 42
117 195
117 142
117 170
117 68
117 75
117 60
32 55
32 4
32 35
32 10
32 131
32 201
32 87
32 200
32 215
32 54
32 209
32 62
157 95
157 26
157 71
157 214
157 9
157 5
157 92
157 187
157 94
157 118
157 59
157 75
157 46
157 47
157 62
157 78
37 35
37 183
37 210
37 166
37 205
37 170
37 118
37 121
37 60
37 135
37 79
37 49
37 66
95 35
95 26
95 34
95 29
95 130
95 122
95 131
95 202
95 200
95 189
95 141
95 146
95 208
155 55
155 88
155 34
155 139
155 211
155 131
155 210
155 36
155 205
155 101
155 200
155 89
155 170
155 176
155 135
155 151
184 34
184 131
184 210
184 202
184 87
184 166
184 115
184 101
184 141
184 142
184 60
184 151
184 108
55 139
55 140
55 77
55 21
55 205
55 100
55 142
55 170
55 15
55 62
55 28
4 158
4 5
4 29
4 122
4 210
4 87
4 166
4 146
4 151
4 79
35 71
35 2
35 133
35 166
35 170
35 68
35 138
35 15
35 135
35 151
35 79
26 71
26 5
26 213
26 130
26 36
26 87
26 207
26 138
26 15
26 121
26 75
26 79
26 66
71 183
71 140
71 29
71 205
71 215
71 124
71 195
71 94
71 47
71 78
214 29
214 77
214 130
214 93
214 100
214 142
214 207
214 62
9 44
9 130
9 170
9 186
9 79
158 183
158 5
158 10
158 161
158 219
158 87
158 141
158 42
158 54
158 94
158 146
158 108
88 183
88 77
88 93
88 115
88 215
88 159
88 123
88 78
88 66
34 38
34 122
34 201
34 166
34 149
34 176
34 123
34 138
34 121
34 135
34 151
34 46
34 79
34 209
34 78
34 66
183 44
183 38
183 211
183 21
183 205
183 200
183 215
183 149
183 53
183 47
183 28
5 161
5 122
5 21
5 166
5 215
5 141
5 94
5 118
5 79
2 139
2 122
2 202
2 212
2 200
2 42
2 186
92 130
92 36
92 212
92 64
92 100
92 189
92 215
92 94
92 68
92 49
92 62
92 66
213 211
213 149
213 195
213 170
213 176
213 118
213 186
213 135
213 46
139 133
139 10
139 131
139 36
139 201
139 64
139 141
139 149
139 207
139 121
139 135
133 140
133 219
133 36
133 215
133 54
133 124
133 159
133 146
133 208
133 75
133 49
140 44
140 36
140 166
140 205
140 200
140 64
140 100
140 94
140 176
140 138
140 49
10 219
10 210
10 64
10 89
10 60
10 62
10 108
29 166
29 187
29 118
29 53
29 28
161 38
161 202
161 93
161 212
161 166
161 115
161 101
161 215
161 176
161 123
161 138
161 151
161 46
161 47
161 62
44 212
44 101
44 100
44 215
44 124
44 142
44 68
44 118
44 146
44 208
44 209
77 166
77 141
77 73
77 46
77 209
130 210
130 93
130 166
130 205
130 100
130 124
130 94
130 176
130 146
130 186
130 46
130 209
130 47
38 212
38 101
38 149
38 94
38 15
38 60
38 135
211 131
211 210
211 202
211 115
211 42
211 124
211 138
211 46
211 209
122 131
122 202
122 215
122 94
219 21
219 115
219 207
219 209
219 28
131 94
131 170
131 62
210 212
210 94
210 73
210 118
210 49
210 62
202 42
202 54
202 195
202 146
202 28
93 89
93 42
21 212
21 200
21 42
21 68
21 176
21 118
21 60
21 78
36 87
36 64
36 100
36 42
36 118
36 123
36 207
36 186
36 75
201 166
201 94
201 146
201 138
201 15
201 46
87 205
87 101
87 141
87 42
87 149
87 159
87 79
87 78
212 205
212 200
212 64
212 42
212 149
212 124
212 118
212 60
166 170
166 59
166 135
166 151
166 79
166 66
205 200
205 207
205 60
205 135
205 66
115 215
115 89
115 195
115 187
115 142
115 207
115 49
101 149
101 108
200 189
200 54
200 159
200 170
200 73
200 118
200 53
200 138
200 75
200 135
64 94
64 68
64 176
64 123
64 208
64 138
64 62
100 54
100 146
100 75
100 60
100 151
189 54
189 195
189 94
189 176
189 123
189 15
189 151
189 78
189 108
189 28
89 142
89 73
89 60
89 79
89 62
141 68
141 123
141 208
141 15
42 195
42 187
42 73
42 68
42 121
54 149
54 75
54 78
149 118
149 75
149 151
149 66
124 53
124 123
124 146
195 73
195 68
195 59
187 68
187 118
187 146
187 75
187 28
142 53
142 59
142 60
94 176
159 118
159 53
159 207
159 15
159 151
159 79
159 78
159 108
170 68
170 53
170 146
170 59
170 207
73 68
68 123
68 207
68 47
176 208
176 15
118 207
118 186
118 46
118 79
118 209
118 62
118 108
53 123
53 59
53 186
53 151
53 209
123 146
123 207
123 121
123 75
123 46
146 186
146 49
59 208
59 138
208 135
208 49
207 62
186 46
186 79
186 108
186 28
138 47
121 75
121 151
121 78
75 151
60 46
135 79
151 47
46 78
79 49
209 66
47 62
62 28
