*verties 195
212
113
32
5
149
103
66
196
168
161
208
90
214
82
131
199
139
74
152
164
200
155
72
95
137
8
147
39
78
75
61
97
76
105
53
77
0
58
218
91
123
179
165
54
93
2
21
50
171
80
98
116
156
9
184
213
22
42
162
14
110
56
71
11
120
206
193
135
146
35
27
198
96
211
18
108
143
188
67
177
37
34
140
136
176
64
186
92
29
25
195
181
20
201
62
33
100
51
47
204
112
130
145
63
122
207
7
57
55
138
192
60
183
215
73
23
87
102
205
17
144
36
6
24
167
83
48
104
94
59
154
106
10
44
81
166
117
68
46
119
13
170
1
107
127
45
178
114
79
158
124
175
31
190
86
40
111
129
217
187
157
85
99
142
174
203
28
41
160
141
216
30
65
3
153
49
16
189
109
148
191
121
163
89
88
70
202
101
173
19
185
4
126
194
169
*edges 
212 5
212 103
212 66
212 196
212 168
212 161
212 155
212 95
212 137
212 8
212 147
212 39
212 105
212 58
212 218
212 179
212 165
212 2
212 50
212 171
212 98
212 156
212 9
212 184
212 162
212 110
212 120
212 193
212 198
212 211
212 108
212 143
212 176
212 64
212 186
212 181
212 201
212 100
212 47
212 145
212 7
212 138
212 17
212 167
212 59
212 81
212 46
212 119
212 13
212 170
212 1
212 107
212 45
212 114
212 217
212 142
212 174
212 203
212 28
212 65
212 109
212 191
212 121
212 163
212 88
212 19
212 4
212 126
212 169
113 32
113 149
113 66
113 168
113 161
113 90
113 131
113 199
113 152
113 76
113 105
113 77
113 179
113 93
113 21
113 50
113 171
113 116
113 162
113 71
113 120
113 193
113 135
113 108
113 143
113 37
113 64
113 186
113 92
113 29
113 25
113 195
113 33
113 47
113 130
113 63
113 207
113 57
113 60
113 23
113 205
113 144
113 6
113 24
113 83
113 104
113 94
113 10
113 117
113 68
113 119
113 13
113 170
113 1
113 178
113 158
113 124
113 175
113 31
113 40
113 111
113 129
113 157
113 99
113 174
113 203
113 28
113 41
113 160
113 141
113 30
113 16
113 189
113 109
113 191
113 89
113 88
113 70
113 202
113 101
113 185
113 4
113 126
32 149
32 66
32 196
32 168
32 90
32 131
32 199
32 155
32 72
32 8
32 147
32 75
32 77
32 93
32 2
32 21
32 50
32 171
32 110
32 71
32 11
32 120
32 206
32 193
32 35
32 27
32 198
32 108
32 188
32 67
32 37
32 186
32 29
32 195
32 62
32 33
32 204
32 145
32 7
32 55
32 183
32 23
32 144
32 83
32 104
32 154
32 10
32 166
32 46
32 119
32 45
32 79
32 175
32 31
32 190
32 86
32 157
32 99
32 174
32 203
32 41
32 160
32 141
32 189
32 163
32 70
32 101
32 4
32 126
32 169
5 149
5 214
5 152
5 155
5 95
5 137
5 97
5 77
5 123
5 2
5 116
5 156
5 9
5 184
5 22
5 42
5 162
5 110
5 71
5 120
5 193
5 96
5 108
5 34
5 140
5 136
5 176
5 186
5 92
5 20
5 47
5 130
5 207
5 57
5 192
5 60
5 183
5 215
5 73
5 23
5 87
5 6
5 167
5 104
5 94
5 44
5 166
5 68
5 170
5 178
5 114
5 175
5 31
5 217
5 99
5 174
5 3
5 49
5 16
5 191
5 88
5 70
5 101
5 126
149 103
149 168
149 139
149 74
149 155
149 95
149 8
149 147
149 75
149 61
149 76
149 105
149 0
149 54
149 21
149 171
149 80
149 116
149 42
149 206
149 35
149 27
149 198
149 67
149 140
149 25
149 20
149 57
149 138
149 183
149 87
149 205
149 36
149 24
149 104
149 154
149 106
149 127
149 178
149 158
149 190
149 40
149 111
149 85
149 99
149 203
149 28
149 41
149 160
149 141
149 30
149 65
149 16
149 189
149 109
149 148
149 121
149 89
149 70
149 19
149 185
149 194
149 169
103 196
103 168
103 161
103 208
103 214
103 82
103 131
103 164
103 72
103 95
103 137
103 147
103 78
103 97
103 76
103 53
103 0
103 179
103 165
103 54
103 50
103 98
103 156
103 184
103 56
103 71
103 11
103 120
103 146
103 198
103 211
103 18
103 188
103 177
103 140
103 29
103 195
103 62
103 33
103 204
103 112
103 207
103 138
103 183
103 205
103 144
103 24
103 83
103 104
103 59
103 154
103 10
103 44
103 166
103 68
103 107
103 127
103 45
103 79
103 175
103 217
103 187
103 85
103 142
103 160
103 216
103 30
103 65
103 3
103 153
103 16
103 189
103 109
103 148
103 121
103 163
103 88
103 70
103 19
103 4
103 169
66 196
66 208
66 214
66 82
66 199
66 139
66 74
66 200
66 97
66 105
66 165
66 50
66 98
66 116
66 22
66 42
66 14
66 120
66 193
66 35
66 27
66 108
66 143
66 188
66 176
66 100
66 204
66 130
66 145
66 207
66 7
66 57
66 183
66 73
66 23
66 87
66 205
66 17
66 144
66 83
66 48
66 94
66 59
66 154
66 44
66 81
66 117
66 170
66 45
66 114
66 158
66 124
66 175
66 190
66 217
66 187
66 85
66 99
66 142
66 174
66 28
66 41
66 30
66 65
66 3
66 49
66 16
66 189
66 148
66 121
66 202
66 101
66 173
66 19
66 4
66 194
196 168
196 214
196 82
196 164
196 200
196 155
196 72
196 95
196 39
196 78
196 61
196 76
196 53
196 77
196 58
196 218
196 54
196 93
196 80
196 98
196 156
196 42
196 110
196 11
196 206
196 193
196 135
196 27
196 96
196 211
196 108
196 143
196 140
196 136
196 176
196 186
196 29
196 100
196 47
196 207
196 7
196 55
196 192
196 183
196 205
196 6
196 167
196 48
196 104
196 94
196 106
196 81
196 68
196 46
196 119
196 107
196 45
196 114
196 79
196 158
196 85
196 174
196 160
196 141
196 216
196 30
196 153
196 163
196 88
196 202
196 173
196 4
196 126
168 90
168 131
168 199
168 139
168 137
168 8
168 147
168 61
168 105
168 53
168 0
168 58
168 218
168 54
168 21
168 80
168 116
168 213
168 22
168 162
168 14
168 193
168 188
168 67
168 177
168 34
168 140
168 25
168 181
168 20
168 201
168 62
168 51
168 145
168 57
168 87
168 205
168 17
168 144
168 81
168 46
168 119
168 107
168 178
168 158
168 175
168 31
168 40
168 187
168 99
168 203
168 41
168 216
168 65
168 3
168 153
168 16
168 189
168 89
168 70
168 185
168 4
161 90
161 199
161 139
161 74
161 72
161 78
161 76
161 77
161 58
161 91
161 179
161 165
161 2
161 21
161 171
161 116
161 22
161 162
161 11
161 120
161 146
161 35
161 198
161 211
161 18
161 108
161 37
161 64
161 62
161 130
161 145
161 122
161 57
161 55
161 102
161 144
161 167
161 154
161 10
161 117
161 68
161 13
161 170
161 127
161 45
161 178
161 114
161 31
161 190
161 99
161 174
161 160
161 216
161 65
161 3
161 189
161 202
161 173
161 185
161 126
208 90
208 152
208 155
208 8
208 78
208 53
208 77
208 58
208 91
208 2
208 171
208 80
208 9
208 184
208 213
208 42
208 193
208 188
208 67
208 177
208 37
208 186
208 92
208 201
208 33
208 7
208 55
208 138
208 192
208 60
208 215
208 87
208 102
208 205
208 144
208 24
208 167
208 83
208 106
208 10
208 166
208 117
208 68
208 46
208 13
208 170
208 127
208 45
208 79
208 124
208 31
208 86
208 111
208 129
208 142
208 174
208 203
208 160
208 141
208 216
208 30
208 189
208 109
208 191
208 202
208 173
208 126
90 214
90 131
90 199
90 164
90 137
90 78
90 76
90 77
90 0
90 91
90 179
90 165
90 80
90 98
90 116
90 156
90 9
90 22
90 206
90 27
90 198
90 96
90 211
90 140
90 136
90 176
90 92
90 29
90 195
90 201
90 51
90 47
90 204
90 130
90 7
90 55
90 138
90 215
90 87
90 102
90 205
90 17
90 59
90 106
90 10
90 44
90 117
90 119
90 127
90 79
90 175
90 190
90 86
90 40
90 111
90 129
90 217
90 99
90 203
90 141
90 65
90 109
90 121
90 185
90 126
214 131
214 152
214 155
214 72
214 8
214 39
214 78
214 75
214 76
214 218
214 179
214 54
214 93
214 2
214 171
214 116
214 156
214 9
214 184
214 22
214 42
214 162
214 14
214 110
214 56
214 206
214 27
214 18
214 108
214 143
214 37
214 140
214 136
214 176
214 92
214 29
214 25
214 181
214 20
214 122
214 207
214 57
214 138
214 60
214 215
214 73
214 87
214 36
214 24
214 167
214 83
214 48
214 104
214 59
214 106
214 117
214 13
214 170
214 178
214 114
214 79
214 158
214 124
214 175
214 86
214 129
214 187
214 142
214 203
214 30
214 16
214 189
214 191
214 121
214 88
214 173
214 194
82 199
82 74
82 200
82 8
82 78
82 76
82 53
82 58
82 171
82 98
82 116
82 156
82 9
82 162
82 110
82 120
82 206
82 135
82 198
82 18
82 108
82 176
82 92
82 195
82 181
82 20
82 51
82 112
82 145
82 207
82 57
82 192
82 215
82 73
82 23
82 102
82 205
82 144
82 6
82 48
82 154
82 106
82 44
82 117
82 68
82 119
82 107
82 127
82 178
82 79
82 190
82 86
82 203
82 202
82 19
82 4
82 126
82 169
131 164
131 200
131 137
131 147
131 78
131 53
131 165
131 54
131 93
131 50
131 171
131 98
131 156
131 184
131 14
131 56
131 206
131 193
131 27
131 198
131 96
131 18
131 177
131 34
131 140
131 186
131 181
131 20
131 62
131 100
131 112
131 63
131 23
131 102
131 17
131 144
131 36
131 167
131 48
131 154
131 106
131 44
131 81
131 68
131 46
131 13
131 127
131 79
131 158
131 124
131 86
131 99
131 174
131 203
131 216
131 153
131 189
131 109
131 148
131 121
131 70
131 101
131 173
131 185
131 4
199 139
199 74
199 155
199 39
199 97
199 76
199 77
199 123
199 54
199 80
199 98
199 156
199 213
199 22
199 71
199 11
199 211
199 143
199 188
199 64
199 186
199 181
199 20
199 51
199 130
199 122
199 192
199 6
199 83
199 94
199 59
199 106
199 10
199 117
199 13
199 1
199 107
199 127
199 45
199 79
199 158
199 86
199 111
199 217
199 174
199 203
199 28
199 160
199 216
199 16
199 148
199 70
199 101
199 173
199 194
139 200
139 147
139 61
139 97
139 77
139 91
139 21
139 80
139 162
139 14
139 56
139 11
139 120
139 193
139 143
139 34
139 186
139 92
139 25
139 100
139 130
139 122
139 7
139 57
139 55
139 138
139 60
139 183
139 102
139 205
139 24
139 48
139 104
139 81
139 119
139 1
139 45
139 178
139 158
139 124
139 31
139 86
139 40
139 85
139 174
139 203
139 30
139 49
139 191
139 121
139 89
139 202
139 173
139 19
139 194
74 200
74 155
74 72
74 78
74 97
74 77
74 179
74 2
74 21
74 50
74 98
74 116
74 184
74 213
74 42
74 14
74 110
74 71
74 11
74 120
74 35
74 27
74 18
74 108
74 136
74 186
74 29
74 25
74 195
74 20
74 201
74 62
74 207
74 138
74 60
74 23
74 87
74 17
74 48
74 104
74 166
74 117
74 68
74 13
74 107
74 45
74 79
74 190
74 111
74 217
74 157
74 142
74 141
74 216
74 3
74 153
74 189
74 148
74 88
74 70
74 173
74 185
74 126
74 194
74 169
152 95
152 147
152 61
152 97
152 76
152 0
152 58
152 218
152 123
152 21
152 98
152 116
152 156
152 9
152 162
152 110
152 56
152 71
152 206
152 193
152 146
152 198
152 18
152 37
152 136
152 195
152 181
152 201
152 51
152 204
152 145
152 138
152 60
152 144
152 36
152 48
152 94
152 154
152 106
152 10
152 44
152 68
152 119
152 170
152 45
152 178
152 79
152 158
152 190
152 40
152 111
152 217
152 174
152 141
152 153
152 49
152 189
152 89
152 70
152 101
152 194
164 200
164 137
164 8
164 78
164 97
164 53
164 91
164 54
164 2
164 80
164 116
164 9
164 56
164 71
164 193
164 35
164 96
164 211
164 108
164 143
164 188
164 67
164 186
164 195
164 20
164 201
164 204
164 112
164 130
164 57
164 60
164 183
164 205
164 36
164 104
164 94
164 44
164 117
164 119
164 127
164 45
164 178
164 79
164 158
164 124
164 190
164 129
164 157
164 85
164 174
164 28
164 160
164 3
164 16
164 109
164 148
164 163
164 88
164 101
164 173
164 19
164 4
164 194
164 169
200 155
200 72
200 39
200 78
200 97
200 105
200 77
200 58
200 218
200 91
200 123
200 50
200 171
200 184
200 22
200 42
200 14
200 110
200 71
200 206
200 193
200 146
200 35
200 198
200 211
200 143
200 188
200 177
200 92
200 25
200 181
200 62
200 33
200 100
200 204
200 130
200 207
200 57
200 215
200 73
200 102
200 17
200 144
200 104
200 94
200 59
200 154
200 10
200 44
200 166
200 68
200 46
200 170
200 1
200 127
200 114
200 79
200 158
200 124
200 40
200 187
200 3
200 153
200 49
200 189
200 121
200 89
200 88
200 70
200 173
200 19
200 169
155 95
155 78
155 75
155 76
155 105
155 218
155 165
155 54
155 93
155 2
155 110
155 146
155 96
155 188
155 67
155 177
155 37
155 186
155 29
155 181
155 20
155 51
155 145
155 63
155 122
155 7
155 23
155 87
155 102
155 144
155 36
155 167
155 48
155 106
155 10
155 81
155 166
155 13
155 170
155 127
155 178
155 79
155 175
155 190
155 86
155 40
155 129
155 187
155 85
155 99
155 174
155 28
155 41
155 30
155 65
155 153
155 16
155 163
155 89
155 70
155 202
155 173
155 185
72 95
72 147
72 78
72 61
72 76
72 218
72 179
72 21
72 98
72 116
72 213
72 42
72 162
72 14
72 120
72 35
72 198
72 108
72 143
72 37
72 136
72 176
72 64
72 186
72 92
72 29
72 195
72 20
72 201
72 47
72 204
72 55
72 138
72 183
72 215
72 17
72 36
72 48
72 104
72 94
72 106
72 166
72 1
72 127
72 158
72 124
72 31
72 190
72 86
72 40
72 111
72 187
72 41
72 30
72 65
72 3
72 148
72 89
72 88
72 101
72 173
72 19
72 126
72 169
95 137
95 75
95 61
95 218
95 91
95 54
95 156
95 213
95 22
95 42
95 71
95 206
95 135
95 146
95 198
95 211
95 143
95 34
95 136
95 64
95 186
95 100
95 112
95 145
95 57
95 23
95 17
95 144
95 36
95 167
95 104
95 154
95 117
95 46
95 13
95 107
95 178
95 190
95 86
95 217
95 157
95 99
95 142
95 141
95 30
95 153
95 16
95 189
95 148
95 191
95 163
95 89
95 88
95 19
95 185
95 126
95 194
95 169
137 147
137 39
137 75
137 97
137 58
137 91
137 93
137 80
137 116
137 9
137 184
137 22
137 162
137 120
137 146
137 96
137 143
137 188
137 67
137 92
137 181
137 100
137 51
137 204
137 145
137 122
137 207
137 57
137 138
137 23
137 167
137 104
137 94
137 166
137 119
137 45
137 79
137 158
137 31
137 129
137 217
137 187
137 157
137 85
137 142
137 174
137 203
137 160
137 141
137 30
137 3
137 16
137 121
137 88
137 202
137 126
137 169
8 147
8 78
8 97
8 105
8 58
8 218
8 80
8 98
8 156
8 9
8 184
8 42
8 120
8 193
8 146
8 96
8 211
8 108
8 177
8 136
8 64
8 29
8 195
8 201
8 33
8 51
8 47
8 130
8 138
8 183
8 215
8 87
8 102
8 205
8 36
8 104
8 59
8 44
8 81
8 117
8 46
8 13
8 1
8 107
8 45
8 178
8 86
8 111
8 187
8 85
8 99
8 141
8 3
8 153
8 16
8 189
8 109
8 148
8 191
8 121
8 70
8 202
8 101
8 185
8 126
147 78
147 61
147 105
147 58
147 218
147 179
147 93
147 21
147 171
147 80
147 98
147 213
147 42
147 162
147 14
147 110
147 11
147 108
147 188
147 67
147 92
147 29
147 62
147 204
147 130
147 145
147 207
147 55
147 215
147 23
147 102
147 6
147 24
147 83
147 59
147 106
147 81
147 68
147 119
147 107
147 127
147 114
147 190
147 85
147 99
147 142
147 28
147 216
147 65
147 153
147 189
147 88
147 126
39 78
39 75
39 58
39 91
39 165
39 171
39 213
39 56
39 11
39 35
39 96
39 211
39 177
39 34
39 140
39 64
39 92
39 29
39 181
39 20
39 51
39 122
39 207
39 183
39 73
39 102
39 17
39 6
39 59
39 10
39 117
39 46
39 13
39 1
39 178
39 114
39 40
39 187
39 157
39 85
39 174
39 203
39 141
39 3
39 49
39 16
39 189
39 109
39 163
39 202
39 4
78 75
78 61
78 76
78 105
78 0
78 58
78 218
78 54
78 171
78 116
78 9
78 162
78 14
78 56
78 11
78 120
78 198
78 96
78 108
78 143
78 67
78 34
78 136
78 204
78 130
78 145
78 207
78 55
78 192
78 60
78 73
78 87
78 102
78 205
78 144
78 24
78 167
78 48
78 154
78 106
78 46
78 119
78 170
78 1
78 45
78 124
78 175
78 31
78 217
78 174
78 28
78 160
78 141
78 30
78 49
78 189
78 148
78 191
78 121
78 185
75 97
75 76
75 105
75 77
75 91
75 123
75 93
75 80
75 116
75 9
75 184
75 213
75 22
75 162
75 120
75 206
75 27
75 143
75 67
75 177
75 37
75 29
75 20
75 201
75 62
75 51
75 204
75 7
75 55
75 138
75 183
75 215
75 73
75 87
75 102
75 36
75 167
75 83
75 94
75 154
75 117
75 46
75 1
75 114
75 190
75 111
75 129
75 217
75 142
75 41
75 160
75 49
75 16
75 189
75 148
75 121
75 89
75 101
75 173
75 126
75 194
61 76
61 53
61 218
61 123
61 179
61 165
61 156
61 184
61 42
61 110
61 146
61 177
61 34
61 140
61 136
61 64
61 186
61 29
61 201
61 33
61 51
61 130
61 63
61 207
61 55
61 138
61 215
61 23
61 205
61 17
61 94
61 166
61 117
61 68
61 170
61 1
61 127
61 178
61 114
61 79
61 175
61 31
61 190
61 111
61 129
61 157
61 85
61 142
61 203
61 141
61 216
61 30
61 65
61 49
61 189
61 191
61 89
61 19
61 126
61 194
97 105
97 218
97 91
97 165
97 54
97 93
97 50
97 171
97 98
97 156
97 22
97 14
97 35
97 198
97 143
97 188
97 136
97 176
97 64
97 92
97 29
97 195
97 20
97 201
97 62
97 33
97 51
97 204
97 130
97 55
97 60
97 215
97 73
97 102
97 17
97 36
97 48
97 94
97 154
97 106
97 10
97 166
97 117
97 119
97 13
97 107
97 127
97 45
97 79
97 175
97 190
97 217
97 85
97 99
97 174
97 28
97 216
97 153
97 189
97 109
97 148
97 88
97 101
97 19
97 126
97 194
76 53
76 58
76 218
76 80
76 156
76 184
76 22
76 11
76 146
76 27
76 198
76 211
76 108
76 143
76 37
76 136
76 195
76 20
76 201
76 62
76 112
76 130
76 122
76 55
76 60
76 23
76 87
76 102
76 144
76 167
76 48
76 106
76 10
76 44
76 81
76 46
76 1
76 127
76 45
76 124
76 175
76 40
76 129
76 187
76 85
76 142
76 216
76 65
76 3
76 16
76 189
76 109
76 148
76 121
76 70
76 173
76 19
76 194
76 169
105 0
105 58
105 91
105 54
105 93
105 80
105 162
105 56
105 11
105 206
105 135
105 27
105 198
105 96
105 211
105 18
105 108
105 188
105 136
105 176
105 64
105 92
105 47
105 130
105 7
105 55
105 215
105 23
105 102
105 17
105 36
105 6
105 24
105 94
105 154
105 46
105 119
105 170
105 45
105 111
105 129
105 187
105 28
105 41
105 16
105 109
105 148
105 163
105 202
105 173
105 126
53 91
53 165
53 2
53 80
53 98
53 184
53 42
53 110
53 71
53 11
53 120
53 135
53 146
53 27
53 198
53 18
53 67
53 34
53 64
53 29
53 195
53 181
53 201
53 33
53 51
53 130
53 145
53 122
53 55
53 192
53 60
53 215
53 73
53 87
53 205
53 167
53 83
53 48
53 59
53 166
53 117
53 170
53 1
53 127
53 45
53 178
53 79
53 124
53 217
53 187
53 142
53 174
53 203
53 28
53 160
53 141
53 216
53 30
53 3
53 153
53 109
53 148
53 88
53 70
53 101
53 4
53 126
53 169
77 50
77 171
77 80
77 156
77 9
77 213
77 14
77 11
77 206
77 193
77 135
77 96
77 211
77 143
77 188
77 177
77 136
77 186
77 92
77 201
77 62
77 33
77 100
77 51
77 47
77 112
77 130
77 145
77 63
77 122
77 207
77 57
77 192
77 205
77 24
77 167
77 48
77 166
77 117
77 46
77 119
77 170
77 1
77 127
77 45
77 178
77 114
77 79
77 158
77 31
77 86
77 129
77 99
77 142
77 174
77 203
77 160
77 141
77 216
77 3
77 153
77 189
77 202
77 194
0 218
0 91
0 165
0 93
0 2
0 21
0 171
0 80
0 98
0 156
0 9
0 184
0 22
0 56
0 146
0 211
0 143
0 67
0 37
0 64
0 186
0 92
0 25
0 181
0 20
0 201
0 62
0 100
0 51
0 112
0 63
0 7
0 57
0 215
0 23
0 87
0 144
0 36
0 24
0 83
0 104
0 59
0 10
0 44
0 81
0 68
0 119
0 13
0 127
0 45
0 178
0 124
0 175
0 40
0 217
0 187
0 157
0 85
0 99
0 142
0 216
0 16
0 109
0 121
0 163
0 70
0 185
0 4
0 126
58 218
58 54
58 93
58 21
58 80
58 98
58 116
58 213
58 56
58 35
58 96
58 211
58 108
58 177
58 140
58 64
58 186
58 92
58 25
58 20
58 201
58 100
58 51
58 204
58 112
58 130
58 7
58 57
58 138
58 73
58 48
58 104
58 154
58 44
58 166
58 46
58 119
58 13
58 1
58 158
58 124
58 190
58 40
58 111
58 217
58 99
58 142
58 174
58 160
58 65
58 49
58 109
58 148
58 191
58 121
58 163
58 88
58 169
218 50
218 98
218 156
218 162
218 14
218 56
218 11
218 120
218 146
218 35
218 198
218 96
218 211
218 143
218 67
218 37
218 34
218 136
218 176
218 29
218 201
218 33
218 122
218 207
218 55
218 192
218 183
218 215
218 87
218 205
218 17
218 144
218 36
218 24
218 48
218 104
218 94
218 59
218 154
218 166
218 68
218 119
218 13
218 127
218 178
218 190
218 40
218 129
218 217
218 157
218 142
218 28
218 41
218 160
218 216
218 3
218 153
218 202
218 173
218 185
218 4
91 93
91 50
91 171
91 116
91 14
91 56
91 135
91 35
91 211
91 18
91 108
91 67
91 37
91 34
91 140
91 64
91 29
91 25
91 195
91 33
91 204
91 130
91 145
91 63
91 7
91 138
91 192
91 23
91 102
91 17
91 6
91 48
91 154
91 106
91 44
91 107
91 178
91 79
91 158
91 175
91 190
91 111
91 129
91 217
91 157
91 41
91 160
91 3
91 49
91 109
91 163
91 89
91 70
91 173
91 185
91 169
123 54
123 21
123 116
123 22
123 162
123 14
123 110
123 11
123 135
123 35
123 27
123 108
123 177
123 195
123 181
123 201
123 33
123 51
123 47
123 63
123 122
123 7
123 183
123 215
123 73
123 102
123 17
123 144
123 167
123 83
123 48
123 166
123 117
123 13
123 127
123 178
123 114
123 79
123 158
123 124
123 31
123 86
123 85
123 41
123 216
123 16
123 189
123 109
123 148
123 191
123 121
123 163
123 173
123 4
123 194
179 165
179 50
179 171
179 80
179 9
179 71
179 11
179 206
179 193
179 67
179 177
179 25
179 181
179 33
179 51
179 112
179 145
179 63
179 122
179 7
179 87
179 205
179 36
179 6
179 167
179 83
179 48
179 104
179 154
179 117
179 68
179 119
179 107
179 114
179 190
179 86
179 111
179 129
179 99
179 41
179 141
179 65
179 153
179 49
179 163
179 88
179 185
179 4
179 194
179 169
165 54
165 21
165 50
165 9
165 42
165 110
165 71
165 120
165 193
165 135
165 96
165 18
165 108
165 188
165 67
165 177
165 37
165 34
165 201
165 33
165 51
165 47
165 207
165 55
165 215
165 102
165 17
165 144
165 36
165 6
165 94
165 154
165 81
165 117
165 68
165 170
165 1
165 158
165 124
165 175
165 190
165 86
165 40
165 111
165 217
165 142
165 41
165 160
165 141
165 65
165 153
165 16
165 163
165 88
165 202
165 173
165 185
165 126
165 194
165 169
54 50
54 98
54 213
54 120
54 206
54 146
54 198
54 18
54 108
54 188
54 67
54 37
54 140
54 29
54 25
54 181
54 20
54 201
54 62
54 33
54 100
54 51
54 204
54 112
54 130
54 145
54 63
54 122
54 138
54 192
54 215
54 102
54 167
54 48
54 154
54 106
54 81
54 117
54 13
54 107
54 178
54 114
54 79
54 124
54 175
54 31
54 86
54 129
54 217
54 187
54 157
54 174
54 160
54 216
54 30
54 65
54 16
54 109
54 191
54 163
54 101
54 19
54 185
54 4
93 2
93 171
93 98
93 116
93 213
93 22
93 11
93 120
93 206
93 146
93 35
93 143
93 188
93 37
93 136
93 176
93 92
93 25
93 195
93 181
93 20
93 51
93 204
93 112
93 63
93 122
93 7
93 55
93 138
93 183
93 73
93 87
93 102
93 17
93 144
93 83
93 48
93 104
93 94
93 59
93 154
93 106
93 10
93 68
93 178
93 158
93 31
93 190
93 217
93 157
93 174
93 203
93 28
93 160
93 30
93 3
93 153
93 109
93 121
93 101
2 171
2 80
2 42
2 11
2 120
2 35
2 108
2 143
2 37
2 34
2 176
2 64
2 92
2 29
2 25
2 195
2 181
2 201
2 62
2 33
2 51
2 112
2 130
2 145
2 7
2 55
2 192
2 215
2 73
2 23
2 17
2 144
2 6
2 167
2 154
2 10
2 44
2 81
2 68
2 46
2 119
2 127
2 45
2 31
2 111
2 142
2 41
2 65
2 49
2 16
2 109
2 191
2 163
2 70
2 173
2 185
2 4
2 194
21 171
21 98
21 116
21 156
21 184
21 213
21 22
21 162
21 14
21 56
21 71
21 11
21 120
21 206
21 135
21 35
21 198
21 96
21 18
21 67
21 37
21 140
21 92
21 29
21 33
21 100
21 63
21 122
21 57
21 55
21 60
21 215
21 23
21 87
21 144
21 6
21 24
21 167
21 104
21 154
21 106
21 117
21 178
21 79
21 124
21 40
21 129
21 157
21 99
21 142
21 49
21 189
21 109
21 191
21 4
21 126
21 169
50 80
50 9
50 22
50 42
50 120
50 188
50 177
50 37
50 186
50 29
50 181
50 33
50 100
50 47
50 130
50 145
50 122
50 215
50 23
50 102
50 205
50 17
50 36
50 167
50 94
50 59
50 106
50 117
50 68
50 107
50 127
50 178
50 114
50 124
50 175
50 190
50 157
50 85
50 142
50 41
50 141
50 216
50 30
50 65
50 49
50 189
50 148
50 163
50 88
50 70
50 101
50 173
171 9
171 162
171 56
171 71
171 120
171 193
171 146
171 27
171 198
171 18
171 143
171 188
171 177
171 195
171 62
171 100
171 47
171 112
171 130
171 145
171 7
171 192
171 215
171 73
171 23
171 205
171 6
171 104
171 94
171 154
171 10
171 81
171 166
171 117
171 119
171 170
171 127
171 45
171 178
171 114
171 158
171 124
171 40
171 111
171 129
171 187
171 203
171 41
171 160
171 153
171 189
171 148
171 173
171 194
80 116
80 156
80 42
80 14
80 120
80 146
80 27
80 198
80 211
80 188
80 177
80 34
80 140
80 47
80 204
80 63
80 192
80 215
80 73
80 87
80 102
80 144
80 36
80 6
80 83
80 104
80 94
80 154
80 81
80 13
80 170
80 107
80 45
80 178
80 114
80 158
80 31
80 190
80 217
80 142
80 174
80 141
80 49
80 189
80 121
80 163
80 89
80 88
80 70
80 173
80 185
80 169
98 184
98 110
98 11
98 120
98 206
98 193
98 108
98 177
98 34
98 33
98 51
98 47
98 204
98 130
98 63
98 7
98 183
98 23
98 205
98 17
98 167
98 83
98 104
98 59
98 154
98 81
98 117
98 68
98 13
98 170
98 1
98 114
98 124
98 86
98 40
98 85
98 99
98 142
98 216
98 65
98 153
98 89
98 88
98 101
98 185
98 169
116 9
116 184
116 213
116 22
116 14
116 110
116 120
116 206
116 146
116 18
116 143
116 67
116 37
116 34
116 136
116 176
116 25
116 62
116 51
116 47
116 204
116 7
116 55
116 192
116 60
116 183
116 215
116 23
116 102
116 205
116 17
116 144
116 6
116 94
116 106
116 10
116 44
116 81
116 166
116 119
116 13
116 1
116 127
116 178
116 114
116 158
116 175
116 190
116 157
116 142
116 174
116 41
116 216
116 191
116 70
116 19
116 4
156 9
156 22
156 71
156 11
156 120
156 193
156 35
156 198
156 96
156 108
156 140
156 176
156 186
156 29
156 201
156 62
156 51
156 130
156 63
156 122
156 207
156 7
156 55
156 215
156 73
156 23
156 87
156 6
156 24
156 154
156 106
156 10
156 166
156 117
156 127
156 45
156 114
156 158
156 175
156 86
156 111
156 217
156 187
156 85
156 174
156 203
156 41
156 141
156 3
156 153
156 49
156 16
156 148
156 121
156 89
156 173
156 19
9 206
9 193
9 135
9 96
9 143
9 188
9 34
9 176
9 92
9 29
9 20
9 112
9 130
9 122
9 207
9 60
9 183
9 215
9 102
9 205
9 17
9 36
9 167
9 48
9 59
9 154
9 44
9 117
9 68
9 119
9 13
9 1
9 178
9 114
9 158
9 124
9 175
9 31
9 86
9 129
9 142
9 28
9 216
9 65
9 3
9 16
9 189
9 89
9 4
9 169
184 162
184 14
184 110
184 206
184 35
184 198
184 96
184 18
184 108
184 143
184 188
184 25
184 195
184 201
184 62
184 112
184 138
184 60
184 215
184 17
184 6
184 167
184 104
184 154
184 44
184 119
184 13
184 107
184 79
184 129
184 217
184 142
184 41
184 3
184 49
184 16
184 109
184 185
184 4
184 126
213 162
213 120
213 146
213 27
213 37
213 176
213 181
213 62
213 100
213 130
213 122
213 57
213 183
213 23
213 102
213 205
213 36
213 24
213 83
213 48
213 94
213 59
213 117
213 119
213 127
213 178
213 79
213 190
213 40
213 187
213 157
213 85
213 99
213 141
213 216
213 30
213 3
213 49
213 16
213 109
213 121
213 163
213 89
213 70
213 101
213 4
22 162
22 56
22 71
22 11
22 146
22 27
22 18
22 188
22 67
22 177
22 136
22 176
22 92
22 25
22 20
22 62
22 33
22 100
22 51
22 47
22 7
22 55
22 138
22 183
22 73
22 87
22 24
22 104
22 154
22 13
22 107
22 31
22 40
22 111
22 217
22 85
22 99
22 142
22 160
22 3
22 153
22 109
22 121
22 70
22 101
22 173
22 194
22 169
42 162
42 206
42 193
42 146
42 27
42 143
42 188
42 186
42 20
42 62
42 100
42 51
42 63
42 55
42 138
42 183
42 205
42 17
42 24
42 44
42 166
42 68
42 46
42 119
42 13
42 170
42 1
42 124
42 175
42 31
42 111
42 129
42 85
42 203
42 41
42 30
42 65
42 109
42 148
42 191
42 88
42 185
42 194
162 11
162 146
162 35
162 198
162 143
162 177
162 37
162 136
162 176
162 64
162 92
162 25
162 181
162 20
162 33
162 51
162 47
162 145
162 63
162 207
162 7
162 57
162 192
162 60
162 183
162 87
162 102
162 144
162 94
162 154
162 10
162 44
162 166
162 119
162 114
162 158
162 124
162 31
162 40
162 111
162 187
162 157
162 142
162 28
162 141
162 30
162 49
162 189
162 109
162 191
162 163
162 101
162 19
162 4
162 126
14 206
14 193
14 146
14 18
14 108
14 143
14 188
14 177
14 140
14 186
14 92
14 29
14 25
14 181
14 33
14 51
14 122
14 215
14 23
14 87
14 102
14 17
14 144
14 6
14 24
14 104
14 154
14 10
14 44
14 68
14 119
14 170
14 1
14 127
14 178
14 114
14 158
14 190
14 86
14 40
14 129
14 157
14 99
14 174
14 203
14 153
14 121
14 163
14 202
14 101
110 56
110 135
110 198
110 18
110 108
110 67
110 37
110 34
110 140
110 136
110 176
110 181
110 62
110 51
110 47
110 112
110 192
110 60
110 215
110 73
110 102
110 6
110 24
110 83
110 59
110 154
110 44
110 166
110 127
110 178
110 124
110 175
110 31
110 217
110 187
110 85
110 99
110 142
110 141
110 216
110 3
110 49
110 109
110 88
110 185
110 126
56 120
56 206
56 135
56 35
56 18
56 67
56 140
56 186
56 20
56 33
56 204
56 130
56 63
56 57
56 138
56 183
56 102
56 17
56 144
56 6
56 83
56 48
56 154
56 10
56 81
56 166
56 68
56 107
56 127
56 45
56 178
56 114
56 124
56 175
56 40
56 129
56 85
56 174
56 203
56 28
56 41
56 65
56 3
56 16
56 109
56 148
56 121
56 19
56 4
56 194
71 120
71 206
71 193
71 135
71 198
71 96
71 211
71 188
71 67
71 34
71 140
71 64
71 186
71 25
71 181
71 20
71 201
71 100
71 51
71 145
71 207
71 57
71 73
71 23
71 17
71 144
71 6
71 48
71 104
71 94
71 59
71 154
71 44
71 117
71 68
71 119
71 1
71 79
71 111
71 217
71 187
71 142
71 174
71 189
71 185
11 193
11 27
11 198
11 211
11 34
11 64
11 92
11 181
11 62
11 112
11 130
11 145
11 63
11 207
11 7
11 57
11 55
11 215
11 87
11 205
11 24
11 83
11 106
11 44
11 46
11 13
11 178
11 124
11 40
11 111
11 217
11 157
11 142
11 174
11 41
11 30
11 65
11 3
11 189
11 109
11 19
11 4
11 194
120 146
120 27
120 211
120 37
120 186
120 92
120 62
120 100
120 47
120 145
120 122
120 207
120 192
120 60
120 215
120 102
120 24
120 167
120 83
120 94
120 154
120 106
120 44
120 117
120 46
120 13
120 1
120 79
120 158
120 31
120 217
120 187
120 157
120 142
120 41
120 160
120 141
120 216
120 30
120 49
120 191
120 163
120 89
120 88
120 101
120 4
206 135
206 146
206 27
206 143
206 188
206 177
206 186
206 25
206 201
206 33
206 100
206 47
206 204
206 207
206 138
206 192
206 183
206 215
206 167
206 83
206 48
206 59
206 154
206 106
206 10
206 81
206 117
206 68
206 119
206 13
206 1
206 107
206 114
206 158
206 124
206 86
206 129
206 217
206 187
206 85
206 99
206 216
206 30
206 189
206 109
206 148
206 70
206 202
206 173
206 4
206 126
206 169
193 135
193 108
193 143
193 195
193 181
193 51
193 47
193 112
193 122
193 207
193 7
193 55
193 215
193 73
193 102
193 144
193 36
193 83
193 48
193 104
193 94
193 59
193 106
193 44
193 117
193 68
193 46
193 13
193 170
193 127
193 178
193 124
193 175
193 190
193 111
193 129
193 85
193 160
193 191
193 121
193 88
193 173
193 19
193 185
193 4
193 126
193 194
193 169
135 146
135 27
135 198
135 18
135 108
135 67
135 29
135 195
135 181
135 20
135 100
135 51
135 47
135 112
135 207
135 192
135 60
135 183
135 215
135 23
135 205
135 17
135 144
135 36
135 59
135 154
135 44
135 81
135 166
135 46
135 170
135 1
135 158
135 124
135 175
135 31
135 86
135 187
135 157
135 85
135 142
135 174
135 160
135 30
135 3
135 153
135 191
135 163
135 88
135 70
135 126
135 169
146 35
146 211
146 108
146 143
146 188
146 37
146 34
146 186
146 29
146 25
146 33
146 51
146 47
146 112
146 130
146 183
146 23
146 87
146 144
146 36
146 24
146 167
146 48
146 10
146 81
146 166
146 117
146 107
146 127
146 175
146 86
146 129
146 142
146 174
146 28
146 160
146 141
146 30
146 153
146 16
146 173
146 19
146 4
35 198
35 108
35 188
35 67
35 177
35 34
35 136
35 92
35 29
35 195
35 181
35 20
35 51
35 145
35 63
35 207
35 7
35 55
35 138
35 60
35 215
35 73
35 102
35 205
35 17
35 36
35 167
35 94
35 59
35 106
35 44
35 13
35 127
35 158
35 124
35 175
35 190
35 86
35 111
35 217
35 157
35 174
35 141
35 3
35 153
35 16
35 189
35 191
35 121
35 163
35 185
35 4
35 194
35 169
27 198
27 96
27 18
27 108
27 37
27 176
27 64
27 186
27 92
27 181
27 20
27 51
27 47
27 204
27 130
27 145
27 122
27 207
27 7
27 138
27 87
27 102
27 59
27 10
27 44
27 166
27 117
27 68
27 46
27 127
27 114
27 175
27 190
27 86
27 111
27 129
27 99
27 142
27 28
27 153
27 109
27 163
27 19
27 185
27 126
198 96
198 18
198 143
198 188
198 37
198 140
198 136
198 176
198 25
198 195
198 181
198 62
198 204
198 130
198 145
198 122
198 55
198 192
198 23
198 6
198 94
198 106
198 81
198 117
198 68
198 1
198 107
198 45
198 114
198 79
198 158
198 175
198 31
198 86
198 40
198 157
198 85
198 99
198 142
198 141
198 16
198 191
198 163
198 88
198 70
198 4
198 126
198 194
96 37
96 136
96 64
96 186
96 25
96 100
96 47
96 204
96 130
96 7
96 57
96 55
96 60
96 183
96 215
96 36
96 24
96 167
96 104
96 154
96 68
96 46
96 119
96 170
96 127
96 178
96 114
96 79
96 175
96 31
96 86
96 40
96 187
96 142
96 28
96 41
96 141
96 30
96 65
96 189
96 109
96 148
96 88
96 70
96 4
211 67
211 34
211 140
211 136
211 176
211 186
211 92
211 181
211 62
211 100
211 51
211 204
211 7
211 138
211 192
211 73
211 102
211 36
211 24
211 83
211 48
211 94
211 59
211 10
211 166
211 1
211 107
211 190
211 86
211 99
211 142
211 174
211 203
211 160
211 216
211 65
211 16
211 189
211 121
211 89
211 70
211 101
211 194
211 169
18 108
18 188
18 136
18 176
18 186
18 62
18 33
18 100
18 51
18 204
18 112
18 145
18 207
18 138
18 192
18 23
18 17
18 144
18 10
18 81
18 117
18 68
18 46
18 119
18 170
18 45
18 178
18 79
18 158
18 31
18 40
18 187
18 85
18 160
18 141
18 216
18 189
18 148
18 163
18 89
18 88
18 70
18 202
18 101
18 173
18 4
18 169
108 143
108 37
108 136
108 176
108 64
108 92
108 100
108 51
108 130
108 145
108 192
108 60
108 215
108 102
108 205
108 144
108 36
108 6
108 83
108 104
108 154
108 81
108 117
108 170
108 107
108 114
108 158
108 175
108 31
108 190
108 40
108 111
108 129
108 142
108 203
108 28
108 141
108 65
108 153
108 16
108 89
108 70
108 202
108 185
143 34
143 140
143 64
143 25
143 33
143 51
143 112
143 63
143 55
143 138
143 192
143 60
143 23
143 87
143 102
143 205
143 144
143 36
143 6
143 48
143 104
143 154
143 106
143 166
143 13
143 170
143 1
143 127
143 158
143 124
143 190
143 86
143 40
143 187
143 157
143 85
143 142
143 203
143 41
143 160
143 65
143 191
143 70
143 173
143 19
143 185
143 126
143 194
143 169
188 177
188 140
188 136
188 64
188 92
188 29
188 181
188 100
188 51
188 47
188 145
188 122
188 55
188 192
188 183
188 215
188 73
188 87
188 144
188 59
188 154
188 44
188 68
188 119
188 127
188 158
188 124
188 175
188 31
188 111
188 157
188 203
188 160
188 141
188 30
188 65
188 3
188 16
188 189
188 148
188 88
188 202
188 19
188 4
188 126
67 37
67 136
67 62
67 51
67 7
67 57
67 60
67 215
67 83
67 48
67 104
67 59
67 10
67 44
67 68
67 46
67 170
67 127
67 45
67 178
67 114
67 79
67 124
67 40
67 129
67 187
67 85
67 203
67 28
67 41
67 160
67 3
67 49
67 109
67 148
67 191
67 163
67 89
67 101
67 4
177 29
177 100
177 51
177 204
177 122
177 57
177 138
177 183
177 17
177 144
177 167
177 83
177 94
177 59
177 154
177 117
177 68
177 1
177 107
177 114
177 79
177 31
177 129
177 217
177 187
177 157
177 99
177 203
177 160
177 141
177 16
177 189
177 148
177 88
177 19
177 185
177 126
37 34
37 140
37 64
37 29
37 195
37 181
37 201
37 47
37 145
37 122
37 57
37 138
37 60
37 215
37 87
37 102
37 36
37 167
37 83
37 48
37 10
37 44
37 81
37 68
37 119
37 127
37 175
37 31
37 190
37 86
37 40
37 187
37 99
37 65
37 3
37 49
37 189
37 148
37 101
37 194
34 140
34 176
34 29
34 25
34 51
34 204
34 112
34 130
34 122
34 207
34 55
34 192
34 183
34 73
34 36
34 6
34 48
34 154
34 44
34 81
34 117
34 46
34 170
34 107
34 175
34 31
34 86
34 40
34 111
34 129
34 187
34 142
34 174
34 203
34 28
34 41
34 141
34 216
34 65
34 3
34 109
34 191
34 88
34 70
34 173
34 4
34 194
140 64
140 92
140 29
140 181
140 33
140 51
140 47
140 145
140 207
140 192
140 205
140 167
140 104
140 59
140 154
140 117
140 107
140 45
140 114
140 190
140 111
140 187
140 157
140 142
140 41
140 160
140 141
140 216
140 65
140 148
140 121
140 19
140 4
136 64
136 186
136 201
136 62
136 100
136 207
136 55
136 60
136 73
136 23
136 102
136 17
136 144
136 36
136 24
136 94
136 59
136 81
136 119
136 1
136 127
136 40
136 129
136 85
136 174
136 203
136 160
136 65
136 3
136 49
136 89
136 173
136 126
136 194
136 169
176 64
176 63
176 122
176 207
176 7
176 57
176 138
176 183
176 215
176 23
176 205
176 17
176 144
176 36
176 24
176 83
176 48
176 104
176 106
176 10
176 117
176 13
176 107
176 127
176 178
176 79
176 175
176 31
176 129
176 217
176 187
176 85
176 28
176 41
176 216
176 65
176 3
176 16
176 148
176 191
176 121
176 163
176 89
176 88
176 202
176 101
176 4
176 194
64 29
64 181
64 62
64 112
64 145
64 63
64 122
64 207
64 7
64 73
64 102
64 36
64 167
64 104
64 154
64 10
64 44
64 117
64 170
64 107
64 127
64 45
64 158
64 190
64 86
64 40
64 217
64 187
64 85
64 142
64 174
64 203
64 41
64 160
64 65
64 153
64 49
64 16
64 189
64 109
64 148
64 88
64 19
64 185
186 25
186 195
186 181
186 20
186 62
186 33
186 100
186 112
186 145
186 138
186 183
186 23
186 144
186 24
186 167
186 83
186 48
186 104
186 59
186 81
186 166
186 46
186 13
186 170
186 1
186 114
186 175
186 40
186 129
186 99
186 28
186 41
186 3
186 49
186 16
186 191
186 89
186 202
186 101
186 173
92 25
92 195
92 20
92 201
92 62
92 33
92 51
92 112
92 130
92 63
92 57
92 192
92 60
92 205
92 36
92 24
92 10
92 166
92 46
92 13
92 1
92 107
92 79
92 190
92 86
92 129
92 217
92 157
92 85
92 41
92 160
92 141
92 65
92 16
92 121
92 163
92 202
92 101
92 4
92 194
29 25
29 195
29 201
29 33
29 204
29 112
29 145
29 215
29 87
29 167
29 48
29 104
29 59
29 81
29 119
29 1
29 127
29 178
29 114
29 79
29 31
29 190
29 40
29 187
29 174
29 203
29 141
29 216
29 30
29 65
29 153
29 16
29 189
29 191
29 163
29 202
29 101
29 173
29 185
29 4
29 126
29 194
29 169
25 20
25 62
25 33
25 51
25 63
25 122
25 207
25 57
25 138
25 60
25 215
25 23
25 144
25 24
25 48
25 104
25 94
25 106
25 81
25 119
25 13
25 170
25 45
25 178
25 114
25 124
25 175
25 31
25 190
25 86
25 40
25 129
25 157
25 41
25 65
25 153
25 49
25 16
25 189
25 109
25 191
25 121
25 88
25 173
25 4
195 51
195 47
195 112
195 145
195 63
195 207
195 57
195 138
195 215
195 87
195 102
195 36
195 48
195 94
195 59
195 154
195 106
195 10
195 166
195 119
195 13
195 170
195 107
195 114
195 158
195 175
195 86
195 111
195 217
195 187
195 157
195 142
195 28
195 41
195 3
195 153
195 49
195 189
195 109
195 191
195 88
195 70
195 202
195 101
195 173
195 19
195 126
195 169
181 20
181 33
181 100
181 112
181 122
181 7
181 138
181 192
181 183
181 102
181 36
181 6
181 24
181 167
181 48
181 59
181 10
181 13
181 1
181 79
181 190
181 40
181 111
181 187
181 85
181 142
181 3
181 16
181 121
181 163
181 89
181 101
181 173
181 126
181 169
20 201
20 33
20 100
20 51
20 204
20 112
20 130
20 55
20 60
20 183
20 73
20 23
20 87
20 102
20 36
20 24
20 94
20 44
20 68
20 46
20 107
20 45
20 79
20 124
20 31
20 86
20 157
20 85
20 99
20 203
20 28
20 41
20 141
20 65
20 16
20 121
20 202
20 173
20 126
20 169
201 62
201 51
201 47
201 122
201 7
201 215
201 73
201 23
201 87
201 17
201 36
201 6
201 167
201 83
201 94
201 154
201 10
201 117
201 68
201 119
201 45
201 178
201 175
201 40
201 111
201 85
201 142
201 174
201 203
201 28
201 41
201 3
201 153
201 49
201 109
201 148
201 88
201 4
201 169
62 63
62 122
62 183
62 87
62 6
62 83
62 48
62 94
62 106
62 44
62 166
62 68
62 46
62 119
62 13
62 114
62 175
62 86
62 174
62 141
62 30
62 3
62 49
62 16
62 189
62 148
62 121
62 70
62 19
62 126
62 194
33 51
33 47
33 204
33 130
33 145
33 63
33 57
33 138
33 192
33 87
33 102
33 17
33 144
33 6
33 94
33 154
33 81
33 178
33 114
33 79
33 175
33 31
33 40
33 111
33 187
33 157
33 99
33 142
33 174
33 28
33 41
33 141
33 30
33 148
33 191
33 89
33 70
33 202
33 101
33 19
33 4
33 126
33 169
100 204
100 112
100 145
100 55
100 73
100 17
100 48
100 104
100 44
100 1
100 45
100 79
100 158
100 190
100 86
100 187
100 85
100 174
100 28
100 41
100 160
100 216
100 189
100 109
100 121
100 89
100 88
100 202
100 101
100 19
51 63
51 207
51 183
51 73
51 87
51 102
51 205
51 36
51 83
51 94
51 59
51 44
51 117
51 68
51 127
51 114
51 124
51 175
51 111
51 129
51 187
51 157
51 85
51 99
51 41
51 160
51 141
51 16
51 189
51 109
51 148
51 185
51 194
47 204
47 112
47 130
47 145
47 122
47 207
47 7
47 55
47 138
47 192
47 23
47 205
47 83
47 94
47 106
47 44
47 81
47 117
47 68
47 46
47 119
47 170
47 45
47 178
47 114
47 124
47 99
47 142
47 28
47 41
47 160
47 65
47 16
47 109
47 148
47 163
47 88
47 173
47 4
47 126
47 194
47 169
204 112
204 63
204 55
204 138
204 60
204 215
204 73
204 23
204 17
204 167
204 83
204 104
204 59
204 81
204 166
204 117
204 68
204 170
204 107
204 45
204 178
204 158
204 124
204 175
204 86
204 40
204 129
204 187
204 85
204 142
204 28
204 65
204 3
204 49
204 16
204 189
204 89
204 88
204 173
204 19
204 4
204 194
112 130
112 122
112 207
112 55
112 60
112 23
112 205
112 144
112 36
112 167
112 83
112 154
112 106
112 44
112 119
112 170
112 1
112 107
112 127
112 114
112 79
112 190
112 111
112 129
112 217
112 187
112 203
112 216
112 30
112 65
112 3
112 49
112 189
112 109
112 148
112 121
112 89
112 88
112 70
112 101
112 126
130 122
130 57
130 192
130 60
130 215
130 36
130 6
130 167
130 154
130 44
130 81
130 119
130 45
130 124
130 175
130 190
130 40
130 217
130 99
130 174
130 41
130 3
130 49
130 16
130 148
130 191
130 88
130 70
130 202
130 173
130 4
145 207
145 57
145 60
145 183
145 215
145 73
145 23
145 205
145 36
145 6
145 10
145 44
145 81
145 68
145 119
145 13
145 45
145 178
145 79
145 158
145 175
145 31
145 86
145 40
145 111
145 217
145 85
145 99
145 174
145 160
145 30
145 49
145 109
145 121
145 89
145 88
145 202
145 173
145 185
145 126
63 122
63 207
63 57
63 183
63 23
63 205
63 36
63 24
63 167
63 48
63 59
63 10
63 81
63 68
63 170
63 45
63 178
63 175
63 190
63 86
63 40
63 187
63 157
63 99
63 142
63 28
63 141
63 3
63 153
63 49
63 16
63 191
63 202
63 173
63 185
63 126
63 169
122 7
122 55
122 138
122 183
122 215
122 205
122 6
122 24
122 167
122 59
122 154
122 106
122 10
122 68
122 46
122 119
122 1
122 107
122 178
122 79
122 124
122 217
122 85
122 203
122 160
122 216
122 16
122 189
122 109
122 173
122 19
122 4
207 55
207 138
207 60
207 215
207 87
207 144
207 6
207 24
207 167
207 94
207 59
207 106
207 10
207 68
207 13
207 45
207 114
207 190
207 86
207 187
207 142
207 174
207 41
207 141
207 65
207 3
207 49
207 88
207 70
207 19
207 185
207 194
207 169
7 57
7 138
7 73
7 23
7 87
7 6
7 24
7 48
7 81
7 117
7 119
7 170
7 107
7 178
7 158
7 31
7 190
7 129
7 217
7 142
7 174
7 203
7 160
7 216
7 65
7 153
7 189
7 191
57 138
57 60
57 215
57 73
57 87
57 17
57 36
57 83
57 106
57 119
57 1
57 127
57 114
57 79
57 85
57 99
57 142
57 203
57 41
57 3
57 153
57 16
57 189
57 148
57 89
57 202
57 101
57 185
57 194
55 192
55 60
55 183
55 215
55 73
55 24
55 59
55 106
55 44
55 81
55 68
55 170
55 1
55 127
55 114
55 79
55 158
55 175
55 31
55 40
55 187
55 28
55 141
55 3
55 189
55 109
55 89
55 70
55 19
55 185
55 126
138 87
138 102
138 17
138 167
138 83
138 48
138 104
138 154
138 68
138 46
138 170
138 158
138 124
138 31
138 86
138 40
138 85
138 174
138 203
138 28
138 41
138 216
138 153
138 16
138 121
138 89
138 88
138 169
192 183
192 73
192 102
192 167
192 83
192 104
192 59
192 154
192 44
192 117
192 68
192 119
192 13
192 1
192 114
192 79
192 40
192 111
192 129
192 217
192 157
192 99
192 142
192 174
192 203
192 41
192 141
192 49
192 148
192 121
192 163
192 88
192 173
192 19
192 185
60 215
60 87
60 24
60 167
60 83
60 48
60 104
60 59
60 117
60 46
60 13
60 107
60 127
60 178
60 114
60 79
60 124
60 187
60 85
60 99
60 160
60 141
60 148
60 191
60 70
60 194
183 215
183 73
183 23
183 17
183 167
183 59
183 154
183 10
183 81
183 117
183 114
183 79
183 158
183 190
183 129
183 217
183 187
183 85
183 99
183 41
183 141
183 153
183 49
183 191
183 163
183 202
183 101
183 126
215 73
215 23
215 17
215 6
215 167
215 48
215 10
215 44
215 119
215 13
215 114
215 79
215 124
215 111
215 157
215 142
215 28
215 41
215 189
215 191
215 163
215 89
215 173
215 19
215 126
215 194
215 169
73 87
73 17
73 144
73 36
73 24
73 167
73 94
73 59
73 154
73 44
73 81
73 117
73 68
73 13
73 1
73 127
73 45
73 114
73 175
73 190
73 86
73 40
73 129
73 217
73 99
73 203
73 41
73 216
73 65
73 153
73 49
73 109
73 191
73 88
73 70
73 19
73 169
23 17
23 144
23 6
23 24
23 167
23 59
23 154
23 119
23 1
23 45
23 114
23 79
23 124
23 111
23 217
23 99
23 41
23 160
23 30
23 153
23 148
23 70
23 173
23 126
87 102
87 17
87 167
87 48
87 59
87 154
87 44
87 166
87 119
87 1
87 79
87 124
87 190
87 187
87 85
87 142
87 160
87 216
87 65
87 16
87 189
87 148
87 202
87 19
87 4
87 126
102 24
102 83
102 104
102 10
102 81
102 68
102 170
102 1
102 178
102 79
102 31
102 85
102 142
102 174
102 203
102 141
102 65
102 3
102 16
102 121
102 163
102 89
102 88
102 70
102 202
102 101
102 173
102 126
102 194
205 17
205 6
205 24
205 154
205 106
205 166
205 107
205 127
205 178
205 124
205 175
205 40
205 203
205 28
205 41
205 160
205 65
205 3
205 16
205 189
205 109
205 148
205 121
205 202
205 101
17 36
17 83
17 59
17 106
17 10
17 44
17 119
17 13
17 1
17 107
17 175
17 190
17 217
17 142
17 160
17 216
17 30
17 153
17 121
17 89
17 88
17 101
17 173
17 185
17 126
17 194
144 24
144 48
144 154
144 10
144 81
144 117
144 68
144 1
144 107
144 127
144 79
144 124
144 175
144 129
144 217
144 157
144 141
144 30
144 65
144 3
144 153
144 109
144 191
144 163
144 70
144 101
144 126
144 194
36 6
36 167
36 94
36 154
36 68
36 45
36 79
36 124
36 190
36 99
36 203
36 30
36 65
36 49
36 189
36 121
36 88
36 101
36 4
36 126
6 83
6 94
6 59
6 106
6 46
6 13
6 170
6 79
6 158
6 190
6 40
6 111
6 129
6 187
6 174
6 30
6 3
6 153
6 16
6 189
6 109
6 191
6 121
6 163
6 89
6 101
24 167
24 106
24 166
24 68
24 107
24 45
24 79
24 124
24 190
24 86
24 111
24 187
24 174
24 28
24 216
24 153
24 189
24 191
24 163
24 89
24 70
24 101
24 19
24 194
167 48
167 94
167 10
167 81
167 13
167 127
167 45
167 158
167 31
167 86
167 129
167 187
167 157
167 85
167 142
167 28
167 41
167 141
167 30
167 65
167 49
167 189
167 121
167 88
167 19
167 4
167 126
167 169
83 154
83 106
83 10
83 81
83 166
83 170
83 1
83 107
83 127
83 45
83 175
83 31
83 190
83 111
83 28
83 41
83 160
83 30
83 109
83 148
83 191
83 121
83 89
83 19
83 126
48 94
48 59
48 81
48 117
48 68
48 170
48 1
48 178
48 79
48 124
48 217
48 187
48 85
48 174
48 160
48 30
48 153
48 189
48 148
48 191
48 121
48 163
48 202
48 101
48 126
48 194
48 169
104 106
104 10
104 44
104 166
104 117
104 68
104 1
104 79
104 175
104 31
104 40
104 217
104 157
104 99
104 174
104 28
104 160
104 216
104 65
104 3
104 153
104 189
104 109
104 191
104 121
104 163
104 88
104 101
104 185
104 126
104 194
94 44
94 166
94 107
94 45
94 79
94 158
94 31
94 111
94 129
94 187
94 85
94 203
94 41
94 216
94 30
94 65
94 3
94 153
94 16
94 189
94 121
94 89
94 88
94 202
59 106
59 10
59 81
59 166
59 68
59 119
59 13
59 170
59 127
59 45
59 178
59 114
59 79
59 158
59 175
59 190
59 40
59 217
59 187
59 99
59 160
59 30
59 3
59 153
59 109
59 121
59 163
59 89
59 101
59 173
59 4
59 169
154 10
154 166
154 68
154 46
154 170
154 178
154 158
154 124
154 190
154 40
154 129
154 217
154 85
154 174
154 41
154 141
154 216
154 30
154 3
154 189
154 148
154 121
154 163
154 70
154 202
154 173
154 19
106 10
106 44
106 81
106 117
106 46
106 119
106 107
106 45
106 79
106 31
106 40
106 111
106 129
106 157
106 174
106 203
106 41
106 3
106 153
106 189
106 109
106 148
106 121
106 89
106 126
106 194
10 44
10 166
10 117
10 68
10 46
10 1
10 127
10 178
10 124
10 175
10 31
10 129
10 217
10 142
10 41
10 160
10 30
10 3
10 49
10 189
10 109
10 191
10 121
10 163
10 4
10 169
44 166
44 68
44 178
44 114
44 79
44 158
44 124
44 175
44 31
44 190
44 86
44 129
44 99
44 203
44 28
44 160
44 49
44 191
44 202
44 101
44 126
81 117
81 68
81 46
81 13
81 170
81 127
81 158
81 124
81 31
81 129
81 187
81 99
81 174
81 203
81 41
81 141
81 3
81 189
81 202
81 101
81 19
81 194
81 169
166 46
166 170
166 1
166 114
166 31
166 86
166 85
166 99
166 160
166 216
166 30
166 65
166 49
166 189
166 121
166 163
166 88
166 202
166 101
166 173
166 185
117 68
117 119
117 13
117 107
117 45
117 175
117 86
117 187
117 142
117 216
117 30
117 153
117 16
117 148
117 163
117 89
117 88
117 202
117 101
117 185
117 126
117 194
68 46
68 1
68 107
68 114
68 158
68 124
68 111
68 217
68 157
68 142
68 174
68 203
68 153
68 16
68 189
68 148
68 121
68 89
68 88
68 185
68 126
68 194
46 13
46 178
46 114
46 158
46 124
46 175
46 86
46 40
46 129
46 99
46 142
46 203
46 41
46 160
46 216
46 16
46 109
46 148
46 191
46 163
46 88
46 101
46 173
46 19
46 4
119 13
119 1
119 107
119 45
119 124
119 40
119 217
119 41
119 3
119 16
119 88
119 70
119 169
13 1
13 107
13 127
13 45
13 114
13 158
13 31
13 86
13 111
13 187
13 157
13 85
13 99
13 174
13 203
13 28
13 65
13 16
13 189
13 109
13 148
13 163
13 89
13 88
13 202
13 101
13 4
13 169
170 124
170 31
170 190
170 111
170 217
170 157
170 85
170 30
170 3
170 49
170 189
170 109
170 191
170 121
170 101
170 126
170 194
170 169
1 127
1 45
1 178
1 114
1 175
1 86
1 129
1 99
1 142
1 203
1 141
1 3
1 153
1 109
1 191
1 202
1 4
1 194
1 169
107 178
107 114
107 124
107 175
107 111
107 217
107 174
107 203
107 41
107 141
107 3
107 16
107 89
107 70
107 4
107 194
127 158
127 31
127 190
127 40
127 187
127 99
127 41
127 153
127 49
127 109
127 163
127 185
127 4
45 114
45 175
45 31
45 190
45 40
45 85
45 142
45 203
45 28
45 41
45 160
45 141
45 65
45 189
45 121
45 88
45 173
45 169
178 31
178 190
178 99
178 160
178 141
178 216
178 16
178 109
178 89
178 202
178 19
178 4
114 79
114 158
114 124
114 40
114 129
114 157
114 142
114 41
114 160
114 153
114 16
114 191
114 163
114 89
114 173
114 19
114 126
114 169
79 158
79 31
79 86
79 40
79 111
79 217
79 187
79 85
79 142
79 203
79 28
79 160
79 216
79 30
79 3
79 109
79 191
79 88
79 202
79 173
79 4
158 175
158 86
158 40
158 187
158 99
158 142
158 41
158 141
158 30
158 153
158 70
158 194
124 175
124 86
124 111
124 187
124 157
124 85
124 99
124 142
124 28
124 41
124 160
124 65
124 3
124 16
124 109
124 191
124 121
124 88
124 19
124 4
124 169
175 86
175 85
175 174
175 160
175 141
175 216
175 30
175 3
175 148
175 89
175 88
175 70
175 101
175 173
175 126
175 169
31 217
31 187
31 142
31 28
31 216
31 153
31 16
31 148
31 163
31 89
31 70
31 173
31 19
31 126
31 194
31 169
190 86
190 40
190 111
190 187
190 157
190 85
190 28
190 41
190 160
190 49
190 16
190 189
190 148
190 191
190 163
190 89
190 185
190 169
86 40
86 216
86 65
86 49
86 16
86 163
86 88
86 101
86 173
86 19
86 185
86 4
86 169
40 187
40 157
40 85
40 99
40 41
40 160
40 141
40 216
40 30
40 153
40 49
40 16
40 189
40 109
40 191
40 163
40 89
40 70
40 202
40 101
40 19
40 185
111 187
111 157
111 99
111 174
111 203
111 28
111 216
111 109
111 148
111 121
111 88
111 185
111 4
129 217
129 99
129 141
129 30
129 16
129 189
129 191
129 88
129 126
217 85
217 142
217 41
217 160
217 216
217 30
217 65
217 189
217 109
217 191
217 101
217 173
217 194
187 142
187 203
187 28
187 216
187 191
187 101
187 173
187 19
157 85
157 99
157 41
157 141
157 216
157 30
157 65
157 153
157 49
157 16
157 191
157 88
157 70
157 202
157 101
157 19
157 126
157 194
157 169
85 99
85 174
85 41
85 160
85 216
85 3
85 189
85 191
85 163
85 88
85 101
85 4
99 142
99 160
99 109
99 121
99 163
99 202
99 101
99 19
99 185
99 126
142 174
142 41
142 30
142 70
142 101
142 19
174 203
174 141
174 30
174 153
174 148
174 89
174 88
203 41
203 141
203 30
203 65
203 3
203 153
203 121
203 202
203 173
203 19
203 185
203 169
28 41
28 160
28 65
28 189
28 121
28 163
28 70
28 19
28 4
41 160
41 141
41 216
41 65
41 16
41 189
41 109
41 191
41 88
41 202
41 101
41 19
41 185
41 126
160 216
160 30
160 109
160 191
160 121
160 4
160 194
141 153
141 16
141 189
141 148
141 163
141 88
141 202
141 173
141 185
141 4
141 194
141 169
216 65
216 3
216 153
216 16
216 109
216 163
216 88
216 202
216 101
216 126
30 89
30 70
30 185
30 126
65 153
65 189
65 121
65 89
65 70
65 202
65 101
65 173
65 185
65 194
65 169
3 16
3 189
3 109
3 89
3 88
3 70
3 202
3 185
3 4
3 126
153 49
153 109
153 89
153 88
153 202
153 4
153 169
49 89
49 88
49 202
49 101
49 185
49 4
16 191
16 121
16 163
16 88
16 70
16 185
16 169
189 191
189 121
189 89
189 202
189 101
189 185
189 4
189 126
189 169
109 121
109 19
109 4
109 126
148 88
148 202
148 4
191 121
191 163
191 202
191 101
191 173
191 19
191 4
191 169
121 89
121 19
121 126
121 169
163 88
163 202
163 101
163 19
163 185
163 4
163 169
89 173
89 126
89 194
89 169
88 173
88 19
88 185
70 185
70 4
70 194
202 173
202 169
101 173
101 19
101 185
101 194
101 169
173 19
173 126
173 194
19 126
19 169
185 126
185 169
4 169
126 169
