*verties 191
4
72
181
54
192
218
14
195
158
5
134
194
95
184
35
97
80
208
94
42
193
57
66
163
78
217
121
75
96
119
51
188
135
142
201
209
34
11
130
136
113
206
70
131
219
60
21
215
87
53
1
37
68
62
2
180
56
214
48
179
107
211
147
182
176
106
169
15
10
9
20
38
196
52
117
55
43
16
166
171
64
133
115
137
183
122
191
58
172
123
86
199
13
29
36
124
99
198
164
7
19
47
6
103
23
127
146
173
102
205
67
139
140
90
216
92
71
41
46
126
202
50
88
74
0
32
170
145
160
40
77
187
81
76
31
63
148
116
118
168
213
111
109
25
110
143
177
186
203
104
210
162
128
28
85
98
93
151
200
101
112
3
189
84
157
144
22
17
175
18
82
161
204
154
155
59
141
149
30
120
12
27
33
79
159
83
73
89
174
197
100
*edges 
4 184
4 42
4 193
4 78
4 188
4 60
4 62
4 169
4 9
4 16
4 171
4 199
4 124
4 71
4 126
4 202
4 0
4 116
4 118
4 110
4 177
4 186
4 3
4 22
4 204
4 33
4 159
4 83
72 54
72 218
72 158
72 134
72 194
72 184
72 97
72 57
72 217
72 119
72 51
72 142
72 206
72 21
72 87
72 37
72 2
72 107
72 211
72 10
72 55
72 166
72 58
72 86
72 13
72 36
72 124
72 7
72 6
72 127
72 74
72 76
72 25
72 143
72 28
72 157
72 144
72 204
72 89
181 195
181 95
181 96
181 135
181 201
181 136
181 131
181 60
181 215
181 62
181 180
181 56
181 107
181 211
181 147
181 169
181 38
181 166
181 137
181 99
181 7
181 47
181 67
181 41
181 77
181 81
181 63
181 116
181 213
181 143
181 200
181 3
181 189
181 17
181 161
181 204
54 5
54 194
54 80
54 193
54 135
54 34
54 206
54 60
54 215
54 53
54 1
54 211
54 38
54 196
54 55
54 16
54 172
54 29
54 7
54 6
54 46
54 74
54 170
54 77
54 31
54 213
54 203
54 104
54 162
54 98
54 200
54 175
54 18
54 149
54 33
54 79
54 174
54 197
192 14
192 134
192 184
192 35
192 208
192 42
192 121
192 96
192 51
192 188
192 70
192 131
192 60
192 2
192 180
192 106
192 169
192 15
192 20
192 38
192 171
192 64
192 183
192 122
192 58
192 29
192 36
192 164
192 23
192 139
192 126
192 202
192 88
192 145
192 63
192 118
192 111
192 186
192 128
192 200
192 157
192 175
192 59
192 33
192 159
192 89
218 195
218 35
218 193
218 66
218 163
218 11
218 206
218 87
218 53
218 68
218 211
218 182
218 106
218 64
218 137
218 183
218 199
218 99
218 198
218 173
218 126
218 202
218 88
218 74
218 32
218 170
218 145
218 160
218 187
218 31
218 111
218 143
218 85
218 151
218 112
218 22
218 18
218 204
218 141
218 149
218 30
14 158
14 80
14 75
14 201
14 11
14 130
14 60
14 215
14 87
14 180
14 214
14 107
14 10
14 38
14 117
14 172
14 124
14 146
14 173
14 50
14 74
14 145
14 31
14 93
14 175
14 204
14 59
14 27
14 79
14 100
195 184
195 57
195 66
195 163
195 75
195 96
195 188
195 142
195 201
195 11
195 70
195 60
195 37
195 2
195 214
195 15
195 20
195 166
195 58
195 123
195 199
195 13
195 29
195 103
195 102
195 71
195 41
195 126
195 160
195 77
195 187
195 81
195 31
195 168
195 203
195 162
195 151
195 84
195 120
195 12
195 27
195 83
195 89
195 174
158 35
158 66
158 96
158 34
158 2
158 211
158 147
158 10
158 9
158 20
158 38
158 196
158 117
158 55
158 122
158 86
158 47
158 23
158 127
158 146
158 46
158 126
158 170
158 63
158 116
158 118
158 213
158 25
158 162
158 144
158 204
158 59
158 149
158 120
158 159
158 89
158 174
5 194
5 66
5 119
5 136
5 113
5 70
5 131
5 21
5 215
5 214
5 179
5 169
5 52
5 43
5 166
5 171
5 133
5 123
5 124
5 99
5 90
5 216
5 71
5 170
5 168
5 128
5 204
5 141
5 33
5 89
5 174
134 97
134 208
134 94
134 42
134 57
134 66
134 78
134 96
134 188
134 11
134 131
134 53
134 2
134 56
134 48
134 106
134 183
134 58
134 86
134 99
134 198
134 19
134 47
134 127
134 67
134 90
134 71
134 46
134 74
134 111
134 143
134 104
134 200
134 27
134 159
134 174
134 100
194 193
194 142
194 136
194 60
194 53
194 48
194 179
194 38
194 52
194 183
194 58
194 29
194 99
194 19
194 6
194 103
194 173
194 71
194 126
194 0
194 170
194 40
194 187
194 31
194 63
194 148
194 111
194 128
194 200
194 22
194 175
194 27
194 79
95 184
95 94
95 113
95 53
95 68
95 48
95 211
95 182
95 106
95 169
95 52
95 43
95 122
95 86
95 36
95 47
95 102
95 139
95 41
95 88
95 0
95 213
95 110
95 210
95 128
95 98
95 93
95 189
95 22
95 155
95 159
95 174
184 97
184 94
184 57
184 163
184 217
184 75
184 51
184 142
184 34
184 113
184 131
184 214
184 48
184 176
184 15
184 9
184 38
184 52
184 117
184 64
184 122
184 191
184 172
184 13
184 124
184 146
184 173
184 205
184 139
184 41
184 46
184 126
184 187
184 31
184 116
184 118
184 143
184 177
184 104
184 151
184 18
184 161
184 155
184 12
184 83
184 174
184 197
35 80
35 208
35 119
35 11
35 131
35 21
35 62
35 214
35 179
35 211
35 176
35 106
35 196
35 52
35 43
35 64
35 133
35 123
35 6
35 23
35 205
35 139
35 140
35 41
35 126
35 202
35 88
35 111
35 177
35 186
35 98
35 101
35 175
35 161
35 59
35 30
35 79
35 89
97 217
97 96
97 201
97 131
97 219
97 21
97 215
97 87
97 37
97 214
97 48
97 107
97 147
97 15
97 10
97 196
97 43
97 58
97 172
97 99
97 7
97 67
97 46
97 50
97 88
97 170
97 63
97 213
97 109
97 203
97 162
97 128
97 175
97 120
80 193
80 57
80 75
80 201
80 209
80 34
80 113
80 206
80 219
80 60
80 37
80 180
80 48
80 107
80 15
80 43
80 16
80 166
80 64
80 122
80 99
80 19
80 103
80 23
80 127
80 173
80 46
80 202
80 50
80 40
80 187
80 162
80 128
80 98
80 200
80 112
80 3
80 189
80 157
80 204
80 155
208 94
208 163
208 75
208 135
208 142
208 11
208 68
208 62
208 180
208 211
208 182
208 15
208 191
208 86
208 13
208 198
208 164
208 47
208 6
208 146
208 205
208 67
208 71
208 32
208 170
208 40
208 187
208 63
208 186
208 162
208 128
208 3
208 84
208 144
208 22
208 82
208 155
208 141
208 197
94 42
94 163
94 217
94 119
94 136
94 113
94 131
94 62
94 56
94 179
94 211
94 9
94 196
94 137
94 123
94 29
94 164
94 7
94 6
94 146
94 102
94 140
94 216
94 0
94 32
94 76
94 213
94 109
94 110
94 177
94 104
94 162
94 85
94 98
94 84
94 157
94 144
94 22
94 82
94 161
94 204
94 27
94 83
94 197
42 193
42 217
42 51
42 201
42 1
42 179
42 211
42 106
42 196
42 52
42 171
42 36
42 164
42 6
42 23
42 140
42 90
42 216
42 71
42 88
42 187
42 168
42 110
42 104
42 210
42 128
42 3
42 175
42 27
42 33
193 96
193 135
193 142
193 130
193 206
193 70
193 219
193 107
193 211
193 106
193 15
193 10
193 16
193 133
193 183
193 58
193 199
193 13
193 29
193 36
193 47
193 103
193 23
193 92
193 71
193 74
193 170
193 31
193 116
193 213
193 111
193 109
193 186
193 85
193 17
193 175
193 161
193 204
193 141
193 159
193 73
193 197
57 163
57 135
57 201
57 131
57 53
57 1
57 37
57 10
57 55
57 166
57 171
57 137
57 103
57 173
57 102
57 67
57 46
57 187
57 143
57 186
57 128
57 157
57 175
57 82
57 154
57 159
57 89
66 163
66 135
66 34
66 11
66 219
66 53
66 1
66 180
66 196
66 117
66 166
66 133
66 115
66 183
66 172
66 199
66 13
66 29
66 19
66 103
66 127
66 146
66 205
66 67
66 71
66 126
66 202
66 0
66 31
66 63
66 213
66 110
66 186
66 104
66 112
66 3
66 141
66 120
66 12
66 33
66 89
66 100
163 78
163 217
163 75
163 51
163 201
163 209
163 219
163 214
163 182
163 117
163 166
163 64
163 115
163 172
163 86
163 198
163 19
163 6
163 102
163 139
163 90
163 216
163 202
163 145
163 77
163 76
163 31
163 168
163 177
163 98
163 93
163 151
163 101
163 82
163 59
163 30
163 27
163 159
163 83
78 96
78 142
78 130
78 136
78 21
78 215
78 37
78 62
78 147
78 183
78 172
78 86
78 199
78 198
78 23
78 127
78 146
78 67
78 140
78 216
78 170
78 187
78 81
78 111
78 110
78 101
78 3
78 82
78 154
78 149
78 159
78 73
217 201
217 209
217 130
217 60
217 21
217 56
217 107
217 147
217 10
217 20
217 55
217 166
217 133
217 164
217 127
217 139
217 140
217 126
217 32
217 170
217 162
217 128
217 93
217 200
217 157
217 161
217 141
217 120
217 159
217 83
217 89
217 174
121 130
121 113
121 131
121 37
121 68
121 9
121 20
121 16
121 171
121 64
121 124
121 47
121 146
121 102
121 90
121 71
121 46
121 88
121 32
121 145
121 40
121 76
121 31
121 63
121 168
121 25
121 128
121 17
121 175
121 18
121 161
121 149
121 27
121 79
121 174
75 119
75 51
75 135
75 34
75 219
75 214
75 107
75 9
75 20
75 117
75 64
75 13
75 198
75 173
75 102
75 139
75 71
75 74
75 170
75 31
75 148
75 116
75 110
75 177
75 203
75 101
75 112
75 84
75 82
75 154
75 30
75 12
75 33
75 79
96 188
96 201
96 136
96 113
96 215
96 2
96 214
96 48
96 147
96 169
96 9
96 43
96 171
96 64
96 86
96 29
96 99
96 47
96 23
96 127
96 173
96 139
96 140
96 90
96 126
96 40
96 81
96 31
96 63
96 116
96 85
96 189
96 157
96 22
96 82
96 12
96 79
96 159
96 197
119 34
119 130
119 215
119 37
119 180
119 196
119 52
119 117
119 43
119 16
119 166
119 64
119 198
119 90
119 88
119 0
119 32
119 160
119 148
119 213
119 109
119 203
119 200
119 84
119 22
119 155
119 27
119 159
119 83
51 34
51 87
51 68
51 56
51 48
51 15
51 10
51 9
51 20
51 38
51 55
51 171
51 137
51 122
51 172
51 86
51 99
51 198
51 23
51 127
51 67
51 90
51 50
51 77
51 116
51 118
51 168
51 203
51 189
51 17
51 204
188 209
188 21
188 62
188 2
188 179
188 15
188 9
188 38
188 52
188 16
188 166
188 133
188 199
188 29
188 124
188 19
188 146
188 216
188 71
188 46
188 126
188 50
188 81
188 110
188 210
188 93
188 112
188 189
188 12
135 179
135 107
135 147
135 9
135 38
135 115
135 183
135 99
135 164
135 216
135 77
135 187
135 81
135 31
135 168
135 143
135 177
135 98
135 22
135 18
135 154
135 149
135 89
142 201
142 87
142 62
142 214
142 48
142 169
142 15
142 16
142 199
142 29
142 127
142 146
142 90
142 126
142 0
142 77
142 213
142 104
142 141
142 149
142 30
142 12
201 209
201 136
201 60
201 21
201 53
201 180
201 56
201 182
201 38
201 171
201 64
201 191
201 86
201 13
201 6
201 103
201 127
201 102
201 139
201 71
201 41
201 74
201 145
201 160
201 116
201 109
201 143
201 3
201 84
201 204
201 155
201 149
201 73
201 89
209 206
209 131
209 21
209 2
209 211
209 147
209 106
209 169
209 10
209 172
209 123
209 99
209 139
209 41
209 46
209 170
209 187
209 63
209 210
209 161
209 27
209 79
209 89
209 174
34 60
34 1
34 68
34 56
34 48
34 147
34 9
34 16
34 64
34 137
34 183
34 199
34 124
34 47
34 127
34 41
34 40
34 77
34 118
34 168
34 111
34 203
34 210
34 85
34 3
34 84
34 175
34 33
11 130
11 206
11 1
11 62
11 2
11 179
11 182
11 9
11 117
11 43
11 183
11 191
11 13
11 124
11 6
11 205
11 71
11 46
11 40
11 81
11 31
11 63
11 143
11 186
11 203
11 85
11 93
11 112
11 84
11 161
11 120
11 27
11 100
130 70
130 215
130 53
130 15
130 10
130 9
130 196
130 52
130 64
130 86
130 7
130 19
130 103
130 23
130 127
130 146
130 102
130 88
130 74
130 145
130 160
130 187
130 63
130 109
130 162
130 200
130 157
130 175
130 161
130 30
130 27
130 33
130 83
130 89
136 131
136 21
136 53
136 1
136 179
136 182
136 176
136 10
136 9
136 55
136 166
136 64
136 172
136 7
136 23
136 127
136 102
136 140
136 92
136 126
136 145
136 160
136 81
136 31
136 116
136 109
136 186
136 162
136 98
136 151
136 144
136 12
136 83
113 206
113 21
113 87
113 1
113 56
113 38
113 171
113 137
113 122
113 199
113 47
113 6
113 103
113 127
113 102
113 205
113 50
113 74
113 40
113 77
113 63
113 151
113 144
113 154
113 141
113 12
113 159
113 83
206 131
206 60
206 21
206 87
206 48
206 211
206 38
206 55
206 16
206 137
206 191
206 58
206 172
206 199
206 6
206 90
206 187
206 118
206 168
206 109
206 110
206 203
206 101
206 112
206 189
206 84
206 17
206 18
206 141
206 83
206 197
70 21
70 53
70 1
70 37
70 62
70 2
70 214
70 176
70 10
70 20
70 52
70 166
70 133
70 183
70 191
70 86
70 99
70 19
70 127
70 67
70 139
70 90
70 216
70 0
70 32
70 187
70 31
70 168
70 213
70 111
70 110
70 203
70 104
70 162
70 93
70 200
70 112
70 3
70 84
70 157
70 144
70 22
70 17
70 154
70 59
70 79
70 89
70 174
70 100
131 219
131 53
131 37
131 56
131 211
131 147
131 176
131 38
131 166
131 133
131 122
131 172
131 199
131 7
131 102
131 67
131 90
131 71
131 46
131 126
131 32
131 168
131 213
131 143
131 186
131 104
131 210
131 128
131 98
131 200
131 3
131 144
131 175
131 82
131 204
131 154
131 155
131 79
131 83
131 89
219 53
219 37
219 62
219 2
219 147
219 106
219 9
219 20
219 166
219 183
219 191
219 172
219 199
219 198
219 7
219 47
219 205
219 140
219 160
219 40
219 77
219 31
219 25
219 186
219 162
219 18
219 161
219 204
219 83
60 214
60 176
60 169
60 166
60 58
60 123
60 86
60 164
60 173
60 102
60 216
60 46
60 50
60 88
60 63
60 143
60 177
60 210
60 200
60 3
60 84
60 18
60 82
60 30
60 120
60 89
21 1
21 179
21 147
21 182
21 176
21 10
21 9
21 133
21 58
21 123
21 86
21 13
21 36
21 99
21 6
21 90
21 88
21 32
21 145
21 160
21 203
21 104
21 85
21 98
21 84
21 175
21 82
21 30
21 159
215 87
215 68
215 179
215 182
215 10
215 38
215 133
215 183
215 58
215 199
215 36
215 19
215 127
215 146
215 67
215 202
215 0
215 32
215 170
215 145
215 210
215 98
215 161
215 155
215 149
215 12
215 33
215 159
215 174
87 68
87 2
87 211
87 176
87 196
87 166
87 171
87 133
87 137
87 191
87 36
87 92
87 50
87 32
87 109
87 151
87 200
87 84
87 144
87 22
53 1
53 68
53 2
53 55
53 171
53 183
53 13
53 198
53 7
53 47
53 146
53 92
53 168
53 186
53 203
53 128
53 28
53 200
53 112
53 3
53 84
53 144
53 18
53 82
53 155
53 12
53 27
53 174
1 52
1 117
1 43
1 166
1 86
1 36
1 164
1 47
1 102
1 90
1 92
1 0
1 63
1 111
1 110
1 200
1 82
1 161
1 33
1 73
37 68
37 214
37 211
37 147
37 176
37 106
37 169
37 64
37 122
37 58
37 172
37 199
37 198
37 7
37 23
37 127
37 71
37 32
37 160
37 40
37 148
37 210
37 162
37 98
37 101
37 17
37 82
37 149
37 33
37 79
37 159
37 89
37 100
68 62
68 147
68 15
68 52
68 123
68 199
68 29
68 198
68 90
68 88
68 32
68 77
68 187
68 110
68 128
68 28
68 101
68 155
68 73
68 174
62 2
62 56
62 43
62 171
62 183
62 123
62 29
62 19
62 139
62 216
62 81
62 63
62 118
62 109
62 143
62 186
62 162
62 93
62 200
62 3
62 189
62 84
62 82
62 33
62 159
2 56
2 15
2 9
2 196
2 43
2 171
2 115
2 86
2 124
2 7
2 6
2 67
2 140
2 90
2 71
2 46
2 202
2 50
2 88
2 170
2 145
2 187
2 118
2 143
2 203
2 104
2 128
2 101
2 161
2 59
2 141
2 120
2 27
2 79
180 214
180 147
180 106
180 15
180 43
180 166
180 123
180 199
180 13
180 124
180 7
180 173
180 67
180 139
180 216
180 92
180 50
180 32
180 145
180 148
180 25
180 186
180 104
180 128
180 200
180 189
180 17
180 79
180 159
180 100
56 214
56 211
56 182
56 169
56 15
56 52
56 55
56 43
56 36
56 99
56 164
56 23
56 146
56 145
56 81
56 118
56 104
56 210
56 128
56 93
56 151
56 200
56 112
56 17
56 12
56 27
56 159
56 83
56 174
214 107
214 211
214 147
214 182
214 169
214 10
214 196
214 52
214 117
214 16
214 166
214 64
214 133
214 115
214 122
214 127
214 173
214 139
214 90
214 92
214 50
214 145
214 76
214 148
214 116
214 118
214 203
214 210
214 98
214 93
214 141
214 159
214 89
48 179
48 52
48 171
48 123
48 198
48 164
48 103
48 23
48 146
48 173
48 102
48 67
48 139
48 41
48 126
48 74
48 170
48 63
48 116
48 118
48 111
48 203
48 104
48 151
48 22
48 17
48 27
48 159
48 174
179 182
179 106
179 38
179 133
179 29
179 47
179 173
179 67
179 139
179 126
179 50
179 0
179 160
179 77
179 81
179 31
179 110
179 186
179 210
179 85
179 144
179 18
179 154
179 59
179 30
179 33
179 89
107 106
107 169
107 15
107 20
107 52
107 123
107 199
107 198
107 92
107 71
107 170
107 81
107 111
107 162
107 28
107 3
107 84
107 22
107 175
107 155
107 141
107 149
107 12
107 27
107 174
211 38
211 183
211 122
211 199
211 99
211 102
211 88
211 74
211 170
211 77
211 81
211 118
211 213
211 110
211 143
211 210
211 162
211 84
211 22
211 82
211 155
211 59
211 149
211 30
211 89
147 176
147 169
147 20
147 64
147 133
147 199
147 198
147 173
147 50
147 74
147 77
147 31
147 148
147 118
147 111
147 128
147 200
147 3
147 189
147 84
147 33
147 100
182 176
182 169
182 9
182 52
182 117
182 102
182 67
182 126
182 0
182 116
182 143
182 186
182 93
182 200
182 30
182 12
176 10
176 117
176 43
176 183
176 122
176 191
176 36
176 19
176 23
176 127
176 205
176 90
176 126
176 88
176 74
176 160
176 187
176 148
176 210
176 85
176 98
176 3
176 204
176 154
176 59
176 197
106 10
106 9
106 38
106 137
106 183
106 103
106 127
106 205
106 74
106 0
106 40
106 187
106 116
106 213
106 111
106 210
106 128
106 98
106 151
106 82
106 204
106 59
106 141
106 120
106 83
106 174
169 38
169 166
169 115
169 103
169 205
169 202
169 32
169 31
169 116
169 109
169 25
169 110
169 162
169 3
169 154
169 120
169 12
169 159
169 73
15 10
15 20
15 117
15 43
15 29
15 36
15 127
15 140
15 46
15 202
15 0
15 32
15 170
15 187
15 118
15 177
15 186
15 203
15 28
15 93
15 112
15 175
15 18
15 82
15 149
15 79
15 83
15 73
15 197
10 9
10 20
10 133
10 137
10 172
10 123
10 124
10 164
10 67
10 92
10 71
10 50
10 160
10 40
10 31
10 63
10 148
10 213
10 111
10 143
10 203
10 104
10 151
10 84
10 204
10 154
10 83
10 197
9 38
9 166
9 133
9 115
9 122
9 172
9 103
9 146
9 139
9 216
9 202
9 160
9 40
9 148
9 116
9 118
9 25
9 177
9 104
9 210
9 162
9 28
9 98
9 93
9 175
9 27
9 33
9 79
9 73
9 89
9 197
20 38
20 166
20 122
20 199
20 198
20 164
20 47
20 102
20 41
20 74
20 32
20 160
20 213
20 186
20 203
20 93
20 22
20 161
20 204
20 155
20 30
20 100
38 117
38 64
38 133
38 86
38 13
38 99
38 164
38 7
38 103
38 127
38 139
38 50
38 74
38 170
38 110
38 143
38 93
38 151
38 3
38 84
38 161
38 204
38 120
38 79
38 174
196 43
196 115
196 137
196 58
196 99
196 103
196 102
196 46
196 50
196 31
196 109
196 93
196 101
196 3
196 17
196 204
196 30
196 12
196 27
196 79
196 159
196 83
196 73
52 43
52 166
52 171
52 64
52 58
52 36
52 103
52 205
52 67
52 92
52 41
52 0
52 170
52 177
52 210
52 128
52 85
52 98
52 93
52 200
52 3
52 189
52 144
52 154
52 120
52 33
52 159
52 73
117 171
117 133
117 183
117 58
117 99
117 47
117 103
117 140
117 216
117 46
117 77
117 81
117 76
117 63
117 148
117 168
117 177
117 175
117 82
117 155
117 12
117 33
55 43
55 16
55 171
55 7
55 47
55 205
55 126
55 202
55 74
55 160
55 63
55 213
55 28
55 151
55 200
55 3
55 157
55 144
55 175
55 59
55 141
55 27
55 159
55 197
55 100
43 16
43 137
43 183
43 191
43 58
43 172
43 86
43 13
43 29
43 36
43 164
43 7
43 6
43 146
43 102
43 126
43 0
43 187
43 148
43 168
43 177
43 162
43 151
43 84
43 17
43 82
43 154
43 155
43 12
43 33
16 166
16 36
16 7
16 19
16 205
16 46
16 40
16 118
16 111
16 186
16 162
16 28
16 200
16 17
16 175
16 82
16 149
16 30
166 183
166 191
166 123
166 146
166 216
166 74
166 0
166 187
166 116
166 85
166 93
166 200
166 101
166 3
166 157
166 22
166 17
166 155
166 149
166 30
166 79
166 83
166 197
171 137
171 191
171 86
171 7
171 19
171 127
171 173
171 102
171 139
171 90
171 126
171 88
171 40
171 77
171 31
171 213
171 111
171 109
171 210
171 93
171 200
171 84
171 22
171 161
171 154
171 155
171 27
171 174
64 172
64 86
64 103
64 173
64 67
64 139
64 71
64 63
64 118
64 25
64 128
64 98
64 101
64 22
64 175
64 154
64 30
64 27
64 33
64 79
64 197
133 36
133 198
133 19
133 67
133 139
133 140
133 90
133 92
133 71
133 50
133 170
133 160
133 187
133 148
133 213
133 111
133 210
133 144
133 22
133 155
133 59
133 73
115 137
115 13
115 36
115 99
115 67
115 92
115 41
115 202
115 74
115 145
115 160
115 63
115 148
115 110
115 104
115 128
115 84
115 144
115 22
115 59
115 141
115 89
137 29
137 99
137 7
137 103
137 205
137 92
137 46
137 126
137 50
137 88
137 160
137 76
137 148
137 109
137 104
137 93
137 17
137 120
137 27
137 83
137 73
137 100
183 122
183 172
183 123
183 13
183 99
183 198
183 164
183 146
183 71
183 74
183 148
183 168
183 109
183 143
183 28
183 98
183 3
183 84
183 175
183 155
183 59
183 141
183 149
183 12
183 27
183 79
183 174
122 58
122 123
122 86
122 164
122 23
122 205
122 139
122 41
122 202
122 145
122 187
122 148
122 118
122 93
122 151
122 200
122 101
122 189
122 144
122 175
122 161
122 30
122 27
122 79
122 174
191 86
191 36
191 99
191 198
191 164
191 216
191 46
191 88
191 145
191 40
191 187
191 81
191 109
191 162
191 128
191 85
191 93
191 3
191 22
191 82
191 204
191 149
191 83
191 100
58 123
58 29
58 102
58 205
58 139
58 216
58 71
58 170
58 40
58 76
58 31
58 148
58 168
58 110
58 203
58 28
58 22
58 204
58 59
58 30
58 27
58 174
172 29
172 124
172 103
172 23
172 146
172 173
172 102
172 46
172 170
172 77
172 31
172 28
172 85
172 98
172 151
172 112
172 157
172 18
172 204
172 154
172 33
172 159
172 89
172 174
123 199
123 13
123 164
123 19
123 67
123 71
123 46
123 77
123 63
123 148
123 111
123 177
123 203
123 210
123 162
123 3
123 84
123 175
123 120
123 83
86 103
86 127
86 102
86 90
86 74
86 170
86 168
86 25
86 143
86 177
86 203
86 104
86 28
86 151
86 112
86 84
86 12
86 79
86 159
199 29
199 198
199 164
199 140
199 41
199 160
199 40
199 63
199 110
199 143
199 177
199 128
199 200
199 157
199 144
199 161
199 59
199 27
199 33
199 83
199 73
199 89
199 197
13 29
13 36
13 164
13 205
13 126
13 88
13 32
13 170
13 145
13 40
13 116
13 111
13 110
13 143
13 186
13 203
13 104
13 128
13 98
13 151
13 112
13 175
13 161
13 154
13 141
13 27
29 36
29 7
29 19
29 47
29 6
29 173
29 139
29 71
29 41
29 32
29 160
29 77
29 81
29 63
29 118
29 143
29 177
29 186
29 98
29 151
29 200
29 101
29 84
29 22
29 17
29 175
29 18
29 82
29 161
29 204
29 12
36 198
36 173
36 140
36 216
36 71
36 81
36 63
36 111
36 143
36 28
36 101
36 84
36 204
36 155
36 30
36 89
36 100
124 198
124 164
124 67
124 90
124 216
124 92
124 41
124 40
124 118
124 168
124 186
124 203
124 93
124 101
124 84
124 157
124 22
124 175
124 141
124 149
124 30
124 120
124 79
99 164
99 216
99 32
99 170
99 31
99 104
99 210
99 162
99 128
99 93
99 101
99 3
99 22
99 204
99 33
99 159
198 103
198 102
198 205
198 90
198 88
198 145
198 77
198 148
198 116
198 111
198 25
198 128
198 22
198 17
198 175
198 154
198 141
198 149
198 30
198 174
164 7
164 19
164 127
164 173
164 205
164 41
164 126
164 74
164 170
164 31
164 168
164 213
164 109
164 110
164 203
164 85
164 98
164 112
164 157
164 22
164 82
164 149
164 27
164 197
7 103
7 127
7 173
7 102
7 216
7 71
7 46
7 40
7 77
7 187
7 143
7 203
7 210
7 128
7 28
7 98
7 93
7 200
7 3
7 189
7 157
7 144
7 17
7 18
7 161
7 204
7 141
7 100
19 216
19 50
19 32
19 170
19 40
19 187
19 63
19 116
19 203
19 98
19 151
19 101
19 189
19 157
19 18
19 12
19 79
19 83
19 197
47 6
47 127
47 139
47 126
47 88
47 32
47 170
47 148
47 177
47 186
47 210
47 3
47 189
47 22
47 155
47 30
47 79
47 174
6 102
6 205
6 67
6 139
6 90
6 92
6 46
6 50
6 116
6 168
6 213
6 177
6 186
6 128
6 200
6 101
6 144
6 204
6 27
6 33
6 83
6 89
103 74
103 76
103 213
103 111
103 25
103 143
103 85
103 98
103 151
103 101
103 17
103 175
103 204
103 120
103 27
103 83
23 202
23 88
23 0
23 145
23 40
23 31
23 148
23 168
23 101
23 59
23 141
23 120
23 12
23 33
23 73
127 90
127 92
127 41
127 88
127 74
127 77
127 81
127 186
127 28
127 112
127 22
127 30
127 120
146 102
146 205
146 67
146 139
146 41
146 170
146 40
146 109
146 203
146 210
146 85
146 3
146 17
146 141
146 30
146 73
146 174
173 139
173 216
173 46
173 88
173 77
173 168
173 186
173 151
173 101
173 84
173 154
173 59
173 149
173 12
173 79
173 197
102 205
102 46
102 88
102 0
102 40
102 31
102 63
102 168
102 213
102 109
102 128
102 3
102 161
102 59
102 12
102 33
102 159
102 83
102 73
205 139
205 92
205 41
205 202
205 145
205 25
205 110
205 104
205 128
205 151
205 101
205 189
205 144
205 18
205 82
205 204
205 155
205 149
205 12
205 83
205 73
67 140
67 90
67 88
67 145
67 77
67 81
67 31
67 63
67 177
67 210
67 162
67 18
67 59
67 120
67 159
139 90
139 92
139 71
139 50
139 81
139 118
139 168
139 210
139 85
139 200
139 18
139 82
139 79
140 90
140 71
140 202
140 187
140 63
140 213
140 25
140 104
140 210
140 162
140 28
140 189
140 17
140 18
140 204
140 59
140 149
140 83
90 71
90 170
90 213
90 186
90 200
90 189
90 22
90 82
90 59
90 141
90 73
90 89
90 197
216 92
216 145
216 160
216 77
216 187
216 31
216 118
216 109
216 110
216 151
216 200
216 189
216 84
216 82
216 155
216 141
216 30
216 33
216 159
216 197
92 46
92 160
92 77
92 111
92 143
92 162
92 28
92 151
92 120
92 12
92 27
92 174
92 197
92 100
71 41
71 46
71 170
71 31
71 148
71 93
71 3
71 155
71 141
71 30
71 120
71 79
71 197
41 126
41 74
41 77
41 31
41 118
41 168
41 203
41 128
41 93
41 101
41 144
41 22
41 18
41 82
41 154
41 149
41 12
41 159
41 174
46 31
46 116
46 118
46 168
46 109
46 84
46 157
46 175
46 18
46 155
46 83
46 197
126 160
126 31
126 111
126 25
126 186
126 128
126 93
126 200
126 101
126 84
126 30
126 120
126 27
126 33
126 79
126 174
202 40
202 77
202 81
202 116
202 168
202 213
202 28
202 85
202 200
202 101
202 18
202 155
202 159
202 100
50 187
50 81
50 31
50 128
50 28
50 85
50 151
50 59
50 149
50 30
50 12
50 83
50 73
88 170
88 187
88 148
88 186
88 203
88 200
88 18
88 154
88 73
74 0
74 32
74 170
74 81
74 63
74 109
74 203
74 104
74 210
74 93
74 112
74 84
74 154
74 149
74 159
74 73
74 197
0 170
0 145
0 187
0 109
0 203
0 112
0 157
0 144
0 175
0 82
0 59
0 27
0 33
0 83
0 174
32 76
32 116
32 118
32 143
32 177
32 104
32 210
32 17
32 82
32 154
32 33
170 187
170 63
170 111
170 109
170 25
170 110
170 177
170 104
170 128
170 85
170 189
170 84
170 22
170 33
145 77
145 81
145 148
145 118
145 110
145 143
145 210
145 98
145 144
145 161
145 59
145 149
145 27
145 159
145 83
145 73
145 89
145 197
160 31
160 168
160 25
160 186
160 93
160 22
160 161
160 30
160 12
160 27
40 77
40 187
40 81
40 76
40 116
40 109
40 203
40 200
40 101
40 204
40 154
40 141
77 81
77 168
77 210
77 151
77 200
77 3
77 149
77 27
77 174
77 197
187 143
187 203
187 85
187 98
187 151
187 200
187 18
187 154
187 155
187 141
187 120
187 12
187 33
187 159
187 100
81 76
81 111
81 109
81 210
81 128
81 151
81 157
81 22
81 155
81 12
76 148
76 116
76 118
76 213
76 186
76 3
76 17
76 175
76 120
31 25
31 203
31 101
31 112
31 161
31 155
31 141
31 12
31 33
31 79
31 100
63 168
63 213
63 111
63 177
63 85
63 101
63 84
63 157
63 22
63 83
63 89
148 104
148 93
148 151
148 101
148 112
148 22
148 33
148 159
148 174
116 213
116 109
116 177
116 186
116 3
116 155
118 110
118 98
118 112
118 157
118 120
118 12
118 27
118 33
118 79
118 83
118 174
168 213
168 177
168 210
168 85
168 98
168 3
168 141
168 27
168 73
213 111
213 186
213 128
213 28
213 189
213 175
213 18
213 204
213 73
213 197
111 143
111 128
111 200
111 3
111 144
111 17
111 18
111 155
111 30
111 12
111 27
111 33
111 79
109 186
109 28
109 200
109 101
109 144
109 17
109 155
109 149
109 120
109 12
109 79
109 89
25 162
25 93
25 84
25 17
25 175
25 18
25 149
25 27
25 159
25 83
25 100
110 143
110 210
110 28
110 3
110 144
110 175
110 204
110 155
110 174
110 100
143 85
143 3
143 189
143 22
143 18
143 82
143 155
143 59
143 120
143 33
143 83
143 73
143 100
177 186
177 151
177 3
177 189
177 84
177 17
177 175
177 161
177 149
177 197
186 104
186 98
186 17
186 175
186 82
186 149
186 30
186 27
186 79
203 210
203 128
203 85
203 84
203 161
203 154
203 155
203 12
203 83
104 210
104 93
104 151
104 144
104 22
104 175
104 154
104 59
104 120
104 79
104 83
104 89
210 128
210 151
210 200
210 101
210 112
210 84
210 175
210 161
210 155
210 59
210 30
210 83
210 100
162 200
162 144
162 175
162 154
162 73
162 89
128 85
128 154
128 159
128 73
128 174
128 197
28 157
28 12
28 27
28 89
85 93
85 200
85 112
85 157
85 18
85 155
85 141
85 149
85 30
85 27
98 175
98 82
98 59
98 141
98 120
98 159
98 83
98 174
98 197
98 100
93 175
93 18
93 59
93 141
93 30
93 12
93 33
93 100
151 22
151 175
151 161
151 59
151 141
151 12
151 27
151 159
151 73
151 174
200 22
200 30
200 73
200 100
101 189
101 17
101 154
101 141
101 149
101 12
101 79
101 159
101 174
101 100
112 157
112 175
112 82
112 155
112 141
112 27
112 89
112 174
3 84
3 157
3 144
3 22
3 204
3 155
3 120
189 154
189 59
189 174
84 157
84 154
84 141
84 33
84 79
84 159
84 73
157 144
157 161
157 149
157 120
157 83
157 197
144 17
144 175
144 204
144 154
144 59
144 120
144 79
22 17
22 175
22 154
22 120
22 27
22 33
22 197
22 100
17 120
17 73
17 197
175 18
175 204
175 120
175 83
175 174
175 100
18 12
18 27
18 33
18 73
18 197
82 141
82 33
82 83
82 174
161 154
161 155
161 59
161 33
161 159
204 89
154 59
154 89
154 197
154 100
155 27
155 33
141 149
141 120
141 159
141 83
141 73
141 174
141 100
149 33
149 83
149 174
30 12
120 100
27 159
27 100
33 79
33 83
33 73
33 89
159 73
159 197
73 100
197 100
