*verties 193
182
201
132
46
55
10
63
151
218
75
43
47
89
216
4
11
49
192
171
190
129
17
118
2
109
53
215
131
76
66
90
87
106
211
208
115
144
85
193
200
158
59
213
25
86
16
12
27
93
114
212
56
78
191
102
180
94
92
122
117
70
37
24
36
153
189
18
32
9
44
113
147
54
121
77
176
133
156
97
23
146
96
45
143
181
28
134
219
80
83
33
100
50
68
124
204
206
141
179
196
13
140
210
119
142
0
48
195
169
197
111
186
159
138
170
51
168
41
174
19
183
98
62
29
120
30
152
74
166
60
40
5
82
101
67
38
20
157
167
187
205
185
217
214
39
165
21
35
99
173
95
136
172
127
91
202
110
162
188
64
160
104
1
199
14
57
148
207
154
6
164
123
135
26
69
72
150
161
198
126
128
178
73
31
61
184
88
116
177
130
42
107
3
*edges 
182 46
182 55
182 10
182 63
182 75
182 43
182 47
182 216
182 4
182 11
182 49
182 190
182 118
182 2
182 109
182 53
182 215
182 131
182 66
182 90
182 87
182 106
182 211
182 200
182 59
182 213
182 12
182 93
182 114
182 212
182 56
182 191
182 102
182 180
182 92
182 122
182 117
182 37
182 24
182 36
182 189
182 18
182 32
182 44
182 113
182 176
182 156
182 97
182 23
182 146
182 143
182 181
182 28
182 134
182 219
182 80
182 33
182 100
182 68
182 124
182 204
182 206
182 179
182 13
182 119
182 0
182 169
182 111
182 170
182 51
182 168
182 183
182 98
182 62
182 29
182 120
182 40
182 5
182 82
182 101
182 38
182 20
182 157
182 167
182 187
182 185
182 21
182 35
182 136
182 202
182 162
182 188
182 64
182 1
182 199
182 14
182 207
182 154
182 6
182 164
182 123
182 26
182 161
182 198
182 126
182 128
182 31
182 61
182 184
182 88
182 177
182 130
182 42
201 132
201 46
201 55
201 151
201 218
201 75
201 43
201 47
201 89
201 11
201 49
201 192
201 171
201 190
201 17
201 118
201 2
201 66
201 87
201 208
201 115
201 193
201 200
201 158
201 59
201 25
201 12
201 114
201 212
201 56
201 191
201 94
201 37
201 36
201 153
201 189
201 18
201 32
201 44
201 113
201 147
201 54
201 121
201 133
201 156
201 146
201 45
201 143
201 80
201 83
201 100
201 50
201 124
201 206
201 196
201 142
201 0
201 169
201 111
201 186
201 159
201 51
201 168
201 19
201 29
201 120
201 30
201 152
201 166
201 60
201 5
201 101
201 67
201 38
201 20
201 157
201 167
201 187
201 217
201 214
201 21
201 35
201 99
201 173
201 136
201 172
201 127
201 91
201 110
201 188
201 160
201 104
201 1
201 199
201 14
201 57
201 164
201 26
201 69
201 198
201 126
201 73
201 177
201 130
201 107
132 46
132 55
132 10
132 63
132 218
132 43
132 4
132 11
132 49
132 190
132 129
132 118
132 109
132 66
132 87
132 211
132 208
132 115
132 144
132 85
132 200
132 158
132 86
132 16
132 93
132 212
132 78
132 191
132 180
132 94
132 117
132 70
132 37
132 24
132 18
132 32
132 44
132 147
132 54
132 121
132 176
132 133
132 156
132 23
132 146
132 96
132 45
132 28
132 134
132 219
132 33
132 100
132 50
132 68
132 124
132 204
132 206
132 179
132 13
132 140
132 210
132 119
132 0
132 195
132 169
132 197
132 111
132 186
132 19
132 98
132 29
132 120
132 74
132 166
132 40
132 5
132 101
132 67
132 38
132 20
132 157
132 167
132 187
132 214
132 99
132 95
132 127
132 202
132 188
132 64
132 160
132 104
132 1
132 199
132 14
132 57
132 148
132 207
132 6
132 123
132 135
132 26
132 72
132 150
132 161
132 178
132 184
132 88
132 177
132 130
132 42
132 3
46 10
46 63
46 75
46 43
46 89
46 216
46 11
46 190
46 17
46 109
46 53
46 215
46 66
46 90
46 211
46 208
46 115
46 144
46 85
46 158
46 59
46 213
46 12
46 27
46 93
46 212
46 117
46 70
46 37
46 189
46 32
46 9
46 44
46 113
46 121
46 176
46 156
46 97
46 143
46 181
46 134
46 219
46 80
46 83
46 50
46 141
46 196
46 210
46 119
46 0
46 195
46 169
46 197
46 159
46 41
46 174
46 19
46 183
46 98
46 62
46 29
46 152
46 74
46 67
46 167
46 214
46 165
46 35
46 99
46 173
46 172
46 127
46 202
46 64
46 160
46 104
46 199
46 14
46 148
46 207
46 154
46 164
46 26
46 69
46 72
46 150
46 198
46 126
46 128
46 31
46 61
46 88
46 116
46 130
46 3
55 10
55 63
55 151
55 218
55 75
55 89
55 11
55 49
55 192
55 190
55 129
55 17
55 118
55 109
55 215
55 76
55 90
55 211
55 144
55 158
55 59
55 25
55 12
55 27
55 93
55 212
55 56
55 78
55 191
55 102
55 92
55 122
55 37
55 24
55 18
55 32
55 9
55 44
55 54
55 77
55 176
55 133
55 97
55 23
55 146
55 96
55 45
55 134
55 33
55 100
55 50
55 141
55 179
55 140
55 210
55 142
55 0
55 48
55 195
55 169
55 111
55 186
55 159
55 138
55 170
55 174
55 19
55 62
55 120
55 60
55 5
55 101
55 67
55 157
55 167
55 205
55 185
55 217
55 214
55 99
55 95
55 136
55 172
55 91
55 202
55 162
55 188
55 64
55 1
55 199
55 57
55 207
55 6
55 72
55 161
55 126
55 31
55 61
55 116
55 130
55 42
55 107
55 3
10 63
10 151
10 75
10 47
10 89
10 216
10 4
10 171
10 129
10 17
10 118
10 2
10 53
10 215
10 76
10 90
10 211
10 115
10 144
10 85
10 193
10 200
10 158
10 59
10 12
10 27
10 114
10 212
10 56
10 191
10 180
10 70
10 36
10 153
10 189
10 32
10 54
10 121
10 77
10 176
10 133
10 156
10 97
10 146
10 96
10 181
10 28
10 219
10 80
10 83
10 33
10 50
10 124
10 204
10 141
10 210
10 142
10 0
10 48
10 169
10 197
10 186
10 159
10 138
10 51
10 41
10 174
10 183
10 120
10 166
10 60
10 5
10 82
10 101
10 67
10 38
10 20
10 167
10 205
10 185
10 214
10 39
10 165
10 99
10 136
10 172
10 127
10 91
10 202
10 104
10 1
10 14
10 57
10 123
10 135
10 26
10 69
10 150
10 198
10 73
10 61
10 184
10 88
10 116
10 177
10 130
10 42
63 151
63 218
63 75
63 43
63 11
63 171
63 118
63 2
63 53
63 215
63 131
63 76
63 87
63 106
63 208
63 115
63 144
63 85
63 193
63 158
63 25
63 12
63 27
63 93
63 114
63 78
63 191
63 102
63 180
63 92
63 122
63 117
63 70
63 24
63 189
63 18
63 32
63 9
63 147
63 121
63 77
63 176
63 133
63 156
63 23
63 96
63 143
63 134
63 33
63 50
63 68
63 124
63 204
63 141
63 196
63 13
63 0
63 48
63 195
63 138
63 170
63 51
63 168
63 174
63 98
63 62
63 29
63 74
63 166
63 40
63 5
63 82
63 20
63 167
63 205
63 185
63 217
63 214
63 39
63 165
63 35
63 99
63 173
63 136
63 172
63 127
63 91
63 110
63 188
63 160
63 104
63 1
63 199
63 148
63 207
63 6
63 164
63 135
63 72
63 150
63 198
63 126
63 178
63 73
63 61
63 177
63 130
63 42
63 107
151 218
151 43
151 89
151 216
151 11
151 49
151 192
151 171
151 190
151 129
151 17
151 2
151 53
151 215
151 66
151 90
151 87
151 106
151 211
151 208
151 115
151 144
151 85
151 193
151 158
151 59
151 213
151 86
151 12
151 93
151 114
151 212
151 78
151 191
151 180
151 92
151 122
151 117
151 37
151 24
151 36
151 153
151 32
151 9
151 113
151 147
151 54
151 121
151 77
151 176
151 133
151 23
151 146
151 96
151 143
151 28
151 134
151 219
151 33
151 50
151 68
151 204
151 141
151 179
151 13
151 140
151 210
151 119
151 142
151 197
151 111
151 186
151 159
151 19
151 183
151 29
151 120
151 30
151 166
151 60
151 40
151 5
151 82
151 38
151 187
151 217
151 39
151 165
151 21
151 35
151 173
151 136
151 202
151 110
151 162
151 188
151 64
151 160
151 1
151 14
151 57
151 148
151 207
151 6
151 164
151 135
151 26
151 69
151 72
151 150
151 161
151 128
151 178
151 61
151 116
151 177
151 130
151 42
151 107
151 3
218 75
218 89
218 4
218 49
218 192
218 171
218 118
218 2
218 53
218 76
218 90
218 211
218 144
218 85
218 158
218 213
218 86
218 16
218 12
218 56
218 78
218 94
218 117
218 37
218 153
218 189
218 18
218 9
218 54
218 121
218 77
218 156
218 23
218 146
218 45
218 181
218 134
218 219
218 80
218 33
218 100
218 50
218 204
218 141
218 13
218 119
218 48
218 169
218 197
218 186
218 138
218 170
218 51
218 62
218 152
218 74
218 166
218 5
218 82
218 101
218 67
218 38
218 157
218 167
218 187
218 217
218 214
218 39
218 165
218 21
218 136
218 202
218 162
218 188
218 64
218 1
218 199
218 14
218 207
218 164
218 26
218 69
218 72
218 128
218 73
218 61
218 88
218 177
218 130
75 43
75 47
75 4
75 49
75 171
75 129
75 118
75 109
75 53
75 76
75 66
75 90
75 87
75 106
75 211
75 115
75 144
75 193
75 59
75 25
75 86
75 16
75 27
75 114
75 212
75 78
75 102
75 180
75 94
75 92
75 122
75 70
75 24
75 153
75 189
75 18
75 32
75 9
75 147
75 121
75 133
75 156
75 97
75 45
75 143
75 181
75 28
75 80
75 83
75 33
75 50
75 204
75 141
75 140
75 210
75 48
75 195
75 197
75 111
75 186
75 159
75 170
75 51
75 168
75 174
75 62
75 29
75 120
75 30
75 152
75 74
75 60
75 101
75 38
75 167
75 205
75 35
75 99
75 136
75 127
75 91
75 202
75 188
75 160
75 104
75 1
75 57
75 148
75 164
75 135
75 26
75 69
75 72
75 150
75 161
75 198
75 126
75 128
75 178
75 61
75 88
75 116
75 177
75 130
75 107
75 3
43 47
43 89
43 4
43 11
43 49
43 171
43 190
43 129
43 17
43 118
43 109
43 53
43 76
43 66
43 90
43 87
43 106
43 211
43 85
43 193
43 200
43 213
43 25
43 16
43 12
43 27
43 93
43 114
43 212
43 56
43 78
43 180
43 94
43 92
43 122
43 24
43 36
43 189
43 18
43 9
43 44
43 147
43 121
43 133
43 97
43 146
43 96
43 143
43 219
43 80
43 83
43 100
43 50
43 124
43 204
43 13
43 140
43 142
43 0
43 195
43 111
43 186
43 159
43 51
43 168
43 41
43 174
43 19
43 183
43 62
43 29
43 120
43 152
43 74
43 60
43 40
43 5
43 82
43 67
43 38
43 187
43 205
43 185
43 39
43 21
43 35
43 99
43 95
43 136
43 172
43 91
43 202
43 188
43 104
43 1
43 199
43 14
43 57
43 207
43 154
43 6
43 164
43 135
43 26
43 69
43 72
43 150
43 161
43 198
43 128
43 31
43 184
43 116
43 42
43 107
43 3
47 89
47 11
47 49
47 171
47 129
47 118
47 215
47 131
47 66
47 90
47 87
47 106
47 211
47 208
47 115
47 144
47 158
47 59
47 213
47 25
47 86
47 16
47 12
47 93
47 78
47 180
47 94
47 117
47 70
47 37
47 24
47 36
47 153
47 18
47 32
47 77
47 96
47 45
47 143
47 28
47 83
47 33
47 50
47 68
47 204
47 206
47 141
47 179
47 13
47 140
47 119
47 142
47 0
47 195
47 197
47 111
47 186
47 159
47 138
47 51
47 41
47 98
47 62
47 29
47 166
47 60
47 101
47 67
47 38
47 157
47 167
47 187
47 205
47 214
47 39
47 21
47 35
47 99
47 173
47 95
47 172
47 127
47 91
47 110
47 162
47 188
47 64
47 160
47 104
47 199
47 14
47 57
47 207
47 154
47 6
47 164
47 135
47 69
47 72
47 150
47 198
47 126
47 73
47 61
47 88
47 116
47 130
47 42
89 4
89 11
89 192
89 129
89 17
89 118
89 109
89 53
89 215
89 76
89 66
89 90
89 208
89 115
89 85
89 213
89 16
89 27
89 93
89 114
89 212
89 56
89 78
89 191
89 102
89 92
89 70
89 24
89 153
89 189
89 32
89 44
89 147
89 54
89 121
89 77
89 176
89 133
89 156
89 97
89 146
89 96
89 181
89 83
89 33
89 50
89 68
89 124
89 206
89 196
89 13
89 210
89 119
89 48
89 169
89 197
89 111
89 186
89 159
89 138
89 51
89 41
89 183
89 29
89 152
89 166
89 60
89 40
89 82
89 101
89 67
89 38
89 167
89 187
89 185
89 165
89 35
89 99
89 127
89 202
89 162
89 188
89 1
89 199
89 57
89 148
89 164
89 123
89 135
89 72
89 150
89 128
89 31
89 61
89 184
89 116
89 130
216 11
216 49
216 192
216 171
216 17
216 109
216 53
216 131
216 76
216 66
216 90
216 87
216 208
216 144
216 85
216 193
216 213
216 16
216 27
216 56
216 191
216 94
216 92
216 122
216 37
216 24
216 36
216 153
216 113
216 54
216 121
216 77
216 23
216 96
216 45
216 219
216 80
216 100
216 50
216 124
216 204
216 179
216 196
216 13
216 210
216 119
216 0
216 48
216 195
216 111
216 186
216 51
216 168
216 41
216 174
216 183
216 62
216 29
216 120
216 30
216 60
216 40
216 82
216 101
216 67
216 38
216 157
216 167
216 205
216 214
216 165
216 21
216 99
216 173
216 172
216 127
216 91
216 202
216 110
216 162
216 64
216 160
216 1
216 57
216 207
216 26
216 150
216 161
216 198
216 178
216 31
216 61
216 184
216 116
216 3
4 49
4 192
4 171
4 190
4 17
4 109
4 215
4 76
4 90
4 106
4 211
4 208
4 115
4 144
4 200
4 158
4 213
4 86
4 27
4 78
4 191
4 92
4 122
4 36
4 18
4 44
4 113
4 54
4 121
4 23
4 96
4 143
4 28
4 33
4 100
4 68
4 204
4 206
4 179
4 140
4 210
4 119
4 0
4 195
4 159
4 138
4 170
4 41
4 19
4 183
4 120
4 30
4 152
4 74
4 82
4 67
4 38
4 20
4 157
4 187
4 205
4 185
4 217
4 214
4 39
4 165
4 95
4 136
4 172
4 127
4 202
4 162
4 64
4 104
4 1
4 199
4 57
4 207
4 154
4 123
4 150
4 126
4 128
4 31
4 184
4 88
4 130
4 42
4 3
11 49
11 192
11 171
11 190
11 129
11 118
11 109
11 215
11 131
11 76
11 87
11 106
11 208
11 115
11 85
11 193
11 200
11 213
11 25
11 86
11 16
11 27
11 93
11 212
11 56
11 180
11 94
11 37
11 24
11 153
11 189
11 18
11 32
11 113
11 147
11 121
11 77
11 133
11 156
11 23
11 143
11 181
11 28
11 80
11 83
11 33
11 68
11 124
11 204
11 196
11 13
11 140
11 0
11 48
11 195
11 197
11 170
11 51
11 168
11 41
11 19
11 183
11 29
11 120
11 30
11 166
11 60
11 67
11 38
11 187
11 205
11 185
11 217
11 214
11 39
11 165
11 99
11 136
11 172
11 202
11 162
11 64
11 160
11 199
11 207
11 154
11 135
11 26
11 69
11 72
11 126
11 128
11 178
11 73
11 31
11 61
11 184
11 88
11 177
11 130
11 107
11 3
49 190
49 109
49 90
49 87
49 106
49 211
49 208
49 85
49 200
49 59
49 25
49 86
49 16
49 12
49 114
49 78
49 191
49 102
49 94
49 92
49 117
49 70
49 24
49 36
49 153
49 32
49 9
49 44
49 113
49 147
49 54
49 121
49 176
49 133
49 156
49 96
49 45
49 143
49 28
49 134
49 219
49 83
49 33
49 50
49 68
49 204
49 196
49 140
49 210
49 119
49 142
49 0
49 48
49 195
49 197
49 111
49 159
49 170
49 51
49 19
49 183
49 29
49 60
49 5
49 67
49 157
49 167
49 205
49 185
49 214
49 39
49 165
49 99
49 173
49 95
49 136
49 172
49 127
49 110
49 162
49 64
49 104
49 1
49 57
49 148
49 207
49 154
49 135
49 26
49 198
49 128
49 178
49 73
49 31
49 61
49 184
49 116
49 177
49 3
192 190
192 118
192 2
192 109
192 131
192 87
192 106
192 211
192 115
192 85
192 193
192 200
192 59
192 16
192 27
192 93
192 212
192 180
192 94
192 92
192 122
192 37
192 24
192 153
192 189
192 32
192 9
192 113
192 147
192 54
192 121
192 77
192 133
192 156
192 97
192 23
192 146
192 45
192 143
192 181
192 28
192 134
192 219
192 80
192 100
192 68
192 204
192 196
192 13
192 140
192 210
192 142
192 0
192 195
192 197
192 159
192 138
192 51
192 41
192 174
192 19
192 98
192 120
192 152
192 40
192 82
192 101
192 67
192 20
192 157
192 185
192 21
192 99
192 173
192 95
192 136
192 91
192 160
192 104
192 1
192 14
192 207
192 154
192 6
192 164
192 135
192 26
192 72
192 161
192 198
192 126
192 178
192 61
192 184
192 116
192 177
192 130
192 42
192 107
192 3
171 129
171 118
171 53
171 215
171 76
171 87
171 106
171 211
171 115
171 144
171 193
171 158
171 59
171 25
171 16
171 12
171 27
171 212
171 191
171 102
171 94
171 92
171 117
171 70
171 37
171 153
171 32
171 113
171 147
171 156
171 97
171 23
171 146
171 45
171 134
171 219
171 80
171 83
171 100
171 68
171 204
171 179
171 196
171 13
171 210
171 119
171 0
171 195
171 197
171 111
171 186
171 138
171 41
171 19
171 183
171 62
171 30
171 166
171 60
171 82
171 101
171 38
171 157
171 167
171 205
171 217
171 214
171 39
171 165
171 21
171 35
171 99
171 173
171 172
171 91
171 202
171 110
171 162
171 64
171 160
171 104
171 199
171 207
171 6
171 123
171 135
171 69
171 72
171 150
171 161
171 178
171 61
171 88
171 130
171 42
171 107
171 3
190 129
190 17
190 118
190 215
190 131
190 66
190 90
190 144
190 85
190 193
190 59
190 213
190 86
190 12
190 212
190 56
190 78
190 191
190 102
190 92
190 122
190 117
190 24
190 36
190 153
190 18
190 44
190 113
190 147
190 77
190 133
190 97
190 96
190 143
190 181
190 28
190 134
190 219
190 80
190 100
190 124
190 206
190 141
190 196
190 119
190 197
190 111
190 159
190 41
190 174
190 183
190 98
190 29
190 120
190 152
190 5
190 101
190 38
190 20
190 187
190 217
190 214
190 39
190 165
190 21
190 99
190 173
190 95
190 136
190 127
190 91
190 110
190 188
190 64
190 104
190 1
190 199
190 14
190 148
190 164
190 69
190 72
190 150
190 161
190 198
190 128
190 61
190 184
190 88
190 130
190 107
190 3
129 17
129 118
129 2
129 76
129 66
129 87
129 106
129 115
129 193
129 200
129 59
129 16
129 27
129 114
129 78
129 191
129 102
129 180
129 122
129 117
129 37
129 24
129 36
129 32
129 9
129 44
129 147
129 176
129 133
129 97
129 181
129 80
129 83
129 33
129 50
129 141
129 179
129 196
129 13
129 119
129 48
129 195
129 197
129 111
129 186
129 138
129 170
129 51
129 168
129 41
129 183
129 98
129 62
129 120
129 74
129 166
129 60
129 40
129 82
129 20
129 157
129 167
129 187
129 185
129 217
129 39
129 165
129 21
129 35
129 99
129 95
129 172
129 127
129 202
129 188
129 160
129 104
129 1
129 199
129 14
129 57
129 207
129 154
129 6
129 123
129 135
129 26
129 69
129 72
129 150
129 198
129 178
129 73
129 61
129 184
129 88
129 116
129 42
129 3
17 118
17 2
17 109
17 53
17 76
17 90
17 87
17 106
17 211
17 208
17 85
17 193
17 200
17 158
17 59
17 25
17 86
17 27
17 94
17 92
17 122
17 117
17 70
17 37
17 24
17 36
17 153
17 9
17 44
17 113
17 121
17 133
17 156
17 97
17 23
17 45
17 134
17 219
17 80
17 124
17 204
17 141
17 196
17 140
17 210
17 119
17 142
17 0
17 48
17 169
17 111
17 159
17 168
17 41
17 174
17 19
17 183
17 98
17 29
17 120
17 30
17 152
17 40
17 5
17 82
17 101
17 67
17 20
17 167
17 185
17 39
17 165
17 21
17 35
17 99
17 173
17 95
17 136
17 172
17 127
17 91
17 202
17 110
17 162
17 188
17 104
17 14
17 57
17 207
17 154
17 6
17 164
17 123
17 135
17 26
17 69
17 150
17 198
17 128
17 178
17 31
17 61
17 184
17 88
17 130
17 42
17 3
118 109
118 131
118 90
118 115
118 144
118 85
118 200
118 158
118 25
118 16
118 114
118 56
118 78
118 94
118 122
118 117
118 70
118 37
118 24
118 153
118 9
118 44
118 113
118 147
118 54
118 121
118 77
118 176
118 97
118 23
118 146
118 143
118 181
118 134
118 80
118 83
118 33
118 100
118 68
118 141
118 13
118 140
118 210
118 119
118 142
118 48
118 169
118 111
118 159
118 138
118 170
118 51
118 174
118 19
118 183
118 98
118 29
118 120
118 30
118 152
118 74
118 166
118 40
118 82
118 101
118 20
118 157
118 167
118 187
118 185
118 217
118 214
118 39
118 165
118 21
118 35
118 99
118 136
118 172
118 127
118 91
118 202
118 104
118 199
118 14
118 57
118 148
118 207
118 6
118 164
118 135
118 26
118 72
118 150
118 161
118 198
118 73
118 31
118 184
118 88
118 116
118 130
118 3
2 53
2 215
2 131
2 90
2 87
2 106
2 211
2 208
2 115
2 85
2 59
2 213
2 86
2 16
2 12
2 93
2 114
2 212
2 56
2 78
2 102
2 180
2 94
2 122
2 117
2 189
2 18
2 32
2 9
2 113
2 77
2 156
2 97
2 146
2 143
2 134
2 80
2 83
2 50
2 124
2 204
2 206
2 141
2 13
2 140
2 197
2 186
2 159
2 170
2 51
2 168
2 174
2 19
2 98
2 29
2 30
2 60
2 40
2 82
2 101
2 67
2 157
2 167
2 205
2 185
2 214
2 39
2 21
2 99
2 173
2 172
2 162
2 188
2 64
2 199
2 57
2 148
2 207
2 154
2 164
2 135
2 72
2 150
2 198
2 126
2 128
2 178
2 73
2 31
2 61
2 88
2 42
2 107
2 3
109 53
109 215
109 131
109 76
109 66
109 90
109 87
109 211
109 208
109 144
109 193
109 200
109 158
109 59
109 86
109 12
109 27
109 93
109 114
109 212
109 56
109 78
109 191
109 180
109 94
109 117
109 36
109 153
109 189
109 9
109 44
109 147
109 54
109 176
109 133
109 156
109 97
109 23
109 146
109 96
109 45
109 143
109 181
109 28
109 219
109 80
109 83
109 50
109 68
109 124
109 204
109 206
109 141
109 13
109 140
109 210
109 119
109 142
109 0
109 111
109 51
109 168
109 19
109 183
109 98
109 74
109 60
109 82
109 101
109 38
109 20
109 167
109 205
109 185
109 217
109 39
109 165
109 99
109 173
109 95
109 136
109 172
109 127
109 110
109 162
109 64
109 160
109 104
109 199
109 14
109 207
109 154
109 6
109 135
109 26
109 69
109 72
109 126
109 178
109 61
109 184
109 88
109 116
109 177
109 130
109 42
109 107
109 3
53 215
53 131
53 66
53 106
53 211
53 115
53 144
53 85
53 193
53 158
53 213
53 25
53 86
53 16
53 12
53 114
53 212
53 56
53 78
53 191
53 102
53 180
53 92
53 122
53 70
53 153
53 44
53 77
53 133
53 156
53 23
53 96
53 45
53 181
53 134
53 219
53 80
53 83
53 33
53 50
53 204
53 141
53 179
53 13
53 140
53 210
53 119
53 142
53 48
53 197
53 186
53 138
53 170
53 51
53 168
53 183
53 98
53 62
53 29
53 120
53 30
53 74
53 166
53 60
53 5
53 82
53 101
53 67
53 20
53 157
53 205
53 185
53 214
53 35
53 99
53 173
53 95
53 172
53 127
53 202
53 110
53 162
53 188
53 64
53 104
53 154
53 6
53 164
53 69
53 150
53 161
53 128
53 61
53 184
53 116
53 177
53 3
215 131
215 76
215 90
215 106
215 208
215 144
215 85
215 200
215 86
215 16
215 27
215 114
215 191
215 102
215 180
215 94
215 92
215 122
215 117
215 24
215 36
215 153
215 189
215 113
215 147
215 54
215 121
215 77
215 176
215 156
215 97
215 23
215 96
215 45
215 28
215 219
215 80
215 100
215 68
215 204
215 206
215 141
215 140
215 210
215 119
215 142
215 169
215 197
215 186
215 159
215 51
215 41
215 174
215 62
215 29
215 120
215 152
215 166
215 40
215 5
215 157
215 167
215 187
215 205
215 214
215 39
215 35
215 95
215 127
215 91
215 202
215 162
215 188
215 160
215 104
215 199
215 57
215 154
215 164
215 123
215 135
215 26
215 150
215 126
215 128
215 178
215 73
215 61
215 88
215 177
215 3
131 66
131 87
131 211
131 144
131 200
131 86
131 12
131 27
131 93
131 114
131 56
131 78
131 102
131 94
131 92
131 70
131 37
131 189
131 18
131 32
131 9
131 44
131 147
131 121
131 77
131 156
131 97
131 23
131 28
131 219
131 83
131 33
131 100
131 50
131 68
131 124
131 204
131 206
131 141
131 179
131 196
131 119
131 0
131 48
131 195
131 169
131 186
131 51
131 168
131 41
131 174
131 183
131 98
131 29
131 120
131 30
131 152
131 166
131 60
131 5
131 82
131 67
131 38
131 157
131 167
131 187
131 205
131 185
131 214
131 35
131 99
131 95
131 136
131 172
131 127
131 110
131 162
131 188
131 160
131 104
131 57
131 207
131 154
131 6
131 123
131 69
131 161
131 128
131 178
131 73
131 88
131 116
131 177
131 130
131 42
131 107
76 90
76 87
76 211
76 208
76 115
76 144
76 85
76 193
76 200
76 158
76 59
76 213
76 25
76 86
76 12
76 114
76 56
76 78
76 180
76 94
76 117
76 70
76 37
76 153
76 18
76 32
76 44
76 147
76 121
76 133
76 156
76 97
76 23
76 96
76 45
76 143
76 219
76 83
76 33
76 100
76 50
76 68
76 124
76 204
76 206
76 196
76 13
76 140
76 210
76 119
76 195
76 197
76 111
76 186
76 159
76 170
76 168
76 174
76 183
76 62
76 29
76 152
76 74
76 40
76 5
76 157
76 187
76 39
76 165
76 21
76 35
76 95
76 172
76 127
76 91
76 202
76 162
76 104
76 1
76 199
76 57
76 148
76 207
76 154
76 164
76 123
76 135
76 26
76 72
76 126
76 128
76 31
76 184
76 88
76 130
76 107
66 90
66 87
66 106
66 211
66 144
66 85
66 59
66 213
66 25
66 86
66 16
66 27
66 56
66 191
66 102
66 180
66 122
66 117
66 70
66 24
66 36
66 189
66 18
66 32
66 9
66 121
66 77
66 176
66 156
66 97
66 146
66 45
66 181
66 219
66 83
66 206
66 141
66 196
66 13
66 210
66 119
66 142
66 48
66 169
66 186
66 170
66 51
66 41
66 174
66 29
66 120
66 30
66 152
66 74
66 166
66 60
66 5
66 67
66 38
66 20
66 157
66 187
66 39
66 165
66 21
66 99
66 136
66 172
66 91
66 202
66 110
66 188
66 160
66 1
66 14
66 57
66 207
66 154
66 6
66 164
66 135
66 72
66 150
66 126
66 178
66 73
66 184
66 116
66 177
66 42
66 107
66 3
90 87
90 208
90 115
90 144
90 193
90 200
90 158
90 59
90 213
90 86
90 16
90 27
90 93
90 114
90 212
90 191
90 92
90 122
90 117
90 37
90 36
90 153
90 18
90 32
90 9
90 113
90 54
90 121
90 176
90 156
90 146
90 45
90 181
90 28
90 219
90 80
90 33
90 50
90 68
90 204
90 206
90 141
90 196
90 119
90 48
90 195
90 159
90 138
90 170
90 174
90 183
90 98
90 152
90 5
90 82
90 101
90 67
90 20
90 157
90 187
90 217
90 214
90 39
90 21
90 35
90 173
90 95
90 172
90 127
90 162
90 64
90 1
90 14
90 148
90 207
90 154
90 6
90 164
90 123
90 150
90 198
90 126
90 128
90 61
90 88
90 177
90 130
90 42
90 3
87 211
87 208
87 144
87 85
87 158
87 59
87 25
87 86
87 12
87 27
87 93
87 114
87 56
87 78
87 180
87 94
87 92
87 37
87 24
87 36
87 189
87 32
87 9
87 44
87 113
87 147
87 54
87 121
87 77
87 133
87 97
87 146
87 96
87 143
87 181
87 219
87 83
87 33
87 100
87 50
87 68
87 124
87 206
87 179
87 13
87 140
87 210
87 48
87 169
87 197
87 111
87 138
87 170
87 51
87 174
87 19
87 183
87 62
87 29
87 30
87 74
87 60
87 101
87 38
87 20
87 167
87 187
87 205
87 185
87 214
87 39
87 165
87 21
87 99
87 127
87 91
87 110
87 188
87 64
87 160
87 104
87 1
87 199
87 207
87 6
87 164
87 123
87 150
87 161
87 198
87 126
87 128
87 73
87 61
87 88
87 116
87 130
87 107
87 3
106 211
106 85
106 193
106 200
106 158
106 59
106 25
106 86
106 16
106 27
106 212
106 191
106 102
106 180
106 94
106 117
106 70
106 24
106 36
106 153
106 189
106 54
106 121
106 77
106 176
106 133
106 156
106 97
106 23
106 146
106 45
106 143
106 181
106 28
106 134
106 219
106 80
106 83
106 100
106 50
106 124
106 206
106 179
106 13
106 119
106 0
106 48
106 195
106 169
106 186
106 138
106 170
106 51
106 168
106 174
106 19
106 98
106 62
106 29
106 30
106 152
106 166
106 60
106 5
106 101
106 67
106 38
106 20
106 157
106 187
106 217
106 39
106 165
106 99
106 95
106 127
106 64
106 104
106 1
106 14
106 57
106 148
106 207
106 154
106 164
106 123
106 135
106 69
106 161
106 198
106 126
106 128
106 178
106 73
106 31
106 88
106 116
106 130
106 42
106 107
106 3
211 208
211 115
211 85
211 27
211 93
211 114
211 102
211 94
211 122
211 117
211 70
211 24
211 36
211 189
211 32
211 9
211 44
211 113
211 147
211 54
211 176
211 133
211 156
211 96
211 45
211 143
211 181
211 219
211 80
211 83
211 33
211 100
211 50
211 124
211 141
211 179
211 196
211 13
211 140
211 210
211 119
211 142
211 0
211 169
211 197
211 111
211 186
211 159
211 138
211 170
211 51
211 168
211 174
211 19
211 98
211 62
211 30
211 40
211 5
211 82
211 101
211 67
211 38
211 167
211 205
211 185
211 39
211 165
211 35
211 99
211 173
211 136
211 91
211 202
211 110
211 162
211 64
211 1
211 199
211 57
211 148
211 6
211 164
211 26
211 69
211 150
211 198
211 128
211 178
211 73
211 31
211 116
211 107
208 115
208 144
208 85
208 193
208 59
208 213
208 16
208 27
208 93
208 114
208 212
208 78
208 191
208 102
208 180
208 92
208 70
208 37
208 18
208 32
208 9
208 44
208 147
208 54
208 121
208 176
208 97
208 146
208 96
208 181
208 134
208 219
208 83
208 50
208 68
208 204
208 141
208 13
208 140
208 210
208 0
208 197
208 111
208 186
208 138
208 51
208 41
208 174
208 19
208 183
208 98
208 62
208 120
208 30
208 152
208 166
208 60
208 40
208 5
208 101
208 67
208 38
208 20
208 157
208 167
208 187
208 39
208 165
208 21
208 99
208 173
208 202
208 110
208 162
208 188
208 154
208 123
208 135
208 26
208 72
208 150
208 128
208 31
208 61
208 184
208 88
208 177
208 130
208 3
115 144
115 85
115 193
115 200
115 158
115 59
115 25
115 86
115 27
115 212
115 78
115 191
115 180
115 70
115 37
115 24
115 153
115 189
115 32
115 9
115 44
115 113
115 147
115 121
115 176
115 97
115 23
115 146
115 143
115 181
115 219
115 80
115 83
115 33
115 50
115 204
115 179
115 196
115 13
115 140
115 0
115 48
115 195
115 111
115 159
115 138
115 51
115 168
115 41
115 174
115 183
115 62
115 120
115 30
115 74
115 60
115 5
115 101
115 38
115 20
115 157
115 167
115 187
115 205
115 185
115 217
115 214
115 165
115 21
115 99
115 95
115 136
115 172
115 202
115 188
115 64
115 160
115 104
115 1
115 199
115 207
115 6
115 123
115 135
115 72
115 150
115 161
115 126
115 128
115 31
115 184
115 88
115 116
115 42
115 3
144 85
144 158
144 59
144 213
144 25
144 86
144 16
144 27
144 56
144 78
144 180
144 94
144 122
144 70
144 37
144 36
144 153
144 189
144 9
144 44
144 113
144 54
144 77
144 156
144 97
144 146
144 96
144 28
144 33
144 124
144 204
144 141
144 196
144 140
144 210
144 119
144 142
144 0
144 197
144 111
144 186
144 159
144 170
144 168
144 41
144 174
144 19
144 98
144 29
144 60
144 40
144 67
144 38
144 20
144 167
144 205
144 185
144 217
144 165
144 21
144 35
144 99
144 95
144 136
144 172
144 91
144 188
144 160
144 199
144 57
144 148
144 207
144 154
144 135
144 69
144 72
144 150
144 161
144 73
144 31
144 88
144 116
144 130
85 200
85 59
85 86
85 16
85 27
85 93
85 212
85 78
85 180
85 94
85 122
85 117
85 70
85 37
85 36
85 153
85 18
85 113
85 147
85 121
85 77
85 176
85 156
85 97
85 96
85 143
85 181
85 28
85 134
85 219
85 80
85 33
85 100
85 50
85 68
85 206
85 141
85 179
85 13
85 140
85 210
85 119
85 142
85 0
85 48
85 169
85 197
85 186
85 159
85 138
85 51
85 168
85 174
85 19
85 183
85 98
85 62
85 120
85 30
85 74
85 166
85 101
85 67
85 38
85 157
85 167
85 185
85 214
85 165
85 21
85 35
85 99
85 173
85 136
85 172
85 127
85 202
85 64
85 160
85 1
85 199
85 14
85 148
85 207
85 164
85 135
85 26
85 69
85 150
85 161
85 198
85 178
85 73
85 31
85 88
85 177
85 130
85 42
85 3
193 200
193 158
193 213
193 27
193 102
193 180
193 94
193 122
193 37
193 24
193 189
193 44
193 113
193 54
193 176
193 23
193 146
193 45
193 143
193 28
193 134
193 219
193 83
193 33
193 100
193 68
193 204
193 206
193 179
193 196
193 13
193 140
193 210
193 0
193 48
193 169
193 111
193 170
193 174
193 183
193 98
193 29
193 120
193 152
193 166
193 60
193 40
193 5
193 82
193 101
193 67
193 38
193 157
193 167
193 187
193 205
193 185
193 217
193 214
193 39
193 35
193 173
193 95
193 136
193 188
193 160
193 104
193 1
193 199
193 207
193 164
193 123
193 26
193 150
193 198
193 128
193 178
193 73
193 184
193 88
193 116
200 59
200 213
200 16
200 12
200 27
200 93
200 114
200 212
200 102
200 180
200 92
200 37
200 24
200 36
200 18
200 32
200 147
200 54
200 176
200 133
200 156
200 23
200 96
200 45
200 181
200 28
200 134
200 219
200 80
200 83
200 50
200 68
200 124
200 204
200 141
200 179
200 196
200 142
200 48
200 111
200 138
200 170
200 51
200 41
200 98
200 62
200 152
200 74
200 166
200 60
200 40
200 5
200 82
200 20
200 157
200 185
200 214
200 21
200 173
200 95
200 172
200 162
200 64
200 160
200 1
200 199
200 57
200 148
200 207
200 154
200 164
200 123
200 72
200 161
200 198
200 128
200 73
200 61
200 184
200 88
200 116
200 177
158 59
158 25
158 86
158 16
158 12
158 212
158 56
158 78
158 102
158 94
158 92
158 122
158 37
158 24
158 36
158 153
158 9
158 44
158 113
158 147
158 54
158 121
158 77
158 176
158 133
158 156
158 45
158 219
158 80
158 50
158 68
158 124
158 204
158 141
158 179
158 196
158 210
158 119
158 48
158 197
158 186
158 159
158 170
158 174
158 19
158 183
158 98
158 29
158 30
158 74
158 40
158 5
158 82
158 101
158 67
158 167
158 187
158 205
158 185
158 39
158 21
158 173
158 136
158 91
158 110
158 162
158 188
158 64
158 160
158 104
158 199
158 57
158 148
158 207
158 6
158 164
158 135
158 26
158 72
158 150
158 161
158 178
158 31
158 61
158 184
158 88
158 130
158 42
158 107
158 3
59 16
59 12
59 27
59 212
59 56
59 191
59 102
59 180
59 94
59 92
59 117
59 37
59 24
59 36
59 18
59 44
59 113
59 147
59 121
59 77
59 176
59 133
59 146
59 45
59 143
59 28
59 219
59 33
59 50
59 68
59 124
59 204
59 206
59 196
59 13
59 140
59 210
59 119
59 142
59 0
59 111
59 159
59 138
59 41
59 174
59 183
59 98
59 29
59 30
59 74
59 67
59 38
59 20
59 157
59 205
59 185
59 214
59 165
59 21
59 99
59 95
59 136
59 172
59 202
59 110
59 162
59 160
59 104
59 1
59 199
59 14
59 57
59 154
59 6
59 123
59 135
59 26
59 161
59 198
59 178
59 73
59 61
59 184
59 177
59 130
59 42
59 107
59 3
213 86
213 12
213 114
213 78
213 180
213 94
213 92
213 122
213 117
213 37
213 24
213 36
213 18
213 9
213 44
213 113
213 147
213 54
213 77
213 176
213 156
213 97
213 23
213 146
213 96
213 143
213 28
213 33
213 204
213 206
213 141
213 179
213 196
213 13
213 140
213 210
213 0
213 195
213 169
213 111
213 170
213 51
213 41
213 174
213 19
213 98
213 62
213 29
213 120
213 30
213 74
213 60
213 40
213 101
213 67
213 205
213 185
213 165
213 35
213 95
213 172
213 127
213 202
213 162
213 160
213 104
213 1
213 199
213 14
213 148
213 6
213 123
213 135
213 26
213 150
213 161
213 128
213 178
213 61
213 184
213 88
213 116
213 177
213 130
213 107
213 3
25 16
25 12
25 27
25 114
25 212
25 56
25 191
25 102
25 180
25 94
25 92
25 70
25 36
25 189
25 32
25 44
25 147
25 54
25 121
25 77
25 133
25 97
25 23
25 96
25 143
25 181
25 134
25 80
25 33
25 50
25 68
25 124
25 204
25 206
25 179
25 13
25 210
25 119
25 142
25 0
25 195
25 111
25 186
25 170
25 51
25 168
25 41
25 19
25 98
25 62
25 29
25 30
25 152
25 166
25 60
25 5
25 82
25 67
25 38
25 157
25 205
25 165
25 21
25 173
25 95
25 172
25 127
25 91
25 110
25 64
25 160
25 1
25 199
25 57
25 148
25 207
25 6
25 164
25 135
25 26
25 69
25 72
25 126
25 128
25 61
25 184
25 88
25 130
25 42
25 107
86 16
86 12
86 27
86 93
86 114
86 191
86 180
86 92
86 122
86 37
86 36
86 153
86 147
86 54
86 121
86 77
86 176
86 156
86 23
86 146
86 45
86 181
86 28
86 134
86 83
86 33
86 100
86 204
86 179
86 196
86 13
86 142
86 0
86 48
86 195
86 169
86 197
86 111
86 186
86 170
86 51
86 41
86 174
86 19
86 183
86 62
86 120
86 60
86 40
86 5
86 82
86 38
86 187
86 21
86 35
86 99
86 173
86 95
86 172
86 127
86 91
86 202
86 188
86 104
86 1
86 199
86 207
86 123
86 135
86 72
86 161
86 126
86 128
86 178
86 61
86 88
86 177
86 130
86 42
86 107
86 3
16 27
16 114
16 212
16 56
16 78
16 191
16 180
16 94
16 122
16 117
16 70
16 153
16 189
16 18
16 32
16 9
16 44
16 113
16 147
16 54
16 121
16 133
16 97
16 23
16 146
16 45
16 28
16 134
16 80
16 83
16 50
16 68
16 204
16 179
16 140
16 142
16 195
16 169
16 197
16 186
16 159
16 138
16 170
16 168
16 41
16 19
16 183
16 98
16 29
16 30
16 152
16 74
16 5
16 82
16 101
16 20
16 187
16 205
16 185
16 214
16 39
16 21
16 172
16 127
16 110
16 188
16 160
16 104
16 1
16 199
16 14
16 148
16 164
16 135
16 72
16 150
16 161
16 126
16 128
16 73
16 61
16 184
16 88
16 177
16 130
12 114
12 212
12 78
12 191
12 102
12 92
12 122
12 70
12 37
12 36
12 153
12 189
12 32
12 9
12 44
12 147
12 54
12 77
12 133
12 156
12 97
12 23
12 45
12 143
12 219
12 83
12 33
12 68
12 124
12 204
12 206
12 141
12 140
12 210
12 119
12 142
12 0
12 48
12 197
12 186
12 138
12 170
12 51
12 174
12 19
12 183
12 29
12 120
12 152
12 74
12 5
12 82
12 101
12 67
12 20
12 187
12 205
12 185
12 217
12 39
12 35
12 136
12 172
12 202
12 162
12 64
12 160
12 199
12 14
12 148
12 154
12 164
12 135
12 26
12 69
12 72
12 198
12 178
12 31
12 184
12 177
12 107
12 3
27 114
27 212
27 78
27 191
27 102
27 180
27 117
27 70
27 37
27 24
27 36
27 153
27 18
27 32
27 9
27 44
27 113
27 147
27 54
27 121
27 133
27 23
27 143
27 28
27 80
27 83
27 100
27 68
27 124
27 204
27 206
27 141
27 179
27 196
27 140
27 210
27 48
27 195
27 111
27 186
27 159
27 138
27 168
27 41
27 183
27 98
27 62
27 29
27 120
27 152
27 74
27 60
27 40
27 5
27 82
27 157
27 187
27 205
27 185
27 214
27 165
27 21
27 35
27 99
27 173
27 95
27 136
27 127
27 110
27 162
27 188
27 64
27 1
27 14
27 57
27 148
27 207
27 154
27 164
27 123
27 26
27 69
27 72
27 150
27 161
27 198
27 178
27 184
27 88
27 116
27 130
27 42
27 3
93 56
93 180
93 94
93 92
93 122
93 117
93 70
93 37
93 36
93 153
93 189
93 18
93 44
93 113
93 147
93 121
93 133
93 156
93 23
93 45
93 143
93 134
93 219
93 33
93 100
93 50
93 68
93 124
93 196
93 13
93 140
93 210
93 119
93 142
93 48
93 169
93 111
93 186
93 159
93 170
93 51
93 168
93 41
93 19
93 183
93 29
93 152
93 74
93 166
93 5
93 82
93 157
93 187
93 217
93 39
93 99
93 136
93 172
93 127
93 91
93 202
93 110
93 188
93 64
93 160
93 104
93 199
93 14
93 57
93 148
93 154
93 164
93 123
93 26
93 69
93 72
93 198
93 126
93 178
93 73
93 61
93 88
93 116
93 42
93 107
114 212
114 78
114 102
114 180
114 94
114 122
114 70
114 36
114 153
114 189
114 18
114 32
114 44
114 147
114 54
114 121
114 77
114 176
114 146
114 96
114 134
114 219
114 33
114 50
114 68
114 206
114 141
114 179
114 210
114 142
114 0
114 48
114 111
114 170
114 168
114 41
114 19
114 183
114 98
114 29
114 120
114 60
114 40
114 5
114 82
114 67
114 20
114 157
114 187
114 205
114 217
114 214
114 39
114 21
114 35
114 99
114 173
114 95
114 136
114 172
114 127
114 91
114 202
114 162
114 188
114 1
114 14
114 207
114 154
114 6
114 164
114 123
114 135
114 69
114 72
114 150
114 161
114 198
114 128
114 178
114 73
114 184
114 88
114 116
114 177
114 107
114 3
212 78
212 191
212 102
212 94
212 92
212 117
212 70
212 37
212 24
212 36
212 189
212 18
212 32
212 147
212 121
212 77
212 176
212 133
212 156
212 97
212 146
212 45
212 143
212 181
212 28
212 219
212 33
212 100
212 50
212 68
212 124
212 204
212 206
212 196
212 140
212 210
212 142
212 48
212 195
212 169
212 111
212 159
212 170
212 51
212 168
212 174
212 19
212 183
212 98
212 62
212 29
212 120
212 152
212 166
212 5
212 167
212 205
212 214
212 39
212 21
212 173
212 95
212 136
212 172
212 91
212 202
212 110
212 188
212 64
212 104
212 199
212 14
212 57
212 148
212 123
212 135
212 26
212 69
212 150
212 161
212 126
212 184
212 116
212 177
212 42
212 107
212 3
56 102
56 180
56 94
56 92
56 122
56 37
56 24
56 153
56 32
56 113
56 54
56 121
56 77
56 156
56 97
56 23
56 143
56 181
56 28
56 219
56 33
56 100
56 124
56 141
56 179
56 13
56 140
56 210
56 119
56 142
56 48
56 195
56 111
56 186
56 159
56 138
56 170
56 168
56 41
56 174
56 19
56 183
56 98
56 120
56 74
56 166
56 60
56 40
56 5
56 20
56 157
56 167
56 187
56 205
56 185
56 217
56 214
56 35
56 99
56 173
56 95
56 136
56 91
56 202
56 110
56 162
56 64
56 160
56 104
56 1
56 199
56 148
56 207
56 154
56 135
56 69
56 198
56 178
56 73
56 61
56 184
56 88
56 116
56 177
56 3
78 191
78 102
78 180
78 117
78 70
78 37
78 36
78 18
78 44
78 121
78 133
78 96
78 45
78 28
78 219
78 50
78 68
78 124
78 204
78 196
78 119
78 0
78 195
78 111
78 51
78 168
78 183
78 30
78 152
78 60
78 101
78 20
78 157
78 167
78 187
78 217
78 214
78 39
78 165
78 21
78 35
78 173
78 95
78 127
78 91
78 188
78 64
78 104
78 1
78 199
78 14
78 6
78 26
78 69
78 72
78 150
78 161
78 126
78 128
78 178
78 73
78 31
78 61
78 184
78 130
78 42
78 3
191 180
191 94
191 92
191 122
191 37
191 36
191 189
191 32
191 44
191 113
191 147
191 121
191 77
191 176
191 133
191 146
191 96
191 45
191 28
191 134
191 219
191 80
191 83
191 50
191 68
191 204
191 206
191 141
191 179
191 142
191 48
191 195
191 197
191 111
191 186
191 138
191 51
191 168
191 41
191 174
191 19
191 183
191 29
191 120
191 5
191 82
191 67
191 167
191 187
191 205
191 214
191 39
191 21
191 35
191 173
191 95
191 136
191 91
191 162
191 64
191 160
191 14
191 148
191 207
191 164
191 135
191 26
191 72
191 161
191 128
191 178
191 73
191 31
191 61
191 184
191 88
191 116
191 177
191 130
191 42
191 107
102 180
102 94
102 36
102 18
102 147
102 54
102 77
102 176
102 156
102 97
102 96
102 181
102 28
102 219
102 33
102 100
102 68
102 141
102 13
102 142
102 0
102 169
102 111
102 186
102 159
102 19
102 183
102 62
102 29
102 120
102 30
102 74
102 166
102 60
102 40
102 5
102 82
102 157
102 187
102 217
102 214
102 21
102 99
102 173
102 95
102 136
102 172
102 64
102 160
102 104
102 1
102 199
102 57
102 6
102 164
102 135
102 26
102 150
102 161
102 198
102 178
102 73
102 61
102 88
102 177
102 42
102 107
102 3
180 94
180 92
180 122
180 117
180 37
180 24
180 153
180 189
180 18
180 9
180 147
180 121
180 77
180 176
180 156
180 23
180 96
180 45
180 143
180 181
180 28
180 134
180 83
180 33
180 68
180 206
180 141
180 179
180 13
180 210
180 0
180 169
180 197
180 111
180 159
180 138
180 170
180 51
180 174
180 19
180 98
180 62
180 29
180 30
180 82
180 101
180 38
180 20
180 157
180 187
180 217
180 35
180 95
180 136
180 172
180 91
180 110
180 162
180 188
180 64
180 160
180 104
180 199
180 57
180 148
180 154
180 6
180 69
180 72
180 150
180 198
180 126
180 128
180 178
180 73
180 31
180 184
180 116
180 177
180 130
180 107
180 3
94 70
94 153
94 18
94 9
94 44
94 113
94 147
94 54
94 121
94 77
94 133
94 97
94 146
94 96
94 181
94 28
94 134
94 219
94 33
94 100
94 68
94 179
94 196
94 140
94 210
94 119
94 195
94 197
94 111
94 186
94 159
94 170
94 51
94 168
94 41
94 174
94 183
94 98
94 62
94 166
94 60
94 101
94 67
94 38
94 167
94 185
94 39
94 35
94 99
94 136
94 172
94 127
94 91
94 202
94 162
94 188
94 64
94 160
94 104
94 1
94 199
94 14
94 148
94 207
94 6
94 123
94 135
94 26
94 72
94 150
94 161
94 198
94 128
94 61
94 184
94 88
94 130
94 42
94 107
92 37
92 24
92 189
92 32
92 44
92 113
92 147
92 54
92 121
92 133
92 146
92 181
92 28
92 134
92 83
92 33
92 100
92 50
92 68
92 124
92 204
92 206
92 196
92 13
92 119
92 142
92 0
92 186
92 168
92 183
92 98
92 29
92 30
92 74
92 60
92 82
92 101
92 20
92 157
92 187
92 185
92 217
92 165
92 35
92 99
92 173
92 95
92 172
92 127
92 91
92 202
92 160
92 104
92 148
92 207
92 6
92 164
92 26
92 69
92 150
92 128
92 178
92 31
92 61
92 184
92 116
92 130
92 107
92 3
122 37
122 153
122 32
122 9
122 44
122 113
122 147
122 54
122 121
122 176
122 156
122 97
122 96
122 45
122 143
122 181
122 134
122 83
122 100
122 68
122 141
122 179
122 210
122 48
122 195
122 186
122 170
122 168
122 41
122 19
122 98
122 62
122 30
122 166
122 40
122 5
122 101
122 67
122 157
122 185
122 214
122 39
122 21
122 35
122 99
122 95
122 136
122 91
122 202
122 162
122 188
122 199
122 148
122 207
122 154
122 164
122 72
122 128
122 178
122 61
122 184
122 88
122 116
122 130
122 107
122 3
117 37
117 36
117 153
117 18
117 32
117 9
117 113
117 121
117 176
117 133
117 97
117 96
117 45
117 219
117 83
117 33
117 124
117 204
117 206
117 196
117 210
117 119
117 142
117 48
117 169
117 197
117 170
117 19
117 183
117 62
117 120
117 152
117 166
117 60
117 67
117 157
117 167
117 187
117 205
117 165
117 21
117 35
117 99
117 173
117 95
117 136
117 172
117 202
117 110
117 160
117 104
117 199
117 14
117 57
117 207
117 6
117 164
117 135
117 26
117 72
117 150
117 161
117 128
117 178
117 73
117 31
117 184
117 88
117 177
117 130
117 42
117 3
70 37
70 189
70 9
70 113
70 147
70 121
70 77
70 176
70 133
70 156
70 23
70 146
70 96
70 143
70 181
70 134
70 80
70 33
70 50
70 68
70 204
70 206
70 141
70 179
70 196
70 0
70 48
70 195
70 111
70 159
70 170
70 51
70 168
70 41
70 174
70 98
70 62
70 29
70 120
70 30
70 152
70 74
70 166
70 60
70 40
70 82
70 101
70 20
70 167
70 187
70 217
70 39
70 165
70 99
70 173
70 95
70 136
70 172
70 127
70 91
70 188
70 64
70 160
70 1
70 199
70 14
70 164
70 123
70 26
70 161
70 126
70 128
70 178
70 73
70 31
70 184
70 116
70 177
70 107
70 3
37 24
37 36
37 153
37 32
37 54
37 121
37 176
37 133
37 156
37 97
37 146
37 96
37 143
37 28
37 219
37 80
37 83
37 33
37 100
37 50
37 124
37 204
37 206
37 179
37 140
37 142
37 48
37 195
37 197
37 159
37 170
37 51
37 183
37 62
37 29
37 30
37 152
37 74
37 166
37 60
37 5
37 157
37 167
37 187
37 205
37 185
37 214
37 21
37 99
37 95
37 127
37 91
37 110
37 162
37 188
37 104
37 199
37 57
37 207
37 6
37 164
37 123
37 26
37 69
37 150
37 198
37 128
37 178
37 31
37 184
37 116
37 177
37 107
24 36
24 18
24 32
24 54
24 121
24 156
24 97
24 146
24 96
24 45
24 134
24 219
24 83
24 33
24 100
24 206
24 179
24 13
24 210
24 0
24 48
24 195
24 111
24 186
24 159
24 170
24 41
24 174
24 19
24 183
24 29
24 120
24 152
24 166
24 40
24 82
24 101
24 67
24 157
24 167
24 187
24 205
24 214
24 39
24 21
24 173
24 95
24 127
24 188
24 64
24 160
24 104
24 14
24 148
24 207
24 154
24 6
24 164
24 135
24 26
24 150
24 161
24 178
24 61
24 184
24 88
24 177
24 130
24 107
24 3
36 189
36 18
36 9
36 113
36 121
36 77
36 133
36 156
36 23
36 146
36 96
36 45
36 28
36 134
36 80
36 83
36 33
36 100
36 50
36 68
36 124
36 204
36 141
36 179
36 140
36 210
36 119
36 48
36 195
36 169
36 197
36 186
36 138
36 51
36 168
36 174
36 19
36 183
36 98
36 62
36 30
36 152
36 74
36 166
36 60
36 40
36 5
36 82
36 38
36 20
36 167
36 187
36 205
36 214
36 165
36 95
36 127
36 202
36 188
36 64
36 160
36 104
36 1
36 14
36 57
36 207
36 154
36 6
36 123
36 26
36 72
36 150
36 198
36 126
36 128
36 73
36 31
36 116
36 177
153 189
153 18
153 9
153 113
153 54
153 77
153 133
153 97
153 96
153 45
153 143
153 28
153 80
153 83
153 33
153 100
153 50
153 204
153 179
153 196
153 140
153 210
153 142
153 0
153 48
153 197
153 186
153 159
153 51
153 41
153 19
153 183
153 98
153 29
153 152
153 166
153 40
153 5
153 101
153 67
153 38
153 20
153 157
153 167
153 205
153 165
153 35
153 136
153 91
153 202
153 162
153 188
153 64
153 160
153 104
153 199
153 14
153 148
153 6
153 164
153 123
153 135
153 26
153 69
153 72
153 161
153 198
153 126
153 128
153 178
153 31
153 184
153 88
153 177
153 42
153 3
189 18
189 32
189 9
189 44
189 113
189 121
189 77
189 176
189 133
189 23
189 146
189 45
189 181
189 28
189 134
189 219
189 83
189 100
189 50
189 124
189 204
189 206
189 141
189 179
189 196
189 13
189 140
189 210
189 119
189 48
189 195
189 197
189 111
189 159
189 170
189 168
189 19
189 29
189 120
189 152
189 166
189 40
189 5
189 82
189 20
189 157
189 205
189 217
189 214
189 165
189 35
189 173
189 95
189 202
189 110
189 162
189 188
189 160
189 1
189 154
189 164
189 26
189 72
189 198
189 126
189 128
189 73
189 61
189 88
189 116
189 130
189 3
18 32
18 9
18 44
18 147
18 54
18 77
18 133
18 23
18 146
18 96
18 143
18 28
18 134
18 83
18 100
18 50
18 68
18 124
18 206
18 141
18 119
18 0
18 48
18 195
18 186
18 170
18 51
18 168
18 183
18 98
18 152
18 74
18 166
18 60
18 101
18 67
18 38
18 20
18 187
18 205
18 21
18 35
18 99
18 136
18 127
18 188
18 1
18 199
18 14
18 57
18 148
18 207
18 154
18 6
18 164
18 26
18 72
18 198
18 128
18 178
18 73
18 31
18 61
18 184
18 3
32 9
32 147
32 54
32 121
32 77
32 176
32 133
32 156
32 97
32 96
32 45
32 181
32 28
32 134
32 219
32 80
32 33
32 100
32 68
32 124
32 204
32 141
32 13
32 210
32 119
32 142
32 0
32 48
32 169
32 111
32 159
32 170
32 51
32 168
32 98
32 62
32 29
32 120
32 152
32 74
32 60
32 40
32 5
32 67
32 38
32 20
32 157
32 167
32 187
32 185
32 214
32 39
32 99
32 173
32 95
32 136
32 172
32 127
32 91
32 202
32 110
32 162
32 188
32 64
32 160
32 1
32 199
32 57
32 207
32 154
32 6
32 164
32 123
32 26
32 72
32 150
32 161
32 198
32 128
32 178
32 31
32 61
32 184
32 88
32 42
32 3
9 44
9 113
9 121
9 77
9 133
9 156
9 96
9 45
9 143
9 181
9 28
9 134
9 33
9 100
9 50
9 68
9 204
9 206
9 179
9 140
9 210
9 0
9 48
9 195
9 169
9 197
9 111
9 138
9 170
9 51
9 168
9 174
9 19
9 183
9 98
9 62
9 29
9 120
9 60
9 5
9 82
9 101
9 67
9 38
9 167
9 187
9 205
9 185
9 217
9 39
9 21
9 99
9 95
9 136
9 172
9 91
9 202
9 162
9 104
9 14
9 207
9 123
9 135
9 26
9 69
9 150
9 161
9 198
9 126
9 178
9 73
9 31
9 61
9 177
9 107
44 113
44 54
44 77
44 133
44 156
44 97
44 23
44 146
44 96
44 45
44 143
44 28
44 134
44 83
44 33
44 68
44 124
44 204
44 206
44 179
44 210
44 142
44 0
44 48
44 111
44 186
44 138
44 170
44 51
44 168
44 174
44 19
44 183
44 98
44 62
44 120
44 152
44 74
44 40
44 5
44 82
44 67
44 157
44 167
44 187
44 185
44 214
44 21
44 99
44 173
44 136
44 172
44 91
44 188
44 1
44 14
44 57
44 148
44 207
44 6
44 164
44 135
44 26
44 69
44 72
44 150
44 161
44 198
44 73
44 61
44 88
44 116
44 107
113 147
113 54
113 121
113 77
113 97
113 146
113 96
113 45
113 28
113 134
113 80
113 83
113 33
113 124
113 204
113 206
113 141
113 179
113 196
113 13
113 140
113 210
113 119
113 142
113 0
113 197
113 111
113 186
113 159
113 170
113 41
113 98
113 29
113 120
113 152
113 166
113 60
113 40
113 38
113 20
113 157
113 205
113 217
113 214
113 173
113 136
113 91
113 202
113 110
113 64
113 199
113 14
113 154
113 6
113 164
113 123
113 135
113 26
113 69
113 150
113 198
113 73
113 31
113 116
113 130
113 107
113 3
147 77
147 176
147 156
147 97
147 23
147 96
147 143
147 28
147 134
147 219
147 80
147 33
147 100
147 204
147 206
147 141
147 179
147 196
147 13
147 140
147 210
147 119
147 142
147 0
147 48
147 197
147 159
147 51
147 168
147 41
147 19
147 98
147 62
147 120
147 74
147 166
147 60
147 82
147 157
147 167
147 187
147 205
147 185
147 217
147 165
147 99
147 136
147 127
147 202
147 162
147 188
147 64
147 1
147 148
147 207
147 123
147 135
147 26
147 69
147 72
147 150
147 161
147 198
147 126
147 178
147 61
147 177
147 130
147 107
54 77
54 45
54 28
54 50
54 68
54 124
54 204
54 141
54 196
54 13
54 140
54 0
54 48
54 169
54 197
54 111
54 159
54 170
54 51
54 168
54 19
54 183
54 98
54 29
54 120
54 30
54 152
54 60
54 38
54 20
54 157
54 185
54 217
54 214
54 39
54 165
54 21
54 35
54 99
54 173
54 172
54 91
54 202
54 110
54 162
54 1
54 14
54 57
54 148
54 154
54 164
54 135
54 69
54 72
54 150
54 198
54 126
54 178
54 73
54 61
54 88
54 130
54 107
121 156
121 97
121 146
121 96
121 45
121 143
121 181
121 28
121 80
121 33
121 100
121 68
121 124
121 204
121 141
121 179
121 196
121 140
121 210
121 142
121 0
121 48
121 169
121 111
121 186
121 159
121 138
121 170
121 168
121 41
121 19
121 62
121 120
121 30
121 74
121 40
121 82
121 38
121 20
121 157
121 187
121 217
121 165
121 21
121 35
121 99
121 173
121 95
121 172
121 110
121 162
121 64
121 160
121 1
121 199
121 57
121 148
121 207
121 154
121 164
121 135
121 72
121 150
121 161
121 198
121 178
121 73
121 31
121 184
121 177
121 3
77 176
77 97
77 23
77 146
77 96
77 45
77 181
77 134
77 219
77 204
77 206
77 141
77 196
77 13
77 140
77 210
77 142
77 0
77 48
77 195
77 197
77 186
77 138
77 51
77 19
77 120
77 30
77 74
77 60
77 101
77 38
77 20
77 157
77 167
77 187
77 185
77 217
77 214
77 165
77 21
77 35
77 95
77 136
77 91
77 162
77 188
77 104
77 1
77 14
77 57
77 148
77 154
77 72
77 198
77 126
77 128
77 178
77 73
77 31
77 184
77 88
77 116
77 177
77 42
77 107
77 3
176 133
176 156
176 23
176 96
176 181
176 219
176 83
176 33
176 100
176 124
176 206
176 210
176 142
176 0
176 48
176 195
176 169
176 197
176 186
176 159
176 51
176 41
176 174
176 183
176 98
176 120
176 30
176 152
176 166
176 60
176 40
176 82
176 101
176 38
176 157
176 187
176 185
176 217
176 214
176 165
176 21
176 35
176 99
176 173
176 95
176 136
176 172
176 188
176 160
176 1
176 14
176 207
176 154
176 6
176 164
176 123
176 135
176 26
176 128
176 178
176 73
176 61
176 184
176 116
176 177
176 130
176 42
176 107
133 156
133 97
133 23
133 146
133 96
133 45
133 28
133 134
133 219
133 80
133 83
133 100
133 50
133 68
133 204
133 206
133 141
133 179
133 196
133 13
133 140
133 210
133 142
133 195
133 197
133 186
133 159
133 138
133 170
133 51
133 168
133 41
133 19
133 29
133 30
133 152
133 74
133 40
133 5
133 101
133 67
133 38
133 20
133 167
133 187
133 185
133 214
133 39
133 21
133 99
133 136
133 172
133 91
133 202
133 64
133 104
133 1
133 199
133 14
133 207
133 164
133 123
133 26
133 69
133 150
133 128
133 61
133 88
133 107
133 3
156 97
156 23
156 146
156 96
156 45
156 181
156 134
156 219
156 100
156 50
156 68
156 206
156 141
156 179
156 196
156 140
156 210
156 119
156 0
156 186
156 159
156 138
156 41
156 19
156 183
156 62
156 120
156 30
156 166
156 60
156 40
156 5
156 82
156 101
156 38
156 20
156 157
156 187
156 205
156 214
156 165
156 21
156 35
156 99
156 173
156 136
156 127
156 91
156 202
156 162
156 160
156 1
156 14
156 207
156 154
156 6
156 123
156 135
156 26
156 72
156 150
156 61
156 184
156 88
156 42
156 107
97 45
97 143
97 28
97 80
97 83
97 100
97 68
97 124
97 204
97 141
97 196
97 140
97 210
97 119
97 142
97 0
97 48
97 195
97 169
97 197
97 111
97 159
97 98
97 29
97 120
97 152
97 74
97 166
97 82
97 101
97 67
97 38
97 185
97 217
97 39
97 165
97 173
97 95
97 110
97 188
97 160
97 14
97 148
97 207
97 154
97 6
97 123
97 26
97 72
97 198
97 126
97 128
97 73
97 31
97 61
97 184
97 116
97 130
97 3
23 146
23 96
23 45
23 80
23 206
23 141
23 179
23 196
23 13
23 140
23 210
23 142
23 0
23 48
23 197
23 186
23 159
23 170
23 51
23 168
23 41
23 19
23 183
23 29
23 30
23 152
23 5
23 101
23 67
23 167
23 187
23 21
23 99
23 173
23 95
23 127
23 91
23 202
23 162
23 188
23 160
23 104
23 1
23 199
23 57
23 148
23 207
23 6
23 164
23 123
23 135
23 26
23 69
23 150
23 161
23 198
23 128
23 178
23 73
23 31
23 184
23 88
23 177
23 130
23 42
23 107
146 143
146 134
146 80
146 33
146 50
146 68
146 206
146 141
146 179
146 13
146 140
146 210
146 119
146 48
146 169
146 111
146 186
146 159
146 51
146 168
146 41
146 19
146 183
146 98
146 30
146 152
146 74
146 40
146 82
146 67
146 38
146 20
146 157
146 167
146 187
146 205
146 185
146 39
146 165
146 136
146 172
146 127
146 91
146 202
146 1
146 199
146 14
146 207
146 154
146 6
146 123
146 69
146 72
146 150
146 126
146 128
146 73
146 61
146 184
146 88
146 116
146 177
146 3
96 45
96 181
96 33
96 68
96 124
96 204
96 206
96 141
96 179
96 196
96 13
96 210
96 142
96 48
96 195
96 169
96 111
96 186
96 159
96 138
96 170
96 51
96 168
96 19
96 62
96 29
96 60
96 40
96 82
96 101
96 38
96 20
96 185
96 217
96 39
96 165
96 21
96 35
96 173
96 136
96 172
96 127
96 91
96 202
96 162
96 64
96 1
96 199
96 14
96 57
96 154
96 6
96 26
96 198
96 126
96 178
96 73
96 31
96 61
96 184
96 107
96 3
45 181
45 28
45 219
45 83
45 100
45 124
45 204
45 206
45 179
45 140
45 210
45 119
45 48
45 195
45 169
45 197
45 186
45 170
45 168
45 41
45 183
45 62
45 120
45 30
45 74
45 166
45 5
45 20
45 187
45 185
45 165
45 35
45 99
45 173
45 95
45 136
45 127
45 91
45 162
45 188
45 64
45 104
45 199
45 148
45 154
45 6
45 135
45 72
45 161
45 126
45 178
45 73
45 31
45 61
45 88
45 177
45 42
45 107
143 28
143 134
143 219
143 80
143 100
143 124
143 179
143 140
143 119
143 142
143 0
143 48
143 197
143 111
143 186
143 138
143 170
143 51
143 174
143 62
143 29
143 30
143 152
143 82
143 101
143 67
143 38
143 157
143 187
143 205
143 217
143 214
143 39
143 165
143 35
143 99
143 173
143 95
143 136
143 172
143 127
143 91
143 110
143 162
143 104
143 1
143 199
143 14
143 207
143 154
143 6
143 164
143 123
143 135
143 26
143 69
143 72
143 150
143 161
143 198
143 178
143 73
143 61
143 184
143 130
143 107
143 3
181 28
181 134
181 83
181 50
181 68
181 204
181 179
181 196
181 210
181 119
181 0
181 48
181 197
181 186
181 138
181 51
181 168
181 41
181 174
181 183
181 120
181 152
181 74
181 60
181 5
181 101
181 67
181 187
181 217
181 214
181 39
181 165
181 35
181 173
181 95
181 91
181 202
181 64
181 160
181 199
181 154
181 164
181 123
181 26
181 69
181 72
181 150
181 161
181 126
181 128
181 61
181 184
181 116
181 130
181 42
181 107
28 134
28 83
28 33
28 100
28 124
28 204
28 206
28 179
28 119
28 142
28 48
28 195
28 169
28 197
28 111
28 186
28 159
28 170
28 168
28 41
28 19
28 183
28 98
28 152
28 166
28 67
28 38
28 157
28 167
28 187
28 185
28 217
28 165
28 35
28 95
28 172
28 127
28 162
28 188
28 64
28 160
28 104
28 148
28 154
28 6
28 164
28 135
28 26
28 161
28 198
28 126
28 128
28 61
28 88
28 177
28 42
28 107
28 3
134 80
134 83
134 33
134 100
134 204
134 141
134 140
134 210
134 119
134 195
134 169
134 197
134 111
134 186
134 159
134 138
134 170
134 168
134 41
134 19
134 183
134 62
134 120
134 166
134 40
134 82
134 101
134 67
134 157
134 167
134 187
134 205
134 185
134 214
134 39
134 165
134 21
134 35
134 99
134 95
134 172
134 127
134 91
134 202
134 188
134 64
134 104
134 1
134 57
134 148
134 6
134 126
134 31
134 61
134 116
134 177
134 42
219 83
219 33
219 100
219 124
219 141
219 196
219 13
219 140
219 210
219 119
219 0
219 195
219 169
219 197
219 111
219 159
219 51
219 168
219 98
219 62
219 29
219 152
219 74
219 60
219 82
219 101
219 67
219 38
219 20
219 157
219 167
219 185
219 39
219 165
219 21
219 35
219 99
219 173
219 95
219 172
219 91
219 110
219 188
219 64
219 104
219 1
219 199
219 57
219 148
219 207
219 123
219 135
219 26
219 69
219 72
219 150
219 126
219 128
219 31
219 177
219 130
219 42
80 83
80 33
80 68
80 204
80 206
80 141
80 140
80 210
80 119
80 195
80 111
80 186
80 138
80 170
80 51
80 168
80 183
80 29
80 120
80 30
80 60
80 82
80 67
80 20
80 157
80 167
80 187
80 205
80 185
80 217
80 165
80 35
80 173
80 95
80 172
80 127
80 202
80 110
80 162
80 188
80 64
80 160
80 57
80 207
80 6
80 164
80 135
80 150
80 126
80 128
80 73
80 61
80 88
80 116
80 107
80 3
83 33
83 100
83 50
83 68
83 124
83 206
83 196
83 142
83 0
83 48
83 111
83 186
83 170
83 51
83 174
83 19
83 183
83 98
83 62
83 29
83 30
83 152
83 40
83 5
83 82
83 101
83 67
83 187
83 205
83 214
83 39
83 21
83 173
83 95
83 172
83 127
83 91
83 110
83 162
83 64
83 160
83 104
83 1
83 199
83 14
83 6
83 135
83 69
83 72
83 150
83 161
83 198
83 126
83 178
83 31
83 61
83 184
83 130
83 42
33 100
33 68
33 204
33 141
33 13
33 140
33 119
33 142
33 0
33 169
33 138
33 170
33 41
33 183
33 98
33 62
33 29
33 120
33 30
33 152
33 74
33 40
33 5
33 67
33 38
33 20
33 217
33 214
33 35
33 99
33 173
33 95
33 127
33 91
33 162
33 188
33 64
33 1
33 57
33 207
33 154
33 135
33 69
33 150
33 126
33 178
33 73
33 184
33 116
33 42
33 107
33 3
100 68
100 124
100 204
100 206
100 179
100 196
100 210
100 142
100 0
100 195
100 197
100 186
100 159
100 138
100 51
100 168
100 98
100 29
100 30
100 152
100 166
100 60
100 101
100 67
100 38
100 20
100 167
100 185
100 39
100 35
100 99
100 173
100 95
100 136
100 202
100 110
100 162
100 188
100 64
100 104
100 14
100 57
100 148
100 135
100 26
100 150
100 198
100 126
100 128
100 73
100 31
100 61
100 184
100 177
100 107
100 3
50 68
50 141
50 179
50 13
50 210
50 119
50 142
50 48
50 197
50 111
50 138
50 170
50 168
50 41
50 174
50 19
50 98
50 62
50 29
50 30
50 74
50 166
50 5
50 82
50 101
50 67
50 38
50 20
50 157
50 167
50 187
50 214
50 165
50 35
50 99
50 173
50 95
50 136
50 172
50 91
50 202
50 110
50 162
50 188
50 1
50 57
50 207
50 6
50 164
50 26
50 150
50 198
50 126
50 128
50 61
50 184
50 88
50 116
68 206
68 179
68 210
68 119
68 142
68 0
68 48
68 169
68 197
68 111
68 159
68 41
68 19
68 98
68 29
68 152
68 166
68 60
68 5
68 67
68 20
68 157
68 167
68 205
68 185
68 217
68 39
68 165
68 99
68 136
68 127
68 91
68 202
68 110
68 162
68 64
68 199
68 14
68 154
68 135
68 26
68 150
68 161
68 198
68 128
68 31
68 184
68 116
68 42
68 107
124 204
124 141
124 13
124 0
124 159
124 174
124 183
124 98
124 62
124 29
124 120
124 152
124 40
124 101
124 157
124 187
124 214
124 165
124 21
124 35
124 99
124 95
124 172
124 127
124 91
124 110
124 162
124 64
124 160
124 104
124 1
124 14
124 57
124 6
124 135
124 26
124 150
124 161
124 198
124 126
124 128
124 178
124 73
124 31
124 61
124 177
124 42
124 107
124 3
204 141
204 196
204 140
204 210
204 119
204 142
204 0
204 48
204 195
204 197
204 111
204 186
204 159
204 138
204 168
204 174
204 19
204 183
204 98
204 120
204 152
204 74
204 60
204 40
204 5
204 38
204 20
204 187
204 205
204 185
204 217
204 165
204 21
204 35
204 173
204 95
204 172
204 127
204 110
204 162
204 188
204 64
204 160
204 104
204 1
204 199
204 14
204 57
204 207
204 6
204 164
204 123
204 135
204 69
204 150
204 128
204 31
204 184
204 177
204 42
204 107
204 3
206 141
206 179
206 196
206 210
206 195
206 197
206 111
206 159
206 170
206 51
206 168
206 41
206 174
206 120
206 30
206 166
206 60
206 40
206 5
206 67
206 38
206 20
206 157
206 167
206 187
206 205
206 214
206 39
206 165
206 99
206 136
206 172
206 127
206 91
206 202
206 110
206 162
206 188
206 64
206 1
206 57
206 148
206 154
206 6
206 164
206 135
206 72
206 161
206 198
206 126
206 178
206 61
206 88
206 177
206 107
141 179
141 13
141 140
141 142
141 48
141 195
141 159
141 174
141 19
141 183
141 98
141 120
141 152
141 166
141 60
141 40
141 38
141 185
141 217
141 214
141 39
141 165
141 21
141 99
141 127
141 202
141 64
141 104
141 57
141 148
141 207
141 164
141 135
141 150
141 161
141 198
141 128
141 178
141 31
141 61
141 88
141 177
141 42
141 107
141 3
179 13
179 210
179 119
179 0
179 48
179 195
179 197
179 111
179 159
179 138
179 170
179 51
179 168
179 19
179 183
179 62
179 29
179 30
179 166
179 101
179 67
179 38
179 157
179 187
179 205
179 185
179 217
179 214
179 35
179 99
179 173
179 95
179 136
179 172
179 202
179 188
179 64
179 148
179 207
179 154
179 123
179 69
179 150
179 161
179 198
179 126
179 128
179 178
179 73
179 61
179 116
179 130
179 42
179 107
179 3
196 140
196 210
196 119
196 142
196 0
196 195
196 169
196 186
196 138
196 170
196 41
196 19
196 29
196 166
196 40
196 82
196 101
196 38
196 167
196 187
196 205
196 214
196 95
196 127
196 91
196 202
196 110
196 188
196 64
196 160
196 199
196 14
196 207
196 6
196 164
196 123
196 135
196 72
196 150
196 198
196 126
196 128
196 184
196 116
196 130
196 42
196 107
196 3
13 210
13 0
13 48
13 169
13 197
13 170
13 41
13 19
13 183
13 62
13 120
13 152
13 74
13 5
13 82
13 101
13 67
13 157
13 167
13 205
13 185
13 21
13 35
13 173
13 95
13 202
13 110
13 188
13 64
13 160
13 104
13 57
13 207
13 154
13 6
13 123
13 26
13 69
13 150
13 126
13 178
13 31
13 61
13 184
13 116
13 177
13 130
13 42
13 107
13 3
140 119
140 142
140 0
140 169
140 111
140 159
140 138
140 170
140 168
140 41
140 19
140 98
140 30
140 152
140 74
140 166
140 40
140 5
140 82
140 101
140 20
140 157
140 167
140 185
140 165
140 35
140 95
140 172
140 127
140 202
140 110
140 162
140 64
140 1
140 199
140 14
140 57
140 154
140 6
140 164
140 135
140 26
140 69
140 150
140 161
140 198
140 126
140 178
140 61
140 184
140 88
140 130
140 107
210 142
210 195
210 169
210 111
210 186
210 159
210 138
210 168
210 41
210 174
210 19
210 183
210 120
210 74
210 60
210 40
210 101
210 67
210 167
210 187
210 185
210 214
210 39
210 21
210 35
210 173
210 95
210 136
210 172
210 127
210 162
210 188
210 64
210 1
210 199
210 14
210 207
210 154
210 6
210 123
210 135
210 26
210 150
210 161
210 128
210 73
210 31
210 184
210 88
210 116
210 130
210 42
119 142
119 48
119 195
119 111
119 159
119 138
119 168
119 41
119 174
119 19
119 98
119 62
119 29
119 120
119 74
119 166
119 60
119 40
119 82
119 101
119 38
119 20
119 157
119 167
119 185
119 39
119 165
119 21
119 136
119 172
119 91
119 188
119 160
119 199
119 14
119 57
119 148
119 207
119 6
119 26
119 72
119 126
119 128
119 31
119 88
119 116
119 177
119 42
119 107
119 3
142 169
142 197
142 186
142 159
142 138
142 170
142 51
142 41
142 19
142 29
142 120
142 152
142 74
142 166
142 60
142 40
142 82
142 20
142 157
142 167
142 187
142 185
142 217
142 214
142 39
142 165
142 21
142 99
142 173
142 172
142 127
142 202
142 188
142 64
142 160
142 104
142 199
142 57
142 148
142 207
142 154
142 6
142 135
142 198
142 126
142 128
142 178
142 31
142 88
142 130
142 107
142 3
0 195
0 197
0 186
0 170
0 168
0 19
0 62
0 29
0 120
0 166
0 101
0 67
0 20
0 157
0 167
0 187
0 205
0 185
0 39
0 165
0 21
0 35
0 99
0 173
0 136
0 172
0 91
0 202
0 110
0 162
0 64
0 104
0 1
0 14
0 148
0 207
0 154
0 6
0 164
0 123
0 135
0 26
0 69
0 72
0 161
0 198
0 73
0 31
0 177
0 130
0 42
48 195
48 169
48 197
48 111
48 186
48 159
48 138
48 170
48 51
48 41
48 174
48 98
48 29
48 74
48 166
48 60
48 40
48 5
48 101
48 67
48 38
48 157
48 187
48 185
48 173
48 95
48 136
48 172
48 127
48 162
48 188
48 104
48 1
48 199
48 14
48 57
48 148
48 6
48 164
48 26
48 69
48 161
48 198
48 128
48 31
48 61
48 184
48 177
48 130
48 42
195 169
195 186
195 170
195 51
195 168
195 174
195 19
195 98
195 62
195 120
195 40
195 5
195 82
195 101
195 67
195 167
195 187
195 217
195 214
195 39
195 165
195 21
195 35
195 95
195 136
195 91
195 104
195 1
195 199
195 57
195 148
195 207
195 164
195 135
195 26
195 69
195 150
195 198
195 178
195 73
195 61
195 184
195 130
195 42
169 111
169 186
169 159
169 138
169 41
169 174
169 19
169 183
169 98
169 62
169 29
169 120
169 30
169 152
169 166
169 60
169 40
169 5
169 82
169 101
169 67
169 157
169 205
169 39
169 165
169 99
169 173
169 127
169 91
169 202
169 110
169 160
169 104
169 199
169 14
169 57
169 207
169 6
169 26
169 69
169 72
169 161
169 198
169 126
169 128
169 178
169 73
169 31
169 184
169 88
169 3
197 111
197 159
197 138
197 170
197 51
197 19
197 62
197 29
197 120
197 30
197 74
197 166
197 60
197 40
197 5
197 82
197 38
197 20
197 167
197 187
197 205
197 39
197 165
197 21
197 99
197 173
197 91
197 202
197 160
197 14
197 57
197 154
197 6
197 164
197 123
197 26
197 150
197 161
197 198
197 128
197 178
197 61
197 184
197 116
197 177
197 130
197 107
111 186
111 159
111 170
111 51
111 168
111 41
111 183
111 62
111 29
111 120
111 152
111 60
111 40
111 5
111 101
111 67
111 38
111 20
111 167
111 205
111 217
111 39
111 165
111 21
111 99
111 173
111 136
111 172
111 127
111 91
111 202
111 110
111 188
111 64
111 14
111 6
111 123
111 26
111 150
111 128
111 178
111 73
111 184
111 177
111 107
111 3
186 159
186 138
186 170
186 168
186 41
186 174
186 19
186 183
186 98
186 62
186 30
186 166
186 40
186 5
186 82
186 20
186 167
186 205
186 217
186 39
186 165
186 21
186 35
186 99
186 173
186 172
186 202
186 110
186 162
186 64
186 160
186 199
186 14
186 57
186 148
186 154
186 6
186 123
186 135
186 161
186 198
186 73
186 184
186 88
186 116
186 177
186 42
186 107
186 3
159 138
159 168
159 41
159 174
159 98
159 120
159 74
159 60
159 40
159 5
159 82
159 101
159 67
159 38
159 20
159 167
159 205
159 185
159 217
159 214
159 39
159 99
159 91
159 202
159 110
159 188
159 64
159 199
159 148
159 154
159 6
159 135
159 26
159 150
159 161
159 198
159 126
159 128
159 73
159 31
159 61
159 184
159 88
159 116
159 177
159 130
159 107
159 3
138 170
138 168
138 41
138 19
138 183
138 62
138 30
138 152
138 166
138 5
138 82
138 67
138 157
138 167
138 205
138 185
138 217
138 21
138 35
138 99
138 173
138 95
138 172
138 110
138 162
138 64
138 160
138 104
138 1
138 199
138 14
138 57
138 207
138 164
138 26
138 69
138 72
138 150
138 198
138 128
138 178
138 73
138 31
138 61
138 184
138 88
138 177
138 42
138 107
138 3
170 51
170 41
170 183
170 29
170 30
170 5
170 82
170 38
170 20
170 167
170 205
170 185
170 217
170 214
170 165
170 21
170 35
170 173
170 136
170 127
170 202
170 64
170 1
170 199
170 154
170 164
170 123
170 69
170 150
170 184
170 88
170 116
170 107
170 3
51 168
51 174
51 98
51 62
51 29
51 120
51 30
51 166
51 60
51 40
51 82
51 101
51 167
51 187
51 205
51 217
51 39
51 21
51 35
51 99
51 173
51 95
51 172
51 91
51 202
51 188
51 104
51 199
51 207
51 154
51 6
51 123
51 69
51 72
51 161
51 126
51 128
51 178
51 31
51 61
51 184
51 88
51 116
51 177
51 130
51 42
51 107
51 3
168 41
168 19
168 98
168 29
168 30
168 166
168 60
168 101
168 157
168 167
168 205
168 185
168 217
168 35
168 173
168 95
168 136
168 172
168 127
168 91
168 202
168 110
168 162
168 188
168 199
168 14
168 57
168 6
168 164
168 123
168 26
168 69
168 72
168 150
168 161
168 198
168 126
168 128
168 73
168 61
168 88
168 116
168 177
168 42
168 107
41 19
41 62
41 29
41 30
41 60
41 40
41 5
41 82
41 101
41 157
41 167
41 205
41 185
41 165
41 21
41 35
41 95
41 91
41 202
41 110
41 162
41 160
41 1
41 57
41 154
41 6
41 123
41 135
41 72
41 150
41 161
41 198
41 126
41 128
41 73
41 31
41 184
41 177
41 130
41 42
41 3
174 98
174 29
174 120
174 152
174 166
174 60
174 5
174 82
174 101
174 38
174 20
174 157
174 167
174 187
174 205
174 217
174 214
174 39
174 173
174 95
174 136
174 127
174 91
174 202
174 162
174 188
174 64
174 199
174 57
174 148
174 207
174 154
174 6
174 164
174 135
174 26
174 72
174 150
174 161
174 198
174 178
174 73
174 116
174 177
174 130
19 183
19 98
19 29
19 152
19 74
19 166
19 60
19 40
19 82
19 101
19 67
19 20
19 167
19 185
19 217
19 214
19 165
19 21
19 35
19 173
19 172
19 127
19 91
19 110
19 188
19 64
19 160
19 104
19 1
19 199
19 14
19 57
19 154
19 6
19 164
19 69
19 161
19 126
19 128
19 73
19 31
19 184
19 88
19 177
19 42
19 107
19 3
183 98
183 62
183 30
183 60
183 40
183 5
183 82
183 101
183 20
183 187
183 205
183 217
183 173
183 95
183 136
183 127
183 202
183 110
183 104
183 1
183 199
183 14
183 207
183 154
183 6
183 164
183 26
183 69
183 72
183 150
183 161
183 198
183 126
183 128
183 73
183 61
183 116
183 3
98 62
98 29
98 120
98 30
98 152
98 74
98 166
98 40
98 5
98 101
98 67
98 167
98 185
98 21
98 35
98 173
98 95
98 172
98 64
98 160
98 1
98 14
98 154
98 6
98 135
98 26
98 150
98 128
98 178
98 61
98 184
98 107
98 3
62 29
62 30
62 152
62 74
62 60
62 40
62 5
62 82
62 67
62 38
62 157
62 187
62 205
62 185
62 214
62 35
62 99
62 173
62 95
62 136
62 172
62 127
62 91
62 110
62 188
62 64
62 199
62 207
62 154
62 6
62 164
62 123
62 135
62 26
62 69
62 72
62 150
62 126
62 178
62 73
62 31
62 61
62 116
62 177
62 130
62 42
62 107
29 152
29 60
29 40
29 101
29 20
29 157
29 205
29 185
29 217
29 39
29 21
29 99
29 173
29 136
29 91
29 202
29 110
29 188
29 64
29 160
29 57
29 154
29 6
29 135
29 26
29 150
29 198
29 126
29 178
29 31
29 88
29 116
29 3
120 60
120 5
120 82
120 38
120 157
120 205
120 185
120 214
120 39
120 35
120 99
120 173
120 136
120 127
120 91
120 202
120 162
120 188
120 160
120 104
120 199
120 57
120 148
120 207
120 154
120 6
120 164
120 26
120 72
120 150
120 161
120 126
120 128
120 178
120 73
120 61
120 184
120 88
120 130
120 42
120 107
30 74
30 166
30 60
30 40
30 5
30 82
30 101
30 20
30 187
30 185
30 214
30 21
30 35
30 99
30 173
30 95
30 172
30 110
30 162
30 188
30 64
30 160
30 104
30 1
30 199
30 57
30 135
30 72
30 150
30 198
30 128
30 73
30 116
30 130
152 74
152 166
152 40
152 5
152 101
152 157
152 167
152 187
152 217
152 214
152 39
152 165
152 21
152 35
152 99
152 95
152 91
152 202
152 110
152 162
152 188
152 64
152 160
152 104
152 1
152 14
152 57
152 148
152 207
152 6
152 135
152 150
152 126
152 178
152 73
152 31
152 184
152 88
152 177
152 130
152 42
152 3
74 166
74 82
74 38
74 157
74 167
74 187
74 205
74 39
74 165
74 21
74 99
74 173
74 95
74 136
74 172
74 91
74 162
74 1
74 57
74 148
74 207
74 6
74 164
74 135
74 26
74 69
74 161
74 198
74 126
74 178
74 31
74 88
74 177
74 130
74 42
74 3
166 60
166 40
166 5
166 101
166 157
166 187
166 205
166 214
166 39
166 35
166 99
166 173
166 95
166 136
166 127
166 91
166 202
166 110
166 162
166 160
166 1
166 14
166 57
166 207
166 154
166 135
166 161
166 198
166 128
166 178
166 31
166 184
166 88
166 177
166 107
166 3
60 40
60 5
60 67
60 38
60 205
60 185
60 217
60 214
60 39
60 165
60 35
60 173
60 136
60 172
60 202
60 162
60 188
60 64
60 1
60 148
60 154
60 164
60 123
60 26
60 69
60 72
60 161
60 128
60 73
60 31
60 88
60 116
60 42
60 3
40 101
40 157
40 187
40 205
40 185
40 217
40 165
40 21
40 99
40 136
40 172
40 91
40 202
40 110
40 162
40 188
40 64
40 160
40 199
40 14
40 57
40 6
40 135
40 26
40 72
40 150
40 161
40 198
40 128
40 73
40 31
40 61
40 184
40 130
40 42
40 107
5 82
5 101
5 67
5 157
5 167
5 187
5 217
5 165
5 21
5 95
5 136
5 172
5 91
5 162
5 188
5 64
5 104
5 1
5 199
5 57
5 148
5 154
5 6
5 164
5 123
5 135
5 72
5 161
5 198
5 178
5 73
5 61
5 184
5 88
5 116
5 177
5 130
5 42
5 107
82 101
82 20
82 167
82 187
82 205
82 185
82 214
82 165
82 21
82 173
82 95
82 136
82 172
82 127
82 91
82 162
82 188
82 64
82 104
82 1
82 57
82 148
82 123
82 135
82 26
82 69
82 72
82 150
82 161
82 198
82 126
82 128
82 73
82 31
82 61
82 88
82 130
82 42
82 107
101 67
101 38
101 167
101 187
101 217
101 214
101 39
101 165
101 21
101 35
101 99
101 173
101 136
101 127
101 91
101 110
101 162
101 160
101 1
101 199
101 14
101 154
101 123
101 135
101 26
101 198
101 126
101 61
101 184
101 116
101 3
67 38
67 20
67 187
67 205
67 185
67 217
67 214
67 39
67 165
67 99
67 173
67 136
67 172
67 91
67 202
67 162
67 188
67 64
67 160
67 199
67 207
67 154
67 164
67 135
67 26
67 150
67 161
67 198
67 126
67 178
67 184
67 116
67 177
38 187
38 185
38 214
38 39
38 35
38 173
38 95
38 136
38 91
38 202
38 110
38 162
38 188
38 64
38 104
38 1
38 199
38 207
38 6
38 164
38 69
38 72
38 198
38 126
38 128
38 178
38 73
38 184
38 88
38 116
38 42
38 107
20 157
20 167
20 205
20 185
20 217
20 214
20 165
20 21
20 35
20 99
20 172
20 127
20 91
20 188
20 160
20 1
20 57
20 148
20 6
20 164
20 123
20 69
20 161
20 198
20 126
20 31
20 61
20 177
20 130
20 107
157 167
157 205
157 185
157 217
157 214
157 39
157 165
157 21
157 99
157 173
157 136
157 172
157 91
157 110
157 162
157 64
157 104
157 1
157 57
157 207
157 154
157 6
157 164
157 123
157 135
157 69
157 72
157 161
157 198
157 126
157 128
157 184
157 88
157 42
167 187
167 217
167 214
167 39
167 95
167 172
167 127
167 202
167 160
167 104
167 1
167 148
167 207
167 6
167 164
167 135
167 69
167 198
167 126
167 178
167 88
167 130
167 42
167 107
187 205
187 185
187 217
187 165
187 99
187 173
187 136
187 202
187 188
187 160
187 104
187 1
187 199
187 14
187 207
187 154
187 164
187 123
187 135
187 26
187 72
187 150
187 161
187 198
187 178
187 73
187 61
187 184
187 88
187 116
187 130
187 107
205 165
205 21
205 99
205 136
205 172
205 202
205 162
205 188
205 64
205 14
205 207
205 154
205 164
205 26
205 198
205 126
205 128
205 31
205 184
205 88
205 130
205 3
185 35
185 127
185 64
185 160
185 1
185 148
185 154
185 164
185 69
185 150
185 198
185 128
185 178
185 73
185 116
185 177
185 130
185 42
217 39
217 165
217 173
217 136
217 172
217 202
217 160
217 199
217 57
217 148
217 154
217 6
217 123
217 135
217 69
217 150
217 161
217 198
217 126
217 31
217 184
217 88
217 116
217 177
217 130
217 42
217 107
214 39
214 21
214 35
214 173
214 95
214 172
214 91
214 110
214 162
214 64
214 104
214 1
214 199
214 57
214 6
214 26
214 69
214 161
214 126
214 128
214 31
214 184
214 88
214 177
214 130
214 107
39 99
39 136
39 172
39 127
39 91
39 202
39 162
39 104
39 14
39 148
39 207
39 154
39 6
39 164
39 69
39 72
39 150
39 126
39 31
39 88
39 116
39 177
39 130
39 107
165 21
165 35
165 99
165 173
165 136
165 172
165 91
165 110
165 64
165 104
165 1
165 14
165 57
165 207
165 26
165 69
165 150
165 161
165 198
165 126
165 128
165 178
165 73
165 31
165 184
165 88
165 116
165 130
165 42
165 107
165 3
21 173
21 95
21 136
21 172
21 127
21 91
21 202
21 110
21 160
21 104
21 1
21 57
21 148
21 154
21 26
21 72
21 150
21 161
21 198
21 178
21 31
21 184
21 116
21 177
21 130
21 42
21 107
35 99
35 136
35 172
35 202
35 64
35 104
35 1
35 199
35 148
35 207
35 6
35 164
35 123
35 72
35 150
35 198
35 128
35 178
35 31
35 61
35 184
99 173
99 95
99 136
99 172
99 127
99 110
99 188
99 160
99 104
99 199
99 57
99 6
99 164
99 135
99 26
99 69
99 61
99 184
99 116
99 177
99 42
99 3
173 136
173 172
173 202
173 110
173 64
173 104
173 199
173 57
173 207
173 154
173 164
173 123
173 26
173 72
173 198
173 126
173 128
173 61
173 184
173 88
173 177
173 130
173 42
95 172
95 91
95 162
95 188
95 64
95 1
95 14
95 148
95 164
95 135
95 69
95 72
95 161
95 126
95 73
95 61
95 88
95 177
95 130
95 42
95 3
136 127
136 110
136 162
136 188
136 104
136 1
136 14
136 57
136 207
136 164
136 123
136 69
136 72
136 128
136 178
136 73
136 61
136 184
136 88
136 116
136 177
136 130
136 42
136 107
136 3
172 162
172 188
172 64
172 104
172 199
172 57
172 148
172 154
172 6
172 135
172 72
172 126
172 178
172 184
172 116
172 130
172 42
172 3
127 110
127 14
127 148
127 207
127 154
127 123
127 69
127 72
127 198
127 128
127 178
127 73
127 31
127 61
127 184
127 88
127 107
127 3
91 202
91 110
91 162
91 188
91 64
91 160
91 1
91 199
91 57
91 207
91 154
91 164
91 69
91 150
91 161
91 126
91 178
91 73
91 31
91 61
91 116
91 177
91 130
91 42
202 110
202 162
202 64
202 160
202 104
202 199
202 57
202 148
202 6
202 26
202 69
202 72
202 161
202 126
202 178
202 73
202 31
202 61
202 88
202 42
202 3
110 188
110 64
110 160
110 104
110 1
110 199
110 14
110 57
110 207
110 154
110 6
110 135
110 72
110 126
110 178
110 73
110 31
110 61
110 184
110 116
110 130
110 107
162 64
162 160
162 104
162 1
162 14
162 57
162 148
162 6
162 164
162 69
162 72
162 161
162 128
162 73
162 31
162 61
162 116
162 177
162 42
188 104
188 1
188 148
188 154
188 135
188 26
188 69
188 72
188 150
188 198
188 73
188 61
188 88
188 177
188 42
188 3
64 104
64 57
64 207
64 164
64 135
64 26
64 69
64 72
64 150
64 161
64 126
64 178
64 73
64 184
64 88
64 116
64 177
64 130
64 42
160 1
160 199
160 154
160 164
160 135
160 72
160 150
160 161
160 198
160 126
160 178
160 88
160 177
160 42
160 3
104 1
104 148
104 154
104 6
104 164
104 123
104 135
104 69
104 126
104 31
104 61
104 184
104 88
104 130
104 42
104 107
104 3
1 14
1 57
1 148
1 207
1 154
1 6
1 123
1 69
1 161
1 198
1 126
1 128
1 178
1 73
1 61
1 88
1 116
1 42
1 107
199 14
199 207
199 154
199 6
199 164
199 123
199 135
199 69
199 72
199 150
199 161
199 128
199 31
199 61
199 177
199 130
199 42
199 107
14 123
14 26
14 72
14 150
14 161
14 126
14 128
14 73
14 61
14 116
14 130
14 42
14 3
57 148
57 207
57 164
57 123
57 135
57 26
57 69
57 150
57 161
57 198
57 128
57 178
57 73
57 31
57 184
57 116
57 130
57 42
57 107
148 207
148 154
148 135
148 26
148 69
148 72
148 150
148 161
148 198
148 126
148 178
148 73
148 31
148 61
148 116
148 177
148 130
148 42
148 107
148 3
207 154
207 123
207 135
207 69
207 161
207 126
207 178
207 73
207 184
207 116
207 42
207 107
154 150
154 161
154 126
154 178
154 73
154 31
154 61
154 184
154 88
154 177
154 3
6 164
6 135
6 69
6 198
6 126
6 128
6 178
6 88
6 42
6 3
164 123
164 135
164 26
164 69
164 161
164 198
164 126
164 128
164 178
164 73
164 184
164 177
164 130
123 26
123 72
123 161
123 198
123 178
123 130
123 42
123 107
123 3
135 72
135 150
135 161
135 198
135 126
135 31
135 61
135 184
135 107
135 3
26 69
26 72
26 161
26 198
26 126
26 128
26 31
26 61
26 116
26 3
69 72
69 150
69 198
69 126
69 178
69 73
69 61
69 184
69 88
69 177
69 130
69 42
69 107
72 198
72 128
72 73
72 31
72 88
72 130
72 42
150 198
150 128
150 178
150 61
150 88
150 116
150 130
150 42
150 107
161 198
161 126
161 31
161 61
161 184
161 116
161 177
161 3
198 126
198 128
198 31
198 61
198 184
198 177
198 130
198 3
126 178
126 31
126 130
126 42
126 107
126 3
128 178
128 73
128 88
128 116
128 42
128 107
128 3
178 73
178 31
178 61
178 184
178 177
178 130
178 42
178 107
73 31
73 184
73 116
73 177
73 130
73 42
73 3
31 88
31 116
31 42
61 88
61 177
184 177
184 130
184 107
184 3
88 177
88 130
88 107
116 130
116 107
177 130
177 42
177 107
177 3
42 3
107 3
