*verties 193
189
82
10
34
212
149
52
207
29
65
139
125
217
13
23
21
182
67
206
116
142
156
89
60
205
27
57
79
104
174
70
185
122
12
20
98
8
119
85
151
110
90
50
32
30
35
42
154
1
143
146
97
75
99
169
61
113
86
112
166
188
148
193
184
102
76
176
160
118
68
5
43
135
159
202
96
64
39
129
48
59
145
7
190
111
132
175
100
101
26
152
199
63
172
54
130
66
91
215
162
165
80
198
45
138
191
201
123
33
127
103
49
62
211
28
133
84
120
210
83
197
19
144
192
44
200
95
140
131
73
58
87
0
137
105
81
187
11
41
124
88
2
9
3
107
208
150
219
173
47
157
209
134
31
194
178
14
40
170
17
203
92
106
204
16
181
216
117
109
183
93
46
214
196
121
158
6
163
71
36
69
94
56
18
108
147
78
37
4
136
126
179
218
*edges 
189 82
189 10
189 149
189 52
189 65
189 139
189 125
189 217
189 13
189 21
189 206
189 116
189 142
189 156
189 60
189 205
189 27
189 57
189 79
189 174
189 70
189 185
189 122
189 12
189 20
189 98
189 151
189 110
189 90
189 30
189 35
189 42
189 154
189 1
189 143
189 75
189 61
189 113
189 86
189 112
189 188
189 148
189 102
189 76
189 160
189 118
189 43
189 135
189 159
189 202
189 96
189 39
189 129
189 59
189 145
189 7
189 190
189 111
189 132
189 26
189 152
189 63
189 130
189 91
189 215
189 162
189 165
189 80
189 198
189 45
189 138
189 201
189 33
189 103
189 49
189 62
189 211
189 28
189 133
189 210
189 83
189 197
189 19
189 144
189 192
189 44
189 140
189 131
189 58
189 87
189 0
189 137
189 105
189 81
189 41
189 124
189 88
189 2
189 208
189 150
189 47
189 157
189 134
189 31
189 194
189 178
189 14
189 40
189 170
189 17
189 203
189 92
189 106
189 16
189 181
189 109
189 214
189 121
189 158
189 6
189 163
189 69
189 94
189 56
189 18
189 108
189 4
189 136
189 126
189 179
82 10
82 34
82 212
82 149
82 52
82 29
82 65
82 139
82 125
82 13
82 23
82 182
82 116
82 142
82 156
82 89
82 60
82 27
82 104
82 174
82 185
82 122
82 12
82 20
82 98
82 8
82 119
82 85
82 151
82 110
82 50
82 32
82 35
82 42
82 154
82 143
82 146
82 97
82 75
82 169
82 61
82 113
82 86
82 112
82 188
82 148
82 193
82 184
82 102
82 76
82 160
82 68
82 5
82 43
82 135
82 159
82 202
82 64
82 39
82 48
82 59
82 7
82 111
82 175
82 100
82 101
82 26
82 152
82 199
82 63
82 172
82 130
82 215
82 162
82 165
82 198
82 45
82 33
82 127
82 103
82 62
82 28
82 133
82 84
82 120
82 210
82 83
82 197
82 144
82 192
82 44
82 140
82 131
82 73
82 58
82 87
82 137
82 105
82 81
82 11
82 124
82 88
82 9
82 3
82 208
82 219
82 173
82 47
82 209
82 134
82 31
82 178
82 14
82 40
82 170
82 17
82 106
82 204
82 16
82 181
82 183
82 196
82 158
82 6
82 163
82 71
82 69
82 56
82 147
82 78
82 37
82 4
82 136
82 126
82 179
82 218
10 34
10 149
10 29
10 13
10 23
10 21
10 182
10 67
10 206
10 156
10 89
10 60
10 205
10 27
10 79
10 174
10 185
10 119
10 85
10 30
10 35
10 42
10 154
10 1
10 143
10 97
10 75
10 169
10 61
10 113
10 86
10 112
10 166
10 148
10 184
10 102
10 76
10 176
10 160
10 118
10 68
10 43
10 135
10 159
10 202
10 96
10 39
10 48
10 59
10 145
10 7
10 175
10 101
10 26
10 152
10 199
10 63
10 172
10 130
10 215
10 80
10 198
10 138
10 201
10 123
10 33
10 127
10 103
10 211
10 84
10 120
10 210
10 83
10 197
10 19
10 192
10 44
10 95
10 140
10 131
10 73
10 58
10 87
10 0
10 137
10 105
10 81
10 11
10 124
10 88
10 2
10 9
10 3
10 219
10 173
10 47
10 209
10 134
10 31
10 178
10 14
10 40
10 170
10 17
10 92
10 106
10 16
10 109
10 93
10 46
10 214
10 196
10 121
10 158
10 6
10 71
10 69
10 94
10 18
10 147
10 78
10 37
10 4
10 218
34 212
34 149
34 207
34 65
34 125
34 217
34 13
34 23
34 21
34 67
34 206
34 116
34 60
34 205
34 27
34 57
34 79
34 104
34 185
34 122
34 20
34 98
34 8
34 119
34 151
34 110
34 90
34 50
34 32
34 30
34 35
34 1
34 146
34 99
34 169
34 112
34 166
34 188
34 148
34 184
34 176
34 68
34 43
34 135
34 159
34 202
34 96
34 64
34 39
34 129
34 48
34 59
34 145
34 7
34 190
34 111
34 132
34 175
34 100
34 26
34 152
34 199
34 54
34 130
34 91
34 215
34 165
34 198
34 45
34 123
34 127
34 103
34 49
34 62
34 133
34 120
34 210
34 83
34 197
34 192
34 44
34 200
34 131
34 73
34 0
34 137
34 81
34 11
34 41
34 124
34 88
34 2
34 9
34 3
34 107
34 150
34 219
34 47
34 31
34 178
34 14
34 40
34 17
34 203
34 181
34 216
34 117
34 183
34 93
34 46
34 214
34 6
34 163
34 71
34 36
34 108
34 147
34 37
34 4
34 136
34 126
34 218
212 149
212 52
212 207
212 29
212 65
212 139
212 125
212 217
212 13
212 23
212 206
212 116
212 60
212 57
212 104
212 174
212 12
212 20
212 98
212 119
212 85
212 90
212 32
212 30
212 35
212 154
212 1
212 143
212 75
212 169
212 112
212 193
212 184
212 102
212 176
212 118
212 68
212 5
212 159
212 64
212 129
212 48
212 59
212 145
212 190
212 111
212 175
212 26
212 152
212 63
212 54
212 130
212 66
212 91
212 198
212 138
212 191
212 201
212 103
212 49
212 62
212 133
212 84
212 120
212 210
212 83
212 197
212 144
212 192
212 200
212 95
212 140
212 131
212 73
212 58
212 0
212 105
212 81
212 41
212 124
212 88
212 9
212 3
212 107
212 208
212 150
212 219
212 47
212 157
212 209
212 134
212 31
212 194
212 106
212 204
212 16
212 181
212 216
212 109
212 93
212 46
212 214
212 121
212 6
212 71
212 36
212 56
212 18
212 37
212 136
212 126
212 179
149 52
149 207
149 139
149 217
149 13
149 21
149 182
149 67
149 116
149 142
149 156
149 89
149 60
149 205
149 57
149 79
149 174
149 185
149 122
149 12
149 20
149 98
149 8
149 119
149 85
149 110
149 50
149 32
149 30
149 35
149 154
149 143
149 146
149 97
149 75
149 99
149 61
149 113
149 86
149 112
149 166
149 188
149 148
149 184
149 102
149 76
149 176
149 118
149 68
149 43
149 135
149 159
149 202
149 96
149 64
149 39
149 59
149 145
149 7
149 190
149 111
149 132
149 175
149 100
149 101
149 152
149 199
149 172
149 54
149 130
149 66
149 91
149 162
149 80
149 198
149 45
149 138
149 201
149 127
149 103
149 49
149 62
149 211
149 28
149 133
149 84
149 120
149 19
149 144
149 192
149 44
149 140
149 131
149 73
149 87
149 81
149 187
149 41
149 88
149 2
149 3
149 107
149 150
149 219
149 47
149 157
149 209
149 134
149 31
149 178
149 14
149 40
149 17
149 92
149 106
149 16
149 216
149 117
149 93
149 46
149 214
149 196
149 121
149 163
149 71
149 69
149 18
149 108
149 147
149 37
149 179
149 218
52 207
52 29
52 65
52 139
52 217
52 13
52 23
52 206
52 116
52 142
52 156
52 89
52 60
52 205
52 27
52 79
52 174
52 70
52 185
52 122
52 20
52 8
52 85
52 110
52 90
52 50
52 32
52 30
52 35
52 42
52 143
52 75
52 99
52 169
52 61
52 113
52 112
52 166
52 188
52 148
52 193
52 184
52 102
52 76
52 160
52 68
52 5
52 43
52 135
52 202
52 39
52 48
52 59
52 145
52 7
52 190
52 111
52 132
52 101
52 152
52 199
52 63
52 130
52 66
52 91
52 215
52 80
52 198
52 45
52 191
52 201
52 123
52 33
52 127
52 103
52 49
52 62
52 211
52 84
52 120
52 210
52 83
52 19
52 144
52 192
52 44
52 95
52 140
52 73
52 58
52 87
52 0
52 137
52 105
52 81
52 11
52 124
52 2
52 3
52 208
52 150
52 219
52 47
52 157
52 209
52 31
52 194
52 178
52 14
52 40
52 170
52 203
52 106
52 204
52 181
52 216
52 117
52 109
52 183
52 46
52 214
52 121
52 158
52 163
52 71
52 36
52 94
52 18
52 108
52 147
52 78
52 4
52 136
52 126
52 179
52 218
207 29
207 139
207 217
207 23
207 182
207 67
207 116
207 142
207 60
207 205
207 57
207 185
207 122
207 12
207 20
207 98
207 8
207 119
207 151
207 110
207 50
207 30
207 35
207 1
207 143
207 146
207 97
207 75
207 99
207 169
207 61
207 113
207 188
207 148
207 193
207 184
207 102
207 118
207 5
207 43
207 159
207 64
207 39
207 129
207 48
207 7
207 111
207 132
207 175
207 100
207 101
207 26
207 152
207 199
207 172
207 54
207 130
207 66
207 91
207 215
207 162
207 80
207 198
207 45
207 138
207 191
207 123
207 33
207 103
207 49
207 28
207 133
207 84
207 210
207 83
207 197
207 19
207 144
207 192
207 44
207 95
207 140
207 131
207 73
207 137
207 105
207 81
207 187
207 11
207 124
207 88
207 2
207 9
207 3
207 107
207 208
207 150
207 219
207 157
207 209
207 134
207 178
207 14
207 40
207 203
207 106
207 204
207 117
207 109
207 183
207 93
207 46
207 196
207 121
207 158
207 6
207 71
207 36
207 56
207 108
207 78
207 37
207 4
207 126
207 179
29 65
29 139
29 125
29 21
29 182
29 67
29 206
29 116
29 142
29 156
29 89
29 27
29 57
29 79
29 104
29 174
29 70
29 122
29 20
29 98
29 85
29 151
29 110
29 50
29 32
29 35
29 154
29 1
29 143
29 97
29 75
29 99
29 169
29 86
29 112
29 166
29 188
29 148
29 193
29 184
29 102
29 76
29 118
29 68
29 5
29 135
29 159
29 202
29 64
29 39
29 129
29 48
29 190
29 111
29 132
29 175
29 100
29 26
29 199
29 63
29 172
29 54
29 130
29 66
29 91
29 215
29 165
29 80
29 45
29 138
29 191
29 201
29 123
29 33
29 127
29 28
29 133
29 84
29 120
29 83
29 197
29 19
29 144
29 192
29 200
29 95
29 140
29 87
29 0
29 81
29 187
29 11
29 41
29 124
29 88
29 2
29 9
29 3
29 150
29 47
29 157
29 209
29 31
29 178
29 40
29 92
29 106
29 204
29 16
29 181
29 109
29 183
29 93
29 46
29 196
29 121
29 158
29 163
29 71
29 36
29 69
29 94
29 56
29 18
29 78
29 37
29 179
29 218
65 125
65 13
65 23
65 21
65 67
65 116
65 60
65 27
65 79
65 104
65 174
65 70
65 185
65 122
65 20
65 98
65 119
65 85
65 151
65 90
65 50
65 32
65 35
65 154
65 1
65 146
65 97
65 75
65 99
65 61
65 113
65 112
65 166
65 193
65 184
65 176
65 160
65 43
65 135
65 159
65 96
65 64
65 39
65 59
65 145
65 7
65 111
65 132
65 175
65 100
65 101
65 199
65 63
65 172
65 66
65 215
65 162
65 165
65 80
65 198
65 45
65 138
65 191
65 201
65 127
65 103
65 62
65 211
65 28
65 133
65 120
65 210
65 83
65 197
65 19
65 144
65 44
65 200
65 95
65 140
65 58
65 0
65 105
65 41
65 124
65 2
65 9
65 107
65 150
65 209
65 194
65 178
65 40
65 17
65 203
65 92
65 106
65 16
65 216
65 109
65 183
65 93
65 46
65 214
65 196
65 158
65 163
65 36
65 69
65 56
65 18
65 147
65 78
65 136
65 126
65 218
139 125
139 13
139 23
139 182
139 67
139 206
139 116
139 142
139 156
139 89
139 205
139 27
139 79
139 104
139 174
139 70
139 185
139 20
139 98
139 8
139 85
139 110
139 50
139 35
139 42
139 143
139 146
139 99
139 169
139 61
139 113
139 166
139 148
139 184
139 176
139 118
139 135
139 159
139 202
139 96
139 64
139 39
139 129
139 48
139 59
139 7
139 111
139 175
139 100
139 101
139 26
139 152
139 199
139 63
139 172
139 54
139 130
139 91
139 165
139 80
139 45
139 138
139 191
139 201
139 123
139 33
139 127
139 103
139 49
139 62
139 211
139 28
139 133
139 84
139 83
139 197
139 19
139 192
139 44
139 200
139 95
139 73
139 58
139 0
139 137
139 81
139 187
139 124
139 88
139 2
139 208
139 150
139 219
139 173
139 47
139 157
139 209
139 134
139 31
139 194
139 40
139 17
139 204
139 117
139 109
139 183
139 93
139 214
139 196
139 158
139 6
139 163
139 71
139 94
139 56
139 108
139 147
139 78
139 37
139 4
139 136
139 126
139 179
139 218
125 217
125 13
125 23
125 21
125 182
125 142
125 60
125 205
125 27
125 57
125 104
125 70
125 185
125 12
125 98
125 8
125 119
125 110
125 90
125 32
125 35
125 154
125 1
125 143
125 97
125 75
125 99
125 169
125 61
125 113
125 86
125 112
125 166
125 188
125 148
125 102
125 76
125 160
125 118
125 5
125 43
125 135
125 159
125 202
125 39
125 48
125 59
125 145
125 7
125 190
125 132
125 101
125 26
125 199
125 63
125 54
125 130
125 91
125 162
125 80
125 198
125 45
125 191
125 123
125 33
125 103
125 49
125 62
125 133
125 84
125 210
125 83
125 197
125 19
125 144
125 44
125 200
125 95
125 131
125 73
125 58
125 87
125 0
125 105
125 187
125 41
125 124
125 88
125 2
125 9
125 3
125 107
125 150
125 219
125 209
125 194
125 178
125 40
125 170
125 203
125 92
125 106
125 16
125 216
125 117
125 109
125 183
125 93
125 214
125 196
125 121
125 158
125 163
125 94
125 108
125 147
125 4
125 126
125 179
217 13
217 23
217 21
217 67
217 206
217 116
217 142
217 205
217 57
217 79
217 104
217 174
217 185
217 122
217 20
217 98
217 119
217 85
217 151
217 110
217 90
217 50
217 32
217 42
217 154
217 143
217 75
217 99
217 169
217 61
217 86
217 112
217 188
217 184
217 176
217 118
217 68
217 5
217 43
217 135
217 96
217 64
217 129
217 48
217 59
217 145
217 190
217 111
217 132
217 101
217 152
217 63
217 172
217 54
217 130
217 66
217 91
217 215
217 162
217 165
217 80
217 198
217 138
217 123
217 33
217 127
217 103
217 62
217 28
217 120
217 210
217 197
217 19
217 144
217 44
217 95
217 140
217 131
217 58
217 137
217 187
217 11
217 124
217 88
217 3
217 107
217 150
217 219
217 47
217 157
217 209
217 134
217 31
217 194
217 178
217 170
217 17
217 106
217 204
217 16
217 181
217 216
217 183
217 46
217 214
217 196
217 121
217 158
217 36
217 94
217 18
217 4
217 136
217 126
217 179
217 218
13 182
13 67
13 206
13 116
13 142
13 89
13 60
13 205
13 57
13 104
13 174
13 70
13 185
13 12
13 20
13 98
13 8
13 85
13 151
13 90
13 30
13 35
13 154
13 1
13 143
13 75
13 99
13 113
13 166
13 148
13 184
13 102
13 176
13 160
13 5
13 135
13 64
13 39
13 129
13 48
13 59
13 145
13 7
13 190
13 111
13 132
13 175
13 101
13 26
13 199
13 63
13 172
13 130
13 66
13 91
13 215
13 162
13 165
13 45
13 201
13 123
13 33
13 127
13 62
13 211
13 84
13 210
13 83
13 197
13 19
13 192
13 44
13 200
13 140
13 73
13 87
13 137
13 105
13 187
13 124
13 88
13 2
13 9
13 107
13 208
13 150
13 47
13 157
13 209
13 134
13 194
13 178
13 40
13 170
13 92
13 204
13 16
13 181
13 216
13 117
13 109
13 183
13 46
13 214
13 121
13 158
13 6
13 71
13 69
13 108
13 37
13 179
13 218
23 21
23 67
23 206
23 142
23 156
23 89
23 60
23 205
23 27
23 79
23 174
23 70
23 12
23 20
23 8
23 119
23 85
23 151
23 90
23 50
23 32
23 42
23 154
23 1
23 143
23 97
23 99
23 169
23 61
23 113
23 86
23 112
23 166
23 188
23 148
23 193
23 184
23 102
23 68
23 5
23 43
23 135
23 159
23 202
23 96
23 64
23 39
23 48
23 59
23 145
23 7
23 132
23 101
23 26
23 152
23 199
23 172
23 130
23 66
23 215
23 165
23 80
23 198
23 45
23 138
23 201
23 123
23 33
23 127
23 103
23 62
23 211
23 133
23 120
23 210
23 83
23 197
23 19
23 44
23 200
23 95
23 73
23 58
23 0
23 81
23 11
23 41
23 124
23 2
23 150
23 47
23 157
23 134
23 31
23 178
23 40
23 170
23 92
23 106
23 181
23 216
23 117
23 183
23 93
23 46
23 214
23 196
23 121
23 71
23 94
23 56
23 18
23 147
23 78
23 37
23 136
23 179
23 218
21 182
21 67
21 206
21 116
21 142
21 156
21 89
21 60
21 57
21 79
21 104
21 122
21 20
21 98
21 8
21 119
21 90
21 32
21 30
21 42
21 154
21 1
21 143
21 146
21 75
21 99
21 61
21 113
21 86
21 112
21 166
21 188
21 148
21 193
21 102
21 76
21 176
21 160
21 5
21 43
21 135
21 159
21 202
21 64
21 48
21 59
21 145
21 7
21 132
21 101
21 26
21 152
21 172
21 54
21 130
21 66
21 91
21 215
21 162
21 165
21 80
21 138
21 191
21 201
21 123
21 33
21 127
21 103
21 211
21 28
21 84
21 210
21 83
21 197
21 19
21 144
21 44
21 95
21 73
21 0
21 137
21 81
21 11
21 41
21 124
21 88
21 107
21 208
21 150
21 219
21 173
21 47
21 157
21 209
21 134
21 31
21 178
21 40
21 170
21 92
21 204
21 16
21 181
21 216
21 93
21 46
21 214
21 196
21 158
21 6
21 163
21 36
21 69
21 94
21 56
21 18
21 108
21 78
21 4
21 136
21 179
21 218
182 116
182 156
182 60
182 205
182 27
182 57
182 104
182 70
182 185
182 12
182 20
182 98
182 8
182 119
182 110
182 50
182 42
182 154
182 1
182 143
182 146
182 97
182 75
182 99
182 113
182 86
182 112
182 193
182 102
182 176
182 118
182 5
182 43
182 135
182 202
182 64
182 59
182 145
182 7
182 190
182 111
182 132
182 175
182 100
182 26
182 199
182 54
182 130
182 66
182 215
182 162
182 80
182 138
182 191
182 123
182 33
182 103
182 62
182 211
182 133
182 84
182 83
182 197
182 19
182 144
182 44
182 95
182 140
182 131
182 73
182 58
182 87
182 0
182 137
182 187
182 41
182 2
182 9
182 3
182 107
182 208
182 150
182 219
182 173
182 47
182 157
182 209
182 134
182 31
182 178
182 14
182 40
182 170
182 17
182 203
182 92
182 204
182 16
182 216
182 109
182 183
182 196
182 121
182 158
182 163
182 71
182 69
182 94
182 18
182 108
182 78
182 37
182 4
182 136
182 126
67 206
67 142
67 156
67 89
67 60
67 205
67 27
67 57
67 79
67 104
67 70
67 185
67 20
67 8
67 119
67 110
67 90
67 50
67 32
67 30
67 42
67 146
67 97
67 99
67 86
67 112
67 166
67 148
67 193
67 184
67 76
67 176
67 160
67 68
67 43
67 135
67 159
67 202
67 64
67 39
67 129
67 48
67 7
67 190
67 111
67 101
67 152
67 199
67 63
67 54
67 130
67 66
67 91
67 162
67 80
67 45
67 191
67 201
67 123
67 33
67 127
67 103
67 62
67 211
67 133
67 84
67 120
67 210
67 83
67 197
67 19
67 140
67 58
67 87
67 0
67 137
67 105
67 81
67 187
67 11
67 41
67 124
67 88
67 2
67 9
67 3
67 107
67 219
67 47
67 157
67 134
67 31
67 194
67 178
67 14
67 40
67 170
67 203
67 92
67 204
67 216
67 109
67 183
67 46
67 196
67 121
67 158
67 6
67 163
67 36
67 94
67 56
67 18
67 108
67 147
67 37
67 4
67 136
67 126
67 179
206 156
206 89
206 60
206 205
206 27
206 57
206 79
206 104
206 174
206 70
206 122
206 12
206 20
206 119
206 85
206 151
206 110
206 90
206 50
206 42
206 1
206 97
206 75
206 169
206 113
206 112
206 193
206 184
206 102
206 76
206 118
206 68
206 43
206 135
206 159
206 96
206 129
206 48
206 59
206 145
206 7
206 190
206 111
206 132
206 175
206 101
206 26
206 152
206 63
206 172
206 54
206 130
206 66
206 215
206 162
206 165
206 45
206 191
206 201
206 123
206 33
206 127
206 211
206 84
206 120
206 210
206 83
206 197
206 19
206 144
206 200
206 140
206 131
206 58
206 87
206 0
206 137
206 105
206 81
206 187
206 11
206 124
206 2
206 9
206 3
206 208
206 173
206 47
206 157
206 134
206 31
206 194
206 14
206 170
206 203
206 92
206 204
206 16
206 181
206 216
206 117
206 183
206 214
206 121
206 158
206 6
206 163
206 71
206 69
206 18
206 108
206 78
206 37
206 136
206 126
206 179
206 218
116 142
116 156
116 60
116 205
116 57
116 79
116 104
116 174
116 70
116 122
116 20
116 98
116 8
116 119
116 85
116 110
116 90
116 50
116 32
116 42
116 154
116 143
116 146
116 97
116 75
116 99
116 169
116 61
116 113
116 86
116 112
116 193
116 184
116 68
116 43
116 159
116 202
116 39
116 48
116 59
116 7
116 132
116 175
116 100
116 101
116 26
116 152
116 199
116 63
116 91
116 80
116 198
116 45
116 191
116 123
116 33
116 103
116 49
116 62
116 211
116 28
116 120
116 210
116 83
116 197
116 19
116 144
116 192
116 44
116 95
116 140
116 131
116 73
116 87
116 0
116 105
116 81
116 187
116 11
116 41
116 124
116 88
116 2
116 3
116 107
116 150
116 219
116 173
116 47
116 209
116 31
116 194
116 14
116 170
116 17
116 92
116 106
116 204
116 16
116 181
116 109
116 183
116 93
116 46
116 214
116 196
116 121
116 158
116 6
116 163
116 94
116 56
116 108
116 78
116 37
116 136
116 126
116 179
142 156
142 205
142 27
142 57
142 104
142 174
142 70
142 185
142 12
142 20
142 8
142 119
142 110
142 50
142 32
142 30
142 154
142 1
142 143
142 97
142 75
142 99
142 86
142 188
142 193
142 102
142 176
142 160
142 118
142 68
142 5
142 43
142 135
142 159
142 202
142 96
142 64
142 39
142 129
142 48
142 59
142 190
142 175
142 26
142 152
142 63
142 172
142 54
142 91
142 215
142 162
142 165
142 80
142 198
142 123
142 33
142 127
142 103
142 49
142 62
142 211
142 28
142 133
142 84
142 83
142 197
142 19
142 192
142 44
142 200
142 95
142 140
142 131
142 73
142 58
142 87
142 137
142 105
142 81
142 11
142 41
142 88
142 2
142 107
142 208
142 150
142 219
142 178
142 203
142 92
142 106
142 204
142 16
142 216
142 183
142 46
142 214
142 196
142 121
142 158
142 6
142 163
142 71
142 94
142 56
142 108
142 147
142 78
142 37
142 4
142 136
142 179
156 89
156 205
156 27
156 57
156 70
156 185
156 12
156 98
156 8
156 119
156 85
156 151
156 110
156 90
156 50
156 35
156 42
156 1
156 143
156 97
156 75
156 169
156 61
156 113
156 112
156 188
156 148
156 193
156 184
156 102
156 176
156 160
156 118
156 68
156 43
156 159
156 202
156 96
156 64
156 39
156 59
156 111
156 132
156 175
156 100
156 199
156 63
156 54
156 130
156 66
156 165
156 45
156 138
156 201
156 123
156 33
156 103
156 49
156 62
156 211
156 133
156 84
156 120
156 210
156 19
156 144
156 192
156 44
156 140
156 131
156 58
156 0
156 137
156 105
156 2
156 9
156 107
156 219
156 173
156 47
156 157
156 209
156 134
156 31
156 194
156 14
156 40
156 17
156 203
156 92
156 106
156 204
156 181
156 216
156 117
156 109
156 93
156 46
156 214
156 196
156 121
156 158
156 163
156 71
156 36
156 94
156 56
156 18
156 108
156 147
156 78
156 4
156 126
156 218
89 60
89 205
89 27
89 57
89 79
89 104
89 174
89 122
89 12
89 98
89 119
89 85
89 151
89 110
89 90
89 50
89 32
89 146
89 97
89 75
89 169
89 61
89 113
89 112
89 166
89 188
89 148
89 184
89 102
89 76
89 176
89 118
89 5
89 43
89 135
89 159
89 202
89 64
89 39
89 129
89 48
89 59
89 145
89 7
89 111
89 175
89 100
89 101
89 199
89 63
89 172
89 130
89 66
89 91
89 215
89 45
89 138
89 191
89 123
89 33
89 103
89 49
89 211
89 133
89 84
89 210
89 83
89 197
89 19
89 95
89 140
89 131
89 58
89 0
89 81
89 187
89 41
89 88
89 2
89 9
89 3
89 208
89 173
89 47
89 157
89 209
89 194
89 178
89 14
89 40
89 170
89 17
89 204
89 16
89 216
89 117
89 93
89 46
89 214
89 196
89 121
89 6
89 163
89 36
89 94
89 56
89 18
89 108
89 147
89 37
89 4
89 136
89 218
60 57
60 79
60 174
60 70
60 185
60 122
60 12
60 20
60 151
60 110
60 90
60 50
60 154
60 97
60 113
60 86
60 112
60 188
60 193
60 76
60 176
60 160
60 68
60 5
60 135
60 202
60 96
60 64
60 39
60 129
60 48
60 145
60 7
60 111
60 175
60 100
60 101
60 152
60 199
60 63
60 172
60 54
60 66
60 91
60 215
60 165
60 80
60 198
60 45
60 138
60 191
60 201
60 123
60 33
60 49
60 62
60 28
60 133
60 84
60 120
60 197
60 19
60 144
60 192
60 44
60 200
60 95
60 131
60 73
60 58
60 87
60 0
60 137
60 105
60 81
60 88
60 107
60 208
60 173
60 47
60 209
60 134
60 178
60 14
60 170
60 106
60 204
60 16
60 181
60 216
60 117
60 109
60 183
60 93
60 46
60 214
60 121
60 158
60 6
60 71
60 36
60 69
60 94
60 18
60 147
60 37
60 4
60 136
60 126
60 218
205 57
205 79
205 104
205 70
205 185
205 122
205 12
205 119
205 85
205 151
205 110
205 90
205 32
205 30
205 35
205 1
205 143
205 146
205 97
205 75
205 99
205 61
205 113
205 112
205 166
205 188
205 193
205 184
205 102
205 76
205 176
205 118
205 68
205 5
205 43
205 135
205 96
205 64
205 39
205 145
205 7
205 190
205 111
205 132
205 26
205 152
205 199
205 54
205 130
205 66
205 215
205 162
205 80
205 45
205 138
205 191
205 33
205 211
205 28
205 133
205 120
205 210
205 83
205 197
205 19
205 144
205 192
205 44
205 95
205 131
205 73
205 58
205 87
205 137
205 105
205 187
205 41
205 2
205 9
205 208
205 150
205 219
205 173
205 209
205 134
205 31
205 194
205 14
205 203
205 106
205 204
205 16
205 181
205 216
205 117
205 183
205 93
205 46
205 214
205 121
205 158
205 6
205 163
205 71
205 69
205 56
205 108
205 147
205 37
205 179
205 218
27 57
27 104
27 174
27 185
27 20
27 8
27 119
27 85
27 90
27 50
27 32
27 30
27 35
27 42
27 154
27 143
27 97
27 75
27 99
27 169
27 61
27 113
27 188
27 148
27 193
27 184
27 102
27 76
27 176
27 68
27 5
27 43
27 135
27 202
27 96
27 64
27 129
27 48
27 59
27 145
27 190
27 111
27 132
27 175
27 100
27 101
27 26
27 199
27 63
27 172
27 54
27 66
27 215
27 162
27 80
27 198
27 45
27 138
27 33
27 127
27 103
27 49
27 62
27 211
27 28
27 84
27 210
27 83
27 197
27 19
27 144
27 192
27 95
27 131
27 58
27 87
27 0
27 137
27 81
27 187
27 41
27 124
27 2
27 9
27 107
27 208
27 150
27 219
27 47
27 157
27 209
27 31
27 178
27 40
27 92
27 204
27 16
27 181
27 109
27 183
27 93
27 46
27 214
27 196
27 158
27 6
27 71
27 36
27 69
27 94
27 56
27 18
27 108
27 4
27 136
27 126
27 179
57 174
57 70
57 185
57 122
57 20
57 98
57 85
57 151
57 110
57 90
57 50
57 32
57 30
57 35
57 154
57 1
57 75
57 169
57 113
57 112
57 166
57 188
57 148
57 184
57 76
57 160
57 118
57 5
57 135
57 159
57 96
57 64
57 39
57 129
57 59
57 145
57 7
57 190
57 111
57 132
57 101
57 152
57 199
57 63
57 172
57 54
57 130
57 66
57 215
57 162
57 198
57 45
57 138
57 191
57 201
57 123
57 33
57 127
57 49
57 133
57 84
57 120
57 210
57 83
57 19
57 44
57 58
57 0
57 137
57 105
57 187
57 2
57 3
57 107
57 150
57 219
57 47
57 157
57 209
57 31
57 194
57 178
57 14
57 40
57 203
57 106
57 204
57 16
57 181
57 109
57 183
57 93
57 214
57 196
57 158
57 6
57 163
57 71
57 69
57 56
57 108
57 147
57 37
57 136
57 179
57 218
79 174
79 70
79 185
79 12
79 8
79 85
79 110
79 90
79 32
79 30
79 35
79 42
79 154
79 1
79 143
79 146
79 99
79 61
79 113
79 86
79 112
79 166
79 193
79 184
79 102
79 76
79 176
79 118
79 68
79 135
79 159
79 64
79 39
79 129
79 48
79 145
79 190
79 111
79 132
79 100
79 101
79 26
79 152
79 199
79 63
79 172
79 54
79 130
79 91
79 215
79 162
79 165
79 198
79 45
79 138
79 123
79 127
79 62
79 28
79 120
79 197
79 144
79 192
79 200
79 95
79 140
79 131
79 73
79 87
79 0
79 137
79 105
79 81
79 187
79 88
79 2
79 107
79 208
79 173
79 47
79 157
79 209
79 134
79 31
79 194
79 178
79 14
79 40
79 203
79 92
79 204
79 16
79 181
79 109
79 183
79 93
79 46
79 196
79 121
79 158
79 71
79 69
79 56
79 18
79 108
79 147
79 4
79 218
104 174
104 70
104 185
104 122
104 12
104 20
104 8
104 119
104 85
104 151
104 50
104 32
104 30
104 35
104 42
104 154
104 1
104 146
104 75
104 99
104 169
104 61
104 86
104 166
104 188
104 148
104 193
104 184
104 102
104 76
104 176
104 68
104 5
104 43
104 135
104 159
104 39
104 129
104 48
104 59
104 145
104 7
104 111
104 132
104 175
104 100
104 101
104 152
104 172
104 54
104 66
104 91
104 165
104 80
104 45
104 138
104 191
104 123
104 127
104 103
104 62
104 211
104 28
104 133
104 84
104 210
104 83
104 197
104 19
104 144
104 44
104 200
104 95
104 140
104 131
104 58
104 87
104 105
104 81
104 187
104 11
104 41
104 88
104 2
104 3
104 107
104 208
104 150
104 219
104 173
104 47
104 157
104 209
104 134
104 31
104 194
104 178
104 17
104 92
104 204
104 16
104 181
104 216
104 117
104 109
104 183
104 93
104 46
104 196
104 121
104 163
104 36
104 69
104 94
104 56
104 147
104 37
104 4
104 136
104 126
174 70
174 185
174 122
174 12
174 20
174 98
174 8
174 119
174 85
174 110
174 50
174 35
174 42
174 154
174 143
174 146
174 97
174 99
174 169
174 61
174 86
174 112
174 188
174 148
174 193
174 184
174 102
174 76
174 176
174 160
174 118
174 68
174 43
174 135
174 202
174 64
174 129
174 59
174 145
174 7
174 190
174 111
174 132
174 175
174 100
174 101
174 152
174 63
174 66
174 215
174 162
174 80
174 138
174 49
174 62
174 211
174 133
174 84
174 120
174 210
174 197
174 144
174 192
174 44
174 200
174 131
174 58
174 87
174 0
174 105
174 81
174 187
174 11
174 41
174 124
174 2
174 9
174 3
174 107
174 208
174 150
174 219
174 173
174 47
174 157
174 134
174 31
174 194
174 178
174 14
174 40
174 17
174 203
174 92
174 106
174 204
174 16
174 181
174 183
174 93
174 214
174 158
174 6
174 163
174 71
174 36
174 69
174 94
174 56
174 18
174 108
174 147
174 78
174 37
174 4
174 136
174 126
174 179
174 218
70 185
70 12
70 85
70 151
70 90
70 50
70 32
70 154
70 1
70 97
70 99
70 61
70 112
70 166
70 193
70 184
70 102
70 76
70 160
70 118
70 68
70 159
70 202
70 96
70 64
70 39
70 129
70 48
70 59
70 145
70 7
70 190
70 175
70 152
70 91
70 80
70 198
70 45
70 138
70 201
70 123
70 33
70 127
70 103
70 49
70 62
70 211
70 28
70 84
70 120
70 83
70 197
70 19
70 144
70 200
70 95
70 140
70 73
70 0
70 137
70 81
70 11
70 124
70 3
70 173
70 47
70 157
70 31
70 194
70 40
70 170
70 17
70 203
70 92
70 204
70 16
70 181
70 216
70 109
70 183
70 93
70 46
70 196
70 121
70 6
70 163
70 71
70 36
70 69
70 94
70 18
70 147
70 37
70 126
70 179
70 218
185 122
185 20
185 8
185 119
185 85
185 90
185 50
185 30
185 35
185 1
185 146
185 97
185 75
185 169
185 61
185 113
185 112
185 188
185 148
185 193
185 184
185 76
185 68
185 5
185 43
185 135
185 202
185 96
185 129
185 48
185 59
185 145
185 132
185 100
185 101
185 26
185 152
185 63
185 54
185 66
185 91
185 80
185 138
185 191
185 201
185 123
185 33
185 127
185 103
185 49
185 211
185 84
185 120
185 210
185 83
185 197
185 19
185 144
185 192
185 44
185 200
185 95
185 140
185 131
185 87
185 0
185 105
185 81
185 11
185 124
185 2
185 9
185 150
185 219
185 209
185 178
185 40
185 170
185 17
185 203
185 92
185 204
185 16
185 181
185 216
185 117
185 109
185 183
185 46
185 121
185 158
185 6
185 163
185 69
185 94
185 18
185 78
185 37
185 4
185 126
185 179
185 218
122 12
122 20
122 98
122 119
122 151
122 110
122 90
122 50
122 30
122 1
122 143
122 146
122 97
122 99
122 61
122 86
122 193
122 184
122 102
122 76
122 176
122 160
122 5
122 43
122 135
122 159
122 96
122 64
122 39
122 48
122 59
122 145
122 190
122 100
122 101
122 152
122 199
122 63
122 54
122 130
122 66
122 162
122 165
122 80
122 191
122 123
122 33
122 127
122 103
122 49
122 62
122 211
122 133
122 84
122 210
122 83
122 197
122 19
122 144
122 44
122 95
122 140
122 131
122 73
122 58
122 0
122 137
122 81
122 187
122 11
122 41
122 88
122 2
122 107
122 208
122 150
122 219
122 173
122 47
122 209
122 134
122 178
122 14
122 40
122 170
122 17
122 92
122 106
122 181
122 93
122 46
122 214
122 196
122 121
122 158
122 163
122 71
122 94
122 56
122 18
122 108
122 147
122 78
122 4
122 136
122 126
122 179
122 218
12 20
12 98
12 8
12 119
12 85
12 151
12 50
12 32
12 30
12 35
12 154
12 1
12 143
12 146
12 97
12 75
12 99
12 169
12 61
12 113
12 112
12 166
12 188
12 148
12 193
12 184
12 102
12 76
12 160
12 118
12 68
12 135
12 159
12 96
12 64
12 39
12 129
12 48
12 59
12 145
12 111
12 132
12 26
12 199
12 63
12 130
12 66
12 215
12 165
12 80
12 45
12 191
12 201
12 123
12 33
12 127
12 49
12 62
12 211
12 84
12 197
12 19
12 144
12 192
12 44
12 200
12 95
12 140
12 73
12 58
12 0
12 137
12 105
12 81
12 41
12 88
12 9
12 3
12 107
12 208
12 150
12 219
12 173
12 209
12 134
12 194
12 178
12 14
12 40
12 170
12 204
12 216
12 117
12 109
12 183
12 93
12 163
12 94
12 56
12 108
12 147
12 37
12 4
12 126
12 179
12 218
20 98
20 8
20 85
20 151
20 90
20 50
20 32
20 30
20 35
20 42
20 154
20 1
20 146
20 97
20 75
20 99
20 169
20 61
20 86
20 112
20 166
20 193
20 102
20 176
20 160
20 118
20 68
20 5
20 43
20 135
20 159
20 202
20 96
20 64
20 129
20 48
20 59
20 145
20 7
20 111
20 132
20 100
20 101
20 26
20 199
20 63
20 54
20 130
20 66
20 215
20 165
20 80
20 198
20 45
20 191
20 201
20 211
20 84
20 210
20 83
20 197
20 19
20 144
20 192
20 44
20 200
20 95
20 140
20 131
20 73
20 58
20 137
20 105
20 81
20 11
20 41
20 9
20 3
20 107
20 157
20 209
20 178
20 14
20 40
20 170
20 17
20 92
20 204
20 181
20 117
20 93
20 214
20 196
20 121
20 6
20 163
20 71
20 36
20 94
20 56
20 18
20 108
20 147
20 78
20 126
20 218
98 8
98 110
98 90
98 50
98 35
98 154
98 1
98 146
98 97
98 75
98 99
98 169
98 113
98 86
98 188
98 148
98 193
98 184
98 102
98 76
98 176
98 160
98 118
98 68
98 5
98 43
98 135
98 96
98 64
98 39
98 129
98 59
98 145
98 7
98 111
98 175
98 101
98 26
98 152
98 63
98 54
98 130
98 91
98 215
98 162
98 165
98 80
98 198
98 45
98 191
98 201
98 33
98 127
98 103
98 49
98 62
98 133
98 84
98 210
98 197
98 19
98 144
98 192
98 200
98 131
98 73
98 58
98 87
98 0
98 137
98 105
98 81
98 187
98 124
98 88
98 107
98 173
98 47
98 157
98 209
98 178
98 40
98 17
98 92
98 204
98 16
98 216
98 117
98 109
98 183
98 93
98 196
98 158
98 163
98 71
98 69
98 94
98 56
98 108
98 147
98 37
98 4
98 126
98 218
8 119
8 110
8 90
8 50
8 32
8 30
8 35
8 42
8 154
8 1
8 143
8 97
8 75
8 169
8 113
8 86
8 112
8 166
8 188
8 193
8 184
8 102
8 76
8 176
8 160
8 68
8 5
8 135
8 39
8 129
8 59
8 145
8 7
8 190
8 111
8 132
8 175
8 101
8 26
8 152
8 199
8 54
8 91
8 162
8 80
8 198
8 191
8 201
8 123
8 127
8 103
8 49
8 211
8 28
8 133
8 84
8 210
8 83
8 197
8 19
8 95
8 131
8 73
8 58
8 87
8 0
8 81
8 187
8 11
8 41
8 124
8 3
8 208
8 150
8 219
8 47
8 209
8 134
8 31
8 14
8 17
8 203
8 106
8 204
8 216
8 117
8 109
8 93
8 46
8 214
8 196
8 121
8 163
8 71
8 36
8 69
8 94
8 56
8 18
8 108
8 78
8 136
119 110
119 90
119 32
119 30
119 42
119 1
119 143
119 146
119 97
119 75
119 99
119 169
119 112
119 166
119 193
119 184
119 76
119 176
119 160
119 68
119 5
119 43
119 135
119 159
119 64
119 39
119 129
119 48
119 145
119 7
119 190
119 132
119 175
119 100
119 101
119 26
119 63
119 54
119 66
119 162
119 165
119 80
119 198
119 45
119 138
119 201
119 33
119 127
119 103
119 28
119 84
119 120
119 19
119 192
119 131
119 73
119 87
119 0
119 105
119 11
119 41
119 124
119 88
119 2
119 9
119 107
119 208
119 150
119 219
119 173
119 47
119 157
119 209
119 31
119 194
119 40
119 17
119 92
119 106
119 204
119 16
119 181
119 117
119 93
119 214
119 196
119 121
119 158
119 6
119 163
119 71
119 36
119 69
119 108
119 147
119 78
119 4
119 126
119 218
85 151
85 110
85 90
85 50
85 32
85 30
85 35
85 42
85 1
85 143
85 146
85 169
85 113
85 86
85 188
85 193
85 184
85 102
85 176
85 160
85 135
85 159
85 202
85 96
85 39
85 59
85 7
85 132
85 175
85 100
85 101
85 199
85 63
85 54
85 66
85 215
85 165
85 80
85 198
85 191
85 123
85 103
85 62
85 211
85 28
85 133
85 84
85 120
85 197
85 19
85 192
85 44
85 200
85 140
85 131
85 73
85 58
85 0
85 81
85 187
85 11
85 41
85 124
85 88
85 2
85 9
85 3
85 107
85 208
85 150
85 219
85 173
85 47
85 31
85 194
85 178
85 14
85 40
85 170
85 17
85 106
85 181
85 216
85 109
85 183
85 93
85 214
85 121
85 158
85 71
85 69
85 94
85 18
85 108
85 78
85 37
85 4
85 179
85 218
151 90
151 50
151 32
151 42
151 154
151 1
151 143
151 146
151 97
151 75
151 99
151 169
151 61
151 113
151 86
151 166
151 188
151 193
151 184
151 76
151 118
151 68
151 43
151 202
151 64
151 39
151 129
151 48
151 7
151 190
151 111
151 175
151 101
151 26
151 152
151 199
151 63
151 172
151 54
151 130
151 66
151 91
151 215
151 165
151 198
151 45
151 138
151 191
151 123
151 33
151 127
151 103
151 49
151 84
151 120
151 210
151 144
151 192
151 44
151 95
151 131
151 0
151 105
151 81
151 11
151 41
151 124
151 88
151 9
151 3
151 208
151 219
151 173
151 47
151 209
151 134
151 31
151 194
151 178
151 14
151 40
151 170
151 17
151 92
151 204
151 16
151 181
151 216
151 117
151 109
151 183
151 46
151 214
151 121
151 6
151 163
151 71
151 94
151 56
151 18
151 108
151 147
151 78
151 136
151 126
151 179
151 218
110 35
110 154
110 1
110 143
110 146
110 97
110 99
110 169
110 61
110 113
110 86
110 112
110 166
110 188
110 148
110 102
110 176
110 160
110 118
110 68
110 5
110 43
110 135
110 96
110 39
110 48
110 59
110 7
110 190
110 132
110 175
110 100
110 101
110 26
110 199
110 63
110 130
110 66
110 215
110 162
110 165
110 198
110 45
110 191
110 201
110 123
110 33
110 127
110 103
110 62
110 211
110 28
110 133
110 197
110 144
110 44
110 95
110 140
110 131
110 73
110 58
110 0
110 105
110 81
110 11
110 41
110 124
110 88
110 9
110 208
110 150
110 173
110 47
110 157
110 209
110 134
110 194
110 178
110 170
110 17
110 203
110 92
110 204
110 216
110 117
110 46
110 214
110 158
110 6
110 163
110 71
110 36
110 69
110 94
110 78
110 37
110 4
110 136
110 126
110 179
90 50
90 32
90 30
90 35
90 154
90 1
90 143
90 146
90 75
90 99
90 169
90 61
90 112
90 148
90 102
90 76
90 160
90 68
90 5
90 135
90 202
90 96
90 39
90 129
90 48
90 59
90 7
90 132
90 175
90 100
90 199
90 63
90 172
90 54
90 130
90 66
90 91
90 215
90 80
90 138
90 201
90 123
90 33
90 103
90 62
90 211
90 84
90 210
90 83
90 144
90 44
90 140
90 73
90 137
90 105
90 11
90 124
90 88
90 9
90 3
90 107
90 150
90 47
90 157
90 209
90 31
90 178
90 14
90 170
90 17
90 92
90 106
90 204
90 16
90 181
90 216
90 117
90 109
90 183
90 93
90 46
90 214
90 196
90 121
90 158
90 6
90 71
90 69
90 56
90 18
90 78
90 136
90 179
50 42
50 154
50 1
50 143
50 146
50 97
50 75
50 99
50 86
50 112
50 166
50 188
50 184
50 102
50 76
50 176
50 160
50 118
50 68
50 5
50 43
50 135
50 159
50 202
50 64
50 39
50 48
50 59
50 145
50 7
50 190
50 132
50 175
50 100
50 101
50 26
50 152
50 199
50 63
50 172
50 54
50 130
50 66
50 91
50 215
50 162
50 165
50 80
50 45
50 138
50 33
50 127
50 49
50 62
50 211
50 28
50 197
50 19
50 144
50 192
50 140
50 131
50 73
50 87
50 0
50 105
50 81
50 187
50 124
50 3
50 208
50 150
50 219
50 47
50 157
50 209
50 31
50 14
50 40
50 170
50 17
50 203
50 92
50 106
50 204
50 16
50 181
50 216
50 117
50 109
50 183
50 214
50 196
50 158
50 6
50 163
50 71
50 69
50 18
50 108
50 147
50 78
50 37
50 4
50 136
50 126
50 179
50 218
32 30
32 35
32 42
32 154
32 1
32 143
32 146
32 97
32 75
32 99
32 113
32 86
32 166
32 188
32 193
32 184
32 118
32 5
32 135
32 159
32 202
32 96
32 39
32 48
32 59
32 145
32 7
32 190
32 175
32 100
32 101
32 152
32 54
32 215
32 80
32 198
32 45
32 191
32 201
32 123
32 127
32 103
32 49
32 62
32 133
32 84
32 210
32 197
32 19
32 192
32 44
32 200
32 95
32 140
32 131
32 58
32 0
32 105
32 81
32 187
32 11
32 41
32 3
32 107
32 150
32 219
32 157
32 31
32 194
32 40
32 92
32 106
32 16
32 216
32 109
32 214
32 196
32 158
32 6
32 163
32 71
32 56
32 18
32 108
32 147
32 78
32 4
32 136
32 126
30 35
30 42
30 1
30 143
30 146
30 97
30 99
30 61
30 113
30 86
30 112
30 188
30 193
30 76
30 176
30 160
30 118
30 68
30 5
30 43
30 135
30 159
30 64
30 39
30 129
30 48
30 145
30 190
30 111
30 132
30 100
30 101
30 26
30 152
30 199
30 63
30 172
30 54
30 66
30 91
30 215
30 162
30 165
30 80
30 198
30 45
30 191
30 103
30 49
30 62
30 211
30 133
30 84
30 120
30 210
30 83
30 44
30 95
30 140
30 87
30 105
30 81
30 11
30 124
30 88
30 2
30 9
30 3
30 107
30 208
30 219
30 47
30 209
30 194
30 40
30 170
30 203
30 92
30 106
30 204
30 181
30 216
30 117
30 183
30 46
30 214
30 196
30 71
30 36
30 69
30 94
30 56
30 108
30 78
30 136
30 179
30 218
35 42
35 1
35 143
35 146
35 97
35 169
35 61
35 113
35 188
35 193
35 184
35 102
35 76
35 118
35 68
35 5
35 135
35 202
35 39
35 129
35 59
35 145
35 7
35 190
35 111
35 26
35 63
35 172
35 130
35 66
35 91
35 80
35 45
35 138
35 201
35 127
35 103
35 49
35 211
35 84
35 120
35 210
35 197
35 144
35 192
35 44
35 200
35 131
35 73
35 58
35 87
35 137
35 105
35 81
35 187
35 9
35 3
35 107
35 208
35 150
35 47
35 209
35 134
35 31
35 194
35 178
35 14
35 170
35 203
35 92
35 106
35 204
35 16
35 181
35 117
35 109
35 46
35 196
35 121
35 158
35 6
35 163
35 71
35 36
35 69
35 94
35 56
35 18
35 108
35 78
35 37
35 4
35 136
35 126
35 179
35 218
42 154
42 146
42 97
42 75
42 99
42 61
42 113
42 86
42 112
42 166
42 188
42 148
42 76
42 160
42 5
42 202
42 96
42 64
42 39
42 145
42 7
42 190
42 111
42 132
42 100
42 101
42 26
42 172
42 54
42 130
42 91
42 80
42 198
42 45
42 191
42 123
42 33
42 127
42 49
42 62
42 211
42 28
42 84
42 120
42 19
42 144
42 192
42 44
42 200
42 95
42 140
42 131
42 58
42 87
42 0
42 105
42 187
42 41
42 124
42 88
42 9
42 107
42 208
42 150
42 173
42 47
42 157
42 134
42 31
42 194
42 170
42 92
42 106
42 16
42 181
42 109
42 183
42 196
42 158
42 6
42 36
42 69
42 56
42 18
42 108
42 147
42 78
42 179
42 218
154 143
154 146
154 97
154 75
154 99
154 169
154 113
154 86
154 188
154 148
154 193
154 184
154 102
154 76
154 118
154 5
154 43
154 135
154 96
154 39
154 129
154 48
154 59
154 145
154 190
154 111
154 132
154 101
154 26
154 91
154 215
154 165
154 80
154 198
154 45
154 138
154 191
154 201
154 127
154 49
154 62
154 211
154 28
154 133
154 120
154 210
154 83
154 197
154 19
154 144
154 192
154 44
154 200
154 95
154 73
154 58
154 87
154 0
154 137
154 187
154 41
154 124
154 88
154 2
154 9
154 3
154 107
154 150
154 173
154 157
154 209
154 178
154 14
154 40
154 170
154 203
154 204
154 16
154 181
154 117
154 183
154 93
154 46
154 214
154 121
154 158
154 6
154 163
154 71
154 56
154 108
154 147
154 78
154 4
154 136
154 126
154 179
1 99
1 169
1 61
1 112
1 166
1 188
1 148
1 184
1 68
1 5
1 43
1 202
1 39
1 129
1 48
1 145
1 7
1 190
1 111
1 132
1 100
1 101
1 26
1 152
1 199
1 63
1 172
1 165
1 80
1 45
1 191
1 33
1 127
1 49
1 211
1 197
1 144
1 192
1 44
1 200
1 95
1 131
1 58
1 137
1 105
1 81
1 187
1 41
1 88
1 2
1 9
1 107
1 208
1 150
1 173
1 157
1 209
1 134
1 194
1 178
1 14
1 170
1 17
1 92
1 106
1 204
1 16
1 109
1 183
1 46
1 196
1 121
1 158
1 71
1 36
1 69
1 94
1 56
1 108
1 78
1 37
1 136
1 126
1 179
1 218
143 146
143 99
143 113
143 112
143 148
143 193
143 184
143 102
143 176
143 160
143 118
143 68
143 5
143 43
143 135
143 159
143 202
143 96
143 64
143 39
143 59
143 190
143 111
143 132
143 175
143 101
143 26
143 199
143 63
143 172
143 54
143 91
143 215
143 162
143 165
143 80
143 198
143 45
143 138
143 201
143 123
143 127
143 103
143 49
143 62
143 211
143 28
143 133
143 120
143 19
143 144
143 192
143 200
143 95
143 73
143 58
143 0
143 105
143 187
143 11
143 41
143 124
143 2
143 9
143 3
143 107
143 47
143 209
143 134
143 40
143 170
143 17
143 203
143 92
143 106
143 16
143 109
143 214
143 196
143 121
143 158
143 163
143 71
143 69
143 94
143 56
143 108
143 147
143 136
143 218
146 97
146 99
146 169
146 61
146 113
146 112
146 188
146 148
146 102
146 76
146 176
146 118
146 68
146 43
146 159
146 96
146 39
146 129
146 145
146 190
146 132
146 175
146 100
146 26
146 152
146 172
146 130
146 215
146 162
146 165
146 45
146 191
146 201
146 123
146 33
146 127
146 103
146 62
146 28
146 133
146 84
146 210
146 197
146 19
146 192
146 44
146 200
146 95
146 140
146 131
146 73
146 87
146 137
146 81
146 11
146 41
146 124
146 2
146 9
146 3
146 208
146 219
146 173
146 47
146 157
146 134
146 31
146 194
146 14
146 40
146 17
146 203
146 106
146 181
146 216
146 117
146 109
146 183
146 93
146 46
146 214
146 6
146 163
146 71
146 36
146 69
146 94
146 18
146 147
146 37
146 4
146 218
97 86
97 112
97 188
97 148
97 193
97 184
97 76
97 160
97 118
97 43
97 96
97 39
97 48
97 59
97 145
97 7
97 190
97 111
97 175
97 100
97 101
97 26
97 152
97 63
97 54
97 130
97 66
97 91
97 162
97 80
97 198
97 45
97 138
97 191
97 33
97 127
97 103
97 62
97 211
97 28
97 133
97 120
97 83
97 197
97 144
97 200
97 140
97 131
97 0
97 137
97 105
97 187
97 124
97 88
97 2
97 9
97 3
97 107
97 208
97 150
97 219
97 47
97 157
97 209
97 134
97 194
97 14
97 170
97 203
97 92
97 204
97 93
97 46
97 214
97 196
97 121
97 158
97 6
97 36
97 94
97 56
97 108
97 78
97 37
97 126
97 179
97 218
75 99
75 169
75 86
75 188
75 148
75 193
75 184
75 102
75 76
75 176
75 160
75 43
75 135
75 159
75 202
75 96
75 64
75 129
75 48
75 145
75 7
75 190
75 111
75 100
75 101
75 152
75 172
75 130
75 66
75 91
75 215
75 162
75 198
75 45
75 201
75 123
75 127
75 211
75 28
75 84
75 120
75 210
75 83
75 197
75 19
75 144
75 192
75 44
75 200
75 95
75 58
75 137
75 105
75 81
75 41
75 88
75 9
75 3
75 107
75 150
75 173
75 47
75 157
75 209
75 194
75 178
75 203
75 92
75 106
75 204
75 181
75 216
75 117
75 183
75 93
75 46
75 214
75 196
75 121
75 158
75 6
75 163
75 71
75 36
75 69
75 94
75 18
75 108
75 78
75 37
75 126
99 169
99 61
99 113
99 86
99 112
99 166
99 148
99 193
99 184
99 102
99 76
99 176
99 160
99 68
99 5
99 43
99 159
99 96
99 64
99 48
99 7
99 190
99 111
99 132
99 101
99 26
99 152
99 199
99 63
99 172
99 130
99 66
99 91
99 162
99 80
99 198
99 138
99 191
99 201
99 127
99 49
99 62
99 211
99 28
99 133
99 84
99 120
99 210
99 83
99 197
99 19
99 144
99 200
99 95
99 140
99 131
99 58
99 87
99 137
99 81
99 187
99 11
99 41
99 2
99 3
99 107
99 219
99 47
99 157
99 209
99 134
99 31
99 194
99 178
99 40
99 170
99 106
99 204
99 181
99 216
99 117
99 109
99 93
99 46
99 196
99 6
99 163
99 71
99 36
99 94
99 108
99 147
99 78
99 37
99 4
99 136
99 126
169 112
169 148
169 193
169 184
169 102
169 76
169 176
169 160
169 68
169 43
169 96
169 64
169 59
169 190
169 111
169 175
169 26
169 199
169 63
169 172
169 54
169 130
169 66
169 91
169 165
169 198
169 45
169 138
169 191
169 201
169 123
169 33
169 127
169 49
169 62
169 211
169 133
169 84
169 120
169 210
169 19
169 144
169 192
169 200
169 140
169 131
169 73
169 58
169 0
169 137
169 105
169 81
169 11
169 88
169 9
169 3
169 107
169 150
169 219
169 173
169 209
169 31
169 178
169 14
169 40
169 92
169 216
169 117
169 183
169 46
169 158
169 6
169 163
169 71
169 36
169 69
169 18
169 108
169 78
169 4
169 136
169 126
169 179
169 218
61 86
61 112
61 166
61 188
61 148
61 193
61 184
61 102
61 160
61 68
61 5
61 159
61 202
61 96
61 64
61 39
61 129
61 48
61 59
61 145
61 190
61 111
61 132
61 26
61 152
61 130
61 66
61 91
61 215
61 80
61 198
61 138
61 123
61 33
61 103
61 62
61 84
61 120
61 83
61 197
61 144
61 192
61 95
61 140
61 73
61 58
61 0
61 137
61 105
61 187
61 11
61 41
61 88
61 2
61 3
61 107
61 173
61 47
61 157
61 209
61 134
61 31
61 194
61 178
61 170
61 17
61 203
61 92
61 106
61 204
61 216
61 109
61 183
61 46
61 196
61 121
61 158
61 6
61 94
61 56
61 108
61 147
61 78
61 37
61 126
61 218
113 86
113 112
113 166
113 188
113 148
113 193
113 184
113 102
113 76
113 176
113 43
113 135
113 159
113 202
113 96
113 64
113 39
113 129
113 59
113 145
113 7
113 190
113 111
113 175
113 101
113 26
113 199
113 66
113 215
113 162
113 165
113 80
113 198
113 45
113 191
113 201
113 127
113 103
113 49
113 211
113 28
113 133
113 84
113 120
113 83
113 197
113 19
113 144
113 192
113 44
113 200
113 95
113 140
113 131
113 73
113 58
113 87
113 137
113 105
113 81
113 187
113 41
113 88
113 2
113 9
113 3
113 107
113 219
113 173
113 47
113 209
113 194
113 178
113 14
113 40
113 170
113 17
113 203
113 92
113 106
113 204
113 181
113 117
113 183
113 46
113 214
113 121
113 158
113 6
113 163
113 36
113 69
113 94
113 56
113 147
113 78
113 37
113 4
113 136
113 179
113 218
86 112
86 166
86 188
86 184
86 102
86 76
86 176
86 118
86 68
86 43
86 135
86 159
86 202
86 64
86 39
86 129
86 59
86 145
86 7
86 190
86 111
86 132
86 175
86 101
86 26
86 152
86 172
86 54
86 66
86 91
86 215
86 165
86 80
86 198
86 138
86 123
86 33
86 103
86 49
86 62
86 133
86 84
86 120
86 210
86 83
86 19
86 144
86 192
86 200
86 95
86 140
86 73
86 0
86 137
86 105
86 81
86 11
86 88
86 2
86 9
86 3
86 208
86 150
86 219
86 173
86 47
86 157
86 209
86 134
86 31
86 194
86 40
86 17
86 203
86 106
86 204
86 16
86 109
86 93
86 46
86 214
86 121
86 158
86 6
86 36
86 94
86 56
86 18
86 108
86 147
86 78
86 4
86 136
86 126
86 218
112 166
112 188
112 148
112 193
112 184
112 102
112 76
112 176
112 160
112 118
112 68
112 43
112 135
112 159
112 202
112 64
112 39
112 129
112 48
112 59
112 145
112 190
112 111
112 132
112 175
112 100
112 101
112 26
112 152
112 199
112 63
112 172
112 54
112 66
112 91
112 215
112 162
112 165
112 80
112 45
112 138
112 191
112 201
112 123
112 127
112 103
112 211
112 28
112 84
112 120
112 197
112 144
112 192
112 44
112 200
112 131
112 73
112 58
112 87
112 137
112 81
112 11
112 41
112 124
112 2
112 3
112 107
112 208
112 173
112 47
112 157
112 134
112 31
112 194
112 14
112 40
112 170
112 17
112 203
112 92
112 204
112 16
112 181
112 216
112 117
112 109
112 183
112 93
112 46
112 214
112 121
112 158
112 163
112 71
112 36
112 94
112 56
112 108
112 147
112 136
112 126
112 179
112 218
166 188
166 193
166 184
166 102
166 76
166 176
166 160
166 118
166 68
166 5
166 135
166 159
166 202
166 64
166 39
166 129
166 48
166 59
166 145
166 190
166 111
166 132
166 175
166 100
166 101
166 26
166 152
166 63
166 54
166 130
166 66
166 91
166 215
166 162
166 45
166 191
166 123
166 33
166 127
166 103
166 49
166 62
166 211
166 28
166 133
166 84
166 120
166 210
166 19
166 192
166 44
166 200
166 95
166 140
166 131
166 73
166 0
166 137
166 105
166 187
166 11
166 124
166 88
166 9
166 3
166 107
166 150
166 219
166 173
166 47
166 157
166 209
166 31
166 194
166 178
166 14
166 40
166 170
166 17
166 203
166 204
166 16
166 117
166 109
166 183
166 93
166 214
166 121
166 158
166 6
166 71
166 36
166 94
166 18
166 108
166 147
166 78
166 37
166 136
166 179
188 148
188 193
188 102
188 76
188 176
188 118
188 43
188 135
188 64
188 129
188 48
188 59
188 145
188 7
188 190
188 111
188 132
188 175
188 101
188 26
188 152
188 199
188 172
188 130
188 66
188 91
188 215
188 165
188 80
188 45
188 138
188 191
188 201
188 123
188 33
188 127
188 49
188 62
188 211
188 28
188 133
188 120
188 210
188 83
188 44
188 200
188 140
188 73
188 87
188 81
188 11
188 41
188 88
188 2
188 173
188 209
188 134
188 31
188 14
188 170
188 17
188 203
188 92
188 106
188 204
188 16
188 181
188 216
188 117
188 109
188 183
188 93
188 214
188 196
188 158
188 6
188 36
188 69
188 94
188 18
188 108
188 78
188 136
188 126
148 76
148 176
148 68
148 5
148 202
148 64
148 48
148 145
148 7
148 111
148 132
148 175
148 100
148 101
148 26
148 63
148 172
148 54
148 130
148 66
148 91
148 162
148 165
148 198
148 45
148 138
148 123
148 33
148 127
148 103
148 49
148 62
148 211
148 28
148 133
148 120
148 210
148 19
148 192
148 44
148 200
148 95
148 140
148 131
148 73
148 58
148 87
148 0
148 137
148 124
148 88
148 2
148 9
148 3
148 208
148 219
148 173
148 47
148 134
148 31
148 194
148 14
148 17
148 203
148 92
148 204
148 216
148 183
148 46
148 214
148 196
148 121
148 158
148 6
148 163
148 36
148 94
148 56
148 18
148 108
148 147
148 78
148 37
148 136
193 160
193 118
193 68
193 5
193 43
193 135
193 159
193 96
193 39
193 129
193 59
193 7
193 190
193 111
193 132
193 175
193 100
193 152
193 172
193 130
193 66
193 215
193 165
193 80
193 198
193 138
193 191
193 201
193 33
193 127
193 103
193 62
193 211
193 28
193 133
193 120
193 210
193 197
193 192
193 44
193 200
193 140
193 73
193 87
193 0
193 137
193 81
193 187
193 11
193 41
193 124
193 3
193 107
193 208
193 150
193 219
193 47
193 157
193 209
193 134
193 31
193 14
193 40
193 17
193 92
193 106
193 204
193 181
193 216
193 183
193 46
193 214
193 196
193 121
193 158
193 6
193 163
193 71
193 36
193 69
193 94
193 18
193 108
193 147
193 78
193 37
193 136
184 102
184 76
184 160
184 68
184 5
184 43
184 135
184 159
184 96
184 64
184 39
184 129
184 48
184 59
184 145
184 7
184 190
184 111
184 175
184 100
184 101
184 26
184 63
184 172
184 54
184 66
184 215
184 162
184 191
184 201
184 123
184 33
184 127
184 62
184 28
184 133
184 84
184 210
184 19
184 44
184 200
184 140
184 131
184 73
184 87
184 0
184 137
184 105
184 81
184 11
184 41
184 124
184 2
184 9
184 3
184 107
184 150
184 219
184 173
184 47
184 157
184 209
184 31
184 194
184 14
184 170
184 92
184 106
184 204
184 16
184 181
184 216
184 117
184 109
184 93
184 46
184 214
184 196
184 121
184 158
184 94
184 56
184 18
184 78
184 37
184 4
184 126
184 218
102 76
102 176
102 118
102 68
102 5
102 43
102 135
102 159
102 64
102 39
102 48
102 59
102 7
102 111
102 132
102 175
102 101
102 152
102 199
102 63
102 172
102 54
102 162
102 80
102 198
102 138
102 123
102 33
102 127
102 211
102 28
102 84
102 210
102 197
102 19
102 144
102 192
102 200
102 131
102 87
102 0
102 137
102 81
102 187
102 11
102 3
102 107
102 208
102 150
102 219
102 173
102 47
102 157
102 31
102 14
102 17
102 203
102 92
102 106
102 204
102 16
102 216
102 117
102 109
102 183
102 214
102 196
102 158
102 6
102 69
102 94
102 56
102 18
102 108
102 147
102 78
102 4
102 136
102 126
102 218
76 176
76 5
76 43
76 135
76 159
76 202
76 59
76 7
76 190
76 111
76 132
76 175
76 100
76 26
76 152
76 63
76 91
76 215
76 165
76 80
76 138
76 191
76 201
76 123
76 127
76 49
76 62
76 133
76 84
76 120
76 83
76 197
76 144
76 192
76 200
76 140
76 58
76 87
76 0
76 105
76 81
76 41
76 124
76 88
76 2
76 3
76 208
76 173
76 157
76 209
76 134
76 14
76 40
76 170
76 17
76 203
76 106
76 204
76 16
76 93
76 214
76 196
76 158
76 6
76 69
76 94
76 56
76 18
76 147
76 37
76 4
76 136
76 126
76 179
76 218
176 118
176 68
176 43
176 135
176 159
176 202
176 96
176 64
176 39
176 129
176 59
176 145
176 190
176 111
176 175
176 100
176 101
176 26
176 63
176 54
176 130
176 66
176 91
176 215
176 162
176 165
176 80
176 45
176 191
176 201
176 123
176 33
176 127
176 103
176 62
176 211
176 133
176 84
176 83
176 197
176 19
176 192
176 44
176 131
176 73
176 58
176 87
176 0
176 137
176 105
176 187
176 11
176 41
176 124
176 88
176 9
176 107
176 208
176 150
176 209
176 134
176 31
176 178
176 14
176 40
176 170
176 17
176 203
176 92
176 106
176 204
176 16
176 181
176 216
176 109
176 93
176 46
176 214
176 121
176 6
176 163
176 71
176 69
176 94
176 18
176 147
176 37
176 126
160 118
160 68
160 135
160 159
160 202
160 64
160 39
160 129
160 48
160 59
160 145
160 7
160 190
160 111
160 132
160 175
160 100
160 26
160 152
160 63
160 172
160 130
160 66
160 91
160 215
160 198
160 45
160 138
160 123
160 33
160 127
160 103
160 62
160 211
160 28
160 210
160 83
160 197
160 19
160 144
160 44
160 200
160 95
160 140
160 73
160 58
160 87
160 0
160 137
160 105
160 11
160 41
160 124
160 88
160 9
160 3
160 107
160 219
160 173
160 157
160 209
160 134
160 31
160 194
160 178
160 14
160 40
160 17
160 203
160 92
160 106
160 204
160 181
160 117
160 109
160 183
160 121
160 158
160 6
160 163
160 36
160 69
160 94
160 56
160 18
160 108
160 147
160 78
160 37
160 126
160 179
160 218
118 135
118 202
118 64
118 39
118 129
118 48
118 145
118 7
118 111
118 132
118 175
118 100
118 26
118 152
118 63
118 172
118 130
118 66
118 91
118 215
118 165
118 198
118 45
118 191
118 201
118 123
118 127
118 103
118 62
118 211
118 84
118 210
118 83
118 197
118 19
118 144
118 192
118 200
118 140
118 137
118 81
118 187
118 11
118 41
118 124
118 88
118 2
118 9
118 107
118 47
118 157
118 209
118 134
118 31
118 194
118 14
118 170
118 203
118 92
118 106
118 204
118 181
118 216
118 117
118 93
118 214
118 196
118 121
118 71
118 36
118 69
118 56
118 108
118 147
118 126
118 179
118 218
68 5
68 64
68 59
68 7
68 190
68 111
68 175
68 100
68 101
68 199
68 63
68 172
68 54
68 162
68 198
68 45
68 138
68 201
68 33
68 103
68 49
68 62
68 211
68 28
68 84
68 210
68 83
68 197
68 19
68 44
68 200
68 95
68 131
68 73
68 58
68 87
68 137
68 105
68 187
68 11
68 41
68 88
68 2
68 3
68 107
68 208
68 150
68 47
68 209
68 134
68 31
68 40
68 170
68 17
68 92
68 106
68 216
68 109
68 183
68 93
68 158
68 6
68 163
68 71
68 69
68 94
68 56
68 18
68 108
68 136
68 126
68 179
5 159
5 202
5 64
5 39
5 129
5 48
5 145
5 111
5 175
5 100
5 152
5 199
5 54
5 130
5 66
5 91
5 215
5 165
5 80
5 198
5 45
5 138
5 201
5 123
5 33
5 127
5 103
5 49
5 28
5 133
5 84
5 120
5 19
5 192
5 44
5 200
5 95
5 140
5 131
5 73
5 58
5 87
5 0
5 137
5 187
5 124
5 88
5 2
5 3
5 107
5 208
5 47
5 209
5 134
5 31
5 194
5 14
5 40
5 17
5 203
5 92
5 106
5 16
5 181
5 216
5 117
5 109
5 183
5 93
5 214
5 158
5 6
5 163
5 36
5 69
5 94
5 56
5 18
5 108
5 78
5 37
5 136
5 126
5 218
43 159
43 202
43 64
43 39
43 59
43 145
43 7
43 190
43 111
43 132
43 175
43 100
43 101
43 26
43 152
43 199
43 63
43 172
43 54
43 66
43 91
43 215
43 165
43 80
43 198
43 191
43 201
43 123
43 33
43 127
43 103
43 62
43 211
43 28
43 210
43 197
43 144
43 192
43 44
43 200
43 95
43 140
43 73
43 58
43 87
43 137
43 105
43 187
43 41
43 124
43 9
43 3
43 208
43 150
43 219
43 47
43 157
43 209
43 134
43 31
43 194
43 178
43 14
43 170
43 17
43 203
43 92
43 106
43 16
43 181
43 109
43 183
43 93
43 121
43 158
43 6
43 36
43 94
43 56
43 18
43 147
43 37
43 218
135 202
135 64
135 39
135 129
135 48
135 145
135 111
135 175
135 100
135 101
135 26
135 152
135 199
135 63
135 54
135 130
135 66
135 165
135 45
135 138
135 191
135 33
135 103
135 62
135 211
135 120
135 83
135 197
135 19
135 144
135 192
135 44
135 200
135 95
135 131
135 73
135 87
135 0
135 105
135 187
135 41
135 88
135 9
135 107
135 208
135 150
135 219
135 47
135 157
135 194
135 178
135 14
135 40
135 170
135 17
135 92
135 204
135 16
135 181
135 93
135 46
135 196
135 121
135 158
135 71
135 36
135 69
135 94
135 18
135 108
135 147
135 37
135 4
135 126
159 202
159 96
159 64
159 39
159 129
159 48
159 145
159 7
159 111
159 175
159 101
159 26
159 152
159 66
159 91
159 215
159 165
159 80
159 201
159 123
159 33
159 127
159 103
159 49
159 211
159 133
159 84
159 83
159 144
159 44
159 200
159 95
159 131
159 73
159 58
159 87
159 0
159 105
159 81
159 187
159 11
159 41
159 124
159 9
159 3
159 107
159 208
159 219
159 173
159 47
159 209
159 134
159 31
159 194
159 178
159 40
159 170
159 203
159 92
159 106
159 204
159 16
159 216
159 117
159 109
159 183
159 93
159 46
159 196
159 6
159 163
159 71
159 36
159 69
159 18
159 147
159 136
159 179
202 96
202 64
202 39
202 48
202 59
202 145
202 7
202 190
202 175
202 100
202 101
202 26
202 63
202 54
202 91
202 165
202 80
202 198
202 45
202 191
202 123
202 103
202 49
202 211
202 133
202 120
202 83
202 19
202 144
202 44
202 200
202 58
202 87
202 0
202 137
202 105
202 81
202 187
202 11
202 41
202 88
202 2
202 107
202 150
202 173
202 157
202 134
202 194
202 178
202 14
202 92
202 106
202 204
202 181
202 216
202 117
202 183
202 46
202 214
202 121
202 158
202 6
202 163
202 71
202 69
202 94
202 56
202 78
202 4
202 179
202 218
96 39
96 48
96 145
96 7
96 190
96 111
96 132
96 175
96 100
96 101
96 26
96 152
96 199
96 63
96 54
96 130
96 66
96 91
96 215
96 162
96 80
96 198
96 45
96 191
96 201
96 123
96 33
96 127
96 103
96 49
96 211
96 28
96 133
96 120
96 83
96 144
96 95
96 140
96 131
96 73
96 87
96 137
96 105
96 81
96 187
96 41
96 88
96 9
96 3
96 107
96 208
96 150
96 219
96 173
96 47
96 31
96 178
96 14
96 40
96 170
96 106
96 204
96 16
96 216
96 117
96 183
96 93
96 46
96 196
96 121
96 6
96 163
96 71
96 36
96 69
96 56
96 18
96 108
96 147
96 78
96 4
96 136
96 126
96 218
64 39
64 129
64 59
64 145
64 7
64 190
64 111
64 132
64 175
64 100
64 101
64 26
64 63
64 172
64 130
64 66
64 162
64 165
64 80
64 198
64 45
64 138
64 191
64 201
64 33
64 127
64 211
64 28
64 84
64 120
64 83
64 19
64 192
64 58
64 87
64 0
64 137
64 105
64 81
64 11
64 124
64 2
64 3
64 107
64 208
64 150
64 219
64 47
64 157
64 31
64 14
64 40
64 170
64 203
64 92
64 16
64 181
64 216
64 117
64 109
64 183
64 6
64 71
64 36
64 94
64 18
64 78
64 37
64 4
64 126
64 179
39 129
39 59
39 145
39 7
39 190
39 111
39 132
39 101
39 26
39 199
39 63
39 172
39 54
39 91
39 215
39 162
39 80
39 45
39 138
39 123
39 33
39 127
39 103
39 211
39 133
39 84
39 210
39 83
39 192
39 44
39 140
39 131
39 58
39 87
39 0
39 137
39 105
39 81
39 187
39 11
39 41
39 124
39 88
39 2
39 9
39 3
39 150
39 219
39 157
39 209
39 14
39 40
39 170
39 203
39 92
39 204
39 16
39 117
39 183
39 93
39 46
39 196
39 6
39 163
39 71
39 36
39 69
39 94
39 108
39 147
39 78
39 37
39 126
39 179
39 218
129 145
129 132
129 175
129 100
129 101
129 26
129 152
129 199
129 63
129 172
129 54
129 130
129 91
129 162
129 165
129 80
129 198
129 45
129 138
129 191
129 201
129 123
129 33
129 127
129 103
129 62
129 28
129 133
129 84
129 120
129 210
129 197
129 144
129 192
129 44
129 95
129 140
129 131
129 73
129 137
129 105
129 187
129 124
129 88
129 3
129 208
129 150
129 219
129 173
129 209
129 134
129 31
129 194
129 178
129 14
129 40
129 170
129 17
129 203
129 106
129 204
129 16
129 181
129 117
129 109
129 183
129 93
129 46
129 214
129 121
129 6
129 71
129 69
129 94
129 56
129 18
129 108
129 78
129 37
129 179
48 59
48 111
48 175
48 100
48 101
48 26
48 152
48 199
48 63
48 54
48 130
48 66
48 91
48 162
48 165
48 198
48 201
48 123
48 33
48 127
48 103
48 211
48 28
48 133
48 210
48 83
48 197
48 19
48 192
48 44
48 95
48 140
48 131
48 73
48 58
48 87
48 137
48 105
48 187
48 11
48 41
48 124
48 88
48 2
48 9
48 3
48 107
48 150
48 157
48 134
48 31
48 194
48 178
48 203
48 92
48 106
48 16
48 181
48 216
48 117
48 109
48 183
48 46
48 196
48 121
48 158
48 163
48 71
48 36
48 69
48 94
48 56
48 18
48 108
48 78
48 4
48 136
48 126
48 179
48 218
59 7
59 111
59 132
59 175
59 100
59 152
59 199
59 63
59 172
59 130
59 66
59 91
59 162
59 165
59 80
59 198
59 138
59 191
59 201
59 123
59 33
59 103
59 49
59 62
59 28
59 133
59 84
59 120
59 210
59 83
59 197
59 19
59 144
59 192
59 200
59 95
59 73
59 87
59 0
59 137
59 105
59 81
59 2
59 9
59 3
59 107
59 208
59 150
59 219
59 173
59 47
59 157
59 209
59 31
59 194
59 178
59 14
59 40
59 170
59 17
59 92
59 106
59 204
59 16
59 216
59 109
59 183
59 93
59 46
59 196
59 121
59 163
59 36
59 69
59 147
59 78
59 37
59 4
59 136
59 126
59 179
145 7
145 132
145 101
145 26
145 152
145 63
145 172
145 54
145 66
145 215
145 162
145 165
145 80
145 198
145 138
145 191
145 201
145 103
145 49
145 62
145 211
145 28
145 133
145 84
145 120
145 210
145 83
145 144
145 192
145 200
145 95
145 73
145 0
145 137
145 41
145 124
145 88
145 2
145 9
145 107
145 208
145 150
145 219
145 173
145 47
145 157
145 209
145 134
145 31
145 194
145 178
145 40
145 17
145 203
145 92
145 16
145 181
145 216
145 117
145 109
145 183
145 93
145 46
145 214
145 196
145 121
145 158
145 6
145 163
145 36
145 18
145 108
145 147
145 78
145 4
145 126
145 179
7 190
7 111
7 132
7 175
7 101
7 26
7 152
7 63
7 54
7 130
7 91
7 162
7 165
7 80
7 138
7 201
7 127
7 103
7 49
7 28
7 133
7 120
7 210
7 197
7 19
7 144
7 192
7 44
7 95
7 140
7 73
7 87
7 137
7 105
7 81
7 187
7 11
7 41
7 124
7 88
7 107
7 150
7 173
7 47
7 157
7 209
7 134
7 194
7 178
7 14
7 17
7 203
7 92
7 106
7 204
7 16
7 216
7 117
7 183
7 214
7 196
7 121
7 158
7 6
7 71
7 94
7 56
7 18
7 108
7 147
7 78
7 37
7 4
7 136
7 126
7 179
7 218
190 111
190 132
190 175
190 101
190 26
190 152
190 199
190 54
190 130
190 66
190 91
190 215
190 80
190 198
190 138
190 191
190 123
190 33
190 127
190 103
190 49
190 28
190 84
190 120
190 197
190 19
190 144
190 200
190 95
190 131
190 73
190 58
190 137
190 81
190 11
190 2
190 208
190 150
190 219
190 47
190 194
190 14
190 40
190 170
190 17
190 106
190 204
190 16
190 216
190 109
190 46
190 214
190 121
190 6
190 163
190 36
190 69
190 94
190 56
190 18
190 147
190 4
190 126
111 132
111 175
111 101
111 26
111 152
111 199
111 63
111 172
111 54
111 91
111 162
111 80
111 198
111 138
111 191
111 201
111 123
111 33
111 127
111 103
111 49
111 62
111 211
111 28
111 133
111 210
111 19
111 144
111 44
111 95
111 140
111 131
111 58
111 87
111 0
111 105
111 81
111 187
111 11
111 41
111 88
111 2
111 9
111 3
111 107
111 208
111 173
111 47
111 157
111 209
111 178
111 14
111 40
111 17
111 92
111 106
111 204
111 16
111 181
111 216
111 117
111 109
111 183
111 196
111 6
111 163
111 71
111 36
111 69
111 94
111 56
111 147
111 37
111 4
111 136
111 126
111 179
111 218
132 175
132 100
132 101
132 152
132 199
132 172
132 54
132 130
132 66
132 91
132 165
132 80
132 198
132 45
132 138
132 191
132 201
132 123
132 127
132 103
132 49
132 211
132 84
132 120
132 210
132 83
132 19
132 144
132 192
132 44
132 140
132 73
132 105
132 187
132 11
132 41
132 124
132 88
132 2
132 9
132 3
132 107
132 150
132 209
132 31
132 178
132 170
132 203
132 92
132 204
132 16
132 181
132 216
132 109
132 183
132 93
132 46
132 196
132 158
132 36
132 56
132 18
132 4
132 136
175 100
175 152
175 63
175 66
175 91
175 215
175 80
175 198
175 45
175 138
175 191
175 123
175 103
175 49
175 211
175 28
175 133
175 84
175 120
175 83
175 197
175 192
175 200
175 95
175 73
175 87
175 0
175 137
175 105
175 11
175 124
175 2
175 3
175 107
175 208
175 150
175 173
175 47
175 209
175 31
175 178
175 14
175 40
175 170
175 17
175 203
175 106
175 181
175 216
175 117
175 109
175 214
175 196
175 158
175 6
175 163
175 71
175 36
175 69
175 94
175 108
175 78
175 37
175 136
175 126
100 101
100 199
100 63
100 172
100 91
100 215
100 162
100 165
100 80
100 198
100 45
100 138
100 191
100 33
100 127
100 103
100 62
100 211
100 120
100 210
100 83
100 197
100 19
100 95
100 140
100 73
100 58
100 87
100 105
100 187
100 11
100 41
100 124
100 2
100 9
100 3
100 107
100 208
100 219
100 173
100 47
100 209
100 194
100 14
100 40
100 170
100 203
100 92
100 204
100 181
100 196
100 6
100 94
100 56
100 18
100 108
100 78
100 37
100 136
100 126
100 179
101 26
101 152
101 63
101 172
101 54
101 130
101 66
101 162
101 165
101 80
101 198
101 45
101 138
101 191
101 123
101 33
101 103
101 49
101 62
101 28
101 133
101 84
101 120
101 19
101 144
101 44
101 200
101 95
101 140
101 131
101 58
101 0
101 137
101 81
101 187
101 2
101 9
101 3
101 219
101 173
101 47
101 157
101 209
101 31
101 194
101 178
101 14
101 170
101 17
101 203
101 92
101 106
101 204
101 16
101 216
101 117
101 183
101 93
101 46
101 214
101 196
101 121
101 158
101 163
101 71
101 36
101 56
101 18
101 108
101 147
101 37
101 4
101 136
101 126
101 218
26 152
26 199
26 63
26 172
26 54
26 66
26 215
26 162
26 165
26 80
26 198
26 45
26 138
26 33
26 211
26 28
26 133
26 210
26 83
26 144
26 192
26 95
26 131
26 73
26 58
26 87
26 0
26 105
26 81
26 41
26 124
26 2
26 9
26 208
26 150
26 219
26 47
26 157
26 134
26 178
26 14
26 40
26 170
26 92
26 106
26 117
26 109
26 183
26 93
26 214
26 196
26 158
26 6
26 163
26 71
26 36
26 69
26 56
26 147
26 78
26 37
26 136
26 126
26 179
26 218
152 199
152 63
152 54
152 130
152 66
152 91
152 162
152 80
152 198
152 45
152 191
152 33
152 127
152 49
152 211
152 133
152 84
152 120
152 210
152 197
152 192
152 44
152 131
152 73
152 58
152 87
152 0
152 137
152 81
152 187
152 11
152 41
152 88
152 9
152 3
152 208
152 219
152 173
152 134
152 31
152 178
152 40
152 170
152 106
152 204
152 181
152 216
152 117
152 109
152 183
152 93
152 121
152 158
152 6
152 163
152 71
152 69
152 94
152 56
152 18
152 108
152 147
152 4
152 136
152 179
199 130
199 91
199 215
199 162
199 80
199 198
199 45
199 138
199 123
199 33
199 127
199 49
199 62
199 211
199 84
199 120
199 83
199 197
199 19
199 144
199 192
199 44
199 200
199 140
199 73
199 58
199 87
199 0
199 137
199 105
199 81
199 187
199 11
199 41
199 124
199 88
199 2
199 107
199 208
199 219
199 173
199 47
199 157
199 134
199 31
199 194
199 178
199 40
199 17
199 203
199 106
199 204
199 16
199 181
199 216
199 117
199 183
199 46
199 214
199 196
199 121
199 158
199 6
199 163
199 36
199 69
199 18
199 147
199 78
199 4
199 136
199 126
199 179
63 172
63 130
63 66
63 91
63 215
63 165
63 80
63 198
63 45
63 138
63 201
63 33
63 127
63 103
63 211
63 28
63 84
63 144
63 192
63 44
63 200
63 95
63 140
63 131
63 58
63 87
63 0
63 137
63 105
63 187
63 11
63 41
63 124
63 2
63 9
63 3
63 107
63 150
63 219
63 173
63 47
63 157
63 209
63 134
63 31
63 178
63 14
63 40
63 170
63 17
63 92
63 204
63 216
63 109
63 183
63 46
63 6
63 163
63 71
63 36
63 69
63 94
63 56
63 108
63 147
63 78
63 37
63 136
63 126
63 179
63 218
172 66
172 91
172 162
172 165
172 80
172 198
172 45
172 138
172 201
172 123
172 127
172 49
172 62
172 28
172 133
172 84
172 197
172 19
172 144
172 192
172 44
172 200
172 140
172 131
172 73
172 87
172 105
172 81
172 187
172 41
172 2
172 3
172 107
172 208
172 219
172 173
172 47
172 134
172 31
172 178
172 14
172 40
172 170
172 17
172 203
172 92
172 106
172 204
172 16
172 181
172 117
172 109
172 183
172 93
172 46
172 196
172 121
172 158
172 163
172 36
172 69
172 94
172 18
172 108
172 147
172 78
172 4
172 136
172 126
172 179
172 218
54 130
54 66
54 91
54 215
54 162
54 165
54 80
54 45
54 191
54 201
54 123
54 33
54 127
54 49
54 62
54 211
54 28
54 133
54 197
54 144
54 192
54 44
54 95
54 73
54 58
54 0
54 105
54 11
54 41
54 124
54 88
54 9
54 3
54 107
54 208
54 219
54 173
54 157
54 209
54 134
54 31
54 194
54 40
54 17
54 203
54 106
54 16
54 109
54 183
54 93
54 163
54 71
54 36
54 69
54 56
54 18
54 147
54 78
54 37
54 4
54 136
54 126
54 179
130 91
130 215
130 162
130 165
130 198
130 45
130 201
130 123
130 33
130 127
130 103
130 49
130 28
130 133
130 84
130 197
130 19
130 144
130 44
130 200
130 140
130 73
130 137
130 105
130 81
130 187
130 11
130 41
130 124
130 2
130 3
130 150
130 219
130 173
130 47
130 157
130 134
130 194
130 178
130 14
130 170
130 17
130 203
130 92
130 106
130 204
130 16
130 181
130 109
130 46
130 196
130 158
130 6
130 163
130 71
130 36
130 94
130 56
130 18
130 108
130 147
130 37
130 4
130 136
130 126
130 179
130 218
66 91
66 215
66 138
66 201
66 103
66 49
66 62
66 211
66 28
66 133
66 84
66 210
66 83
66 197
66 19
66 192
66 44
66 200
66 95
66 140
66 58
66 0
66 137
66 105
66 187
66 11
66 41
66 124
66 88
66 9
66 3
66 107
66 208
66 150
66 173
66 157
66 134
66 203
66 92
66 16
66 216
66 117
66 109
66 183
66 93
66 46
66 214
66 121
66 158
66 163
66 71
66 36
66 69
66 94
66 108
66 147
66 136
66 126
66 179
66 218
91 162
91 80
91 198
91 45
91 138
91 191
91 123
91 33
91 127
91 103
91 49
91 62
91 211
91 84
91 120
91 210
91 83
91 197
91 19
91 44
91 200
91 95
91 131
91 73
91 58
91 87
91 137
91 187
91 11
91 41
91 124
91 88
91 2
91 9
91 3
91 107
91 150
91 173
91 157
91 209
91 134
91 31
91 194
91 178
91 40
91 170
91 17
91 92
91 106
91 204
91 16
91 181
91 93
91 46
91 214
91 196
91 158
91 6
91 163
91 71
91 36
91 69
91 94
91 18
91 108
91 147
91 78
91 37
91 4
91 136
91 126
91 179
91 218
215 162
215 80
215 138
215 191
215 201
215 123
215 127
215 103
215 49
215 62
215 28
215 133
215 84
215 120
215 210
215 83
215 19
215 192
215 44
215 200
215 95
215 73
215 58
215 87
215 0
215 137
215 105
215 187
215 11
215 41
215 124
215 3
215 107
215 150
215 173
215 157
215 209
215 14
215 170
215 203
215 16
215 117
215 109
215 183
215 93
215 214
215 196
215 6
215 71
215 36
215 69
215 94
215 56
215 108
215 147
215 37
215 4
215 136
215 126
215 179
215 218
162 165
162 80
162 191
162 123
162 127
162 103
162 49
162 133
162 120
162 210
162 83
162 19
162 144
162 192
162 44
162 95
162 140
162 131
162 87
162 0
162 81
162 11
162 41
162 124
162 2
162 3
162 107
162 208
162 150
162 219
162 173
162 47
162 157
162 209
162 31
162 194
162 178
162 14
162 40
162 170
162 17
162 203
162 106
162 204
162 16
162 181
162 216
162 117
162 109
162 93
162 46
162 214
162 6
162 71
162 69
162 56
162 108
162 78
162 4
162 136
162 126
162 179
162 218
165 80
165 198
165 138
165 191
165 201
165 123
165 33
165 127
165 49
165 211
165 28
165 133
165 84
165 83
165 144
165 192
165 44
165 200
165 95
165 140
165 73
165 58
165 137
165 81
165 187
165 11
165 3
165 107
165 208
165 150
165 219
165 173
165 157
165 209
165 31
165 14
165 170
165 17
165 203
165 106
165 204
165 16
165 181
165 216
165 117
165 183
165 93
165 46
165 121
165 163
165 71
165 36
165 94
165 56
165 18
165 108
165 147
165 4
165 136
165 179
165 218
80 45
80 191
80 201
80 127
80 103
80 49
80 62
80 211
80 28
80 133
80 84
80 210
80 83
80 197
80 19
80 144
80 192
80 44
80 200
80 95
80 140
80 131
80 73
80 87
80 81
80 11
80 88
80 2
80 9
80 3
80 107
80 150
80 173
80 47
80 157
80 209
80 134
80 31
80 178
80 14
80 40
80 17
80 203
80 92
80 204
80 16
80 117
80 183
80 93
80 46
80 214
80 196
80 158
80 163
80 71
80 36
80 94
80 18
80 108
80 136
80 126
80 179
198 45
198 201
198 123
198 33
198 127
198 103
198 49
198 62
198 211
198 133
198 84
198 120
198 210
198 83
198 19
198 144
198 192
198 44
198 95
198 140
198 131
198 87
198 137
198 105
198 41
198 124
198 88
198 2
198 3
198 208
198 150
198 219
198 173
198 47
198 134
198 31
198 194
198 178
198 14
198 40
198 170
198 17
198 106
198 204
198 16
198 216
198 117
198 109
198 183
198 93
198 46
198 214
198 196
198 163
198 71
198 36
198 94
198 56
198 18
198 147
198 78
198 37
198 4
198 136
198 126
198 179
198 218
45 191
45 123
45 103
45 49
45 62
45 211
45 28
45 120
45 83
45 197
45 144
45 192
45 44
45 200
45 95
45 131
45 73
45 58
45 87
45 0
45 137
45 105
45 81
45 11
45 124
45 88
45 9
45 3
45 107
45 208
45 150
45 173
45 47
45 157
45 209
45 31
45 194
45 178
45 170
45 17
45 203
45 92
45 16
45 181
45 216
45 117
45 183
45 93
45 46
45 214
45 196
45 121
45 163
45 36
45 69
45 56
45 18
45 108
45 147
45 136
45 126
45 179
138 191
138 201
138 123
138 127
138 103
138 49
138 62
138 211
138 133
138 84
138 120
138 210
138 83
138 19
138 144
138 192
138 200
138 95
138 140
138 0
138 137
138 81
138 187
138 11
138 41
138 124
138 88
138 2
138 3
138 208
138 219
138 194
138 14
138 40
138 170
138 17
138 203
138 92
138 106
138 204
138 216
138 109
138 93
138 46
138 214
138 121
138 158
138 6
138 69
138 18
138 147
138 78
138 37
138 4
138 136
138 126
138 179
138 218
191 201
191 123
191 103
191 62
191 211
191 28
191 133
191 120
191 83
191 19
191 144
191 192
191 200
191 95
191 140
191 131
191 73
191 58
191 87
191 0
191 137
191 81
191 187
191 41
191 124
191 88
191 9
191 107
191 150
191 219
191 47
191 209
191 134
191 31
191 194
191 178
191 14
191 40
191 170
191 203
191 204
191 16
191 181
191 117
191 109
191 93
191 196
191 121
191 163
191 71
191 69
191 94
191 56
191 147
191 78
191 37
191 4
191 136
191 126
191 179
191 218
201 33
201 127
201 49
201 62
201 211
201 28
201 133
201 83
201 197
201 19
201 144
201 44
201 95
201 131
201 73
201 87
201 0
201 137
201 105
201 81
201 187
201 41
201 124
201 88
201 2
201 9
201 3
201 208
201 150
201 219
201 173
201 47
201 157
201 209
201 134
201 31
201 178
201 14
201 170
201 203
201 204
201 181
201 216
201 93
201 46
201 214
201 121
201 158
201 71
201 36
201 69
201 18
201 108
201 147
201 37
201 4
201 126
201 179
201 218
123 33
123 127
123 103
123 62
123 211
123 133
123 84
123 120
123 210
123 83
123 95
123 140
123 131
123 73
123 0
123 124
123 88
123 2
123 9
123 3
123 107
123 150
123 219
123 173
123 47
123 209
123 31
123 194
123 178
123 14
123 40
123 170
123 203
123 92
123 106
123 204
123 16
123 117
123 109
123 183
123 46
123 214
123 196
123 121
123 158
123 6
123 163
123 71
123 56
123 108
123 147
123 218
33 127
33 49
33 28
33 133
33 84
33 120
33 83
33 44
33 95
33 140
33 131
33 73
33 58
33 87
33 0
33 105
33 187
33 124
33 88
33 2
33 107
33 208
33 150
33 219
33 173
33 47
33 157
33 31
33 178
33 40
33 92
33 204
33 16
33 216
33 109
33 183
33 93
33 46
33 214
33 196
33 121
33 71
33 36
33 69
33 94
33 56
33 18
33 147
33 78
33 37
33 136
33 126
33 218
127 211
127 28
127 84
127 120
127 210
127 83
127 197
127 19
127 192
127 44
127 200
127 95
127 140
127 131
127 73
127 87
127 0
127 81
127 11
127 41
127 124
127 3
127 107
127 150
127 219
127 173
127 47
127 157
127 31
127 194
127 14
127 40
127 170
127 17
127 92
127 106
127 16
127 181
127 216
127 109
127 93
127 46
127 214
127 196
127 158
127 6
127 163
127 36
127 69
127 56
127 18
127 108
127 147
127 78
127 126
127 179
103 49
103 211
103 28
103 133
103 84
103 83
103 197
103 19
103 144
103 192
103 200
103 95
103 131
103 73
103 87
103 0
103 81
103 187
103 11
103 41
103 124
103 88
103 2
103 9
103 3
103 107
103 208
103 150
103 219
103 173
103 47
103 157
103 209
103 134
103 31
103 178
103 40
103 170
103 17
103 204
103 16
103 117
103 109
103 183
103 93
103 46
103 214
103 121
103 158
103 6
103 163
103 71
103 69
103 94
103 56
103 108
103 147
103 78
103 4
103 136
103 126
103 179
49 62
49 28
49 133
49 120
49 83
49 197
49 192
49 44
49 95
49 140
49 131
49 73
49 87
49 137
49 105
49 81
49 41
49 124
49 2
49 9
49 107
49 219
49 173
49 157
49 31
49 194
49 178
49 40
49 170
49 17
49 203
49 92
49 204
49 216
49 117
49 109
49 183
49 93
49 46
49 214
49 196
49 6
49 71
49 69
49 94
49 18
49 108
49 147
49 78
49 37
49 4
49 136
49 126
49 179
49 218
62 211
62 84
62 197
62 192
62 44
62 200
62 95
62 140
62 58
62 137
62 81
62 187
62 11
62 41
62 2
62 9
62 107
62 208
62 150
62 173
62 47
62 157
62 209
62 31
62 194
62 178
62 14
62 40
62 92
62 16
62 216
62 117
62 109
62 183
62 93
62 46
62 214
62 196
62 6
62 163
62 69
62 94
62 56
62 18
62 108
62 147
62 78
62 37
62 4
62 136
62 179
62 218
211 133
211 210
211 83
211 197
211 95
211 140
211 131
211 73
211 58
211 87
211 0
211 137
211 11
211 124
211 2
211 3
211 107
211 208
211 150
211 219
211 173
211 209
211 31
211 194
211 178
211 14
211 40
211 170
211 17
211 203
211 92
211 204
211 181
211 216
211 109
211 93
211 214
211 196
211 121
211 6
211 36
211 69
211 94
211 18
211 108
211 147
211 78
211 4
211 136
211 126
211 179
28 133
28 210
28 197
28 19
28 144
28 200
28 95
28 131
28 58
28 87
28 137
28 105
28 81
28 187
28 11
28 41
28 124
28 2
28 3
28 107
28 208
28 219
28 173
28 157
28 209
28 134
28 194
28 178
28 14
28 40
28 17
28 203
28 92
28 106
28 181
28 216
28 117
28 109
28 93
28 214
28 196
28 158
28 163
28 71
28 36
28 69
28 18
28 108
28 4
28 136
28 179
133 84
133 120
133 210
133 197
133 144
133 200
133 95
133 131
133 58
133 0
133 105
133 81
133 187
133 11
133 124
133 2
133 3
133 150
133 219
133 173
133 157
133 209
133 31
133 178
133 14
133 170
133 17
133 92
133 106
133 204
133 16
133 181
133 216
133 117
133 109
133 183
133 93
133 46
133 196
133 121
133 158
133 71
133 36
133 56
133 18
133 108
133 147
133 37
133 136
133 126
133 218
84 120
84 83
84 144
84 200
84 95
84 140
84 73
84 58
84 87
84 0
84 105
84 81
84 187
84 41
84 124
84 2
84 3
84 107
84 208
84 150
84 219
84 47
84 209
84 134
84 31
84 194
84 40
84 17
84 106
84 181
84 216
84 117
84 109
84 93
84 121
84 158
84 6
84 163
84 69
84 94
84 56
84 18
84 108
84 147
84 78
84 37
84 4
84 126
84 179
84 218
120 210
120 83
120 19
120 144
120 44
120 200
120 95
120 140
120 131
120 58
120 87
120 137
120 105
120 81
120 187
120 41
120 2
120 9
120 3
120 208
120 150
120 173
120 157
120 209
120 31
120 194
120 14
120 40
120 17
120 92
120 106
120 204
120 16
120 181
120 216
120 117
120 109
120 183
120 93
120 46
120 214
120 196
120 121
120 71
120 36
120 69
120 94
120 18
120 108
120 147
120 37
120 126
120 179
120 218
210 83
210 44
210 200
210 140
210 73
210 58
210 87
210 0
210 137
210 105
210 81
210 187
210 11
210 41
210 124
210 9
210 219
210 173
210 157
210 31
210 14
210 40
210 170
210 17
210 203
210 92
210 106
210 204
210 109
210 183
210 46
210 121
210 158
210 6
210 163
210 71
210 94
210 56
210 18
210 147
210 37
210 4
210 136
210 126
210 179
210 218
83 144
83 44
83 200
83 95
83 140
83 131
83 73
83 58
83 87
83 137
83 105
83 81
83 187
83 11
83 124
83 88
83 2
83 9
83 3
83 150
83 219
83 173
83 157
83 209
83 134
83 31
83 178
83 14
83 40
83 92
83 106
83 204
83 16
83 216
83 117
83 109
83 93
83 214
83 121
83 158
83 6
83 163
83 71
83 36
83 69
83 18
83 147
83 78
83 179
83 218
197 19
197 144
197 44
197 131
197 73
197 58
197 0
197 105
197 187
197 11
197 124
197 88
197 9
197 3
197 107
197 208
197 150
197 219
197 173
197 209
197 31
197 194
197 178
197 14
197 40
197 170
197 17
197 204
197 16
197 181
197 117
197 109
197 214
197 196
197 121
197 158
197 163
197 71
197 36
197 69
197 94
197 56
197 78
197 37
197 4
197 136
197 179
197 218
19 144
19 192
19 44
19 200
19 95
19 140
19 131
19 73
19 87
19 0
19 81
19 187
19 41
19 88
19 2
19 9
19 3
19 107
19 150
19 219
19 173
19 157
19 209
19 31
19 178
19 14
19 92
19 106
19 46
19 214
19 121
19 158
19 6
19 163
19 71
19 36
19 94
19 56
19 108
19 147
19 78
19 37
19 4
19 136
19 126
19 179
144 192
144 44
144 200
144 58
144 0
144 11
144 88
144 107
144 208
144 173
144 157
144 134
144 194
144 178
144 14
144 40
144 170
144 17
144 203
144 92
144 106
144 204
144 16
144 216
144 109
144 183
144 93
144 46
144 214
144 196
144 121
144 6
144 36
144 69
144 56
144 18
144 108
144 147
144 78
144 4
144 136
144 126
144 179
144 218
192 44
192 200
192 140
192 131
192 73
192 58
192 87
192 0
192 81
192 187
192 11
192 124
192 88
192 2
192 3
192 208
192 219
192 173
192 47
192 31
192 194
192 14
192 170
192 203
192 204
192 16
192 181
192 117
192 109
192 183
192 93
192 46
192 214
192 121
192 158
192 6
192 94
192 18
192 108
192 147
192 4
192 136
192 126
192 179
192 218
44 200
44 95
44 73
44 0
44 137
44 105
44 81
44 187
44 11
44 124
44 9
44 208
44 47
44 31
44 178
44 14
44 17
44 203
44 92
44 106
44 16
44 181
44 216
44 117
44 109
44 183
44 196
44 121
44 158
44 6
44 163
44 71
44 36
44 69
44 56
44 18
44 108
44 147
44 78
44 37
44 4
44 136
44 126
44 179
44 218
200 95
200 73
200 58
200 87
200 137
200 81
200 11
200 41
200 124
200 2
200 9
200 3
200 107
200 208
200 150
200 219
200 173
200 157
200 209
200 134
200 31
200 194
200 14
200 40
200 170
200 17
200 203
200 92
200 204
200 16
200 109
200 183
200 93
200 46
200 158
200 36
200 94
200 56
200 147
200 37
200 136
200 126
200 179
200 218
95 140
95 73
95 58
95 87
95 105
95 81
95 187
95 124
95 88
95 2
95 9
95 3
95 107
95 208
95 219
95 209
95 31
95 194
95 178
95 14
95 40
95 170
95 92
95 106
95 204
95 181
95 216
95 117
95 109
95 183
95 93
95 46
95 214
95 121
95 158
95 6
95 71
95 36
95 94
95 56
95 147
95 78
95 37
95 136
95 126
95 179
140 131
140 73
140 58
140 0
140 137
140 187
140 41
140 124
140 88
140 9
140 3
140 107
140 208
140 150
140 173
140 157
140 209
140 134
140 31
140 14
140 170
140 17
140 203
140 92
140 106
140 204
140 109
140 93
140 46
140 121
140 163
140 69
140 94
140 56
140 108
140 147
140 78
140 37
140 4
140 136
140 126
140 179
131 0
131 105
131 81
131 187
131 41
131 2
131 208
131 150
131 173
131 47
131 157
131 209
131 194
131 178
131 14
131 40
131 170
131 17
131 203
131 92
131 106
131 181
131 216
131 117
131 183
131 93
131 196
131 6
131 163
131 71
131 94
131 56
131 147
131 37
131 4
131 136
131 126
131 179
73 87
73 137
73 105
73 81
73 187
73 88
73 2
73 9
73 3
73 107
73 208
73 219
73 173
73 47
73 157
73 194
73 178
73 14
73 40
73 170
73 17
73 203
73 92
73 106
73 181
73 216
73 117
73 109
73 183
73 93
73 214
73 196
73 121
73 158
73 6
73 163
73 71
73 69
73 94
73 56
73 18
73 108
73 147
73 78
73 37
73 4
73 136
73 179
73 218
58 0
58 137
58 81
58 187
58 11
58 41
58 88
58 3
58 107
58 208
58 150
58 47
58 157
58 209
58 40
58 203
58 106
58 204
58 181
58 216
58 109
58 183
58 93
58 46
58 214
58 196
58 158
58 6
58 71
58 69
58 94
58 56
58 18
58 108
58 4
58 136
58 126
58 179
58 218
87 0
87 137
87 105
87 81
87 187
87 41
87 124
87 88
87 2
87 107
87 150
87 219
87 173
87 209
87 134
87 31
87 14
87 170
87 203
87 92
87 106
87 204
87 181
87 117
87 109
87 183
87 214
87 121
87 6
87 69
87 94
87 56
87 18
87 147
87 37
87 4
87 136
87 126
87 179
0 137
0 105
0 81
0 187
0 11
0 41
0 124
0 88
0 9
0 150
0 219
0 47
0 31
0 178
0 14
0 40
0 170
0 17
0 203
0 106
0 204
0 16
0 181
0 117
0 109
0 93
0 46
0 158
0 6
0 163
0 69
0 94
0 108
0 147
0 78
0 4
0 136
0 126
137 11
137 41
137 124
137 2
137 9
137 47
137 209
137 134
137 31
137 178
137 14
137 170
137 17
137 203
137 92
137 16
137 181
137 117
137 109
137 183
137 93
137 46
137 196
137 6
137 36
137 94
137 56
137 37
137 4
137 136
137 126
105 81
105 187
105 11
105 41
105 2
105 3
105 107
105 208
105 150
105 219
105 173
105 47
105 157
105 209
105 134
105 31
105 194
105 178
105 14
105 17
105 203
105 106
105 204
105 16
105 181
105 216
105 109
105 93
105 196
105 158
105 163
105 36
105 69
105 94
105 56
105 18
105 108
105 147
105 78
105 37
105 4
105 136
105 126
105 218
81 187
81 11
81 41
81 2
81 9
81 107
81 208
81 173
81 157
81 209
81 31
81 194
81 14
81 40
81 17
81 203
81 92
81 106
81 204
81 16
81 181
81 117
81 109
81 46
81 196
81 158
81 6
81 163
81 71
81 36
81 69
81 94
81 18
81 108
81 147
81 78
81 37
81 126
81 179
81 218
187 41
187 88
187 2
187 9
187 3
187 107
187 208
187 150
187 219
187 173
187 47
187 157
187 209
187 31
187 194
187 178
187 14
187 17
187 92
187 106
187 204
187 216
187 117
187 93
187 46
187 121
187 6
187 163
187 71
187 69
187 94
187 108
187 147
187 78
187 4
187 126
187 218
11 41
11 124
11 88
11 2
11 9
11 3
11 107
11 47
11 157
11 209
11 134
11 31
11 194
11 14
11 170
11 17
11 203
11 92
11 204
11 16
11 181
11 216
11 117
11 183
11 46
11 214
11 121
11 6
11 163
11 71
11 36
11 18
11 147
11 37
11 4
11 136
11 126
41 124
41 9
41 3
41 107
41 208
41 150
41 219
41 173
41 47
41 209
41 194
41 14
41 40
41 203
41 106
41 216
41 109
41 93
41 214
41 121
41 6
41 163
41 71
41 36
41 69
41 94
41 18
41 108
41 78
41 4
41 126
41 179
41 218
124 88
124 2
124 3
124 107
124 219
124 173
124 47
124 157
124 209
124 134
124 31
124 194
124 178
124 14
124 40
124 170
124 17
124 203
124 92
124 106
124 117
124 109
124 93
124 196
124 121
124 158
124 6
124 163
124 71
124 36
124 69
124 94
124 56
124 18
124 78
124 4
124 126
124 179
88 2
88 9
88 3
88 208
88 219
88 47
88 157
88 134
88 14
88 40
88 170
88 92
88 16
88 214
88 196
88 121
88 158
88 163
88 71
88 36
88 69
88 94
88 18
88 147
88 179
2 9
2 3
2 208
2 219
2 47
2 134
2 31
2 194
2 178
2 17
2 203
2 92
2 106
2 204
2 16
2 93
2 46
2 214
2 158
2 6
2 163
2 71
2 36
2 94
2 108
2 147
2 78
2 37
2 4
2 136
2 126
2 179
2 218
9 208
9 219
9 173
9 157
9 134
9 194
9 14
9 40
9 170
9 203
9 92
9 204
9 16
9 216
9 117
9 109
9 183
9 93
9 46
9 196
9 121
9 158
9 6
9 69
9 94
9 18
9 108
9 147
9 78
9 4
3 107
3 208
3 150
3 219
3 173
3 47
3 157
3 134
3 31
3 14
3 40
3 170
3 17
3 92
3 106
3 204
3 16
3 181
3 216
3 109
3 183
3 46
3 121
3 158
3 6
3 71
3 36
3 56
3 108
3 78
3 37
3 4
3 136
3 126
3 179
107 208
107 150
107 219
107 173
107 47
107 157
107 209
107 134
107 194
107 178
107 40
107 170
107 203
107 92
107 106
107 204
107 216
107 117
107 109
107 183
107 93
107 46
107 196
107 121
107 158
107 163
107 71
107 69
107 94
107 56
107 108
107 147
107 37
107 218
208 150
208 219
208 47
208 157
208 209
208 134
208 14
208 106
208 16
208 181
208 216
208 183
208 93
208 46
208 214
208 158
208 71
208 94
208 56
208 18
208 147
208 78
208 37
208 4
208 136
208 218
150 173
150 47
150 209
150 134
150 31
150 178
150 14
150 170
150 17
150 203
150 106
150 204
150 16
150 181
150 216
150 117
150 109
150 183
150 93
150 214
150 196
150 121
150 158
150 6
150 163
150 36
150 69
150 94
150 18
150 108
150 147
150 4
150 126
150 179
150 218
219 173
219 157
219 209
219 134
219 194
219 178
219 170
219 17
219 203
219 16
219 181
219 216
219 214
219 121
219 158
219 6
219 163
219 71
219 69
219 56
219 18
219 108
219 147
219 78
219 37
219 4
219 136
219 218
173 47
173 209
173 134
173 31
173 194
173 14
173 17
173 203
173 106
173 204
173 216
173 117
173 109
173 183
173 93
173 46
173 214
173 196
173 158
173 6
173 71
173 69
173 94
173 56
173 18
173 147
173 78
173 37
173 4
173 218
47 157
47 209
47 134
47 31
47 194
47 178
47 170
47 17
47 203
47 92
47 181
47 216
47 109
47 93
47 214
47 196
47 121
47 158
47 71
47 36
47 69
47 56
47 108
47 37
47 136
47 126
47 179
157 209
157 134
157 14
157 170
157 203
157 106
157 204
157 216
157 117
157 93
157 46
157 214
157 121
157 158
157 6
157 163
157 94
157 18
157 147
157 78
157 4
157 136
157 126
157 179
157 218
209 194
209 40
209 170
209 203
209 204
209 181
209 216
209 183
209 46
209 214
209 196
209 158
209 6
209 163
209 71
209 36
209 69
209 56
209 18
209 108
209 147
209 37
209 4
209 136
209 126
209 179
134 31
134 178
134 14
134 40
134 170
134 17
134 203
134 106
134 16
134 117
134 109
134 46
134 196
134 121
134 158
134 6
134 71
134 36
134 69
134 94
134 108
134 147
134 78
134 136
31 194
31 178
31 40
31 17
31 203
31 106
31 204
31 16
31 181
31 216
31 117
31 109
31 183
31 93
31 214
31 158
31 6
31 163
31 36
31 94
31 18
31 108
31 78
31 37
31 136
194 178
194 14
194 40
194 92
194 106
194 109
194 183
194 214
194 196
194 121
194 6
194 71
194 36
194 69
194 94
194 56
194 18
194 108
194 147
194 78
194 37
194 4
194 136
194 218
178 14
178 40
178 203
178 106
178 204
178 16
178 117
178 109
178 183
178 93
178 46
178 214
178 121
178 6
178 163
178 71
178 36
178 94
178 18
178 108
178 78
178 37
178 4
178 136
178 126
178 218
14 40
14 170
14 17
14 203
14 92
14 106
14 204
14 16
14 181
14 216
14 109
14 93
14 214
14 196
14 71
14 36
14 69
14 94
14 56
14 108
14 147
14 78
14 136
14 126
14 179
14 218
40 170
40 17
40 203
40 106
40 204
40 16
40 181
40 117
40 93
40 46
40 214
40 196
40 121
40 163
40 69
40 94
40 18
40 108
40 37
40 4
40 136
40 126
40 179
170 17
170 203
170 106
170 16
170 181
170 216
170 117
170 109
170 183
170 93
170 46
170 214
170 121
170 158
170 6
170 36
170 94
170 18
170 108
170 78
170 37
170 126
170 179
170 218
17 203
17 92
17 106
17 204
17 16
17 181
17 216
17 109
17 93
17 46
17 196
17 121
17 158
17 6
17 163
17 71
17 36
17 94
17 56
17 18
17 108
17 147
17 37
17 4
17 126
17 179
17 218
203 92
203 106
203 204
203 16
203 181
203 216
203 117
203 109
203 183
203 214
203 196
203 158
203 6
203 71
203 36
203 69
203 94
203 56
203 108
203 147
203 78
203 37
203 136
203 126
203 179
203 218
92 16
92 117
92 183
92 93
92 46
92 121
92 158
92 6
92 71
92 36
92 69
92 94
92 78
92 4
92 136
92 126
92 179
92 218
106 204
106 16
106 181
106 117
106 183
106 46
106 214
106 196
106 121
106 158
106 6
106 36
106 69
106 18
106 108
106 147
106 78
106 4
106 136
106 126
106 179
106 218
204 16
204 181
204 216
204 109
204 183
204 93
204 46
204 196
204 121
204 158
204 71
204 69
204 94
204 56
204 108
204 147
204 78
204 136
204 179
16 181
16 216
16 117
16 183
16 93
16 214
16 196
16 121
16 163
16 36
16 69
16 94
16 108
16 147
16 78
16 4
16 136
16 179
16 218
181 216
181 109
181 183
181 46
181 214
181 121
181 158
181 6
181 36
181 69
181 94
181 18
181 108
181 147
181 37
181 4
181 179
216 117
216 183
216 214
216 196
216 6
216 163
216 36
216 69
216 18
216 108
216 37
216 136
216 179
216 218
117 109
117 93
117 46
117 214
117 196
117 121
117 158
117 6
117 71
117 36
117 94
117 18
117 108
117 147
117 179
117 218
109 93
109 214
109 196
109 121
109 158
109 6
109 71
109 36
109 69
109 94
109 56
109 18
109 147
109 78
109 37
109 4
109 136
109 126
109 179
183 46
183 196
183 121
183 6
183 71
183 94
183 108
183 78
183 4
183 136
183 218
93 46
93 214
93 196
93 121
93 158
93 6
93 69
93 94
93 56
93 18
93 108
93 147
93 78
93 37
93 4
93 136
93 218
46 196
46 121
46 158
46 163
46 71
46 36
46 69
46 94
46 56
46 18
46 108
46 78
46 4
46 136
46 218
214 196
214 158
214 6
214 163
214 71
214 36
214 69
214 94
214 56
214 18
214 78
214 4
214 136
214 126
214 179
214 218
196 121
196 158
196 163
196 71
196 36
196 69
196 94
196 56
196 108
196 78
196 37
196 4
196 126
196 179
196 218
121 158
121 6
121 163
121 71
121 36
121 69
121 147
121 78
121 37
121 126
121 179
158 6
158 163
158 71
158 69
158 94
158 56
158 18
158 108
158 147
158 78
158 4
158 136
158 179
158 218
6 163
6 71
6 69
6 94
6 78
6 4
6 136
6 126
6 179
6 218
163 36
163 94
163 56
163 108
163 147
163 37
163 136
163 218
71 36
71 94
71 108
71 147
71 78
71 37
71 136
71 179
71 218
36 69
36 94
36 56
36 108
36 37
36 4
36 126
36 179
36 218
69 18
69 108
69 147
69 37
69 126
94 56
94 108
94 147
94 78
94 37
94 4
94 126
94 179
94 218
56 108
56 147
56 78
56 136
56 126
56 179
56 218
18 108
18 147
18 4
18 136
18 126
18 179
108 147
108 78
108 37
108 4
108 136
108 126
108 179
108 218
147 78
147 4
147 136
147 126
78 37
78 136
78 126
78 179
37 4
37 136
37 126
37 179
37 218
4 126
4 179
4 218
136 126
126 218
179 218
