*verties 191
130
47
115
207
60
175
52
59
154
149
158
73
48
178
186
21
132
90
10
13
168
109
160
7
24
135
35
65
111
204
157
121
54
206
213
64
30
99
4
102
33
27
152
151
219
58
69
28
170
101
136
117
91
42
93
105
176
25
137
71
100
116
57
29
14
46
36
190
80
12
184
188
131
81
183
68
140
201
174
51
87
11
5
159
17
214
172
155
77
120
123
106
114
84
8
185
45
103
195
143
187
205
37
9
39
16
197
139
23
3
138
166
181
107
110
189
169
70
147
43
20
129
179
19
144
50
210
164
15
191
56
40
78
95
72
18
127
92
32
98
200
162
44
2
97
156
26
153
41
148
66
76
177
165
62
94
67
119
209
82
1
198
34
86
22
141
167
113
199
128
192
212
133
122
83
61
173
31
171
211
161
38
196
63
108
203
146
215
145
217
112
*edges 
130 175
130 149
130 178
130 109
130 7
130 35
130 65
130 152
130 170
130 101
130 93
130 100
130 46
130 184
130 51
130 87
130 11
130 5
130 77
130 123
130 143
130 9
130 189
130 144
130 15
130 191
130 92
130 200
130 119
130 34
130 199
130 128
130 112
47 154
47 186
47 21
47 7
47 65
47 111
47 64
47 99
47 4
47 102
47 33
47 27
47 151
47 219
47 58
47 28
47 105
47 81
47 87
47 106
47 9
47 23
47 181
47 43
47 191
47 78
47 92
47 97
47 165
47 67
47 82
47 34
47 141
47 128
47 173
47 38
47 145
47 217
115 60
115 149
115 186
115 21
115 10
115 24
115 54
115 28
115 116
115 184
115 131
115 11
115 106
115 185
115 205
115 181
115 169
115 70
115 144
115 15
115 56
115 78
115 18
115 32
115 76
115 198
115 86
115 38
115 112
207 59
207 65
207 111
207 213
207 27
207 219
207 69
207 28
207 170
207 93
207 190
207 80
207 81
207 68
207 51
207 17
207 114
207 16
207 197
207 23
207 107
207 169
207 70
207 40
207 32
207 44
207 41
207 148
207 66
207 76
207 212
207 133
207 203
207 146
207 145
60 59
60 154
60 149
60 73
60 90
60 109
60 160
60 24
60 135
60 111
60 157
60 30
60 58
60 105
60 188
60 214
60 8
60 103
60 195
60 143
60 139
60 23
60 210
60 78
60 32
60 156
60 198
60 22
60 199
60 122
60 83
60 61
60 196
60 108
175 109
175 111
175 121
175 102
175 152
175 219
175 105
175 57
175 12
175 184
175 188
175 183
175 68
175 51
175 11
175 159
175 17
175 214
175 8
175 185
175 195
175 37
175 9
175 39
175 197
175 23
175 181
175 70
175 43
175 20
175 19
175 50
175 40
175 78
175 95
175 18
175 127
175 32
175 98
175 66
175 67
175 209
175 86
175 192
175 122
175 173
175 31
52 7
52 111
52 33
52 42
52 36
52 68
52 201
52 77
52 143
52 37
52 9
52 139
52 107
52 70
52 179
52 19
52 40
52 200
52 162
52 2
52 41
52 165
52 67
52 82
52 34
52 192
52 31
52 38
59 178
59 132
59 152
59 58
59 174
59 214
59 120
59 205
59 3
59 138
59 107
59 147
59 20
59 210
59 67
59 1
59 22
59 199
59 122
59 31
59 38
59 215
59 145
59 112
154 178
154 7
154 35
154 111
154 206
154 30
154 219
154 58
154 93
154 105
154 176
154 137
154 71
154 188
154 131
154 11
154 172
154 106
154 103
154 19
154 144
154 78
154 18
154 2
154 97
154 165
154 62
154 209
154 141
154 211
154 112
149 90
149 35
149 4
149 33
149 58
149 136
149 137
149 116
149 188
149 81
149 183
149 201
149 174
149 11
149 5
149 17
149 214
149 120
149 123
149 84
149 8
149 37
149 138
149 107
149 169
149 20
149 179
149 50
149 164
149 40
149 78
149 162
149 2
149 94
149 141
149 167
149 146
149 145
158 178
158 109
158 160
158 7
158 64
158 33
158 101
158 105
158 25
158 137
158 190
158 131
158 120
158 45
158 9
158 107
158 189
158 169
158 129
158 50
158 164
158 15
158 40
158 200
158 97
158 66
158 165
158 67
158 133
158 83
158 161
158 38
73 21
73 10
73 109
73 160
73 7
73 58
73 91
73 100
73 14
73 184
73 131
73 81
73 183
73 159
73 214
73 172
73 77
73 197
73 19
73 98
73 162
73 97
73 177
73 86
73 128
73 212
73 133
73 171
48 160
48 121
48 101
48 136
48 91
48 42
48 116
48 14
48 190
48 81
48 140
48 11
48 17
48 8
48 103
48 143
48 187
48 9
48 197
48 129
48 144
48 210
48 95
48 32
48 200
48 41
48 66
48 94
48 67
48 209
48 22
48 167
48 113
48 199
48 63
48 146
178 186
178 10
178 168
178 151
178 219
178 58
178 28
178 136
178 42
178 71
178 81
178 120
178 169
178 43
178 191
178 92
178 162
178 148
178 165
178 62
178 198
178 113
178 31
178 108
178 145
186 54
186 33
186 28
186 46
186 188
186 159
186 106
186 84
186 185
186 20
186 15
186 191
186 95
186 162
186 156
186 153
186 62
186 94
186 86
186 141
186 192
186 133
186 161
186 146
21 160
21 111
21 213
21 30
21 27
21 152
21 170
21 101
21 105
21 100
21 201
21 17
21 77
21 9
21 16
21 197
21 3
21 107
21 169
21 129
21 179
21 56
21 200
21 2
21 97
21 41
21 177
21 165
21 94
21 1
21 167
21 199
21 128
21 122
21 112
132 90
132 109
132 65
132 4
132 27
132 28
132 101
132 42
132 93
132 131
132 81
132 51
132 155
132 77
132 123
132 106
132 8
132 205
132 197
132 23
132 3
132 144
132 15
132 191
132 162
132 148
132 177
132 198
132 113
132 192
132 212
132 83
132 171
132 38
132 203
132 145
132 112
90 24
90 65
90 204
90 206
90 102
90 42
90 105
90 25
90 71
90 140
90 155
90 9
90 3
90 181
90 107
90 70
90 147
90 179
90 95
90 153
90 148
90 76
90 167
90 128
90 212
90 122
90 31
90 38
10 168
10 109
10 160
10 135
10 64
10 176
10 57
10 29
10 36
10 80
10 131
10 77
10 120
10 106
10 37
10 138
10 43
10 127
10 32
10 98
10 97
10 167
10 122
10 161
10 146
13 7
13 65
13 27
13 69
13 28
13 136
13 42
13 176
13 80
13 201
13 51
13 77
13 123
13 114
13 103
13 195
13 205
13 16
13 139
13 110
13 50
13 156
13 153
13 76
13 1
13 141
13 61
13 38
13 108
13 146
168 109
168 204
168 213
168 99
168 102
168 27
168 176
168 116
168 14
168 12
168 131
168 87
168 185
168 205
168 37
168 16
168 197
168 23
168 3
168 20
168 164
168 78
168 127
168 44
168 156
168 67
168 209
168 82
168 1
168 141
168 113
168 173
109 99
109 33
109 117
109 100
109 159
109 77
109 143
109 23
109 138
109 189
109 169
109 147
109 43
109 18
109 76
109 165
109 62
109 82
109 1
109 198
109 22
109 83
109 63
109 108
109 203
109 146
109 112
160 206
160 102
160 27
160 117
160 71
160 51
160 155
160 123
160 84
160 39
160 197
160 147
160 50
160 210
160 56
160 92
160 32
160 97
160 26
160 76
160 62
160 34
160 199
160 173
160 63
160 108
160 112
7 24
7 30
7 170
7 176
7 188
7 5
7 195
7 205
7 9
7 3
7 138
7 181
7 107
7 189
7 179
7 144
7 95
7 92
7 2
7 97
7 209
7 86
7 141
7 122
7 31
24 111
24 64
24 4
24 102
24 33
24 27
24 117
24 93
24 105
24 71
24 100
24 81
24 172
24 106
24 197
24 189
24 210
24 15
24 40
24 78
24 95
24 18
24 97
24 153
24 66
24 177
24 94
24 22
24 167
24 199
24 122
24 83
24 31
24 196
24 203
24 112
135 157
135 206
135 30
135 4
135 93
135 105
135 71
135 131
135 87
135 155
135 77
135 103
135 143
135 9
135 16
135 181
135 129
135 50
135 191
135 92
135 153
135 76
135 177
135 62
135 209
135 113
135 122
135 196
135 63
135 215
135 112
35 65
35 4
35 58
35 105
35 188
35 81
35 51
35 185
35 187
35 205
35 37
35 197
35 139
35 23
35 210
35 56
35 78
35 72
35 98
35 97
35 62
35 199
35 63
35 203
65 121
65 151
65 69
65 101
65 136
65 91
65 25
65 100
65 36
65 87
65 5
65 214
65 155
65 114
65 45
65 37
65 16
65 23
65 189
65 95
65 98
65 41
65 67
65 167
65 199
65 38
65 196
111 121
111 99
111 102
111 25
111 137
111 174
111 77
111 123
111 139
111 110
111 43
111 19
111 127
111 98
111 41
111 1
111 128
111 212
111 211
204 206
204 64
204 30
204 33
204 69
204 28
204 25
204 36
204 131
204 140
204 201
204 11
204 5
204 205
204 9
204 197
204 23
204 110
204 169
204 164
204 92
204 153
204 76
204 22
204 192
204 161
204 112
157 54
157 30
157 33
157 152
157 170
157 136
157 105
157 14
157 12
157 131
157 81
157 183
157 201
157 87
157 172
157 77
157 84
157 8
157 45
157 143
157 37
157 138
157 70
157 144
157 210
157 32
157 153
157 148
157 165
157 94
157 141
157 212
157 171
157 145
157 112
121 4
121 42
121 57
121 36
121 5
121 17
121 77
121 84
121 45
121 143
121 205
121 9
121 39
121 23
121 210
121 164
121 44
121 153
121 41
121 86
121 212
121 173
121 38
121 215
121 112
54 213
54 99
54 102
54 152
54 151
54 28
54 101
54 42
54 71
54 36
54 11
54 159
54 114
54 103
54 195
54 179
54 44
54 2
54 97
54 156
54 148
54 165
54 22
54 128
54 192
54 133
54 173
54 171
54 38
54 63
206 102
206 27
206 69
206 91
206 25
206 29
206 188
206 140
206 174
206 159
206 172
206 114
206 185
206 139
206 23
206 179
206 66
206 165
206 34
206 133
206 83
206 161
206 63
206 215
213 27
213 151
213 93
213 176
213 57
213 190
213 184
213 183
213 172
213 114
213 37
213 197
213 139
213 107
213 110
213 189
213 179
213 144
213 210
213 127
213 153
213 62
213 94
213 1
213 167
213 212
213 122
213 31
213 196
64 219
64 28
64 36
64 81
64 87
64 159
64 84
64 8
64 185
64 103
64 205
64 197
64 23
64 3
64 129
64 56
64 97
64 66
64 62
64 67
64 119
64 34
64 22
64 167
64 211
64 63
64 145
64 217
30 33
30 27
30 219
30 58
30 28
30 91
30 105
30 137
30 100
30 188
30 131
30 51
30 159
30 214
30 114
30 143
30 197
30 166
30 181
30 50
30 15
30 40
30 67
30 119
30 86
30 215
99 151
99 58
99 28
99 101
99 117
99 176
99 25
99 137
99 100
99 116
99 46
99 12
99 131
99 140
99 5
99 159
99 17
99 120
99 114
99 181
99 15
99 26
99 153
99 41
99 82
99 34
99 22
99 171
99 211
99 203
99 146
99 215
4 136
4 46
4 190
4 5
4 159
4 37
4 16
4 20
4 127
4 44
4 198
4 113
4 128
4 83
4 63
4 146
102 170
102 136
102 91
102 105
102 25
102 100
102 57
102 190
102 11
102 139
102 70
102 43
102 179
102 144
102 56
102 40
102 78
102 32
102 98
102 162
102 44
102 97
102 192
102 31
102 161
102 145
102 112
33 152
33 219
33 42
33 12
33 183
33 140
33 5
33 123
33 8
33 45
33 195
33 143
33 3
33 147
33 210
33 15
33 56
33 76
33 165
33 119
33 128
33 61
33 211
33 196
27 71
27 36
27 190
27 68
27 87
27 214
27 172
27 114
27 84
27 205
27 39
27 3
27 107
27 70
27 147
27 19
27 191
27 98
27 156
27 41
27 62
27 61
27 173
27 171
27 196
27 112
152 151
152 28
152 106
152 185
152 45
152 143
152 197
152 3
152 19
152 56
152 78
152 72
152 18
152 2
152 119
152 22
152 133
152 122
152 211
152 203
152 145
151 170
151 91
151 105
151 71
151 100
151 14
151 80
151 131
151 183
151 68
151 17
151 172
151 103
151 205
151 37
151 139
151 3
151 50
151 191
151 56
151 148
151 76
151 62
151 209
151 167
151 212
151 173
151 31
151 215
219 117
219 93
219 105
219 25
219 57
219 46
219 68
219 201
219 159
219 37
219 23
219 166
219 70
219 43
219 19
219 40
219 72
219 200
219 44
219 67
219 34
219 22
219 141
219 128
219 133
219 173
219 171
219 211
219 161
219 38
219 108
58 136
58 42
58 93
58 105
58 29
58 77
58 120
58 114
58 195
58 143
58 205
58 16
58 129
58 50
58 78
58 67
58 82
58 31
58 171
58 161
58 63
58 203
58 112
69 28
69 176
69 57
69 14
69 80
69 131
69 51
69 5
69 17
69 172
69 123
69 195
69 166
69 181
69 107
69 169
69 70
69 19
69 144
69 78
69 127
69 32
69 41
69 148
69 66
69 165
69 62
69 119
69 82
69 141
69 167
69 128
69 171
69 112
28 91
28 105
28 137
28 36
28 11
28 172
28 106
28 205
28 110
28 56
28 127
28 97
28 26
28 148
28 165
28 209
28 141
28 199
28 122
28 31
28 171
28 38
170 136
170 100
170 80
170 87
170 5
170 159
170 123
170 114
170 9
170 181
170 189
170 70
170 20
170 18
170 32
170 200
170 162
170 44
170 97
170 26
170 165
170 62
170 82
170 141
170 128
170 133
170 122
170 203
170 145
170 217
101 117
101 116
101 190
101 188
101 131
101 214
101 172
101 77
101 120
101 84
101 205
101 37
101 23
101 138
101 169
101 129
101 144
101 32
101 200
101 2
101 97
101 198
101 34
101 86
101 133
101 171
136 100
136 116
136 36
136 12
136 68
136 140
136 201
136 87
136 159
136 8
136 187
136 205
136 197
136 166
136 107
136 164
136 76
136 165
136 94
136 82
136 86
136 128
136 212
136 211
136 38
117 93
117 116
117 87
117 11
117 5
117 159
117 77
117 120
117 45
117 103
117 143
117 205
117 16
117 70
117 147
117 144
117 15
117 95
117 127
117 92
117 2
117 76
117 94
117 198
117 34
117 22
117 113
117 128
117 192
117 63
117 215
117 112
91 25
91 71
91 46
91 172
91 123
91 114
91 187
91 39
91 16
91 139
91 110
91 210
91 15
91 66
91 177
91 165
91 198
91 34
91 22
91 83
91 61
91 63
91 203
42 14
42 184
42 68
42 8
42 37
42 3
42 181
42 107
42 70
42 129
42 210
42 78
42 32
42 98
42 200
42 97
42 26
42 153
42 41
42 148
42 66
42 209
42 86
42 22
42 141
42 199
42 192
42 112
93 14
93 46
93 36
93 131
93 183
93 201
93 143
93 139
93 3
93 138
93 179
93 191
93 98
93 76
93 62
93 198
93 192
93 173
93 161
93 217
105 176
105 57
105 188
105 81
105 11
105 172
105 45
105 187
105 205
105 138
105 166
105 70
105 43
105 20
105 19
105 15
105 72
105 153
105 165
105 212
105 83
105 61
105 196
105 112
176 184
176 188
176 183
176 174
176 51
176 11
176 159
176 214
176 120
176 185
176 39
176 197
176 169
176 70
176 179
176 191
176 72
176 2
176 156
176 94
176 67
176 119
176 34
176 113
176 212
176 173
176 31
176 161
176 38
176 146
176 112
25 190
25 188
25 201
25 174
25 51
25 87
25 11
25 17
25 106
25 138
25 107
25 19
25 164
25 72
25 18
25 127
25 32
25 200
25 26
25 76
25 192
25 31
25 217
137 46
137 131
137 17
137 155
137 120
137 123
137 187
137 37
137 138
137 70
137 15
137 40
137 92
137 98
137 26
137 133
137 108
71 100
71 46
71 131
71 106
71 84
71 205
71 37
71 181
71 129
71 50
71 191
71 56
71 78
71 119
71 82
71 83
71 38
71 196
71 63
71 108
71 203
71 146
100 57
100 46
100 81
100 140
100 174
100 159
100 123
100 143
100 9
100 110
100 43
100 144
100 15
100 40
100 32
100 200
100 162
100 67
100 119
100 1
100 141
100 167
100 113
100 199
100 61
100 63
100 203
100 146
100 215
100 217
100 112
116 201
116 11
116 159
116 106
116 197
116 3
116 166
116 43
116 18
116 200
116 1
116 171
116 161
116 196
116 108
116 203
57 29
57 36
57 190
57 12
57 183
57 68
57 140
57 159
57 187
57 205
57 20
57 179
57 164
57 18
57 97
57 41
57 165
57 62
57 1
57 141
57 31
57 161
57 145
29 174
29 51
29 159
29 123
29 114
29 45
29 143
29 9
29 39
29 110
29 50
29 98
29 66
29 94
29 1
29 34
29 167
29 122
29 211
29 161
29 146
14 36
14 131
14 81
14 174
14 87
14 159
14 214
14 45
14 195
14 181
14 189
14 40
14 200
14 41
14 209
14 82
14 133
14 31
46 172
46 120
46 143
46 187
46 9
46 197
46 139
46 189
46 164
46 191
46 95
46 153
46 177
46 67
46 209
46 82
46 22
46 212
46 133
46 171
46 145
46 112
36 184
36 183
36 68
36 185
36 138
36 166
36 189
36 169
36 164
36 56
36 44
36 26
36 148
36 165
36 83
36 31
36 146
36 112
190 80
190 188
190 172
190 77
190 195
190 16
190 110
190 189
190 129
190 19
190 50
190 210
190 164
190 40
190 18
190 127
190 92
190 44
190 156
190 26
190 165
190 67
190 82
190 1
190 199
190 128
190 31
190 145
190 217
190 112
80 51
80 87
80 17
80 77
80 8
80 187
80 166
80 107
80 110
80 189
80 179
80 72
80 148
80 62
80 1
80 198
80 167
80 128
80 173
80 161
12 183
12 51
12 159
12 77
12 114
12 45
12 195
12 39
12 139
12 138
12 181
12 107
12 43
12 19
12 144
12 210
12 92
12 32
12 66
12 76
12 177
12 82
12 1
12 22
12 141
12 113
12 199
12 63
12 108
12 203
12 215
184 188
184 68
184 11
184 172
184 37
184 16
184 197
184 138
184 20
184 15
184 18
184 32
184 97
184 76
184 67
184 209
184 198
184 141
184 133
188 201
188 214
188 123
188 114
188 197
188 166
188 189
188 144
188 40
188 127
188 32
188 26
188 199
188 128
188 192
188 212
188 83
188 215
131 174
131 87
131 172
131 143
131 37
131 189
131 92
131 2
131 62
131 94
131 67
131 119
131 198
131 212
131 61
131 161
131 146
81 159
81 155
81 84
81 195
81 187
81 39
81 107
81 147
81 179
81 144
81 127
81 200
81 162
81 26
81 153
81 66
81 209
81 1
81 198
81 86
81 22
81 141
81 199
81 192
81 215
81 145
183 68
183 17
183 123
183 195
183 205
183 43
183 144
183 191
183 98
183 44
183 2
183 76
183 62
183 167
183 128
183 212
183 122
183 171
183 211
183 63
68 174
68 51
68 214
68 114
68 37
68 138
68 110
68 43
68 127
68 32
68 44
68 148
68 209
68 1
68 61
68 171
68 38
140 5
140 159
140 17
140 214
140 84
140 143
140 129
140 19
140 15
140 78
140 72
140 18
140 92
140 162
140 44
140 41
140 66
140 76
140 94
140 198
140 86
140 113
140 199
140 212
140 61
140 173
140 203
201 17
201 214
201 39
201 107
201 110
201 179
201 144
201 210
201 18
201 162
201 44
201 97
201 148
201 86
201 22
201 171
201 211
174 77
174 185
174 45
174 181
174 70
174 78
174 92
174 98
174 44
174 97
174 67
174 119
174 141
174 31
174 108
51 77
51 103
51 143
51 166
51 181
51 164
51 18
51 162
51 148
51 76
51 177
51 62
51 1
51 113
51 211
51 63
51 203
51 146
51 145
87 123
87 185
87 107
87 210
87 56
87 40
87 76
87 165
87 82
87 141
87 167
87 199
87 128
87 212
11 17
11 155
11 123
11 45
11 195
11 187
11 205
11 39
11 43
11 20
11 129
11 127
11 32
11 200
11 2
11 62
11 198
11 212
11 133
11 161
11 63
11 203
5 84
5 3
5 138
5 144
5 50
5 40
5 26
5 66
5 198
5 141
5 199
5 192
5 212
5 133
5 161
5 108
159 114
159 37
159 3
159 95
159 98
159 44
159 94
159 209
159 86
159 167
159 122
159 38
17 77
17 16
17 50
17 191
17 44
17 153
17 167
17 113
17 61
17 196
214 120
214 84
214 45
214 195
214 23
214 138
214 107
214 147
214 43
214 20
214 129
214 164
214 78
214 18
214 127
214 44
214 41
214 66
214 76
214 62
214 209
214 199
214 122
214 61
214 173
214 161
214 108
214 215
172 84
172 185
172 37
172 39
172 197
172 110
172 70
172 43
172 50
172 94
172 119
172 198
172 167
172 199
172 203
172 217
155 123
155 185
155 103
155 110
155 56
155 32
155 156
155 26
155 41
155 165
155 62
155 67
155 199
155 128
155 161
155 63
155 146
155 112
77 8
77 187
77 138
77 181
77 189
77 92
77 119
77 82
77 1
77 34
77 192
77 212
77 203
120 123
120 187
120 197
120 139
120 92
120 98
120 41
120 66
120 62
120 94
120 119
120 1
120 141
120 113
120 212
120 108
123 106
123 9
123 16
123 169
123 210
123 164
123 15
123 56
123 127
123 92
123 98
123 97
123 41
123 62
123 209
123 34
123 22
123 113
123 199
123 61
123 161
106 84
106 195
106 16
106 197
106 107
106 129
106 19
106 50
106 95
106 72
106 18
106 97
106 66
106 94
106 22
106 113
106 31
106 146
106 215
114 195
114 197
114 181
114 110
114 169
114 70
114 43
114 20
114 50
114 210
114 95
114 162
114 2
114 66
114 141
114 83
114 203
114 146
114 215
84 45
84 37
84 39
84 166
84 56
84 72
84 92
84 148
84 66
84 165
84 119
84 209
84 1
84 198
84 86
84 61
84 171
84 196
84 146
8 185
8 45
8 37
8 9
8 23
8 189
8 19
8 41
8 177
8 165
8 62
8 209
8 198
8 113
8 31
8 171
8 161
8 38
8 146
8 145
8 217
185 16
185 129
185 19
185 15
185 40
185 72
185 127
185 156
185 41
185 82
185 113
185 128
185 133
185 61
185 31
185 171
185 63
185 146
45 103
45 37
45 16
45 210
45 72
45 32
45 67
45 82
45 22
45 113
45 128
45 173
45 211
45 108
103 197
103 3
103 107
103 147
103 19
103 144
103 56
103 40
103 127
103 76
103 177
103 67
103 209
103 86
103 63
103 108
103 146
103 215
103 145
103 112
195 205
195 9
195 169
195 179
195 144
195 162
195 148
195 76
195 165
195 141
195 113
195 61
195 196
195 63
195 112
143 3
143 179
143 200
143 26
143 41
143 82
143 211
143 108
187 23
187 138
187 147
187 78
187 156
187 66
187 1
187 31
187 108
187 112
205 16
205 110
205 70
205 179
205 78
205 156
205 41
205 62
205 94
205 67
205 209
205 34
205 128
205 196
37 9
37 147
37 50
37 40
37 127
37 32
37 2
37 97
37 67
37 215
9 107
9 147
9 19
9 50
9 15
9 56
9 95
9 92
9 97
9 148
9 66
9 76
9 165
9 209
9 141
9 61
9 171
9 217
39 189
39 147
39 40
39 95
39 127
39 32
39 156
39 41
39 177
39 62
39 1
39 199
39 192
39 212
39 173
39 161
16 197
16 70
16 50
16 15
16 162
16 119
16 209
16 82
16 86
16 113
16 83
16 173
16 196
197 107
197 129
197 19
197 40
197 78
197 92
197 76
197 192
197 212
197 83
197 61
197 63
197 145
197 217
139 107
139 19
139 164
139 191
139 78
139 2
139 148
139 62
139 119
139 192
23 181
23 189
23 169
23 179
23 15
23 95
23 18
23 200
23 162
23 97
23 153
23 165
23 62
23 167
23 113
23 199
23 161
23 196
23 145
3 181
3 70
3 43
3 129
3 72
3 26
3 177
3 165
3 86
3 141
3 196
3 215
3 112
138 169
138 40
138 26
138 177
138 67
138 209
138 211
138 215
166 95
166 153
166 82
166 34
166 128
166 83
166 203
166 112
181 110
181 70
181 179
181 19
181 95
181 92
181 32
181 44
181 2
181 153
181 165
181 94
181 1
181 86
181 141
181 83
107 179
107 50
107 95
107 18
107 200
107 153
107 76
107 62
107 119
107 128
107 83
107 173
107 211
107 196
107 63
107 112
110 144
110 191
110 18
110 162
110 44
110 2
110 156
110 153
110 177
110 94
110 67
110 209
110 141
110 171
110 211
110 161
110 217
189 15
189 2
189 41
189 209
189 82
189 34
189 22
189 141
189 212
189 61
189 171
169 20
169 129
169 144
169 210
169 40
169 32
169 148
169 66
169 76
169 119
169 171
169 161
169 38
169 108
70 147
70 43
70 40
70 18
70 44
70 26
70 67
70 119
70 22
147 50
147 15
147 200
147 162
147 44
147 165
147 34
147 199
147 196
147 63
147 203
147 215
147 112
43 144
43 50
43 210
43 78
43 92
43 44
43 76
43 62
43 198
43 133
43 83
43 173
43 161
43 203
43 145
20 78
20 44
20 97
20 67
20 209
20 141
20 31
20 217
20 112
129 179
129 19
129 50
129 95
129 76
129 119
129 82
129 1
129 141
129 167
129 192
129 122
129 61
129 161
179 19
179 144
179 164
179 56
179 40
179 32
179 162
179 2
179 153
179 148
179 76
179 62
179 211
179 145
179 112
19 98
19 156
19 41
19 66
19 62
19 38
19 215
19 145
19 112
144 72
144 98
144 62
144 67
144 198
144 22
144 192
144 122
144 161
144 38
144 196
144 63
144 108
144 146
144 215
50 210
50 127
50 200
50 2
50 153
50 148
50 76
50 177
50 62
50 1
50 113
50 128
50 192
50 133
50 122
50 211
50 112
210 98
210 162
210 156
210 66
210 34
210 141
210 192
210 196
210 108
164 72
164 32
164 44
164 94
164 113
164 61
164 171
164 161
15 95
15 127
15 44
15 119
15 34
15 86
15 128
15 122
15 31
15 38
15 215
191 200
191 97
191 86
191 141
191 113
191 133
191 161
191 38
191 196
191 108
191 145
191 217
56 95
56 92
56 32
56 66
56 192
56 133
56 173
56 171
56 211
56 112
40 95
40 72
40 162
40 97
40 153
40 128
40 192
40 173
40 211
78 127
78 162
78 41
78 165
78 82
78 1
78 192
78 212
78 173
78 196
78 145
95 32
95 41
95 177
95 62
95 119
95 86
95 113
95 83
95 173
95 171
95 38
95 145
72 92
72 200
72 26
72 153
72 83
72 31
72 63
72 203
72 146
72 145
18 97
18 153
18 41
18 67
18 119
18 141
18 128
18 212
18 122
18 83
18 173
18 211
127 67
127 192
127 133
127 122
127 83
127 161
127 145
92 200
92 44
92 119
92 82
92 1
92 86
92 22
92 203
92 215
32 162
32 44
32 82
32 122
32 171
32 38
32 145
98 200
98 162
98 148
98 119
98 1
98 198
98 83
98 173
98 196
98 146
200 26
200 199
200 122
200 83
200 196
162 66
162 209
162 34
162 128
162 31
162 161
162 203
162 146
44 97
44 94
44 209
44 34
44 113
44 31
44 171
44 63
44 215
44 217
2 26
2 209
2 198
2 83
2 173
2 38
97 66
97 76
97 165
97 62
97 209
97 167
97 113
97 133
97 38
97 203
97 217
156 76
156 209
156 82
156 1
156 141
156 199
156 192
156 133
156 211
26 148
26 209
26 198
26 199
26 108
26 215
26 145
26 112
153 66
153 177
153 62
153 141
153 61
153 31
153 211
153 196
153 203
41 66
41 94
41 119
41 141
41 38
148 67
148 82
148 198
148 141
148 212
148 31
148 211
148 217
66 82
66 198
66 22
66 199
66 128
66 171
66 196
66 108
66 203
76 62
76 198
76 22
76 141
76 167
76 211
76 38
76 108
76 203
76 215
177 199
177 38
177 196
177 63
177 145
165 119
165 198
165 141
165 212
165 122
165 83
165 31
62 94
62 67
62 34
62 167
62 128
62 31
62 161
62 203
94 1
94 108
67 119
67 198
67 22
67 212
67 122
67 146
67 217
119 141
119 31
119 196
119 108
209 34
209 113
209 199
209 122
209 61
82 133
82 173
82 196
82 63
82 108
82 203
82 215
82 145
1 212
1 171
1 161
1 217
1 112
198 34
198 122
198 31
198 108
34 141
34 128
34 173
34 161
34 63
34 215
34 217
86 212
86 133
86 122
86 173
86 211
86 217
22 31
22 211
22 161
22 108
22 146
22 145
22 217
141 83
141 196
141 108
141 215
167 133
167 61
167 211
167 203
167 215
167 145
167 112
113 192
113 212
113 63
113 203
113 145
113 112
199 122
199 83
199 211
199 108
199 146
128 83
128 61
128 63
128 203
192 133
192 61
212 173
122 61
122 173
122 211
122 63
122 108
83 161
83 108
83 112
61 38
61 108
61 146
61 112
173 217
31 108
31 112
171 196
211 63
211 112
161 215
161 145
196 203
196 146
108 112
146 217
215 145
