*verties 214
107
144
154
88
113
11
37
85
111
31
191
99
126
119
101
202
145
43
70
4
54
98
30
75
141
174
218
50
193
71
104
178
155
68
135
204
69
94
114
158
22
64
57
161
100
115
209
12
19
95
201
136
128
184
185
180
208
76
5
17
18
148
206
51
61
146
169
67
112
46
80
21
33
194
81
183
16
152
151
213
84
34
52
40
168
143
165
108
96
214
215
42
1
20
125
134
166
195
62
24
219
47
26
105
124
171
78
27
159
53
211
130
3
122
156
0
186
117
97
164
55
197
82
72
44
181
90
150
192
170
210
190
60
92
89
116
127
58
23
9
140
77
200
157
198
163
205
138
139
131
86
199
160
147
74
103
216
102
172
106
207
38
109
93
45
118
142
35
41
175
6
29
63
121
65
167
217
137
73
133
39
59
28
14
8
120
15
177
79
48
179
173
162
129
132
13
2
32
149
196
91
212
83
189
182
10
188
56
203
66
25
110
87
187
*edges 
107 111
107 31
107 70
107 30
107 218
107 71
107 135
107 204
107 158
107 161
107 180
107 148
107 61
107 169
107 21
107 33
107 84
107 40
107 214
107 125
107 134
107 166
107 24
107 124
107 72
107 44
107 181
107 192
107 92
107 127
107 163
107 160
107 74
107 172
107 106
107 118
107 35
107 65
107 137
107 28
107 120
107 177
107 13
107 87
107 187
144 202
144 70
144 218
144 50
144 204
144 158
144 201
144 128
144 180
144 169
144 21
144 81
144 84
144 165
144 20
144 171
144 211
144 156
144 55
144 192
144 170
144 190
144 116
144 23
144 74
144 207
144 73
144 173
144 162
144 129
144 132
144 13
144 149
144 182
144 56
144 187
154 98
154 178
154 204
154 208
154 18
154 206
154 81
154 213
154 143
154 195
154 53
154 156
154 90
154 190
154 58
154 23
154 138
154 6
154 28
154 15
154 48
154 13
154 56
154 203
88 43
88 75
88 71
88 104
88 204
88 64
88 161
88 95
88 76
88 51
88 112
88 33
88 34
88 108
88 125
88 171
88 200
88 131
88 199
88 216
88 172
88 133
88 14
88 13
88 110
113 54
113 204
113 95
113 201
113 213
113 108
113 105
113 171
113 0
113 197
113 72
113 58
113 23
113 77
113 200
113 86
113 160
113 147
113 74
113 216
113 207
113 65
113 39
113 59
113 162
113 32
113 196
11 101
11 54
11 50
11 94
11 115
11 95
11 136
11 5
11 169
11 40
11 168
11 215
11 166
11 195
11 62
11 24
11 124
11 97
11 55
11 44
11 181
11 198
11 39
11 48
11 179
11 173
11 2
11 66
37 70
37 54
37 218
37 71
37 135
37 64
37 184
37 180
37 5
37 18
37 61
37 46
37 21
37 40
37 125
37 195
37 124
37 164
37 55
37 200
37 198
37 147
37 216
37 6
37 59
37 15
37 79
37 13
37 91
37 83
37 10
37 203
37 110
37 87
85 111
85 191
85 174
85 50
85 114
85 158
85 22
85 180
85 169
85 152
85 151
85 40
85 143
85 108
85 134
85 171
85 211
85 130
85 3
85 156
85 186
85 170
85 190
85 58
85 140
85 216
85 29
85 32
85 196
85 83
85 182
111 101
111 145
111 174
111 158
111 209
111 95
111 180
111 76
111 61
111 84
111 215
111 125
111 134
111 166
111 195
111 26
111 27
111 53
111 122
111 156
111 164
111 82
111 44
111 181
111 150
111 200
111 205
111 131
111 147
111 106
111 59
111 28
111 14
111 177
111 162
111 132
111 188
111 203
31 104
31 22
31 12
31 136
31 184
31 76
31 5
31 169
31 151
31 52
31 168
31 214
31 166
31 24
31 26
31 124
31 171
31 159
31 164
31 150
31 60
31 157
31 138
31 131
31 199
31 216
31 172
31 207
31 175
31 29
31 63
31 121
31 120
31 173
31 13
31 196
31 56
191 218
191 22
191 161
191 19
191 185
191 180
191 76
191 5
191 81
191 183
191 34
191 165
191 24
191 47
191 97
191 82
191 90
191 127
191 131
191 216
191 106
191 142
191 167
191 217
191 14
191 8
191 179
191 13
191 2
191 83
191 187
99 119
99 75
99 218
99 178
99 69
99 94
99 115
99 95
99 185
99 21
99 20
99 122
99 55
99 150
99 190
99 60
99 58
99 86
99 207
99 38
99 109
99 93
99 29
99 217
99 8
99 177
99 132
99 187
126 202
126 193
126 135
126 69
126 100
126 115
126 19
126 185
126 169
126 165
126 96
126 1
126 166
126 62
126 3
126 82
126 210
126 92
126 9
126 103
126 41
126 167
126 59
126 120
126 173
126 129
126 182
126 25
119 202
119 141
119 178
119 115
119 12
119 61
119 21
119 40
119 168
119 165
119 20
119 24
119 219
119 92
119 9
119 74
119 216
119 172
119 65
119 39
119 28
119 8
119 162
119 132
119 110
101 174
101 50
101 104
101 155
101 94
101 115
101 201
101 184
101 180
101 5
101 61
101 194
101 81
101 152
101 96
101 42
101 24
101 171
101 211
101 3
101 55
101 44
101 181
101 192
101 170
101 89
101 106
101 142
101 41
101 63
101 121
101 133
101 8
101 177
101 48
101 196
101 83
101 110
202 70
202 94
202 64
202 76
202 17
202 148
202 80
202 52
202 96
202 215
202 42
202 20
202 116
202 127
202 23
202 9
202 131
202 160
202 102
202 6
202 14
202 15
145 141
145 68
145 69
145 180
145 17
145 67
145 80
145 16
145 213
145 143
145 108
145 125
145 62
145 105
145 27
145 53
145 211
145 156
145 97
145 82
145 9
145 140
145 138
145 106
145 142
145 175
145 29
145 121
145 73
145 173
145 162
145 196
145 83
43 70
43 193
43 68
43 94
43 5
43 51
43 112
43 80
43 96
43 219
43 130
43 117
43 97
43 164
43 89
43 157
43 198
43 74
43 29
43 2
43 32
43 196
43 212
43 189
43 66
43 187
70 4
70 30
70 135
70 69
70 158
70 19
70 201
70 194
70 34
70 168
70 105
70 122
70 156
70 0
70 186
70 82
70 23
70 163
70 216
70 102
70 106
70 38
70 142
70 35
70 63
70 73
70 120
70 196
70 83
4 54
4 98
4 75
4 193
4 64
4 95
4 128
4 17
4 33
4 213
4 168
4 124
4 53
4 130
4 156
4 0
4 186
4 200
4 131
4 207
4 41
4 29
4 121
4 65
4 167
4 39
4 59
4 120
4 196
4 203
4 66
54 218
54 178
54 155
54 64
54 18
54 61
54 194
54 151
54 213
54 40
54 20
54 125
54 130
54 164
54 90
54 170
54 190
54 163
54 138
54 103
54 106
54 38
54 93
54 45
54 118
54 63
54 59
54 28
54 120
54 177
54 79
54 13
98 30
98 218
98 71
98 178
98 204
98 64
98 209
98 136
98 21
98 151
98 143
98 171
98 130
98 156
98 72
98 92
98 200
98 131
98 147
98 216
98 172
98 109
98 28
98 14
98 120
98 132
98 2
98 32
98 196
98 91
98 212
98 188
30 178
30 115
30 5
30 18
30 67
30 34
30 143
30 165
30 1
30 20
30 195
30 78
30 159
30 72
30 150
30 190
30 89
30 116
30 138
30 38
30 121
30 28
30 14
30 2
30 87
75 174
75 218
75 193
75 68
75 94
75 95
75 112
75 81
75 213
75 24
75 124
75 211
75 164
75 55
75 44
75 190
75 60
75 58
75 205
75 138
75 160
75 147
75 175
75 133
75 173
75 13
75 149
75 212
75 182
75 203
75 87
141 104
141 155
141 95
141 5
141 18
141 146
141 21
141 143
141 159
141 181
141 170
141 163
141 131
141 86
141 147
141 73
141 59
141 15
141 48
141 173
141 162
141 91
174 69
174 209
174 180
174 17
174 51
174 146
174 67
174 52
174 134
174 166
174 105
174 164
174 55
174 58
174 23
174 140
174 131
174 103
174 172
174 45
174 142
174 35
174 6
174 63
174 73
174 133
174 14
174 8
174 79
174 25
218 71
218 128
218 206
218 61
218 112
218 33
218 108
218 134
218 24
218 105
218 90
218 60
218 23
218 198
218 131
218 93
218 118
218 142
218 175
218 217
218 137
218 177
218 2
218 66
50 71
50 178
50 114
50 161
50 184
50 206
50 146
50 46
50 21
50 40
50 143
50 96
50 214
50 42
50 166
50 159
50 53
50 164
50 181
50 210
50 190
50 9
50 163
50 74
50 103
50 8
50 13
50 149
50 91
50 212
50 189
50 10
193 135
193 22
193 64
193 115
193 180
193 76
193 206
193 51
193 169
193 52
193 214
193 20
193 125
193 47
193 26
193 171
193 78
193 53
193 0
193 197
193 210
193 207
193 45
193 29
193 28
193 14
193 15
193 79
193 32
193 91
193 203
193 187
71 178
71 22
71 64
71 19
71 95
71 180
71 76
71 206
71 112
71 183
71 213
71 52
71 24
71 124
71 78
71 27
71 159
71 0
71 117
71 72
71 60
71 116
71 200
71 139
71 160
71 103
71 38
71 118
71 142
71 41
71 167
71 217
71 59
71 14
71 15
71 149
71 83
71 182
71 188
104 115
104 201
104 185
104 17
104 51
104 52
104 40
104 168
104 42
104 171
104 27
104 211
104 3
104 90
104 170
104 92
104 200
104 163
104 106
104 207
104 38
104 167
104 73
104 48
104 173
104 32
104 196
104 83
104 182
104 188
104 56
104 203
104 25
104 110
104 187
178 208
178 76
178 17
178 80
178 213
178 84
178 40
178 143
178 165
178 96
178 42
178 166
178 195
178 47
178 124
178 171
178 78
178 3
178 156
178 97
178 150
178 170
178 210
178 58
178 200
178 199
178 142
178 35
178 63
178 14
178 189
178 203
178 87
178 187
155 158
155 57
155 136
155 208
155 17
155 18
155 206
155 21
155 143
155 42
155 78
155 130
155 89
155 9
155 138
155 131
155 199
155 109
155 118
155 41
155 59
155 162
155 188
68 135
68 69
68 94
68 22
68 95
68 185
68 208
68 146
68 169
68 46
68 194
68 81
68 152
68 40
68 214
68 24
68 0
68 117
68 164
68 82
68 181
68 150
68 60
68 9
68 157
68 139
68 131
68 74
68 103
68 93
68 175
68 133
68 39
68 15
68 79
68 129
68 212
68 87
135 57
135 128
135 184
135 185
135 76
135 17
135 206
135 152
135 52
135 96
135 26
135 156
135 82
135 181
135 150
135 192
135 92
135 89
135 198
135 74
135 216
135 172
135 38
135 93
135 142
135 29
135 217
135 28
135 13
135 91
204 100
204 128
204 46
204 108
204 96
204 215
204 26
204 105
204 171
204 53
204 170
204 210
204 198
204 205
204 6
204 29
204 133
204 13
69 100
69 209
69 136
69 184
69 208
69 18
69 112
69 21
69 194
69 152
69 151
69 213
69 42
69 125
69 24
69 26
69 159
69 157
69 198
69 74
69 63
69 167
69 39
69 28
69 14
69 48
69 173
69 162
69 132
69 91
69 66
94 114
94 209
94 136
94 34
94 52
94 214
94 215
94 24
94 211
94 55
94 181
94 90
94 116
94 140
94 198
94 131
94 216
94 102
94 106
94 109
94 45
94 63
94 167
94 137
94 162
94 149
94 182
94 188
94 66
94 110
114 64
114 128
114 185
114 148
114 81
114 151
114 84
114 52
114 40
114 165
114 108
114 214
114 215
114 62
114 27
114 53
114 211
114 164
114 116
114 23
114 205
114 172
114 207
114 45
114 175
114 63
114 137
114 133
114 8
114 2
114 212
114 189
114 182
114 10
114 203
114 87
158 161
158 115
158 61
158 80
158 214
158 195
158 26
158 117
158 164
158 197
158 116
158 23
158 9
158 77
158 103
158 172
158 106
158 93
158 35
158 175
158 65
158 162
158 212
158 10
22 100
22 128
22 180
22 46
22 183
22 151
22 213
22 168
22 105
22 130
22 150
22 60
22 77
22 131
22 103
22 207
22 45
22 217
22 59
22 129
64 57
64 17
64 61
64 33
64 40
64 168
64 143
64 215
64 24
64 219
64 122
64 72
64 150
64 190
64 198
64 160
64 93
64 45
64 118
64 6
64 137
64 39
64 48
64 173
64 13
64 2
64 32
64 187
57 95
57 201
57 208
57 61
57 169
57 21
57 33
57 52
57 1
57 20
57 219
57 47
57 53
57 211
57 186
57 55
57 150
57 127
57 200
57 199
57 102
57 109
57 118
57 35
57 73
57 173
57 2
57 196
57 87
57 187
161 95
161 136
161 180
161 21
161 16
161 34
161 108
161 215
161 125
161 166
161 53
161 211
161 130
161 82
161 44
161 181
161 170
161 127
161 23
161 140
161 160
161 118
161 35
161 14
161 179
161 13
161 149
161 91
161 83
161 56
161 66
161 25
161 110
100 19
100 95
100 146
100 33
100 16
100 151
100 134
100 47
100 171
100 3
100 122
100 117
100 181
100 92
100 23
100 139
100 160
100 93
100 73
100 28
100 79
100 162
100 132
100 2
100 212
100 188
100 25
100 87
115 180
115 208
115 183
115 108
115 219
115 26
115 130
115 3
115 72
115 116
115 23
115 157
115 139
115 216
115 102
115 142
115 35
115 175
115 177
115 83
115 189
115 187
209 19
209 136
209 146
209 169
209 84
209 96
209 1
209 125
209 166
209 62
209 105
209 181
209 170
209 92
209 127
209 200
209 163
209 138
209 139
209 41
209 29
209 137
209 59
209 79
209 129
209 32
209 196
209 91
12 136
12 128
12 76
12 5
12 61
12 67
12 112
12 33
12 213
12 40
12 108
12 96
12 1
12 125
12 219
12 78
12 130
12 181
12 89
12 58
12 207
12 217
12 39
12 179
12 13
12 32
12 83
12 189
12 188
12 25
12 187
19 51
19 151
19 171
19 122
19 186
19 181
19 210
19 9
19 200
19 198
19 147
19 216
19 45
19 29
19 162
19 32
19 196
19 212
19 189
19 188
95 136
95 184
95 76
95 84
95 165
95 171
95 156
95 97
95 164
95 82
95 150
95 60
95 89
95 163
95 205
95 199
95 38
95 93
95 167
95 137
95 129
95 196
95 212
95 25
95 87
201 76
201 5
201 17
201 81
201 143
201 96
201 42
201 20
201 62
201 3
201 72
201 150
201 210
201 58
201 140
201 157
201 38
201 109
201 35
201 121
201 217
201 73
201 39
201 177
201 149
201 83
201 188
201 56
201 187
136 33
136 34
136 168
136 219
136 124
136 78
136 164
136 44
136 170
136 60
136 89
136 58
136 9
136 175
136 217
136 59
136 14
136 15
128 208
128 76
128 80
128 81
128 165
128 1
128 134
128 195
128 24
128 171
128 23
128 163
128 131
128 160
128 106
128 207
128 142
128 175
128 217
128 39
128 79
128 91
128 212
128 203
128 110
184 76
184 61
184 16
184 47
184 53
184 122
184 156
184 55
184 210
184 190
184 163
184 138
184 139
184 74
184 103
184 93
184 118
184 137
184 39
184 173
184 162
184 91
184 182
184 10
185 5
185 51
185 146
185 80
185 183
185 84
185 34
185 1
185 62
185 27
185 117
185 72
185 198
185 86
185 199
185 103
185 133
185 59
185 28
185 149
185 110
180 76
180 17
180 146
180 46
180 33
180 183
180 213
180 143
180 171
180 27
180 53
180 3
180 0
180 186
180 117
180 164
180 55
180 150
180 127
180 157
180 163
180 205
180 160
180 142
180 35
180 59
180 13
180 182
180 188
208 17
208 18
208 146
208 67
208 33
208 81
208 84
208 96
208 20
208 24
208 219
208 105
208 78
208 53
208 130
208 181
208 89
208 127
208 157
208 160
208 93
208 142
208 29
208 65
208 39
208 120
208 162
208 212
76 17
76 169
76 112
76 33
76 152
76 143
76 24
76 26
76 0
76 186
76 82
76 72
76 92
76 116
76 163
76 106
76 93
76 35
76 133
76 59
76 15
76 162
76 91
76 10
5 61
5 84
5 214
5 105
5 78
5 27
5 159
5 0
5 44
5 210
5 60
5 140
5 199
5 207
5 38
5 45
5 175
5 63
5 39
5 8
5 120
5 15
5 203
5 87
17 18
17 148
17 169
17 112
17 21
17 33
17 52
17 215
17 134
17 166
17 156
17 186
17 58
17 131
17 172
17 93
17 41
17 65
17 8
17 179
17 189
18 81
18 124
18 122
18 200
18 139
18 131
18 199
18 38
18 35
18 6
18 137
18 133
18 39
18 59
18 196
18 83
18 56
18 66
18 25
148 81
148 183
148 214
148 125
148 62
148 26
148 105
148 78
148 90
148 170
148 9
148 157
148 198
148 131
148 86
148 147
148 118
148 6
148 121
148 179
148 196
148 110
148 87
206 51
206 21
206 194
206 34
206 134
206 47
206 105
206 171
206 53
206 130
206 122
206 44
206 58
206 200
206 198
206 205
206 109
206 93
206 35
206 10
206 187
51 112
51 152
51 24
51 124
51 171
51 122
51 72
51 116
51 127
51 106
51 93
51 142
51 29
51 65
51 162
61 33
61 24
61 219
61 53
61 122
61 72
61 170
61 210
61 92
61 138
61 139
61 86
61 160
61 6
61 29
61 120
61 79
61 179
61 173
61 10
61 87
146 112
146 21
146 183
146 16
146 143
146 215
146 125
146 47
146 78
146 3
146 197
146 82
146 58
146 77
146 160
146 102
146 106
146 142
146 35
146 41
146 6
146 65
146 15
146 196
146 83
146 25
169 112
169 213
169 52
169 143
169 108
169 214
169 215
169 1
169 78
169 211
169 122
169 156
169 117
169 192
169 23
169 140
169 172
169 207
169 142
169 6
169 65
169 59
169 132
169 13
169 91
169 83
169 87
67 183
67 152
67 84
67 52
67 168
67 215
67 20
67 219
67 105
67 78
67 27
67 186
67 197
67 90
67 60
67 92
67 77
67 139
67 160
67 93
67 167
67 217
67 162
67 129
67 182
67 66
112 46
112 194
112 52
112 165
112 108
112 214
112 42
112 27
112 53
112 55
112 44
112 170
112 60
112 127
112 157
112 199
112 121
112 28
112 8
112 132
112 182
112 188
46 21
46 52
46 42
46 20
46 26
46 122
46 156
46 82
46 190
46 172
46 207
46 38
46 121
46 65
46 73
46 39
46 14
46 173
46 132
46 32
46 91
46 189
46 66
46 25
80 81
80 84
80 40
80 165
80 108
80 105
80 124
80 72
80 150
80 170
80 210
80 190
80 200
80 86
80 216
80 207
80 109
80 93
80 41
80 175
80 121
80 137
80 177
80 79
80 173
80 91
80 83
80 189
80 188
80 203
21 183
21 168
21 143
21 215
21 27
21 190
21 60
21 58
21 23
21 200
21 163
21 172
21 133
21 173
21 132
21 91
21 182
21 87
33 194
33 152
33 214
33 62
33 105
33 53
33 164
33 82
33 170
33 89
33 200
33 163
33 205
33 38
33 73
33 15
33 177
33 149
33 10
33 203
33 187
194 34
194 143
194 165
194 108
194 215
194 42
194 20
194 134
194 105
194 171
194 186
194 60
194 116
194 23
194 77
194 157
194 205
194 199
194 160
194 147
194 102
194 207
194 93
194 118
194 35
194 121
194 28
194 14
194 177
194 179
194 13
194 149
81 16
81 213
81 40
81 143
81 108
81 195
81 47
81 78
81 186
81 97
81 170
81 89
81 77
81 163
81 205
81 138
81 147
81 106
81 48
81 32
81 196
81 203
183 152
183 213
183 34
183 52
183 214
183 20
183 105
183 0
183 186
183 197
183 192
183 89
183 200
183 157
183 198
183 205
183 131
183 102
183 172
183 106
183 41
183 29
183 137
183 133
183 10
183 188
16 151
16 34
16 40
16 1
16 124
16 181
16 150
16 190
16 89
16 14
16 15
16 110
16 187
152 213
152 1
152 47
152 26
152 105
152 122
152 156
152 164
152 55
152 72
152 192
152 92
152 89
152 58
152 23
152 140
152 198
152 139
152 131
152 86
152 74
152 102
152 207
152 109
152 6
152 73
152 48
152 149
152 91
152 212
152 10
152 56
152 187
151 82
151 72
151 44
151 181
151 90
151 192
151 58
151 9
151 138
151 139
151 86
151 74
151 35
151 175
151 28
151 15
151 32
151 83
151 182
151 25
151 110
151 87
151 187
213 52
213 165
213 24
213 27
213 0
213 82
213 210
213 127
213 163
213 199
213 216
213 35
213 41
213 63
213 137
213 173
213 212
213 10
213 187
84 20
84 166
84 171
84 0
84 97
84 72
84 90
84 170
84 210
84 127
84 163
84 29
84 121
84 133
84 59
84 28
84 179
84 162
84 129
84 149
84 196
84 83
84 56
34 20
34 62
34 53
34 130
34 181
34 150
34 170
34 89
34 127
34 157
34 216
34 35
34 41
34 175
34 179
34 162
34 129
34 196
34 87
34 187
52 108
52 125
52 24
52 159
52 122
52 186
52 117
52 82
52 170
52 60
52 77
52 198
52 163
52 207
52 142
52 133
52 8
52 173
52 129
52 2
52 56
40 168
40 96
40 125
40 166
40 78
40 3
40 55
40 44
40 9
40 163
40 138
40 139
40 131
40 103
40 38
40 142
40 121
40 133
40 32
40 212
40 56
40 25
40 87
168 214
168 62
168 24
168 78
168 117
168 55
168 44
168 170
168 58
168 140
168 198
168 205
168 86
168 160
168 142
168 65
168 196
168 83
168 10
168 25
143 165
143 96
143 215
143 125
143 24
143 3
143 164
143 192
143 163
143 109
143 142
143 29
143 59
143 91
143 212
165 1
165 171
165 78
165 27
165 211
165 130
165 164
165 60
165 200
165 131
165 199
165 106
165 45
165 63
165 65
165 137
165 73
165 14
165 8
165 196
165 203
165 87
108 42
108 195
108 47
108 124
108 72
108 58
108 200
108 198
108 163
108 35
108 121
108 137
108 177
108 32
108 182
108 10
108 187
96 134
96 195
96 24
96 47
96 53
96 0
96 97
96 82
96 192
96 190
96 77
96 200
96 86
96 74
96 35
96 29
96 63
96 137
96 73
96 133
96 79
96 189
214 1
214 47
214 117
214 55
214 200
214 205
214 138
214 103
214 106
214 45
214 29
214 121
214 65
214 217
214 133
214 59
214 162
214 91
214 188
214 25
215 24
215 26
215 0
215 186
215 210
215 89
215 23
215 140
215 157
215 205
215 138
215 172
215 6
215 29
215 59
215 120
215 83
215 182
215 56
215 203
215 66
42 219
42 47
42 159
42 130
42 117
42 55
42 192
42 116
42 9
42 131
42 74
42 102
42 29
42 63
42 121
42 137
42 73
42 173
42 83
42 203
42 25
1 20
1 24
1 219
1 26
1 78
1 27
1 150
1 190
1 116
1 140
1 216
1 102
1 38
1 109
1 118
1 217
1 133
1 120
1 2
20 105
20 164
20 127
20 77
20 131
20 106
20 217
20 129
20 13
20 203
125 24
125 219
125 27
125 186
125 164
125 72
125 44
125 157
125 131
125 216
125 172
125 207
125 118
125 63
125 217
125 59
125 28
125 177
125 79
125 162
125 129
125 132
125 149
125 182
125 188
125 187
134 62
134 24
134 156
134 186
134 82
134 72
134 210
134 89
134 140
134 198
134 74
134 207
134 93
134 45
134 48
134 132
134 32
134 149
134 10
166 195
166 117
166 72
166 90
166 116
166 23
166 139
166 106
166 217
166 8
166 179
166 173
166 162
166 149
166 189
166 203
166 25
195 24
195 130
195 0
195 197
195 190
195 60
195 160
195 147
195 74
195 172
195 35
195 175
195 133
195 177
195 79
195 179
195 173
195 132
195 56
195 203
195 110
62 105
62 159
62 211
62 44
62 192
62 157
62 198
62 139
62 147
62 102
62 106
62 175
62 59
62 28
62 8
62 179
62 173
62 2
62 32
62 149
62 203
62 25
24 105
24 53
24 55
24 82
24 150
24 192
24 170
24 92
24 140
24 131
24 86
24 147
24 216
24 93
24 6
24 29
24 14
24 8
24 196
24 66
219 124
219 159
219 122
219 117
219 197
219 72
219 181
219 147
219 74
219 142
219 73
219 48
219 2
219 91
47 26
47 124
47 211
47 122
47 150
47 192
47 157
47 106
47 45
47 41
47 137
47 73
47 32
47 91
47 10
47 66
26 105
26 171
26 211
26 82
26 150
26 190
26 198
26 138
26 86
26 160
26 147
26 106
26 175
26 73
26 177
26 196
26 56
105 78
105 27
105 0
105 164
105 181
105 90
105 127
105 138
105 142
105 175
105 121
105 15
105 48
105 2
105 212
105 187
124 159
124 211
124 156
124 0
124 163
124 147
124 103
124 109
124 175
124 29
124 63
124 73
124 59
124 13
171 3
171 156
171 186
171 55
171 90
171 89
171 116
171 205
171 139
171 199
171 41
171 63
171 91
171 212
78 159
78 156
78 117
78 97
78 44
78 163
78 207
78 93
78 217
78 39
78 13
78 196
78 189
27 159
27 211
27 186
27 192
27 170
27 58
27 23
27 139
27 86
27 74
27 38
27 118
27 121
27 177
27 2
27 91
27 83
159 53
159 3
159 186
159 55
159 210
159 92
159 116
159 77
159 157
159 198
159 199
159 216
159 207
159 109
159 175
159 167
159 14
159 8
159 48
159 129
159 132
159 203
53 3
53 186
53 55
53 72
53 181
53 92
53 58
53 131
53 106
53 109
53 93
53 29
53 217
53 28
53 79
53 212
211 3
211 122
211 170
211 58
211 160
211 74
211 103
211 216
211 172
211 93
211 142
211 65
211 15
211 48
211 179
211 132
211 13
211 196
211 212
211 188
130 55
130 89
130 58
130 23
130 198
130 139
130 106
130 109
130 6
130 73
130 133
130 14
130 15
130 79
130 48
130 173
130 132
130 2
130 10
3 44
3 190
3 140
3 172
3 207
3 38
3 73
3 8
3 177
3 83
3 25
122 156
122 164
122 157
122 139
122 199
122 207
122 35
122 175
122 217
122 133
122 39
122 32
122 182
122 188
122 203
156 90
156 127
156 163
156 199
156 118
156 133
156 177
156 212
156 10
156 188
156 66
0 55
0 9
0 157
0 86
0 106
0 109
0 45
0 118
0 142
0 15
0 32
0 196
0 189
186 97
186 44
186 89
186 23
186 157
186 147
186 74
186 106
186 207
186 118
186 142
186 65
186 167
186 59
186 120
186 48
186 182
186 203
186 66
186 25
117 90
117 192
117 77
117 199
117 102
117 172
117 207
117 109
117 45
117 6
117 29
117 14
117 196
117 189
97 170
97 60
97 116
97 200
97 198
97 163
97 131
97 199
97 147
97 74
97 103
97 167
97 133
97 14
97 120
97 179
97 132
97 32
97 91
164 197
164 72
164 150
164 60
164 23
164 9
164 200
164 157
164 163
164 74
164 109
164 45
164 35
164 133
164 15
164 79
164 48
164 189
164 87
164 187
55 192
55 116
55 86
55 199
55 103
55 175
55 29
55 121
55 59
55 173
55 132
55 83
55 10
55 87
55 187
197 90
197 170
197 157
197 131
197 106
197 175
197 137
197 73
197 39
197 120
197 177
197 32
197 189
197 56
197 66
82 90
82 150
82 170
82 116
82 127
82 138
82 103
82 106
82 207
82 29
82 132
82 13
82 2
82 189
82 10
82 87
72 60
72 92
72 138
72 147
72 102
72 133
72 8
72 83
72 189
72 110
44 60
44 103
44 216
44 93
44 29
44 133
44 162
44 32
44 182
44 188
181 23
181 9
181 200
181 163
181 205
181 160
181 38
181 45
181 39
181 15
181 79
181 91
181 188
181 66
90 89
90 127
90 23
90 140
90 77
90 139
90 131
90 172
90 6
90 59
90 28
90 87
150 200
150 198
150 205
150 131
150 38
150 39
150 28
150 177
150 162
150 132
150 2
150 56
150 203
192 170
192 23
192 157
192 131
192 93
192 45
192 175
192 167
192 137
192 8
192 79
192 162
192 196
192 83
192 182
192 25
170 190
170 140
170 200
170 138
170 103
170 216
170 102
170 93
170 39
170 28
170 177
170 179
170 129
170 32
170 212
170 182
170 203
170 25
210 116
210 131
210 38
210 175
210 65
210 137
210 15
210 13
210 10
210 56
210 66
190 9
190 131
190 160
190 147
190 74
190 217
190 120
190 15
190 129
190 149
190 196
190 212
190 83
60 92
60 198
60 199
60 118
60 39
60 59
60 14
60 8
60 79
60 179
60 162
60 83
60 182
60 56
60 203
92 116
92 23
92 9
92 198
92 205
92 86
92 147
92 63
92 28
92 8
92 177
92 132
89 116
89 140
89 199
89 216
89 73
89 28
89 15
89 79
89 48
89 132
89 87
116 199
116 147
116 172
116 106
116 45
116 29
116 63
116 59
116 48
116 2
116 149
116 212
127 200
127 157
127 102
127 38
127 45
127 118
127 6
127 14
127 177
127 2
127 10
127 56
127 187
58 140
58 198
58 199
58 74
58 121
58 133
58 39
58 177
58 203
23 77
23 86
23 160
23 102
23 172
23 35
23 41
23 217
23 133
23 173
23 32
23 196
23 66
9 77
9 199
9 147
9 216
9 142
9 6
9 173
9 129
9 132
9 66
9 87
140 200
140 138
140 102
140 106
140 14
140 8
140 66
77 163
77 103
77 216
77 38
77 118
77 63
77 14
77 8
77 120
77 79
77 179
77 173
77 162
77 91
77 83
77 25
200 198
200 41
200 6
200 63
200 39
200 8
200 79
200 32
200 149
200 188
200 110
157 131
157 86
157 74
157 93
157 29
157 65
157 137
157 56
157 66
198 74
198 109
198 121
198 133
198 149
198 56
198 187
163 131
163 199
163 102
163 35
163 203
205 160
205 172
205 45
205 118
205 6
205 167
205 83
205 66
138 131
138 74
138 103
138 93
138 175
138 48
138 173
138 132
138 32
138 83
138 203
138 66
138 87
139 131
139 74
139 6
139 121
139 217
139 8
139 129
139 2
139 66
139 25
131 216
131 175
131 29
131 73
131 196
131 25
131 187
86 160
86 38
86 109
86 35
86 39
86 14
86 177
86 48
86 212
86 182
86 188
86 187
199 160
199 74
199 35
199 41
199 39
199 14
199 177
199 173
199 182
160 207
160 41
160 133
160 28
160 196
160 189
160 87
147 216
147 142
147 41
147 29
147 65
147 73
147 28
147 79
147 179
147 129
147 132
147 2
147 149
147 91
147 188
147 25
74 106
74 118
74 59
74 79
74 196
74 91
74 182
103 172
103 175
103 29
103 137
103 120
103 149
103 189
103 182
103 203
216 38
216 6
216 29
216 28
216 79
216 132
216 189
216 188
216 203
216 25
102 106
102 118
102 35
102 65
102 91
172 207
172 120
172 177
172 129
172 132
172 13
172 32
172 91
172 188
172 110
106 142
106 73
106 59
106 48
106 162
106 2
106 196
106 91
106 66
207 142
207 6
207 63
207 179
207 2
207 91
38 63
38 167
38 39
38 173
38 203
38 25
109 142
109 35
109 121
109 120
109 132
109 212
109 182
109 66
109 25
109 87
93 63
93 167
93 217
93 39
93 59
93 48
93 173
93 13
93 212
93 83
93 189
93 182
93 188
93 56
93 25
93 110
93 87
45 133
45 120
45 48
45 179
45 149
45 182
118 6
118 29
118 217
118 14
118 79
118 129
118 2
118 32
118 91
118 189
118 188
142 65
142 8
142 15
142 129
142 13
142 212
142 182
35 175
35 65
35 28
35 15
35 129
35 2
35 212
35 187
41 6
41 59
41 14
41 120
41 13
41 32
41 196
41 10
41 56
175 29
175 137
175 39
175 59
175 15
175 48
175 162
175 149
175 212
175 83
175 56
175 66
6 39
6 120
6 48
6 189
6 187
29 79
29 212
29 188
29 56
63 137
63 28
63 13
63 189
63 87
121 137
121 59
121 13
65 133
65 179
167 217
167 73
167 8
167 129
167 149
167 56
167 203
167 110
217 39
217 2
217 149
217 196
137 48
137 162
137 149
137 91
137 212
137 182
137 10
137 110
73 59
73 79
73 132
73 56
133 15
133 13
133 212
133 83
133 56
133 25
39 59
39 177
39 179
39 129
39 13
39 189
39 87
39 187
59 132
59 203
28 162
28 129
28 13
28 32
28 56
28 203
14 179
14 13
14 212
14 182
14 203
14 110
14 87
14 187
8 162
8 129
8 2
120 15
120 162
120 32
120 149
120 189
120 182
120 10
120 56
120 203
120 110
15 173
15 66
177 79
177 13
177 196
79 13
79 2
79 187
48 212
48 189
179 129
179 132
179 83
179 187
173 162
173 203
173 110
162 10
162 188
129 132
129 87
132 212
132 87
13 2
13 149
13 212
13 189
13 25
13 110
13 87
2 91
2 83
2 189
2 203
2 66
2 187
32 189
32 56
32 87
149 203
196 91
196 10
91 83
91 182
91 56
91 110
212 56
212 110
212 187
83 110
182 66
182 25
182 187
10 110
188 110
188 87
56 66
66 25
110 187
