*verties 215
25
73
59
130
29
92
181
11
27
91
39
125
211
169
7
67
86
58
49
83
62
3
188
104
32
180
22
82
89
45
157
183
35
208
102
105
13
210
127
202
129
97
190
71
212
116
172
100
108
4
10
30
15
128
112
113
141
161
18
46
56
171
69
176
21
107
12
65
184
149
150
20
173
60
192
199
8
68
146
163
170
110
196
139
200
179
117
167
153
109
203
156
154
28
206
219
137
23
31
101
26
47
214
134
72
142
14
144
191
75
19
115
2
195
140
119
74
152
95
126
81
1
34
94
42
217
122
61
178
131
66
64
24
189
138
151
41
106
98
37
87
54
174
118
143
0
209
213
201
194
6
162
5
80
218
158
177
121
85
147
48
204
193
99
52
124
33
77
36
159
186
198
207
114
93
57
84
132
155
160
120
133
135
103
90
111
63
185
197
76
165
70
55
148
38
145
79
16
164
182
216
9
136
96
40
43
17
166
215
53
123
78
168
88
44
*edges 
25 73
25 59
25 130
25 29
25 92
25 181
25 27
25 91
25 125
25 211
25 7
25 86
25 58
25 62
25 3
25 188
25 180
25 22
25 82
25 89
25 45
25 157
25 183
25 208
25 102
25 105
25 127
25 202
25 129
25 97
25 71
25 100
25 108
25 10
25 15
25 128
25 112
25 113
25 141
25 161
25 18
25 56
25 69
25 107
25 12
25 149
25 20
25 173
25 60
25 163
25 110
25 196
25 139
25 200
25 179
25 117
25 153
25 109
25 156
25 154
25 28
25 206
25 219
25 137
25 23
25 31
25 101
25 26
25 214
25 72
25 191
25 75
25 115
25 140
25 119
25 74
25 81
25 34
25 94
25 42
25 217
25 61
25 178
25 131
25 66
25 64
25 24
25 138
25 151
25 41
25 98
25 37
25 87
25 54
25 174
25 0
25 209
25 213
25 201
25 194
25 162
25 80
25 218
25 158
25 177
25 121
25 48
25 204
25 193
25 99
25 124
25 33
25 77
25 198
25 114
25 93
25 57
25 84
25 155
25 120
25 135
25 103
25 90
25 111
25 76
25 70
25 55
25 148
25 38
25 145
25 79
25 164
25 182
25 216
25 9
25 96
25 40
25 43
25 17
25 166
25 215
25 53
25 78
25 168
25 44
73 59
73 130
73 29
73 92
73 181
73 11
73 125
73 169
73 67
73 86
73 58
73 49
73 83
73 62
73 3
73 188
73 104
73 32
73 22
73 82
73 45
73 102
73 13
73 210
73 202
73 97
73 116
73 108
73 4
73 141
73 161
73 46
73 21
73 65
73 184
73 150
73 60
73 192
73 8
73 68
73 146
73 163
73 170
73 110
73 200
73 179
73 117
73 167
73 153
73 156
73 28
73 219
73 23
73 31
73 26
73 214
73 134
73 72
73 19
73 115
73 2
73 195
73 119
73 74
73 95
73 42
73 217
73 122
73 61
73 24
73 189
73 138
73 151
73 41
73 98
73 87
73 54
73 118
73 201
73 6
73 5
73 80
73 158
73 177
73 85
73 147
73 48
73 193
73 99
73 124
73 33
73 77
73 36
73 186
73 207
73 93
73 57
73 84
73 132
73 133
73 135
73 103
73 90
73 63
73 185
73 76
73 55
73 148
73 145
73 79
73 16
73 182
73 216
73 9
73 96
73 40
73 43
73 166
73 53
73 123
73 168
73 88
73 44
59 29
59 92
59 181
59 27
59 211
59 169
59 7
59 67
59 86
59 58
59 49
59 83
59 62
59 188
59 180
59 22
59 89
59 45
59 157
59 35
59 208
59 210
59 129
59 97
59 212
59 116
59 10
59 15
59 141
59 18
59 56
59 69
59 176
59 21
59 107
59 149
59 150
59 20
59 173
59 60
59 199
59 68
59 170
59 110
59 196
59 139
59 200
59 179
59 167
59 153
59 203
59 154
59 28
59 23
59 101
59 214
59 134
59 72
59 142
59 14
59 75
59 19
59 2
59 140
59 119
59 74
59 152
59 95
59 1
59 34
59 94
59 42
59 122
59 178
59 64
59 24
59 189
59 151
59 106
59 98
59 87
59 54
59 143
59 209
59 6
59 218
59 177
59 121
59 147
59 48
59 99
59 124
59 33
59 36
59 159
59 186
59 198
59 207
59 114
59 57
59 155
59 160
59 120
59 133
59 135
59 103
59 63
59 197
59 165
59 55
59 148
59 145
59 16
59 164
59 9
59 40
59 53
59 78
59 88
130 92
130 39
130 169
130 7
130 58
130 49
130 83
130 62
130 3
130 89
130 45
130 157
130 183
130 35
130 208
130 102
130 210
130 127
130 190
130 212
130 116
130 108
130 30
130 15
130 128
130 112
130 141
130 161
130 18
130 56
130 69
130 176
130 65
130 150
130 20
130 60
130 8
130 68
130 163
130 170
130 200
130 179
130 117
130 153
130 203
130 154
130 206
130 23
130 47
130 134
130 142
130 144
130 191
130 19
130 115
130 195
130 119
130 74
130 152
130 126
130 81
130 1
130 34
130 94
130 217
130 122
130 178
130 131
130 66
130 64
130 138
130 151
130 41
130 106
130 37
130 87
130 54
130 174
130 143
130 0
130 209
130 213
130 201
130 194
130 6
130 5
130 218
130 158
130 177
130 121
130 85
130 147
130 48
130 204
130 193
130 99
130 52
130 33
130 77
130 159
130 186
130 198
130 207
130 114
130 93
130 57
130 120
130 133
130 111
130 63
130 185
130 165
130 70
130 148
130 38
130 79
130 182
130 9
130 43
130 17
130 166
130 215
130 123
130 78
130 168
130 88
29 181
29 11
29 169
29 7
29 67
29 86
29 49
29 83
29 62
29 188
29 104
29 32
29 82
29 89
29 45
29 208
29 105
29 127
29 202
29 97
29 212
29 100
29 4
29 10
29 30
29 15
29 128
29 112
29 113
29 161
29 18
29 46
29 56
29 69
29 176
29 21
29 107
29 12
29 65
29 184
29 150
29 173
29 60
29 146
29 163
29 170
29 110
29 196
29 139
29 200
29 117
29 153
29 109
29 156
29 28
29 206
29 23
29 31
29 101
29 214
29 134
29 72
29 14
29 144
29 75
29 115
29 2
29 195
29 140
29 119
29 74
29 95
29 126
29 81
29 34
29 42
29 217
29 122
29 66
29 64
29 189
29 41
29 106
29 98
29 37
29 174
29 209
29 201
29 194
29 162
29 218
29 158
29 177
29 121
29 147
29 48
29 204
29 99
29 52
29 124
29 33
29 77
29 186
29 198
29 207
29 57
29 84
29 155
29 120
29 103
29 90
29 111
29 185
29 197
29 76
29 70
29 79
29 16
29 182
29 216
29 9
29 96
29 40
29 17
29 166
29 215
29 78
29 168
29 44
92 181
92 11
92 91
92 39
92 86
92 58
92 83
92 62
92 3
92 104
92 180
92 82
92 89
92 157
92 183
92 208
92 105
92 13
92 210
92 202
92 129
92 190
92 212
92 100
92 108
92 30
92 128
92 112
92 141
92 46
92 56
92 69
92 176
92 12
92 65
92 149
92 150
92 20
92 173
92 60
92 199
92 8
92 68
92 163
92 170
92 110
92 139
92 200
92 179
92 117
92 167
92 109
92 154
92 28
92 206
92 137
92 23
92 31
92 47
92 134
92 72
92 142
92 19
92 195
92 140
92 119
92 74
92 152
92 95
92 126
92 1
92 94
92 217
92 61
92 178
92 66
92 64
92 189
92 151
92 41
92 106
92 98
92 54
92 143
92 209
92 213
92 201
92 194
92 162
92 80
92 218
92 158
92 177
92 121
92 85
92 147
92 204
92 193
92 52
92 36
92 159
92 186
92 198
92 93
92 84
92 132
92 160
92 135
92 63
92 197
92 165
92 148
92 38
92 79
92 16
92 164
92 9
92 136
92 96
92 17
92 166
92 215
92 123
92 78
92 44
181 27
181 91
181 211
181 67
181 86
181 83
181 3
181 188
181 104
181 32
181 89
181 45
181 208
181 102
181 105
181 13
181 127
181 202
181 129
181 190
181 212
181 116
181 100
181 108
181 4
181 10
181 30
181 15
181 113
181 18
181 46
181 56
181 171
181 21
181 107
181 12
181 184
181 60
181 192
181 68
181 146
181 163
181 170
181 110
181 200
181 179
181 167
181 153
181 109
181 203
181 156
181 154
181 206
181 137
181 23
181 31
181 101
181 26
181 214
181 72
181 142
181 144
181 191
181 75
181 19
181 2
181 195
181 140
181 119
181 74
181 152
181 95
181 81
181 1
181 34
181 42
181 217
181 122
181 61
181 178
181 131
181 64
181 24
181 189
181 151
181 41
181 106
181 37
181 87
181 54
181 143
181 0
181 209
181 201
181 194
181 6
181 162
181 5
181 80
181 218
181 158
181 121
181 147
181 48
181 204
181 193
181 99
181 124
181 77
181 186
181 207
181 93
181 132
181 155
181 160
181 120
181 133
181 103
181 90
181 63
181 197
181 76
181 165
181 148
181 38
181 79
181 16
181 164
181 96
181 43
181 17
181 166
181 215
181 53
181 123
181 78
181 168
11 27
11 125
11 86
11 58
11 82
11 89
11 45
11 157
11 183
11 35
11 102
11 105
11 210
11 127
11 202
11 190
11 71
11 212
11 116
11 172
11 100
11 10
11 128
11 112
11 161
11 18
11 56
11 171
11 107
11 12
11 149
11 150
11 20
11 173
11 60
11 192
11 8
11 68
11 163
11 170
11 196
11 139
11 167
11 109
11 203
11 156
11 206
11 219
11 137
11 31
11 101
11 47
11 214
11 134
11 142
11 144
11 191
11 19
11 195
11 74
11 152
11 81
11 1
11 94
11 42
11 61
11 178
11 66
11 64
11 24
11 138
11 41
11 106
11 37
11 54
11 174
11 118
11 143
11 201
11 194
11 6
11 162
11 80
11 158
11 177
11 147
11 48
11 204
11 99
11 52
11 124
11 33
11 77
11 36
11 186
11 114
11 93
11 84
11 155
11 120
11 133
11 135
11 103
11 111
11 165
11 148
11 38
11 16
11 164
11 182
11 9
11 136
11 96
11 17
11 166
11 215
11 53
11 123
11 168
11 88
11 44
27 91
27 39
27 169
27 7
27 58
27 83
27 62
27 3
27 188
27 104
27 32
27 180
27 82
27 157
27 183
27 35
27 13
27 210
27 129
27 97
27 190
27 71
27 116
27 108
27 15
27 128
27 141
27 46
27 56
27 171
27 176
27 107
27 149
27 150
27 173
27 60
27 192
27 199
27 68
27 146
27 170
27 110
27 139
27 117
27 167
27 153
27 203
27 154
27 28
27 23
27 31
27 47
27 134
27 72
27 142
27 191
27 75
27 19
27 115
27 195
27 140
27 119
27 74
27 126
27 81
27 34
27 42
27 122
27 61
27 131
27 66
27 64
27 24
27 138
27 41
27 98
27 37
27 87
27 118
27 143
27 0
27 209
27 213
27 201
27 6
27 5
27 80
27 218
27 158
27 85
27 147
27 48
27 193
27 99
27 124
27 33
27 77
27 186
27 207
27 114
27 93
27 84
27 132
27 155
27 160
27 120
27 111
27 185
27 76
27 165
27 70
27 148
27 38
27 145
27 79
27 16
27 182
27 96
27 43
27 17
27 215
27 53
27 123
27 44
91 39
91 125
91 211
91 7
91 86
91 188
91 104
91 32
91 22
91 89
91 45
91 157
91 35
91 208
91 102
91 13
91 210
91 97
91 190
91 71
91 212
91 172
91 100
91 4
91 10
91 30
91 128
91 112
91 113
91 18
91 46
91 56
91 171
91 69
91 176
91 21
91 107
91 12
91 65
91 173
91 146
91 163
91 170
91 110
91 196
91 139
91 200
91 179
91 167
91 153
91 109
91 156
91 219
91 137
91 23
91 31
91 26
91 47
91 214
91 134
91 14
91 144
91 191
91 195
91 95
91 126
91 1
91 34
91 94
91 217
91 122
91 61
91 64
91 138
91 41
91 106
91 37
91 54
91 174
91 118
91 209
91 213
91 194
91 6
91 162
91 5
91 80
91 218
91 158
91 147
91 204
91 99
91 52
91 124
91 159
91 198
91 207
91 114
91 57
91 132
91 155
91 120
91 133
91 135
91 103
91 90
91 111
91 185
91 197
91 76
91 165
91 70
91 38
91 145
91 79
91 16
91 164
91 182
91 216
91 9
91 136
91 40
91 17
91 215
91 53
91 123
91 44
39 125
39 86
39 58
39 83
39 3
39 104
39 22
39 82
39 45
39 157
39 183
39 102
39 105
39 13
39 210
39 127
39 97
39 172
39 100
39 108
39 4
39 10
39 30
39 15
39 112
39 113
39 141
39 161
39 18
39 46
39 56
39 171
39 69
39 176
39 107
39 12
39 150
39 173
39 60
39 192
39 8
39 146
39 163
39 170
39 196
39 200
39 117
39 167
39 203
39 156
39 154
39 28
39 206
39 23
39 31
39 47
39 214
39 134
39 142
39 14
39 144
39 191
39 81
39 1
39 94
39 42
39 217
39 122
39 61
39 178
39 131
39 66
39 64
39 24
39 189
39 41
39 98
39 37
39 54
39 174
39 118
39 209
39 201
39 194
39 6
39 5
39 218
39 177
39 121
39 204
39 193
39 52
39 124
39 77
39 36
39 159
39 198
39 93
39 132
39 160
39 133
39 103
39 111
39 185
39 76
39 70
39 38
39 145
39 79
39 16
39 182
39 96
39 17
39 166
39 123
39 78
39 88
125 211
125 169
125 7
125 86
125 58
125 83
125 62
125 188
125 104
125 22
125 82
125 89
125 45
125 183
125 102
125 105
125 129
125 97
125 190
125 71
125 116
125 172
125 108
125 10
125 30
125 128
125 113
125 141
125 161
125 18
125 46
125 56
125 171
125 69
125 107
125 12
125 65
125 184
125 20
125 60
125 199
125 68
125 146
125 163
125 139
125 200
125 179
125 167
125 153
125 109
125 203
125 154
125 28
125 206
125 137
125 23
125 101
125 26
125 47
125 214
125 191
125 19
125 2
125 74
125 95
125 1
125 34
125 94
125 42
125 217
125 122
125 131
125 66
125 24
125 189
125 138
125 151
125 41
125 106
125 98
125 37
125 87
125 174
125 118
125 143
125 213
125 201
125 194
125 162
125 5
125 218
125 158
125 177
125 121
125 85
125 147
125 48
125 193
125 124
125 33
125 36
125 159
125 186
125 198
125 114
125 93
125 57
125 160
125 133
125 90
125 111
125 185
125 197
125 70
125 55
125 148
125 38
125 145
125 16
125 182
125 9
125 136
125 43
125 215
125 123
125 168
125 88
125 44
211 7
211 67
211 58
211 83
211 62
211 104
211 22
211 82
211 89
211 157
211 35
211 13
211 129
211 97
211 190
211 212
211 116
211 172
211 4
211 15
211 112
211 161
211 46
211 171
211 176
211 21
211 12
211 65
211 149
211 173
211 192
211 8
211 68
211 146
211 196
211 167
211 28
211 206
211 23
211 26
211 134
211 191
211 75
211 19
211 195
211 140
211 74
211 152
211 126
211 81
211 34
211 94
211 42
211 122
211 61
211 131
211 66
211 189
211 151
211 98
211 37
211 87
211 118
211 194
211 6
211 5
211 80
211 218
211 158
211 177
211 121
211 147
211 48
211 204
211 193
211 33
211 36
211 207
211 114
211 57
211 132
211 155
211 160
211 120
211 103
211 90
211 111
211 63
211 165
211 70
211 55
211 79
211 164
211 182
211 216
211 136
211 96
211 43
211 166
211 215
211 123
211 78
211 88
169 86
169 58
169 49
169 83
169 62
169 3
169 188
169 104
169 32
169 82
169 89
169 45
169 183
169 35
169 208
169 105
169 13
169 127
169 202
169 129
169 97
169 172
169 30
169 15
169 128
169 18
169 46
169 56
169 69
169 21
169 12
169 65
169 20
169 192
169 199
169 8
169 146
169 163
169 139
169 200
169 179
169 117
169 153
169 109
169 154
169 28
169 206
169 137
169 23
169 26
169 47
169 72
169 14
169 191
169 75
169 19
169 195
169 152
169 95
169 81
169 42
169 122
169 61
169 131
169 64
169 189
169 151
169 41
169 106
169 98
169 37
169 87
169 54
169 143
169 0
169 213
169 194
169 162
169 80
169 158
169 177
169 121
169 85
169 48
169 204
169 99
169 52
169 124
169 33
169 186
169 198
169 114
169 84
169 132
169 133
169 135
169 90
169 111
169 63
169 185
169 76
169 165
169 16
169 164
169 182
169 216
169 9
169 136
169 40
169 166
169 53
169 123
169 78
169 168
7 86
7 49
7 62
7 188
7 104
7 82
7 89
7 45
7 157
7 183
7 105
7 13
7 127
7 202
7 129
7 97
7 71
7 212
7 116
7 172
7 100
7 108
7 15
7 112
7 18
7 171
7 69
7 176
7 21
7 107
7 65
7 184
7 150
7 173
7 60
7 192
7 199
7 8
7 68
7 163
7 110
7 196
7 139
7 200
7 117
7 167
7 153
7 109
7 203
7 154
7 28
7 137
7 23
7 101
7 26
7 47
7 134
7 142
7 14
7 144
7 191
7 75
7 195
7 140
7 119
7 95
7 81
7 1
7 131
7 24
7 151
7 98
7 87
7 143
7 0
7 194
7 6
7 162
7 5
7 80
7 177
7 121
7 85
7 147
7 204
7 99
7 124
7 33
7 77
7 159
7 114
7 57
7 132
7 155
7 133
7 135
7 103
7 90
7 111
7 63
7 185
7 76
7 165
7 55
7 148
7 16
7 164
7 182
7 9
7 136
7 96
7 40
7 43
7 17
7 215
7 123
7 168
7 44
67 62
67 188
67 104
67 32
67 180
67 45
67 183
67 35
67 105
67 13
67 210
67 202
67 129
67 97
67 71
67 212
67 116
67 172
67 108
67 4
67 10
67 128
67 112
67 113
67 141
67 161
67 18
67 46
67 171
67 69
67 107
67 12
67 149
67 150
67 173
67 192
67 68
67 196
67 139
67 200
67 179
67 117
67 167
67 153
67 203
67 156
67 206
67 219
67 23
67 101
67 26
67 214
67 142
67 14
67 144
67 19
67 140
67 119
67 81
67 42
67 217
67 122
67 131
67 24
67 189
67 138
67 151
67 41
67 98
67 87
67 118
67 143
67 0
67 209
67 213
67 162
67 5
67 158
67 121
67 85
67 193
67 99
67 52
67 33
67 36
67 159
67 186
67 198
67 93
67 132
67 155
67 160
67 133
67 103
67 90
67 111
67 63
67 197
67 76
67 165
67 70
67 145
67 79
67 16
67 40
67 17
67 166
67 53
67 78
67 168
67 44
86 49
86 83
86 82
86 157
86 35
86 102
86 105
86 13
86 210
86 127
86 202
86 129
86 97
86 190
86 71
86 172
86 100
86 108
86 10
86 30
86 128
86 113
86 141
86 161
86 18
86 171
86 176
86 12
86 65
86 20
86 173
86 192
86 199
86 8
86 146
86 170
86 139
86 200
86 179
86 117
86 167
86 109
86 203
86 156
86 154
86 28
86 137
86 23
86 101
86 26
86 47
86 72
86 142
86 191
86 75
86 2
86 195
86 140
86 119
86 74
86 152
86 95
86 34
86 42
86 217
86 178
86 131
86 24
86 189
86 151
86 106
86 98
86 37
86 87
86 54
86 174
86 118
86 213
86 201
86 194
86 6
86 162
86 80
86 218
86 158
86 177
86 193
86 33
86 77
86 36
86 186
86 198
86 207
86 114
86 93
86 84
86 132
86 155
86 160
86 120
86 133
86 111
86 185
86 197
86 76
86 165
86 70
86 55
86 38
86 79
86 16
86 164
86 182
86 9
86 136
86 96
86 40
86 17
86 166
86 215
86 78
86 88
58 62
58 3
58 82
58 89
58 45
58 157
58 208
58 13
58 127
58 97
58 190
58 212
58 172
58 100
58 108
58 4
58 10
58 15
58 128
58 141
58 46
58 56
58 176
58 21
58 107
58 184
58 149
58 150
58 20
58 173
58 60
58 192
58 199
58 8
58 146
58 163
58 110
58 139
58 203
58 156
58 154
58 28
58 219
58 137
58 23
58 31
58 101
58 26
58 47
58 214
58 72
58 191
58 115
58 140
58 119
58 95
58 126
58 81
58 1
58 34
58 217
58 122
58 66
58 64
58 24
58 189
58 41
58 106
58 37
58 87
58 118
58 213
58 201
58 6
58 162
58 80
58 218
58 158
58 85
58 99
58 52
58 124
58 159
58 186
58 198
58 207
58 57
58 155
58 120
58 133
58 135
58 103
58 90
58 111
58 197
58 76
58 55
58 79
58 164
58 136
58 96
58 40
58 43
58 166
58 123
58 168
58 44
49 83
49 3
49 188
49 22
49 82
49 89
49 35
49 208
49 102
49 105
49 210
49 202
49 129
49 190
49 71
49 116
49 100
49 108
49 4
49 10
49 128
49 112
49 113
49 141
49 18
49 171
49 176
49 107
49 12
49 65
49 184
49 173
49 60
49 192
49 8
49 68
49 146
49 163
49 170
49 196
49 139
49 200
49 179
49 117
49 167
49 109
49 203
49 154
49 206
49 23
49 214
49 134
49 72
49 142
49 14
49 144
49 191
49 19
49 115
49 2
49 195
49 74
49 152
49 126
49 81
49 1
49 34
49 94
49 42
49 217
49 61
49 66
49 24
49 189
49 138
49 106
49 54
49 174
49 0
49 213
49 201
49 194
49 6
49 5
49 158
49 177
49 121
49 147
49 204
49 124
49 33
49 77
49 159
49 186
49 207
49 155
49 160
49 120
49 103
49 63
49 165
49 70
49 38
49 79
49 16
49 164
49 182
49 9
49 136
49 40
49 17
49 166
49 215
49 53
49 123
49 78
49 168
49 88
83 62
83 188
83 104
83 32
83 180
83 22
83 183
83 102
83 105
83 13
83 210
83 127
83 97
83 190
83 212
83 116
83 172
83 10
83 30
83 15
83 112
83 113
83 141
83 161
83 46
83 56
83 21
83 107
83 12
83 65
83 149
83 150
83 20
83 60
83 192
83 199
83 8
83 146
83 179
83 167
83 153
83 109
83 203
83 137
83 31
83 101
83 26
83 214
83 72
83 142
83 14
83 144
83 75
83 140
83 74
83 152
83 95
83 126
83 34
83 42
83 122
83 178
83 66
83 24
83 189
83 151
83 41
83 37
83 54
83 143
83 194
83 6
83 80
83 158
83 121
83 85
83 193
83 99
83 52
83 33
83 77
83 36
83 186
83 198
83 207
83 114
83 93
83 155
83 160
83 120
83 133
83 103
83 111
83 63
83 185
83 165
83 70
83 38
83 145
83 79
83 16
83 182
83 216
83 136
83 215
83 123
83 168
83 88
62 104
62 32
62 82
62 89
62 35
62 105
62 13
62 210
62 97
62 71
62 172
62 108
62 10
62 30
62 15
62 128
62 112
62 113
62 141
62 161
62 46
62 56
62 171
62 69
62 176
62 107
62 65
62 184
62 150
62 60
62 192
62 68
62 163
62 170
62 110
62 196
62 179
62 117
62 167
62 153
62 156
62 206
62 137
62 31
62 26
62 47
62 142
62 144
62 75
62 115
62 195
62 140
62 119
62 74
62 152
62 95
62 126
62 81
62 1
62 94
62 217
62 122
62 61
62 178
62 66
62 64
62 151
62 41
62 98
62 37
62 54
62 118
62 0
62 201
62 194
62 6
62 162
62 80
62 121
62 85
62 33
62 77
62 36
62 159
62 198
62 57
62 84
62 132
62 155
62 160
62 120
62 133
62 135
62 103
62 90
62 185
62 197
62 70
62 9
62 136
62 96
62 40
62 43
62 166
62 215
62 53
62 123
62 78
62 88
62 44
3 180
3 22
3 89
3 45
3 183
3 35
3 13
3 210
3 129
3 190
3 71
3 172
3 4
3 30
3 15
3 128
3 112
3 113
3 46
3 176
3 12
3 65
3 184
3 150
3 20
3 173
3 60
3 192
3 199
3 8
3 68
3 146
3 163
3 170
3 196
3 200
3 117
3 109
3 203
3 28
3 206
3 137
3 23
3 31
3 26
3 72
3 142
3 14
3 144
3 75
3 115
3 140
3 119
3 74
3 95
3 126
3 81
3 1
3 122
3 178
3 66
3 24
3 138
3 151
3 41
3 106
3 98
3 37
3 174
3 118
3 143
3 213
3 194
3 6
3 162
3 5
3 80
3 158
3 177
3 85
3 147
3 48
3 204
3 99
3 52
3 124
3 33
3 159
3 198
3 114
3 57
3 132
3 160
3 133
3 135
3 103
3 90
3 63
3 185
3 76
3 148
3 38
3 164
3 216
3 136
3 96
3 17
3 166
3 215
3 53
3 123
3 78
3 44
188 180
188 22
188 82
188 89
188 45
188 35
188 208
188 105
188 210
188 127
188 202
188 129
188 190
188 71
188 212
188 30
188 15
188 128
188 112
188 113
188 141
188 46
188 56
188 171
188 21
188 107
188 12
188 65
188 149
188 150
188 20
188 192
188 68
188 163
188 139
188 200
188 179
188 117
188 167
188 153
188 156
188 154
188 206
188 137
188 23
188 31
188 101
188 26
188 47
188 134
188 142
188 14
188 144
188 191
188 75
188 115
188 195
188 140
188 119
188 95
188 126
188 81
188 1
188 94
188 42
188 122
188 61
188 64
188 24
188 189
188 151
188 41
188 98
188 118
188 143
188 209
188 194
188 162
188 5
188 80
188 177
188 85
188 147
188 48
188 204
188 193
188 99
188 52
188 124
188 33
188 77
188 36
188 186
188 198
188 207
188 93
188 57
188 155
188 160
188 120
188 133
188 135
188 63
188 197
188 76
188 165
188 70
188 55
188 38
188 16
188 182
188 216
188 40
188 43
188 17
188 78
188 168
188 88
188 44
104 32
104 22
104 157
104 183
104 35
104 210
104 202
104 97
104 116
104 30
104 15
104 113
104 161
104 46
104 56
104 176
104 107
104 65
104 184
104 149
104 173
104 8
104 146
104 163
104 170
104 110
104 179
104 117
104 167
104 153
104 109
104 156
104 154
104 137
104 23
104 101
104 134
104 14
104 144
104 191
104 19
104 115
104 195
104 140
104 119
104 74
104 152
104 95
104 126
104 81
104 1
104 34
104 94
104 122
104 61
104 178
104 131
104 66
104 189
104 138
104 41
104 37
104 87
104 54
104 174
104 143
104 201
104 194
104 6
104 5
104 80
104 158
104 177
104 85
104 204
104 193
104 52
104 124
104 33
104 159
104 198
104 114
104 93
104 84
104 155
104 120
104 133
104 135
104 103
104 90
104 63
104 197
104 70
104 148
104 38
104 16
104 164
104 216
104 9
104 136
104 43
104 53
104 123
104 78
104 168
104 88
104 44
32 22
32 82
32 45
32 183
32 208
32 105
32 13
32 210
32 127
32 202
32 129
32 190
32 212
32 116
32 172
32 100
32 10
32 15
32 141
32 161
32 46
32 171
32 21
32 12
32 184
32 149
32 20
32 60
32 199
32 8
32 68
32 146
32 110
32 179
32 117
32 167
32 203
32 156
32 154
32 28
32 137
32 31
32 101
32 47
32 214
32 72
32 14
32 144
32 191
32 19
32 115
32 2
32 119
32 74
32 152
32 95
32 126
32 42
32 217
32 122
32 61
32 131
32 64
32 189
32 138
32 151
32 98
32 54
32 174
32 118
32 143
32 0
32 201
32 162
32 5
32 80
32 218
32 177
32 121
32 85
32 147
32 99
32 33
32 36
32 186
32 198
32 207
32 114
32 93
32 57
32 84
32 132
32 160
32 133
32 103
32 90
32 111
32 185
32 197
32 76
32 165
32 70
32 148
32 38
32 145
32 79
32 16
32 164
32 182
32 216
32 96
32 43
32 17
32 166
32 215
32 123
32 168
32 88
32 44
180 22
180 89
180 157
180 183
180 35
180 208
180 102
180 105
180 13
180 210
180 127
180 202
180 129
180 97
180 71
180 212
180 116
180 100
180 4
180 30
180 128
180 112
180 113
180 141
180 161
180 18
180 56
180 176
180 12
180 65
180 184
180 20
180 60
180 68
180 170
180 110
180 139
180 179
180 167
180 109
180 203
180 156
180 154
180 28
180 23
180 31
180 101
180 26
180 47
180 214
180 142
180 144
180 19
180 115
180 74
180 126
180 1
180 34
180 94
180 217
180 122
180 61
180 178
180 131
180 66
180 64
180 138
180 151
180 106
180 98
180 87
180 54
180 174
180 209
180 213
180 194
180 162
180 5
180 80
180 218
180 121
180 48
180 124
180 33
180 77
180 159
180 186
180 207
180 93
180 84
180 132
180 160
180 135
180 111
180 197
180 76
180 55
180 148
180 16
180 182
180 136
180 96
180 40
180 215
180 53
180 123
180 78
180 168
180 88
180 44
22 89
22 45
22 102
22 105
22 13
22 210
22 202
22 190
22 116
22 172
22 100
22 128
22 112
22 113
22 141
22 161
22 46
22 56
22 171
22 176
22 21
22 107
22 65
22 184
22 20
22 173
22 60
22 199
22 8
22 68
22 146
22 170
22 110
22 139
22 179
22 117
22 109
22 156
22 154
22 28
22 206
22 23
22 31
22 26
22 47
22 134
22 72
22 14
22 191
22 75
22 115
22 2
22 195
22 140
22 152
22 95
22 81
22 1
22 34
22 42
22 217
22 122
22 61
22 178
22 131
22 66
22 64
22 24
22 189
22 138
22 151
22 41
22 106
22 37
22 87
22 174
22 209
22 213
22 201
22 6
22 162
22 5
22 80
22 218
22 158
22 177
22 121
22 85
22 147
22 99
22 77
22 36
22 159
22 198
22 114
22 93
22 132
22 133
22 90
22 111
22 63
22 185
22 76
22 165
22 70
22 55
22 148
22 79
22 16
22 216
22 9
22 136
22 96
22 40
22 43
22 215
22 123
22 168
22 88
82 89
82 45
82 35
82 208
82 105
82 210
82 202
82 97
82 212
82 116
82 172
82 100
82 108
82 4
82 10
82 30
82 15
82 112
82 113
82 161
82 18
82 46
82 69
82 176
82 21
82 107
82 12
82 65
82 150
82 20
82 60
82 199
82 8
82 146
82 163
82 196
82 139
82 200
82 179
82 203
82 154
82 28
82 219
82 137
82 23
82 31
82 101
82 26
82 214
82 134
82 72
82 142
82 144
82 191
82 75
82 19
82 115
82 2
82 195
82 34
82 42
82 217
82 61
82 178
82 131
82 64
82 24
82 138
82 106
82 98
82 87
82 54
82 194
82 5
82 80
82 218
82 177
82 121
82 147
82 99
82 52
82 33
82 36
82 159
82 186
82 207
82 114
82 93
82 57
82 155
82 133
82 135
82 111
82 185
82 197
82 76
82 70
82 55
82 38
82 79
82 16
82 9
82 136
82 96
82 40
82 17
82 166
82 215
82 53
82 78
82 168
82 88
82 44
89 45
89 183
89 35
89 208
89 102
89 105
89 210
89 127
89 202
89 129
89 97
89 190
89 71
89 172
89 108
89 4
89 10
89 112
89 113
89 141
89 161
89 18
89 56
89 171
89 69
89 176
89 107
89 65
89 20
89 199
89 8
89 68
89 146
89 163
89 170
89 196
89 139
89 200
89 153
89 156
89 28
89 137
89 23
89 31
89 101
89 26
89 47
89 134
89 14
89 144
89 75
89 19
89 115
89 140
89 74
89 95
89 1
89 94
89 217
89 122
89 24
89 189
89 151
89 106
89 87
89 54
89 174
89 118
89 6
89 162
89 80
89 218
89 177
89 85
89 48
89 204
89 193
89 99
89 52
89 124
89 33
89 36
89 159
89 186
89 198
89 93
89 132
89 160
89 133
89 135
89 90
89 111
89 197
89 165
89 55
89 148
89 38
89 79
89 16
89 164
89 182
89 40
89 17
89 215
89 53
89 123
89 78
89 168
89 88
89 44
45 157
45 183
45 35
45 208
45 102
45 13
45 210
45 202
45 129
45 97
45 212
45 4
45 30
45 128
45 113
45 141
45 161
45 46
45 56
45 171
45 69
45 176
45 21
45 107
45 12
45 65
45 184
45 150
45 60
45 192
45 199
45 8
45 146
45 163
45 139
45 200
45 179
45 117
45 156
45 154
45 28
45 137
45 23
45 31
45 101
45 47
45 214
45 134
45 142
45 14
45 144
45 191
45 115
45 195
45 140
45 34
45 42
45 217
45 61
45 178
45 24
45 189
45 138
45 151
45 41
45 106
45 98
45 87
45 174
45 118
45 143
45 213
45 201
45 6
45 162
45 5
45 158
45 177
45 121
45 85
45 147
45 204
45 193
45 124
45 33
45 36
45 159
45 186
45 198
45 114
45 57
45 84
45 132
45 155
45 120
45 135
45 103
45 111
45 63
45 185
45 197
45 148
45 38
45 79
45 164
45 136
45 96
45 43
45 17
45 166
45 215
45 123
45 168
45 88
157 183
157 35
157 105
157 202
157 129
157 97
157 71
157 212
157 100
157 108
157 4
157 10
157 30
157 128
157 112
157 141
157 46
157 176
157 21
157 65
157 184
157 173
157 60
157 192
157 199
157 8
157 68
157 163
157 110
157 196
157 139
157 200
157 179
157 153
157 203
157 156
157 154
157 206
157 219
157 137
157 23
157 31
157 214
157 134
157 142
157 144
157 191
157 75
157 119
157 74
157 152
157 95
157 81
157 34
157 42
157 217
157 61
157 131
157 66
157 64
157 189
157 138
157 151
157 41
157 54
157 174
157 143
157 209
157 213
157 201
157 194
157 6
157 5
157 218
157 158
157 177
157 121
157 48
157 124
157 33
157 77
157 159
157 198
157 207
157 114
157 57
157 84
157 132
157 155
157 160
157 133
157 103
157 90
157 197
157 165
157 70
157 38
157 145
157 216
157 136
157 40
157 17
157 166
157 215
157 168
157 88
183 35
183 208
183 105
183 13
183 210
183 127
183 202
183 129
183 190
183 71
183 212
183 116
183 172
183 108
183 4
183 10
183 30
183 141
183 161
183 18
183 46
183 69
183 65
183 150
183 192
183 199
183 68
183 163
183 196
183 139
183 179
183 117
183 153
183 109
183 154
183 206
183 219
183 26
183 214
183 134
183 72
183 142
183 14
183 191
183 75
183 19
183 115
183 2
183 195
183 119
183 74
183 95
183 1
183 34
183 94
183 217
183 122
183 178
183 131
183 24
183 138
183 41
183 106
183 37
183 54
183 118
183 143
183 213
183 201
183 194
183 162
183 80
183 218
183 158
183 121
183 99
183 52
183 124
183 186
183 207
183 114
183 93
183 57
183 84
183 132
183 155
183 160
183 120
183 133
183 111
183 185
183 55
183 145
183 79
183 16
183 164
183 182
183 216
183 9
183 136
183 96
183 40
183 43
183 17
183 166
183 123
183 78
183 88
35 208
35 102
35 13
35 210
35 127
35 202
35 129
35 212
35 172
35 100
35 4
35 10
35 161
35 46
35 56
35 69
35 176
35 21
35 107
35 65
35 173
35 60
35 192
35 199
35 68
35 163
35 170
35 110
35 139
35 167
35 109
35 203
35 156
35 154
35 28
35 206
35 137
35 101
35 26
35 47
35 134
35 72
35 142
35 14
35 144
35 191
35 19
35 115
35 2
35 119
35 126
35 81
35 1
35 34
35 42
35 217
35 64
35 24
35 138
35 151
35 98
35 37
35 54
35 118
35 143
35 209
35 213
35 201
35 6
35 162
35 80
35 218
35 177
35 121
35 48
35 99
35 124
35 33
35 77
35 159
35 207
35 114
35 93
35 57
35 132
35 160
35 120
35 135
35 111
35 185
35 76
35 165
35 55
35 79
35 16
35 182
35 216
35 136
35 96
35 40
35 43
35 17
35 166
35 215
35 53
35 168
35 88
208 102
208 13
208 210
208 127
208 97
208 190
208 212
208 116
208 100
208 108
208 4
208 10
208 15
208 128
208 112
208 46
208 69
208 176
208 21
208 12
208 65
208 150
208 20
208 173
208 60
208 192
208 68
208 146
208 163
208 110
208 196
208 139
208 200
208 117
208 167
208 203
208 154
208 28
208 137
208 31
208 26
208 134
208 72
208 142
208 191
208 19
208 2
208 195
208 74
208 152
208 126
208 81
208 1
208 34
208 42
208 217
208 122
208 178
208 131
208 24
208 189
208 138
208 151
208 106
208 98
208 87
208 118
208 143
208 0
208 209
208 201
208 6
208 80
208 158
208 177
208 48
208 52
208 33
208 77
208 36
208 159
208 186
208 207
208 114
208 57
208 84
208 132
208 120
208 133
208 63
208 197
208 76
208 165
208 70
208 55
208 148
208 145
208 79
208 16
208 164
208 182
208 216
208 9
208 136
208 17
208 53
208 168
208 88
102 105
102 210
102 127
102 202
102 129
102 212
102 116
102 172
102 4
102 113
102 141
102 161
102 46
102 56
102 12
102 65
102 149
102 150
102 173
102 192
102 68
102 146
102 163
102 139
102 179
102 117
102 153
102 109
102 203
102 156
102 154
102 28
102 219
102 137
102 23
102 31
102 101
102 26
102 214
102 134
102 72
102 191
102 75
102 140
102 119
102 152
102 126
102 1
102 42
102 217
102 61
102 178
102 131
102 64
102 189
102 151
102 106
102 37
102 87
102 54
102 174
102 118
102 143
102 209
102 213
102 201
102 218
102 121
102 147
102 48
102 204
102 193
102 124
102 33
102 77
102 186
102 198
102 114
102 57
102 84
102 120
102 133
102 135
102 90
102 111
102 197
102 70
102 55
102 38
102 145
102 164
102 216
102 9
102 136
102 43
102 17
102 166
102 215
102 123
102 168
102 88
102 44
105 13
105 210
105 127
105 190
105 100
105 10
105 30
105 15
105 128
105 112
105 113
105 161
105 56
105 171
105 69
105 176
105 107
105 12
105 184
105 149
105 173
105 60
105 192
105 8
105 68
105 146
105 163
105 170
105 110
105 139
105 179
105 117
105 167
105 109
105 154
105 28
105 219
105 23
105 101
105 26
105 47
105 214
105 134
105 142
105 144
105 75
105 19
105 115
105 195
105 140
105 119
105 152
105 81
105 1
105 34
105 42
105 217
105 122
105 61
105 178
105 66
105 64
105 24
105 189
105 41
105 106
105 98
105 37
105 54
105 118
105 209
105 213
105 201
105 194
105 6
105 5
105 80
105 218
105 158
105 177
105 121
105 85
105 147
105 204
105 193
105 99
105 52
105 124
105 159
105 198
105 93
105 57
105 84
105 155
105 160
105 135
105 90
105 111
105 63
105 185
105 197
105 76
105 165
105 70
105 55
105 145
105 79
105 16
105 182
105 9
105 17
105 215
105 53
105 78
105 88
105 44
13 210
13 127
13 202
13 190
13 71
13 212
13 172
13 100
13 4
13 10
13 30
13 15
13 112
13 113
13 141
13 161
13 18
13 56
13 171
13 176
13 107
13 20
13 60
13 192
13 199
13 8
13 163
13 170
13 196
13 139
13 179
13 109
13 206
13 137
13 31
13 47
13 134
13 142
13 14
13 191
13 75
13 115
13 195
13 74
13 152
13 95
13 81
13 1
13 42
13 122
13 61
13 178
13 24
13 189
13 138
13 41
13 106
13 98
13 37
13 87
13 54
13 174
13 118
13 0
13 209
13 213
13 201
13 194
13 6
13 5
13 80
13 158
13 121
13 85
13 48
13 204
13 124
13 77
13 36
13 159
13 186
13 198
13 207
13 114
13 132
13 155
13 160
13 133
13 111
13 63
13 76
13 165
13 70
13 38
13 79
13 16
13 164
13 182
13 9
13 136
13 96
13 43
13 17
13 166
13 53
13 123
13 78
13 168
13 88
210 127
210 202
210 129
210 190
210 71
210 212
210 100
210 108
210 30
210 15
210 128
210 141
210 161
210 18
210 46
210 56
210 171
210 21
210 107
210 150
210 20
210 192
210 199
210 68
210 146
210 196
210 200
210 117
210 167
210 153
210 109
210 156
210 154
210 206
210 219
210 137
210 23
210 31
210 101
210 47
210 134
210 142
210 75
210 19
210 140
210 119
210 74
210 152
210 1
210 94
210 42
210 217
210 122
210 61
210 178
210 64
210 189
210 41
210 37
210 54
210 118
210 143
210 209
210 213
210 201
210 6
210 162
210 218
210 158
210 177
210 121
210 85
210 147
210 48
210 204
210 99
210 52
210 33
210 77
210 159
210 186
210 207
210 114
210 93
210 57
210 84
210 160
210 133
210 111
210 185
210 76
210 70
210 148
210 38
210 145
210 164
210 182
210 216
210 9
210 136
210 123
210 168
210 88
127 71
127 100
127 108
127 4
127 15
127 128
127 112
127 113
127 141
127 18
127 56
127 176
127 21
127 107
127 12
127 184
127 149
127 150
127 20
127 60
127 192
127 146
127 170
127 110
127 196
127 200
127 153
127 109
127 156
127 219
127 23
127 101
127 26
127 47
127 134
127 142
127 144
127 191
127 75
127 140
127 119
127 152
127 95
127 126
127 1
127 42
127 217
127 122
127 61
127 178
127 131
127 66
127 41
127 98
127 54
127 143
127 0
127 209
127 213
127 201
127 6
127 162
127 158
127 121
127 85
127 48
127 193
127 124
127 33
127 36
127 198
127 93
127 57
127 84
127 135
127 103
127 90
127 111
127 185
127 197
127 76
127 70
127 148
127 38
127 145
127 79
127 182
127 9
127 96
127 43
127 215
127 53
127 123
127 78
202 129
202 190
202 71
202 212
202 172
202 100
202 108
202 128
202 112
202 113
202 141
202 161
202 18
202 46
202 171
202 176
202 107
202 65
202 184
202 20
202 173
202 60
202 192
202 146
202 163
202 170
202 110
202 179
202 153
202 203
202 156
202 206
202 219
202 137
202 31
202 26
202 47
202 214
202 14
202 144
202 115
202 195
202 119
202 126
202 81
202 94
202 42
202 217
202 122
202 66
202 64
202 24
202 138
202 41
202 106
202 98
202 87
202 54
202 143
202 0
202 213
202 201
202 194
202 5
202 218
202 158
202 121
202 85
202 48
202 204
202 193
202 124
202 36
202 198
202 207
202 132
202 160
202 120
202 133
202 103
202 111
202 63
202 185
202 197
202 165
202 55
202 38
202 145
202 79
202 16
202 164
202 216
202 9
202 136
202 96
202 215
202 53
202 123
202 78
202 44
129 97
129 212
129 116
129 172
129 100
129 108
129 10
129 128
129 113
129 141
129 161
129 18
129 56
129 171
129 69
129 176
129 21
129 12
129 65
129 184
129 150
129 20
129 60
129 199
129 68
129 163
129 196
129 200
129 179
129 117
129 153
129 109
129 154
129 219
129 137
129 47
129 214
129 134
129 142
129 14
129 191
129 75
129 195
129 119
129 152
129 95
129 1
129 42
129 217
129 61
129 131
129 24
129 189
129 41
129 98
129 87
129 118
129 143
129 0
129 6
129 162
129 80
129 158
129 177
129 193
129 99
129 52
129 124
129 33
129 77
129 36
129 186
129 114
129 57
129 84
129 132
129 155
129 135
129 90
129 111
129 63
129 185
129 197
129 76
129 70
129 55
129 145
129 79
129 16
129 164
129 216
129 136
129 40
129 43
129 166
129 215
129 123
129 78
129 44
97 190
97 100
97 108
97 4
97 15
97 128
97 113
97 56
97 171
97 69
97 107
97 65
97 184
97 149
97 150
97 199
97 163
97 170
97 196
97 200
97 179
97 153
97 156
97 154
97 23
97 31
97 101
97 47
97 214
97 14
97 144
97 75
97 19
97 195
97 140
97 119
97 74
97 152
97 95
97 126
97 81
97 1
97 42
97 217
97 122
97 178
97 64
97 189
97 138
97 151
97 106
97 54
97 213
97 201
97 6
97 5
97 177
97 121
97 147
97 48
97 204
97 193
97 99
97 124
97 33
97 159
97 186
97 114
97 57
97 132
97 155
97 160
97 120
97 135
97 185
97 165
97 70
97 55
97 148
97 38
97 145
97 16
97 164
97 182
97 9
97 96
97 40
97 43
97 17
97 215
97 53
97 123
97 78
97 168
97 88
97 44
190 71
190 212
190 116
190 172
190 30
190 15
190 141
190 161
190 18
190 46
190 56
190 171
190 69
190 176
190 21
190 184
190 150
190 8
190 146
190 110
190 196
190 179
190 167
190 153
190 203
190 156
190 154
190 28
190 206
190 219
190 137
190 26
190 134
190 72
190 142
190 14
190 144
190 191
190 2
190 195
190 119
190 152
190 81
190 1
190 94
190 217
190 122
190 61
190 178
190 66
190 64
190 24
190 151
190 41
190 106
190 98
190 37
190 54
190 174
190 0
190 209
190 213
190 80
190 177
190 85
190 147
190 204
190 99
190 52
190 124
190 33
190 77
190 186
190 198
190 207
190 114
190 93
190 57
190 155
190 120
190 103
190 90
190 111
190 165
190 70
190 55
190 145
190 79
190 16
190 164
190 182
190 136
190 43
190 166
190 215
190 53
190 168
190 88
71 116
71 4
71 10
71 30
71 128
71 112
71 161
71 56
71 171
71 69
71 176
71 107
71 184
71 149
71 150
71 173
71 192
71 199
71 146
71 163
71 170
71 139
71 200
71 179
71 117
71 167
71 153
71 203
71 156
71 154
71 28
71 206
71 219
71 23
71 31
71 101
71 47
71 72
71 144
71 191
71 75
71 115
71 2
71 74
71 152
71 95
71 126
71 1
71 94
71 42
71 61
71 178
71 66
71 64
71 189
71 138
71 151
71 41
71 106
71 98
71 87
71 118
71 0
71 209
71 213
71 6
71 162
71 5
71 80
71 218
71 158
71 121
71 85
71 147
71 204
71 193
71 99
71 52
71 124
71 36
71 186
71 198
71 207
71 114
71 93
71 57
71 132
71 103
71 90
71 63
71 185
71 197
71 165
71 70
71 55
71 148
71 164
71 182
71 136
71 40
71 43
71 17
71 215
71 53
71 123
71 44
212 116
212 172
212 10
212 30
212 15
212 128
212 171
212 69
212 107
212 184
212 150
212 20
212 60
212 192
212 68
212 146
212 110
212 196
212 117
212 167
212 153
212 109
212 203
212 156
212 28
212 206
212 137
212 23
212 101
212 26
212 134
212 72
212 142
212 14
212 191
212 75
212 115
212 119
212 74
212 152
212 81
212 1
212 34
212 42
212 217
212 178
212 64
212 24
212 138
212 151
212 41
212 106
212 98
212 37
212 54
212 174
212 118
212 143
212 0
212 213
212 194
212 162
212 5
212 218
212 158
212 177
212 121
212 85
212 48
212 204
212 193
212 52
212 124
212 159
212 186
212 207
212 114
212 93
212 84
212 155
212 133
212 90
212 111
212 63
212 197
212 165
212 148
212 145
212 182
212 216
212 136
212 96
212 17
212 166
212 53
212 123
212 168
212 88
116 108
116 4
116 30
116 15
116 128
116 112
116 113
116 141
116 161
116 46
116 176
116 21
116 65
116 184
116 150
116 192
116 199
116 8
116 68
116 146
116 110
116 196
116 200
116 109
116 156
116 154
116 206
116 219
116 137
116 23
116 26
116 72
116 191
116 75
116 115
116 2
116 140
116 74
116 152
116 126
116 81
116 34
116 42
116 61
116 178
116 131
116 24
116 138
116 151
116 41
116 106
116 98
116 37
116 87
116 54
116 118
116 209
116 6
116 162
116 218
116 158
116 147
116 204
116 193
116 99
116 52
116 124
116 33
116 36
116 198
116 207
116 114
116 132
116 155
116 133
116 135
116 103
116 90
116 111
116 63
116 165
116 70
116 38
116 79
116 16
116 164
116 182
116 216
116 9
116 136
116 96
116 43
116 17
116 168
116 88
172 10
172 30
172 128
172 112
172 113
172 161
172 46
172 56
172 171
172 69
172 21
172 107
172 12
172 65
172 150
172 20
172 173
172 60
172 199
172 163
172 110
172 139
172 179
172 167
172 153
172 203
172 156
172 28
172 206
172 219
172 137
172 31
172 101
172 26
172 214
172 134
172 72
172 142
172 14
172 144
172 75
172 19
172 2
172 195
172 140
172 119
172 152
172 126
172 81
172 1
172 34
172 94
172 122
172 178
172 66
172 64
172 24
172 189
172 41
172 106
172 98
172 37
172 87
172 174
172 118
172 213
172 201
172 6
172 162
172 5
172 80
172 158
172 121
172 85
172 147
172 48
172 99
172 77
172 36
172 186
172 198
172 207
172 84
172 132
172 160
172 120
172 133
172 135
172 103
172 90
172 185
172 197
172 76
172 70
172 148
172 38
172 145
172 16
172 164
172 216
172 96
172 40
172 215
172 53
172 123
172 78
172 88
172 44
100 108
100 15
100 113
100 141
100 161
100 18
100 46
100 56
100 171
100 69
100 176
100 21
100 184
100 149
100 173
100 60
100 192
100 8
100 68
100 146
100 110
100 196
100 200
100 179
100 167
100 109
100 154
100 219
100 137
100 101
100 26
100 47
100 142
100 14
100 19
100 2
100 195
100 140
100 119
100 152
100 95
100 126
100 34
100 42
100 217
100 122
100 61
100 178
100 64
100 189
100 151
100 41
100 98
100 54
100 118
100 209
100 194
100 6
100 162
100 5
100 80
100 218
100 121
100 147
100 48
100 204
100 193
100 52
100 77
100 36
100 159
100 198
100 114
100 57
100 84
100 132
100 155
100 160
100 135
100 111
100 63
100 185
100 197
100 76
100 165
100 55
100 145
100 79
100 182
100 216
100 9
100 17
100 53
100 123
100 78
100 88
108 4
108 128
108 112
108 113
108 141
108 18
108 46
108 69
108 21
108 12
108 149
108 150
108 20
108 173
108 60
108 192
108 8
108 196
108 139
108 200
108 179
108 117
108 167
108 153
108 109
108 156
108 154
108 28
108 206
108 137
108 23
108 31
108 26
108 214
108 134
108 14
108 144
108 2
108 195
108 140
108 152
108 81
108 94
108 42
108 217
108 122
108 131
108 66
108 24
108 189
108 41
108 87
108 54
108 118
108 0
108 209
108 213
108 201
108 194
108 162
108 5
108 80
108 177
108 121
108 85
108 48
108 204
108 193
108 99
108 33
108 77
108 36
108 159
108 207
108 114
108 93
108 57
108 84
108 132
108 155
108 133
108 135
108 103
108 111
108 197
108 165
108 55
108 79
108 16
108 182
108 9
108 136
108 40
108 17
108 166
108 215
108 53
108 88
108 44
4 10
4 112
4 113
4 161
4 46
4 56
4 171
4 65
4 184
4 149
4 173
4 192
4 199
4 8
4 146
4 163
4 196
4 139
4 200
4 153
4 203
4 156
4 154
4 28
4 206
4 23
4 31
4 214
4 72
4 142
4 14
4 144
4 75
4 2
4 195
4 119
4 74
4 152
4 95
4 126
4 81
4 34
4 94
4 42
4 64
4 24
4 138
4 151
4 41
4 98
4 37
4 54
4 118
4 143
4 0
4 213
4 194
4 6
4 5
4 218
4 48
4 193
4 33
4 36
4 159
4 207
4 93
4 57
4 132
4 120
4 135
4 111
4 185
4 197
4 76
4 165
4 148
4 145
4 16
4 164
4 9
4 96
4 40
4 17
4 53
4 123
4 78
4 168
4 44
10 112
10 46
10 171
10 69
10 176
10 21
10 12
10 184
10 150
10 192
10 8
10 68
10 163
10 170
10 139
10 200
10 179
10 117
10 167
10 109
10 203
10 154
10 206
10 219
10 23
10 26
10 214
10 134
10 142
10 14
10 144
10 75
10 19
10 115
10 2
10 140
10 119
10 74
10 152
10 81
10 34
10 94
10 217
10 122
10 178
10 131
10 24
10 189
10 138
10 41
10 106
10 98
10 87
10 54
10 118
10 0
10 209
10 213
10 201
10 194
10 6
10 5
10 158
10 177
10 147
10 48
10 52
10 124
10 33
10 186
10 198
10 207
10 93
10 160
10 120
10 133
10 135
10 103
10 111
10 63
10 185
10 76
10 38
10 79
10 16
10 164
10 136
10 96
10 17
10 166
10 123
10 88
30 15
30 113
30 18
30 46
30 56
30 171
30 69
30 176
30 12
30 65
30 150
30 20
30 68
30 163
30 110
30 139
30 179
30 117
30 167
30 109
30 203
30 154
30 206
30 219
30 137
30 31
30 101
30 134
30 72
30 142
30 14
30 144
30 19
30 115
30 119
30 74
30 95
30 126
30 1
30 34
30 94
30 122
30 61
30 178
30 131
30 24
30 189
30 151
30 98
30 54
30 0
30 201
30 6
30 5
30 80
30 218
30 158
30 121
30 85
30 204
30 193
30 99
30 124
30 33
30 77
30 159
30 186
30 93
30 57
30 84
30 160
30 135
30 103
30 111
30 185
30 197
30 165
30 70
30 55
30 79
30 182
30 216
30 9
30 96
30 40
30 43
30 17
30 53
30 123
30 44
15 128
15 112
15 113
15 161
15 18
15 46
15 69
15 21
15 107
15 149
15 173
15 192
15 8
15 68
15 163
15 170
15 196
15 200
15 179
15 117
15 167
15 153
15 109
15 203
15 219
15 137
15 31
15 26
15 47
15 134
15 142
15 14
15 144
15 191
15 75
15 115
15 119
15 152
15 1
15 34
15 178
15 131
15 64
15 24
15 189
15 138
15 151
15 98
15 54
15 118
15 201
15 194
15 6
15 162
15 80
15 218
15 158
15 177
15 85
15 147
15 204
15 193
15 52
15 124
15 77
15 159
15 186
15 198
15 114
15 93
15 57
15 84
15 132
15 160
15 133
15 135
15 103
15 111
15 197
15 76
15 165
15 55
15 148
15 38
15 145
15 16
15 182
15 216
15 9
15 96
15 43
15 166
15 123
128 161
128 56
128 171
128 69
128 21
128 107
128 65
128 184
128 149
128 60
128 192
128 199
128 68
128 163
128 110
128 117
128 167
128 203
128 156
128 154
128 206
128 219
128 137
128 142
128 144
128 191
128 19
128 2
128 140
128 119
128 152
128 95
128 126
128 81
128 34
128 42
128 217
128 61
128 178
128 131
128 66
128 24
128 151
128 106
128 37
128 87
128 54
128 143
128 0
128 209
128 6
128 162
128 5
128 80
128 158
128 121
128 85
128 147
128 193
128 99
128 52
128 124
128 77
128 159
128 198
128 57
128 132
128 160
128 120
128 135
128 103
128 90
128 63
128 185
128 197
128 70
128 148
128 38
128 16
128 43
128 78
128 88
128 44
112 18
112 46
112 56
112 171
112 21
112 107
112 184
112 149
112 150
112 20
112 173
112 60
112 192
112 199
112 163
112 110
112 196
112 179
112 117
112 109
112 206
112 219
112 137
112 23
112 31
112 101
112 214
112 72
112 142
112 14
112 144
112 75
112 19
112 2
112 195
112 74
112 152
112 81
112 1
112 94
112 42
112 217
112 122
112 131
112 66
112 24
112 189
112 138
112 41
112 106
112 174
112 118
112 0
112 209
112 213
112 201
112 162
112 80
112 218
112 121
112 85
112 147
112 159
112 198
112 93
112 84
112 132
112 160
112 135
112 103
112 90
112 197
112 76
112 165
112 70
112 148
112 145
112 79
112 164
112 17
112 53
112 78
112 168
112 88
113 141
113 161
113 18
113 46
113 56
113 107
113 184
113 149
113 20
113 173
113 60
113 199
113 68
113 146
113 163
113 170
113 110
113 200
113 179
113 153
113 109
113 203
113 156
113 154
113 28
113 206
113 219
113 137
113 23
113 31
113 26
113 47
113 134
113 144
113 191
113 19
113 115
113 2
113 140
113 119
113 152
113 95
113 126
113 122
113 61
113 131
113 66
113 24
113 37
113 87
113 54
113 174
113 201
113 194
113 6
113 162
113 80
113 177
113 85
113 204
113 124
113 33
113 77
113 36
113 159
113 207
113 57
113 155
113 120
113 135
113 103
113 111
113 76
113 70
113 38
113 16
113 182
113 216
113 96
113 40
113 17
113 215
113 123
113 78
113 88
113 44
141 161
141 46
141 69
141 21
141 107
141 65
141 184
141 150
141 20
141 173
141 60
141 199
141 68
141 146
141 110
141 179
141 117
141 167
141 153
141 109
141 203
141 154
141 28
141 23
141 31
141 101
141 26
141 47
141 214
141 134
141 72
141 142
141 19
141 115
141 2
141 195
141 140
141 119
141 126
141 81
141 1
141 34
141 42
141 217
141 122
141 61
141 66
141 64
141 189
141 138
141 106
141 87
141 174
141 201
141 194
141 162
141 5
141 218
141 158
141 147
141 48
141 204
141 193
141 99
141 124
141 159
141 186
141 207
141 57
141 155
141 160
141 135
141 103
141 90
141 111
141 63
141 197
141 76
141 165
141 70
141 38
141 182
141 216
141 136
141 43
141 17
141 78
141 44
161 18
161 56
161 12
161 65
161 184
161 149
161 150
161 173
161 192
161 199
161 146
161 170
161 110
161 196
161 139
161 117
161 109
161 203
161 154
161 206
161 23
161 47
161 214
161 142
161 144
161 115
161 119
161 74
161 152
161 95
161 126
161 81
161 1
161 34
161 217
161 122
161 131
161 64
161 24
161 189
161 138
161 151
161 41
161 106
161 87
161 54
161 143
161 0
161 209
161 213
161 6
161 162
161 218
161 158
161 177
161 121
161 147
161 99
161 124
161 159
161 186
161 198
161 114
161 93
161 84
161 155
161 160
161 135
161 103
161 90
161 63
161 76
161 165
161 148
161 38
161 145
161 79
161 16
161 164
161 182
161 216
161 9
161 136
161 96
161 40
161 17
161 166
161 215
161 53
161 168
18 56
18 171
18 107
18 65
18 184
18 149
18 20
18 173
18 199
18 68
18 146
18 163
18 139
18 153
18 109
18 156
18 28
18 206
18 219
18 137
18 23
18 31
18 26
18 214
18 134
18 72
18 142
18 14
18 144
18 191
18 75
18 19
18 140
18 34
18 217
18 178
18 66
18 64
18 24
18 189
18 138
18 151
18 41
18 98
18 37
18 54
18 174
18 118
18 0
18 201
18 6
18 162
18 80
18 121
18 147
18 48
18 204
18 193
18 52
18 77
18 159
18 93
18 84
18 132
18 155
18 160
18 133
18 135
18 103
18 90
18 63
18 185
18 76
18 148
18 16
18 164
18 216
18 9
18 40
18 43
18 17
18 166
18 215
18 53
18 123
18 168
18 44
46 56
46 171
46 69
46 107
46 184
46 149
46 150
46 20
46 173
46 60
46 8
46 68
46 146
46 170
46 110
46 196
46 139
46 200
46 179
46 117
46 109
46 156
46 154
46 206
46 137
46 23
46 101
46 214
46 134
46 142
46 14
46 115
46 2
46 195
46 140
46 119
46 74
46 152
46 95
46 81
46 1
46 34
46 94
46 217
46 61
46 64
46 138
46 151
46 41
46 106
46 98
46 37
46 87
46 174
46 118
46 143
46 0
46 209
46 213
46 201
46 6
46 162
46 5
46 177
46 121
46 204
46 52
46 124
46 77
46 198
46 207
46 57
46 132
46 120
46 133
46 135
46 103
46 111
46 197
46 76
46 165
46 70
46 55
46 148
46 38
46 145
46 16
46 164
46 182
46 216
46 96
46 17
46 53
46 78
46 168
46 88
56 171
56 69
56 176
56 21
56 12
56 65
56 184
56 149
56 150
56 20
56 173
56 60
56 192
56 8
56 68
56 146
56 163
56 170
56 196
56 139
56 200
56 179
56 167
56 153
56 109
56 156
56 28
56 206
56 137
56 23
56 31
56 101
56 214
56 72
56 142
56 14
56 144
56 75
56 19
56 2
56 74
56 95
56 126
56 81
56 1
56 34
56 94
56 122
56 178
56 189
56 138
56 106
56 98
56 87
56 174
56 143
56 194
56 6
56 162
56 5
56 80
56 218
56 158
56 121
56 147
56 48
56 99
56 124
56 77
56 36
56 186
56 198
56 207
56 114
56 84
56 132
56 155
56 120
56 133
56 111
56 197
56 76
56 165
56 148
56 145
56 16
56 182
56 216
56 9
56 17
56 215
56 53
56 78
56 88
56 44
171 69
171 176
171 21
171 107
171 12
171 184
171 149
171 150
171 20
171 173
171 60
171 192
171 8
171 146
171 170
171 196
171 200
171 167
171 109
171 203
171 28
171 206
171 219
171 23
171 101
171 26
171 47
171 214
171 72
171 142
171 14
171 144
171 191
171 115
171 195
171 152
171 95
171 126
171 1
171 34
171 94
171 42
171 217
171 122
171 61
171 131
171 24
171 189
171 138
171 41
171 98
171 37
171 87
171 54
171 174
171 209
171 213
171 201
171 194
171 6
171 5
171 80
171 218
171 158
171 177
171 85
171 99
171 77
171 36
171 159
171 207
171 114
171 84
171 132
171 160
171 120
171 133
171 135
171 90
171 111
171 197
171 76
171 165
171 70
171 55
171 148
171 38
171 145
171 79
171 182
171 136
171 96
171 17
171 166
171 123
171 78
171 168
171 88
171 44
69 176
69 21
69 107
69 12
69 184
69 149
69 150
69 20
69 173
69 60
69 68
69 146
69 170
69 110
69 196
69 139
69 200
69 167
69 109
69 203
69 28
69 206
69 23
69 31
69 47
69 72
69 14
69 144
69 191
69 75
69 119
69 152
69 95
69 1
69 34
69 217
69 122
69 61
69 178
69 131
69 66
69 24
69 138
69 151
69 41
69 37
69 54
69 174
69 0
69 209
69 194
69 6
69 162
69 158
69 177
69 147
69 48
69 52
69 124
69 159
69 186
69 198
69 207
69 114
69 57
69 155
69 160
69 133
69 103
69 111
69 63
69 185
69 197
69 70
69 38
69 145
69 79
69 16
69 164
69 9
69 136
69 96
69 40
69 17
69 166
69 53
69 123
69 78
69 88
176 107
176 12
176 184
176 150
176 20
176 173
176 192
176 8
176 146
176 163
176 170
176 110
176 139
176 117
176 203
176 156
176 154
176 28
176 219
176 137
176 23
176 26
176 47
176 134
176 72
176 144
176 191
176 19
176 115
176 2
176 195
176 95
176 81
176 34
176 94
176 42
176 217
176 122
176 131
176 189
176 138
176 151
176 41
176 98
176 37
176 54
176 174
176 118
176 143
176 209
176 194
176 6
176 162
176 218
176 158
176 85
176 48
176 193
176 99
176 52
176 33
176 77
176 36
176 159
176 198
176 207
176 57
176 132
176 120
176 133
176 103
176 111
176 63
176 185
176 197
176 165
176 70
176 145
176 9
176 96
176 40
176 43
176 166
176 123
176 78
176 168
176 44
21 107
21 184
21 149
21 60
21 192
21 170
21 196
21 139
21 117
21 167
21 153
21 109
21 203
21 156
21 137
21 23
21 31
21 101
21 26
21 47
21 214
21 72
21 142
21 144
21 75
21 19
21 115
21 74
21 152
21 95
21 81
21 1
21 34
21 217
21 61
21 178
21 131
21 66
21 64
21 151
21 98
21 37
21 87
21 174
21 118
21 143
21 201
21 194
21 6
21 162
21 5
21 158
21 85
21 204
21 193
21 52
21 124
21 33
21 159
21 186
21 114
21 93
21 57
21 84
21 155
21 160
21 120
21 133
21 90
21 111
21 63
21 76
21 165
21 70
21 55
21 148
21 38
21 145
21 16
21 182
21 9
21 136
21 96
21 40
21 43
21 17
21 166
21 215
21 53
21 123
21 78
21 88
21 44
107 12
107 149
107 150
107 20
107 173
107 192
107 199
107 68
107 146
107 163
107 170
107 110
107 139
107 200
107 179
107 203
107 206
107 219
107 137
107 23
107 101
107 214
107 134
107 72
107 14
107 144
107 191
107 75
107 195
107 140
107 119
107 152
107 95
107 126
107 94
107 42
107 217
107 61
107 178
107 131
107 66
107 64
107 24
107 189
107 106
107 98
107 37
107 54
107 118
107 0
107 209
107 213
107 201
107 6
107 162
107 218
107 177
107 121
107 147
107 48
107 193
107 52
107 124
107 33
107 77
107 159
107 186
107 207
107 114
107 93
107 132
107 155
107 160
107 120
107 90
107 63
107 197
107 165
107 55
107 148
107 182
107 9
107 136
107 215
107 78
107 88
107 44
12 65
12 149
12 173
12 192
12 199
12 8
12 68
12 170
12 110
12 139
12 200
12 179
12 167
12 153
12 203
12 154
12 206
12 219
12 26
12 214
12 142
12 14
12 75
12 115
12 2
12 74
12 152
12 95
12 126
12 81
12 1
12 34
12 94
12 42
12 122
12 131
12 66
12 64
12 24
12 189
12 98
12 87
12 54
12 118
12 0
12 209
12 213
12 194
12 6
12 80
12 177
12 85
12 48
12 204
12 52
12 77
12 36
12 93
12 57
12 84
12 132
12 160
12 120
12 133
12 103
12 90
12 111
12 63
12 76
12 165
12 55
12 148
12 38
12 79
12 16
12 164
12 182
12 136
12 96
12 40
12 43
12 17
12 166
12 215
12 78
12 168
12 88
12 44
65 184
65 150
65 20
65 173
65 60
65 192
65 8
65 68
65 163
65 110
65 139
65 200
65 179
65 117
65 167
65 203
65 28
65 206
65 137
65 26
65 214
65 72
65 142
65 14
65 144
65 191
65 19
65 2
65 195
65 140
65 119
65 74
65 95
65 126
65 81
65 1
65 34
65 94
65 217
65 61
65 178
65 131
65 66
65 64
65 24
65 189
65 138
65 151
65 106
65 98
65 54
65 118
65 143
65 213
65 201
65 194
65 162
65 80
65 158
65 177
65 121
65 85
65 147
65 48
65 99
65 52
65 124
65 33
65 77
65 36
65 198
65 93
65 57
65 84
65 155
65 160
65 120
65 133
65 135
65 103
65 90
65 111
65 63
65 185
65 197
65 76
65 165
65 55
65 148
65 38
65 79
65 164
65 216
65 136
65 40
65 17
65 166
65 215
65 53
65 123
65 168
65 44
184 150
184 173
184 60
184 192
184 199
184 8
184 170
184 196
184 139
184 200
184 117
184 109
184 28
184 206
184 219
184 137
184 23
184 101
184 26
184 47
184 134
184 142
184 144
184 19
184 115
184 2
184 195
184 140
184 119
184 74
184 95
184 81
184 34
184 42
184 24
184 41
184 98
184 37
184 87
184 118
184 143
184 209
184 213
184 201
184 194
184 6
184 162
184 5
184 80
184 158
184 177
184 85
184 147
184 193
184 99
184 52
184 124
184 159
184 186
184 198
184 93
184 84
184 155
184 120
184 135
184 103
184 111
184 63
184 185
184 76
184 70
184 55
184 38
184 145
184 79
184 16
184 9
184 136
184 40
184 43
184 166
184 215
184 53
184 78
184 168
184 88
184 44
149 60
149 192
149 8
149 68
149 146
149 163
149 170
149 139
149 200
149 167
149 153
149 203
149 156
149 206
149 137
149 101
149 134
149 72
149 142
149 191
149 75
149 115
149 2
149 195
149 140
149 74
149 152
149 126
149 81
149 42
149 217
149 122
149 61
149 131
149 66
149 64
149 189
149 151
149 41
149 106
149 174
149 118
149 143
149 0
149 209
149 213
149 194
149 6
149 5
149 158
149 85
149 147
149 48
149 204
149 193
149 99
149 77
149 36
149 159
149 186
149 198
149 114
149 93
149 57
149 84
149 155
149 160
149 120
149 133
149 135
149 103
149 90
149 197
149 76
149 165
149 70
149 55
149 38
149 145
149 16
149 182
149 9
149 43
149 17
149 215
149 53
149 123
149 88
149 44
150 173
150 60
150 199
150 68
150 146
150 163
150 110
150 196
150 139
150 179
150 117
150 109
150 203
150 156
150 154
150 28
150 137
150 101
150 72
150 14
150 144
150 191
150 19
150 115
150 2
150 195
150 119
150 74
150 152
150 1
150 34
150 217
150 178
150 66
150 24
150 189
150 138
150 41
150 37
150 174
150 118
150 143
150 209
150 213
150 6
150 158
150 121
150 85
150 147
150 193
150 99
150 124
150 33
150 77
150 36
150 93
150 57
150 155
150 120
150 133
150 135
150 103
150 111
150 63
150 165
150 70
150 55
150 79
150 16
150 164
150 182
150 216
150 9
150 136
150 96
150 17
150 166
150 168
150 88
150 44
20 173
20 60
20 192
20 68
20 146
20 163
20 170
20 110
20 200
20 179
20 117
20 167
20 153
20 203
20 154
20 206
20 219
20 137
20 23
20 31
20 101
20 72
20 142
20 14
20 75
20 19
20 115
20 2
20 74
20 152
20 95
20 126
20 1
20 34
20 94
20 42
20 217
20 178
20 64
20 24
20 189
20 138
20 151
20 41
20 98
20 37
20 87
20 118
20 213
20 201
20 194
20 6
20 80
20 218
20 85
20 204
20 193
20 99
20 52
20 33
20 77
20 36
20 159
20 186
20 198
20 114
20 93
20 57
20 84
20 120
20 133
20 111
20 63
20 197
20 165
20 55
20 148
20 79
20 216
20 136
20 96
20 43
20 17
20 53
20 78
20 168
20 88
20 44
173 192
173 8
173 68
173 146
173 163
173 170
173 139
173 179
173 117
173 156
173 154
173 206
173 219
173 214
173 72
173 142
173 191
173 75
173 19
173 115
173 195
173 140
173 74
173 152
173 95
173 126
173 1
173 94
173 217
173 122
173 61
173 66
173 64
173 24
173 151
173 41
173 98
173 37
173 54
173 174
173 118
173 143
173 0
173 209
173 213
173 201
173 162
173 5
173 218
173 177
173 121
173 147
173 48
173 204
173 99
173 52
173 33
173 36
173 159
173 186
173 198
173 207
173 114
173 93
173 84
173 132
173 155
173 111
173 185
173 197
173 76
173 165
173 70
173 55
173 79
173 16
173 164
173 182
173 9
173 136
173 40
173 166
173 78
173 168
173 88
60 199
60 8
60 68
60 146
60 170
60 110
60 196
60 139
60 200
60 117
60 167
60 153
60 156
60 28
60 219
60 31
60 101
60 47
60 134
60 191
60 75
60 19
60 115
60 2
60 195
60 140
60 119
60 1
60 34
60 42
60 217
60 178
60 131
60 189
60 41
60 106
60 98
60 37
60 54
60 174
60 118
60 143
60 0
60 201
60 194
60 6
60 5
60 80
60 158
60 177
60 85
60 147
60 204
60 77
60 198
60 207
60 114
60 93
60 57
60 132
60 155
60 160
60 120
60 133
60 103
60 90
60 111
60 63
60 185
60 76
60 165
60 70
60 148
60 38
60 79
60 164
60 216
60 136
60 40
60 17
60 166
60 215
60 53
60 123
192 199
192 146
192 163
192 170
192 110
192 196
192 200
192 179
192 117
192 167
192 203
192 28
192 206
192 219
192 23
192 26
192 214
192 14
192 144
192 191
192 19
192 115
192 140
192 119
192 74
192 152
192 126
192 81
192 1
192 34
192 94
192 42
192 122
192 61
192 178
192 131
192 66
192 24
192 189
192 151
192 106
192 98
192 37
192 54
192 174
192 143
192 194
192 6
192 162
192 80
192 218
192 158
192 177
192 85
192 48
192 204
192 99
192 52
192 124
192 33
192 159
192 198
192 114
192 57
192 155
192 160
192 120
192 103
192 63
192 185
192 197
192 165
192 70
192 79
192 164
192 182
192 136
192 96
192 166
192 123
192 168
192 88
192 44
199 8
199 68
199 163
199 139
199 153
199 109
199 28
199 206
199 101
199 214
199 134
199 72
199 142
199 14
199 144
199 75
199 19
199 195
199 152
199 126
199 81
199 1
199 94
199 42
199 217
199 122
199 61
199 66
199 64
199 138
199 106
199 98
199 87
199 0
199 213
199 201
199 194
199 6
199 162
199 5
199 218
199 177
199 121
199 48
199 204
199 193
199 99
199 33
199 36
199 159
199 186
199 198
199 207
199 84
199 132
199 155
199 160
199 133
199 103
199 90
199 111
199 63
199 185
199 197
199 76
199 165
199 55
199 79
199 16
199 164
199 182
199 216
199 136
199 96
199 40
199 43
199 17
199 215
199 78
199 168
199 88
8 68
8 146
8 163
8 110
8 196
8 139
8 167
8 153
8 109
8 154
8 206
8 219
8 23
8 47
8 134
8 72
8 142
8 191
8 115
8 140
8 119
8 152
8 95
8 126
8 94
8 42
8 217
8 122
8 131
8 64
8 151
8 41
8 174
8 118
8 0
8 209
8 5
8 218
8 177
8 85
8 147
8 204
8 124
8 33
8 77
8 159
8 198
8 114
8 57
8 155
8 160
8 120
8 133
8 135
8 111
8 63
8 55
8 148
8 38
8 79
8 164
8 96
8 40
8 43
8 17
8 166
8 53
8 78
8 168
8 88
68 146
68 170
68 110
68 139
68 167
68 109
68 203
68 156
68 154
68 206
68 31
68 47
68 214
68 134
68 72
68 14
68 144
68 191
68 75
68 195
68 74
68 152
68 95
68 126
68 81
68 34
68 42
68 217
68 122
68 61
68 178
68 24
68 106
68 98
68 37
68 54
68 118
68 0
68 209
68 213
68 194
68 5
68 80
68 218
68 158
68 48
68 99
68 124
68 77
68 36
68 159
68 186
68 198
68 207
68 93
68 57
68 84
68 132
68 160
68 120
68 135
68 103
68 90
68 63
68 185
68 197
68 165
68 55
68 148
68 38
68 145
68 16
68 182
68 216
68 136
68 40
68 43
68 17
68 166
68 123
68 44
146 170
146 110
146 139
146 179
146 167
146 153
146 154
146 206
146 219
146 23
146 31
146 101
146 26
146 214
146 134
146 72
146 14
146 115
146 2
146 195
146 140
146 152
146 95
146 81
146 1
146 42
146 122
146 61
146 178
146 131
146 66
146 64
146 24
146 138
146 151
146 41
146 106
146 98
146 37
146 54
146 209
146 213
146 201
146 194
146 6
146 162
146 5
146 80
146 218
146 121
146 85
146 48
146 204
146 52
146 124
146 36
146 159
146 186
146 198
146 93
146 57
146 84
146 132
146 155
146 135
146 103
146 90
146 111
146 63
146 76
146 55
146 148
146 38
146 145
146 79
146 164
146 182
146 216
146 9
146 96
146 43
146 17
146 166
146 53
146 123
146 168
146 88
146 44
163 200
163 179
163 117
163 153
163 203
163 28
163 206
163 219
163 137
163 31
163 26
163 47
163 134
163 142
163 75
163 19
163 115
163 2
163 195
163 95
163 1
163 34
163 217
163 122
163 178
163 66
163 24
163 138
163 151
163 41
163 106
163 98
163 37
163 87
163 54
163 174
163 118
163 143
163 213
163 201
163 194
163 5
163 80
163 218
163 121
163 85
163 48
163 193
163 52
163 124
163 33
163 77
163 186
163 114
163 57
163 155
163 103
163 90
163 111
163 63
163 185
163 70
163 55
163 38
163 79
163 16
163 164
163 216
163 9
163 40
163 43
163 17
163 215
163 78
163 168
163 44
170 110
170 196
170 139
170 200
170 179
170 167
170 153
170 109
170 203
170 156
170 154
170 28
170 206
170 137
170 23
170 31
170 101
170 26
170 47
170 134
170 14
170 144
170 2
170 195
170 140
170 152
170 95
170 126
170 42
170 217
170 122
170 61
170 131
170 66
170 64
170 24
170 151
170 37
170 87
170 118
170 213
170 201
170 194
170 6
170 162
170 218
170 158
170 121
170 147
170 48
170 52
170 77
170 186
170 207
170 93
170 132
170 120
170 135
170 185
170 197
170 76
170 165
170 148
170 38
170 145
170 79
170 16
170 164
170 136
170 96
170 40
170 53
170 123
170 78
170 168
170 88
170 44
110 196
110 179
110 167
110 109
110 203
110 154
110 28
110 206
110 219
110 137
110 23
110 101
110 47
110 214
110 134
110 142
110 14
110 144
110 75
110 19
110 2
110 195
110 140
110 74
110 152
110 95
110 126
110 81
110 34
110 94
110 42
110 217
110 122
110 131
110 66
110 64
110 24
110 189
110 151
110 106
110 98
110 37
110 87
110 118
110 143
110 209
110 213
110 6
110 162
110 80
110 218
110 121
110 147
110 48
110 204
110 99
110 124
110 33
110 186
110 114
110 93
110 84
110 132
110 155
110 160
110 120
110 133
110 103
110 90
110 63
110 197
110 76
110 165
110 70
110 148
110 79
110 164
110 182
110 136
110 17
110 215
110 78
110 88
110 44
196 117
196 153
196 109
196 203
196 156
196 206
196 219
196 31
196 26
196 47
196 72
196 14
196 75
196 19
196 115
196 2
196 74
196 152
196 95
196 126
196 94
196 42
196 122
196 61
196 131
196 66
196 64
196 24
196 138
196 151
196 41
196 106
196 87
196 54
196 174
196 143
196 0
196 209
196 213
196 6
196 5
196 80
196 218
196 158
196 177
196 48
196 204
196 193
196 124
196 36
196 159
196 198
196 207
196 114
196 132
196 155
196 160
196 133
196 135
196 103
196 90
196 63
196 185
196 197
196 76
196 165
196 55
196 148
196 38
196 145
196 16
196 164
196 182
196 216
196 9
196 136
196 40
196 43
196 166
196 215
196 53
196 123
196 78
196 88
196 44
139 200
139 179
139 117
139 167
139 153
139 109
139 156
139 154
139 206
139 137
139 26
139 214
139 72
139 142
139 191
139 19
139 115
139 195
139 140
139 74
139 152
139 95
139 81
139 94
139 42
139 122
139 178
139 66
139 64
139 138
139 151
139 41
139 106
139 37
139 87
139 54
139 118
139 0
139 209
139 201
139 194
139 162
139 80
139 218
139 48
139 99
139 52
139 124
139 33
139 77
139 36
139 159
139 198
139 207
139 114
139 93
139 84
139 132
139 160
139 120
139 135
139 103
139 90
139 63
139 185
139 197
139 165
139 70
139 148
139 38
139 145
139 79
139 16
139 182
139 216
139 136
139 96
139 40
139 43
139 166
139 123
139 78
139 168
200 179
200 117
200 167
200 153
200 109
200 203
200 156
200 154
200 219
200 26
200 214
200 72
200 14
200 191
200 19
200 115
200 2
200 195
200 140
200 119
200 74
200 152
200 95
200 126
200 1
200 94
200 42
200 131
200 66
200 24
200 189
200 138
200 151
200 98
200 174
200 118
200 143
200 209
200 194
200 6
200 162
200 5
200 218
200 158
200 85
200 48
200 204
200 193
200 52
200 33
200 77
200 36
200 186
200 114
200 57
200 84
200 132
200 133
200 135
200 90
200 185
200 165
200 148
200 38
200 145
200 16
200 164
200 182
200 216
200 9
200 136
200 96
200 166
200 53
200 123
200 78
200 168
200 88
200 44
179 117
179 167
179 109
179 203
179 154
179 28
179 206
179 219
179 137
179 23
179 101
179 26
179 134
179 142
179 14
179 191
179 75
179 115
179 2
179 195
179 140
179 119
179 74
179 81
179 1
179 34
179 94
179 131
179 66
179 64
179 189
179 138
179 151
179 54
179 143
179 0
179 209
179 194
179 5
179 80
179 158
179 121
179 85
179 204
179 52
179 33
179 77
179 36
179 186
179 207
179 114
179 93
179 57
179 84
179 155
179 160
179 120
179 133
179 135
179 103
179 90
179 63
179 185
179 197
179 76
179 165
179 55
179 79
179 164
179 182
179 216
179 136
179 43
179 166
179 215
179 53
179 123
179 168
179 88
117 153
117 154
117 28
117 31
117 101
117 47
117 134
117 72
117 142
117 14
117 144
117 191
117 75
117 19
117 115
117 2
117 195
117 140
117 119
117 95
117 81
117 34
117 94
117 42
117 217
117 122
117 61
117 131
117 66
117 24
117 138
117 151
117 41
117 106
117 54
117 174
117 118
117 209
117 213
117 6
117 5
117 177
117 147
117 204
117 193
117 99
117 52
117 33
117 186
117 198
117 207
117 114
117 93
117 57
117 84
117 160
117 120
117 133
117 111
117 185
117 165
117 55
117 38
117 164
117 216
117 136
117 96
117 43
117 17
117 123
117 168
117 88
117 44
167 109
167 156
167 137
167 23
167 31
167 101
167 47
167 214
167 72
167 142
167 14
167 75
167 19
167 119
167 74
167 95
167 1
167 34
167 94
167 42
167 61
167 178
167 66
167 64
167 24
167 138
167 41
167 106
167 98
167 37
167 87
167 54
167 174
167 143
167 213
167 201
167 194
167 6
167 162
167 5
167 218
167 121
167 85
167 193
167 52
167 124
167 36
167 207
167 93
167 57
167 84
167 155
167 103
167 90
167 111
167 63
167 185
167 76
167 165
167 70
167 55
167 148
167 79
167 16
167 182
167 216
167 9
167 136
167 96
167 166
167 215
167 123
167 78
167 88
167 44
153 156
153 28
153 137
153 23
153 101
153 47
153 72
153 14
153 144
153 191
153 75
153 19
153 115
153 2
153 195
153 74
153 152
153 126
153 81
153 1
153 94
153 42
153 217
153 122
153 178
153 131
153 66
153 24
153 189
153 151
153 106
153 37
153 54
153 174
153 118
153 143
153 0
153 213
153 162
153 5
153 218
153 158
153 121
153 147
153 48
153 52
153 124
153 33
153 77
153 159
153 186
153 198
153 207
153 57
153 84
153 160
153 120
153 135
153 90
153 111
153 185
153 197
153 70
153 16
153 164
153 136
153 40
153 166
153 215
153 53
153 168
153 88
153 44
109 203
109 154
109 206
109 31
109 26
109 47
109 214
109 134
109 72
109 142
109 144
109 115
109 2
109 195
109 119
109 74
109 152
109 126
109 1
109 34
109 42
109 122
109 61
109 131
109 24
109 189
109 41
109 98
109 37
109 87
109 118
109 143
109 213
109 201
109 194
109 6
109 162
109 5
109 80
109 158
109 177
109 121
109 147
109 48
109 204
109 193
109 99
109 124
109 33
109 77
109 159
109 207
109 114
109 93
109 84
109 155
109 135
109 90
109 111
109 63
109 197
109 76
109 165
109 70
109 148
109 79
109 16
109 164
109 182
109 136
109 40
109 43
109 17
109 166
109 53
109 168
109 88
109 44
203 154
203 28
203 206
203 137
203 23
203 31
203 26
203 47
203 214
203 134
203 72
203 142
203 115
203 2
203 140
203 74
203 152
203 95
203 126
203 1
203 34
203 217
203 122
203 178
203 131
203 189
203 151
203 106
203 98
203 37
203 54
203 174
203 118
203 0
203 209
203 201
203 5
203 85
203 147
203 204
203 193
203 52
203 124
203 33
203 77
203 57
203 84
203 132
203 155
203 160
203 120
203 133
203 135
203 103
203 90
203 63
203 165
203 70
203 148
203 145
203 79
203 182
203 40
203 166
203 53
203 123
203 168
203 88
156 154
156 206
156 219
156 31
156 101
156 47
156 134
156 75
156 19
156 115
156 2
156 195
156 140
156 119
156 95
156 81
156 1
156 34
156 94
156 42
156 217
156 61
156 178
156 131
156 66
156 138
156 151
156 41
156 98
156 37
156 87
156 54
156 174
156 118
156 0
156 213
156 201
156 194
156 6
156 162
156 5
156 80
156 218
156 158
156 177
156 121
156 48
156 99
156 52
156 124
156 77
156 36
156 159
156 186
156 207
156 114
156 93
156 57
156 155
156 160
156 120
156 133
156 103
156 111
156 63
156 76
156 165
156 70
156 55
156 148
156 79
156 16
156 164
156 182
156 9
156 96
156 53
156 123
156 78
154 206
154 219
154 101
154 47
154 214
154 72
154 142
154 14
154 144
154 75
154 19
154 115
154 119
154 152
154 95
154 126
154 1
154 34
154 122
154 61
154 178
154 131
154 64
154 189
154 138
154 41
154 106
154 98
154 37
154 87
154 54
154 174
154 118
154 0
154 209
154 213
154 194
154 162
154 5
154 218
154 158
154 177
154 121
154 147
154 48
154 193
154 99
154 52
154 33
154 77
154 36
154 198
154 57
154 84
154 155
154 160
154 133
154 103
154 111
154 63
154 76
154 70
154 55
154 148
154 38
154 145
154 79
154 16
154 164
154 182
154 216
154 136
154 96
154 40
154 43
154 17
154 166
154 215
154 53
154 123
154 168
154 44
28 206
28 219
28 137
28 23
28 31
28 101
28 72
28 191
28 75
28 19
28 115
28 2
28 140
28 74
28 152
28 95
28 126
28 81
28 34
28 94
28 61
28 178
28 66
28 64
28 24
28 138
28 151
28 41
28 106
28 98
28 54
28 118
28 0
28 213
28 201
28 162
28 177
28 121
28 147
28 48
28 204
28 33
28 159
28 198
28 114
28 93
28 57
28 160
28 133
28 135
28 103
28 90
28 63
28 197
28 55
28 148
28 38
28 79
28 16
28 182
28 216
28 136
28 166
28 78
28 168
28 88
28 44
206 219
206 137
206 31
206 26
206 72
206 142
206 191
206 75
206 115
206 2
206 195
206 119
206 126
206 34
206 94
206 217
206 178
206 131
206 66
206 64
206 24
206 138
206 41
206 37
206 87
206 54
206 143
206 0
206 201
206 6
206 5
206 158
206 85
206 147
206 48
206 193
206 36
206 186
206 198
206 114
206 93
206 84
206 132
206 160
206 133
206 135
206 103
206 111
206 63
206 185
206 197
206 70
206 55
206 38
206 145
206 216
206 136
206 96
206 43
206 17
206 166
206 215
206 123
206 168
206 88
206 44
219 137
219 101
219 26
219 47
219 134
219 14
219 75
219 19
219 115
219 195
219 119
219 152
219 126
219 81
219 1
219 34
219 42
219 217
219 122
219 61
219 178
219 131
219 66
219 64
219 138
219 106
219 98
219 37
219 87
219 174
219 143
219 194
219 6
219 162
219 5
219 80
219 218
219 177
219 147
219 193
219 52
219 124
219 33
219 77
219 36
219 186
219 207
219 114
219 155
219 135
219 63
219 185
219 197
219 165
219 55
219 145
219 16
219 164
219 182
219 96
219 17
219 78
219 88
219 44
137 31
137 101
137 47
137 72
137 142
137 191
137 115
137 2
137 140
137 119
137 74
137 152
137 95
137 81
137 1
137 34
137 94
137 42
137 122
137 61
137 178
137 66
137 64
137 24
137 189
137 138
137 106
137 37
137 87
137 54
137 174
137 118
137 209
137 213
137 201
137 194
137 162
137 5
137 80
137 158
137 177
137 121
137 48
137 193
137 52
137 186
137 198
137 207
137 132
137 120
137 133
137 135
137 103
137 63
137 197
137 76
137 165
137 55
137 148
137 38
137 79
137 182
137 216
137 96
137 40
137 43
137 166
137 215
137 78
137 88
137 44
23 31
23 101
23 47
23 214
23 134
23 72
23 142
23 14
23 191
23 75
23 19
23 115
23 2
23 195
23 119
23 95
23 126
23 81
23 34
23 94
23 42
23 217
23 122
23 61
23 131
23 64
23 24
23 189
23 151
23 41
23 106
23 98
23 37
23 209
23 194
23 162
23 177
23 121
23 85
23 48
23 77
23 36
23 159
23 198
23 207
23 93
23 57
23 133
23 103
23 90
23 185
23 197
23 76
23 165
23 70
23 55
23 148
23 38
23 79
23 164
23 9
23 136
23 43
23 17
23 215
23 53
23 123
23 168
23 44
31 47
31 214
31 72
31 142
31 191
31 75
31 19
31 2
31 195
31 140
31 119
31 74
31 95
31 126
31 81
31 1
31 217
31 122
31 61
31 178
31 66
31 24
31 189
31 151
31 37
31 87
31 54
31 174
31 118
31 0
31 201
31 194
31 162
31 5
31 80
31 218
31 85
31 48
31 204
31 193
31 52
31 77
31 36
31 159
31 198
31 207
31 114
31 57
31 160
31 120
31 111
31 197
31 165
31 55
31 148
31 38
31 16
31 164
31 216
31 9
31 136
31 96
31 40
31 17
31 166
31 215
31 53
31 78
31 88
101 26
101 142
101 75
101 19
101 115
101 2
101 195
101 140
101 119
101 74
101 152
101 95
101 126
101 81
101 1
101 34
101 94
101 42
101 217
101 61
101 24
101 151
101 41
101 106
101 37
101 87
101 174
101 118
101 143
101 209
101 201
101 194
101 6
101 218
101 158
101 177
101 121
101 147
101 48
101 204
101 193
101 52
101 124
101 33
101 77
101 198
101 114
101 84
101 132
101 160
101 120
101 103
101 90
101 63
101 185
101 197
101 55
101 148
101 164
101 216
101 9
101 136
101 96
101 40
101 43
101 17
101 215
101 53
101 123
26 214
26 134
26 72
26 142
26 14
26 144
26 191
26 75
26 2
26 140
26 119
26 74
26 152
26 95
26 126
26 42
26 217
26 122
26 131
26 189
26 138
26 41
26 87
26 174
26 118
26 209
26 201
26 6
26 5
26 80
26 218
26 177
26 85
26 147
26 204
26 193
26 124
26 159
26 198
26 207
26 114
26 93
26 57
26 84
26 132
26 160
26 120
26 133
26 135
26 90
26 63
26 185
26 197
26 55
26 145
26 182
26 216
26 136
26 96
26 43
26 53
26 88
26 44
47 214
47 72
47 14
47 144
47 191
47 75
47 19
47 115
47 140
47 119
47 74
47 152
47 95
47 126
47 81
47 1
47 94
47 217
47 122
47 61
47 131
47 66
47 64
47 24
47 189
47 138
47 151
47 41
47 106
47 98
47 87
47 174
47 118
47 143
47 0
47 213
47 201
47 158
47 177
47 147
47 124
47 159
47 186
47 198
47 114
47 57
47 132
47 160
47 120
47 133
47 135
47 103
47 111
47 63
47 185
47 76
47 70
47 55
47 16
47 182
47 216
47 9
47 136
47 43
47 17
47 166
47 215
47 53
47 123
47 168
47 88
214 134
214 72
214 142
214 144
214 191
214 75
214 115
214 195
214 140
214 119
214 74
214 152
214 126
214 1
214 94
214 42
214 217
214 122
214 131
214 64
214 24
214 189
214 138
214 151
214 41
214 37
214 54
214 174
214 118
214 143
214 209
214 213
214 6
214 5
214 121
214 85
214 48
214 204
214 193
214 124
214 77
214 36
214 159
214 186
214 207
214 57
214 84
214 132
214 160
214 133
214 135
214 103
214 90
214 111
214 63
214 197
214 165
214 70
214 38
214 145
214 16
214 164
214 182
214 216
214 136
214 17
214 53
214 123
214 88
214 44
134 142
134 144
134 191
134 75
134 19
134 2
134 195
134 140
134 119
134 74
134 95
134 126
134 34
134 94
134 42
134 217
134 122
134 61
134 178
134 131
134 66
134 64
134 24
134 138
134 151
134 106
134 98
134 87
134 54
134 118
134 143
134 0
134 213
134 194
134 162
134 80
134 218
134 158
134 177
134 121
134 85
134 48
134 193
134 124
134 159
134 186
134 207
134 114
134 84
134 155
134 160
134 135
134 103
134 185
134 197
134 165
134 70
134 55
134 148
134 38
134 79
134 16
134 182
134 96
134 53
134 168
134 88
72 142
72 191
72 19
72 2
72 195
72 140
72 119
72 74
72 152
72 95
72 81
72 1
72 94
72 122
72 61
72 178
72 131
72 66
72 138
72 41
72 106
72 37
72 174
72 118
72 143
72 201
72 162
72 5
72 218
72 158
72 177
72 85
72 48
72 193
72 52
72 33
72 77
72 36
72 159
72 207
72 93
72 57
72 132
72 120
72 103
72 90
72 111
72 63
72 185
72 197
72 76
72 165
72 70
72 55
72 148
72 145
72 16
72 164
72 216
72 96
72 40
72 43
72 123
72 168
142 14
142 144
142 191
142 19
142 195
142 119
142 74
142 152
142 126
142 81
142 1
142 34
142 217
142 61
142 178
142 66
142 64
142 189
142 138
142 41
142 106
142 37
142 174
142 118
142 143
142 0
142 209
142 213
142 194
142 6
142 162
142 5
142 80
142 158
142 177
142 121
142 85
142 147
142 193
142 124
142 33
142 36
142 159
142 186
142 198
142 207
142 93
142 57
142 84
142 132
142 155
142 160
142 133
142 135
142 103
142 111
142 63
142 185
142 70
142 55
142 148
142 145
142 136
142 96
142 123
142 78
142 88
142 44
14 144
14 191
14 75
14 195
14 119
14 152
14 126
14 1
14 34
14 42
14 122
14 61
14 131
14 66
14 24
14 138
14 151
14 41
14 106
14 98
14 37
14 54
14 174
14 209
14 213
14 201
14 194
14 5
14 158
14 121
14 85
14 147
14 48
14 204
14 193
14 99
14 124
14 33
14 77
14 36
14 186
14 198
14 114
14 57
14 84
14 132
14 120
14 133
14 103
14 111
14 185
14 76
14 165
14 55
14 145
14 16
14 9
14 166
14 53
14 88
14 44
144 19
144 2
144 195
144 140
144 74
144 152
144 95
144 126
144 81
144 1
144 94
144 217
144 131
144 66
144 64
144 151
144 41
144 106
144 98
144 37
144 87
144 174
144 118
144 0
144 209
144 213
144 194
144 162
144 5
144 218
144 158
144 121
144 147
144 48
144 52
144 124
144 33
144 77
144 159
144 198
144 84
144 132
144 155
144 160
144 120
144 90
144 63
144 197
144 165
144 70
144 38
144 145
144 16
144 164
144 182
144 216
144 96
144 40
144 43
144 17
144 215
144 53
144 123
144 88
191 75
191 115
191 2
191 195
191 140
191 119
191 95
191 34
191 178
191 131
191 64
191 138
191 106
191 87
191 54
191 118
191 201
191 6
191 162
191 5
191 158
191 85
191 147
191 99
191 33
191 186
191 198
191 114
191 57
191 155
191 120
191 63
191 185
191 165
191 55
191 148
191 164
191 182
191 216
191 9
191 136
191 40
191 43
191 17
191 215
191 123
191 168
191 88
191 44
75 115
75 195
75 140
75 119
75 74
75 34
75 94
75 217
75 122
75 61
75 131
75 66
75 189
75 151
75 98
75 54
75 143
75 0
75 209
75 213
75 201
75 194
75 162
75 80
75 218
75 158
75 177
75 121
75 147
75 48
75 193
75 99
75 52
75 124
75 186
75 114
75 93
75 57
75 84
75 132
75 133
75 135
75 90
75 63
75 76
75 55
75 148
75 38
75 79
75 164
75 182
75 216
75 9
75 96
75 40
75 17
75 166
75 53
75 123
75 78
75 88
75 44
19 115
19 2
19 140
19 95
19 126
19 81
19 42
19 217
19 122
19 61
19 24
19 138
19 41
19 106
19 98
19 37
19 87
19 54
19 174
19 118
19 213
19 6
19 162
19 5
19 80
19 218
19 158
19 121
19 85
19 48
19 204
19 193
19 99
19 52
19 33
19 36
19 186
19 198
19 207
19 114
19 84
19 132
19 155
19 120
19 133
19 135
19 90
19 63
19 185
19 197
19 70
19 55
19 38
19 145
19 79
19 16
19 164
19 9
19 136
19 96
19 166
19 215
19 53
19 168
19 88
19 44
115 2
115 195
115 140
115 74
115 152
115 95
115 126
115 81
115 94
115 217
115 122
115 61
115 131
115 66
115 189
115 138
115 41
115 106
115 87
115 174
115 118
115 143
115 209
115 213
115 201
115 6
115 218
115 158
115 177
115 121
115 85
115 193
115 99
115 124
115 33
115 186
115 198
115 114
115 57
115 84
115 120
115 135
115 90
115 111
115 63
115 197
115 76
115 165
115 70
115 148
115 38
115 145
115 79
115 16
115 164
115 182
115 216
115 136
115 96
115 40
115 43
115 53
115 123
115 78
115 168
2 95
2 126
2 81
2 1
2 34
2 94
2 42
2 217
2 122
2 61
2 131
2 64
2 189
2 151
2 41
2 106
2 98
2 37
2 87
2 174
2 143
2 209
2 213
2 201
2 194
2 6
2 5
2 80
2 218
2 158
2 177
2 121
2 85
2 147
2 99
2 52
2 124
2 186
2 114
2 57
2 132
2 155
2 120
2 133
2 135
2 103
2 90
2 111
2 185
2 197
2 76
2 55
2 145
2 79
2 16
2 216
2 96
2 40
2 43
2 17
2 166
2 215
2 53
2 123
2 88
195 140
195 119
195 152
195 1
195 34
195 42
195 217
195 178
195 131
195 66
195 189
195 138
195 151
195 41
195 106
195 98
195 87
195 54
195 174
195 118
195 0
195 209
195 213
195 201
195 194
195 6
195 162
195 5
195 158
195 177
195 48
195 99
195 124
195 33
195 36
195 159
195 198
195 207
195 114
195 93
195 132
195 155
195 120
195 135
195 90
195 111
195 185
195 197
195 165
195 70
195 145
195 16
195 182
195 9
195 136
195 96
195 40
195 215
195 123
195 168
195 44
140 74
140 152
140 34
140 94
140 61
140 178
140 131
140 66
140 138
140 41
140 98
140 37
140 87
140 54
140 174
140 143
140 0
140 209
140 213
140 201
140 194
140 6
140 162
140 5
140 121
140 85
140 147
140 48
140 204
140 193
140 99
140 124
140 33
140 159
140 186
140 207
140 93
140 84
140 132
140 155
140 160
140 135
140 103
140 63
140 185
140 197
140 165
140 70
140 148
140 38
140 145
140 164
140 216
140 9
140 136
140 96
140 17
140 215
140 123
140 78
140 168
140 88
119 74
119 152
119 126
119 81
119 34
119 42
119 217
119 122
119 61
119 178
119 131
119 64
119 138
119 41
119 106
119 98
119 54
119 174
119 118
119 143
119 209
119 213
119 194
119 6
119 5
119 218
119 158
119 177
119 121
119 48
119 204
119 193
119 52
119 124
119 33
119 36
119 207
119 114
119 93
119 57
119 84
119 132
119 155
119 160
119 133
119 135
119 103
119 63
119 185
119 76
119 165
119 55
119 148
119 38
119 145
119 216
119 9
119 136
119 96
119 43
119 166
119 215
119 123
119 78
119 168
119 44
74 95
74 81
74 34
74 94
74 42
74 131
74 66
74 64
74 189
74 151
74 98
74 37
74 87
74 54
74 0
74 213
74 194
74 6
74 5
74 80
74 158
74 147
74 52
74 124
74 77
74 36
74 186
74 207
74 114
74 93
74 57
74 84
74 132
74 155
74 160
74 120
74 133
74 135
74 103
74 111
74 76
74 165
74 148
74 79
74 164
74 9
74 136
74 96
74 40
74 215
74 53
74 78
152 95
152 1
152 34
152 94
152 42
152 217
152 61
152 178
152 131
152 66
152 189
152 41
152 106
152 98
152 87
152 54
152 174
152 118
152 0
152 209
152 201
152 162
152 5
152 80
152 158
152 121
152 85
152 147
152 204
152 193
152 99
152 52
152 124
152 33
152 77
152 36
152 159
152 198
152 207
152 114
152 93
152 57
152 84
152 160
152 135
152 103
152 111
152 185
152 197
152 76
152 55
152 38
152 145
152 182
152 216
152 9
152 40
152 215
152 78
152 88
152 44
95 126
95 81
95 1
95 34
95 122
95 61
95 178
95 131
95 66
95 189
95 98
95 118
95 143
95 213
95 201
95 194
95 6
95 162
95 5
95 80
95 177
95 147
95 204
95 193
95 124
95 77
95 36
95 159
95 114
95 93
95 57
95 84
95 103
95 90
95 111
95 63
95 185
95 165
95 55
95 148
95 16
95 164
95 9
95 136
95 96
95 43
95 17
95 78
95 168
95 88
95 44
126 1
126 34
126 94
126 42
126 122
126 66
126 138
126 151
126 41
126 106
126 98
126 174
126 118
126 143
126 194
126 6
126 162
126 5
126 218
126 121
126 85
126 147
126 48
126 193
126 99
126 52
126 33
126 77
126 36
126 159
126 186
126 198
126 207
126 114
126 93
126 160
126 120
126 103
126 90
126 111
126 63
126 165
126 70
126 55
126 38
126 79
126 16
126 164
126 182
126 216
126 9
126 40
126 166
126 215
126 53
126 168
126 88
126 44
81 34
81 42
81 217
81 178
81 66
81 24
81 138
81 41
81 106
81 98
81 54
81 174
81 118
81 143
81 209
81 213
81 201
81 6
81 5
81 80
81 218
81 158
81 177
81 121
81 147
81 193
81 52
81 124
81 33
81 77
81 36
81 186
81 93
81 57
81 132
81 135
81 90
81 63
81 185
81 197
81 76
81 70
81 55
81 148
81 145
81 16
81 164
81 182
81 9
81 136
81 96
81 43
81 17
81 166
81 215
81 53
81 123
81 88
1 34
1 94
1 42
1 217
1 61
1 178
1 131
1 66
1 189
1 138
1 151
1 106
1 118
1 143
1 0
1 209
1 213
1 194
1 6
1 162
1 5
1 80
1 158
1 48
1 99
1 52
1 124
1 77
1 36
1 159
1 186
1 198
1 114
1 93
1 57
1 84
1 155
1 160
1 103
1 90
1 111
1 197
1 76
1 70
1 55
1 38
1 145
1 16
1 164
1 216
1 40
1 166
1 215
1 53
1 123
1 44
34 94
34 42
34 217
34 122
34 131
34 66
34 37
34 143
34 0
34 213
34 6
34 162
34 5
34 80
34 158
34 177
34 121
34 85
34 147
34 48
34 204
34 52
34 36
34 159
34 186
34 198
34 207
34 114
34 132
34 160
34 120
34 133
34 135
34 103
34 90
34 111
34 63
34 197
34 76
34 165
34 55
34 148
34 38
34 145
34 79
34 16
34 216
34 9
34 40
34 43
34 17
34 166
34 53
34 123
34 78
34 44
94 42
94 217
94 61
94 178
94 64
94 138
94 106
94 37
94 87
94 54
94 174
94 213
94 194
94 6
94 162
94 5
94 80
94 158
94 177
94 121
94 85
94 147
94 204
94 193
94 99
94 52
94 124
94 207
94 114
94 132
94 155
94 160
94 133
94 135
94 90
94 197
94 76
94 70
94 55
94 148
94 38
94 145
94 164
94 9
94 136
94 40
94 43
94 17
94 168
94 44
42 217
42 178
42 189
42 151
42 106
42 37
42 54
42 174
42 118
42 143
42 0
42 209
42 213
42 201
42 194
42 158
42 177
42 121
42 85
42 147
42 204
42 193
42 99
42 52
42 33
42 77
42 36
42 198
42 207
42 114
42 93
42 132
42 155
42 160
42 120
42 135
42 103
42 90
42 165
42 70
42 148
42 38
42 145
42 79
42 182
42 216
42 136
42 96
42 40
42 43
42 53
42 123
42 78
42 168
42 88
217 122
217 131
217 66
217 64
217 189
217 138
217 151
217 41
217 106
217 87
217 54
217 174
217 209
217 213
217 194
217 162
217 158
217 48
217 204
217 193
217 99
217 52
217 124
217 77
217 186
217 198
217 207
217 114
217 93
217 57
217 84
217 132
217 155
217 160
217 120
217 133
217 135
217 103
217 185
217 197
217 165
217 148
217 145
217 79
217 16
217 164
217 9
217 136
217 40
217 17
217 53
217 78
217 88
122 61
122 178
122 131
122 66
122 64
122 189
122 151
122 98
122 37
122 87
122 174
122 118
122 209
122 201
122 194
122 162
122 158
122 177
122 85
122 147
122 48
122 204
122 52
122 124
122 33
122 77
122 36
122 159
122 186
122 198
122 207
122 93
122 57
122 132
122 133
122 111
122 63
122 197
122 76
122 70
122 38
122 145
122 16
122 164
122 182
122 216
122 9
122 136
122 96
122 17
122 53
122 123
122 78
122 168
122 44
61 24
61 189
61 138
61 37
61 54
61 174
61 118
61 143
61 0
61 209
61 201
61 6
61 121
61 48
61 99
61 52
61 124
61 36
61 198
61 207
61 114
61 93
61 57
61 132
61 155
61 120
61 135
61 103
61 90
61 111
61 197
61 165
61 55
61 148
61 38
61 79
61 16
61 182
61 216
61 9
61 136
61 40
61 43
61 166
61 215
178 66
178 24
178 138
178 41
178 98
178 37
178 54
178 174
178 118
178 0
178 213
178 194
178 5
178 80
178 218
178 158
178 177
178 85
178 147
178 204
178 99
178 52
178 124
178 33
178 36
178 159
178 198
178 114
178 93
178 57
178 84
178 132
178 155
178 160
178 120
178 133
178 135
178 103
178 76
178 165
178 38
178 145
178 16
178 164
178 9
178 136
178 96
178 40
178 17
178 166
178 215
178 123
178 78
131 64
131 138
131 41
131 98
131 87
131 174
131 118
131 213
131 201
131 194
131 162
131 5
131 218
131 158
131 121
131 85
131 147
131 204
131 193
131 52
131 124
131 33
131 77
131 159
131 186
131 198
131 207
131 114
131 57
131 132
131 160
131 120
131 135
131 103
131 197
131 76
131 70
131 55
131 148
131 38
131 145
131 16
131 164
131 182
131 136
131 40
131 53
131 168
131 88
131 44
66 64
66 151
66 41
66 106
66 98
66 54
66 174
66 143
66 209
66 201
66 6
66 5
66 177
66 121
66 147
66 204
66 124
66 77
66 36
66 159
66 186
66 207
66 114
66 93
66 57
66 132
66 155
66 160
66 120
66 133
66 135
66 103
66 90
66 111
66 63
66 185
66 165
66 38
66 145
66 79
66 16
66 164
66 182
66 136
66 40
66 43
66 166
66 215
66 53
66 78
66 168
64 24
64 189
64 41
64 106
64 98
64 37
64 87
64 54
64 118
64 143
64 0
64 213
64 201
64 162
64 5
64 158
64 177
64 85
64 48
64 204
64 193
64 52
64 124
64 33
64 77
64 36
64 159
64 186
64 207
64 114
64 84
64 155
64 160
64 120
64 133
64 103
64 90
64 111
64 63
64 185
64 165
64 70
64 148
64 38
64 79
64 16
64 164
64 216
64 9
64 136
64 96
64 40
64 53
64 78
24 189
24 138
24 41
24 106
24 98
24 37
24 87
24 118
24 209
24 213
24 201
24 194
24 6
24 162
24 218
24 177
24 121
24 147
24 204
24 33
24 36
24 159
24 114
24 84
24 160
24 120
24 133
24 103
24 90
24 111
24 63
24 185
24 197
24 70
24 55
24 182
24 9
24 136
24 96
24 40
24 43
24 166
24 53
24 123
24 168
24 88
189 138
189 151
189 41
189 106
189 37
189 54
189 118
189 143
189 0
189 209
189 213
189 194
189 6
189 80
189 218
189 177
189 48
189 99
189 124
189 33
189 77
189 207
189 114
189 84
189 132
189 135
189 90
189 76
189 70
189 55
189 145
189 16
189 182
189 216
189 9
189 96
189 43
189 17
189 166
189 123
189 78
189 88
189 44
138 106
138 98
138 87
138 54
138 174
138 118
138 143
138 209
138 213
138 201
138 194
138 162
138 5
138 80
138 218
138 158
138 177
138 121
138 147
138 48
138 204
138 193
138 33
138 36
138 198
138 207
138 114
138 57
138 84
138 132
138 160
138 120
138 135
138 90
138 111
138 76
138 38
138 145
138 79
138 16
138 164
138 136
138 40
138 43
138 17
138 166
138 123
138 78
138 168
138 88
138 44
151 41
151 106
151 37
151 87
151 54
151 174
151 143
151 209
151 213
151 201
151 194
151 6
151 162
151 5
151 80
151 218
151 158
151 85
151 48
151 204
151 124
151 33
151 77
151 36
151 198
151 57
151 132
151 160
151 135
151 103
151 90
151 111
151 197
151 76
151 165
151 70
151 148
151 38
151 16
151 164
151 182
151 216
151 9
151 136
151 96
151 40
151 43
151 17
151 166
151 215
151 53
151 78
151 168
41 98
41 87
41 54
41 174
41 118
41 143
41 209
41 201
41 194
41 6
41 80
41 218
41 158
41 121
41 85
41 48
41 204
41 193
41 124
41 36
41 159
41 186
41 114
41 57
41 84
41 132
41 155
41 160
41 120
41 135
41 111
41 63
41 197
41 76
41 165
41 55
41 148
41 38
41 145
41 16
41 164
41 216
41 96
41 40
41 43
41 17
41 166
41 215
41 53
41 168
41 44
106 98
106 37
106 87
106 54
106 118
106 143
106 209
106 213
106 201
106 162
106 5
106 158
106 177
106 85
106 147
106 204
106 193
106 99
106 124
106 33
106 159
106 186
106 198
106 93
106 57
106 84
106 155
106 160
106 133
106 135
106 90
106 63
106 165
106 148
106 145
106 16
106 164
106 182
106 9
106 136
106 40
106 17
106 53
106 123
106 168
106 44
98 87
98 174
98 0
98 213
98 201
98 6
98 5
98 80
98 177
98 85
98 147
98 204
98 99
98 77
98 36
98 186
98 207
98 114
98 132
98 155
98 120
98 90
98 111
98 63
98 165
98 70
98 148
98 145
98 79
98 182
98 9
98 96
98 166
98 78
98 168
37 0
37 209
37 213
37 194
37 162
37 80
37 218
37 158
37 48
37 204
37 124
37 33
37 36
37 159
37 186
37 207
37 114
37 93
37 57
37 84
37 155
37 133
37 135
37 103
37 197
37 76
37 148
37 38
37 145
37 79
37 16
37 164
37 182
37 216
37 9
37 136
37 96
37 40
37 43
37 17
37 215
37 53
37 123
37 78
37 168
37 44
87 54
87 174
87 143
87 209
87 201
87 194
87 162
87 5
87 80
87 158
87 85
87 147
87 48
87 193
87 99
87 52
87 124
87 33
87 77
87 36
87 159
87 186
87 198
87 207
87 93
87 57
87 84
87 132
87 155
87 160
87 133
87 135
87 90
87 111
87 63
87 76
87 165
87 70
87 79
87 16
87 164
87 216
87 40
87 17
87 166
87 215
87 53
87 78
87 168
87 44
54 174
54 118
54 213
54 201
54 194
54 6
54 162
54 5
54 80
54 158
54 177
54 121
54 147
54 204
54 193
54 52
54 124
54 33
54 159
54 198
54 207
54 114
54 93
54 84
54 155
54 160
54 133
54 111
54 185
54 197
54 76
54 165
54 70
54 148
54 38
54 145
54 79
54 16
54 164
54 9
54 96
54 43
54 17
54 215
54 53
54 123
54 88
54 44
174 118
174 143
174 0
174 213
174 201
174 6
174 162
174 158
174 177
174 121
174 85
174 147
174 193
174 52
174 124
174 77
174 36
174 159
174 186
174 114
174 84
174 155
174 120
174 133
174 135
174 103
174 90
174 111
174 185
174 197
174 76
174 70
174 55
174 148
174 38
174 145
174 79
174 182
174 216
174 9
174 136
174 96
174 40
174 43
174 17
174 53
174 123
174 78
174 88
118 143
118 0
118 213
118 201
118 6
118 5
118 80
118 158
118 177
118 85
118 147
118 48
118 124
118 77
118 186
118 207
118 114
118 57
118 132
118 155
118 160
118 120
118 133
118 90
118 111
118 63
118 197
118 76
118 165
118 164
118 216
118 9
118 136
118 96
118 40
118 43
118 166
118 215
118 53
118 123
118 168
118 88
118 44
143 209
143 201
143 162
143 5
143 80
143 218
143 158
143 177
143 85
143 147
143 204
143 193
143 52
143 36
143 207
143 114
143 93
143 57
143 84
143 120
143 133
143 103
143 111
143 63
143 185
143 76
143 55
143 148
143 38
143 145
143 16
143 164
143 136
143 40
143 43
143 17
143 166
143 215
143 123
143 88
0 213
0 158
0 121
0 85
0 147
0 48
0 204
0 99
0 52
0 124
0 33
0 36
0 198
0 114
0 93
0 84
0 155
0 160
0 90
0 63
0 185
0 197
0 76
0 55
0 145
0 16
0 164
0 136
0 43
0 17
0 166
0 123
0 78
0 168
0 88
0 44
209 213
209 194
209 162
209 218
209 177
209 85
209 147
209 48
209 204
209 52
209 124
209 77
209 36
209 159
209 186
209 198
209 207
209 114
209 93
209 84
209 132
209 155
209 120
209 133
209 135
209 90
209 111
209 185
209 197
209 76
209 16
209 164
209 216
209 9
209 96
209 40
209 53
209 123
209 88
209 44
213 6
213 5
213 80
213 158
213 121
213 85
213 204
213 99
213 52
213 124
213 33
213 36
213 186
213 198
213 207
213 114
213 93
213 84
213 132
213 160
213 120
213 133
213 135
213 103
213 90
213 111
213 63
213 197
213 76
213 165
213 70
213 55
213 38
213 145
213 79
213 16
213 182
213 136
213 96
213 40
213 17
213 166
213 53
213 123
213 78
213 168
213 88
201 194
201 6
201 162
201 5
201 218
201 158
201 177
201 121
201 204
201 193
201 99
201 52
201 33
201 77
201 186
201 198
201 57
201 84
201 155
201 120
201 135
201 111
201 185
201 197
201 76
201 165
201 79
201 16
201 182
201 136
201 96
201 40
201 17
201 215
201 123
201 88
194 6
194 162
194 5
194 80
194 218
194 158
194 177
194 85
194 48
194 204
194 193
194 77
194 159
194 198
194 93
194 57
194 84
194 132
194 155
194 160
194 120
194 103
194 90
194 111
194 63
194 197
194 76
194 55
194 38
194 164
194 216
194 136
194 96
194 40
194 17
194 166
194 215
194 53
194 123
194 78
194 168
194 88
194 44
6 5
6 80
6 218
6 177
6 85
6 204
6 193
6 99
6 52
6 124
6 33
6 36
6 159
6 186
6 114
6 93
6 57
6 84
6 132
6 155
6 133
6 135
6 111
6 185
6 165
6 79
6 182
6 216
6 9
6 43
6 17
6 166
6 53
6 123
6 168
6 88
6 44
162 5
162 80
162 218
162 158
162 177
162 121
162 147
162 48
162 204
162 99
162 33
162 186
162 207
162 114
162 57
162 84
162 160
162 133
162 111
162 76
162 165
162 70
162 55
162 79
162 164
162 182
162 216
162 9
162 136
162 40
162 43
162 166
162 123
162 78
162 88
5 80
5 177
5 121
5 85
5 147
5 48
5 204
5 193
5 99
5 52
5 159
5 186
5 207
5 93
5 160
5 120
5 135
5 111
5 63
5 185
5 165
5 148
5 145
5 79
5 16
5 164
5 9
5 136
5 96
5 17
5 166
5 53
5 78
80 218
80 85
80 204
80 193
80 99
80 159
80 186
80 198
80 207
80 114
80 93
80 57
80 84
80 132
80 155
80 160
80 135
80 103
80 111
80 185
80 197
80 76
80 165
80 70
80 148
80 16
80 164
80 96
80 43
80 215
80 123
80 78
80 168
80 44
218 177
218 85
218 193
218 99
218 52
218 77
218 36
218 159
218 207
218 114
218 93
218 57
218 132
218 160
218 133
218 135
218 103
218 90
218 111
218 197
218 76
218 165
218 70
218 55
218 148
218 38
218 16
218 182
218 9
218 96
218 166
218 215
218 53
218 123
218 78
218 168
218 44
158 177
158 85
158 48
158 204
158 99
158 124
158 33
158 36
158 207
158 57
158 132
158 155
158 160
158 120
158 133
158 135
158 111
158 63
158 185
158 197
158 76
158 165
158 55
158 145
158 79
158 16
158 182
158 9
158 136
158 96
158 40
158 43
158 17
158 215
158 123
177 121
177 147
177 48
177 204
177 193
177 52
177 124
177 33
177 77
177 159
177 186
177 198
177 207
177 114
177 93
177 160
177 133
177 135
177 103
177 111
177 63
177 185
177 197
177 76
177 165
177 70
177 148
177 38
177 145
177 79
177 164
177 182
177 216
177 9
177 136
177 96
177 40
177 43
177 53
177 78
177 168
177 44
121 204
121 99
121 52
121 124
121 77
121 36
121 159
121 114
121 155
121 160
121 120
121 135
121 111
121 185
121 197
121 76
121 165
121 70
121 148
121 38
121 145
121 16
121 9
121 96
121 40
121 166
121 215
121 53
121 123
121 78
121 88
121 44
85 193
85 99
85 52
85 33
85 36
85 159
85 186
85 198
85 207
85 114
85 57
85 160
85 103
85 90
85 111
85 197
85 76
85 165
85 70
85 55
85 148
85 79
85 16
85 164
85 216
85 9
85 40
85 43
85 17
85 166
85 123
85 78
85 168
85 44
147 204
147 52
147 77
147 36
147 159
147 198
147 207
147 114
147 93
147 57
147 84
147 132
147 155
147 160
147 133
147 185
147 197
147 76
147 165
147 148
147 145
147 16
147 182
147 136
147 96
147 40
147 43
147 17
147 166
147 215
147 123
147 88
147 44
48 204
48 52
48 124
48 77
48 36
48 186
48 93
48 84
48 155
48 133
48 135
48 90
48 197
48 76
48 165
48 70
48 55
48 148
48 38
48 164
48 182
48 216
48 9
48 136
48 40
48 215
48 123
48 168
48 44
204 193
204 99
204 52
204 77
204 36
204 114
204 84
204 132
204 155
204 135
204 103
204 90
204 76
204 165
204 55
204 148
204 79
204 164
204 182
204 216
204 136
204 96
204 166
204 215
204 123
204 168
204 88
204 44
193 99
193 124
193 33
193 77
193 36
193 159
193 186
193 207
193 93
193 57
193 84
193 155
193 160
193 120
193 133
193 135
193 103
193 90
193 111
193 63
193 197
193 76
193 70
193 55
193 148
193 38
193 145
193 79
193 16
193 164
193 182
193 9
193 136
193 96
193 40
193 166
193 53
193 123
193 88
193 44
99 52
99 124
99 33
99 36
99 198
99 207
99 93
99 57
99 84
99 132
99 155
99 160
99 133
99 135
99 103
99 111
99 76
99 165
99 70
99 145
99 79
99 16
99 164
99 216
99 136
99 17
99 215
99 123
99 88
52 124
52 33
52 77
52 36
52 159
52 207
52 114
52 84
52 132
52 160
52 120
52 133
52 135
52 103
52 63
52 197
52 76
52 70
52 55
52 148
52 38
52 145
52 182
52 9
52 136
52 166
52 53
52 123
52 78
52 168
52 44
124 33
124 77
124 159
124 186
124 198
124 207
124 114
124 93
124 84
124 132
124 120
124 133
124 103
124 185
124 76
124 165
124 70
124 55
124 148
124 145
124 182
124 9
124 96
124 40
124 17
124 166
124 215
124 168
124 88
124 44
33 77
33 198
33 93
33 132
33 155
33 120
33 133
33 103
33 90
33 111
33 63
33 185
33 197
33 76
33 165
33 70
33 148
33 38
33 145
33 164
33 182
33 216
33 9
33 136
33 215
33 53
33 123
33 88
33 44
77 186
77 198
77 114
77 57
77 132
77 155
77 160
77 120
77 133
77 103
77 185
77 197
77 76
77 165
77 55
77 79
77 164
77 182
77 216
77 9
77 136
77 96
77 40
77 43
77 166
77 53
77 78
77 168
77 44
36 159
36 207
36 93
36 84
36 120
36 133
36 103
36 90
36 111
36 197
36 165
36 148
36 38
36 145
36 164
36 182
36 216
36 40
36 166
36 215
36 123
36 88
159 198
159 207
159 114
159 93
159 132
159 155
159 160
159 135
159 103
159 90
159 185
159 197
159 165
159 148
159 38
159 16
159 164
159 182
159 9
159 136
159 96
159 40
159 43
159 166
159 215
159 78
159 168
159 88
159 44
186 207
186 114
186 57
186 84
186 132
186 155
186 160
186 120
186 133
186 135
186 103
186 90
186 63
186 185
186 197
186 76
186 148
186 145
186 16
186 164
186 182
186 96
186 40
186 17
186 166
186 215
186 53
186 123
186 168
186 88
186 44
198 57
198 84
198 120
198 133
198 135
198 103
198 90
198 111
198 63
198 185
198 197
198 76
198 148
198 145
198 164
198 9
198 136
198 96
198 43
198 17
198 166
198 123
198 44
207 114
207 93
207 84
207 90
207 185
207 197
207 76
207 165
207 70
207 55
207 148
207 145
207 164
207 182
207 216
207 136
207 96
207 43
207 17
207 215
207 123
207 168
207 88
207 44
114 57
114 84
114 132
114 160
114 120
114 133
114 135
114 111
114 63
114 185
114 76
114 148
114 145
114 79
114 182
114 216
114 9
114 96
114 17
114 166
114 215
114 53
114 78
114 88
93 57
93 84
93 160
93 120
93 90
93 111
93 185
93 197
93 76
93 70
93 38
93 79
93 16
93 164
93 9
93 96
93 40
93 43
93 17
93 166
93 215
93 123
93 78
93 168
57 84
57 132
57 155
57 133
57 103
57 111
57 185
57 145
57 182
57 216
57 9
57 96
57 40
57 17
57 166
57 215
57 123
57 168
57 88
84 132
84 155
84 160
84 120
84 133
84 135
84 111
84 63
84 197
84 76
84 70
84 55
84 38
84 79
84 16
84 182
84 216
84 136
84 96
84 40
84 43
84 53
84 123
84 168
84 88
84 44
132 160
132 135
132 103
132 111
132 185
132 197
132 76
132 165
132 70
132 55
132 148
132 38
132 145
132 182
132 9
132 96
132 43
132 215
132 53
132 123
132 88
132 44
155 120
155 133
155 135
155 103
155 90
155 63
155 185
155 197
155 76
155 165
155 70
155 148
155 38
155 79
155 182
155 216
155 9
155 136
155 96
155 40
155 43
155 166
155 53
155 123
155 168
155 88
160 120
160 133
160 103
160 111
160 63
160 185
160 197
160 76
160 165
160 70
160 148
160 16
160 164
160 216
160 9
160 136
160 96
160 40
160 43
160 166
160 215
160 53
160 123
160 78
160 88
120 133
120 111
120 70
120 148
120 38
120 16
120 164
120 96
120 40
120 166
120 215
120 123
120 78
120 88
120 44
133 135
133 103
133 111
133 185
133 197
133 76
133 55
133 148
133 38
133 79
133 164
133 216
133 9
133 96
133 40
133 17
133 166
133 53
133 88
133 44
135 103
135 90
135 111
135 63
135 148
135 38
135 164
135 216
135 9
135 136
135 43
135 17
135 53
135 123
103 111
103 63
103 185
103 197
103 76
103 165
103 70
103 55
103 148
103 145
103 79
103 164
103 9
103 96
103 40
103 166
103 215
103 53
103 123
103 88
103 44
90 111
90 197
90 165
90 70
90 148
90 38
90 145
90 164
90 182
90 9
90 136
90 96
90 40
90 43
90 17
90 166
90 215
90 53
90 168
111 63
111 185
111 197
111 76
111 55
111 148
111 145
111 216
111 136
111 40
111 43
111 17
111 166
111 215
111 123
111 78
111 168
111 88
111 44
63 197
63 76
63 165
63 70
63 55
63 38
63 145
63 79
63 16
63 9
63 136
63 96
63 40
63 43
63 17
63 166
63 215
63 53
63 123
63 168
63 88
185 76
185 165
185 70
185 148
185 16
185 182
185 216
185 96
185 166
185 215
185 123
185 78
185 168
185 44
197 76
197 38
197 16
197 164
197 216
197 136
197 96
197 43
197 17
197 166
197 215
197 78
197 168
197 88
197 44
76 165
76 70
76 55
76 38
76 79
76 164
76 182
76 216
76 9
76 136
76 96
76 40
76 17
76 166
76 215
76 123
76 88
165 70
165 148
165 79
165 164
165 182
165 216
165 9
165 136
165 96
165 40
165 166
165 53
165 123
165 78
165 168
165 88
70 148
70 79
70 164
70 182
70 40
70 166
70 215
70 53
70 78
70 168
70 88
70 44
55 38
55 145
55 79
55 16
55 164
55 216
55 9
55 136
55 43
55 17
55 166
55 215
55 53
55 168
148 38
148 16
148 164
148 182
148 9
148 136
148 96
148 40
148 17
148 168
148 44
38 79
38 16
38 164
38 182
38 9
38 136
38 96
38 40
38 17
38 166
38 53
38 123
38 78
38 168
145 16
145 164
145 216
145 9
145 96
145 40
145 43
145 17
145 166
145 215
145 123
145 78
145 88
79 164
79 216
79 136
79 40
79 43
79 215
79 53
79 88
16 164
16 182
16 9
16 96
16 43
16 17
16 166
16 168
16 88
164 182
164 216
164 9
164 96
164 43
164 17
164 166
164 53
164 78
164 168
164 88
164 44
182 9
182 136
182 96
182 40
182 43
182 17
182 166
182 215
182 53
182 123
182 168
182 44
216 9
216 136
216 96
216 17
216 215
216 53
216 123
9 136
9 40
9 43
9 17
9 215
9 168
9 88
136 96
136 40
136 43
136 215
136 123
136 168
136 88
96 43
96 166
96 215
96 78
96 168
96 88
40 43
40 17
40 166
40 215
40 53
40 123
40 78
40 88
40 44
43 17
43 166
43 215
43 53
43 123
43 168
43 88
17 215
17 123
17 168
17 88
166 123
166 78
166 168
166 88
215 78
215 168
215 88
53 168
53 88
123 78
123 168
123 88
123 44
78 168
168 88
