*verties 219
126
50
6
213
122
112
108
182
193
136
26
58
93
68
141
110
109
79
45
9
205
72
8
31
113
117
216
94
101
60
10
207
168
114
54
1
102
71
61
153
96
151
165
111
206
118
175
187
92
55
152
131
186
198
160
43
142
27
124
12
15
138
208
116
56
97
4
166
14
49
180
89
177
219
65
75
147
17
86
143
0
179
63
105
120
106
52
88
64
184
48
25
107
38
209
39
59
217
28
66
204
157
73
200
123
82
144
37
85
24
137
211
69
22
176
140
81
128
164
149
189
2
129
90
51
16
155
76
218
121
172
78
133
156
174
40
80
41
5
74
95
91
35
148
215
100
178
19
62
183
46
214
146
163
134
29
83
201
30
159
77
210
3
13
115
130
212
145
57
70
119
203
161
135
18
32
104
170
21
103
20
196
132
158
169
197
23
167
194
84
191
7
181
44
162
202
190
67
98
139
150
195
127
192
36
188
11
125
87
34
33
185
53
42
171
99
47
154
173
*edges 
126 50
126 108
126 193
126 26
126 93
126 141
126 109
126 79
126 45
126 9
126 72
126 8
126 31
126 216
126 101
126 207
126 114
126 102
126 71
126 61
126 96
126 111
126 206
126 118
126 187
126 55
126 186
126 124
126 12
126 138
126 56
126 4
126 177
126 75
126 17
126 86
126 179
126 63
126 88
126 64
126 107
126 38
126 209
126 39
126 59
126 157
126 73
126 82
126 85
126 24
126 211
126 69
126 22
126 176
126 164
126 189
126 129
126 90
126 16
126 155
126 218
126 172
126 78
126 156
126 80
126 41
126 5
126 74
126 95
126 91
126 215
126 100
126 178
126 183
126 163
126 83
126 201
126 210
126 3
126 13
126 115
126 18
126 170
126 21
126 196
126 23
126 7
126 181
126 162
126 190
126 139
126 150
126 195
126 127
126 11
126 33
126 185
126 99
126 47
126 154
126 173
50 182
50 136
50 58
50 68
50 141
50 110
50 45
50 9
50 205
50 113
50 117
50 216
50 94
50 207
50 168
50 54
50 1
50 71
50 61
50 153
50 151
50 165
50 175
50 187
50 55
50 152
50 131
50 186
50 160
50 142
50 124
50 15
50 4
50 49
50 89
50 177
50 219
50 65
50 86
50 179
50 63
50 120
50 106
50 64
50 48
50 25
50 107
50 38
50 217
50 28
50 66
50 204
50 85
50 137
50 69
50 81
50 128
50 149
50 2
50 129
50 51
50 76
50 218
50 172
50 78
50 174
50 74
50 100
50 178
50 19
50 183
50 46
50 146
50 163
50 83
50 210
50 130
50 18
50 32
50 104
50 170
50 103
50 132
50 23
50 167
50 44
50 190
50 67
50 139
50 150
50 188
50 87
50 34
50 33
50 42
50 99
50 154
6 122
6 136
6 93
6 110
6 9
6 72
6 117
6 94
6 60
6 1
6 96
6 111
6 206
6 118
6 175
6 187
6 92
6 55
6 186
6 27
6 138
6 56
6 4
6 166
6 49
6 147
6 17
6 143
6 0
6 63
6 120
6 88
6 64
6 48
6 25
6 107
6 38
6 209
6 39
6 28
6 157
6 144
6 37
6 85
6 137
6 211
6 22
6 176
6 140
6 81
6 164
6 149
6 2
6 129
6 218
6 121
6 78
6 156
6 5
6 74
6 148
6 100
6 178
6 62
6 46
6 214
6 134
6 30
6 13
6 203
6 135
6 32
6 104
6 21
6 196
6 169
6 197
6 23
6 167
6 194
6 7
6 181
6 44
6 67
6 195
6 192
6 188
6 125
6 34
6 173
213 193
213 68
213 141
213 45
213 205
213 72
213 113
213 117
213 94
213 168
213 114
213 61
213 153
213 151
213 111
213 206
213 118
213 187
213 92
213 152
213 186
213 27
213 138
213 56
213 14
213 89
213 65
213 75
213 147
213 17
213 63
213 120
213 184
213 48
213 38
213 217
213 200
213 82
213 37
213 85
213 137
213 69
213 176
213 128
213 149
213 2
213 51
213 16
213 155
213 76
213 218
213 121
213 172
213 156
213 80
213 5
213 74
213 91
213 148
213 215
213 100
213 178
213 183
213 46
213 163
213 201
213 159
213 77
213 3
213 13
213 115
213 130
213 145
213 70
213 135
213 18
213 32
213 104
213 103
213 132
213 23
213 7
213 181
213 44
213 162
213 202
213 67
213 98
213 139
213 192
213 188
213 11
213 125
213 34
213 33
213 185
213 53
213 42
213 171
213 47
213 173
122 108
122 58
122 93
122 110
122 109
122 79
122 9
122 72
122 8
122 31
122 113
122 94
122 60
122 114
122 71
122 61
122 96
122 206
122 118
122 175
122 187
122 131
122 198
122 43
122 124
122 15
122 138
122 116
122 97
122 4
122 166
122 14
122 180
122 177
122 219
122 65
122 147
122 17
122 86
122 143
122 52
122 64
122 48
122 209
122 59
122 73
122 123
122 24
122 22
122 176
122 140
122 164
122 149
122 90
122 155
122 218
122 156
122 174
122 40
122 80
122 5
122 95
122 215
122 100
122 178
122 19
122 183
122 214
122 163
122 134
122 210
122 3
122 115
122 145
122 57
122 70
122 119
122 32
122 170
122 103
122 196
122 132
122 169
122 194
122 181
122 162
122 190
122 67
122 98
122 127
122 125
122 87
122 34
122 53
122 171
122 99
122 47
122 154
122 173
112 58
112 141
112 109
112 79
112 45
112 9
112 72
112 31
112 113
112 117
112 216
112 101
112 60
112 168
112 54
112 96
112 151
112 165
112 111
112 92
112 198
112 160
112 12
112 116
112 14
112 180
112 177
112 65
112 75
112 86
112 63
112 105
112 120
112 106
112 64
112 184
112 48
112 39
112 28
112 204
112 157
112 200
112 123
112 82
112 144
112 24
112 137
112 176
112 140
112 81
112 164
112 149
112 2
112 90
112 16
112 172
112 78
112 133
112 95
112 91
112 215
112 46
112 214
112 163
112 134
112 29
112 83
112 30
112 77
112 3
112 13
112 115
112 130
112 212
112 145
112 119
112 135
112 18
112 32
112 103
112 20
112 132
112 158
112 23
112 167
112 84
112 181
112 162
112 67
112 98
112 150
112 192
112 36
112 188
112 87
112 42
112 171
112 99
112 47
108 193
108 58
108 68
108 141
108 110
108 109
108 45
108 9
108 205
108 72
108 113
108 94
108 10
108 114
108 54
108 1
108 102
108 71
108 61
108 96
108 151
108 165
108 206
108 187
108 55
108 160
108 43
108 124
108 138
108 116
108 56
108 14
108 49
108 177
108 65
108 179
108 63
108 105
108 106
108 64
108 25
108 209
108 59
108 66
108 157
108 37
108 137
108 22
108 128
108 164
108 189
108 129
108 16
108 155
108 76
108 218
108 172
108 133
108 156
108 41
108 74
108 91
108 148
108 215
108 100
108 178
108 19
108 62
108 46
108 146
108 134
108 29
108 201
108 30
108 159
108 210
108 3
108 13
108 57
108 70
108 119
108 135
108 32
108 104
108 170
108 21
108 103
108 132
108 169
108 84
108 191
108 7
108 202
108 98
108 150
108 127
108 192
108 36
108 11
108 33
108 53
108 42
108 171
108 99
108 154
182 193
182 136
182 26
182 58
182 93
182 110
182 109
182 45
182 9
182 72
182 216
182 94
182 101
182 10
182 207
182 54
182 1
182 102
182 61
182 153
182 96
182 206
182 118
182 152
182 186
182 198
182 142
182 27
182 12
182 15
182 138
182 208
182 116
182 56
182 97
182 166
182 14
182 49
182 180
182 89
182 177
182 219
182 147
182 17
182 86
182 120
182 184
182 39
182 59
182 28
182 66
182 204
182 85
182 24
182 211
182 69
182 22
182 140
182 81
182 2
182 129
182 51
182 16
182 76
182 133
182 174
182 80
182 5
182 74
182 91
182 148
182 215
182 178
182 19
182 46
182 146
182 29
182 83
182 30
182 159
182 77
182 210
182 13
182 115
182 145
182 119
182 161
182 135
182 18
182 170
182 21
182 20
182 196
182 197
182 23
182 84
182 191
182 7
182 202
182 67
182 98
182 195
182 125
182 87
182 34
182 33
182 185
182 99
182 47
193 136
193 68
193 79
193 9
193 72
193 216
193 94
193 101
193 60
193 207
193 114
193 1
193 102
193 71
193 153
193 151
193 206
193 118
193 152
193 131
193 198
193 160
193 142
193 124
193 12
193 138
193 97
193 166
193 14
193 49
193 177
193 65
193 75
193 147
193 105
193 106
193 52
193 88
193 64
193 48
193 209
193 39
193 204
193 157
193 73
193 200
193 123
193 144
193 85
193 211
193 69
193 22
193 128
193 2
193 129
193 90
193 51
193 76
193 218
193 172
193 133
193 40
193 41
193 5
193 74
193 91
193 35
193 148
193 215
193 163
193 134
193 29
193 83
193 77
193 13
193 130
193 57
193 70
193 119
193 18
193 32
193 104
193 132
193 158
193 169
193 23
193 84
193 181
193 162
193 67
193 98
193 150
193 195
193 36
193 188
193 11
193 87
193 185
193 53
193 171
193 99
193 173
136 26
136 58
136 93
136 141
136 9
136 205
136 31
136 113
136 117
136 60
136 10
136 207
136 168
136 114
136 54
136 61
136 153
136 206
136 118
136 175
136 187
136 55
136 152
136 43
136 15
136 138
136 208
136 97
136 166
136 180
136 177
136 219
136 65
136 147
136 86
136 143
136 0
136 63
136 105
136 106
136 52
136 88
136 64
136 184
136 25
136 38
136 39
136 59
136 157
136 200
136 123
136 82
136 144
136 37
136 85
136 22
136 149
136 189
136 2
136 51
136 155
136 76
136 156
136 174
136 40
136 41
136 5
136 91
136 62
136 183
136 29
136 83
136 201
136 159
136 210
136 3
136 13
136 115
136 145
136 57
136 70
136 119
136 135
136 32
136 104
136 21
136 103
136 23
136 7
136 139
136 150
136 127
136 192
136 188
136 11
136 125
136 34
136 185
136 53
136 42
136 171
136 47
26 58
26 93
26 68
26 141
26 45
26 9
26 94
26 101
26 10
26 168
26 1
26 61
26 153
26 151
26 165
26 111
26 118
26 92
26 55
26 152
26 186
26 43
26 142
26 27
26 124
26 15
26 138
26 208
26 116
26 56
26 4
26 166
26 180
26 177
26 147
26 143
26 179
26 63
26 105
26 120
26 107
26 209
26 217
26 28
26 66
26 157
26 200
26 123
26 144
26 85
26 137
26 69
26 22
26 140
26 81
26 149
26 2
26 129
26 90
26 51
26 16
26 76
26 133
26 156
26 80
26 35
26 178
26 19
26 62
26 183
26 214
26 146
26 134
26 29
26 201
26 13
26 212
26 145
26 119
26 203
26 104
26 158
26 169
26 167
26 191
26 162
26 202
26 192
26 125
26 87
26 53
26 42
26 47
58 141
58 110
58 109
58 31
58 113
58 101
58 207
58 168
58 114
58 1
58 71
58 61
58 153
58 96
58 165
58 187
58 92
58 186
58 142
58 27
58 12
58 138
58 208
58 116
58 4
58 166
58 49
58 89
58 75
58 147
58 17
58 86
58 143
58 0
58 63
58 88
58 184
58 25
58 209
58 39
58 59
58 28
58 66
58 157
58 73
58 123
58 144
58 85
58 24
58 128
58 149
58 189
58 76
58 218
58 121
58 40
58 95
58 148
58 178
58 62
58 183
58 46
58 134
58 29
58 83
58 201
58 159
58 77
58 3
58 115
58 57
58 119
58 203
58 32
58 104
58 170
58 21
58 196
58 132
58 158
58 169
58 23
58 84
58 191
58 7
58 181
58 44
58 162
58 98
58 192
58 125
58 33
58 53
58 42
58 99
58 47
58 173
93 68
93 141
93 109
93 79
93 45
93 72
93 8
93 117
93 216
93 60
93 10
93 54
93 1
93 71
93 96
93 165
93 111
93 118
93 187
93 152
93 186
93 142
93 27
93 15
93 208
93 116
93 49
93 180
93 89
93 219
93 65
93 17
93 143
93 63
93 105
93 120
93 106
93 52
93 88
93 184
93 25
93 66
93 157
93 73
93 200
93 37
93 85
93 137
93 211
93 22
93 140
93 2
93 76
93 218
93 121
93 78
93 156
93 174
93 40
93 80
93 74
93 100
93 19
93 46
93 214
93 163
93 29
93 83
93 201
93 30
93 77
93 210
93 3
93 115
93 130
93 70
93 119
93 161
93 135
93 170
93 20
93 196
93 158
93 169
93 197
93 167
93 84
93 191
93 7
93 162
93 190
93 67
93 139
93 150
93 195
93 36
93 188
93 11
93 87
93 34
93 33
93 53
93 42
93 171
93 47
68 79
68 45
68 9
68 72
68 31
68 117
68 216
68 54
68 1
68 102
68 153
68 151
68 206
68 175
68 152
68 12
68 138
68 97
68 166
68 49
68 86
68 143
68 105
68 106
68 52
68 59
68 28
68 66
68 204
68 157
68 82
68 144
68 37
68 137
68 211
68 69
68 81
68 128
68 189
68 129
68 90
68 16
68 121
68 172
68 156
68 174
68 41
68 74
68 91
68 215
68 19
68 183
68 134
68 29
68 30
68 13
68 115
68 57
68 70
68 203
68 161
68 18
68 104
68 103
68 169
68 191
68 7
68 181
68 44
68 162
68 190
68 139
68 127
68 192
68 36
68 11
68 87
68 34
68 185
68 171
68 99
68 47
141 110
141 109
141 9
141 72
141 8
141 113
141 117
141 101
141 207
141 168
141 54
141 61
141 151
141 165
141 175
141 187
141 152
141 43
141 12
141 15
141 208
141 56
141 97
141 89
141 177
141 0
141 106
141 64
141 184
141 48
141 66
141 157
141 73
141 200
141 22
141 164
141 149
141 189
141 129
141 155
141 121
141 78
141 40
141 41
141 74
141 148
141 215
141 178
141 19
141 134
141 159
141 77
141 13
141 130
141 212
141 57
141 70
141 203
141 161
141 135
141 18
141 104
141 170
141 103
141 158
141 169
141 23
141 194
141 191
141 181
141 44
141 162
141 202
141 98
141 188
141 34
141 33
141 185
141 53
141 42
141 171
141 99
110 45
110 9
110 8
110 113
110 94
110 101
110 10
110 1
110 102
110 61
110 153
110 96
110 111
110 175
110 187
110 55
110 152
110 186
110 198
110 160
110 142
110 138
110 208
110 116
110 166
110 49
110 89
110 65
110 86
110 143
110 0
110 179
110 63
110 120
110 106
110 88
110 48
110 25
110 107
110 209
110 39
110 59
110 157
110 73
110 200
110 144
110 37
110 85
110 137
110 140
110 81
110 128
110 164
110 90
110 76
110 40
110 80
110 41
110 5
110 74
110 95
110 35
110 100
110 46
110 214
110 134
110 201
110 159
110 77
110 210
110 13
110 115
110 212
110 145
110 70
110 119
110 203
110 32
110 104
110 196
110 132
110 169
110 197
110 167
110 84
110 202
110 150
110 195
110 36
110 185
110 42
110 171
110 99
110 154
110 173
109 9
109 31
109 117
109 216
109 101
109 60
109 207
109 168
109 114
109 102
109 153
109 55
109 152
109 186
109 43
109 27
109 124
109 12
109 15
109 208
109 116
109 56
109 97
109 14
109 180
109 177
109 75
109 147
109 143
109 179
109 120
109 88
109 48
109 107
109 39
109 200
109 144
109 37
109 85
109 211
109 69
109 140
109 128
109 2
109 129
109 76
109 218
109 121
109 172
109 78
109 133
109 174
109 80
109 74
109 91
109 148
109 215
109 100
109 62
109 183
109 163
109 201
109 159
109 210
109 13
109 130
109 145
109 119
109 203
109 161
109 18
109 104
109 170
109 103
109 196
109 132
109 169
109 197
109 23
109 167
109 194
109 84
109 7
109 162
109 190
109 67
109 98
109 139
109 150
109 36
109 125
109 34
109 185
109 42
109 47
79 31
79 113
79 216
79 94
79 114
79 54
79 151
79 165
79 111
79 118
79 175
79 187
79 92
79 55
79 186
79 198
79 43
79 142
79 27
79 208
79 166
79 14
79 49
79 180
79 89
79 177
79 219
79 17
79 106
79 48
79 38
79 209
79 39
79 59
79 217
79 28
79 66
79 123
79 85
79 24
79 137
79 22
79 81
79 128
79 164
79 149
79 189
79 2
79 129
79 90
79 16
79 76
79 78
79 133
79 40
79 80
79 41
79 5
79 95
79 35
79 148
79 215
79 178
79 62
79 183
79 146
79 163
79 134
79 30
79 77
79 115
79 130
79 212
79 145
79 57
79 119
79 161
79 32
79 20
79 196
79 132
79 23
79 7
79 181
79 44
79 162
79 202
79 195
79 185
79 53
79 42
79 171
79 154
45 9
45 8
45 216
45 94
45 207
45 54
45 1
45 71
45 61
45 151
45 165
45 206
45 118
45 175
45 55
45 152
45 131
45 160
45 142
45 12
45 15
45 138
45 208
45 56
45 97
45 166
45 49
45 180
45 219
45 75
45 17
45 0
45 105
45 52
45 184
45 48
45 209
45 217
45 73
45 82
45 85
45 24
45 211
45 176
45 149
45 90
45 218
45 78
45 133
45 156
45 91
45 35
45 148
45 215
45 100
45 178
45 62
45 183
45 46
45 163
45 29
45 201
45 30
45 159
45 77
45 210
45 3
45 13
45 130
45 57
45 70
45 119
45 203
45 104
45 170
45 21
45 103
45 196
45 132
45 197
45 23
45 167
45 84
45 44
45 162
45 202
45 190
45 98
45 195
45 11
45 34
45 42
45 171
45 99
45 47
45 173
9 205
9 72
9 60
9 54
9 71
9 61
9 96
9 111
9 206
9 92
9 186
9 27
9 124
9 116
9 56
9 97
9 4
9 14
9 180
9 147
9 17
9 86
9 143
9 63
9 120
9 52
9 88
9 64
9 25
9 107
9 39
9 28
9 66
9 200
9 85
9 137
9 211
9 81
9 2
9 129
9 90
9 51
9 16
9 76
9 172
9 78
9 133
9 156
9 174
9 40
9 41
9 74
9 95
9 35
9 215
9 100
9 19
9 214
9 146
9 29
9 201
9 159
9 13
9 130
9 212
9 203
9 104
9 196
9 132
9 169
9 167
9 194
9 84
9 191
9 181
9 44
9 202
9 190
9 67
9 98
9 150
9 192
9 36
9 11
9 125
9 53
9 42
9 171
9 99
205 72
205 31
205 113
205 117
205 94
205 101
205 168
205 1
205 153
205 96
205 111
205 206
205 92
205 152
205 186
205 43
205 142
205 27
205 124
205 12
205 15
205 208
205 97
205 4
205 166
205 180
205 89
205 177
205 219
205 75
205 17
205 143
205 179
205 63
205 106
205 52
205 184
205 48
205 107
205 38
205 209
205 217
205 66
205 157
205 73
205 200
205 123
205 37
205 85
205 22
205 164
205 129
205 90
205 16
205 76
205 218
205 172
205 40
205 5
205 74
205 91
205 35
205 215
205 19
205 183
205 214
205 29
205 201
205 159
205 130
205 212
205 145
205 57
205 70
205 119
205 203
205 161
205 18
205 32
205 21
205 196
205 132
205 158
205 197
205 23
205 191
205 181
205 162
205 195
205 192
205 188
205 11
205 87
205 34
205 185
205 53
205 42
205 171
205 47
72 31
72 94
72 101
72 60
72 168
72 1
72 102
72 111
72 55
72 152
72 131
72 198
72 43
72 27
72 12
72 138
72 116
72 4
72 166
72 14
72 49
72 180
72 65
72 86
72 143
72 0
72 179
72 63
72 105
72 52
72 88
72 184
72 48
72 25
72 107
72 38
72 209
72 39
72 217
72 28
72 73
72 200
72 144
72 37
72 85
72 24
72 137
72 211
72 22
72 140
72 128
72 189
72 129
72 16
72 155
72 218
72 121
72 78
72 174
72 41
72 74
72 95
72 35
72 148
72 178
72 19
72 46
72 214
72 134
72 29
72 201
72 159
72 77
72 210
72 3
72 13
72 115
72 130
72 145
72 203
72 18
72 21
72 103
72 169
72 191
72 44
72 162
72 139
72 195
72 11
72 34
72 33
72 42
72 154
72 173
8 113
8 117
8 94
8 101
8 207
8 114
8 1
8 102
8 71
8 61
8 96
8 165
8 206
8 118
8 175
8 55
8 152
8 131
8 160
8 43
8 15
8 138
8 208
8 56
8 166
8 49
8 89
8 177
8 65
8 75
8 86
8 0
8 179
8 63
8 88
8 64
8 48
8 107
8 38
8 209
8 217
8 28
8 66
8 200
8 85
8 24
8 137
8 69
8 176
8 81
8 189
8 90
8 51
8 218
8 172
8 78
8 174
8 40
8 80
8 41
8 5
8 91
8 100
8 178
8 62
8 46
8 214
8 146
8 29
8 201
8 77
8 210
8 13
8 115
8 130
8 212
8 70
8 119
8 18
8 104
8 132
8 169
8 162
8 190
8 150
8 36
8 11
8 34
8 33
8 42
8 171
8 99
31 10
31 114
31 54
31 1
31 102
31 71
31 61
31 206
31 175
31 187
31 55
31 152
31 198
31 142
31 124
31 12
31 15
31 97
31 4
31 166
31 49
31 180
31 89
31 75
31 147
31 17
31 86
31 63
31 120
31 52
31 88
31 107
31 209
31 59
31 217
31 66
31 73
31 144
31 37
31 85
31 24
31 137
31 69
31 22
31 176
31 81
31 128
31 164
31 149
31 51
31 78
31 133
31 174
31 5
31 95
31 91
31 35
31 178
31 19
31 62
31 183
31 146
31 134
31 83
31 201
31 159
31 77
31 13
31 57
31 119
31 203
31 135
31 32
31 170
31 21
31 20
31 196
31 158
31 23
31 167
31 181
31 162
31 150
31 195
31 192
31 36
31 188
31 125
31 34
31 185
31 171
31 99
31 173
113 117
113 216
113 94
113 10
113 114
113 102
113 96
113 111
113 206
113 118
113 175
113 187
113 152
113 131
113 160
113 142
113 15
113 56
113 4
113 49
113 180
113 89
113 177
113 219
113 0
113 179
113 63
113 120
113 106
113 64
113 48
113 107
113 38
113 66
113 204
113 157
113 82
113 37
113 85
113 24
113 211
113 69
113 22
113 176
113 149
113 189
113 2
113 51
113 155
113 172
113 133
113 156
113 174
113 80
113 41
113 5
113 74
113 95
113 62
113 46
113 214
113 134
113 83
113 201
113 159
113 210
113 3
113 13
113 115
113 145
113 70
113 119
113 203
113 161
113 18
113 32
113 104
113 103
113 196
113 197
113 167
113 181
113 202
113 190
113 67
113 98
113 188
113 11
113 42
113 99
113 173
117 216
117 101
117 60
117 10
117 207
117 168
117 114
117 54
117 1
117 102
117 71
117 61
117 118
117 175
117 152
117 186
117 198
117 160
117 43
117 27
117 124
117 15
117 138
117 208
117 116
117 97
117 166
117 14
117 180
117 177
117 219
117 65
117 75
117 17
117 86
117 63
117 106
117 52
117 88
117 107
117 38
117 209
117 59
117 66
117 157
117 24
117 69
117 22
117 81
117 128
117 189
117 2
117 90
117 51
117 78
117 174
117 40
117 74
117 91
117 215
117 100
117 178
117 19
117 183
117 46
117 214
117 29
117 83
117 201
117 77
117 3
117 13
117 115
117 212
117 70
117 135
117 18
117 170
117 21
117 20
117 196
117 132
117 197
117 23
117 84
117 7
117 181
117 44
117 162
117 190
117 98
117 139
117 127
117 36
117 188
117 33
117 53
117 42
117 99
117 47
216 60
216 10
216 54
216 71
216 61
216 96
216 151
216 165
216 118
216 175
216 187
216 92
216 55
216 152
216 198
216 27
216 138
216 116
216 97
216 4
216 219
216 65
216 17
216 179
216 106
216 52
216 88
216 107
216 209
216 39
216 59
216 28
216 200
216 123
216 144
216 137
216 211
216 176
216 81
216 128
216 51
216 155
216 121
216 133
216 156
216 41
216 74
216 95
216 91
216 148
216 215
216 62
216 214
216 29
216 83
216 210
216 115
216 130
216 212
216 145
216 57
216 70
216 203
216 135
216 18
216 32
216 104
216 170
216 103
216 20
216 196
216 132
216 194
216 191
216 7
216 44
216 139
216 195
216 192
216 36
216 188
216 33
216 185
216 42
216 154
94 101
94 60
94 114
94 71
94 165
94 111
94 206
94 187
94 55
94 152
94 186
94 160
94 43
94 27
94 124
94 12
94 15
94 116
94 56
94 14
94 49
94 180
94 89
94 65
94 75
94 86
94 143
94 63
94 105
94 88
94 48
94 25
94 38
94 209
94 217
94 28
94 204
94 157
94 73
94 200
94 82
94 144
94 37
94 24
94 211
94 129
94 51
94 16
94 76
94 121
94 172
94 78
94 156
94 174
94 40
94 41
94 74
94 35
94 148
94 100
94 178
94 46
94 214
94 146
94 163
94 134
94 29
94 83
94 159
94 77
94 13
94 130
94 212
94 145
94 57
94 203
94 161
94 135
94 18
94 32
94 104
94 170
94 103
94 20
94 196
94 132
94 169
94 167
94 194
94 84
94 181
94 44
94 162
94 202
94 190
94 67
94 98
94 139
94 150
94 195
94 127
94 192
94 125
94 87
94 185
94 171
94 99
94 173
101 60
101 10
101 114
101 54
101 71
101 61
101 153
101 151
101 118
101 187
101 55
101 198
101 142
101 12
101 138
101 208
101 56
101 166
101 14
101 180
101 219
101 75
101 17
101 86
101 0
101 120
101 106
101 52
101 184
101 48
101 39
101 28
101 66
101 204
101 82
101 37
101 85
101 137
101 211
101 69
101 22
101 176
101 140
101 81
101 149
101 189
101 2
101 90
101 51
101 218
101 121
101 172
101 78
101 133
101 156
101 174
101 80
101 5
101 74
101 178
101 62
101 183
101 134
101 29
101 83
101 201
101 159
101 13
101 212
101 57
101 70
101 119
101 203
101 161
101 32
101 104
101 170
101 21
101 103
101 196
101 169
101 23
101 194
101 84
101 191
101 181
101 162
101 190
101 195
101 192
101 36
101 125
101 33
101 185
101 53
101 171
101 173
60 207
60 168
60 114
60 54
60 102
60 71
60 153
60 96
60 118
60 92
60 131
60 186
60 198
60 160
60 142
60 27
60 124
60 4
60 14
60 49
60 219
60 65
60 147
60 17
60 86
60 143
60 0
60 179
60 105
60 120
60 52
60 184
60 48
60 38
60 209
60 66
60 204
60 157
60 200
60 123
60 82
60 24
60 137
60 69
60 22
60 81
60 164
60 2
60 51
60 155
60 218
60 121
60 172
60 78
60 133
60 156
60 174
60 40
60 80
60 41
60 91
60 148
60 100
60 178
60 19
60 146
60 163
60 83
60 201
60 159
60 77
60 210
60 3
60 13
60 115
60 130
60 212
60 145
60 70
60 119
60 161
60 135
60 104
60 196
60 158
60 84
60 44
60 162
60 98
60 139
60 127
60 36
60 188
60 125
60 185
60 53
60 171
10 207
10 168
10 1
10 102
10 61
10 153
10 96
10 111
10 118
10 92
10 55
10 152
10 186
10 142
10 27
10 12
10 15
10 138
10 208
10 116
10 166
10 14
10 180
10 219
10 65
10 17
10 0
10 179
10 63
10 105
10 120
10 48
10 28
10 204
10 82
10 144
10 85
10 211
10 22
10 81
10 164
10 2
10 129
10 16
10 155
10 76
10 133
10 156
10 174
10 41
10 74
10 95
10 35
10 148
10 215
10 100
10 19
10 183
10 46
10 146
10 163
10 134
10 83
10 13
10 115
10 130
10 212
10 161
10 135
10 18
10 32
10 103
10 132
10 23
10 194
10 84
10 191
10 162
10 202
10 98
10 139
10 150
10 195
10 87
10 185
10 53
10 42
10 154
207 54
207 1
207 71
207 61
207 153
207 151
207 165
207 111
207 206
207 187
207 55
207 186
207 198
207 43
207 12
207 138
207 208
207 56
207 97
207 166
207 14
207 180
207 177
207 75
207 17
207 86
207 143
207 179
207 63
207 106
207 52
207 64
207 184
207 25
207 107
207 209
207 39
207 204
207 73
207 123
207 37
207 24
207 69
207 22
207 176
207 128
207 164
207 149
207 2
207 129
207 90
207 51
207 76
207 218
207 121
207 172
207 133
207 156
207 41
207 74
207 91
207 35
207 178
207 183
207 46
207 214
207 134
207 29
207 30
207 159
207 210
207 130
207 203
207 161
207 135
207 18
207 104
207 21
207 103
207 132
207 169
207 23
207 194
207 84
207 191
207 181
207 162
207 150
207 195
207 192
207 36
207 11
207 87
207 34
207 53
207 171
207 154
207 173
168 114
168 54
168 1
168 102
168 71
168 151
168 206
168 118
168 187
168 55
168 186
168 43
168 142
168 116
168 56
168 97
168 4
168 14
168 89
168 65
168 75
168 147
168 17
168 0
168 105
168 106
168 64
168 48
168 209
168 39
168 217
168 66
168 123
168 144
168 85
168 24
168 176
168 140
168 164
168 189
168 2
168 129
168 90
168 76
168 218
168 121
168 78
168 133
168 156
168 74
168 91
168 19
168 46
168 214
168 146
168 163
168 134
168 83
168 201
168 30
168 159
168 77
168 3
168 13
168 212
168 145
168 119
168 161
168 135
168 32
168 104
168 170
168 21
168 196
168 132
168 158
168 194
168 84
168 191
168 7
168 44
168 202
168 190
168 67
168 150
168 195
168 192
168 36
168 33
168 53
168 42
168 154
168 173
114 102
114 71
114 153
114 96
114 111
114 131
114 186
114 198
114 160
114 124
114 15
114 138
114 116
114 97
114 4
114 86
114 143
114 179
114 105
114 120
114 106
114 52
114 64
114 25
114 38
114 209
114 66
114 204
114 200
114 82
114 144
114 137
114 211
114 69
114 22
114 2
114 90
114 51
114 16
114 155
114 121
114 78
114 133
114 156
114 40
114 5
114 74
114 95
114 91
114 35
114 215
114 178
114 46
114 146
114 134
114 201
114 30
114 77
114 13
114 115
114 145
114 57
114 119
114 161
114 18
114 32
114 170
114 196
114 132
114 197
114 23
114 194
114 191
114 44
114 162
114 67
114 139
114 150
114 127
114 188
114 185
114 42
54 1
54 71
54 206
54 118
54 175
54 55
54 152
54 131
54 43
54 142
54 27
54 138
54 208
54 116
54 4
54 166
54 89
54 177
54 219
54 65
54 75
54 147
54 143
54 0
54 63
54 106
54 88
54 59
54 66
54 204
54 82
54 144
54 176
54 140
54 149
54 189
54 129
54 16
54 155
54 174
54 40
54 80
54 74
54 95
54 91
54 35
54 148
54 178
54 214
54 83
54 201
54 30
54 115
54 130
54 212
54 57
54 119
54 18
54 104
54 170
54 20
54 84
54 181
54 139
54 127
54 36
54 188
54 11
54 87
54 34
54 33
54 185
54 53
54 42
54 171
54 47
54 154
1 71
1 61
1 165
1 187
1 92
1 152
1 131
1 160
1 43
1 142
1 12
1 15
1 116
1 56
1 97
1 14
1 89
1 65
1 147
1 17
1 143
1 179
1 106
1 88
1 184
1 48
1 25
1 107
1 38
1 209
1 28
1 66
1 204
1 157
1 200
1 123
1 82
1 85
1 24
1 137
1 22
1 176
1 81
1 149
1 2
1 90
1 76
1 40
1 41
1 5
1 91
1 35
1 148
1 178
1 183
1 163
1 134
1 201
1 30
1 3
1 13
1 145
1 57
1 70
1 161
1 104
1 20
1 196
1 158
1 169
1 167
1 194
1 181
1 139
1 150
1 195
1 192
1 36
1 188
1 125
1 87
1 34
1 42
1 171
1 173
102 61
102 96
102 151
102 118
102 92
102 131
102 160
102 142
102 15
102 138
102 14
102 49
102 65
102 75
102 106
102 25
102 38
102 217
102 204
102 157
102 73
102 82
102 24
102 211
102 69
102 22
102 176
102 128
102 2
102 129
102 16
102 155
102 76
102 218
102 78
102 41
102 5
102 74
102 95
102 91
102 100
102 178
102 62
102 134
102 201
102 159
102 77
102 210
102 115
102 130
102 212
102 145
102 57
102 119
102 18
102 32
102 21
102 196
102 169
102 167
102 7
102 181
102 162
102 202
102 190
102 67
102 98
102 139
102 150
102 195
102 192
102 125
102 34
102 53
102 173
71 96
71 151
71 165
71 118
71 92
71 131
71 198
71 160
71 142
71 56
71 97
71 49
71 89
71 177
71 75
71 17
71 86
71 143
71 63
71 106
71 52
71 88
71 64
71 48
71 107
71 39
71 28
71 204
71 157
71 73
71 37
71 24
71 137
71 211
71 22
71 81
71 164
71 149
71 129
71 90
71 155
71 76
71 218
71 121
71 172
71 133
71 41
71 74
71 148
71 215
71 178
71 62
71 214
71 146
71 163
71 134
71 83
71 30
71 210
71 13
71 130
71 145
71 57
71 70
71 203
71 135
71 104
71 132
71 158
71 169
71 197
71 194
71 191
71 181
71 44
71 202
71 190
71 98
71 150
71 188
71 11
71 34
71 33
71 53
71 171
71 47
61 153
61 96
61 165
61 206
61 175
61 92
61 131
61 198
61 160
61 142
61 124
61 12
61 138
61 116
61 4
61 14
61 49
61 89
61 219
61 65
61 147
61 17
61 0
61 63
61 106
61 88
61 64
61 48
61 25
61 107
61 59
61 28
61 204
61 157
61 73
61 123
61 37
61 85
61 211
61 176
61 140
61 81
61 189
61 2
61 129
61 76
61 218
61 172
61 78
61 174
61 80
61 5
61 74
61 95
61 148
61 215
61 178
61 62
61 183
61 46
61 30
61 159
61 77
61 13
61 115
61 130
61 70
61 119
61 170
61 21
61 103
61 20
61 196
61 132
61 158
61 7
61 181
61 202
61 67
61 139
61 192
61 188
61 11
61 87
61 34
61 33
61 185
61 42
61 171
61 47
61 154
61 173
153 111
153 206
153 118
153 92
153 55
153 152
153 131
153 186
153 43
153 142
153 27
153 12
153 15
153 208
153 116
153 56
153 4
153 166
153 14
153 49
153 89
153 65
153 75
153 86
153 179
153 63
153 106
153 64
153 48
153 25
153 209
153 39
153 59
153 200
153 82
153 85
153 137
153 69
153 140
153 81
153 128
153 164
153 189
153 2
153 90
153 76
153 218
153 172
153 133
153 156
153 40
153 41
153 5
153 95
153 35
153 100
153 178
153 62
153 183
153 134
153 201
153 30
153 210
153 13
153 115
153 212
153 119
153 161
153 135
153 21
153 103
153 196
153 169
153 197
153 23
153 84
153 191
153 162
153 98
153 150
153 127
153 192
153 87
153 34
153 33
153 185
153 53
153 42
153 171
153 99
153 154
96 111
96 118
96 187
96 55
96 186
96 198
96 160
96 15
96 208
96 56
96 89
96 177
96 75
96 147
96 17
96 179
96 105
96 52
96 184
96 107
96 209
96 59
96 28
96 66
96 204
96 157
96 123
96 82
96 37
96 85
96 24
96 69
96 176
96 140
96 2
96 90
96 51
96 16
96 155
96 76
96 218
96 172
96 133
96 174
96 40
96 80
96 5
96 74
96 95
96 35
96 215
96 100
96 178
96 62
96 183
96 46
96 214
96 146
96 163
96 134
96 77
96 130
96 145
96 57
96 203
96 135
96 21
96 196
96 132
96 158
96 197
96 167
96 194
96 191
96 202
96 190
96 127
96 192
96 11
96 87
96 33
96 53
96 47
96 173
151 92
151 55
151 186
151 198
151 124
151 15
151 116
151 56
151 4
151 14
151 89
151 177
151 147
151 17
151 63
151 120
151 106
151 52
151 64
151 25
151 209
151 39
151 28
151 66
151 204
151 123
151 85
151 24
151 211
151 176
151 140
151 81
151 128
151 90
151 51
151 121
151 172
151 156
151 40
151 95
151 35
151 148
151 178
151 62
151 183
151 46
151 146
151 29
151 83
151 30
151 210
151 13
151 115
151 145
151 203
151 135
151 104
151 170
151 21
151 103
151 20
151 158
151 169
151 23
151 167
151 194
151 84
151 191
151 7
151 181
151 44
151 162
151 202
151 190
151 98
151 150
151 192
151 188
151 11
151 125
151 87
151 33
151 99
151 47
165 118
165 187
165 92
165 55
165 186
165 198
165 142
165 12
165 15
165 138
165 208
165 56
165 4
165 166
165 49
165 180
165 89
165 177
165 219
165 179
165 63
165 105
165 88
165 184
165 48
165 107
165 39
165 59
165 217
165 28
165 66
165 204
165 157
165 123
165 82
165 85
165 137
165 22
165 176
165 81
165 164
165 149
165 16
165 218
165 133
165 156
165 80
165 41
165 74
165 100
165 19
165 62
165 183
165 46
165 134
165 29
165 83
165 30
165 159
165 3
165 13
165 115
165 57
165 20
165 132
165 197
165 23
165 167
165 84
165 44
165 98
165 139
165 195
165 127
165 36
165 188
165 125
165 33
165 53
165 171
165 99
165 154
111 206
111 175
111 187
111 131
111 186
111 198
111 43
111 15
111 56
111 97
111 166
111 180
111 219
111 75
111 17
111 143
111 0
111 105
111 88
111 184
111 25
111 38
111 209
111 28
111 66
111 157
111 73
111 82
111 37
111 85
111 24
111 137
111 22
111 149
111 2
111 51
111 16
111 155
111 156
111 174
111 40
111 80
111 41
111 74
111 178
111 62
111 214
111 146
111 134
111 83
111 201
111 30
111 159
111 210
111 3
111 115
111 130
111 212
111 119
111 161
111 135
111 104
111 21
111 103
111 20
111 132
111 169
111 197
111 167
111 194
111 7
111 44
111 162
111 202
111 67
111 139
111 150
111 195
111 188
111 11
111 125
111 87
111 33
111 42
111 171
111 99
111 47
206 175
206 187
206 55
206 198
206 160
206 27
206 124
206 15
206 138
206 208
206 116
206 49
206 177
206 65
206 17
206 86
206 143
206 105
206 120
206 52
206 184
206 48
206 107
206 38
206 209
206 39
206 217
206 28
206 157
206 144
206 24
206 137
206 211
206 22
206 176
206 164
206 149
206 2
206 16
206 155
206 121
206 172
206 156
206 41
206 5
206 74
206 95
206 91
206 35
206 148
206 100
206 19
206 183
206 46
206 163
206 134
206 29
206 201
206 159
206 77
206 210
206 115
206 212
206 70
206 119
206 203
206 135
206 170
206 21
206 197
206 23
206 167
206 191
206 7
206 181
206 162
206 67
206 139
206 195
206 127
206 192
206 36
206 34
206 33
206 185
206 53
206 42
206 171
206 47
206 173
118 187
118 131
118 198
118 142
118 124
118 12
118 4
118 166
118 14
118 177
118 219
118 75
118 17
118 86
118 143
118 0
118 63
118 106
118 52
118 64
118 184
118 48
118 25
118 107
118 38
118 209
118 217
118 66
118 204
118 73
118 123
118 82
118 85
118 137
118 22
118 176
118 140
118 149
118 189
118 2
118 129
118 90
118 51
118 16
118 155
118 76
118 133
118 156
118 41
118 5
118 74
118 215
118 100
118 19
118 183
118 163
118 83
118 201
118 159
118 210
118 115
118 145
118 70
118 119
118 203
118 161
118 20
118 132
118 169
118 167
118 194
118 84
118 191
118 181
118 202
118 190
118 98
118 150
118 195
118 192
118 36
118 125
118 34
118 42
118 99
118 173
175 187
175 55
175 152
175 186
175 160
175 27
175 124
175 138
175 116
175 4
175 14
175 180
175 89
175 219
175 75
175 143
175 63
175 52
175 88
175 184
175 25
175 209
175 39
175 59
175 28
175 73
175 200
175 37
175 69
175 22
175 176
175 140
175 81
175 128
175 149
175 189
175 129
175 90
175 16
175 156
175 41
175 5
175 95
175 62
175 214
175 146
175 134
175 29
175 83
175 201
175 212
175 70
175 203
175 161
175 135
175 170
175 196
175 197
175 23
175 7
175 202
175 190
175 67
175 98
175 127
175 188
175 33
175 185
175 171
175 99
175 154
175 173
187 92
187 55
187 160
187 27
187 124
187 116
187 97
187 4
187 166
187 14
187 180
187 177
187 219
187 65
187 75
187 17
187 106
187 64
187 48
187 107
187 38
187 39
187 204
187 157
187 73
187 200
187 123
187 82
187 144
187 85
187 137
187 69
187 22
187 176
187 140
187 128
187 149
187 2
187 129
187 16
187 218
187 174
187 80
187 41
187 95
187 91
187 148
187 178
187 19
187 62
187 183
187 46
187 146
187 163
187 134
187 29
187 159
187 210
187 3
187 13
187 115
187 212
187 145
187 57
187 119
187 203
187 161
187 32
187 104
187 170
187 103
187 20
187 196
187 132
187 169
187 167
187 44
187 202
187 190
187 67
187 139
187 150
187 192
187 87
187 34
187 33
187 185
187 42
187 99
187 154
187 173
92 152
92 131
92 198
92 160
92 142
92 124
92 15
92 208
92 56
92 166
92 14
92 89
92 177
92 219
92 65
92 75
92 147
92 86
92 143
92 0
92 105
92 106
92 88
92 107
92 39
92 217
92 28
92 204
92 157
92 73
92 200
92 85
92 24
92 137
92 211
92 81
92 164
92 149
92 189
92 90
92 51
92 16
92 76
92 218
92 121
92 78
92 156
92 80
92 5
92 74
92 215
92 100
92 178
92 19
92 46
92 146
92 163
92 134
92 29
92 83
92 30
92 159
92 210
92 3
92 115
92 57
92 161
92 135
92 104
92 170
92 103
92 20
92 132
92 158
92 197
92 23
92 84
92 191
92 7
92 162
92 202
92 190
92 98
92 188
92 125
92 87
92 33
92 171
92 99
92 154
92 173
55 131
55 186
55 43
55 12
55 208
55 116
55 166
55 49
55 89
55 219
55 75
55 147
55 17
55 86
55 143
55 0
55 105
55 88
55 184
55 107
55 39
55 28
55 66
55 204
55 157
55 123
55 211
55 22
55 128
55 16
55 155
55 76
55 218
55 172
55 78
55 133
55 174
55 41
55 95
55 91
55 148
55 215
55 100
55 183
55 46
55 163
55 29
55 30
55 159
55 3
55 13
55 115
55 130
55 57
55 70
55 161
55 135
55 18
55 104
55 103
55 20
55 158
55 169
55 197
55 23
55 84
55 7
55 44
55 162
55 36
55 188
55 87
55 34
55 33
55 42
55 47
55 154
152 131
152 186
152 160
152 43
152 142
152 27
152 124
152 15
152 138
152 14
152 49
152 177
152 219
152 147
152 17
152 143
152 0
152 120
152 106
152 52
152 88
152 64
152 25
152 38
152 217
152 28
152 66
152 73
152 85
152 69
152 128
152 149
152 189
152 2
152 16
152 76
152 121
152 172
152 78
152 156
152 5
152 91
152 215
152 178
152 62
152 183
152 146
152 163
152 29
152 201
152 30
152 159
152 210
152 3
152 115
152 212
152 70
152 135
152 18
152 104
152 170
152 103
152 20
152 132
152 158
152 167
152 84
152 191
152 7
152 181
152 67
152 98
152 139
152 127
152 192
152 188
152 87
152 34
152 185
131 43
131 27
131 12
131 15
131 208
131 56
131 4
131 166
131 14
131 89
131 65
131 75
131 147
131 86
131 63
131 120
131 88
131 64
131 184
131 25
131 38
131 209
131 217
131 204
131 200
131 123
131 85
131 24
131 176
131 164
131 149
131 189
131 2
131 129
131 51
131 16
131 155
131 121
131 78
131 133
131 156
131 174
131 41
131 35
131 215
131 100
131 178
131 183
131 46
131 214
131 146
131 163
131 29
131 83
131 201
131 30
131 77
131 3
131 13
131 115
131 212
131 57
131 70
131 119
131 161
131 135
131 170
131 158
131 169
131 191
131 7
131 202
131 190
131 98
131 139
131 150
131 195
131 127
131 192
131 36
131 188
131 11
131 125
131 53
131 99
131 47
186 198
186 43
186 27
186 124
186 12
186 15
186 56
186 97
186 219
186 17
186 86
186 143
186 105
186 106
186 52
186 88
186 184
186 48
186 107
186 38
186 39
186 217
186 204
186 200
186 82
186 144
186 37
186 211
186 69
186 22
186 176
186 140
186 164
186 129
186 155
186 218
186 172
186 78
186 156
186 174
186 41
186 95
186 35
186 100
186 183
186 46
186 214
186 146
186 134
186 83
186 201
186 30
186 159
186 210
186 3
186 13
186 115
186 212
186 161
186 135
186 18
186 170
186 21
186 196
186 23
186 84
186 7
186 162
186 190
186 67
186 98
186 139
186 150
186 195
186 127
186 192
186 188
186 87
186 42
186 171
186 47
186 154
198 27
198 12
198 138
198 116
198 4
198 14
198 180
198 177
198 75
198 17
198 86
198 143
198 120
198 88
198 64
198 25
198 38
198 39
198 217
198 157
198 73
198 82
198 137
198 176
198 81
198 164
198 51
198 76
198 218
198 121
198 172
198 133
198 40
198 41
198 95
198 62
198 146
198 134
198 83
198 30
198 77
198 3
198 13
198 130
198 212
198 145
198 57
198 70
198 135
198 18
198 32
198 103
198 196
198 23
198 167
198 191
198 181
198 202
198 67
198 139
198 150
198 195
198 127
198 36
198 188
198 11
198 125
198 87
198 53
198 171
198 99
198 47
198 173
160 43
160 15
160 138
160 208
160 116
160 56
160 97
160 4
160 14
160 180
160 177
160 75
160 147
160 86
160 143
160 179
160 105
160 120
160 38
160 209
160 59
160 66
160 157
160 73
160 200
160 82
160 24
160 211
160 69
160 128
160 129
160 76
160 78
160 40
160 80
160 5
160 74
160 95
160 91
160 215
160 178
160 62
160 183
160 46
160 146
160 83
160 77
160 210
160 3
160 13
160 130
160 212
160 70
160 161
160 135
160 18
160 21
160 20
160 132
160 158
160 167
160 194
160 181
160 162
160 190
160 195
160 127
160 188
160 125
160 87
160 34
160 185
160 53
160 42
160 171
160 47
160 154
43 124
43 208
43 116
43 56
43 4
43 49
43 177
43 219
43 75
43 86
43 0
43 179
43 88
43 64
43 48
43 38
43 209
43 39
43 59
43 217
43 28
43 66
43 200
43 82
43 144
43 24
43 137
43 211
43 140
43 128
43 164
43 149
43 189
43 2
43 90
43 51
43 16
43 155
43 76
43 218
43 174
43 5
43 91
43 100
43 46
43 214
43 134
43 29
43 201
43 159
43 77
43 210
43 3
43 130
43 212
43 57
43 119
43 18
43 32
43 104
43 103
43 196
43 132
43 169
43 167
43 84
43 44
43 202
43 67
43 98
43 150
43 195
43 127
43 192
43 36
43 188
43 11
43 125
43 87
43 33
43 185
43 53
43 99
43 47
43 154
142 12
142 56
142 97
142 4
142 166
142 89
142 75
142 143
142 106
142 52
142 25
142 38
142 39
142 217
142 28
142 66
142 157
142 200
142 85
142 176
142 140
142 81
142 164
142 149
142 2
142 76
142 121
142 172
142 78
142 174
142 80
142 5
142 215
142 19
142 62
142 183
142 46
142 214
142 163
142 29
142 201
142 77
142 13
142 115
142 130
142 57
142 70
142 119
142 203
142 161
142 135
142 32
142 21
142 103
142 84
142 191
142 181
142 44
142 98
142 139
142 36
142 188
142 11
142 125
142 33
142 185
142 53
142 171
142 47
142 154
142 173
27 124
27 12
27 208
27 116
27 97
27 180
27 89
27 65
27 75
27 17
27 179
27 184
27 107
27 209
27 39
27 59
27 217
27 28
27 66
27 204
27 200
27 82
27 144
27 24
27 137
27 22
27 81
27 164
27 149
27 2
27 16
27 218
27 121
27 41
27 74
27 35
27 148
27 100
27 178
27 62
27 183
27 46
27 214
27 146
27 163
27 134
27 29
27 210
27 3
27 13
27 115
27 130
27 212
27 57
27 70
27 119
27 203
27 170
27 21
27 103
27 132
27 158
27 194
27 84
27 191
27 202
27 190
27 67
27 98
27 36
27 188
27 87
27 34
27 33
27 42
27 171
124 56
124 97
124 166
124 49
124 180
124 177
124 75
124 147
124 86
124 0
124 179
124 106
124 52
124 88
124 184
124 38
124 59
124 66
124 204
124 200
124 123
124 82
124 37
124 137
124 149
124 51
124 155
124 76
124 121
124 172
124 133
124 174
124 80
124 41
124 95
124 215
124 100
124 178
124 46
124 214
124 163
124 134
124 77
124 3
124 13
124 203
124 161
124 18
124 32
124 104
124 21
124 103
124 20
124 158
124 23
124 167
124 202
124 190
124 67
124 98
124 139
124 150
124 192
124 36
124 188
124 125
124 34
124 185
124 53
12 208
12 97
12 166
12 14
12 49
12 180
12 89
12 219
12 65
12 75
12 86
12 143
12 179
12 106
12 52
12 88
12 64
12 184
12 38
12 209
12 39
12 28
12 204
12 73
12 200
12 22
12 164
12 129
12 90
12 51
12 155
12 121
12 172
12 78
12 80
12 5
12 148
12 100
12 62
12 183
12 46
12 163
12 134
12 77
12 115
12 212
12 57
12 119
12 161
12 135
12 32
12 104
12 170
12 103
12 20
12 23
12 194
12 84
12 191
12 162
12 139
12 150
12 195
12 188
12 11
12 125
12 34
12 33
12 42
12 154
12 173
15 208
15 116
15 56
15 4
15 14
15 180
15 177
15 219
15 75
15 86
15 0
15 63
15 105
15 120
15 106
15 88
15 64
15 184
15 209
15 39
15 28
15 66
15 73
15 200
15 123
15 144
15 37
15 24
15 176
15 81
15 128
15 164
15 129
15 51
15 16
15 155
15 76
15 218
15 121
15 172
15 78
15 174
15 40
15 95
15 215
15 100
15 178
15 19
15 62
15 183
15 214
15 29
15 77
15 3
15 130
15 212
15 57
15 70
15 119
15 203
15 18
15 32
15 104
15 103
15 20
15 196
15 191
15 162
15 202
15 67
15 139
15 127
15 36
15 188
15 34
15 53
15 42
15 99
15 47
15 173
138 116
138 97
138 166
138 49
138 89
138 65
138 75
138 143
138 179
138 63
138 105
138 120
138 52
138 25
138 107
138 209
138 217
138 28
138 157
138 73
138 123
138 82
138 144
138 137
138 211
138 69
138 176
138 140
138 128
138 164
138 90
138 51
138 16
138 155
138 76
138 218
138 121
138 172
138 156
138 174
138 5
138 148
138 215
138 178
138 19
138 183
138 214
138 163
138 134
138 29
138 83
138 159
138 3
138 115
138 70
138 119
138 161
138 18
138 104
138 21
138 103
138 20
138 169
138 197
138 23
138 194
138 191
138 67
138 98
138 195
138 36
138 188
138 11
138 87
138 34
138 33
138 185
138 42
138 99
138 173
208 116
208 97
208 166
208 49
208 177
208 17
208 86
208 179
208 106
208 88
208 64
208 184
208 48
208 25
208 107
208 38
208 209
208 39
208 59
208 28
208 66
208 204
208 157
208 123
208 82
208 85
208 211
208 176
208 81
208 128
208 149
208 189
208 90
208 76
208 218
208 133
208 156
208 174
208 80
208 74
208 35
208 215
208 178
208 19
208 62
208 46
208 214
208 146
208 134
208 77
208 210
208 13
208 115
208 130
208 145
208 70
208 203
208 161
208 170
208 196
208 169
208 84
208 191
208 67
208 98
208 150
208 127
208 192
208 36
208 188
208 11
208 125
208 33
208 185
208 53
208 42
208 99
208 47
208 154
208 173
116 97
116 4
116 166
116 49
116 180
116 177
116 219
116 75
116 17
116 86
116 143
116 0
116 179
116 63
116 120
116 52
116 64
116 184
116 25
116 209
116 28
116 66
116 204
116 82
116 144
116 24
116 137
116 211
116 176
116 140
116 81
116 128
116 164
116 189
116 90
116 16
116 76
116 218
116 172
116 78
116 156
116 174
116 40
116 41
116 5
116 35
116 148
116 100
116 19
116 62
116 183
116 46
116 214
116 134
116 29
116 201
116 159
116 77
116 210
116 3
116 212
116 57
116 70
116 161
116 32
116 170
116 21
116 20
116 158
116 167
116 84
116 191
116 162
116 67
116 98
116 127
116 36
116 11
116 125
116 42
116 47
116 154
116 173
56 97
56 4
56 166
56 177
56 219
56 65
56 17
56 86
56 143
56 120
56 106
56 184
56 48
56 38
56 59
56 204
56 157
56 73
56 200
56 144
56 37
56 85
56 211
56 69
56 22
56 176
56 128
56 149
56 189
56 129
56 51
56 16
56 155
56 76
56 218
56 78
56 133
56 40
56 41
56 5
56 74
56 35
56 178
56 19
56 183
56 46
56 214
56 134
56 29
56 83
56 201
56 77
56 210
56 13
56 115
56 130
56 145
56 57
56 119
56 161
56 32
56 104
56 21
56 103
56 20
56 196
56 23
56 167
56 181
56 202
56 98
56 150
56 127
56 192
56 125
56 87
56 34
56 53
56 42
56 173
97 4
97 14
97 49
97 180
97 89
97 177
97 17
97 120
97 184
97 48
97 209
97 204
97 200
97 123
97 24
97 69
97 176
97 81
97 189
97 2
97 129
97 90
97 16
97 155
97 78
97 133
97 40
97 74
97 95
97 91
97 215
97 100
97 214
97 163
97 134
97 159
97 77
97 115
97 212
97 57
97 70
97 119
97 135
97 32
97 104
97 170
97 20
97 158
97 169
97 197
97 167
97 194
97 84
97 181
97 67
97 98
97 127
97 125
97 87
97 34
97 53
97 99
97 47
97 173
4 166
4 49
4 65
4 75
4 143
4 0
4 63
4 106
4 88
4 184
4 48
4 25
4 38
4 209
4 39
4 59
4 217
4 28
4 66
4 204
4 73
4 200
4 82
4 144
4 37
4 24
4 137
4 69
4 22
4 140
4 189
4 2
4 51
4 155
4 76
4 172
4 133
4 156
4 40
4 41
4 74
4 35
4 148
4 215
4 62
4 46
4 163
4 134
4 83
4 201
4 77
4 210
4 3
4 13
4 115
4 212
4 32
4 170
4 20
4 196
4 132
4 84
4 191
4 44
4 202
4 190
4 67
4 150
4 195
4 188
4 125
4 34
4 33
4 53
4 42
4 173
166 89
166 177
166 219
166 75
166 147
166 17
166 0
166 63
166 52
166 88
166 184
166 48
166 38
166 39
166 28
166 204
166 123
166 82
166 144
166 85
166 24
166 137
166 176
166 128
166 164
166 149
166 189
166 90
166 16
166 76
166 172
166 133
166 156
166 174
166 40
166 5
166 95
166 183
166 46
166 146
166 83
166 159
166 77
166 210
166 115
166 130
166 212
166 145
166 203
166 161
166 32
166 21
166 20
166 132
166 23
166 191
166 44
166 162
166 202
166 190
166 98
166 139
166 150
166 195
166 127
166 192
166 36
166 11
166 33
166 171
14 49
14 177
14 219
14 17
14 86
14 143
14 0
14 179
14 106
14 184
14 38
14 209
14 39
14 217
14 28
14 66
14 157
14 200
14 82
14 37
14 22
14 176
14 140
14 81
14 128
14 164
14 189
14 2
14 129
14 76
14 218
14 121
14 78
14 133
14 40
14 5
14 74
14 95
14 100
14 19
14 62
14 183
14 46
14 214
14 146
14 134
14 83
14 201
14 77
14 3
14 13
14 115
14 130
14 145
14 119
14 161
14 135
14 18
14 104
14 170
14 20
14 196
14 132
14 169
14 197
14 23
14 167
14 7
14 162
14 190
14 139
14 150
14 188
14 11
14 125
14 33
14 185
14 171
14 47
49 219
49 147
49 86
49 120
49 88
49 64
49 184
49 107
49 38
49 59
49 28
49 204
49 200
49 82
49 37
49 85
49 211
49 69
49 22
49 164
49 149
49 189
49 2
49 90
49 16
49 155
49 218
49 121
49 172
49 133
49 156
49 174
49 40
49 80
49 41
49 74
49 35
49 215
49 100
49 178
49 19
49 62
49 183
49 46
49 146
49 29
49 83
49 30
49 77
49 210
49 3
49 115
49 212
49 145
49 57
49 119
49 161
49 32
49 170
49 21
49 103
49 20
49 196
49 132
49 169
49 23
49 167
49 194
49 84
49 7
49 181
49 162
49 190
49 67
49 139
49 127
49 192
49 36
49 188
49 11
49 87
49 33
49 42
49 171
49 47
49 173
180 177
180 17
180 143
180 0
180 179
180 106
180 52
180 88
180 48
180 25
180 107
180 39
180 217
180 28
180 66
180 82
180 144
180 37
180 69
180 176
180 81
180 164
180 149
180 189
180 90
180 16
180 76
180 121
180 172
180 133
180 156
180 40
180 80
180 95
180 215
180 178
180 19
180 62
180 214
180 163
180 134
180 159
180 77
180 210
180 119
180 203
180 135
180 104
180 20
180 196
180 132
180 169
180 197
180 23
180 167
180 84
180 181
180 44
180 139
180 150
180 195
180 192
180 11
180 87
180 34
180 33
180 185
180 99
180 154
89 65
89 75
89 86
89 143
89 0
89 179
89 63
89 120
89 88
89 48
89 38
89 39
89 59
89 217
89 73
89 200
89 123
89 82
89 144
89 37
89 85
89 211
89 176
89 128
89 129
89 155
89 218
89 133
89 174
89 215
89 100
89 178
89 62
89 183
89 46
89 134
89 29
89 83
89 30
89 3
89 130
89 212
89 145
89 161
89 32
89 104
89 170
89 103
89 197
89 23
89 191
89 181
89 162
89 202
89 67
89 192
89 188
89 125
89 87
89 33
89 53
89 99
89 173
177 219
177 65
177 86
177 63
177 105
177 52
177 88
177 64
177 48
177 25
177 107
177 38
177 39
177 59
177 217
177 66
177 204
177 200
177 123
177 82
177 144
177 85
177 24
177 137
177 211
177 69
177 149
177 90
177 121
177 172
177 78
177 133
177 156
177 174
177 40
177 41
177 5
177 35
177 100
177 178
177 214
177 146
177 163
177 134
177 83
177 201
177 77
177 210
177 3
177 13
177 57
177 70
177 119
177 161
177 32
177 104
177 21
177 20
177 196
177 158
177 23
177 181
177 44
177 190
177 67
177 98
177 139
177 150
177 192
177 36
177 188
177 11
177 87
177 34
177 33
177 185
177 53
177 42
177 171
177 47
177 173
219 65
219 75
219 17
219 143
219 52
219 184
219 48
219 38
219 39
219 59
219 217
219 28
219 82
219 144
219 69
219 22
219 2
219 129
219 16
219 155
219 218
219 172
219 40
219 80
219 5
219 148
219 183
219 46
219 214
219 163
219 83
219 201
219 77
219 210
219 130
219 145
219 57
219 70
219 161
219 32
219 104
219 170
219 196
219 158
219 167
219 84
219 191
219 162
219 139
219 150
219 195
219 127
219 36
219 188
219 11
219 87
219 53
219 154
219 173
65 75
65 147
65 17
65 86
65 179
65 63
65 52
65 25
65 39
65 59
65 123
65 82
65 85
65 137
65 69
65 128
65 149
65 189
65 218
65 121
65 172
65 133
65 156
65 40
65 80
65 100
65 62
65 183
65 163
65 159
65 210
65 3
65 115
65 212
65 145
65 57
65 70
65 135
65 18
65 21
65 20
65 196
65 132
65 23
65 191
65 181
65 44
65 162
65 139
65 150
65 127
65 192
65 36
65 87
65 33
65 185
65 99
65 173
75 147
75 143
75 0
75 63
75 105
75 106
75 88
75 48
75 107
75 209
75 39
75 217
75 28
75 66
75 204
75 157
75 123
75 82
75 85
75 137
75 211
75 140
75 128
75 149
75 189
75 16
75 76
75 78
75 133
75 174
75 5
75 91
75 148
75 215
75 178
75 46
75 214
75 134
75 83
75 210
75 13
75 212
75 145
75 119
75 203
75 161
75 135
75 104
75 170
75 158
75 169
75 197
75 191
75 44
75 162
75 190
75 139
75 195
75 127
75 192
75 188
75 11
75 125
75 34
75 185
75 53
75 99
75 47
75 154
147 17
147 179
147 120
147 48
147 209
147 39
147 217
147 28
147 204
147 73
147 200
147 144
147 85
147 137
147 69
147 22
147 140
147 164
147 189
147 2
147 129
147 90
147 51
147 155
147 76
147 218
147 78
147 156
147 174
147 40
147 5
147 215
147 100
147 163
147 29
147 201
147 30
147 210
147 13
147 115
147 130
147 212
147 203
147 161
147 104
147 170
147 21
147 132
147 158
147 197
147 194
147 84
147 44
147 202
147 139
147 150
147 127
147 188
147 11
147 87
147 34
147 185
147 42
147 171
147 99
147 47
147 154
17 86
17 179
17 63
17 105
17 88
17 64
17 184
17 48
17 38
17 39
17 59
17 217
17 28
17 66
17 157
17 176
17 140
17 128
17 164
17 149
17 189
17 2
17 51
17 16
17 155
17 218
17 121
17 172
17 174
17 40
17 95
17 35
17 215
17 19
17 29
17 201
17 30
17 159
17 3
17 115
17 57
17 70
17 119
17 203
17 161
17 32
17 104
17 170
17 21
17 103
17 169
17 23
17 167
17 194
17 191
17 7
17 202
17 190
17 67
17 98
17 150
17 195
17 127
17 192
17 36
17 188
17 11
17 125
17 87
17 34
17 33
17 185
17 42
17 154
86 143
86 63
86 52
86 184
86 25
86 38
86 209
86 217
86 37
86 85
86 137
86 22
86 176
86 140
86 128
86 164
86 129
86 51
86 78
86 80
86 74
86 91
86 148
86 183
86 46
86 146
86 134
86 83
86 201
86 159
86 77
86 210
86 3
86 57
86 32
86 170
86 21
86 196
86 169
86 23
86 7
86 181
86 202
86 139
86 195
86 127
86 11
86 125
86 33
86 185
86 171
86 99
86 154
143 179
143 63
143 105
143 106
143 52
143 88
143 64
143 25
143 38
143 59
143 66
143 204
143 73
143 123
143 82
143 144
143 24
143 137
143 211
143 22
143 176
143 128
143 149
143 2
143 90
143 51
143 155
143 218
143 172
143 156
143 174
143 40
143 41
143 74
143 95
143 91
143 35
143 148
143 100
143 62
143 183
143 214
143 134
143 201
143 159
143 115
143 212
143 70
143 161
143 135
143 32
143 104
143 20
143 169
143 197
143 23
143 191
143 7
143 44
143 162
143 190
143 67
143 195
143 192
143 36
143 125
143 87
143 53
143 42
143 171
143 47
143 154
0 105
0 120
0 106
0 52
0 88
0 184
0 48
0 25
0 107
0 217
0 28
0 204
0 200
0 123
0 82
0 144
0 37
0 85
0 211
0 22
0 176
0 140
0 164
0 149
0 189
0 51
0 155
0 76
0 218
0 121
0 78
0 133
0 40
0 74
0 95
0 91
0 215
0 100
0 183
0 214
0 146
0 134
0 29
0 83
0 201
0 30
0 13
0 115
0 57
0 70
0 104
0 20
0 132
0 158
0 169
0 197
0 23
0 167
0 194
0 84
0 7
0 181
0 202
0 98
0 139
0 127
0 188
0 87
179 63
179 105
179 184
179 107
179 209
179 39
179 28
179 66
179 73
179 123
179 24
179 69
179 22
179 140
179 81
179 128
179 189
179 2
179 90
179 218
179 121
179 41
179 5
179 74
179 35
179 148
179 215
179 178
179 19
179 183
179 46
179 146
179 134
179 29
179 201
179 30
179 159
179 3
179 115
179 130
179 57
179 119
179 203
179 135
179 32
179 170
179 21
179 196
179 132
179 158
179 197
179 23
179 167
179 194
179 84
179 191
179 181
179 44
179 162
179 202
179 190
179 150
179 195
179 192
179 36
179 188
179 125
179 34
179 33
179 47
179 154
179 173
63 105
63 88
63 184
63 25
63 107
63 209
63 39
63 59
63 66
63 204
63 73
63 82
63 137
63 69
63 176
63 128
63 164
63 149
63 2
63 129
63 155
63 121
63 172
63 78
63 174
63 40
63 41
63 148
63 183
63 46
63 214
63 83
63 201
63 77
63 210
63 13
63 115
63 212
63 145
63 57
63 70
63 203
63 161
63 135
63 18
63 32
63 21
63 196
63 158
63 23
63 167
63 191
63 44
63 190
63 67
63 150
63 195
63 188
63 11
63 125
63 33
63 185
63 42
105 106
105 52
105 64
105 209
105 39
105 217
105 66
105 157
105 200
105 123
105 211
105 81
105 164
105 2
105 51
105 16
105 76
105 218
105 172
105 78
105 133
105 80
105 41
105 5
105 74
105 148
105 100
105 178
105 214
105 29
105 83
105 159
105 210
105 3
105 212
105 119
105 203
105 135
105 32
105 20
105 158
105 197
105 23
105 194
105 191
105 162
105 98
105 150
105 36
105 188
105 11
105 87
105 34
105 42
105 171
105 47
105 154
120 52
120 184
120 25
120 38
120 39
120 59
120 217
120 66
120 157
120 73
120 123
120 37
120 85
120 137
120 22
120 76
120 172
120 78
120 133
120 174
120 40
120 41
120 74
120 215
120 178
120 183
120 146
120 134
120 29
120 83
120 201
120 30
120 159
120 77
120 210
120 212
120 145
120 70
120 119
120 203
120 161
120 135
120 18
120 103
120 132
120 197
120 167
120 84
120 181
120 162
120 202
120 190
120 139
120 195
120 127
120 192
120 36
120 125
120 87
120 33
120 99
120 47
120 154
120 173
106 52
106 88
106 25
106 107
106 209
106 39
106 217
106 28
106 157
106 73
106 200
106 137
106 211
106 81
106 128
106 164
106 189
106 2
106 16
106 155
106 218
106 121
106 172
106 133
106 156
106 174
106 5
106 74
106 91
106 35
106 148
106 215
106 178
106 19
106 214
106 134
106 29
106 83
106 30
106 159
106 77
106 13
106 145
106 57
106 70
106 203
106 135
106 32
106 104
106 196
106 132
106 158
106 169
106 167
106 194
106 84
106 191
106 7
106 44
106 162
106 202
106 190
106 139
106 150
106 127
106 192
106 36
106 188
106 87
106 34
106 171
106 99
106 47
106 154
106 173
52 184
52 25
52 38
52 217
52 28
52 204
52 157
52 73
52 200
52 123
52 82
52 144
52 85
52 24
52 69
52 176
52 140
52 81
52 128
52 149
52 189
52 2
52 155
52 76
52 121
52 78
52 133
52 156
52 80
52 41
52 5
52 95
52 35
52 148
52 215
52 178
52 62
52 214
52 201
52 30
52 77
52 32
52 21
52 132
52 167
52 191
52 181
52 44
52 202
52 190
52 67
52 195
52 36
52 125
52 53
52 42
52 154
52 173
88 25
88 107
88 209
88 28
88 157
88 82
88 37
88 211
88 69
88 140
88 81
88 189
88 2
88 90
88 155
88 78
88 133
88 174
88 80
88 5
88 91
88 148
88 215
88 100
88 19
88 62
88 46
88 163
88 134
88 29
88 201
88 30
88 159
88 77
88 210
88 3
88 13
88 145
88 119
88 203
88 161
88 104
88 170
88 103
88 196
88 23
88 167
88 194
88 191
88 162
88 139
88 195
88 188
88 11
88 125
88 185
88 53
88 42
88 171
88 99
88 173
64 184
64 209
64 217
64 66
64 37
64 24
64 211
64 22
64 140
64 81
64 164
64 189
64 90
64 51
64 16
64 218
64 78
64 133
64 40
64 80
64 95
64 19
64 62
64 83
64 77
64 210
64 130
64 212
64 145
64 57
64 70
64 119
64 203
64 161
64 18
64 104
64 132
64 197
64 167
64 191
64 181
64 44
64 202
64 190
64 98
64 192
64 36
64 185
64 99
64 154
184 25
184 107
184 38
184 209
184 59
184 157
184 73
184 200
184 24
184 211
184 176
184 140
184 81
184 164
184 149
184 129
184 51
184 155
184 133
184 156
184 174
184 41
184 5
184 74
184 95
184 148
184 100
184 178
184 19
184 62
184 183
184 214
184 146
184 134
184 83
184 13
184 212
184 145
184 57
184 119
184 203
184 161
184 135
184 18
184 104
184 170
184 21
184 103
184 132
184 158
184 169
184 197
184 167
184 181
184 202
184 190
184 67
184 98
184 139
184 150
184 127
184 188
184 34
184 185
184 99
48 107
48 39
48 28
48 66
48 73
48 82
48 37
48 69
48 22
48 189
48 2
48 51
48 155
48 218
48 121
48 172
48 133
48 156
48 40
48 80
48 5
48 74
48 91
48 148
48 215
48 100
48 178
48 62
48 183
48 214
48 146
48 83
48 30
48 210
48 3
48 115
48 130
48 70
48 119
48 135
48 18
48 32
48 20
48 196
48 132
48 167
48 194
48 84
48 191
48 7
48 181
48 44
48 162
48 150
48 195
48 36
48 188
48 87
48 33
48 53
48 42
48 47
25 217
25 28
25 66
25 204
25 157
25 73
25 123
25 85
25 22
25 81
25 128
25 164
25 149
25 189
25 129
25 51
25 16
25 172
25 174
25 41
25 5
25 91
25 19
25 62
25 46
25 146
25 163
25 159
25 77
25 3
25 13
25 130
25 203
25 135
25 18
25 20
25 196
25 197
25 23
25 84
25 191
25 181
25 44
25 190
25 67
25 195
25 127
25 192
25 11
25 125
25 33
25 185
25 53
25 171
25 47
25 173
107 38
107 217
107 66
107 204
107 157
107 82
107 85
107 24
107 137
107 211
107 140
107 128
107 149
107 189
107 129
107 76
107 218
107 121
107 78
107 133
107 156
107 174
107 40
107 80
107 41
107 74
107 95
107 35
107 215
107 19
107 62
107 183
107 46
107 214
107 83
107 201
107 30
107 159
107 77
107 210
107 3
107 115
107 57
107 203
107 161
107 170
107 20
107 196
107 132
107 158
107 197
107 167
107 194
107 7
107 181
107 162
107 202
107 67
107 139
107 195
107 36
107 188
107 125
107 185
107 42
107 171
107 99
107 47
107 173
38 209
38 59
38 28
38 66
38 204
38 73
38 200
38 85
38 24
38 137
38 211
38 69
38 176
38 164
38 149
38 129
38 51
38 76
38 218
38 78
38 156
38 80
38 41
38 74
38 91
38 35
38 215
38 100
38 19
38 214
38 163
38 201
38 159
38 77
38 210
38 3
38 115
38 57
38 70
38 203
38 161
38 135
38 21
38 20
38 132
38 197
38 23
38 167
38 194
38 84
38 7
38 190
38 36
38 125
38 87
38 34
38 185
38 53
209 66
209 157
209 73
209 123
209 82
209 144
209 37
209 85
209 137
209 211
209 176
209 140
209 81
209 149
209 2
209 90
209 51
209 16
209 218
209 172
209 133
209 41
209 74
209 91
209 215
209 100
209 19
209 62
209 46
209 29
209 30
209 159
209 77
209 3
209 13
209 115
209 130
209 57
209 70
209 203
209 18
209 104
209 170
209 21
209 103
209 158
209 167
209 84
209 191
209 202
209 98
209 139
209 150
209 195
209 192
209 188
209 87
209 34
209 33
209 185
209 42
209 171
209 99
209 154
209 173
39 217
39 28
39 66
39 157
39 200
39 144
39 24
39 137
39 211
39 81
39 128
39 2
39 90
39 51
39 155
39 218
39 172
39 133
39 174
39 80
39 41
39 5
39 95
39 91
39 35
39 62
39 46
39 214
39 146
39 163
39 29
39 83
39 201
39 77
39 210
39 115
39 212
39 57
39 161
39 18
39 170
39 21
39 132
39 167
39 181
39 44
39 162
39 202
39 190
39 67
39 98
39 139
39 36
39 188
39 11
39 87
39 33
39 185
39 53
39 171
39 173
59 217
59 66
59 200
59 123
59 24
59 211
59 22
59 176
59 81
59 149
59 155
59 76
59 218
59 121
59 172
59 133
59 40
59 74
59 95
59 148
59 100
59 46
59 214
59 29
59 83
59 30
59 159
59 77
59 210
59 3
59 115
59 145
59 70
59 119
59 203
59 161
59 135
59 18
59 32
59 104
59 196
59 132
59 158
59 167
59 194
59 84
59 191
59 7
59 181
59 44
59 162
59 98
59 139
59 150
59 192
59 11
59 125
59 34
59 33
59 185
59 154
59 173
217 28
217 157
217 200
217 85
217 137
217 69
217 22
217 176
217 140
217 164
217 149
217 189
217 2
217 129
217 76
217 121
217 78
217 133
217 156
217 174
217 41
217 5
217 74
217 95
217 215
217 163
217 29
217 83
217 201
217 30
217 13
217 212
217 145
217 119
217 135
217 18
217 104
217 21
217 103
217 132
217 158
217 169
217 167
217 84
217 7
217 181
217 190
217 67
217 150
217 127
217 192
217 125
217 34
217 185
217 42
217 154
217 173
28 204
28 73
28 200
28 144
28 85
28 24
28 69
28 22
28 140
28 128
28 164
28 218
28 121
28 172
28 78
28 156
28 174
28 40
28 80
28 41
28 74
28 95
28 35
28 215
28 100
28 134
28 30
28 77
28 210
28 212
28 57
28 161
28 21
28 103
28 196
28 158
28 169
28 194
28 7
28 181
28 44
28 162
28 67
28 98
28 150
28 195
28 192
28 11
28 125
28 34
28 185
28 53
28 42
28 99
28 154
28 173
66 123
66 144
66 37
66 85
66 211
66 69
66 22
66 140
66 81
66 189
66 51
66 16
66 156
66 174
66 41
66 91
66 148
66 178
66 19
66 62
66 183
66 46
66 146
66 163
66 134
66 83
66 201
66 77
66 210
66 13
66 145
66 203
66 104
66 103
66 169
66 23
66 191
66 7
66 181
66 44
66 162
66 202
66 190
66 139
66 150
66 195
66 127
66 192
66 33
66 185
66 171
66 99
66 154
66 173
204 200
204 85
204 211
204 140
204 81
204 128
204 149
204 90
204 51
204 121
204 133
204 156
204 41
204 74
204 95
204 35
204 215
204 100
204 178
204 19
204 183
204 46
204 163
204 134
204 30
204 159
204 77
204 210
204 13
204 130
204 212
204 57
204 203
204 161
204 18
204 104
204 170
204 197
204 23
204 167
204 84
204 181
204 67
204 195
204 127
204 188
204 87
204 33
204 42
204 171
157 200
157 123
157 85
157 137
157 176
157 81
157 164
157 189
157 51
157 155
157 172
157 78
157 156
157 174
157 40
157 80
157 91
157 148
157 215
157 100
157 19
157 62
157 46
157 146
157 83
157 77
157 210
157 13
157 115
157 212
157 57
157 70
157 135
157 21
157 132
157 169
157 194
157 7
157 181
157 44
157 67
157 188
157 125
157 53
157 42
157 171
157 99
157 47
157 173
73 123
73 82
73 144
73 24
73 137
73 128
73 149
73 189
73 2
73 51
73 16
73 155
73 218
73 121
73 133
73 156
73 174
73 80
73 74
73 95
73 215
73 178
73 19
73 46
73 214
73 163
73 29
73 83
73 77
73 210
73 212
73 145
73 57
73 70
73 119
73 203
73 135
73 32
73 170
73 21
73 103
73 169
73 23
73 191
73 181
73 67
73 98
73 139
73 192
73 36
73 125
73 34
73 171
73 99
73 154
200 144
200 37
200 85
200 211
200 81
200 128
200 164
200 149
200 129
200 90
200 51
200 155
200 76
200 121
200 80
200 41
200 74
200 95
200 35
200 215
200 178
200 183
200 163
200 134
200 30
200 3
200 13
200 115
200 145
200 70
200 119
200 203
200 32
200 21
200 103
200 20
200 196
200 132
200 7
200 44
200 162
200 202
200 67
200 98
200 139
200 150
200 188
200 11
200 125
200 53
200 99
200 47
200 154
200 173
123 144
123 85
123 211
123 69
123 81
123 128
123 164
123 149
123 189
123 129
123 51
123 133
123 156
123 40
123 5
123 74
123 91
123 35
123 183
123 46
123 163
123 134
123 29
123 83
123 201
123 30
123 77
123 210
123 3
123 212
123 145
123 57
123 203
123 135
123 18
123 170
123 196
123 158
123 169
123 194
123 191
123 181
123 44
123 190
123 67
123 139
123 127
123 36
123 185
123 42
123 47
123 173
82 24
82 137
82 69
82 140
82 81
82 149
82 2
82 129
82 16
82 155
82 76
82 218
82 121
82 172
82 78
82 156
82 174
82 80
82 5
82 74
82 148
82 100
82 178
82 19
82 62
82 183
82 214
82 201
82 77
82 210
82 115
82 130
82 57
82 70
82 119
82 161
82 32
82 103
82 132
82 169
82 191
82 7
82 181
82 44
82 162
82 202
82 139
82 150
82 192
82 36
82 125
82 34
82 171
82 99
82 47
144 81
144 128
144 164
144 129
144 51
144 155
144 218
144 121
144 172
144 156
144 41
144 74
144 91
144 148
144 178
144 62
144 46
144 163
144 201
144 159
144 13
144 212
144 57
144 70
144 104
144 196
144 158
144 197
144 191
144 7
144 181
144 162
144 202
144 190
144 98
144 139
144 192
144 36
144 53
144 42
144 154
37 85
37 24
37 211
37 22
37 176
37 81
37 128
37 90
37 51
37 218
37 78
37 156
37 40
37 80
37 91
37 35
37 100
37 178
37 19
37 46
37 163
37 29
37 83
37 159
37 3
37 13
37 115
37 130
37 212
37 57
37 119
37 161
37 18
37 32
37 104
37 21
37 103
37 158
37 169
37 197
37 191
37 7
37 181
37 44
37 98
37 139
37 195
37 188
37 125
37 87
37 34
37 53
37 42
37 47
37 154
85 211
85 69
85 22
85 176
85 140
85 81
85 164
85 149
85 189
85 2
85 129
85 90
85 51
85 16
85 76
85 121
85 78
85 174
85 5
85 95
85 91
85 19
85 134
85 83
85 210
85 13
85 115
85 130
85 57
85 70
85 161
85 104
85 196
85 158
85 23
85 167
85 194
85 162
85 202
85 190
85 67
85 98
85 139
85 150
85 192
85 36
85 125
85 34
85 53
85 42
24 69
24 22
24 81
24 149
24 90
24 51
24 218
24 172
24 78
24 174
24 40
24 5
24 178
24 163
24 134
24 83
24 201
24 210
24 13
24 115
24 130
24 57
24 203
24 18
24 32
24 104
24 21
24 169
24 23
24 194
24 191
24 7
24 202
24 190
24 139
24 127
24 192
24 36
24 125
24 34
24 33
24 53
24 171
137 211
137 69
137 176
137 128
137 164
137 149
137 51
137 155
137 76
137 121
137 172
137 78
137 133
137 156
137 174
137 80
137 74
137 148
137 19
137 62
137 146
137 163
137 83
137 30
137 13
137 130
137 212
137 57
137 70
137 203
137 135
137 18
137 32
137 104
137 170
137 20
137 196
137 158
137 169
137 23
137 167
137 194
137 84
137 191
137 44
137 190
137 67
137 98
137 139
137 150
137 192
137 188
137 125
137 87
137 34
137 185
137 53
137 99
137 47
211 176
211 140
211 189
211 2
211 129
211 16
211 76
211 172
211 78
211 133
211 156
211 40
211 80
211 95
211 35
211 100
211 178
211 62
211 214
211 134
211 3
211 13
211 145
211 57
211 70
211 119
211 104
211 170
211 103
211 196
211 23
211 167
211 84
211 191
211 44
211 202
211 190
211 67
211 98
211 150
211 127
211 192
211 36
211 188
211 11
211 125
211 87
211 34
211 185
211 171
211 47
211 154
69 22
69 176
69 140
69 128
69 164
69 149
69 189
69 16
69 155
69 76
69 121
69 133
69 174
69 5
69 74
69 35
69 100
69 62
69 214
69 163
69 134
69 83
69 201
69 30
69 77
69 210
69 3
69 130
69 212
69 145
69 57
69 119
69 18
69 104
69 158
69 23
69 194
69 84
69 191
69 98
69 139
69 127
69 192
69 36
69 125
69 185
22 176
22 140
22 164
22 90
22 155
22 76
22 218
22 78
22 133
22 40
22 41
22 5
22 91
22 35
22 148
22 215
22 178
22 214
22 146
22 163
22 134
22 201
22 30
22 159
22 77
22 13
22 130
22 212
22 135
22 18
22 32
22 104
22 20
22 132
22 158
22 169
22 191
22 181
22 44
22 162
22 202
22 127
22 192
22 188
22 125
22 87
22 34
22 185
22 53
22 42
22 171
22 173
176 140
176 81
176 128
176 164
176 2
176 129
176 51
176 16
176 76
176 121
176 172
176 133
176 156
176 174
176 40
176 80
176 74
176 35
176 215
176 100
176 19
176 214
176 163
176 29
176 159
176 77
176 210
176 13
176 115
176 130
176 145
176 57
176 119
176 203
176 135
176 104
176 103
176 196
176 169
176 197
176 191
176 7
176 202
176 190
176 139
176 127
176 36
176 188
176 11
176 125
176 87
176 33
176 53
176 47
176 154
176 173
140 81
140 2
140 90
140 155
140 76
140 172
140 133
140 156
140 174
140 40
140 80
140 41
140 74
140 95
140 91
140 35
140 148
140 215
140 100
140 178
140 19
140 62
140 183
140 46
140 214
140 146
140 163
140 134
140 29
140 201
140 30
140 130
140 212
140 57
140 119
140 203
140 161
140 104
140 103
140 196
140 132
140 169
140 197
140 167
140 202
140 190
140 67
140 98
140 139
140 195
140 125
140 34
140 53
140 99
140 47
81 149
81 129
81 76
81 218
81 121
81 172
81 133
81 174
81 5
81 74
81 35
81 148
81 178
81 183
81 46
81 134
81 29
81 201
81 159
81 77
81 115
81 130
81 212
81 57
81 119
81 18
81 104
81 170
81 103
81 158
81 197
81 23
81 194
81 191
81 162
81 190
81 98
81 195
81 188
81 125
81 87
81 34
81 33
81 42
128 51
128 16
128 76
128 218
128 172
128 133
128 174
128 80
128 5
128 178
128 19
128 146
128 134
128 3
128 13
128 130
128 70
128 18
128 32
128 104
128 170
128 21
128 20
128 196
128 132
128 158
128 169
128 167
128 181
128 162
128 202
128 190
128 139
128 150
128 188
128 125
128 87
128 33
128 185
128 99
128 173
164 2
164 129
164 51
164 16
164 155
164 76
164 218
164 133
164 156
164 174
164 40
164 74
164 95
164 91
164 35
164 148
164 178
164 183
164 46
164 214
164 146
164 83
164 201
164 13
164 212
164 57
164 119
164 161
164 135
164 32
164 197
164 23
164 84
164 44
164 162
164 127
164 36
164 188
164 11
164 34
164 33
164 171
164 99
164 47
164 154
149 2
149 90
149 133
149 156
149 80
149 74
149 95
149 91
149 100
149 178
149 19
149 62
149 146
149 163
149 134
149 29
149 201
149 30
149 159
149 77
149 13
149 115
149 145
149 57
149 119
149 18
149 104
149 170
149 21
149 20
149 196
149 132
149 169
149 197
149 23
149 167
149 194
149 191
149 7
149 181
149 44
149 202
149 67
149 98
149 192
149 188
149 11
149 87
149 34
149 33
149 185
149 42
149 171
149 99
149 47
149 173
189 2
189 90
189 51
189 16
189 78
189 41
189 5
189 95
189 183
189 46
189 77
189 210
189 115
189 130
189 70
189 161
189 135
189 18
189 32
189 104
189 170
189 21
189 103
189 132
189 158
189 169
189 23
189 167
189 84
189 181
189 44
189 202
189 67
189 98
189 150
189 127
189 87
189 185
189 47
189 173
2 129
2 155
2 76
2 218
2 121
2 78
2 133
2 174
2 41
2 5
2 74
2 35
2 215
2 62
2 183
2 46
2 214
2 146
2 163
2 134
2 29
2 83
2 201
2 30
2 130
2 70
2 119
2 203
2 18
2 32
2 104
2 21
2 20
2 196
2 23
2 84
2 7
2 181
2 162
2 202
2 195
2 192
2 11
2 125
2 87
2 53
2 42
2 99
2 47
2 154
129 90
129 16
129 76
129 121
129 172
129 133
129 80
129 91
129 35
129 148
129 100
129 146
129 134
129 83
129 201
129 30
129 159
129 77
129 3
129 13
129 115
129 57
129 119
129 203
129 161
129 135
129 32
129 20
129 196
129 132
129 158
129 169
129 197
129 23
129 167
129 84
129 7
129 190
129 67
129 150
129 127
129 192
129 188
129 125
129 33
129 53
129 42
129 99
129 154
129 173
90 51
90 16
90 121
90 78
90 156
90 80
90 35
90 100
90 46
90 146
90 163
90 134
90 83
90 201
90 210
90 13
90 130
90 57
90 161
90 135
90 18
90 104
90 103
90 20
90 197
90 194
90 191
90 162
90 139
90 195
90 127
90 192
90 36
90 11
90 33
90 53
90 99
90 47
51 76
51 121
51 172
51 78
51 40
51 41
51 74
51 91
51 35
51 148
51 215
51 100
51 19
51 62
51 46
51 163
51 134
51 77
51 210
51 13
51 212
51 119
51 135
51 18
51 32
51 20
51 196
51 167
51 191
51 139
51 195
51 192
51 11
51 125
51 87
51 53
51 47
16 76
16 218
16 121
16 174
16 80
16 95
16 35
16 178
16 19
16 62
16 183
16 46
16 201
16 159
16 77
16 115
16 145
16 119
16 18
16 104
16 196
16 169
16 191
16 7
16 162
16 190
16 150
16 195
16 188
16 125
16 87
16 34
16 33
16 53
16 99
16 154
155 218
155 172
155 133
155 174
155 80
155 74
155 35
155 19
155 62
155 46
155 214
155 29
155 83
155 159
155 77
155 115
155 130
155 70
155 119
155 203
155 161
155 18
155 32
155 103
155 196
155 132
155 158
155 197
155 23
155 167
155 191
155 181
155 202
155 190
155 67
155 98
155 139
155 127
155 192
155 33
155 185
155 154
155 173
76 121
76 172
76 156
76 40
76 80
76 41
76 74
76 35
76 62
76 46
76 214
76 134
76 83
76 210
76 3
76 115
76 130
76 212
76 57
76 70
76 119
76 203
76 161
76 18
76 104
76 170
76 20
76 132
76 158
76 23
76 194
76 181
76 98
76 150
76 11
76 87
76 33
76 53
76 47
76 154
76 173
218 78
218 133
218 174
218 40
218 74
218 35
218 100
218 178
218 19
218 183
218 214
218 146
218 201
218 77
218 210
218 3
218 115
218 130
218 212
218 57
218 161
218 135
218 18
218 21
218 20
218 196
218 158
218 194
218 84
218 191
218 7
218 181
218 44
218 162
218 202
218 190
218 67
218 195
218 127
218 11
218 125
218 87
218 53
218 42
218 171
218 154
218 173
121 78
121 40
121 5
121 95
121 35
121 148
121 215
121 214
121 163
121 134
121 201
121 77
121 13
121 212
121 145
121 57
121 203
121 161
121 32
121 21
121 103
121 196
121 132
121 23
121 84
121 191
121 7
121 181
121 44
121 190
121 98
121 139
121 150
121 127
121 36
121 188
121 11
121 33
121 185
121 99
121 47
121 154
172 133
172 156
172 174
172 74
172 35
172 19
172 62
172 46
172 214
172 146
172 163
172 134
172 29
172 83
172 159
172 77
172 3
172 115
172 130
172 212
172 145
172 70
172 119
172 203
172 161
172 18
172 21
172 158
172 169
172 7
172 181
172 44
172 162
172 202
172 190
172 98
172 139
172 127
172 36
172 11
172 125
172 53
172 99
78 174
78 40
78 80
78 74
78 91
78 35
78 215
78 100
78 178
78 19
78 62
78 214
78 163
78 134
78 29
78 83
78 201
78 30
78 159
78 3
78 130
78 212
78 145
78 57
78 203
78 18
78 103
78 23
78 84
78 181
78 44
78 202
78 98
78 127
78 125
78 87
78 53
133 174
133 40
133 74
133 91
133 35
133 215
133 178
133 183
133 46
133 146
133 163
133 134
133 83
133 30
133 210
133 3
133 115
133 145
133 119
133 135
133 18
133 32
133 20
133 196
133 158
133 197
133 23
133 167
133 84
133 191
133 44
133 162
133 190
133 67
133 98
133 150
133 192
133 36
133 11
133 125
133 34
133 33
133 53
133 42
133 171
133 154
133 173
156 74
156 95
156 35
156 215
156 100
156 46
156 214
156 146
156 163
156 134
156 29
156 201
156 30
156 77
156 210
156 57
156 203
156 161
156 135
156 32
156 104
156 170
156 21
156 103
156 20
156 169
156 167
156 194
156 191
156 7
156 181
156 44
156 202
156 190
156 139
156 127
156 192
156 125
156 34
156 33
156 185
174 80
174 41
174 91
174 148
174 100
174 178
174 62
174 183
174 46
174 214
174 163
174 83
174 30
174 159
174 3
174 212
174 145
174 119
174 135
174 32
174 21
174 103
174 20
174 169
174 197
174 84
174 7
174 44
174 162
174 190
174 98
174 139
174 150
174 195
174 127
174 192
174 36
174 188
174 11
174 125
174 185
174 42
174 171
40 80
40 5
40 95
40 35
40 178
40 19
40 183
40 46
40 214
40 134
40 29
40 201
40 210
40 13
40 115
40 130
40 212
40 161
40 135
40 104
40 170
40 103
40 20
40 132
40 169
40 197
40 23
40 7
40 162
40 150
40 127
40 192
40 36
40 188
40 125
40 33
40 185
40 42
40 99
40 173
80 35
80 19
80 46
80 146
80 29
80 83
80 30
80 159
80 119
80 161
80 135
80 18
80 32
80 21
80 196
80 132
80 23
80 167
80 194
80 44
80 162
80 190
80 98
80 139
80 150
80 127
80 192
80 36
80 11
80 125
80 87
80 185
80 171
80 99
80 47
80 154
41 5
41 74
41 95
41 35
41 148
41 215
41 100
41 178
41 62
41 183
41 146
41 83
41 201
41 77
41 210
41 115
41 130
41 145
41 70
41 203
41 161
41 135
41 18
41 32
41 21
41 103
41 20
41 196
41 132
41 158
41 197
41 167
41 194
41 84
41 44
41 202
41 190
41 36
41 11
41 87
41 33
41 42
41 99
41 173
5 74
5 95
5 91
5 35
5 148
5 215
5 19
5 46
5 214
5 163
5 134
5 13
5 115
5 57
5 203
5 161
5 135
5 18
5 103
5 20
5 196
5 132
5 169
5 197
5 23
5 167
5 191
5 7
5 181
5 44
5 162
5 150
5 195
5 127
5 192
5 188
5 125
5 87
5 34
5 42
5 99
5 47
5 173
74 215
74 100
74 178
74 19
74 46
74 214
74 146
74 29
74 30
74 77
74 3
74 145
74 57
74 70
74 203
74 161
74 18
74 32
74 170
74 103
74 20
74 197
74 23
74 167
74 194
74 7
74 181
74 190
74 67
74 139
74 127
74 188
74 125
74 34
74 185
74 53
74 171
74 47
74 173
95 35
95 100
95 178
95 19
95 62
95 183
95 134
95 201
95 30
95 159
95 77
95 210
95 115
95 70
95 119
95 203
95 18
95 104
95 158
95 169
95 23
95 167
95 194
95 191
95 7
95 181
95 44
95 162
95 67
95 98
95 150
95 127
95 188
95 125
95 87
95 34
95 185
95 171
95 99
95 47
91 35
91 215
91 100
91 178
91 62
91 46
91 214
91 163
91 29
91 201
91 30
91 77
91 210
91 212
91 145
91 135
91 170
91 21
91 103
91 196
91 158
91 169
91 23
91 191
91 181
91 44
91 139
91 195
91 127
91 192
91 188
91 11
91 125
91 87
91 42
91 171
91 99
91 173
35 46
35 214
35 146
35 163
35 134
35 159
35 210
35 13
35 115
35 130
35 145
35 119
35 203
35 135
35 104
35 103
35 20
35 158
35 202
35 67
35 98
35 139
35 192
35 188
35 125
35 87
35 42
35 99
35 154
148 100
148 178
148 62
148 183
148 214
148 146
148 163
148 29
148 83
148 201
148 159
148 13
148 115
148 130
148 145
148 203
148 135
148 18
148 32
148 104
148 103
148 197
148 191
148 7
148 44
148 162
148 150
148 195
148 36
148 188
148 11
148 125
148 34
148 53
148 42
148 154
148 173
215 178
215 183
215 163
215 134
215 29
215 201
215 30
215 159
215 77
215 130
215 212
215 57
215 119
215 161
215 135
215 18
215 32
215 169
215 194
215 190
215 67
215 139
215 195
215 127
215 192
215 11
215 125
215 87
215 185
215 53
215 171
215 173
100 178
100 62
100 29
100 83
100 201
100 159
100 77
100 115
100 212
100 145
100 161
100 21
100 20
100 158
100 191
100 181
100 162
100 202
100 190
100 67
100 98
100 192
100 36
100 188
100 87
100 34
100 33
100 53
100 99
100 47
100 154
100 173
178 19
178 62
178 46
178 201
178 159
178 3
178 115
178 130
178 203
178 135
178 18
178 170
178 21
178 103
178 196
178 194
178 84
178 181
178 190
178 139
178 150
178 127
178 36
178 125
178 34
178 171
178 99
178 47
178 154
178 173
19 214
19 163
19 29
19 83
19 210
19 13
19 115
19 57
19 70
19 119
19 18
19 32
19 21
19 20
19 196
19 169
19 197
19 194
19 202
19 67
19 36
19 188
19 33
19 185
19 53
19 171
19 47
62 183
62 146
62 163
62 83
62 159
62 210
62 3
62 130
62 104
62 21
62 103
62 132
62 169
62 197
62 23
62 167
62 194
62 191
62 7
62 181
62 44
62 67
62 139
62 150
62 195
62 127
62 125
62 87
62 34
62 33
62 53
62 42
62 171
62 99
62 47
62 154
62 173
183 46
183 214
183 146
183 163
183 159
183 210
183 115
183 130
183 145
183 119
183 203
183 18
183 32
183 170
183 21
183 132
183 197
183 167
183 84
183 162
183 190
183 98
183 195
183 127
183 36
183 188
183 11
183 34
183 33
183 171
183 99
183 47
183 154
46 214
46 159
46 77
46 3
46 115
46 145
46 119
46 135
46 18
46 170
46 20
46 197
46 167
46 84
46 191
46 7
46 44
46 98
46 150
46 195
46 127
46 188
46 11
46 87
46 33
46 185
46 53
46 42
46 171
46 99
46 47
214 146
214 134
214 210
214 13
214 145
214 170
214 196
214 132
214 167
214 194
214 84
214 181
214 162
214 202
214 190
214 67
214 150
214 188
214 125
214 33
214 99
214 47
214 173
146 29
146 83
146 201
146 30
146 3
146 115
146 212
146 57
146 135
146 18
146 170
146 21
146 196
146 132
146 169
146 23
146 7
146 44
146 162
146 202
146 190
146 98
146 150
146 127
146 188
146 11
146 87
146 33
146 185
146 53
146 99
163 29
163 83
163 201
163 159
163 3
163 115
163 130
163 145
163 57
163 70
163 119
163 161
163 18
163 20
163 132
163 158
163 197
163 191
163 181
163 162
163 67
163 98
163 139
163 127
163 36
163 188
163 125
163 34
163 171
163 154
134 201
134 77
134 3
134 130
134 145
134 119
134 161
134 32
134 21
134 158
134 194
134 84
134 191
134 181
134 44
134 202
134 127
134 192
134 188
134 125
134 34
134 33
134 185
134 53
134 171
134 173
29 30
29 159
29 210
29 145
29 70
29 119
29 135
29 32
29 103
29 20
29 23
29 191
29 181
29 44
29 190
29 67
29 98
29 139
29 195
29 127
29 11
29 33
29 53
29 171
29 47
29 154
29 173
83 30
83 210
83 3
83 13
83 130
83 145
83 119
83 135
83 170
83 158
83 197
83 167
83 194
83 191
83 7
83 181
83 44
83 139
83 192
83 185
83 53
83 173
201 77
201 210
201 13
201 130
201 212
201 145
201 57
201 119
201 32
201 104
201 170
201 103
201 20
201 196
201 158
201 169
201 197
201 23
201 167
201 191
201 7
201 44
201 190
201 98
201 139
201 87
201 34
201 33
201 99
30 77
30 210
30 3
30 115
30 130
30 70
30 119
30 203
30 161
30 135
30 18
30 32
30 103
30 20
30 197
30 23
30 194
30 67
30 98
30 139
30 53
30 171
159 77
159 3
159 130
159 119
159 203
159 18
159 104
159 103
159 132
159 158
159 84
159 181
159 162
159 190
159 150
159 195
159 127
159 36
159 188
159 171
159 47
159 154
77 145
77 135
77 197
77 23
77 167
77 191
77 7
77 181
77 98
77 139
77 195
77 188
77 11
77 33
77 185
77 42
77 171
77 99
77 47
77 154
77 173
210 3
210 13
210 115
210 145
210 57
210 203
210 161
210 32
210 21
210 20
210 196
210 158
210 169
210 23
210 84
210 191
210 44
210 150
210 36
210 188
210 11
210 125
210 34
210 33
210 185
210 171
210 99
210 173
3 13
3 212
3 145
3 70
3 161
3 104
3 158
3 84
3 202
3 67
3 139
3 150
3 195
3 127
3 192
3 11
3 125
3 87
3 33
3 185
3 42
3 154
3 173
13 130
13 212
13 203
13 161
13 18
13 104
13 170
13 132
13 194
13 84
13 7
13 181
13 162
13 202
13 192
13 188
13 11
13 185
13 53
13 171
13 99
115 161
115 170
115 20
115 132
115 169
115 197
115 44
115 162
115 67
115 98
115 150
115 127
115 192
115 36
115 188
115 11
115 125
115 87
115 185
115 99
115 47
115 154
115 173
130 145
130 57
130 203
130 161
130 135
130 18
130 104
130 21
130 20
130 158
130 197
130 23
130 167
130 181
130 162
130 98
130 127
130 188
130 11
130 87
130 34
130 53
130 42
130 99
212 203
212 21
212 103
212 20
212 158
212 23
212 194
212 181
212 44
212 202
212 190
212 98
212 192
212 188
212 87
212 34
212 33
212 42
212 47
212 154
212 173
145 70
145 18
145 196
145 158
145 169
145 197
145 23
145 167
145 194
145 191
145 7
145 181
145 44
145 139
145 195
145 188
145 11
145 125
145 87
145 42
145 99
145 47
145 173
57 161
57 32
57 21
57 103
57 20
57 196
57 169
57 167
57 194
57 191
57 44
57 162
57 67
57 98
57 139
57 127
57 188
57 11
57 125
57 87
57 34
57 33
57 42
57 171
57 173
70 161
70 135
70 32
70 104
70 20
70 196
70 158
70 197
70 23
70 167
70 194
70 84
70 191
70 202
70 190
70 98
70 195
70 11
70 125
70 87
70 34
70 33
70 42
70 171
70 99
70 154
70 173
119 18
119 32
119 104
119 170
119 21
119 103
119 20
119 196
119 158
119 197
119 23
119 194
119 84
119 181
119 44
119 162
119 202
119 67
119 139
119 150
119 195
119 127
119 192
119 36
119 11
119 125
119 87
119 53
119 171
119 47
119 154
203 135
203 18
203 32
203 20
203 196
203 158
203 169
203 197
203 167
203 194
203 44
203 162
203 127
203 192
203 125
203 87
203 33
203 185
203 171
203 47
203 154
203 173
161 18
161 104
161 170
161 103
161 167
161 191
161 181
161 190
161 67
161 150
161 87
161 42
161 99
135 18
135 32
135 21
135 196
135 132
135 158
135 169
135 197
135 84
135 191
135 7
135 181
135 162
135 202
135 67
135 127
135 192
135 11
135 125
135 185
135 53
135 42
135 173
18 170
18 21
18 132
18 158
18 169
18 23
18 194
18 84
18 191
18 181
18 44
18 162
18 67
18 98
18 195
18 127
18 192
18 188
18 11
18 125
18 87
18 34
18 42
32 170
32 20
32 158
32 169
32 194
32 7
32 139
32 150
32 127
32 192
32 36
32 11
32 87
32 33
32 53
32 171
32 99
32 47
32 173
104 20
104 132
104 158
104 23
104 167
104 194
104 44
104 162
104 98
104 139
104 150
104 127
104 192
104 36
104 188
104 125
104 34
104 33
104 185
104 53
104 42
170 196
170 132
170 167
170 194
170 84
170 7
170 181
170 202
170 190
170 98
170 139
170 150
170 195
170 125
170 87
170 185
170 171
170 173
21 20
21 132
21 194
21 84
21 181
21 98
21 11
21 87
21 99
21 173
103 158
103 197
103 23
103 84
103 191
103 44
103 162
103 195
103 188
103 53
103 42
103 47
20 196
20 132
20 169
20 197
20 23
20 7
20 190
20 139
20 150
20 195
20 125
20 87
20 185
20 42
20 171
20 154
20 173
196 132
196 169
196 167
196 84
196 191
196 181
196 202
196 190
196 127
196 192
196 36
196 188
196 11
196 125
196 33
196 185
196 171
196 47
196 154
196 173
132 197
132 167
132 181
132 162
132 192
132 188
132 11
132 34
132 99
132 47
158 197
158 167
158 194
158 84
158 191
158 7
158 181
158 44
158 34
158 185
158 53
169 23
169 167
169 84
169 191
169 7
169 202
169 190
169 139
169 150
169 127
169 188
169 125
169 87
169 33
169 99
169 47
169 154
197 23
197 191
197 181
197 202
197 150
197 195
197 127
197 192
197 36
197 188
197 11
197 87
197 33
197 185
197 171
197 47
23 167
23 191
23 181
23 44
23 162
23 190
23 98
23 139
23 127
23 11
23 125
23 53
23 42
23 171
23 47
23 154
167 181
167 162
167 150
167 188
167 11
167 125
167 87
167 34
167 33
167 185
167 53
167 47
167 154
194 84
194 190
194 67
194 195
194 127
194 192
194 36
194 188
194 34
194 33
194 53
194 42
194 171
194 47
194 173
84 191
84 7
84 44
84 162
84 190
84 67
84 11
84 125
84 34
84 33
84 53
84 42
84 171
84 47
84 154
191 7
191 181
191 44
191 162
191 202
191 190
191 67
191 98
191 127
191 188
191 11
191 125
191 185
191 42
191 99
191 47
191 173
7 44
7 162
7 202
7 98
7 150
7 195
7 192
7 188
7 185
7 53
7 99
181 162
181 202
181 67
181 98
181 139
181 195
181 127
181 36
181 188
181 11
181 87
181 53
181 171
181 99
181 47
181 154
181 173
44 67
44 195
44 127
44 192
44 36
44 87
44 34
44 185
44 53
44 171
162 67
162 98
162 139
162 195
162 127
162 192
162 36
162 188
162 11
162 34
162 53
162 171
162 99
162 47
162 154
202 190
202 98
202 150
202 195
202 127
202 11
202 125
202 33
202 185
202 99
202 47
202 173
190 139
190 150
190 127
190 192
190 36
190 188
190 125
190 87
190 34
190 42
190 154
67 98
67 139
67 195
67 127
67 188
67 125
67 34
67 33
67 42
67 154
67 173
98 195
98 127
98 192
98 36
98 188
98 11
98 125
98 34
98 185
98 99
139 150
139 127
139 36
139 188
139 11
139 125
139 87
139 34
139 99
139 47
139 154
139 173
150 195
150 127
150 36
150 188
150 11
150 125
150 34
150 171
150 99
150 47
150 154
150 173
195 127
195 192
195 36
195 11
195 87
195 34
195 185
195 171
195 47
195 173
127 87
127 185
127 154
127 173
192 11
192 87
192 34
192 33
192 185
192 42
192 171
192 47
192 173
36 34
36 33
36 53
36 42
36 171
36 99
36 173
188 125
188 87
188 33
188 185
188 42
11 125
11 53
11 154
11 173
125 33
125 185
125 53
125 42
125 47
87 99
87 47
34 53
34 42
34 47
33 185
33 53
33 99
185 53
185 42
185 99
185 47
53 47
53 154
42 171
42 154
42 173
171 154
171 173
99 154
99 173
47 154
47 173
154 173
