*verties 190
176
126
10
197
120
41
194
8
180
71
111
159
37
182
85
61
6
40
57
138
9
54
142
5
188
66
171
208
74
62
84
169
162
109
122
161
102
153
116
123
198
157
125
87
28
24
42
107
98
127
179
106
94
119
181
195
186
17
168
193
190
184
203
196
33
141
137
118
199
212
166
16
92
128
34
91
67
136
101
178
78
52
86
44
170
29
174
60
216
156
89
148
79
108
206
63
145
202
192
47
99
204
49
217
115
201
103
43
124
211
56
214
27
155
7
121
130
82
15
35
68
1
143
81
139
144
55
191
97
11
209
72
51
205
183
215
31
69
96
172
150
151
22
207
113
140
70
21
110
25
175
167
160
58
36
185
114
112
32
117
48
158
38
77
100
129
165
135
12
218
18
131
26
93
23
90
134
76
213
3
50
164
0
73
133
104
65
88
4
80
*edges 
176 8
176 180
176 111
176 85
176 57
176 142
176 62
176 109
176 161
176 198
176 87
176 24
176 107
176 98
176 127
176 106
176 17
176 168
176 193
176 137
176 199
176 128
176 136
176 101
176 178
176 60
176 148
176 79
176 206
176 63
176 145
176 99
176 217
176 7
176 130
176 82
176 144
176 97
176 209
176 69
176 172
176 151
176 175
176 167
176 160
176 112
176 32
176 134
176 133
176 4
126 10
126 197
126 120
126 194
126 180
126 138
126 9
126 153
126 116
126 157
126 125
126 28
126 42
126 181
126 195
126 17
126 193
126 190
126 203
126 118
126 92
126 67
126 136
126 78
126 216
126 156
126 79
126 108
126 124
126 27
126 82
126 15
126 143
126 81
126 72
126 69
126 96
126 150
126 151
126 207
126 70
126 167
126 36
126 185
126 114
126 48
126 135
126 26
126 23
126 90
126 134
126 164
126 73
126 133
126 65
126 80
10 8
10 180
10 71
10 61
10 138
10 54
10 66
10 62
10 122
10 153
10 116
10 157
10 42
10 98
10 179
10 168
10 193
10 190
10 184
10 203
10 196
10 33
10 141
10 128
10 101
10 86
10 29
10 216
10 148
10 192
10 47
10 115
10 103
10 43
10 121
10 35
10 51
10 31
10 69
10 151
10 113
10 21
10 110
10 25
10 114
10 112
10 48
10 158
10 38
10 26
10 50
10 104
10 65
10 4
10 80
197 120
197 8
197 111
197 138
197 54
197 188
197 66
197 171
197 116
197 198
197 186
197 212
197 128
197 91
197 67
197 136
197 174
197 89
197 108
197 202
197 192
197 49
197 201
197 43
197 214
197 7
197 15
197 1
197 143
197 97
197 183
197 31
197 69
197 172
197 113
197 140
197 110
197 36
197 114
197 117
197 135
197 26
197 104
197 88
197 4
120 71
120 111
120 6
120 138
120 142
120 74
120 169
120 123
120 125
120 87
120 24
120 94
120 186
120 190
120 118
120 166
120 92
120 128
120 67
120 52
120 174
120 216
120 156
120 79
120 145
120 47
120 201
120 214
120 27
120 155
120 82
120 144
120 11
120 209
120 51
120 205
120 183
120 69
120 110
120 160
120 36
120 48
120 77
120 135
120 18
120 131
120 93
120 23
120 90
120 76
120 0
120 73
120 80
41 71
41 159
41 37
41 85
41 9
41 5
41 188
41 74
41 62
41 153
41 42
41 179
41 119
41 195
41 193
41 101
41 44
41 170
41 216
41 63
41 204
41 49
41 124
41 214
41 82
41 15
41 35
41 139
41 11
41 72
41 51
41 183
41 215
41 96
41 140
41 175
41 167
41 117
41 100
41 129
41 165
41 23
41 76
41 213
41 50
41 104
41 65
41 88
41 4
194 180
194 182
194 40
194 9
194 5
194 188
194 171
194 208
194 153
194 125
194 87
194 28
194 119
194 186
194 17
194 168
194 190
194 184
194 137
194 128
194 34
194 91
194 178
194 78
194 52
194 174
194 108
194 206
194 145
194 99
194 49
194 115
194 201
194 43
194 211
194 214
194 27
194 7
194 130
194 82
194 15
194 68
194 81
194 139
194 144
194 209
194 51
194 215
194 150
194 160
194 77
194 135
194 18
194 90
194 134
194 3
194 164
194 73
194 133
194 80
8 71
8 111
8 159
8 40
8 138
8 54
8 142
8 66
8 109
8 116
8 198
8 87
8 24
8 106
8 195
8 203
8 141
8 137
8 118
8 166
8 92
8 67
8 178
8 52
8 86
8 174
8 60
8 145
8 204
8 27
8 121
8 130
8 205
8 215
8 69
8 151
8 140
8 21
8 25
8 36
8 114
8 112
8 48
8 165
8 135
8 131
8 23
8 134
8 213
8 0
8 73
180 111
180 159
180 182
180 6
180 40
180 208
180 74
180 62
180 169
180 109
180 122
180 161
180 102
180 153
180 116
180 24
180 107
180 127
180 106
180 181
180 195
180 186
180 168
180 193
180 33
180 137
180 91
180 44
180 170
180 29
180 174
180 60
180 216
180 89
180 79
180 63
180 192
180 49
180 217
180 43
180 124
180 211
180 27
180 155
180 82
180 191
180 209
180 205
180 215
180 150
180 207
180 140
180 25
180 167
180 114
180 117
180 165
180 218
180 18
180 164
71 111
71 37
71 61
71 57
71 142
71 208
71 169
71 109
71 123
71 125
71 87
71 28
71 127
71 94
71 119
71 186
71 17
71 193
71 190
71 203
71 141
71 118
71 212
71 16
71 136
71 86
71 170
71 174
71 60
71 216
71 89
71 202
71 47
71 99
71 217
71 7
71 130
71 82
71 35
71 144
71 97
71 51
71 69
71 207
71 113
71 140
71 21
71 160
71 32
71 129
71 12
71 218
71 131
71 26
71 90
71 50
71 164
71 0
71 73
71 104
71 65
111 57
111 138
111 9
111 5
111 169
111 109
111 122
111 116
111 123
111 87
111 24
111 94
111 17
111 193
111 190
111 33
111 141
111 118
111 199
111 212
111 16
111 128
111 91
111 67
111 136
111 101
111 178
111 78
111 86
111 216
111 89
111 145
111 202
111 49
111 201
111 43
111 56
111 155
111 121
111 55
111 11
111 31
111 96
111 25
111 167
111 185
111 32
111 129
111 23
111 3
111 0
111 104
111 88
159 37
159 85
159 61
159 40
159 138
159 9
159 188
159 169
159 102
159 153
159 116
159 125
159 42
159 106
159 195
159 184
159 33
159 212
159 128
159 34
159 86
159 170
159 29
159 174
159 60
159 156
159 79
159 145
159 204
159 217
159 201
159 214
159 155
159 35
159 81
159 139
159 209
159 51
159 205
159 172
159 151
159 207
159 70
159 175
159 160
159 158
159 38
159 165
159 131
159 26
159 93
159 90
159 134
159 76
159 3
159 0
159 73
159 4
37 182
37 61
37 57
37 188
37 74
37 62
37 84
37 123
37 24
37 179
37 94
37 119
37 195
37 193
37 184
37 196
37 137
37 118
37 166
37 34
37 67
37 78
37 44
37 170
37 174
37 216
37 156
37 79
37 108
37 145
37 49
37 43
37 56
37 27
37 7
37 82
37 15
37 35
37 81
37 139
37 205
37 183
37 215
37 69
37 110
37 175
37 167
37 160
37 185
37 112
37 158
37 100
37 129
37 165
37 218
37 76
37 213
37 3
37 73
37 133
37 65
37 4
182 40
182 142
182 5
182 171
182 84
182 122
182 153
182 123
182 157
182 42
182 106
182 181
182 186
182 33
182 118
182 199
182 16
182 34
182 67
182 101
182 78
182 52
182 86
182 44
182 29
182 174
182 216
182 206
182 192
182 214
182 35
182 143
182 81
182 139
182 191
182 209
182 72
182 69
182 96
182 150
182 151
182 110
182 175
182 114
182 32
182 117
182 129
182 165
182 12
182 218
182 134
182 50
182 133
182 65
182 4
85 61
85 6
85 40
85 57
85 138
85 54
85 142
85 188
85 66
85 74
85 62
85 162
85 109
85 161
85 198
85 157
85 87
85 107
85 179
85 186
85 190
85 141
85 212
85 92
85 128
85 136
85 170
85 60
85 89
85 108
85 63
85 202
85 192
85 115
85 214
85 121
85 130
85 35
85 68
85 1
85 55
85 191
85 209
85 72
85 31
85 22
85 70
85 167
85 114
85 112
85 32
85 158
85 129
85 135
85 218
85 23
85 76
85 213
85 3
85 50
61 138
61 66
61 171
61 208
61 62
61 84
61 162
61 109
61 122
61 161
61 157
61 125
61 28
61 179
61 195
61 168
61 33
61 118
61 212
61 128
61 91
61 136
61 178
61 52
61 86
61 216
61 156
61 79
61 108
61 206
61 145
61 202
61 47
61 217
61 103
61 211
61 56
61 191
61 11
61 51
61 183
61 215
61 96
61 172
61 150
61 140
61 70
61 110
61 114
61 112
61 158
61 77
61 12
61 23
61 90
61 76
61 50
61 0
61 104
61 80
6 9
6 54
6 66
6 122
6 161
6 107
6 127
6 179
6 106
6 193
6 196
6 33
6 141
6 92
6 128
6 91
6 178
6 78
6 156
6 47
6 1
6 209
6 172
6 150
6 151
6 22
6 113
6 25
6 114
6 112
6 117
6 77
6 131
6 26
6 213
6 50
6 164
6 0
6 104
6 4
6 80
40 57
40 54
40 5
40 66
40 208
40 74
40 84
40 162
40 109
40 161
40 123
40 198
40 42
40 107
40 119
40 33
40 141
40 199
40 212
40 166
40 101
40 29
40 145
40 49
40 217
40 201
40 211
40 56
40 15
40 1
40 143
40 81
40 144
40 205
40 69
40 110
40 160
40 58
40 32
40 100
40 165
40 218
40 213
40 3
40 164
40 104
40 80
57 138
57 9
57 54
57 66
57 162
57 161
57 102
57 116
57 123
57 125
57 28
57 24
57 119
57 168
57 190
57 196
57 141
57 118
57 16
57 128
57 91
57 52
57 86
57 44
57 60
57 216
57 206
57 192
57 204
57 43
57 155
57 15
57 68
57 191
57 97
57 11
57 215
57 31
57 69
57 150
57 22
57 70
57 21
57 38
57 129
57 218
57 93
57 90
57 0
57 73
57 104
57 65
138 5
138 74
138 161
138 102
138 125
138 24
138 42
138 186
138 168
138 184
138 33
138 141
138 199
138 92
138 178
138 52
138 170
138 29
138 148
138 202
138 192
138 47
138 49
138 124
138 56
138 214
138 155
138 7
138 82
138 143
138 144
138 31
138 151
138 140
138 110
138 25
138 58
138 48
138 77
138 100
138 218
138 131
138 23
138 90
138 50
138 0
138 104
138 65
138 4
9 142
9 188
9 84
9 169
9 153
9 157
9 24
9 107
9 127
9 94
9 119
9 186
9 33
9 137
9 199
9 178
9 52
9 86
9 29
9 174
9 79
9 63
9 145
9 202
9 204
9 124
9 56
9 155
9 121
9 143
9 144
9 55
9 11
9 31
9 207
9 175
9 114
9 165
9 135
9 218
9 26
9 76
9 3
9 0
9 133
54 5
54 66
54 84
54 169
54 162
54 109
54 116
54 123
54 98
54 179
54 106
54 181
54 195
54 168
54 203
54 196
54 92
54 128
54 136
54 44
54 170
54 63
54 145
54 201
54 124
54 56
54 7
54 68
54 144
54 97
54 51
54 205
54 31
54 150
54 151
54 140
54 175
54 185
54 112
54 117
54 158
54 131
54 134
54 50
54 133
54 88
54 80
142 171
142 208
142 74
142 109
142 122
142 102
142 198
142 28
142 42
142 98
142 127
142 179
142 94
142 195
142 186
142 17
142 184
142 203
142 141
142 91
142 60
142 216
142 89
142 148
142 79
142 108
142 145
142 49
142 217
142 56
142 214
142 27
142 7
142 82
142 139
142 144
142 97
142 11
142 205
142 69
142 96
142 70
142 175
142 114
142 112
142 77
142 165
142 12
142 23
142 134
142 73
142 104
5 188
5 171
5 153
5 198
5 87
5 42
5 127
5 179
5 181
5 195
5 186
5 17
5 193
5 33
5 199
5 136
5 60
5 148
5 79
5 206
5 145
5 202
5 47
5 214
5 15
5 143
5 81
5 205
5 183
5 215
5 96
5 207
5 165
5 90
5 133
5 4
188 66
188 84
188 169
188 102
188 157
188 28
188 94
188 181
188 186
188 193
188 203
188 199
188 212
188 166
188 91
188 101
188 78
188 79
188 206
188 47
188 211
188 214
188 27
188 155
188 130
188 82
188 1
188 139
188 209
188 72
188 51
188 31
188 150
188 207
188 113
188 140
188 110
188 175
188 167
188 58
188 114
188 112
188 48
188 158
188 77
188 12
188 23
188 76
188 213
188 3
188 50
188 0
188 73
188 133
188 4
188 80
66 171
66 208
66 102
66 116
66 157
66 87
66 179
66 106
66 94
66 181
66 186
66 193
66 190
66 166
66 92
66 178
66 86
66 29
66 60
66 156
66 79
66 206
66 204
66 49
66 217
66 103
66 43
66 155
66 121
66 82
66 35
66 68
66 1
66 81
66 191
66 97
66 11
66 72
66 215
66 96
66 207
66 113
66 175
66 185
66 100
66 23
66 90
66 134
66 133
66 88
171 208
171 84
171 122
171 161
171 102
171 157
171 87
171 24
171 42
171 179
171 186
171 168
171 199
171 136
171 178
171 78
171 52
171 44
171 29
171 174
171 60
171 99
171 49
171 217
171 124
171 56
171 214
171 7
171 139
171 144
171 72
171 96
171 172
171 113
171 70
171 36
171 117
171 48
171 77
171 129
171 218
171 18
171 26
171 133
208 122
208 116
208 42
208 107
208 98
208 118
208 34
208 91
208 156
208 148
208 124
208 155
208 121
208 82
208 15
208 143
208 139
208 55
208 11
208 150
208 151
208 207
208 21
208 25
208 36
208 114
208 48
208 158
208 38
208 135
208 12
208 134
208 76
208 50
208 164
208 133
208 88
74 169
74 122
74 153
74 116
74 157
74 87
74 42
74 107
74 179
74 94
74 203
74 33
74 141
74 137
74 199
74 136
74 178
74 170
74 174
74 60
74 216
74 79
74 202
74 99
74 211
74 56
74 121
74 82
74 15
74 144
74 11
74 96
74 151
74 22
74 140
74 167
74 58
74 185
74 114
74 32
74 117
74 100
74 12
74 131
74 90
74 134
74 3
74 104
62 169
62 153
62 116
62 87
62 28
62 106
62 119
62 193
62 118
62 199
62 16
62 92
62 34
62 67
62 44
62 60
62 216
62 206
62 49
62 115
62 201
62 103
62 124
62 56
62 155
62 7
62 81
62 55
62 205
62 69
62 172
62 150
62 58
62 185
62 114
62 32
62 48
62 38
62 12
62 23
62 90
62 133
62 88
62 4
84 122
84 102
84 153
84 123
84 87
84 107
84 98
84 127
84 186
84 193
84 184
84 203
84 33
84 118
84 199
84 92
84 34
84 178
84 52
84 44
84 174
84 63
84 202
84 201
84 103
84 214
84 7
84 15
84 35
84 55
84 191
84 11
84 209
84 96
84 22
84 70
84 36
84 185
84 114
84 32
84 38
84 93
84 88
84 4
169 161
169 102
169 116
169 125
169 42
169 98
169 179
169 119
169 190
169 203
169 137
169 118
169 128
169 86
169 29
169 174
169 148
169 206
169 63
169 192
169 49
169 115
169 103
169 43
169 56
169 155
169 121
169 143
169 139
169 209
169 151
169 140
169 110
169 25
169 160
169 114
169 38
169 77
169 135
169 18
169 90
169 76
169 213
169 3
169 65
169 80
162 122
162 102
162 123
162 125
162 24
162 181
162 186
162 17
162 190
162 141
162 137
162 118
162 34
162 91
162 67
162 101
162 178
162 170
162 108
162 202
162 155
162 82
162 35
162 143
162 139
162 144
162 97
162 11
162 209
162 69
162 150
162 151
162 175
162 160
162 114
162 48
162 158
162 218
162 18
162 213
162 133
162 104
162 88
109 102
109 98
109 179
109 106
109 94
109 119
109 181
109 195
109 186
109 168
109 203
109 33
109 118
109 212
109 166
109 78
109 29
109 174
109 148
109 192
109 99
109 49
109 217
109 115
109 201
109 124
109 56
109 27
109 121
109 82
109 15
109 35
109 1
109 139
109 191
109 97
109 215
109 69
109 151
109 110
109 185
109 114
109 32
109 48
109 100
109 165
109 12
109 23
109 76
109 3
109 164
109 0
109 73
109 4
109 80
122 102
122 153
122 116
122 42
122 179
122 119
122 195
122 17
122 184
122 196
122 118
122 212
122 91
122 101
122 78
122 170
122 148
122 79
122 108
122 99
122 204
122 217
122 43
122 124
122 56
122 214
122 15
122 68
122 1
122 81
122 139
122 55
122 191
122 209
122 72
122 51
122 31
122 69
122 96
122 151
122 207
122 140
122 70
122 21
122 32
122 38
122 77
122 135
122 218
122 131
122 93
122 90
122 73
122 104
122 88
122 4
122 80
161 153
161 198
161 125
161 87
161 42
161 107
161 127
161 119
161 181
161 195
161 184
161 203
161 137
161 199
161 34
161 91
161 178
161 78
161 174
161 216
161 89
161 79
161 63
161 217
161 115
161 211
161 121
161 130
161 15
161 191
161 209
161 183
161 69
161 151
161 160
161 58
161 114
161 158
161 100
161 165
161 135
161 26
161 134
161 76
161 133
161 88
161 4
102 116
102 123
102 157
102 125
102 28
102 107
102 106
102 195
102 186
102 17
102 168
102 193
102 33
102 141
102 118
102 166
102 91
102 178
102 78
102 52
102 86
102 89
102 206
102 145
102 99
102 204
102 121
102 130
102 55
102 172
102 150
102 207
102 21
102 175
102 58
102 36
102 158
102 77
102 129
102 26
102 23
102 90
102 50
102 0
102 65
102 88
153 87
153 127
153 106
153 94
153 119
153 168
153 193
153 203
153 196
153 141
153 199
153 166
153 92
153 91
153 67
153 178
153 78
153 99
153 49
153 217
153 115
153 201
153 56
153 214
153 15
153 35
153 139
153 144
153 72
153 215
153 31
153 69
153 22
153 110
153 160
153 185
153 114
153 112
153 12
153 218
153 76
153 3
153 0
153 133
153 80
116 123
116 42
116 107
116 179
116 94
116 195
116 184
116 196
116 33
116 118
116 199
116 34
116 101
116 78
116 52
116 86
116 29
116 60
116 79
116 206
116 145
116 192
116 47
116 217
116 211
116 155
116 7
116 1
116 144
116 55
116 209
116 72
116 183
116 215
116 69
116 150
116 151
116 113
116 70
116 175
116 58
116 36
116 185
116 112
116 77
116 12
116 218
116 26
116 3
116 50
116 73
116 65
116 4
123 157
123 42
123 98
123 127
123 195
123 17
123 33
123 137
123 199
123 92
123 67
123 101
123 78
123 60
123 216
123 89
123 108
123 192
123 99
123 115
123 56
123 214
123 27
123 155
123 82
123 35
123 183
123 96
123 150
123 151
123 70
123 21
123 175
123 58
123 185
123 112
123 48
123 12
123 93
123 23
123 90
123 213
123 50
123 0
123 65
123 4
198 157
198 125
198 87
198 24
198 42
198 127
198 195
198 186
198 184
198 118
198 212
198 92
198 128
198 91
198 67
198 136
198 52
198 86
198 44
198 29
198 216
198 79
198 63
198 202
198 204
198 115
198 201
198 124
198 211
198 27
198 155
198 7
198 82
198 68
198 143
198 81
198 11
198 72
198 51
198 31
198 151
198 207
198 140
198 21
198 110
198 185
198 165
198 12
198 23
198 50
198 104
198 4
157 125
157 24
157 119
157 181
157 186
157 17
157 190
157 33
157 199
157 212
157 166
157 178
157 170
157 216
157 202
157 47
157 49
157 43
157 124
157 143
157 81
157 191
157 97
157 31
157 150
157 207
157 140
157 25
157 160
157 36
157 32
157 117
157 38
157 129
157 12
157 18
157 26
157 93
157 23
157 134
157 0
157 73
157 133
125 87
125 28
125 98
125 127
125 106
125 94
125 186
125 193
125 203
125 166
125 92
125 178
125 60
125 89
125 148
125 108
125 145
125 202
125 192
125 204
125 115
125 201
125 103
125 43
125 124
125 27
125 1
125 143
125 191
125 97
125 11
125 31
125 69
125 151
125 175
125 167
125 185
125 112
125 117
125 23
125 3
125 0
125 133
87 28
87 127
87 181
87 186
87 190
87 196
87 33
87 141
87 137
87 118
87 91
87 67
87 136
87 178
87 29
87 174
87 156
87 79
87 206
87 145
87 202
87 192
87 49
87 115
87 43
87 56
87 214
87 68
87 143
87 144
87 209
87 72
87 51
87 215
87 150
87 151
87 21
87 160
87 58
87 117
87 48
87 158
87 165
87 26
87 93
87 50
87 0
87 73
87 104
87 65
87 80
28 42
28 98
28 127
28 119
28 181
28 17
28 168
28 203
28 196
28 118
28 92
28 34
28 91
28 67
28 78
28 170
28 60
28 89
28 79
28 202
28 204
28 49
28 217
28 115
28 201
28 43
28 214
28 121
28 82
28 68
28 143
28 81
28 11
28 209
28 205
28 69
28 207
28 167
28 114
28 77
28 165
28 93
28 76
28 50
28 0
24 42
24 127
24 119
24 186
24 17
24 168
24 184
24 203
24 141
24 137
24 118
24 199
24 92
24 128
24 86
24 148
24 79
24 103
24 211
24 130
24 82
24 35
24 68
24 97
24 72
24 205
24 31
24 96
24 150
24 113
24 175
24 160
24 114
24 32
24 77
24 165
24 131
24 93
24 3
24 0
24 73
24 133
24 104
24 65
42 127
42 179
42 94
42 181
42 190
42 203
42 141
42 118
42 34
42 136
42 101
42 29
42 60
42 216
42 89
42 206
42 192
42 49
42 103
42 43
42 214
42 82
42 68
42 1
42 81
42 139
42 72
42 183
42 96
42 172
42 151
42 70
42 21
42 175
42 167
42 160
42 185
42 114
42 32
42 48
42 90
42 4
42 80
107 98
107 195
107 190
107 196
107 33
107 166
107 92
107 128
107 34
107 52
107 44
107 174
107 216
107 148
107 108
107 206
107 63
107 202
107 192
107 103
107 124
107 15
107 68
107 191
107 97
107 96
107 151
107 22
107 21
107 167
107 114
107 32
107 117
107 158
107 131
107 26
107 23
107 90
107 213
107 164
107 0
107 73
107 88
107 80
98 195
98 186
98 193
98 184
98 203
98 199
98 212
98 16
98 92
98 136
98 101
98 78
98 52
98 86
98 29
98 79
98 108
98 63
98 204
98 217
98 211
98 155
98 121
98 130
98 82
98 1
98 144
98 191
98 72
98 51
98 172
98 70
98 25
98 175
98 117
98 38
98 129
98 165
98 131
98 26
98 93
98 213
98 4
127 181
127 17
127 33
127 118
127 212
127 92
127 91
127 44
127 29
127 216
127 156
127 89
127 79
127 206
127 63
127 99
127 204
127 49
127 124
127 56
127 7
127 121
127 130
127 82
127 15
127 35
127 68
127 11
127 72
127 51
127 151
127 70
127 110
127 36
127 48
127 158
127 77
127 165
127 12
127 93
127 23
127 90
127 134
127 0
127 73
127 104
179 119
179 196
179 199
179 166
179 16
179 128
179 101
179 170
179 216
179 156
179 63
179 47
179 103
179 211
179 56
179 27
179 7
179 130
179 15
179 68
179 144
179 55
179 51
179 205
179 183
179 215
179 151
179 22
179 140
179 70
179 21
179 110
179 114
179 48
179 100
179 18
179 93
179 134
179 164
179 73
179 104
179 4
179 80
106 119
106 186
106 137
106 118
106 199
106 166
106 136
106 101
106 29
106 174
106 148
106 79
106 108
106 63
106 202
106 49
106 115
106 201
106 103
106 27
106 82
106 1
106 144
106 51
106 69
106 96
106 150
106 22
106 113
106 160
106 185
106 112
106 48
106 158
106 135
94 195
94 168
94 193
94 184
94 196
94 33
94 141
94 118
94 199
94 166
94 91
94 67
94 136
94 101
94 52
94 44
94 170
94 174
94 216
94 156
94 89
94 148
94 206
94 202
94 47
94 99
94 217
94 115
94 103
94 211
94 121
94 68
94 81
94 11
94 51
94 207
94 113
94 167
94 114
94 117
94 48
94 38
94 129
94 12
94 26
94 213
94 3
94 65
119 190
119 33
119 128
119 91
119 78
119 174
119 60
119 89
119 206
119 49
119 103
119 43
119 211
119 56
119 155
119 7
119 121
119 35
119 1
119 143
119 81
119 144
119 191
119 209
119 215
119 69
119 172
119 113
119 21
119 167
119 185
119 114
119 32
119 117
119 38
119 77
119 12
119 218
119 0
119 88
181 195
181 33
181 118
181 199
181 212
181 16
181 91
181 101
181 60
181 216
181 79
181 206
181 99
181 204
181 201
181 103
181 211
181 56
181 155
181 121
181 130
181 15
181 191
181 72
181 51
181 205
181 96
181 207
181 175
181 167
181 160
181 58
181 129
181 23
181 76
181 164
181 133
181 65
195 186
195 33
195 118
195 34
195 101
195 178
195 78
195 60
195 89
195 148
195 206
195 63
195 99
195 204
195 201
195 43
195 56
195 214
195 27
195 7
195 15
195 68
195 144
195 55
195 97
195 11
195 96
195 172
195 25
195 160
195 36
195 117
195 158
195 77
195 165
195 26
195 90
195 134
195 3
195 164
195 65
186 168
186 190
186 196
186 33
186 166
186 92
186 178
186 170
186 60
186 216
186 148
186 206
186 47
186 217
186 124
186 15
186 35
186 1
186 97
186 72
186 69
186 22
186 113
186 175
186 167
186 160
186 114
186 32
186 48
186 77
186 165
186 218
186 18
186 90
186 134
186 76
186 213
186 164
186 0
186 73
186 133
186 104
186 80
17 168
17 190
17 196
17 141
17 199
17 212
17 34
17 91
17 67
17 178
17 44
17 174
17 60
17 156
17 89
17 49
17 201
17 43
17 7
17 121
17 130
17 15
17 68
17 143
17 191
17 97
17 209
17 72
17 215
17 31
17 110
17 25
17 175
17 160
17 48
17 158
17 129
17 12
17 23
17 134
17 3
17 73
17 88
17 80
168 193
168 33
168 141
168 137
168 118
168 199
168 212
168 92
168 91
168 67
168 136
168 101
168 178
168 86
168 60
168 89
168 148
168 79
168 47
168 204
168 201
168 124
168 211
168 121
168 130
168 35
168 68
168 144
168 55
168 72
168 51
168 215
168 207
168 110
168 185
168 32
168 48
168 38
168 165
168 135
168 12
168 134
168 50
168 0
193 33
193 16
193 92
193 178
193 29
193 216
193 148
193 108
193 63
193 202
193 99
193 115
193 201
193 103
193 211
193 56
193 155
193 7
193 121
193 143
193 144
193 209
193 215
193 150
193 22
193 207
193 58
193 32
193 77
193 12
193 218
193 18
193 93
193 134
193 0
193 104
193 65
193 4
190 33
190 199
190 212
190 16
190 92
190 128
190 178
190 78
190 44
190 29
190 79
190 108
190 206
190 192
190 47
190 204
190 217
190 115
190 103
190 43
190 82
190 35
190 144
190 97
190 51
190 183
190 96
190 151
190 207
190 160
190 58
190 158
190 38
190 77
190 129
190 165
190 12
190 218
190 18
190 131
190 26
190 93
190 23
190 90
190 134
190 76
190 73
190 133
184 203
184 137
184 92
184 128
184 34
184 101
184 178
184 174
184 60
184 156
184 148
184 202
184 204
184 115
184 43
184 56
184 214
184 130
184 68
184 1
184 97
184 209
184 51
184 31
184 96
184 22
184 185
184 114
184 117
184 50
184 0
184 73
203 141
203 199
203 212
203 166
203 92
203 128
203 67
203 101
203 44
203 174
203 216
203 148
203 108
203 145
203 47
203 204
203 49
203 115
203 201
203 211
203 214
203 27
203 7
203 121
203 130
203 35
203 144
203 97
203 209
203 183
203 31
203 207
203 140
203 110
203 25
203 175
203 158
203 165
203 26
203 93
203 76
203 0
203 104
203 65
203 4
196 137
196 212
196 166
196 91
196 67
196 136
196 86
196 170
196 174
196 156
196 89
196 145
196 47
196 99
196 217
196 115
196 103
196 43
196 211
196 155
196 68
196 1
196 143
196 144
196 55
196 209
196 72
196 51
196 215
196 31
196 69
196 96
196 172
196 22
196 167
196 160
196 58
196 185
196 114
196 158
196 77
196 129
196 218
196 23
196 50
196 104
196 80
33 166
33 34
33 29
33 216
33 156
33 89
33 108
33 202
33 192
33 99
33 103
33 56
33 55
33 209
33 72
33 51
33 205
33 183
33 207
33 113
33 21
33 167
33 36
33 185
33 114
33 112
33 32
33 100
33 129
33 135
33 131
33 93
33 134
33 76
33 50
33 65
141 16
141 92
141 128
141 101
141 52
141 170
141 108
141 206
141 63
141 145
141 204
141 49
141 214
141 27
141 155
141 35
141 68
141 1
141 144
141 97
141 11
141 51
141 183
141 69
141 110
141 167
141 160
141 185
141 114
141 32
141 117
141 48
141 158
141 26
141 23
141 213
141 50
141 0
141 65
141 88
137 199
137 92
137 128
137 216
137 156
137 206
137 63
137 47
137 214
137 155
137 7
137 82
137 15
137 1
137 72
137 205
137 69
137 150
137 22
137 207
137 70
137 25
137 160
137 185
137 48
137 100
137 129
137 26
137 104
137 65
137 88
137 4
118 199
118 128
118 67
118 52
118 44
118 170
118 216
118 89
118 148
118 63
118 145
118 99
118 217
118 201
118 43
118 214
118 130
118 15
118 68
118 143
118 81
118 144
118 55
118 69
118 96
118 151
118 207
118 21
118 114
118 48
118 38
118 77
118 165
118 93
118 134
118 73
118 104
118 4
199 212
199 34
199 52
199 86
199 89
199 206
199 63
199 47
199 204
199 103
199 121
199 82
199 81
199 139
199 55
199 97
199 51
199 205
199 183
199 31
199 96
199 172
199 151
199 113
199 70
199 21
199 110
199 38
199 77
199 100
199 18
199 131
199 93
199 213
199 3
199 164
199 88
212 166
212 16
212 44
212 216
212 108
212 145
212 202
212 192
212 204
212 43
212 124
212 211
212 56
212 214
212 155
212 130
212 1
212 139
212 144
212 55
212 97
212 209
212 72
212 215
212 31
212 96
212 151
212 207
212 140
212 25
212 58
212 185
212 48
212 38
212 129
212 26
212 93
212 76
212 213
212 164
212 73
212 133
212 65
212 4
166 34
166 91
166 67
166 86
166 156
166 89
166 79
166 192
166 47
166 49
166 115
166 201
166 43
166 27
166 7
166 144
166 191
166 72
166 183
166 69
166 172
166 207
166 113
166 21
166 160
166 185
166 117
166 48
166 77
166 165
166 12
166 218
166 26
166 213
166 164
166 80
16 92
16 128
16 91
16 86
16 170
16 216
16 156
16 148
16 79
16 108
16 49
16 103
16 43
16 27
16 155
16 7
16 82
16 1
16 143
16 51
16 205
16 215
16 31
16 150
16 22
16 110
16 160
16 185
16 112
16 32
16 100
16 135
16 131
16 93
16 3
16 164
16 4
92 128
92 91
92 67
92 136
92 52
92 86
92 108
92 206
92 192
92 47
92 49
92 217
92 201
92 56
92 214
92 27
92 121
92 15
92 55
92 191
92 97
92 11
92 209
92 183
92 22
92 175
92 167
92 185
92 114
92 48
92 158
92 38
92 100
92 129
92 165
92 93
92 23
92 134
92 76
92 50
92 164
92 133
92 65
92 80
128 91
128 101
128 178
128 78
128 29
128 174
128 79
128 145
128 99
128 217
128 115
128 201
128 211
128 27
128 155
128 121
128 68
128 1
128 143
128 81
128 144
128 55
128 191
128 51
128 151
128 22
128 36
128 114
128 117
128 48
128 38
128 100
128 165
128 18
128 131
128 90
128 104
128 88
34 67
34 101
34 52
34 44
34 174
34 148
34 192
34 43
34 211
34 214
34 155
34 7
34 139
34 144
34 97
34 209
34 205
34 183
34 215
34 172
34 21
34 114
34 32
34 48
34 165
34 135
34 131
34 93
34 134
34 3
34 73
34 65
34 4
91 101
91 29
91 156
91 89
91 47
91 99
91 204
91 217
91 201
91 211
91 155
91 1
91 143
91 144
91 55
91 11
91 51
91 31
91 140
91 25
91 36
91 158
91 77
91 165
91 131
91 93
91 3
91 50
91 73
91 65
91 4
67 101
67 178
67 86
67 156
67 89
67 79
67 108
67 202
67 192
67 47
67 99
67 204
67 49
67 201
67 124
67 211
67 214
67 130
67 68
67 139
67 55
67 205
67 96
67 22
67 175
67 185
67 32
67 100
67 12
67 218
67 131
67 134
67 76
67 3
67 73
67 88
67 4
67 80
136 78
136 52
136 86
136 89
136 108
136 145
136 99
136 115
136 211
136 214
136 7
136 121
136 15
136 139
136 55
136 97
136 11
136 51
136 96
136 172
136 140
136 110
136 117
136 158
136 38
136 129
136 213
136 73
136 104
136 88
136 4
136 80
101 44
101 170
101 216
101 63
101 115
101 43
101 211
101 130
101 209
101 69
101 150
101 207
101 21
101 25
101 58
101 36
101 114
101 158
101 38
101 165
101 135
101 12
101 18
101 23
101 3
101 65
101 88
101 4
178 216
178 89
178 206
178 63
178 202
178 47
178 204
178 124
178 121
178 82
178 144
178 191
178 97
178 215
178 31
178 96
178 22
178 207
178 140
178 70
178 58
178 36
178 112
178 32
178 48
178 158
178 131
178 23
178 50
178 164
178 0
178 73
178 65
178 4
78 44
78 174
78 60
78 89
78 192
78 103
78 124
78 27
78 7
78 15
78 35
78 1
78 81
78 55
78 191
78 72
78 205
78 215
78 151
78 22
78 113
78 25
78 114
78 112
78 117
78 48
78 100
78 135
78 26
78 134
78 0
78 73
78 4
78 80
52 44
52 156
52 89
52 79
52 145
52 202
52 99
52 115
52 56
52 214
52 27
52 155
52 130
52 1
52 55
52 209
52 72
52 183
52 69
52 96
52 21
52 25
52 167
52 185
52 114
52 165
52 12
52 18
52 93
52 90
52 76
52 3
52 50
52 73
52 104
86 174
86 89
86 79
86 145
86 192
86 103
86 211
86 56
86 155
86 7
86 121
86 130
86 82
86 143
86 139
86 183
86 215
86 150
86 22
86 207
86 113
86 140
86 167
86 58
86 32
86 38
86 100
86 90
86 134
86 88
44 29
44 89
44 79
44 204
44 115
44 201
44 15
44 68
44 191
44 209
44 72
44 215
44 31
44 150
44 22
44 207
44 21
44 110
44 36
44 114
44 32
44 117
44 158
44 77
44 100
44 93
44 23
44 134
44 50
44 164
44 104
44 88
44 4
170 60
170 79
170 108
170 63
170 145
170 192
170 201
170 103
170 124
170 56
170 214
170 15
170 143
170 191
170 183
170 172
170 70
170 58
170 48
170 38
170 165
170 218
170 18
170 93
170 23
170 90
170 164
170 65
170 80
29 79
29 206
29 99
29 217
29 124
29 7
29 121
29 139
29 144
29 55
29 51
29 215
29 150
29 151
29 22
29 110
29 25
29 58
29 185
29 112
29 32
29 158
29 38
29 77
29 135
29 90
29 76
29 213
29 3
29 50
29 164
29 104
29 4
174 192
174 99
174 49
174 217
174 201
174 103
174 214
174 130
174 35
174 143
174 139
174 144
174 97
174 72
174 172
174 150
174 140
174 21
174 110
174 160
174 58
174 185
174 158
174 38
174 165
174 135
174 218
174 131
174 50
174 164
174 0
174 73
174 88
174 80
60 89
60 148
60 108
60 206
60 63
60 145
60 202
60 192
60 47
60 201
60 214
60 155
60 139
60 11
60 215
60 96
60 150
60 22
60 113
60 70
60 110
60 25
60 175
60 160
60 185
60 114
60 112
60 117
60 129
60 135
60 23
60 90
60 3
60 73
60 4
216 156
216 89
216 145
216 47
216 115
216 103
216 124
216 56
216 130
216 82
216 144
216 97
216 209
216 72
216 51
216 172
216 207
216 25
216 160
216 112
216 32
216 38
216 77
216 12
216 218
216 23
216 90
216 213
156 89
156 63
156 99
156 217
156 115
156 201
156 43
156 211
156 82
156 15
156 143
156 11
156 96
156 151
156 22
156 140
156 70
156 110
156 167
156 160
156 36
156 48
156 158
156 18
156 90
156 134
156 76
156 3
156 164
156 104
89 108
89 217
89 124
89 214
89 121
89 143
89 81
89 144
89 55
89 191
89 97
89 209
89 51
89 69
89 207
89 70
89 25
89 185
89 48
89 100
89 129
89 165
89 12
89 218
89 3
89 164
89 73
89 104
89 65
89 4
148 206
148 202
148 47
148 217
148 103
148 43
148 124
148 211
148 27
148 155
148 7
148 35
148 1
148 143
148 144
148 191
148 51
148 215
148 69
148 96
148 172
148 113
148 140
148 70
148 110
148 25
148 160
148 185
148 114
148 100
148 129
148 135
148 93
148 65
148 4
79 206
79 202
79 192
79 201
79 35
79 97
79 11
79 72
79 31
79 96
79 70
79 25
79 185
79 112
79 48
79 77
79 129
79 165
79 12
79 26
79 3
79 0
79 4
108 206
108 145
108 204
108 211
108 35
108 68
108 143
108 209
108 72
108 172
108 22
108 140
108 110
108 25
108 167
108 160
108 58
108 36
108 112
108 100
108 12
108 18
108 93
108 134
108 65
108 80
206 192
206 99
206 204
206 49
206 217
206 43
206 27
206 121
206 15
206 1
206 81
206 139
206 97
206 72
206 51
206 172
206 151
206 207
206 140
206 167
206 112
206 117
206 18
206 131
206 26
206 90
206 134
206 213
206 73
206 133
206 65
63 204
63 49
63 115
63 43
63 121
63 144
63 55
63 72
63 205
63 96
63 22
63 113
63 140
63 110
63 160
63 58
63 36
63 185
63 112
63 158
63 38
63 129
63 12
63 218
63 131
63 3
63 0
63 73
63 4
145 47
145 43
145 124
145 56
145 15
145 35
145 1
145 191
145 183
145 31
145 140
145 36
145 114
145 117
145 77
145 218
145 18
145 131
145 3
145 0
145 88
145 4
202 56
202 214
202 27
202 7
202 35
202 1
202 139
202 144
202 97
202 11
202 72
202 69
202 96
202 172
202 151
202 167
202 160
202 36
202 117
202 48
202 158
202 77
202 165
202 26
202 134
202 3
202 104
202 80
192 99
192 204
192 115
192 201
192 43
192 56
192 35
192 68
192 81
192 139
192 191
192 209
192 205
192 69
192 151
192 22
192 140
192 160
192 112
192 32
192 48
192 100
192 12
192 26
192 0
192 133
47 99
47 217
47 115
47 27
47 7
47 68
47 139
47 144
47 11
47 51
47 205
47 150
47 113
47 70
47 110
47 167
47 185
47 48
47 100
47 129
47 18
47 26
47 76
47 213
47 3
47 50
47 0
47 73
47 133
47 104
47 88
99 201
99 103
99 81
99 144
99 97
99 11
99 183
99 172
99 150
99 113
99 140
99 70
99 160
99 36
99 131
99 93
99 133
99 88
99 4
204 115
204 103
204 27
204 15
204 35
204 97
204 209
204 205
204 140
204 70
204 21
204 25
204 175
204 167
204 38
204 23
204 50
204 0
204 65
49 217
49 201
49 15
49 81
49 139
49 144
49 55
49 215
49 150
49 25
49 36
49 114
49 112
49 32
49 117
49 158
49 77
49 165
49 135
49 12
49 131
49 50
49 0
49 133
49 65
217 56
217 214
217 130
217 35
217 143
217 191
217 97
217 209
217 205
217 183
217 150
217 140
217 21
217 167
217 36
217 114
217 117
217 48
217 158
217 38
217 77
217 165
217 135
217 218
217 18
217 26
217 90
217 213
217 0
217 73
217 133
217 88
115 124
115 155
115 7
115 121
115 82
115 1
115 55
115 97
115 72
115 96
115 151
115 22
115 113
115 167
115 160
115 58
115 185
115 114
115 48
115 77
115 100
115 129
115 165
115 12
115 93
115 90
115 134
115 164
115 0
115 104
201 43
201 211
201 56
201 214
201 27
201 7
201 68
201 81
201 139
201 191
201 11
201 72
201 51
201 183
201 215
201 172
201 151
201 22
201 207
201 113
201 140
201 70
201 21
201 110
201 175
201 167
201 58
201 36
201 158
201 77
201 129
201 18
201 26
201 76
201 3
201 50
201 0
201 73
201 88
201 4
103 43
103 27
103 121
103 97
103 11
103 51
103 215
103 31
103 69
103 150
103 207
103 113
103 140
103 70
103 110
103 175
103 58
103 114
103 32
103 48
103 38
103 77
103 18
103 131
103 50
103 88
43 214
43 27
43 121
43 130
43 68
43 81
43 11
43 69
43 96
43 150
43 113
43 70
43 110
43 167
43 77
43 100
43 129
43 135
43 12
43 23
43 88
43 4
124 56
124 15
124 35
124 11
124 72
124 215
124 96
124 151
124 207
124 114
124 48
124 77
124 100
124 131
124 93
124 3
124 164
124 73
124 4
211 214
211 27
211 121
211 68
211 191
211 209
211 183
211 69
211 172
211 22
211 113
211 70
211 21
211 110
211 36
211 114
211 32
211 48
211 158
211 100
211 165
211 135
211 26
211 93
211 23
211 90
211 134
211 0
211 88
211 4
211 80
56 214
56 155
56 121
56 82
56 35
56 81
56 139
56 209
56 51
56 96
56 172
56 150
56 151
56 22
56 185
56 112
56 32
56 117
56 100
56 129
56 93
56 23
56 134
56 213
56 3
56 73
56 133
56 65
56 88
214 7
214 130
214 68
214 1
214 143
214 144
214 55
214 97
214 11
214 215
214 69
214 96
214 150
214 22
214 175
214 167
214 160
214 32
214 38
214 77
214 129
214 93
214 23
214 90
214 213
214 4
27 121
27 82
27 35
27 143
27 81
27 11
27 215
27 96
27 172
27 151
27 22
27 113
27 21
27 36
27 48
27 135
27 218
27 131
27 213
27 164
27 133
155 121
155 130
155 35
155 143
155 191
155 97
155 72
155 31
155 69
155 172
155 150
155 22
155 113
155 25
155 175
155 167
155 160
155 58
155 112
155 32
155 117
155 129
155 135
155 12
155 93
155 90
155 104
155 65
155 88
155 4
7 35
7 81
7 144
7 51
7 205
7 22
7 25
7 58
7 185
7 32
7 158
7 100
7 135
7 12
7 18
7 131
7 213
7 3
7 73
121 68
121 1
121 55
121 11
121 209
121 205
121 21
121 110
121 36
121 158
121 129
121 12
121 26
121 50
121 0
121 88
121 4
130 35
130 68
130 143
130 81
130 139
130 144
130 55
130 172
130 151
130 22
130 113
130 21
130 25
130 160
130 58
130 36
130 185
130 114
130 112
130 48
130 129
130 12
130 18
130 93
130 134
130 213
130 50
130 0
130 65
82 15
82 68
82 81
82 144
82 11
82 72
82 51
82 215
82 172
82 22
82 70
82 160
82 185
82 165
82 12
82 23
82 134
82 164
82 73
82 65
82 88
82 4
82 80
15 139
15 97
15 205
15 150
15 207
15 21
15 110
15 25
15 175
15 167
15 160
15 32
15 117
15 48
15 38
15 12
15 23
15 90
15 134
15 76
15 3
15 0
15 65
15 88
35 1
35 81
35 144
35 97
35 209
35 72
35 183
35 31
35 151
35 140
35 167
35 160
35 36
35 48
35 18
35 93
35 134
35 76
35 3
35 73
35 133
35 104
35 65
68 143
68 139
68 144
68 209
68 72
68 51
68 183
68 215
68 31
68 172
68 151
68 110
68 25
68 175
68 185
68 158
68 218
68 26
68 0
68 133
68 88
1 139
1 72
1 51
1 31
1 172
1 151
1 110
1 25
1 58
1 185
1 114
1 112
1 32
1 100
1 18
1 26
1 104
143 81
143 72
143 183
143 69
143 172
143 150
143 22
143 113
143 140
143 70
143 175
143 167
143 58
143 36
143 117
143 158
143 135
143 218
143 90
143 76
143 213
143 88
143 4
81 139
81 55
81 209
81 72
81 151
81 113
81 25
81 112
81 158
81 77
81 18
81 131
81 134
81 164
81 4
139 144
139 97
139 205
139 96
139 22
139 70
139 21
139 167
139 117
139 48
139 158
139 218
144 205
144 215
144 150
144 207
144 140
144 167
144 36
144 112
144 117
144 48
144 38
144 77
144 135
144 12
144 218
144 18
144 26
144 90
144 134
144 213
144 0
144 73
144 133
144 4
55 209
55 205
55 96
55 151
55 22
55 113
55 25
55 167
55 160
55 158
55 77
55 100
55 134
55 3
55 50
55 0
55 73
191 209
191 69
191 140
191 21
191 175
191 167
191 58
191 114
191 117
191 158
191 77
191 218
191 0
191 104
97 11
97 72
97 69
97 207
97 70
97 175
97 117
97 158
97 129
97 165
97 12
97 131
97 26
97 23
97 213
97 0
97 73
97 88
11 209
11 72
11 183
11 215
11 96
11 22
11 140
11 70
11 175
11 167
11 160
11 114
11 112
11 135
11 12
11 18
11 76
11 164
11 104
11 80
209 51
209 96
209 172
209 151
209 113
209 21
209 110
209 25
209 160
209 58
209 112
209 48
209 77
209 165
209 93
209 23
209 90
209 213
209 3
209 50
209 73
72 215
72 69
72 22
72 160
72 185
72 114
72 158
72 165
72 135
72 18
72 90
72 134
72 164
72 104
72 88
51 215
51 69
51 96
51 172
51 150
51 22
51 207
51 140
51 70
51 25
51 117
51 77
51 18
51 93
51 90
51 134
51 213
51 3
51 164
51 0
51 73
51 88
51 80
205 215
205 22
205 21
205 25
205 185
205 129
205 18
205 26
205 23
205 90
205 134
205 213
205 50
205 0
183 31
183 151
183 140
183 21
183 175
183 58
183 36
183 158
183 100
183 135
183 18
183 23
183 164
183 0
183 104
215 172
215 151
215 22
215 167
215 36
215 185
215 77
215 129
215 218
215 18
215 213
215 3
215 164
215 133
215 65
215 4
31 96
31 70
31 25
31 175
31 167
31 58
31 36
31 112
31 32
31 117
31 48
31 38
31 129
31 165
31 135
31 213
31 133
69 22
69 140
69 70
69 21
69 175
69 160
69 36
69 114
69 112
69 100
69 135
69 134
69 213
69 80
96 207
96 21
96 25
96 36
96 48
96 77
96 135
96 218
96 23
96 213
96 164
96 0
96 88
96 80
172 151
172 110
172 25
172 100
172 129
172 18
172 131
172 26
172 93
172 90
172 213
172 50
172 133
172 65
172 88
150 113
150 140
150 110
150 58
150 185
150 32
150 48
150 77
150 165
150 12
150 18
150 131
150 90
150 76
150 133
151 207
151 167
151 58
151 112
151 117
151 48
151 158
151 129
151 131
151 76
151 164
151 73
151 133
151 104
22 207
22 36
22 185
22 117
22 12
22 93
22 134
22 3
22 50
22 0
22 73
22 104
207 113
207 140
207 175
207 58
207 114
207 48
207 158
207 38
207 77
207 131
207 3
207 50
207 164
207 0
207 73
207 65
207 88
207 4
207 80
113 140
113 70
113 25
113 185
113 117
113 38
113 218
113 18
113 93
113 90
113 134
113 3
113 0
113 4
113 80
140 70
140 21
140 25
140 160
140 48
140 26
140 90
140 50
140 0
140 65
140 80
70 175
70 160
70 36
70 32
70 48
70 129
70 135
70 12
70 23
70 90
70 134
70 213
70 0
70 88
21 58
21 185
21 77
21 218
21 93
21 90
21 213
21 0
21 73
21 133
21 104
21 65
21 88
110 175
110 58
110 36
110 114
110 158
110 38
110 213
110 3
110 104
110 4
25 175
25 160
25 58
25 114
25 112
25 32
25 135
25 131
25 76
25 0
25 65
175 58
175 185
175 100
175 165
175 18
175 93
175 23
175 134
175 3
175 50
175 4
175 80
167 160
167 38
167 100
167 129
167 131
167 26
167 23
167 134
167 80
160 114
160 32
160 48
160 158
160 77
160 129
160 165
160 50
160 73
160 104
160 80
58 36
58 185
58 114
58 117
58 48
58 165
58 135
58 18
58 131
58 93
58 23
58 213
58 133
36 185
36 12
36 26
36 23
36 213
36 3
36 73
36 80
185 114
185 117
185 77
185 129
185 165
185 12
185 218
185 26
185 90
185 0
185 73
185 133
114 32
114 100
114 165
114 26
114 90
114 0
114 133
112 100
112 129
112 165
112 93
112 90
112 76
112 3
112 0
32 117
32 158
32 77
32 100
32 165
32 18
32 131
32 93
32 213
32 164
32 104
32 65
32 88
32 4
117 158
117 100
117 129
117 131
117 26
117 23
117 134
117 213
117 73
117 133
117 104
117 88
117 80
48 100
48 18
48 26
48 93
48 23
48 90
48 164
48 73
48 133
48 88
48 80
158 26
158 134
158 213
158 3
158 164
158 65
158 4
38 165
38 135
38 18
38 26
38 90
38 134
38 76
38 213
38 50
38 164
38 0
77 165
77 131
77 90
77 0
77 104
100 129
100 218
100 18
100 90
100 50
100 133
129 135
129 12
129 76
129 3
129 0
129 73
129 65
129 88
129 80
165 131
165 93
165 76
165 50
165 88
165 80
135 23
135 76
135 3
135 104
12 18
12 23
12 76
12 164
12 0
12 65
12 4
218 93
218 90
218 134
218 164
218 0
218 73
218 133
218 104
218 65
18 93
18 134
18 3
18 73
18 65
131 76
131 213
131 3
131 50
131 164
131 0
131 133
131 104
26 93
26 76
26 73
26 104
26 88
26 4
93 134
93 3
93 164
93 104
93 65
93 4
23 134
23 213
23 104
90 134
90 76
90 213
90 164
90 0
90 80
134 164
134 133
134 80
76 213
76 164
76 4
213 50
213 164
213 0
213 73
213 65
213 88
213 4
3 73
3 65
3 80
50 0
50 73
50 104
50 65
164 0
164 104
0 73
0 133
0 65
73 65
133 4
65 4
88 4
