*verties 199
138
103
33
146
10
74
0
46
94
106
193
150
11
36
171
139
167
160
186
5
170
17
107
143
64
201
140
4
22
54
27
209
47
112
23
199
41
71
113
91
198
173
93
111
84
145
2
59
32
19
197
20
109
98
157
148
110
213
147
174
137
191
81
144
124
63
175
67
130
169
16
136
86
155
183
132
52
133
14
45
192
182
202
43
185
114
8
211
149
9
196
123
158
210
40
218
90
96
161
200
180
204
129
194
12
216
24
119
181
76
142
42
188
215
189
172
127
25
190
184
53
62
203
69
31
66
135
13
212
95
105
214
50
73
162
89
75
60
166
92
177
151
15
168
26
152
61
121
44
125
178
37
21
1
176
118
116
88
77
99
70
208
179
97
58
56
87
217
39
120
207
65
156
153
219
80
29
82
163
101
30
7
131
206
48
187
154
55
68
115
100
165
3
38
28
134
126
6
122
*edges 
138 103
138 33
138 146
138 10
138 74
138 0
138 46
138 106
138 150
138 11
138 139
138 167
138 186
138 5
138 170
138 17
138 107
138 64
138 4
138 22
138 54
138 27
138 47
138 112
138 199
138 41
138 71
138 113
138 173
138 93
138 111
138 84
138 2
138 59
138 19
138 197
138 20
138 109
138 98
138 148
138 110
138 147
138 137
138 81
138 144
138 63
138 169
138 16
138 155
138 183
138 52
138 133
138 192
138 202
138 43
138 185
138 8
138 149
138 9
138 196
138 123
138 158
138 40
138 218
138 96
138 200
138 180
138 204
138 129
138 194
138 12
138 216
138 119
138 142
138 42
138 172
138 127
138 25
138 190
138 184
138 53
138 31
138 135
138 95
138 50
138 73
138 89
138 75
138 60
138 166
138 92
138 177
138 151
138 15
138 168
138 44
138 125
138 178
138 37
138 21
138 118
138 77
138 99
138 70
138 179
138 97
138 56
138 87
138 217
138 120
138 207
138 156
138 29
138 82
138 101
138 30
138 7
138 131
138 206
138 48
138 187
138 154
138 55
138 165
138 3
138 38
138 134
138 126
103 33
103 10
103 74
103 0
103 46
103 106
103 193
103 11
103 167
103 160
103 186
103 5
103 170
103 17
103 107
103 143
103 201
103 140
103 4
103 22
103 54
103 27
103 209
103 47
103 199
103 41
103 113
103 198
103 173
103 111
103 84
103 145
103 59
103 32
103 19
103 148
103 110
103 147
103 174
103 137
103 191
103 81
103 144
103 124
103 63
103 175
103 67
103 130
103 16
103 136
103 86
103 155
103 183
103 132
103 133
103 45
103 182
103 202
103 43
103 185
103 114
103 211
103 196
103 123
103 158
103 40
103 90
103 96
103 200
103 129
103 12
103 181
103 76
103 142
103 42
103 188
103 189
103 25
103 190
103 184
103 62
103 203
103 69
103 66
103 135
103 95
103 105
103 50
103 73
103 162
103 89
103 75
103 60
103 92
103 151
103 168
103 26
103 61
103 44
103 178
103 37
103 21
103 1
103 176
103 116
103 77
103 99
103 179
103 97
103 58
103 56
103 87
103 65
103 156
103 80
103 29
103 82
103 101
103 30
103 131
103 48
103 187
103 55
103 100
103 165
103 3
103 28
103 134
103 126
103 6
33 10
33 46
33 94
33 106
33 193
33 36
33 171
33 160
33 17
33 107
33 143
33 64
33 4
33 22
33 54
33 27
33 209
33 47
33 23
33 199
33 41
33 71
33 113
33 91
33 198
33 173
33 93
33 111
33 145
33 59
33 32
33 197
33 98
33 137
33 191
33 144
33 63
33 67
33 169
33 86
33 132
33 52
33 133
33 14
33 45
33 182
33 185
33 114
33 8
33 149
33 123
33 158
33 161
33 204
33 129
33 12
33 216
33 24
33 181
33 76
33 142
33 42
33 188
33 215
33 189
33 172
33 127
33 190
33 203
33 69
33 31
33 66
33 135
33 13
33 95
33 105
33 89
33 75
33 92
33 177
33 15
33 168
33 152
33 61
33 44
33 178
33 21
33 1
33 118
33 116
33 77
33 208
33 179
33 97
33 58
33 56
33 217
33 65
33 156
33 219
33 80
33 82
33 163
33 101
33 7
33 131
33 206
33 48
33 187
33 154
33 68
33 100
33 165
33 28
33 134
33 126
146 74
146 0
146 46
146 94
146 106
146 193
146 150
146 36
146 167
146 160
146 5
146 170
146 17
146 64
146 140
146 4
146 27
146 209
146 47
146 112
146 199
146 71
146 113
146 91
146 198
146 173
146 93
146 111
146 145
146 59
146 32
146 19
146 20
146 98
146 148
146 110
146 213
146 137
146 191
146 144
146 124
146 63
146 67
146 130
146 169
146 136
146 86
146 132
146 52
146 133
146 14
146 45
146 182
146 202
146 43
146 185
146 114
146 211
146 9
146 196
146 123
146 158
146 210
146 40
146 90
146 161
146 180
146 204
146 194
146 12
146 216
146 119
146 181
146 76
146 142
146 42
146 188
146 215
146 172
146 127
146 184
146 53
146 203
146 69
146 66
146 135
146 13
146 212
146 95
146 105
146 214
146 50
146 162
146 75
146 92
146 177
146 152
146 178
146 21
146 176
146 118
146 116
146 88
146 99
146 70
146 208
146 179
146 97
146 56
146 217
146 120
146 153
146 219
146 29
146 82
146 163
146 101
146 7
146 131
146 48
146 187
146 154
146 55
146 115
146 165
146 38
146 28
146 134
10 74
10 46
10 94
10 106
10 193
10 150
10 11
10 36
10 139
10 167
10 160
10 170
10 17
10 143
10 4
10 22
10 27
10 209
10 47
10 112
10 23
10 41
10 71
10 93
10 111
10 84
10 145
10 2
10 59
10 32
10 19
10 197
10 109
10 98
10 157
10 148
10 213
10 147
10 174
10 144
10 124
10 63
10 175
10 67
10 130
10 169
10 16
10 136
10 86
10 155
10 132
10 133
10 182
10 202
10 43
10 185
10 114
10 8
10 211
10 149
10 9
10 196
10 123
10 158
10 40
10 90
10 180
10 129
10 194
10 24
10 181
10 76
10 42
10 188
10 189
10 172
10 127
10 25
10 190
10 53
10 69
10 31
10 66
10 135
10 13
10 95
10 105
10 50
10 73
10 162
10 89
10 75
10 92
10 177
10 151
10 26
10 152
10 121
10 44
10 178
10 21
10 176
10 118
10 116
10 77
10 99
10 70
10 179
10 97
10 58
10 39
10 120
10 207
10 156
10 219
10 80
10 29
10 206
10 187
10 154
10 55
10 68
10 100
10 165
10 38
10 28
10 134
10 126
10 6
10 122
74 0
74 46
74 94
74 106
74 193
74 150
74 11
74 36
74 171
74 167
74 160
74 186
74 17
74 107
74 64
74 4
74 54
74 209
74 112
74 23
74 199
74 71
74 113
74 91
74 173
74 93
74 111
74 84
74 145
74 2
74 59
74 32
74 19
74 98
74 157
74 148
74 110
74 174
74 191
74 81
74 144
74 124
74 175
74 169
74 16
74 136
74 86
74 155
74 132
74 52
74 133
74 14
74 192
74 43
74 8
74 211
74 9
74 158
74 210
74 40
74 90
74 194
74 216
74 24
74 119
74 181
74 76
74 188
74 190
74 184
74 53
74 62
74 203
74 66
74 135
74 95
74 105
74 214
74 50
74 73
74 162
74 75
74 15
74 168
74 152
74 121
74 125
74 21
74 1
74 118
74 88
74 77
74 70
74 208
74 179
74 97
74 56
74 120
74 65
74 219
74 80
74 82
74 101
74 30
74 7
74 131
74 48
74 55
74 68
74 115
74 100
74 165
74 38
74 28
74 134
74 126
74 6
0 46
0 94
0 106
0 193
0 150
0 36
0 171
0 139
0 167
0 160
0 186
0 170
0 17
0 64
0 140
0 4
0 22
0 54
0 209
0 47
0 199
0 113
0 91
0 198
0 173
0 93
0 145
0 2
0 59
0 32
0 19
0 197
0 20
0 109
0 98
0 157
0 213
0 147
0 174
0 191
0 144
0 124
0 63
0 175
0 130
0 169
0 136
0 86
0 183
0 132
0 52
0 133
0 14
0 45
0 192
0 182
0 185
0 8
0 211
0 158
0 210
0 40
0 218
0 200
0 180
0 204
0 129
0 194
0 12
0 216
0 24
0 119
0 181
0 76
0 42
0 215
0 127
0 190
0 184
0 53
0 62
0 69
0 31
0 66
0 13
0 212
0 95
0 73
0 162
0 75
0 166
0 92
0 177
0 15
0 168
0 152
0 61
0 121
0 37
0 21
0 1
0 118
0 116
0 99
0 70
0 208
0 97
0 58
0 56
0 217
0 120
0 153
0 219
0 80
0 101
0 131
0 48
0 187
0 154
0 68
0 100
0 165
0 3
0 126
46 94
46 106
46 11
46 36
46 139
46 186
46 170
46 107
46 64
46 140
46 4
46 22
46 54
46 23
46 199
46 71
46 113
46 91
46 173
46 84
46 145
46 2
46 59
46 32
46 19
46 197
46 109
46 98
46 213
46 147
46 191
46 144
46 124
46 63
46 175
46 130
46 169
46 86
46 183
46 52
46 133
46 45
46 192
46 182
46 185
46 114
46 211
46 149
46 9
46 158
46 40
46 90
46 200
46 180
46 204
46 12
46 24
46 119
46 181
46 76
46 42
46 215
46 189
46 172
46 25
46 53
46 62
46 203
46 69
46 31
46 66
46 135
46 13
46 212
46 95
46 105
46 50
46 73
46 89
46 75
46 166
46 168
46 121
46 44
46 125
46 178
46 37
46 21
46 1
46 176
46 118
46 116
46 88
46 77
46 70
46 208
46 179
46 97
46 58
46 56
46 87
46 217
46 39
46 207
46 65
46 156
46 219
46 80
46 29
46 82
46 101
46 30
46 7
46 131
46 206
46 48
46 154
46 55
46 115
46 3
46 38
46 126
46 122
94 106
94 150
94 11
94 36
94 171
94 139
94 167
94 5
94 17
94 143
94 64
94 201
94 4
94 54
94 27
94 209
94 47
94 23
94 41
94 71
94 113
94 91
94 198
94 173
94 111
94 84
94 59
94 32
94 19
94 197
94 20
94 109
94 98
94 148
94 110
94 147
94 174
94 137
94 81
94 63
94 175
94 67
94 130
94 169
94 16
94 86
94 183
94 132
94 52
94 14
94 45
94 192
94 182
94 43
94 185
94 114
94 8
94 211
94 149
94 196
94 158
94 210
94 218
94 90
94 96
94 161
94 204
94 129
94 194
94 12
94 76
94 188
94 215
94 189
94 172
94 25
94 190
94 53
94 203
94 69
94 31
94 66
94 212
94 95
94 214
94 73
94 162
94 75
94 60
94 166
94 92
94 177
94 151
94 15
94 26
94 61
94 44
94 125
94 21
94 176
94 116
94 88
94 99
94 70
94 208
94 97
94 56
94 87
94 39
94 120
94 207
94 156
94 153
94 82
94 163
94 101
94 30
94 7
94 131
94 206
94 187
94 154
94 55
94 100
94 165
94 38
94 28
94 134
94 6
94 122
106 150
106 36
106 171
106 139
106 167
106 170
106 17
106 143
106 64
106 140
106 54
106 27
106 209
106 23
106 41
106 71
106 173
106 93
106 111
106 84
106 59
106 197
106 20
106 98
106 157
106 148
106 110
106 213
106 174
106 191
106 81
106 144
106 124
106 175
106 67
106 130
106 169
106 16
106 136
106 183
106 132
106 52
106 133
106 192
106 202
106 185
106 114
106 8
106 211
106 9
106 158
106 90
106 200
106 180
106 204
106 129
106 194
106 216
106 119
106 181
106 76
106 215
106 172
106 127
106 25
106 184
106 53
106 62
106 66
106 135
106 13
106 95
106 105
106 50
106 73
106 60
106 166
106 92
106 177
106 26
106 152
106 61
106 125
106 1
106 176
106 116
106 88
106 77
106 99
106 70
106 179
106 97
106 58
106 56
106 87
106 217
106 39
106 120
106 65
106 156
106 153
106 219
106 80
106 29
106 101
106 30
106 7
106 48
106 187
106 154
106 55
106 68
106 165
106 3
106 38
106 28
106 126
106 6
106 122
193 150
193 11
193 139
193 167
193 160
193 186
193 5
193 170
193 17
193 107
193 143
193 64
193 201
193 140
193 4
193 22
193 47
193 71
193 198
193 145
193 2
193 59
193 32
193 197
193 98
193 157
193 148
193 110
193 147
193 174
193 137
193 81
193 144
193 175
193 67
193 130
193 16
193 155
193 183
193 132
193 52
193 14
193 45
193 192
193 182
193 202
193 114
193 8
193 9
193 196
193 123
193 158
193 210
193 40
193 90
193 161
193 200
193 180
193 204
193 194
193 12
193 216
193 24
193 119
193 181
193 76
193 42
193 188
193 215
193 189
193 127
193 25
193 190
193 184
193 53
193 203
193 69
193 31
193 135
193 13
193 212
193 95
193 73
193 162
193 89
193 75
193 60
193 166
193 92
193 177
193 151
193 15
193 152
193 121
193 44
193 125
193 178
193 37
193 21
193 1
193 176
193 118
193 88
193 77
193 99
193 208
193 97
193 58
193 56
193 87
193 217
193 39
193 120
193 207
193 156
193 219
193 29
193 101
193 30
193 7
193 131
193 206
193 48
193 187
193 154
193 55
193 115
193 165
193 38
193 28
193 126
193 6
150 171
150 139
150 167
150 160
150 186
150 5
150 170
150 17
150 107
150 143
150 64
150 4
150 22
150 54
150 27
150 47
150 112
150 23
150 199
150 41
150 71
150 91
150 198
150 93
150 111
150 145
150 2
150 59
150 32
150 19
150 197
150 20
150 109
150 157
150 148
150 110
150 213
150 174
150 137
150 191
150 144
150 63
150 67
150 16
150 136
150 155
150 132
150 52
150 14
150 192
150 182
150 114
150 8
150 9
150 123
150 158
150 96
150 161
150 200
150 204
150 129
150 194
150 12
150 119
150 181
150 76
150 42
150 189
150 127
150 190
150 184
150 69
150 31
150 212
150 95
150 105
150 73
150 162
150 89
150 75
150 60
150 166
150 92
150 151
150 15
150 26
150 152
150 44
150 125
150 178
150 116
150 77
150 99
150 70
150 179
150 58
150 56
150 87
150 217
150 120
150 207
150 156
150 153
150 219
150 29
150 82
150 163
150 101
150 30
150 131
150 206
150 154
150 68
150 115
150 100
150 165
150 3
150 38
150 134
150 126
150 6
150 122
11 36
11 171
11 139
11 160
11 5
11 17
11 107
11 64
11 201
11 4
11 54
11 27
11 209
11 23
11 71
11 91
11 198
11 173
11 84
11 2
11 32
11 197
11 109
11 98
11 157
11 148
11 191
11 63
11 67
11 130
11 169
11 86
11 155
11 183
11 132
11 52
11 133
11 14
11 182
11 202
11 43
11 185
11 114
11 8
11 211
11 9
11 196
11 123
11 158
11 40
11 218
11 96
11 161
11 180
11 204
11 129
11 194
11 12
11 216
11 181
11 142
11 42
11 188
11 189
11 184
11 53
11 62
11 203
11 69
11 135
11 13
11 212
11 95
11 105
11 50
11 73
11 162
11 89
11 60
11 92
11 177
11 151
11 168
11 61
11 121
11 178
11 37
11 21
11 1
11 176
11 118
11 88
11 77
11 70
11 179
11 97
11 87
11 217
11 39
11 120
11 207
11 156
11 153
11 219
11 80
11 29
11 82
11 163
11 101
11 131
11 206
11 48
11 187
11 154
11 55
11 68
11 115
11 100
11 165
11 3
11 38
11 28
11 134
11 126
11 6
11 122
36 171
36 139
36 167
36 160
36 186
36 5
36 17
36 143
36 140
36 4
36 22
36 47
36 199
36 41
36 71
36 198
36 93
36 111
36 32
36 19
36 197
36 20
36 109
36 148
36 110
36 174
36 191
36 81
36 144
36 175
36 169
36 16
36 132
36 133
36 14
36 45
36 182
36 202
36 43
36 185
36 114
36 8
36 211
36 149
36 9
36 196
36 123
36 210
36 218
36 90
36 96
36 161
36 194
36 12
36 24
36 119
36 172
36 127
36 25
36 184
36 53
36 62
36 203
36 31
36 66
36 135
36 13
36 95
36 214
36 50
36 162
36 75
36 177
36 15
36 168
36 26
36 152
36 61
36 121
36 44
36 125
36 37
36 1
36 176
36 118
36 116
36 70
36 179
36 56
36 87
36 120
36 219
36 163
36 30
36 7
36 131
36 48
36 187
36 55
36 115
36 165
36 3
36 38
36 134
36 126
36 6
36 122
171 139
171 167
171 160
171 170
171 17
171 107
171 64
171 201
171 140
171 4
171 54
171 27
171 47
171 23
171 199
171 41
171 71
171 113
171 111
171 84
171 2
171 19
171 197
171 157
171 148
171 174
171 137
171 191
171 144
171 175
171 130
171 16
171 155
171 183
171 52
171 133
171 192
171 182
171 43
171 114
171 149
171 196
171 123
171 158
171 218
171 96
171 200
171 180
171 129
171 194
171 12
171 216
171 24
171 119
171 181
171 42
171 188
171 215
171 189
171 172
171 25
171 190
171 62
171 203
171 66
171 13
171 95
171 214
171 50
171 60
171 166
171 92
171 177
171 15
171 152
171 44
171 125
171 37
171 1
171 176
171 179
171 97
171 56
171 87
171 207
171 153
171 219
171 80
171 29
171 131
171 206
171 48
171 187
171 154
171 68
171 115
171 100
171 165
171 3
171 38
171 134
171 126
139 167
139 5
139 107
139 143
139 64
139 22
139 27
139 47
139 112
139 23
139 71
139 113
139 91
139 198
139 173
139 111
139 84
139 145
139 2
139 59
139 197
139 20
139 98
139 157
139 148
139 213
139 174
139 191
139 81
139 124
139 63
139 175
139 16
139 86
139 132
139 133
139 14
139 192
139 182
139 202
139 43
139 185
139 114
139 8
139 211
139 149
139 9
139 123
139 90
139 200
139 180
139 194
139 216
139 24
139 76
139 42
139 188
139 215
139 127
139 190
139 53
139 62
139 69
139 66
139 135
139 105
139 50
139 92
139 151
139 15
139 152
139 121
139 44
139 125
139 178
139 37
139 21
139 1
139 116
139 88
139 70
139 208
139 179
139 97
139 217
139 39
139 207
139 65
139 156
139 163
139 101
139 30
139 7
139 131
139 48
139 187
139 68
139 115
139 100
139 165
139 3
139 28
139 134
139 6
139 122
167 160
167 186
167 5
167 107
167 64
167 201
167 140
167 4
167 22
167 54
167 27
167 209
167 47
167 23
167 199
167 41
167 71
167 113
167 91
167 198
167 173
167 93
167 111
167 84
167 145
167 59
167 32
167 20
167 98
167 157
167 148
167 110
167 213
167 174
167 137
167 191
167 81
167 144
167 124
167 63
167 175
167 130
167 169
167 86
167 155
167 183
167 45
167 202
167 185
167 114
167 8
167 149
167 158
167 210
167 90
167 96
167 180
167 194
167 181
167 142
167 42
167 215
167 172
167 127
167 25
167 190
167 184
167 53
167 62
167 203
167 31
167 135
167 212
167 60
167 92
167 177
167 151
167 15
167 168
167 26
167 152
167 61
167 121
167 125
167 178
167 21
167 118
167 88
167 99
167 70
167 58
167 120
167 207
167 65
167 156
167 153
167 219
167 80
167 29
167 30
167 7
167 131
167 68
167 115
167 100
167 38
167 28
167 134
167 6
167 122
160 186
160 5
160 64
160 140
160 4
160 22
160 209
160 47
160 112
160 23
160 41
160 71
160 113
160 91
160 198
160 173
160 93
160 84
160 145
160 2
160 32
160 19
160 197
160 20
160 109
160 98
160 157
160 110
160 213
160 174
160 137
160 191
160 81
160 144
160 67
160 169
160 16
160 136
160 86
160 155
160 183
160 133
160 14
160 45
160 202
160 43
160 185
160 114
160 8
160 211
160 158
160 210
160 40
160 218
160 96
160 180
160 194
160 12
160 119
160 142
160 42
160 172
160 25
160 190
160 184
160 53
160 62
160 31
160 135
160 13
160 95
160 105
160 73
160 89
160 75
160 60
160 166
160 177
160 151
160 15
160 26
160 152
160 61
160 121
160 44
160 125
160 178
160 37
160 1
160 176
160 118
160 116
160 88
160 77
160 99
160 70
160 208
160 179
160 97
160 56
160 87
160 217
160 39
160 153
160 82
160 163
160 7
160 131
160 206
160 48
160 187
160 100
160 165
160 3
160 38
160 134
186 5
186 170
186 17
186 107
186 143
186 201
186 4
186 209
186 47
186 112
186 199
186 71
186 113
186 198
186 173
186 93
186 111
186 84
186 2
186 59
186 32
186 20
186 109
186 98
186 148
186 110
186 213
186 144
186 67
186 130
186 136
186 86
186 183
186 132
186 14
186 45
186 192
186 182
186 202
186 43
186 185
186 114
186 196
186 158
186 210
186 40
186 90
186 96
186 161
186 200
186 180
186 204
186 129
186 12
186 24
186 119
186 181
186 42
186 188
186 215
186 172
186 127
186 25
186 190
186 184
186 53
186 62
186 31
186 66
186 135
186 13
186 212
186 95
186 105
186 73
186 162
186 166
186 151
186 15
186 168
186 26
186 121
186 44
186 125
186 178
186 37
186 176
186 118
186 88
186 77
186 70
186 208
186 56
186 87
186 217
186 39
186 207
186 156
186 153
186 219
186 80
186 29
186 82
186 163
186 101
186 131
186 154
186 68
186 100
186 165
186 3
186 28
186 134
186 122
5 170
5 17
5 143
5 64
5 201
5 140
5 4
5 54
5 209
5 47
5 112
5 113
5 198
5 173
5 111
5 84
5 32
5 19
5 20
5 98
5 148
5 110
5 213
5 147
5 137
5 191
5 81
5 124
5 63
5 175
5 67
5 169
5 136
5 155
5 183
5 132
5 52
5 133
5 14
5 182
5 43
5 185
5 211
5 196
5 123
5 210
5 40
5 90
5 96
5 204
5 129
5 194
5 12
5 216
5 76
5 142
5 215
5 189
5 127
5 190
5 184
5 53
5 203
5 135
5 13
5 95
5 105
5 50
5 73
5 162
5 75
5 60
5 92
5 177
5 168
5 26
5 61
5 21
5 1
5 176
5 118
5 116
5 88
5 77
5 70
5 56
5 207
5 153
5 219
5 29
5 82
5 163
5 101
5 30
5 7
5 48
5 154
5 68
5 165
5 3
5 126
5 6
170 17
170 107
170 143
170 64
170 201
170 27
170 209
170 47
170 112
170 23
170 71
170 113
170 91
170 198
170 173
170 93
170 111
170 59
170 32
170 197
170 20
170 109
170 98
170 157
170 110
170 213
170 147
170 137
170 191
170 124
170 67
170 130
170 169
170 16
170 136
170 155
170 183
170 132
170 14
170 45
170 192
170 202
170 43
170 8
170 211
170 149
170 9
170 218
170 96
170 200
170 180
170 204
170 181
170 76
170 42
170 215
170 127
170 25
170 190
170 184
170 53
170 62
170 203
170 69
170 66
170 13
170 212
170 95
170 105
170 50
170 162
170 60
170 166
170 92
170 177
170 168
170 26
170 152
170 61
170 44
170 37
170 118
170 77
170 70
170 208
170 97
170 58
170 56
170 217
170 120
170 207
170 156
170 219
170 80
170 82
170 163
170 101
170 30
170 7
170 131
170 206
170 48
170 187
170 154
170 55
170 115
170 100
170 3
170 134
170 122
17 143
17 64
17 201
17 140
17 54
17 27
17 209
17 112
17 91
17 198
17 173
17 111
17 84
17 145
17 59
17 109
17 98
17 157
17 148
17 213
17 147
17 174
17 137
17 81
17 144
17 124
17 67
17 130
17 169
17 16
17 136
17 86
17 132
17 45
17 192
17 43
17 185
17 114
17 8
17 196
17 158
17 40
17 218
17 161
17 200
17 204
17 129
17 194
17 216
17 24
17 119
17 181
17 76
17 142
17 42
17 188
17 215
17 127
17 190
17 184
17 53
17 203
17 66
17 13
17 95
17 105
17 214
17 50
17 89
17 75
17 60
17 166
17 92
17 151
17 15
17 168
17 26
17 152
17 61
17 121
17 44
17 125
17 178
17 21
17 1
17 176
17 118
17 116
17 88
17 99
17 70
17 58
17 87
17 39
17 65
17 156
17 153
17 219
17 29
17 82
17 30
17 7
17 206
17 48
17 187
17 154
17 55
17 115
17 3
17 28
17 134
17 126
107 143
107 64
107 201
107 140
107 54
107 209
107 47
107 112
107 23
107 199
107 71
107 113
107 91
107 173
107 93
107 111
107 84
107 145
107 2
107 32
107 197
107 98
107 157
107 148
107 110
107 213
107 147
107 137
107 175
107 67
107 130
107 169
107 136
107 155
107 132
107 52
107 133
107 14
107 182
107 43
107 185
107 114
107 8
107 211
107 149
107 9
107 123
107 210
107 161
107 200
107 180
107 181
107 76
107 142
107 215
107 189
107 172
107 25
107 184
107 62
107 203
107 69
107 31
107 135
107 95
107 105
107 214
107 50
107 73
107 162
107 89
107 75
107 60
107 166
107 92
107 151
107 168
107 44
107 125
107 178
107 37
107 21
107 118
107 116
107 88
107 70
107 179
107 97
107 58
107 56
107 87
107 39
107 65
107 156
107 153
107 29
107 82
107 206
107 48
107 187
107 55
107 68
107 115
107 165
107 38
107 28
107 126
107 6
107 122
143 64
143 140
143 4
143 22
143 54
143 27
143 47
143 112
143 23
143 41
143 71
143 113
143 91
143 198
143 173
143 93
143 84
143 145
143 2
143 59
143 197
143 109
143 110
143 213
143 174
143 137
143 191
143 81
143 144
143 124
143 175
143 67
143 169
143 16
143 136
143 86
143 155
143 52
143 182
143 202
143 43
143 185
143 8
143 211
143 149
143 196
143 158
143 210
143 40
143 90
143 96
143 200
143 180
143 129
143 12
143 216
143 24
143 119
143 181
143 76
143 142
143 188
143 215
143 189
143 127
143 190
143 184
143 62
143 31
143 66
143 135
143 13
143 105
143 214
143 73
143 89
143 60
143 92
143 177
143 151
143 168
143 26
143 44
143 125
143 178
143 37
143 21
143 1
143 176
143 118
143 77
143 70
143 208
143 97
143 58
143 56
143 87
143 39
143 207
143 153
143 219
143 29
143 82
143 163
143 101
143 30
143 7
143 206
143 55
143 115
143 165
143 3
143 38
143 134
143 126
143 6
143 122
64 201
64 4
64 22
64 54
64 27
64 209
64 41
64 113
64 91
64 173
64 111
64 84
64 145
64 2
64 59
64 32
64 19
64 197
64 20
64 109
64 157
64 213
64 147
64 174
64 191
64 81
64 144
64 124
64 63
64 67
64 130
64 169
64 16
64 136
64 86
64 155
64 183
64 52
64 133
64 14
64 192
64 182
64 202
64 8
64 149
64 196
64 158
64 210
64 40
64 96
64 161
64 200
64 129
64 12
64 216
64 24
64 181
64 142
64 42
64 215
64 189
64 172
64 25
64 184
64 62
64 203
64 31
64 66
64 135
64 212
64 214
64 50
64 73
64 162
64 89
64 75
64 60
64 177
64 26
64 152
64 121
64 125
64 37
64 21
64 118
64 116
64 88
64 77
64 99
64 208
64 58
64 39
64 120
64 207
64 65
64 156
64 153
64 29
64 82
64 163
64 7
64 131
64 206
64 48
64 55
64 68
64 165
64 3
64 38
64 28
64 6
64 122
201 140
201 4
201 22
201 54
201 209
201 47
201 199
201 41
201 71
201 113
201 91
201 198
201 93
201 84
201 145
201 2
201 59
201 197
201 20
201 109
201 98
201 157
201 110
201 213
201 147
201 174
201 81
201 144
201 124
201 63
201 175
201 67
201 16
201 136
201 155
201 132
201 133
201 14
201 192
201 202
201 43
201 8
201 158
201 40
201 218
201 90
201 204
201 129
201 194
201 12
201 216
201 24
201 119
201 76
201 215
201 189
201 172
201 190
201 53
201 62
201 66
201 13
201 95
201 214
201 75
201 60
201 166
201 92
201 151
201 168
201 26
201 152
201 61
201 121
201 44
201 21
201 1
201 176
201 118
201 99
201 97
201 56
201 87
201 39
201 120
201 65
201 156
201 80
201 29
201 82
201 101
201 30
201 7
201 131
201 206
201 48
201 187
201 154
201 55
201 68
201 115
201 165
201 3
201 28
201 126
140 4
140 22
140 54
140 27
140 209
140 47
140 112
140 23
140 199
140 41
140 71
140 91
140 198
140 173
140 111
140 84
140 145
140 2
140 59
140 32
140 197
140 20
140 109
140 98
140 157
140 213
140 147
140 174
140 137
140 191
140 16
140 136
140 86
140 155
140 183
140 132
140 14
140 45
140 192
140 182
140 43
140 8
140 211
140 149
140 9
140 196
140 123
140 210
140 40
140 218
140 96
140 161
140 204
140 194
140 216
140 181
140 76
140 42
140 188
140 215
140 127
140 25
140 190
140 184
140 53
140 62
140 203
140 69
140 31
140 66
140 135
140 13
140 95
140 105
140 214
140 162
140 89
140 60
140 166
140 177
140 168
140 26
140 121
140 44
140 125
140 176
140 118
140 88
140 77
140 99
140 179
140 56
140 87
140 217
140 39
140 156
140 153
140 80
140 29
140 82
140 101
140 30
140 7
140 131
140 187
140 55
140 115
140 100
140 165
140 38
140 28
140 126
140 6
140 122
4 22
4 54
4 209
4 47
4 23
4 199
4 41
4 71
4 113
4 91
4 173
4 93
4 111
4 84
4 145
4 59
4 19
4 20
4 109
4 98
4 157
4 110
4 213
4 147
4 137
4 191
4 81
4 63
4 67
4 130
4 169
4 136
4 86
4 183
4 132
4 52
4 133
4 14
4 192
4 202
4 185
4 114
4 8
4 9
4 196
4 123
4 158
4 210
4 40
4 204
4 129
4 12
4 216
4 24
4 119
4 76
4 142
4 42
4 215
4 189
4 25
4 190
4 184
4 53
4 62
4 203
4 66
4 13
4 212
4 105
4 214
4 50
4 162
4 75
4 60
4 166
4 92
4 168
4 152
4 61
4 121
4 44
4 125
4 178
4 37
4 21
4 1
4 176
4 116
4 77
4 99
4 70
4 208
4 97
4 58
4 56
4 87
4 39
4 120
4 207
4 65
4 156
4 153
4 219
4 82
4 163
4 101
4 30
4 7
4 206
4 48
4 187
4 68
4 115
4 100
4 3
4 38
4 134
4 126
4 6
4 122
22 54
22 27
22 47
22 112
22 199
22 71
22 113
22 91
22 198
22 173
22 84
22 145
22 2
22 32
22 19
22 197
22 109
22 157
22 213
22 147
22 137
22 81
22 144
22 124
22 63
22 175
22 67
22 130
22 169
22 16
22 155
22 132
22 14
22 45
22 192
22 182
22 202
22 43
22 114
22 8
22 211
22 196
22 123
22 90
22 96
22 161
22 200
22 204
22 129
22 12
22 24
22 76
22 142
22 188
22 53
22 62
22 203
22 31
22 135
22 105
22 50
22 162
22 75
22 60
22 166
22 92
22 177
22 15
22 168
22 26
22 152
22 61
22 121
22 44
22 125
22 37
22 21
22 1
22 176
22 118
22 116
22 88
22 99
22 58
22 56
22 87
22 39
22 120
22 207
22 65
22 153
22 219
22 29
22 82
22 163
22 101
22 206
22 48
22 154
22 55
22 165
22 3
22 28
22 126
22 6
22 122
54 209
54 47
54 23
54 199
54 71
54 93
54 84
54 145
54 2
54 32
54 20
54 157
54 148
54 213
54 147
54 137
54 144
54 124
54 63
54 175
54 130
54 169
54 16
54 155
54 132
54 52
54 133
54 192
54 114
54 8
54 149
54 9
54 196
54 158
54 210
54 218
54 90
54 96
54 161
54 180
54 129
54 12
54 216
54 24
54 119
54 181
54 76
54 142
54 42
54 189
54 172
54 25
54 190
54 184
54 31
54 66
54 135
54 13
54 95
54 105
54 214
54 73
54 60
54 166
54 177
54 168
54 26
54 152
54 61
54 121
54 44
54 125
54 178
54 37
54 21
54 1
54 176
54 118
54 116
54 88
54 77
54 99
54 208
54 179
54 97
54 87
54 217
54 39
54 207
54 65
54 156
54 153
54 29
54 82
54 30
54 7
54 131
54 206
54 154
54 55
54 68
54 115
54 3
54 28
54 134
54 126
54 122
27 209
27 112
27 199
27 41
27 71
27 91
27 173
27 93
27 111
27 84
27 32
27 19
27 197
27 20
27 98
27 157
27 213
27 174
27 137
27 144
27 175
27 67
27 169
27 16
27 136
27 86
27 183
27 132
27 52
27 133
27 192
27 185
27 114
27 8
27 149
27 9
27 196
27 123
27 158
27 210
27 40
27 96
27 161
27 180
27 204
27 129
27 12
27 119
27 181
27 142
27 215
27 189
27 127
27 25
27 53
27 62
27 31
27 135
27 13
27 214
27 89
27 75
27 60
27 92
27 177
27 15
27 168
27 26
27 121
27 44
27 125
27 21
27 1
27 118
27 116
27 70
27 208
27 179
27 97
27 58
27 87
27 39
27 207
27 156
27 153
27 219
27 101
27 7
27 131
27 206
27 48
27 154
27 55
27 100
27 165
27 38
27 28
27 134
27 126
27 122
209 47
209 23
209 199
209 41
209 71
209 91
209 93
209 111
209 84
209 2
209 32
209 197
209 109
209 157
209 148
209 110
209 213
209 147
209 174
209 81
209 124
209 63
209 175
209 67
209 130
209 169
209 16
209 86
209 155
209 132
209 52
209 192
209 202
209 43
209 149
209 196
209 123
209 210
209 218
209 90
209 96
209 161
209 200
209 129
209 194
209 12
209 216
209 24
209 119
209 76
209 42
209 215
209 172
209 25
209 190
209 62
209 203
209 31
209 66
209 95
209 50
209 73
209 60
209 166
209 92
209 177
209 15
209 168
209 26
209 152
209 61
209 121
209 125
209 21
209 176
209 99
209 70
209 58
209 87
209 65
209 153
209 80
209 29
209 101
209 30
209 7
209 206
209 187
209 154
209 68
209 115
209 165
209 38
209 28
209 134
209 6
209 122
47 112
47 199
47 41
47 71
47 113
47 198
47 93
47 111
47 84
47 197
47 20
47 109
47 98
47 148
47 110
47 174
47 137
47 191
47 63
47 175
47 67
47 130
47 169
47 16
47 136
47 86
47 155
47 183
47 45
47 192
47 182
47 202
47 185
47 8
47 211
47 9
47 123
47 158
47 218
47 90
47 200
47 180
47 204
47 129
47 194
47 12
47 216
47 119
47 181
47 76
47 188
47 189
47 172
47 127
47 25
47 184
47 62
47 203
47 66
47 13
47 212
47 95
47 105
47 214
47 50
47 162
47 75
47 60
47 166
47 177
47 151
47 15
47 168
47 152
47 61
47 125
47 178
47 37
47 21
47 1
47 176
47 118
47 77
47 99
47 70
47 208
47 97
47 58
47 56
47 217
47 39
47 120
47 207
47 156
47 153
47 80
47 82
47 163
47 101
47 30
47 7
47 131
47 154
47 68
47 115
47 100
47 165
47 38
47 28
47 134
47 6
112 23
112 199
112 71
112 113
112 91
112 198
112 173
112 93
112 84
112 145
112 2
112 59
112 32
112 19
112 197
112 20
112 109
112 98
112 157
112 148
112 110
112 147
112 174
112 191
112 144
112 124
112 63
112 175
112 67
112 136
112 86
112 155
112 132
112 192
112 182
112 43
112 185
112 114
112 8
112 149
112 9
112 196
112 123
112 158
112 90
112 180
112 204
112 129
112 194
112 12
112 24
112 119
112 181
112 76
112 142
112 188
112 189
112 172
112 127
112 190
112 62
112 203
112 69
112 31
112 66
112 135
112 13
112 95
112 105
112 50
112 73
112 162
112 75
112 60
112 151
112 15
112 168
112 26
112 61
112 121
112 44
112 1
112 116
112 77
112 99
112 70
112 97
112 58
112 120
112 207
112 65
112 156
112 153
112 219
112 80
112 29
112 163
112 101
112 30
112 131
112 48
112 187
112 55
112 115
112 100
112 165
112 38
112 134
112 126
23 199
23 113
23 198
23 93
23 111
23 2
23 59
23 19
23 20
23 109
23 98
23 157
23 148
23 110
23 213
23 137
23 81
23 144
23 124
23 63
23 175
23 67
23 16
23 136
23 86
23 155
23 132
23 182
23 202
23 43
23 185
23 114
23 8
23 211
23 9
23 196
23 210
23 218
23 90
23 96
23 200
23 180
23 204
23 12
23 216
23 24
23 119
23 181
23 142
23 188
23 215
23 189
23 172
23 127
23 25
23 190
23 53
23 62
23 203
23 31
23 135
23 13
23 212
23 89
23 60
23 177
23 168
23 152
23 61
23 121
23 44
23 125
23 21
23 176
23 118
23 116
23 88
23 77
23 99
23 70
23 208
23 179
23 97
23 56
23 39
23 120
23 156
23 153
23 80
23 29
23 82
23 163
23 101
23 30
23 206
23 48
23 55
23 100
23 38
23 126
23 122
199 91
199 198
199 173
199 84
199 145
199 59
199 32
199 197
199 20
199 109
199 98
199 148
199 110
199 213
199 174
199 137
199 191
199 144
199 169
199 16
199 136
199 86
199 183
199 132
199 133
199 14
199 192
199 43
199 114
199 211
199 9
199 196
199 158
199 210
199 90
199 96
199 200
199 204
199 129
199 194
199 12
199 119
199 181
199 76
199 142
199 42
199 188
199 215
199 172
199 25
199 190
199 184
199 53
199 69
199 31
199 66
199 135
199 214
199 162
199 75
199 60
199 166
199 177
199 15
199 168
199 26
199 152
199 121
199 125
199 37
199 21
199 1
199 118
199 116
199 88
199 70
199 208
199 97
199 58
199 87
199 217
199 39
199 120
199 207
199 65
199 156
199 153
199 219
199 82
199 163
199 30
199 7
199 131
199 206
199 48
199 187
199 154
199 68
199 100
199 3
199 38
199 134
199 126
199 6
41 71
41 113
41 91
41 93
41 111
41 145
41 2
41 59
41 32
41 19
41 197
41 20
41 109
41 157
41 148
41 110
41 213
41 147
41 137
41 81
41 144
41 124
41 175
41 136
41 155
41 183
41 132
41 52
41 133
41 14
41 45
41 182
41 202
41 43
41 185
41 114
41 8
41 211
41 149
41 9
41 123
41 158
41 210
41 40
41 180
41 24
41 119
41 181
41 42
41 188
41 215
41 172
41 25
41 190
41 53
41 62
41 203
41 31
41 66
41 13
41 212
41 95
41 105
41 73
41 162
41 89
41 75
41 60
41 15
41 26
41 152
41 61
41 121
41 125
41 178
41 37
41 1
41 116
41 88
41 77
41 99
41 70
41 208
41 97
41 58
41 56
41 87
41 217
41 39
41 207
41 156
41 153
41 219
41 80
41 29
41 82
41 163
41 101
41 131
41 48
41 187
41 55
41 115
41 100
41 165
41 3
41 38
41 6
41 122
71 113
71 91
71 84
71 2
71 32
71 19
71 197
71 109
71 148
71 147
71 174
71 81
71 144
71 124
71 175
71 67
71 169
71 16
71 136
71 155
71 132
71 133
71 14
71 192
71 202
71 43
71 185
71 8
71 211
71 149
71 196
71 158
71 218
71 96
71 200
71 180
71 204
71 129
71 12
71 216
71 181
71 76
71 188
71 215
71 172
71 127
71 25
71 190
71 62
71 203
71 31
71 66
71 13
71 212
71 105
71 214
71 73
71 162
71 89
71 75
71 166
71 92
71 177
71 151
71 26
71 152
71 61
71 121
71 44
71 178
71 37
71 21
71 176
71 118
71 116
71 77
71 99
71 70
71 97
71 56
71 87
71 217
71 39
71 153
71 219
71 80
71 29
71 101
71 131
71 48
71 154
71 55
71 68
71 115
71 100
71 165
71 38
71 134
71 6
113 91
113 198
113 173
113 93
113 111
113 84
113 145
113 2
113 59
113 32
113 19
113 20
113 109
113 157
113 148
113 213
113 147
113 174
113 137
113 191
113 81
113 124
113 67
113 130
113 169
113 136
113 155
113 183
113 132
113 52
113 192
113 43
113 185
113 114
113 8
113 9
113 40
113 218
113 90
113 161
113 180
113 204
113 129
113 194
113 12
113 216
113 24
113 119
113 76
113 142
113 42
113 215
113 189
113 172
113 127
113 25
113 53
113 203
113 31
113 13
113 212
113 105
113 214
113 50
113 73
113 89
113 75
113 60
113 166
113 92
113 151
113 15
113 168
113 61
113 125
113 21
113 1
113 176
113 118
113 116
113 77
113 99
113 70
113 208
113 179
113 97
113 56
113 87
113 39
113 120
113 156
113 153
113 219
113 80
113 163
113 30
113 206
113 48
113 55
113 68
113 115
113 165
113 3
113 28
113 134
113 122
91 198
91 93
91 111
91 84
91 145
91 32
91 19
91 197
91 20
91 157
91 213
91 147
91 174
91 137
91 191
91 81
91 144
91 124
91 63
91 130
91 169
91 136
91 155
91 133
91 192
91 182
91 43
91 185
91 114
91 211
91 149
91 9
91 196
91 123
91 158
91 210
91 40
91 218
91 96
91 161
91 200
91 180
91 204
91 129
91 12
91 216
91 24
91 119
91 142
91 42
91 188
91 215
91 189
91 127
91 25
91 184
91 53
91 203
91 69
91 31
91 66
91 13
91 212
91 105
91 214
91 73
91 89
91 75
91 60
91 166
91 92
91 177
91 15
91 168
91 26
91 152
91 61
91 121
91 44
91 125
91 178
91 37
91 21
91 1
91 118
91 116
91 88
91 99
91 208
91 97
91 58
91 56
91 87
91 39
91 207
91 65
91 153
91 29
91 163
91 30
91 131
91 206
91 187
91 154
91 55
91 68
91 165
91 38
91 126
91 6
198 173
198 111
198 145
198 59
198 197
198 109
198 157
198 110
198 213
198 174
198 191
198 144
198 63
198 175
198 67
198 169
198 86
198 183
198 132
198 45
198 192
198 182
198 211
198 149
198 9
198 123
198 210
198 40
198 218
198 90
198 96
198 161
198 200
198 180
198 204
198 129
198 12
198 216
198 24
198 119
198 76
198 188
198 215
198 172
198 127
198 25
198 53
198 203
198 31
198 66
198 13
198 105
198 214
198 73
198 75
198 60
198 166
198 177
198 151
198 15
198 61
198 121
198 44
198 125
198 178
198 37
198 21
198 1
198 118
198 116
198 88
198 70
198 208
198 179
198 97
198 56
198 120
198 207
198 65
198 156
198 153
198 219
198 80
198 29
198 163
198 101
198 30
198 7
198 131
198 206
198 187
198 154
198 55
198 68
198 115
198 100
198 6
173 93
173 111
173 145
173 2
173 59
173 32
173 197
173 20
173 109
173 98
173 157
173 148
173 110
173 213
173 147
173 137
173 81
173 124
173 175
173 130
173 136
173 86
173 155
173 183
173 132
173 52
173 133
173 45
173 192
173 182
173 43
173 114
173 149
173 158
173 210
173 40
173 218
173 90
173 200
173 204
173 129
173 216
173 119
173 181
173 76
173 188
173 189
173 172
173 127
173 190
173 184
173 53
173 62
173 203
173 69
173 31
173 135
173 212
173 95
173 214
173 50
173 89
173 75
173 60
173 177
173 151
173 15
173 168
173 26
173 152
173 61
173 44
173 125
173 37
173 21
173 1
173 176
173 118
173 116
173 88
173 70
173 208
173 179
173 58
173 56
173 87
173 217
173 39
173 65
173 156
173 153
173 219
173 80
173 29
173 131
173 206
173 48
173 187
173 154
173 55
173 115
173 100
173 165
173 38
173 126
173 6
93 111
93 84
93 2
93 59
93 19
93 197
93 20
93 109
93 98
93 157
93 213
93 137
93 81
93 175
93 67
93 136
93 86
93 155
93 132
93 133
93 45
93 192
93 182
93 202
93 43
93 185
93 114
93 211
93 149
93 9
93 196
93 158
93 210
93 40
93 218
93 90
93 96
93 161
93 200
93 180
93 204
93 216
93 24
93 181
93 142
93 188
93 215
93 189
93 172
93 127
93 25
93 190
93 53
93 62
93 203
93 66
93 13
93 95
93 162
93 89
93 75
93 60
93 92
93 177
93 15
93 26
93 152
93 44
93 125
93 37
93 21
93 1
93 176
93 118
93 88
93 70
93 56
93 87
93 39
93 120
93 207
93 156
93 80
93 29
93 82
93 101
93 30
93 7
93 206
93 154
93 68
93 115
93 28
93 126
93 6
93 122
111 84
111 145
111 2
111 32
111 20
111 109
111 98
111 157
111 148
111 147
111 174
111 137
111 144
111 63
111 175
111 67
111 169
111 16
111 136
111 86
111 155
111 132
111 133
111 45
111 192
111 202
111 43
111 185
111 114
111 8
111 211
111 149
111 196
111 158
111 210
111 40
111 218
111 90
111 96
111 180
111 129
111 194
111 216
111 24
111 76
111 142
111 42
111 188
111 189
111 127
111 25
111 190
111 53
111 62
111 69
111 31
111 135
111 95
111 105
111 73
111 162
111 60
111 166
111 92
111 177
111 151
111 15
111 26
111 61
111 37
111 1
111 176
111 116
111 88
111 77
111 99
111 70
111 208
111 58
111 56
111 87
111 217
111 120
111 207
111 156
111 153
111 219
111 80
111 29
111 163
111 30
111 131
111 206
111 187
111 154
111 55
111 68
111 100
111 165
111 3
111 38
111 28
111 134
111 122
84 145
84 2
84 59
84 32
84 19
84 197
84 20
84 109
84 157
84 148
84 110
84 213
84 147
84 174
84 67
84 169
84 132
84 52
84 14
84 45
84 192
84 202
84 43
84 114
84 8
84 211
84 149
84 158
84 218
84 96
84 161
84 200
84 204
84 129
84 194
84 12
84 119
84 181
84 76
84 142
84 42
84 188
84 215
84 172
84 190
84 184
84 53
84 62
84 203
84 69
84 31
84 212
84 95
84 105
84 214
84 50
84 73
84 89
84 60
84 151
84 15
84 168
84 152
84 61
84 121
84 178
84 37
84 21
84 1
84 176
84 118
84 116
84 88
84 77
84 99
84 179
84 97
84 58
84 56
84 87
84 217
84 39
84 207
84 65
84 156
84 153
84 219
84 80
84 29
84 163
84 101
84 7
84 131
84 206
84 48
84 154
84 68
84 100
84 3
84 28
84 126
84 122
145 2
145 59
145 197
145 20
145 148
145 110
145 147
145 174
145 137
145 191
145 81
145 144
145 124
145 175
145 67
145 169
145 136
145 14
145 45
145 192
145 182
145 202
145 185
145 8
145 196
145 158
145 210
145 40
145 218
145 90
145 161
145 204
145 129
145 216
145 24
145 181
145 76
145 142
145 42
145 172
145 190
145 53
145 62
145 203
145 69
145 13
145 105
145 214
145 50
145 89
145 75
145 60
145 166
145 177
145 15
145 26
145 152
145 125
145 1
145 176
145 118
145 116
145 99
145 208
145 179
145 58
145 56
145 217
145 39
145 120
145 65
145 156
145 219
145 80
145 29
145 82
145 101
145 30
145 7
145 131
145 206
145 187
145 154
145 55
145 68
145 115
145 38
145 28
145 134
145 126
145 6
2 32
2 19
2 197
2 20
2 157
2 148
2 110
2 213
2 81
2 63
2 175
2 130
2 169
2 16
2 136
2 14
2 202
2 43
2 185
2 114
2 8
2 9
2 196
2 123
2 210
2 40
2 218
2 90
2 161
2 200
2 180
2 129
2 12
2 24
2 119
2 181
2 76
2 188
2 172
2 127
2 25
2 190
2 62
2 69
2 66
2 212
2 95
2 105
2 214
2 162
2 89
2 92
2 177
2 168
2 26
2 152
2 61
2 125
2 37
2 116
2 77
2 208
2 179
2 97
2 58
2 56
2 217
2 39
2 207
2 153
2 80
2 29
2 101
2 30
2 7
2 131
2 206
2 48
2 187
2 154
2 165
2 3
2 38
2 28
2 134
2 126
2 6
2 122
59 32
59 19
59 109
59 157
59 148
59 110
59 213
59 174
59 144
59 67
59 169
59 136
59 86
59 155
59 132
59 45
59 192
59 202
59 185
59 211
59 123
59 158
59 210
59 218
59 96
59 180
59 129
59 194
59 119
59 181
59 76
59 188
59 189
59 172
59 127
59 25
59 190
59 184
59 53
59 62
59 69
59 66
59 135
59 13
59 212
59 105
59 50
59 75
59 166
59 177
59 151
59 15
59 61
59 44
59 125
59 178
59 21
59 1
59 176
59 118
59 116
59 99
59 208
59 179
59 97
59 58
59 56
59 87
59 217
59 39
59 120
59 207
59 156
59 153
59 219
59 80
59 29
59 82
59 101
59 7
59 206
59 187
59 154
59 55
59 68
59 115
59 3
59 28
59 126
59 122
32 20
32 157
32 148
32 110
32 213
32 147
32 174
32 137
32 81
32 130
32 169
32 16
32 86
32 132
32 133
32 45
32 192
32 182
32 202
32 43
32 114
32 211
32 9
32 196
32 123
32 40
32 218
32 90
32 96
32 180
32 129
32 12
32 181
32 142
32 42
32 215
32 172
32 127
32 25
32 190
32 53
32 62
32 203
32 69
32 31
32 95
32 214
32 162
32 60
32 166
32 92
32 151
32 15
32 168
32 26
32 152
32 61
32 121
32 125
32 178
32 37
32 21
32 1
32 116
32 77
32 208
32 58
32 56
32 217
32 39
32 120
32 207
32 65
32 156
32 153
32 219
32 80
32 29
32 82
32 163
32 7
32 131
32 206
32 187
32 55
32 68
32 115
32 100
32 165
32 3
32 38
32 126
32 122
19 197
19 109
19 157
19 148
19 213
19 147
19 174
19 191
19 81
19 144
19 175
19 67
19 130
19 169
19 16
19 86
19 155
19 183
19 133
19 14
19 45
19 192
19 182
19 202
19 185
19 114
19 8
19 9
19 196
19 123
19 158
19 210
19 218
19 90
19 96
19 161
19 200
19 180
19 204
19 129
19 194
19 12
19 119
19 142
19 189
19 172
19 127
19 25
19 53
19 203
19 69
19 31
19 66
19 135
19 212
19 95
19 214
19 50
19 73
19 162
19 89
19 75
19 60
19 166
19 151
19 15
19 168
19 26
19 152
19 121
19 44
19 178
19 37
19 116
19 88
19 77
19 99
19 70
19 208
19 179
19 97
19 217
19 39
19 207
19 65
19 156
19 153
19 219
19 80
19 29
19 82
19 163
19 101
19 30
19 7
19 206
19 48
19 187
19 154
19 55
19 68
19 115
19 165
19 38
19 134
19 126
19 6
19 122
197 20
197 109
197 157
197 110
197 213
197 174
197 191
197 144
197 124
197 63
197 67
197 16
197 136
197 52
197 133
197 45
197 192
197 185
197 149
197 9
197 196
197 123
197 210
197 40
197 90
197 96
197 200
197 180
197 129
197 194
197 12
197 24
197 181
197 142
197 188
197 215
197 189
197 172
197 25
197 190
197 184
197 53
197 62
197 31
197 66
197 212
197 95
197 105
197 50
197 73
197 89
197 60
197 166
197 92
197 177
197 151
197 168
197 26
197 152
197 61
197 44
197 125
197 178
197 21
197 1
197 176
197 118
197 116
197 99
197 208
197 179
197 58
197 217
197 39
197 120
197 65
197 156
197 153
197 80
197 29
197 163
197 30
197 7
197 131
197 206
197 48
197 187
197 68
197 115
197 100
197 165
197 28
197 134
197 126
197 6
197 122
20 157
20 148
20 110
20 213
20 191
20 144
20 175
20 130
20 16
20 155
20 183
20 132
20 52
20 202
20 43
20 185
20 8
20 211
20 149
20 196
20 123
20 158
20 210
20 40
20 218
20 90
20 96
20 161
20 129
20 194
20 12
20 119
20 181
20 76
20 142
20 188
20 189
20 172
20 127
20 184
20 53
20 203
20 69
20 31
20 13
20 214
20 50
20 73
20 162
20 89
20 60
20 166
20 177
20 168
20 26
20 121
20 44
20 125
20 178
20 21
20 176
20 116
20 88
20 99
20 208
20 179
20 58
20 56
20 87
20 217
20 39
20 207
20 65
20 156
20 80
20 29
20 101
20 7
20 131
20 48
20 154
20 68
20 115
20 165
20 3
20 38
20 28
20 126
20 122
109 157
109 148
109 147
109 174
109 137
109 191
109 81
109 124
109 175
109 130
109 16
109 136
109 86
109 155
109 183
109 52
109 133
109 14
109 45
109 202
109 43
109 185
109 211
109 9
109 196
109 210
109 218
109 90
109 96
109 180
109 129
109 194
109 12
109 216
109 24
109 181
109 142
109 42
109 127
109 25
109 184
109 62
109 203
109 69
109 66
109 135
109 212
109 95
109 105
109 214
109 73
109 89
109 60
109 166
109 92
109 177
109 151
109 26
109 61
109 121
109 125
109 37
109 1
109 118
109 116
109 77
109 99
109 208
109 56
109 217
109 39
109 153
109 219
109 101
109 7
109 206
109 154
109 68
109 115
109 100
109 3
109 38
109 134
109 6
109 122
98 157
98 110
98 147
98 174
98 137
98 191
98 124
98 63
98 175
98 67
98 130
98 169
98 16
98 136
98 86
98 155
98 183
98 132
98 52
98 133
98 14
98 45
98 192
98 202
98 43
98 185
98 8
98 211
98 149
98 9
98 196
98 123
98 40
98 218
98 96
98 161
98 204
98 129
98 194
98 12
98 216
98 119
98 181
98 142
98 42
98 188
98 172
98 127
98 190
98 184
98 53
98 69
98 31
98 66
98 50
98 162
98 89
98 60
98 177
98 151
98 15
98 168
98 61
98 44
98 125
98 178
98 37
98 21
98 1
98 118
98 88
98 77
98 99
98 70
98 179
98 56
98 87
98 39
98 207
98 153
98 219
98 29
98 82
98 163
98 101
98 30
98 7
98 206
98 187
98 68
98 115
98 100
98 3
98 38
98 126
98 6
98 122
157 213
157 191
157 144
157 63
157 130
157 169
157 16
157 86
157 155
157 183
157 52
157 133
157 14
157 45
157 192
157 43
157 114
157 149
157 9
157 196
157 123
157 158
157 40
157 90
157 96
157 161
157 200
157 194
157 216
157 119
157 181
157 42
157 188
157 215
157 127
157 25
157 190
157 62
157 203
157 69
157 66
157 135
157 13
157 212
157 95
157 214
157 73
157 162
157 89
157 75
157 60
157 166
157 92
157 151
157 168
157 26
157 152
157 61
157 121
157 44
157 125
157 37
157 1
157 118
157 116
157 88
157 77
157 99
157 70
157 208
157 179
157 97
157 58
157 56
157 87
157 217
157 156
157 219
157 80
157 29
157 82
157 163
157 101
157 30
157 131
157 206
157 187
157 55
157 68
157 115
157 100
157 165
157 122
148 110
148 213
148 174
148 137
148 191
148 81
148 124
148 63
148 175
148 67
148 169
148 16
148 86
148 155
148 183
148 132
148 52
148 133
148 14
148 45
148 192
148 182
148 202
148 43
148 185
148 114
148 8
148 149
148 9
148 196
148 123
148 158
148 210
148 96
148 161
148 200
148 180
148 204
148 129
148 194
148 216
148 24
148 119
148 181
148 76
148 142
148 42
148 188
148 215
148 127
148 25
148 190
148 53
148 62
148 69
148 13
148 212
148 214
148 73
148 89
148 75
148 60
148 166
148 92
148 177
148 151
148 15
148 168
148 26
148 152
148 61
148 125
148 37
148 21
148 1
148 176
148 118
148 116
148 77
148 99
148 70
148 179
148 97
148 58
148 56
148 217
148 39
148 120
148 219
148 80
148 82
148 30
148 206
148 48
148 187
148 154
148 68
148 115
148 38
148 134
148 126
148 6
148 122
110 174
110 191
110 81
110 144
110 124
110 63
110 175
110 130
110 169
110 136
110 155
110 133
110 14
110 45
110 202
110 43
110 185
110 8
110 196
110 123
110 158
110 210
110 40
110 218
110 90
110 161
110 180
110 204
110 129
110 194
110 12
110 216
110 24
110 119
110 181
110 76
110 188
110 215
110 189
110 172
110 127
110 25
110 190
110 184
110 62
110 69
110 31
110 135
110 13
110 212
110 95
110 105
110 214
110 50
110 73
110 162
110 89
110 75
110 60
110 166
110 177
110 151
110 15
110 168
110 26
110 152
110 121
110 44
110 178
110 1
110 118
110 116
110 99
110 208
110 179
110 97
110 58
110 56
110 87
110 217
110 39
110 207
110 65
110 153
110 219
110 80
110 29
110 82
110 163
110 101
110 7
110 131
110 206
110 48
110 187
110 154
110 55
110 68
110 100
110 165
110 38
110 134
110 126
213 147
213 137
213 81
213 144
213 175
213 130
213 169
213 16
213 86
213 155
213 183
213 132
213 52
213 133
213 14
213 192
213 182
213 202
213 43
213 114
213 211
213 149
213 9
213 196
213 123
213 158
213 96
213 161
213 200
213 204
213 12
213 216
213 119
213 181
213 76
213 142
213 42
213 188
213 215
213 189
213 127
213 25
213 190
213 53
213 62
213 69
213 31
213 66
213 135
213 13
213 212
213 105
213 214
213 50
213 162
213 75
213 60
213 177
213 15
213 168
213 152
213 61
213 121
213 44
213 125
213 37
213 21
213 176
213 116
213 88
213 77
213 99
213 70
213 208
213 58
213 56
213 87
213 217
213 39
213 120
213 207
213 156
213 153
213 219
213 80
213 163
213 7
213 131
213 187
213 55
213 68
213 100
213 165
213 3
213 28
213 134
213 122
147 174
147 137
147 124
147 175
147 67
147 130
147 155
147 183
147 132
147 52
147 14
147 45
147 182
147 43
147 185
147 8
147 211
147 149
147 9
147 123
147 210
147 90
147 96
147 180
147 204
147 129
147 194
147 12
147 119
147 76
147 188
147 215
147 172
147 190
147 53
147 62
147 69
147 31
147 66
147 135
147 212
147 105
147 214
147 50
147 162
147 75
147 60
147 166
147 177
147 151
147 15
147 168
147 61
147 44
147 125
147 178
147 21
147 1
147 176
147 118
147 116
147 88
147 70
147 208
147 179
147 97
147 87
147 217
147 39
147 120
147 65
147 153
147 219
147 80
147 29
147 82
147 163
147 131
147 154
147 55
147 68
147 115
147 100
147 3
147 38
147 134
147 126
147 6
174 137
174 144
174 63
174 175
174 67
174 169
174 16
174 136
174 86
174 183
174 52
174 45
174 182
174 43
174 185
174 114
174 8
174 196
174 210
174 218
174 90
174 96
174 180
174 204
174 129
174 216
174 24
174 119
174 181
174 76
174 42
174 188
174 189
174 172
174 127
174 25
174 190
174 62
174 203
174 69
174 135
174 13
174 212
174 95
174 105
174 73
174 162
174 89
174 75
174 177
174 151
174 15
174 168
174 152
174 61
174 121
174 44
174 125
174 37
174 21
174 118
174 77
174 99
174 70
174 208
174 58
174 56
174 87
174 39
174 120
174 156
174 153
174 219
174 80
174 29
174 101
174 30
174 7
174 131
174 206
174 154
174 55
174 68
174 115
174 100
174 165
174 3
174 28
174 126
174 6
137 191
137 81
137 124
137 67
137 169
137 16
137 136
137 155
137 52
137 133
137 14
137 45
137 192
137 202
137 43
137 114
137 8
137 211
137 149
137 9
137 196
137 123
137 158
137 210
137 40
137 90
137 200
137 180
137 204
137 129
137 194
137 12
137 216
137 24
137 119
137 181
137 76
137 142
137 42
137 188
137 215
137 172
137 127
137 25
137 184
137 69
137 31
137 13
137 214
137 50
137 162
137 89
137 75
137 60
137 166
137 92
137 177
137 151
137 168
137 26
137 152
137 61
137 121
137 44
137 37
137 1
137 176
137 118
137 77
137 70
137 208
137 179
137 97
137 58
137 56
137 87
137 39
137 120
137 207
137 65
137 29
137 82
137 163
137 131
137 55
137 115
137 100
137 3
137 134
137 126
137 6
191 81
191 144
191 63
191 175
191 130
191 169
191 16
191 136
191 155
191 183
191 132
191 133
191 14
191 192
191 202
191 185
191 114
191 8
191 211
191 9
191 196
191 158
191 210
191 218
191 96
191 161
191 200
191 180
191 204
191 194
191 12
191 216
191 24
191 119
191 181
191 76
191 142
191 42
191 188
191 215
191 172
191 25
191 190
191 184
191 203
191 69
191 135
191 13
191 212
191 95
191 214
191 73
191 162
191 60
191 166
191 92
191 177
191 168
191 61
191 121
191 44
191 176
191 118
191 116
191 88
191 77
191 70
191 179
191 97
191 217
191 120
191 207
191 65
191 156
191 153
191 219
191 101
191 30
191 206
191 48
191 187
191 154
191 68
191 3
191 38
191 28
191 6
191 122
81 124
81 175
81 67
81 130
81 136
81 86
81 183
81 52
81 133
81 45
81 192
81 202
81 43
81 185
81 114
81 8
81 149
81 9
81 123
81 158
81 90
81 200
81 204
81 129
81 12
81 216
81 24
81 181
81 76
81 142
81 42
81 188
81 127
81 190
81 62
81 69
81 135
81 212
81 95
81 214
81 50
81 73
81 89
81 177
81 15
81 26
81 152
81 61
81 125
81 178
81 37
81 1
81 176
81 116
81 88
81 70
81 208
81 179
81 97
81 58
81 56
81 87
81 120
81 207
81 219
81 80
81 163
81 101
81 7
81 131
81 206
81 48
81 187
81 154
81 100
81 3
81 134
81 6
81 122
144 124
144 63
144 169
144 16
144 86
144 155
144 183
144 132
144 14
144 45
144 8
144 9
144 218
144 90
144 96
144 200
144 180
144 129
144 12
144 24
144 119
144 181
144 76
144 142
144 215
144 172
144 127
144 25
144 190
144 53
144 62
144 203
144 69
144 31
144 66
144 135
144 13
144 212
144 50
144 73
144 89
144 60
144 166
144 92
144 177
144 168
144 26
144 152
144 61
144 121
144 44
144 125
144 37
144 1
144 176
144 116
144 88
144 77
144 99
144 70
144 208
144 58
144 56
144 217
144 120
144 207
144 156
144 219
144 80
144 29
144 163
144 30
144 7
144 131
144 206
144 187
144 154
144 55
144 115
144 100
144 165
144 3
144 28
144 126
144 6
124 63
124 67
124 169
124 16
124 136
124 183
124 132
124 52
124 14
124 192
124 182
124 202
124 43
124 185
124 8
124 149
124 9
124 123
124 210
124 40
124 218
124 90
124 96
124 161
124 200
124 180
124 204
124 129
124 194
124 216
124 24
124 181
124 76
124 42
124 189
124 172
124 25
124 190
124 184
124 53
124 69
124 31
124 66
124 135
124 13
124 95
124 105
124 50
124 73
124 75
124 60
124 177
124 151
124 26
124 152
124 61
124 125
124 178
124 21
124 1
124 176
124 118
124 116
124 88
124 77
124 99
124 208
124 58
124 87
124 39
124 207
124 65
124 153
124 80
124 29
124 82
124 30
124 187
124 165
124 3
124 38
124 28
124 126
124 122
63 175
63 67
63 130
63 169
63 16
63 86
63 155
63 183
63 132
63 52
63 133
63 202
63 43
63 185
63 114
63 149
63 9
63 123
63 40
63 218
63 180
63 129
63 216
63 24
63 181
63 76
63 42
63 188
63 215
63 189
63 172
63 190
63 184
63 53
63 69
63 31
63 66
63 135
63 13
63 212
63 105
63 214
63 50
63 73
63 89
63 60
63 92
63 151
63 168
63 61
63 121
63 44
63 125
63 178
63 37
63 21
63 1
63 176
63 118
63 116
63 88
63 77
63 99
63 70
63 208
63 179
63 58
63 56
63 87
63 217
63 65
63 219
63 80
63 29
63 82
63 163
63 101
63 30
63 7
63 48
63 187
63 55
63 68
63 115
63 100
63 3
63 38
63 134
63 126
63 6
63 122
175 169
175 16
175 136
175 155
175 183
175 133
175 45
175 192
175 202
175 149
175 9
175 196
175 158
175 40
175 218
175 96
175 204
175 129
175 194
175 216
175 24
175 181
175 76
175 142
175 42
175 188
175 215
175 172
175 127
175 25
175 190
175 184
175 53
175 66
175 105
175 214
175 162
175 89
175 75
175 60
175 151
175 15
175 168
175 26
175 61
175 121
175 44
175 125
175 1
175 99
175 208
175 179
175 58
175 39
175 120
175 207
175 65
175 156
175 153
175 219
175 80
175 82
175 101
175 30
175 131
175 48
175 187
175 154
175 55
175 68
175 115
175 100
175 3
175 38
175 134
175 126
175 122
67 130
67 169
67 16
67 86
67 155
67 183
67 132
67 52
67 133
67 14
67 45
67 192
67 182
67 202
67 114
67 8
67 211
67 149
67 9
67 123
67 210
67 218
67 90
67 96
67 161
67 204
67 129
67 194
67 12
67 216
67 24
67 119
67 181
67 172
67 127
67 190
67 184
67 53
67 62
67 66
67 135
67 13
67 95
67 105
67 214
67 50
67 60
67 166
67 15
67 168
67 26
67 152
67 178
67 37
67 1
67 176
67 116
67 77
67 99
67 179
67 97
67 217
67 39
67 120
67 156
67 153
67 219
67 80
67 82
67 163
67 101
67 7
67 187
67 154
67 55
67 68
67 100
67 3
67 38
67 28
67 126
67 6
130 169
130 16
130 136
130 86
130 183
130 133
130 45
130 192
130 202
130 185
130 8
130 211
130 149
130 9
130 196
130 158
130 210
130 40
130 218
130 96
130 161
130 180
130 204
130 129
130 194
130 24
130 181
130 76
130 42
130 215
130 189
130 172
130 127
130 25
130 190
130 203
130 69
130 31
130 66
130 13
130 214
130 50
130 73
130 162
130 89
130 75
130 166
130 151
130 61
130 44
130 125
130 1
130 88
130 208
130 58
130 87
130 120
130 207
130 153
130 80
130 163
130 101
130 7
130 48
130 187
130 154
130 68
130 115
130 100
130 165
130 38
130 134
130 6
130 122
169 136
169 86
169 155
169 183
169 52
169 133
169 14
169 45
169 192
169 182
169 202
169 43
169 185
169 114
169 8
169 211
169 149
169 196
169 123
169 210
169 218
169 90
169 180
169 204
169 129
169 216
169 24
169 181
169 76
169 42
169 215
169 189
169 172
169 127
169 190
169 184
169 53
169 62
169 203
169 69
169 31
169 13
169 105
169 214
169 50
169 73
169 162
169 89
169 92
169 177
169 151
169 15
169 168
169 61
169 44
169 178
169 37
169 116
169 77
169 99
169 70
169 208
169 179
169 58
169 87
169 217
169 39
169 120
169 207
169 156
169 153
169 80
169 163
169 101
169 30
169 206
169 48
169 187
169 154
169 55
169 68
169 115
169 165
169 28
169 134
169 126
169 6
16 136
16 155
16 183
16 132
16 52
16 14
16 192
16 202
16 43
16 185
16 114
16 8
16 211
16 149
16 9
16 123
16 210
16 40
16 218
16 90
16 204
16 194
16 12
16 216
16 76
16 142
16 42
16 189
16 172
16 127
16 190
16 62
16 203
16 69
16 66
16 135
16 13
16 212
16 95
16 105
16 214
16 50
16 73
16 162
16 89
16 75
16 92
16 177
16 151
16 15
16 168
16 26
16 61
16 121
16 178
16 1
16 176
16 118
16 99
16 70
16 208
16 97
16 56
16 87
16 39
16 65
16 156
16 219
16 80
16 29
16 82
16 163
16 131
16 206
16 48
16 187
16 55
16 68
16 115
16 3
16 38
16 28
16 126
16 6
136 132
136 133
136 14
136 45
136 182
136 185
136 114
136 8
136 211
136 9
136 196
136 123
136 158
136 210
136 218
136 90
136 96
136 161
136 200
136 180
136 204
136 12
136 24
136 142
136 188
136 172
136 127
136 190
136 184
136 53
136 62
136 203
136 66
136 135
136 13
136 212
136 214
136 50
136 73
136 162
136 89
136 75
136 166
136 92
136 177
136 151
136 15
136 61
136 121
136 44
136 178
136 176
136 116
136 77
136 70
136 97
136 58
136 56
136 87
136 39
136 120
136 207
136 65
136 156
136 153
136 80
136 29
136 82
136 163
136 30
136 7
136 206
136 187
136 68
136 100
136 165
136 38
136 28
136 134
136 126
136 6
136 122
86 155
86 183
86 132
86 52
86 133
86 14
86 45
86 192
86 182
86 185
86 114
86 211
86 149
86 9
86 196
86 123
86 158
86 210
86 40
86 218
86 90
86 96
86 161
86 200
86 180
86 204
86 129
86 194
86 24
86 181
86 76
86 142
86 42
86 215
86 189
86 172
86 127
86 190
86 53
86 62
86 31
86 135
86 13
86 212
86 95
86 105
86 50
86 73
86 75
86 60
86 92
86 177
86 15
86 26
86 152
86 61
86 121
86 44
86 178
86 21
86 1
86 118
86 99
86 70
86 97
86 56
86 87
86 217
86 39
86 65
86 156
86 153
86 219
86 80
86 163
86 30
86 7
86 206
86 187
86 154
86 115
86 100
86 165
86 134
86 126
86 6
155 132
155 52
155 133
155 14
155 45
155 192
155 182
155 202
155 43
155 185
155 114
155 9
155 196
155 123
155 158
155 40
155 161
155 180
155 129
155 194
155 216
155 119
155 181
155 76
155 142
155 42
155 188
155 215
155 189
155 172
155 127
155 25
155 190
155 184
155 53
155 62
155 203
155 69
155 66
155 135
155 13
155 212
155 95
155 105
155 214
155 73
155 89
155 166
155 92
155 151
155 26
155 61
155 125
155 1
155 176
155 118
155 116
155 70
155 208
155 97
155 56
155 217
155 120
155 207
155 65
155 156
155 153
155 82
155 163
155 101
155 30
155 7
155 131
155 206
155 48
155 187
155 55
155 68
155 115
155 100
155 165
155 38
155 28
155 134
155 6
155 122
183 14
183 45
183 185
183 114
183 149
183 9
183 123
183 158
183 210
183 40
183 218
183 90
183 96
183 161
183 204
183 194
183 12
183 216
183 119
183 76
183 142
183 188
183 215
183 172
183 25
183 53
183 69
183 31
183 66
183 135
183 212
183 95
183 105
183 214
183 50
183 89
183 177
183 151
183 15
183 26
183 61
183 125
183 178
183 21
183 1
183 176
183 118
183 116
183 99
183 70
183 208
183 58
183 87
183 120
183 207
183 65
183 219
183 80
183 163
183 101
183 30
183 7
183 206
183 48
183 55
183 68
183 100
183 165
183 3
183 38
183 28
183 134
183 122
132 133
132 45
132 43
132 185
132 114
132 8
132 211
132 9
132 196
132 123
132 158
132 218
132 90
132 161
132 200
132 204
132 194
132 12
132 216
132 119
132 142
132 215
132 189
132 172
132 127
132 190
132 184
132 53
132 62
132 203
132 69
132 66
132 135
132 13
132 73
132 162
132 89
132 60
132 166
132 92
132 177
132 151
132 15
132 152
132 44
132 125
132 37
132 1
132 176
132 118
132 116
132 88
132 77
132 208
132 179
132 97
132 58
132 56
132 87
132 217
132 120
132 207
132 65
132 153
132 219
132 80
132 29
132 82
132 163
132 101
132 30
132 7
132 131
132 48
132 55
132 68
132 115
132 100
132 165
132 3
132 28
132 134
132 126
132 122
52 133
52 45
52 202
52 43
52 114
52 8
52 149
52 9
52 196
52 158
52 40
52 90
52 96
52 161
52 180
52 204
52 129
52 24
52 181
52 76
52 142
52 188
52 215
52 189
52 172
52 127
52 190
52 53
52 62
52 203
52 69
52 135
52 13
52 212
52 95
52 214
52 50
52 73
52 89
52 75
52 60
52 166
52 92
52 177
52 151
52 15
52 168
52 26
52 152
52 44
52 125
52 178
52 37
52 116
52 88
52 77
52 70
52 208
52 97
52 58
52 87
52 217
52 120
52 207
52 65
52 219
52 80
52 82
52 163
52 101
52 7
52 131
52 206
52 48
52 187
52 55
52 68
52 100
52 165
52 3
52 38
52 28
52 134
52 126
52 6
52 122
133 14
133 45
133 192
133 182
133 202
133 43
133 185
133 149
133 9
133 123
133 158
133 210
133 90
133 96
133 161
133 200
133 204
133 129
133 194
133 12
133 216
133 24
133 119
133 76
133 142
133 42
133 189
133 172
133 127
133 25
133 184
133 53
133 62
133 203
133 69
133 31
133 66
133 212
133 50
133 73
133 162
133 89
133 75
133 60
133 166
133 92
133 177
133 151
133 15
133 168
133 26
133 61
133 121
133 44
133 21
133 176
133 116
133 88
133 77
133 97
133 58
133 217
133 207
133 65
133 156
133 153
133 80
133 163
133 101
133 30
133 7
133 131
133 206
133 48
133 154
133 55
133 68
133 115
133 100
133 165
133 38
133 28
133 126
133 6
133 122
14 192
14 182
14 202
14 43
14 185
14 149
14 9
14 196
14 123
14 158
14 210
14 90
14 96
14 129
14 12
14 24
14 119
14 142
14 188
14 215
14 189
14 172
14 127
14 25
14 190
14 184
14 203
14 135
14 13
14 212
14 105
14 214
14 50
14 73
14 162
14 89
14 75
14 166
14 92
14 177
14 151
14 15
14 168
14 152
14 61
14 121
14 125
14 21
14 1
14 176
14 118
14 116
14 88
14 208
14 179
14 97
14 58
14 56
14 87
14 39
14 120
14 219
14 80
14 29
14 163
14 101
14 30
14 131
14 206
14 154
14 55
14 68
14 3
14 6
45 202
45 114
45 8
45 211
45 149
45 9
45 196
45 123
45 218
45 96
45 161
45 200
45 180
45 204
45 129
45 194
45 12
45 24
45 119
45 76
45 42
45 215
45 189
45 172
45 127
45 25
45 184
45 62
45 69
45 31
45 13
45 105
45 214
45 73
45 162
45 75
45 60
45 92
45 151
45 15
45 61
45 44
45 1
45 118
45 116
45 77
45 99
45 70
45 97
45 56
45 87
45 217
45 39
45 120
45 207
45 65
45 153
45 101
45 30
45 7
45 131
45 48
45 154
45 68
45 3
45 38
45 28
45 134
45 126
45 6
192 182
192 185
192 196
192 123
192 158
192 210
192 40
192 218
192 90
192 96
192 200
192 180
192 129
192 12
192 119
192 76
192 142
192 42
192 188
192 215
192 189
192 172
192 127
192 190
192 62
192 69
192 31
192 66
192 135
192 13
192 212
192 214
192 50
192 73
192 89
192 75
192 60
192 166
192 177
192 151
192 15
192 168
192 152
192 121
192 125
192 1
192 116
192 88
192 99
192 70
192 208
192 179
192 97
192 58
192 39
192 120
192 207
192 156
192 219
192 82
192 163
192 30
192 131
192 55
192 68
192 100
192 38
192 28
192 126
192 6
192 122
182 43
182 114
182 8
182 211
182 149
182 158
182 40
182 96
182 161
182 180
182 204
182 129
182 216
182 24
182 119
182 181
182 76
182 42
182 215
182 189
182 172
182 25
182 53
182 62
182 69
182 66
182 13
182 212
182 95
182 105
182 162
182 89
182 75
182 92
182 151
182 15
182 152
182 61
182 44
182 125
182 178
182 37
182 1
182 176
182 118
182 208
182 179
182 97
182 87
182 217
182 207
182 65
182 153
182 219
182 80
182 30
182 7
182 131
182 187
182 154
182 55
182 100
182 165
182 3
182 38
182 134
182 126
182 6
202 43
202 185
202 114
202 211
202 149
202 9
202 196
202 210
202 40
202 96
202 161
202 200
202 180
202 129
202 194
202 12
202 216
202 24
202 119
202 181
202 142
202 42
202 215
202 127
202 25
202 190
202 184
202 62
202 203
202 69
202 66
202 135
202 13
202 95
202 105
202 214
202 50
202 73
202 89
202 75
202 92
202 177
202 151
202 152
202 61
202 121
202 44
202 125
202 37
202 21
202 118
202 88
202 77
202 70
202 179
202 97
202 58
202 56
202 87
202 217
202 39
202 120
202 65
202 219
202 80
202 29
202 82
202 163
202 30
202 131
202 187
202 154
202 115
202 165
202 3
202 38
202 6
43 114
43 211
43 149
43 123
43 210
43 90
43 180
43 204
43 129
43 12
43 216
43 24
43 181
43 76
43 142
43 42
43 215
43 172
43 127
43 190
43 53
43 69
43 66
43 135
43 13
43 212
43 95
43 105
43 214
43 50
43 162
43 89
43 75
43 166
43 92
43 177
43 151
43 168
43 26
43 152
43 61
43 178
43 21
43 1
43 176
43 118
43 88
43 99
43 70
43 208
43 97
43 56
43 87
43 217
43 207
43 65
43 156
43 153
43 219
43 80
43 29
43 101
43 30
43 7
43 206
43 48
43 187
43 154
43 55
43 165
43 3
43 38
43 28
43 134
43 122
185 114
185 8
185 211
185 149
185 196
185 40
185 200
185 204
185 129
185 194
185 12
185 24
185 181
185 76
185 142
185 42
185 188
185 215
185 189
185 172
185 25
185 190
185 184
185 62
185 203
185 31
185 135
185 13
185 212
185 105
185 50
185 73
185 75
185 60
185 177
185 151
185 168
185 26
185 61
185 121
185 125
185 37
185 176
185 116
185 88
185 70
185 179
185 58
185 39
185 120
185 207
185 65
185 156
185 153
185 219
185 82
185 163
185 7
185 131
185 206
185 48
185 187
185 154
185 55
185 68
185 115
185 100
185 38
185 126
185 122
114 149
114 9
114 196
114 158
114 210
114 40
114 96
114 180
114 204
114 194
114 12
114 181
114 142
114 42
114 189
114 127
114 25
114 190
114 53
114 31
114 66
114 135
114 13
114 212
114 95
114 105
114 50
114 73
114 162
114 89
114 60
114 166
114 92
114 151
114 15
114 168
114 26
114 152
114 61
114 121
114 125
114 178
114 21
114 118
114 88
114 77
114 70
114 208
114 179
114 58
114 56
114 87
114 217
114 219
114 29
114 82
114 163
114 7
114 206
114 187
114 68
114 115
114 100
114 165
114 38
114 28
114 126
114 122
8 211
8 149
8 9
8 196
8 123
8 210
8 90
8 161
8 180
8 129
8 194
8 216
8 24
8 181
8 76
8 142
8 189
8 127
8 25
8 184
8 53
8 62
8 69
8 31
8 95
8 105
8 50
8 89
8 60
8 177
8 151
8 15
8 168
8 26
8 61
8 121
8 44
8 125
8 178
8 37
8 21
8 1
8 176
8 118
8 88
8 77
8 99
8 179
8 97
8 58
8 56
8 87
8 217
8 39
8 120
8 65
8 153
8 29
8 82
8 163
8 7
8 131
8 48
8 187
8 154
8 55
8 68
8 115
8 100
8 165
8 28
8 126
8 122
211 149
211 9
211 123
211 158
211 210
211 40
211 218
211 96
211 161
211 200
211 204
211 194
211 12
211 216
211 24
211 119
211 181
211 76
211 142
211 42
211 188
211 172
211 127
211 190
211 53
211 62
211 69
211 31
211 212
211 95
211 105
211 214
211 50
211 73
211 162
211 89
211 75
211 166
211 92
211 177
211 151
211 15
211 26
211 152
211 61
211 125
211 178
211 37
211 21
211 1
211 176
211 116
211 88
211 77
211 99
211 208
211 179
211 58
211 87
211 39
211 120
211 65
211 156
211 153
211 29
211 82
211 30
211 7
211 206
211 48
211 187
211 68
211 115
211 100
211 3
211 38
211 122
149 158
149 210
149 40
149 218
149 90
149 96
149 180
149 204
149 129
149 194
149 216
149 142
149 188
149 25
149 190
149 184
149 53
149 203
149 31
149 135
149 13
149 212
149 105
149 50
149 73
149 162
149 89
149 60
149 166
149 92
149 151
149 26
149 152
149 61
149 178
149 116
149 88
149 77
149 208
149 179
149 58
149 56
149 87
149 217
149 120
149 153
149 82
149 163
149 101
149 7
149 131
149 206
149 48
149 187
149 154
149 55
149 68
149 115
149 100
149 165
149 3
149 38
149 134
149 126
149 6
149 122
9 123
9 210
9 40
9 90
9 161
9 200
9 180
9 12
9 181
9 76
9 142
9 189
9 172
9 127
9 25
9 184
9 53
9 62
9 203
9 31
9 66
9 135
9 13
9 95
9 105
9 50
9 73
9 162
9 89
9 75
9 60
9 166
9 177
9 15
9 168
9 152
9 61
9 125
9 21
9 1
9 176
9 118
9 116
9 88
9 99
9 70
9 208
9 179
9 97
9 39
9 120
9 207
9 153
9 219
9 80
9 29
9 82
9 163
9 7
9 131
9 48
9 187
9 154
9 68
9 115
9 3
9 38
9 134
9 126
196 158
196 40
196 90
196 96
196 200
196 180
196 129
196 194
196 216
196 181
196 76
196 42
196 188
196 215
196 189
196 127
196 25
196 53
196 62
196 69
196 66
196 212
196 89
196 75
196 166
196 92
196 177
196 151
196 15
196 168
196 26
196 152
196 44
196 125
196 178
196 1
196 176
196 116
196 88
196 77
196 99
196 70
196 208
196 58
196 56
196 87
196 217
196 120
196 207
196 65
196 219
196 80
196 82
196 101
196 154
196 55
196 68
196 115
196 100
196 3
196 38
196 28
196 126
123 40
123 218
123 96
123 200
123 180
123 204
123 129
123 194
123 12
123 216
123 24
123 119
123 181
123 76
123 42
123 188
123 215
123 127
123 25
123 190
123 184
123 203
123 69
123 66
123 13
123 105
123 214
123 73
123 162
123 166
123 92
123 177
123 15
123 168
123 61
123 125
123 178
123 37
123 1
123 118
123 116
123 97
123 58
123 56
123 217
123 120
123 207
123 65
123 156
123 80
123 82
123 101
123 30
123 206
123 48
123 55
123 68
123 100
123 165
123 126
123 6
158 40
158 218
158 96
158 180
158 204
158 129
158 216
158 24
158 181
158 76
158 42
158 215
158 189
158 172
158 25
158 190
158 53
158 62
158 203
158 69
158 31
158 135
158 212
158 95
158 105
158 73
158 75
158 60
158 166
158 92
158 177
158 151
158 168
158 152
158 61
158 37
158 176
158 118
158 88
158 77
158 99
158 208
158 179
158 39
158 65
158 156
158 153
158 219
158 80
158 29
158 82
158 163
158 101
158 30
158 206
158 48
158 187
158 154
158 55
158 100
158 3
158 38
158 134
158 122
210 40
210 90
210 96
210 161
210 200
210 180
210 204
210 194
210 216
210 24
210 119
210 142
210 215
210 189
210 172
210 127
210 25
210 53
210 62
210 203
210 69
210 31
210 66
210 135
210 212
210 95
210 50
210 73
210 162
210 75
210 60
210 166
210 92
210 151
210 168
210 26
210 152
210 61
210 121
210 125
210 37
210 21
210 1
210 176
210 118
210 88
210 99
210 70
210 208
210 179
210 97
210 56
210 87
210 217
210 39
210 120
210 207
210 65
210 156
210 80
210 82
210 163
210 30
210 7
210 131
210 206
210 48
210 187
210 154
210 55
210 68
210 115
210 100
210 165
210 38
210 28
210 134
210 126
210 122
40 218
40 96
40 194
40 12
40 24
40 119
40 181
40 76
40 142
40 42
40 25
40 190
40 184
40 62
40 69
40 31
40 66
40 95
40 105
40 50
40 73
40 162
40 60
40 166
40 15
40 168
40 26
40 121
40 125
40 178
40 37
40 176
40 118
40 116
40 88
40 99
40 179
40 97
40 58
40 56
40 87
40 217
40 120
40 207
40 65
40 156
40 153
40 219
40 82
40 101
40 30
40 7
40 131
40 187
40 68
40 100
40 165
40 3
40 38
40 28
40 6
218 90
218 204
218 129
218 12
218 216
218 181
218 76
218 142
218 42
218 215
218 127
218 25
218 184
218 53
218 203
218 69
218 31
218 135
218 13
218 212
218 95
218 214
218 73
218 162
218 75
218 60
218 92
218 15
218 168
218 26
218 152
218 121
218 44
218 125
218 178
218 37
218 21
218 1
218 116
218 88
218 77
218 99
218 70
218 208
218 56
218 217
218 65
218 156
218 153
218 219
218 80
218 29
218 82
218 131
218 206
218 48
218 154
218 55
218 68
218 115
218 100
218 165
218 3
218 134
218 122
90 200
90 204
90 129
90 194
90 12
90 24
90 119
90 181
90 76
90 142
90 42
90 188
90 215
90 25
90 190
90 184
90 69
90 66
90 13
90 212
90 105
90 214
90 60
90 166
90 92
90 177
90 151
90 168
90 121
90 125
90 37
90 176
90 116
90 88
90 77
90 179
90 97
90 58
90 56
90 87
90 217
90 156
90 153
90 219
90 29
90 163
90 30
90 7
90 131
90 48
90 187
90 154
90 55
90 68
90 115
90 100
90 165
90 3
90 38
90 28
90 126
90 122
96 200
96 129
96 194
96 12
96 216
96 181
96 76
96 142
96 42
96 188
96 215
96 189
96 172
96 127
96 25
96 190
96 62
96 31
96 66
96 135
96 95
96 105
96 214
96 73
96 162
96 89
96 75
96 166
96 92
96 168
96 26
96 152
96 61
96 121
96 125
96 21
96 1
96 176
96 118
96 116
96 88
96 99
96 179
96 97
96 58
96 56
96 87
96 217
96 39
96 120
96 207
96 65
96 219
96 82
96 163
96 101
96 30
96 7
96 206
96 48
96 187
96 68
96 115
96 100
96 3
96 28
96 126
96 6
161 200
161 180
161 194
161 216
161 119
161 76
161 142
161 188
161 189
161 172
161 127
161 25
161 53
161 62
161 203
161 69
161 13
161 95
161 214
161 73
161 162
161 89
161 75
161 166
161 177
161 151
161 15
161 168
161 26
161 152
161 61
161 121
161 125
161 178
161 37
161 21
161 1
161 118
161 116
161 88
161 70
161 208
161 58
161 56
161 217
161 39
161 120
161 207
161 65
161 156
161 153
161 219
161 29
161 82
161 163
161 30
161 7
161 206
161 48
161 187
161 154
161 55
161 68
161 115
161 165
161 38
161 28
161 134
161 126
161 6
200 194
200 12
200 216
200 24
200 142
200 42
200 215
200 172
200 25
200 190
200 69
200 31
200 13
200 212
200 95
200 105
200 214
200 73
200 162
200 60
200 92
200 177
200 15
200 168
200 26
200 152
200 121
200 125
200 37
200 1
200 176
200 118
200 116
200 99
200 70
200 208
200 179
200 97
200 58
200 56
200 87
200 39
200 120
200 207
200 219
200 80
200 29
200 82
200 163
200 101
200 30
200 131
200 48
200 68
200 100
200 3
200 134
200 6
200 122
180 129
180 194
180 12
180 216
180 24
180 119
180 142
180 42
180 215
180 189
180 172
180 62
180 203
180 69
180 31
180 66
180 135
180 212
180 214
180 50
180 73
180 162
180 89
180 60
180 177
180 151
180 168
180 152
180 121
180 44
180 125
180 176
180 88
180 77
180 99
180 70
180 179
180 58
180 217
180 39
180 120
180 207
180 65
180 153
180 29
180 163
180 7
180 131
180 187
180 154
180 55
180 68
180 115
180 100
180 3
180 28
180 126
180 6
180 122
204 129
204 194
204 216
204 24
204 119
204 76
204 142
204 189
204 25
204 53
204 203
204 69
204 31
204 135
204 13
204 212
204 95
204 105
204 214
204 50
204 73
204 162
204 89
204 75
204 60
204 92
204 151
204 15
204 168
204 26
204 125
204 178
204 37
204 21
204 1
204 176
204 70
204 208
204 97
204 58
204 56
204 87
204 217
204 120
204 207
204 156
204 153
204 219
204 82
204 163
204 101
204 30
204 131
204 206
204 48
204 187
204 154
204 68
204 115
204 100
204 3
204 28
204 134
204 6
129 24
129 181
129 76
129 142
129 42
129 188
129 189
129 172
129 25
129 190
129 53
129 62
129 69
129 66
129 13
129 105
129 214
129 50
129 73
129 162
129 75
129 166
129 177
129 151
129 168
129 26
129 152
129 125
129 37
129 21
129 1
129 176
129 118
129 88
129 70
129 208
129 179
129 97
129 58
129 56
129 217
129 39
129 120
129 207
129 65
129 219
129 80
129 29
129 101
129 7
129 131
129 187
129 55
129 115
129 100
129 165
129 38
129 28
129 134
129 122
194 12
194 24
194 181
194 76
194 142
194 42
194 188
194 215
194 189
194 172
194 184
194 203
194 69
194 31
194 66
194 212
194 95
194 105
194 50
194 73
194 75
194 92
194 177
194 15
194 26
194 61
194 121
194 44
194 37
194 21
194 1
194 116
194 88
194 99
194 208
194 97
194 58
194 87
194 39
194 120
194 65
194 156
194 153
194 219
194 80
194 29
194 82
194 163
194 101
194 7
194 131
194 206
194 48
194 187
194 55
194 68
194 115
194 3
194 38
194 28
194 134
194 126
194 6
12 216
12 24
12 119
12 76
12 142
12 188
12 215
12 127
12 190
12 184
12 53
12 62
12 203
12 69
12 31
12 66
12 212
12 95
12 73
12 60
12 166
12 92
12 177
12 151
12 168
12 26
12 152
12 61
12 121
12 44
12 118
12 116
12 77
12 99
12 70
12 58
12 56
12 87
12 120
12 80
12 29
12 82
12 163
12 101
12 30
12 7
12 131
12 206
12 187
12 154
12 55
12 115
12 100
12 3
12 28
12 126
12 122
216 119
216 181
216 142
216 42
216 190
216 184
216 53
216 62
216 203
216 69
216 31
216 66
216 212
216 214
216 89
216 75
216 60
216 166
216 177
216 151
216 168
216 26
216 61
216 125
216 178
216 37
216 1
216 176
216 118
216 88
216 77
216 99
216 70
216 179
216 58
216 217
216 207
216 65
216 156
216 153
216 219
216 80
216 29
216 82
216 30
216 48
216 187
216 154
216 115
216 165
216 3
216 38
216 134
216 126
216 6
216 122
24 181
24 76
24 142
24 42
24 188
24 215
24 189
24 172
24 127
24 25
24 190
24 184
24 53
24 69
24 31
24 95
24 105
24 50
24 89
24 75
24 60
24 166
24 177
24 15
24 168
24 152
24 121
24 125
24 178
24 21
24 176
24 118
24 116
24 88
24 70
24 179
24 56
24 39
24 207
24 65
24 156
24 153
24 219
24 80
24 29
24 101
24 30
24 131
24 48
24 154
24 55
24 68
24 115
24 100
24 165
24 3
24 134
24 122
119 42
119 188
119 215
119 189
119 172
119 25
119 184
119 69
119 135
119 13
119 105
119 50
119 162
119 89
119 75
119 60
119 166
119 92
119 151
119 15
119 152
119 44
119 125
119 178
119 21
119 1
119 118
119 116
119 88
119 99
119 179
119 97
119 58
119 56
119 87
119 39
119 120
119 65
119 153
119 80
119 29
119 82
119 101
119 7
119 131
119 48
119 187
119 154
119 68
119 115
119 3
119 28
119 134
119 6
119 122
181 142
181 42
181 188
181 215
181 25
181 184
181 53
181 203
181 69
181 31
181 135
181 13
181 212
181 95
181 214
181 73
181 162
181 89
181 75
181 166
181 92
181 151
181 15
181 168
181 44
181 125
181 21
181 1
181 176
181 116
181 77
181 99
181 179
181 56
181 217
181 39
181 156
181 29
181 163
181 101
181 30
181 131
181 187
181 154
181 55
181 100
181 165
181 38
181 28
181 134
181 122
76 142
76 42
76 188
76 215
76 189
76 172
76 190
76 184
76 203
76 31
76 66
76 135
76 13
76 212
76 50
76 162
76 75
76 60
76 151
76 15
76 168
76 61
76 121
76 44
76 125
76 37
76 176
76 116
76 88
76 99
76 70
76 179
76 97
76 58
76 87
76 217
76 39
76 65
76 156
76 80
76 29
76 163
76 7
76 48
76 187
76 154
76 55
76 68
76 115
76 165
76 3
76 6
142 42
142 189
142 172
142 127
142 25
142 190
142 203
142 69
142 31
142 13
142 95
142 214
142 50
142 73
142 162
142 177
142 151
142 15
142 168
142 152
142 61
142 121
142 44
142 125
142 37
142 21
142 118
142 116
142 88
142 70
142 97
142 58
142 217
142 39
142 120
142 65
142 153
142 219
142 29
142 101
142 7
142 48
142 187
142 154
142 55
142 68
142 100
142 165
142 3
142 38
142 134
142 126
142 122
42 188
42 189
42 172
42 190
42 69
42 31
42 66
42 13
42 95
42 105
42 214
42 73
42 89
42 75
42 60
42 166
42 92
42 151
42 168
42 26
42 152
42 61
42 121
42 37
42 1
42 176
42 118
42 88
42 77
42 99
42 208
42 179
42 97
42 56
42 87
42 39
42 207
42 65
42 80
42 29
42 101
42 30
42 7
42 48
42 187
42 154
42 55
42 100
42 165
42 3
42 28
42 134
42 6
188 215
188 127
188 184
188 53
188 62
188 203
188 66
188 135
188 13
188 212
188 95
188 105
188 214
188 50
188 73
188 162
188 75
188 60
188 166
188 92
188 168
188 152
188 44
188 125
188 178
188 176
188 118
188 99
188 70
188 208
188 179
188 97
188 58
188 56
188 87
188 217
188 39
188 120
188 207
188 65
188 156
188 80
188 29
188 163
188 101
188 30
188 7
188 206
188 48
188 187
188 55
188 165
188 3
188 38
188 122
215 189
215 172
215 127
215 25
215 190
215 184
215 53
215 69
215 31
215 66
215 212
215 95
215 105
215 89
215 60
215 166
215 92
215 151
215 15
215 26
215 152
215 125
215 37
215 21
215 1
215 118
215 116
215 88
215 99
215 70
215 208
215 179
215 97
215 58
215 87
215 217
215 39
215 120
215 207
215 156
215 153
215 219
215 80
215 29
215 163
215 101
215 30
215 7
215 206
215 187
215 154
215 55
215 68
215 115
215 165
215 3
215 28
215 134
215 122
189 127
189 25
189 190
189 203
189 66
189 95
189 105
189 214
189 162
189 60
189 166
189 92
189 151
189 15
189 168
189 26
189 121
189 44
189 125
189 178
189 37
189 176
189 88
189 77
189 70
189 179
189 97
189 217
189 120
189 65
189 156
189 153
189 219
189 80
189 29
189 82
189 163
189 30
189 7
189 187
189 154
189 55
189 68
189 115
189 28
189 126
189 6
189 122
172 127
172 190
172 53
172 203
172 69
172 31
172 66
172 135
172 13
172 212
172 105
172 214
172 50
172 73
172 162
172 89
172 75
172 60
172 92
172 151
172 168
172 26
172 152
172 61
172 125
172 178
172 1
172 176
172 118
172 116
172 70
172 208
172 58
172 87
172 120
172 65
172 153
172 219
172 80
172 101
172 131
172 206
172 48
172 187
172 154
172 55
172 68
172 115
172 100
172 165
172 3
172 28
172 134
172 122
127 25
127 190
127 184
127 69
127 31
127 13
127 212
127 95
127 214
127 50
127 73
127 89
127 166
127 151
127 15
127 168
127 152
127 61
127 44
127 125
127 37
127 1
127 176
127 116
127 70
127 208
127 179
127 97
127 58
127 217
127 39
127 120
127 65
127 219
127 80
127 82
127 101
127 30
127 7
127 131
127 206
127 154
127 55
127 68
127 165
127 3
127 126
127 6
127 122
25 190
25 62
25 31
25 13
25 105
25 73
25 162
25 89
25 75
25 60
25 92
25 177
25 151
25 15
25 168
25 26
25 61
25 121
25 44
25 21
25 1
25 176
25 118
25 116
25 77
25 99
25 208
25 179
25 97
25 58
25 56
25 87
25 39
25 120
25 156
25 153
25 219
25 80
25 82
25 163
25 30
25 7
25 131
25 48
25 187
25 154
25 100
25 165
25 38
25 126
190 184
190 53
190 62
190 69
190 31
190 66
190 135
190 13
190 212
190 95
190 214
190 162
190 89
190 75
190 60
190 15
190 168
190 26
190 152
190 61
190 121
190 125
190 37
190 176
190 116
190 77
190 70
190 208
190 97
190 56
190 217
190 39
190 207
190 65
190 153
190 219
190 80
190 29
190 82
190 101
190 30
190 7
190 48
190 154
190 68
190 115
190 100
190 3
190 38
190 28
190 134
190 126
190 122
184 62
184 203
184 69
184 31
184 66
184 135
184 13
184 95
184 50
184 73
184 162
184 89
184 75
184 60
184 166
184 92
184 15
184 168
184 61
184 121
184 178
184 21
184 1
184 176
184 118
184 116
184 88
184 77
184 70
184 208
184 97
184 58
184 87
184 217
184 39
184 65
184 156
184 153
184 219
184 80
184 82
184 7
184 206
184 48
184 154
184 68
184 100
184 165
184 3
184 38
184 28
184 134
184 6
184 122
53 62
53 203
53 31
53 66
53 135
53 95
53 105
53 214
53 50
53 162
53 166
53 177
53 15
53 26
53 152
53 121
53 44
53 21
53 1
53 88
53 99
53 70
53 208
53 97
53 58
53 56
53 217
53 39
53 120
53 207
53 153
53 219
53 80
53 82
53 101
53 30
53 131
53 206
53 48
53 154
53 55
53 68
53 100
53 165
53 3
53 28
53 6
53 122
62 31
62 135
62 13
62 95
62 105
62 73
62 89
62 75
62 60
62 166
62 92
62 151
62 15
62 168
62 26
62 61
62 121
62 125
62 178
62 37
62 21
62 1
62 118
62 88
62 77
62 99
62 179
62 97
62 56
62 87
62 217
62 120
62 207
62 156
62 219
62 80
62 29
62 82
62 163
62 101
62 30
62 131
62 206
62 187
62 154
62 55
62 68
62 115
62 100
62 3
62 38
62 28
62 126
203 69
203 31
203 66
203 13
203 95
203 50
203 73
203 162
203 75
203 60
203 92
203 177
203 15
203 168
203 26
203 152
203 61
203 121
203 44
203 125
203 37
203 21
203 1
203 118
203 116
203 77
203 99
203 208
203 179
203 58
203 87
203 217
203 120
203 207
203 156
203 153
203 219
203 80
203 82
203 163
203 7
203 131
203 48
203 154
203 55
203 68
203 165
203 38
203 28
203 134
203 126
203 6
203 122
69 135
69 13
69 95
69 105
69 50
69 162
69 75
69 60
69 92
69 177
69 15
69 26
69 152
69 121
69 125
69 178
69 37
69 21
69 1
69 176
69 118
69 116
69 179
69 97
69 58
69 56
69 87
69 217
69 156
69 153
69 219
69 80
69 29
69 82
69 163
69 101
69 206
69 187
69 154
69 55
69 68
69 115
69 100
69 3
69 38
69 28
69 134
69 6
69 122
31 66
31 13
31 212
31 95
31 214
31 73
31 162
31 89
31 75
31 166
31 92
31 177
31 151
31 15
31 168
31 152
31 61
31 44
31 125
31 178
31 37
31 1
31 118
31 116
31 88
31 77
31 99
31 70
31 179
31 97
31 56
31 87
31 120
31 207
31 65
31 156
31 153
31 219
31 29
31 82
31 163
31 101
31 7
31 131
31 48
31 68
31 115
31 100
31 3
31 38
31 126
31 6
66 135
66 13
66 212
66 214
66 162
66 92
66 151
66 168
66 26
66 152
66 61
66 37
66 1
66 88
66 99
66 70
66 179
66 97
66 56
66 87
66 217
66 120
66 207
66 65
66 156
66 219
66 80
66 82
66 163
66 101
66 30
66 48
66 187
66 154
66 55
66 100
66 165
66 38
66 28
66 134
66 122
135 212
135 105
135 214
135 50
135 162
135 75
135 166
135 92
135 177
135 151
135 168
135 26
135 152
135 121
135 44
135 178
135 37
135 1
135 176
135 118
135 116
135 88
135 77
135 58
135 87
135 217
135 39
135 207
135 156
135 153
135 219
135 80
135 29
135 82
135 163
135 101
135 206
135 154
135 55
135 68
135 100
135 38
135 28
135 126
135 122
13 212
13 95
13 214
13 50
13 162
13 89
13 60
13 151
13 15
13 168
13 26
13 121
13 44
13 125
13 178
13 21
13 1
13 176
13 118
13 116
13 77
13 99
13 70
13 97
13 58
13 87
13 217
13 39
13 120
13 207
13 153
13 29
13 163
13 101
13 30
13 7
13 131
13 187
13 55
13 115
13 100
13 3
13 28
13 126
13 6
13 122
212 105
212 214
212 50
212 73
212 162
212 89
212 60
212 166
212 92
212 177
212 15
212 26
212 152
212 61
212 44
212 125
212 178
212 37
212 1
212 176
212 118
212 116
212 88
212 77
212 99
212 70
212 58
212 56
212 217
212 39
212 156
212 153
212 219
212 80
212 29
212 30
212 206
212 48
212 154
212 68
212 115
212 3
212 134
212 126
212 122
95 214
95 73
95 162
95 89
95 60
95 166
95 92
95 177
95 151
95 15
95 168
95 152
95 61
95 44
95 178
95 37
95 21
95 1
95 118
95 88
95 77
95 70
95 179
95 97
95 58
95 87
95 217
95 39
95 120
95 207
95 156
95 153
95 219
95 29
95 82
95 163
95 101
95 30
95 7
95 131
95 206
95 48
95 68
95 115
95 165
95 3
95 38
95 28
95 134
95 6
95 122
105 214
105 73
105 162
105 89
105 92
105 151
105 168
105 61
105 121
105 44
105 125
105 178
105 176
105 118
105 116
105 88
105 77
105 99
105 70
105 208
105 97
105 58
105 39
105 120
105 156
105 80
105 29
105 82
105 163
105 101
105 131
105 206
105 48
105 187
105 55
105 68
105 115
105 100
105 38
105 134
105 122
214 50
214 73
214 162
214 75
214 166
214 177
214 15
214 168
214 152
214 61
214 44
214 125
214 178
214 37
214 21
214 1
214 176
214 77
214 208
214 179
214 97
214 58
214 56
214 87
214 217
214 120
214 156
214 153
214 219
214 80
214 29
214 101
214 30
214 7
214 154
214 55
214 115
214 100
214 3
214 38
214 134
214 126
214 6
50 73
50 89
50 75
50 60
50 166
50 177
50 151
50 15
50 168
50 152
50 61
50 121
50 125
50 178
50 21
50 118
50 116
50 88
50 77
50 99
50 70
50 208
50 179
50 58
50 56
50 87
50 217
50 39
50 156
50 219
50 82
50 163
50 101
50 30
50 7
50 206
50 48
50 154
50 165
50 3
50 38
50 126
50 6
50 122
73 75
73 151
73 15
73 168
73 26
73 152
73 61
73 125
73 37
73 1
73 116
73 88
73 99
73 208
73 179
73 58
73 56
73 87
73 39
73 120
73 207
73 65
73 156
73 153
73 219
73 80
73 82
73 101
73 30
73 7
73 154
73 115
73 165
73 3
73 38
73 28
73 134
73 126
73 122
162 75
162 60
162 166
162 92
162 177
162 15
162 168
162 44
162 178
162 21
162 118
162 88
162 77
162 99
162 70
162 208
162 179
162 97
162 58
162 56
162 217
162 39
162 120
162 207
162 219
162 80
162 163
162 30
162 7
162 131
162 187
162 55
162 68
162 134
162 126
162 122
89 75
89 166
89 92
89 177
89 168
89 26
89 152
89 121
89 44
89 125
89 178
89 21
89 176
89 118
89 116
89 88
89 99
89 70
89 208
89 97
89 58
89 56
89 87
89 217
89 39
89 120
89 65
89 156
89 80
89 29
89 82
89 163
89 101
89 30
89 7
89 131
89 48
89 187
89 154
89 55
89 100
89 165
89 3
89 38
89 28
89 134
89 126
89 6
89 122
75 60
75 92
75 177
75 151
75 168
75 61
75 121
75 178
75 37
75 176
75 116
75 88
75 208
75 97
75 58
75 87
75 217
75 39
75 120
75 207
75 65
75 29
75 163
75 101
75 30
75 48
75 187
75 100
75 3
75 38
75 134
75 6
60 166
60 92
60 177
60 151
60 15
60 168
60 26
60 152
60 61
60 121
60 125
60 37
60 176
60 116
60 88
60 77
60 99
60 70
60 208
60 58
60 56
60 87
60 217
60 120
60 207
60 156
60 153
60 219
60 80
60 163
60 101
60 30
60 7
60 55
60 115
60 100
60 165
60 3
60 28
60 134
60 126
60 6
166 92
166 177
166 151
166 15
166 61
166 121
166 178
166 37
166 21
166 176
166 116
166 99
166 70
166 208
166 179
166 97
166 58
166 56
166 87
166 217
166 39
166 120
166 156
166 219
166 80
166 29
166 82
166 163
166 101
166 206
166 165
166 3
166 38
166 134
166 126
166 122
92 177
92 151
92 168
92 26
92 152
92 121
92 178
92 37
92 21
92 1
92 118
92 116
92 88
92 99
92 70
92 58
92 56
92 217
92 39
92 120
92 65
92 156
92 219
92 80
92 163
92 30
92 206
92 55
92 68
92 3
92 38
92 28
92 6
177 15
177 168
177 26
177 152
177 121
177 44
177 178
177 37
177 21
177 1
177 176
177 118
177 116
177 88
177 77
177 99
177 179
177 97
177 217
177 39
177 120
177 65
177 156
177 80
177 82
177 30
177 7
177 131
177 206
177 48
177 187
177 154
177 55
177 68
177 100
177 165
177 3
177 38
177 134
177 126
177 6
177 122
151 15
151 168
151 26
151 152
151 61
151 44
151 37
151 1
151 176
151 118
151 116
151 88
151 77
151 99
151 70
151 208
151 97
151 58
151 56
151 87
151 217
151 39
151 65
151 156
151 153
151 80
151 82
151 101
151 30
151 7
151 131
151 55
151 3
151 38
151 28
151 134
151 126
151 6
15 26
15 152
15 61
15 121
15 125
15 37
15 21
15 176
15 118
15 116
15 88
15 70
15 208
15 97
15 58
15 56
15 87
15 217
15 39
15 120
15 156
15 153
15 82
15 163
15 101
15 30
15 7
15 131
15 206
15 48
15 187
15 154
15 55
15 100
15 165
15 3
15 38
15 28
15 134
15 126
15 6
168 61
168 121
168 178
168 37
168 21
168 1
168 176
168 118
168 116
168 88
168 77
168 70
168 208
168 179
168 56
168 87
168 217
168 120
168 65
168 156
168 153
168 80
168 101
168 7
168 154
168 68
168 3
168 38
168 6
26 152
26 61
26 121
26 125
26 37
26 21
26 176
26 118
26 88
26 77
26 70
26 208
26 179
26 97
26 58
26 56
26 87
26 217
26 39
26 120
26 207
26 65
26 156
26 219
26 80
26 82
26 163
26 30
26 7
26 131
26 48
26 55
26 68
26 115
26 100
26 28
26 126
26 6
26 122
152 121
152 44
152 178
152 37
152 21
152 1
152 116
152 88
152 77
152 70
152 208
152 179
152 58
152 56
152 87
152 65
152 156
152 153
152 80
152 29
152 163
152 30
152 131
152 206
152 187
152 154
152 55
152 165
152 3
152 38
152 28
152 126
152 6
152 122
61 121
61 44
61 37
61 1
61 118
61 77
61 179
61 56
61 217
61 207
61 65
61 156
61 80
61 29
61 82
61 30
61 7
61 187
61 154
61 55
61 68
61 38
61 134
61 126
61 6
61 122
121 125
121 178
121 21
121 1
121 176
121 118
121 88
121 77
121 99
121 208
121 179
121 97
121 87
121 217
121 65
121 219
121 29
121 163
121 101
121 7
121 131
121 206
121 48
121 187
121 154
121 55
121 68
121 115
121 100
121 165
121 3
121 38
121 122
44 178
44 37
44 21
44 1
44 176
44 118
44 88
44 77
44 99
44 208
44 179
44 97
44 58
44 56
44 39
44 120
44 156
44 219
44 80
44 163
44 101
44 30
44 7
44 131
44 48
44 187
44 154
44 68
44 115
44 100
44 165
44 134
44 126
44 6
44 122
125 37
125 21
125 1
125 176
125 118
125 88
125 77
125 99
125 208
125 97
125 58
125 87
125 217
125 39
125 120
125 65
125 80
125 82
125 163
125 101
125 30
125 206
125 48
125 187
125 68
125 115
125 165
125 38
125 28
125 134
125 126
125 6
125 122
178 37
178 21
178 176
178 118
178 88
178 70
178 208
178 179
178 97
178 58
178 87
178 217
178 39
178 207
178 65
178 156
178 153
178 80
178 82
178 163
178 101
178 7
178 131
178 206
178 48
178 154
178 55
178 68
178 115
178 100
178 165
178 3
178 38
178 28
178 6
178 122
37 21
37 1
37 176
37 118
37 77
37 99
37 70
37 208
37 179
37 97
37 87
37 217
37 39
37 120
37 207
37 65
37 153
37 219
37 80
37 29
37 82
37 163
37 30
37 7
37 187
37 68
37 28
37 134
37 126
37 6
21 1
21 118
21 88
21 77
21 208
21 58
21 56
21 217
21 39
21 207
21 65
21 153
21 80
21 29
21 82
21 163
21 30
21 7
21 131
21 206
21 48
21 187
21 154
21 55
21 68
21 115
21 100
21 3
21 28
21 134
21 126
21 122
1 176
1 116
1 88
1 208
1 97
1 58
1 56
1 87
1 120
1 65
1 156
1 80
1 29
1 82
1 163
1 101
1 131
1 187
1 68
1 100
1 165
1 134
176 88
176 77
176 70
176 208
176 179
176 97
176 58
176 56
176 217
176 207
176 219
176 82
176 163
176 154
176 68
176 115
176 3
176 28
176 126
176 122
118 116
118 88
118 77
118 99
118 208
118 179
118 97
118 56
118 87
118 217
118 65
118 153
118 219
118 80
118 29
118 7
118 131
118 206
118 154
118 55
118 68
118 115
118 3
118 126
118 6
116 88
116 77
116 99
116 70
116 208
116 179
116 58
116 87
116 217
116 39
116 120
116 207
116 65
116 156
116 153
116 219
116 80
116 29
116 82
116 163
116 101
116 30
116 206
116 48
116 187
116 154
116 55
116 165
116 28
116 134
116 126
116 122
88 77
88 70
88 97
88 58
88 56
88 87
88 207
88 65
88 219
88 80
88 29
88 82
88 163
88 101
88 30
88 7
88 206
88 48
88 154
88 55
88 115
88 100
88 3
88 38
88 134
88 126
88 6
88 122
77 99
77 70
77 208
77 97
77 58
77 56
77 87
77 217
77 120
77 207
77 156
77 153
77 219
77 29
77 82
77 101
77 30
77 7
77 48
77 154
77 68
77 115
77 165
77 3
77 126
77 122
99 70
99 208
99 58
99 87
99 39
99 120
99 65
99 156
99 153
99 80
99 82
99 163
99 131
99 206
99 154
99 165
99 126
99 6
99 122
70 208
70 179
70 58
70 87
70 217
70 39
70 120
70 65
70 156
70 153
70 219
70 80
70 29
70 163
70 101
70 30
70 206
70 187
70 154
70 55
70 115
70 100
70 3
70 38
70 28
70 126
70 6
70 122
208 87
208 120
208 207
208 65
208 153
208 219
208 80
208 29
208 82
208 163
208 7
208 48
208 187
208 68
208 100
208 3
208 38
208 134
208 6
208 122
179 97
179 58
179 87
179 217
179 120
179 207
179 65
179 219
179 80
179 29
179 163
179 101
179 7
179 131
179 206
179 187
179 154
179 55
179 68
179 115
179 100
179 3
179 134
179 126
179 6
179 122
97 56
97 217
97 39
97 207
97 65
97 156
97 219
97 80
97 29
97 82
97 30
97 7
97 131
97 48
97 55
97 68
97 115
97 100
97 3
97 28
97 134
97 122
58 56
58 39
58 120
58 153
58 219
58 80
58 29
58 101
58 30
58 206
58 48
58 55
58 68
58 115
58 100
58 165
58 3
58 38
58 28
56 87
56 217
56 39
56 120
56 65
56 156
56 219
56 80
56 29
56 163
56 7
56 206
56 48
56 154
56 55
56 68
56 115
56 100
56 165
56 38
56 28
56 134
56 126
56 6
56 122
87 217
87 39
87 120
87 207
87 156
87 153
87 163
87 101
87 7
87 131
87 206
87 48
87 187
87 154
87 115
87 100
87 165
87 3
87 38
87 28
87 134
87 126
87 6
87 122
217 120
217 156
217 219
217 29
217 82
217 101
217 30
217 7
217 131
217 206
217 48
217 187
217 68
217 115
217 100
217 3
217 38
217 6
39 120
39 207
39 153
39 29
39 82
39 163
39 101
39 30
39 7
39 206
39 154
39 55
39 68
39 115
39 100
39 165
39 38
39 134
39 6
120 207
120 65
120 156
120 219
120 80
120 163
120 7
120 48
120 187
120 55
120 68
120 115
120 100
120 165
120 38
120 28
120 134
120 6
120 122
207 156
207 153
207 219
207 80
207 29
207 163
207 30
207 7
207 131
207 48
207 154
207 55
207 68
207 115
207 100
207 165
207 3
207 38
207 28
207 122
65 156
65 219
65 29
65 82
65 101
65 131
65 48
65 187
65 68
65 115
65 134
65 126
65 6
65 122
156 153
156 219
156 80
156 82
156 163
156 101
156 131
156 48
156 187
156 154
156 55
156 68
156 115
156 3
156 134
156 126
153 219
153 80
153 29
153 163
153 101
153 7
153 131
153 187
153 154
153 55
153 68
153 115
153 100
153 38
153 134
153 126
153 6
219 163
219 101
219 131
219 206
219 187
219 154
219 55
219 68
219 115
219 165
219 38
219 134
219 126
219 6
219 122
80 101
80 30
80 7
80 131
80 206
80 48
80 187
80 154
80 55
80 100
80 165
80 134
80 126
80 122
29 163
29 30
29 48
29 154
29 55
29 68
29 165
29 3
29 38
29 134
29 126
29 6
29 122
82 163
82 101
82 30
82 7
82 131
82 206
82 48
82 154
82 55
82 68
82 115
82 165
82 3
82 28
82 134
82 126
82 6
82 122
163 101
163 30
163 131
163 48
163 154
163 55
163 115
163 100
163 165
163 126
163 122
101 7
101 206
101 55
101 68
101 115
101 100
101 165
101 3
101 28
101 126
101 122
30 206
30 187
30 55
30 68
30 115
30 100
30 165
30 3
30 38
30 28
30 126
30 6
7 131
7 48
7 187
7 68
7 165
7 3
7 28
7 134
7 126
7 122
131 206
131 48
131 187
131 154
131 55
131 100
131 165
131 38
131 28
131 6
206 48
206 187
206 154
206 55
206 68
206 115
206 165
206 134
206 6
48 55
48 68
48 165
48 3
48 38
48 134
48 126
48 122
187 154
187 55
187 68
187 100
187 165
187 28
154 115
154 165
154 38
154 134
154 6
154 122
55 68
55 115
55 100
55 3
55 38
55 134
55 126
55 6
55 122
68 165
68 3
68 38
68 28
68 134
68 6
68 122
115 100
115 3
115 38
115 6
100 38
100 134
100 126
100 6
165 3
165 38
165 28
165 134
165 126
165 6
165 122
3 126
3 6
3 122
38 28
38 6
28 126
28 6
134 126
134 122
126 6
126 122
