*verties 204
12
161
207
64
108
155
5
160
147
118
140
78
127
204
117
203
116
134
153
30
89
148
91
48
7
202
176
193
206
37
82
85
121
154
167
46
106
25
141
175
192
188
131
146
77
199
74
51
166
158
145
98
210
45
9
72
88
56
40
92
59
80
97
124
27
136
186
23
43
79
62
68
31
120
20
114
133
165
149
63
39
111
16
11
60
115
83
55
171
101
143
29
214
144
21
8
159
184
215
81
71
19
190
87
96
200
151
219
208
181
183
172
128
0
201
42
95
142
196
125
110
195
135
15
205
36
123
90
185
103
137
102
156
26
17
73
13
53
1
10
57
157
61
99
6
3
58
2
130
65
119
209
194
112
189
191
69
84
211
107
14
164
126
75
168
38
138
34
44
54
66
28
180
139
49
150
187
179
174
212
94
50
47
132
170
105
217
86
169
113
33
173
22
177
4
18
216
197
76
100
70
104
198
122
*edges 
12 207
12 5
12 140
12 127
12 204
12 117
12 153
12 30
12 89
12 48
12 7
12 202
12 176
12 85
12 154
12 46
12 106
12 175
12 192
12 131
12 74
12 51
12 145
12 59
12 97
12 186
12 68
12 31
12 165
12 60
12 8
12 159
12 184
12 81
12 19
12 96
12 219
12 208
12 172
12 128
12 0
12 95
12 110
12 195
12 135
12 15
12 90
12 137
12 73
12 157
12 3
12 2
12 209
12 194
12 191
12 84
12 211
12 126
12 75
12 168
12 138
12 34
12 54
12 66
12 28
12 179
12 94
12 50
12 47
12 132
12 86
12 173
12 22
12 177
12 104
161 64
161 30
161 193
161 206
161 121
161 167
161 192
161 188
161 77
161 199
161 74
161 51
161 158
161 145
161 210
161 9
161 97
161 124
161 27
161 23
161 68
161 120
161 20
161 114
161 60
161 83
161 55
161 171
161 159
161 184
161 81
161 71
161 200
161 181
161 196
161 110
161 195
161 15
161 205
161 36
161 123
161 185
161 156
161 26
161 73
161 1
161 61
161 2
161 65
161 119
161 209
161 189
161 191
161 164
161 168
161 38
161 138
161 34
161 28
161 180
161 150
161 94
161 50
161 170
161 217
161 177
161 216
161 100
161 70
161 104
161 122
207 64
207 5
207 204
207 116
207 153
207 30
207 91
207 48
207 202
207 121
207 154
207 25
207 141
207 192
207 146
207 77
207 199
207 166
207 158
207 40
207 80
207 124
207 79
207 62
207 31
207 120
207 20
207 63
207 111
207 171
207 101
207 144
207 8
207 215
207 81
207 71
207 19
207 200
207 195
207 205
207 90
207 185
207 103
207 102
207 26
207 17
207 73
207 53
207 1
207 157
207 58
207 130
207 209
207 69
207 126
207 168
207 138
207 66
207 180
207 49
207 105
207 22
207 177
207 216
207 197
207 100
207 70
64 160
64 140
64 78
64 153
64 30
64 89
64 193
64 206
64 37
64 85
64 46
64 106
64 199
64 166
64 158
64 45
64 56
64 80
64 27
64 62
64 120
64 165
64 149
64 111
64 60
64 143
64 184
64 215
64 81
64 71
64 19
64 190
64 151
64 219
64 208
64 181
64 172
64 0
64 110
64 135
64 123
64 90
64 102
64 156
64 26
64 17
64 73
64 13
64 53
64 10
64 57
64 157
64 2
64 130
64 65
64 209
64 194
64 211
64 75
64 34
64 66
64 139
64 49
64 179
64 50
64 47
64 170
64 86
64 169
64 113
64 173
64 216
64 76
64 100
64 198
108 155
108 5
108 204
108 116
108 202
108 37
108 167
108 46
108 175
108 192
108 188
108 131
108 77
108 145
108 45
108 56
108 59
108 79
108 68
108 31
108 111
108 16
108 11
108 83
108 171
108 101
108 29
108 144
108 21
108 184
108 81
108 190
108 87
108 200
108 142
108 36
108 137
108 73
108 13
108 53
108 10
108 157
108 99
108 2
108 130
108 65
108 119
108 194
108 189
108 191
108 14
108 126
108 75
108 168
108 34
108 54
108 66
108 180
108 139
108 174
108 212
108 94
108 47
108 105
108 217
108 33
108 197
108 76
108 100
108 198
108 122
155 140
155 78
155 204
155 134
155 153
155 91
155 48
155 193
155 46
155 106
155 25
155 141
155 175
155 192
155 77
155 199
155 74
155 9
155 72
155 92
155 59
155 97
155 27
155 23
155 62
155 68
155 31
155 114
155 165
155 39
155 60
155 143
155 215
155 19
155 190
155 208
155 181
155 183
155 128
155 0
155 201
155 42
155 110
155 195
155 156
155 53
155 10
155 99
155 6
155 3
155 2
155 130
155 65
155 119
155 194
155 107
155 164
155 126
155 138
155 54
155 180
155 139
155 150
155 179
155 94
155 50
155 47
155 132
155 33
155 4
155 18
155 197
155 76
5 160
5 118
5 204
5 203
5 116
5 134
5 153
5 30
5 206
5 82
5 85
5 106
5 192
5 188
5 199
5 51
5 158
5 145
5 210
5 56
5 40
5 92
5 80
5 124
5 27
5 23
5 31
5 165
5 149
5 63
5 16
5 83
5 101
5 29
5 81
5 190
5 200
5 151
5 183
5 0
5 42
5 95
5 142
5 196
5 110
5 90
5 103
5 13
5 157
5 194
5 112
5 189
5 69
5 84
5 168
5 34
5 66
5 28
5 49
5 212
5 4
5 18
5 100
5 70
5 198
160 117
160 153
160 89
160 148
160 206
160 37
160 82
160 85
160 25
160 141
160 146
160 74
160 158
160 72
160 97
160 186
160 23
160 31
160 120
160 133
160 39
160 11
160 83
160 101
160 159
160 190
160 219
160 183
160 172
160 201
160 42
160 142
160 110
160 195
160 123
160 156
160 13
160 53
160 10
160 57
160 99
160 58
160 65
160 112
160 189
160 69
160 84
160 164
160 75
160 38
160 34
160 66
160 139
160 150
160 179
160 174
160 50
160 47
160 113
160 33
160 173
160 4
160 18
160 216
160 76
160 100
160 122
147 204
147 203
147 116
147 148
147 48
147 193
147 82
147 121
147 154
147 46
147 25
147 141
147 188
147 146
147 77
147 199
147 74
147 51
147 88
147 56
147 59
147 186
147 62
147 68
147 20
147 165
147 16
147 115
147 55
147 171
147 144
147 21
147 184
147 81
147 71
147 19
147 87
147 200
147 151
147 128
147 95
147 196
147 110
147 195
147 15
147 205
147 156
147 17
147 73
147 13
147 1
147 57
147 6
147 3
147 2
147 130
147 209
147 194
147 189
147 69
147 84
147 107
147 126
147 38
147 138
147 44
147 54
147 66
147 28
147 49
147 150
147 187
147 179
147 50
147 86
147 113
147 177
147 18
147 104
147 198
118 140
118 127
118 204
118 30
118 148
118 48
118 202
118 193
118 121
118 167
118 175
118 131
118 199
118 74
118 51
118 166
118 145
118 92
118 59
118 80
118 27
118 186
118 23
118 68
118 31
118 165
118 149
118 63
118 11
118 115
118 83
118 55
118 101
118 8
118 184
118 215
118 81
118 19
118 190
118 87
118 151
118 208
118 128
118 42
118 125
118 110
118 205
118 90
118 103
118 13
118 53
118 6
118 84
118 107
118 126
118 75
118 168
118 138
118 66
118 139
118 174
118 212
118 170
118 173
118 22
118 177
118 4
118 76
140 117
140 89
140 91
140 7
140 202
140 176
140 206
140 82
140 85
140 167
140 131
140 158
140 210
140 45
140 40
140 92
140 80
140 97
140 136
140 79
140 62
140 114
140 133
140 39
140 16
140 11
140 101
140 143
140 8
140 184
140 81
140 71
140 19
140 219
140 172
140 128
140 0
140 196
140 125
140 36
140 123
140 137
140 102
140 156
140 26
140 17
140 73
140 157
140 99
140 6
140 3
140 58
140 65
140 119
140 112
140 69
140 211
140 164
140 168
140 38
140 54
140 66
140 139
140 150
140 187
140 179
140 174
140 212
140 94
140 50
140 170
140 105
140 217
140 86
140 33
140 22
140 18
140 76
140 198
78 127
78 117
78 134
78 153
78 148
78 7
78 202
78 121
78 167
78 106
78 131
78 74
78 45
78 9
78 72
78 56
78 40
78 92
78 136
78 62
78 68
78 20
78 114
78 165
78 149
78 63
78 111
78 83
78 55
78 171
78 143
78 29
78 214
78 159
78 71
78 190
78 87
78 200
78 183
78 128
78 195
78 205
78 123
78 185
78 137
78 156
78 1
78 99
78 6
78 2
78 130
78 65
78 119
78 209
78 112
78 84
78 211
78 107
78 164
78 75
78 168
78 38
78 138
78 44
78 28
78 139
78 49
78 150
78 187
78 179
78 94
78 47
78 132
78 105
78 33
78 173
78 4
78 18
78 100
78 70
127 203
127 134
127 148
127 48
127 7
127 202
127 176
127 193
127 206
127 37
127 82
127 121
127 154
127 106
127 25
127 146
127 51
127 40
127 27
127 31
127 120
127 39
127 111
127 60
127 115
127 83
127 55
127 171
127 101
127 159
127 215
127 81
127 19
127 96
127 200
127 208
127 181
127 172
127 0
127 95
127 135
127 205
127 90
127 17
127 99
127 3
127 58
127 2
127 130
127 119
127 209
127 194
127 112
127 69
127 211
127 14
127 34
127 180
127 170
127 105
127 177
127 4
127 18
127 216
127 76
127 70
127 122
204 117
204 153
204 7
204 202
204 193
204 37
204 85
204 154
204 167
204 106
204 141
204 74
204 166
204 45
204 56
204 40
204 124
204 186
204 23
204 43
204 79
204 68
204 120
204 165
204 111
204 16
204 29
204 214
204 144
204 21
204 8
204 184
204 96
204 200
204 172
204 0
204 95
204 195
204 15
204 123
204 102
204 26
204 10
204 157
204 2
204 209
204 194
204 164
204 126
204 75
204 38
204 138
204 44
204 66
204 28
204 139
204 179
204 94
204 47
204 132
204 169
204 113
204 4
204 18
204 76
204 122
117 153
117 89
117 48
117 202
117 176
117 37
117 85
117 121
117 46
117 77
117 199
117 51
117 210
117 56
117 80
117 124
117 136
117 62
117 68
117 31
117 120
117 114
117 39
117 111
117 11
117 83
117 55
117 101
117 144
117 21
117 215
117 81
117 19
117 96
117 200
117 151
117 219
117 183
117 172
117 201
117 42
117 95
117 125
117 195
117 135
117 15
117 102
117 156
117 73
117 130
117 194
117 112
117 189
117 84
117 14
117 164
117 75
117 168
117 34
117 66
117 179
117 212
117 94
117 170
117 105
117 113
117 173
203 116
203 89
203 91
203 48
203 7
203 206
203 85
203 121
203 106
203 141
203 131
203 77
203 74
203 166
203 158
203 72
203 56
203 59
203 97
203 124
203 27
203 186
203 23
203 114
203 133
203 111
203 60
203 83
203 171
203 143
203 144
203 71
203 19
203 190
203 200
203 181
203 172
203 0
203 201
203 142
203 110
203 90
203 185
203 53
203 10
203 58
203 209
203 112
203 189
203 69
203 211
203 126
203 75
203 34
203 54
203 139
203 49
203 150
203 94
203 132
203 170
203 105
203 217
203 113
203 22
203 177
203 216
203 104
203 122
116 153
116 91
116 48
116 202
116 176
116 206
116 85
116 121
116 154
116 46
116 25
116 175
116 188
116 131
116 77
116 199
116 74
116 98
116 210
116 72
116 88
116 40
116 79
116 31
116 114
116 165
116 149
116 16
116 60
116 115
116 55
116 171
116 101
116 143
116 144
116 8
116 159
116 215
116 181
116 172
116 128
116 95
116 196
116 135
116 205
116 185
116 137
116 156
116 26
116 17
116 10
116 57
116 61
116 99
116 3
116 58
116 189
116 69
116 84
116 211
116 14
116 38
116 28
116 49
116 187
116 179
116 94
116 132
116 22
116 18
116 76
116 100
116 70
116 122
134 153
134 89
134 148
134 48
134 193
134 37
134 82
134 85
134 154
134 46
134 192
134 51
134 145
134 98
134 210
134 72
134 56
134 59
134 80
134 124
134 186
134 62
134 111
134 16
134 60
134 171
134 101
134 143
134 29
134 8
134 184
134 81
134 71
134 19
134 190
134 96
134 200
134 151
134 219
134 181
134 0
134 201
134 15
134 103
134 102
134 156
134 17
134 157
134 58
134 2
134 65
134 119
134 189
134 191
134 211
134 14
134 164
134 75
134 66
134 180
134 187
134 179
134 212
134 217
134 113
134 33
134 173
134 4
134 100
134 122
153 176
153 193
153 37
153 121
153 141
153 175
153 192
153 188
153 146
153 199
153 74
153 210
153 9
153 72
153 88
153 40
153 23
153 31
153 120
153 114
153 149
153 11
153 55
153 101
153 21
153 159
153 81
153 190
153 87
153 96
153 151
153 208
153 181
153 172
153 0
153 95
153 142
153 36
153 90
153 156
153 26
153 13
153 57
153 61
153 6
153 130
153 65
153 119
153 189
153 107
153 126
153 75
153 54
153 49
153 94
153 170
153 217
153 173
153 177
153 4
153 197
153 76
153 100
153 70
153 122
30 176
30 154
30 46
30 175
30 74
30 158
30 45
30 72
30 88
30 59
30 136
30 186
30 43
30 62
30 165
30 111
30 16
30 60
30 83
30 171
30 101
30 214
30 21
30 8
30 159
30 215
30 81
30 190
30 87
30 208
30 181
30 183
30 172
30 128
30 0
30 125
30 123
30 90
30 185
30 137
30 61
30 99
30 6
30 3
30 58
30 130
30 119
30 69
30 84
30 211
30 14
30 164
30 126
30 66
30 139
30 94
30 132
30 105
30 86
30 173
30 4
30 122
89 37
89 121
89 25
89 192
89 131
89 77
89 199
89 51
89 166
89 98
89 210
89 72
89 88
89 56
89 97
89 124
89 136
89 23
89 62
89 68
89 114
89 165
89 115
89 143
89 144
89 8
89 215
89 81
89 19
89 87
89 183
89 201
89 196
89 195
89 123
89 90
89 137
89 10
89 57
89 157
89 61
89 58
89 2
89 130
89 209
89 194
89 112
89 189
89 191
89 107
89 14
89 126
89 168
89 138
89 54
89 49
89 187
89 94
89 47
89 132
89 105
89 217
89 169
89 113
89 18
89 197
89 100
89 198
89 122
148 91
148 48
148 121
148 46
148 106
148 25
148 188
148 131
148 146
148 74
148 210
148 45
148 9
148 40
148 27
148 136
148 186
148 23
148 68
148 31
148 165
148 39
148 60
148 115
148 55
148 101
148 159
148 215
148 81
148 19
148 87
148 151
148 208
148 172
148 128
148 0
148 201
148 42
148 142
148 196
148 125
148 135
148 36
148 185
148 103
148 137
148 102
148 157
148 2
148 65
148 194
148 191
148 211
148 126
148 75
148 54
148 28
148 139
148 150
148 187
148 174
148 50
148 47
148 105
148 86
148 113
148 173
148 177
148 216
148 197
148 76
148 70
148 198
91 202
91 176
91 206
91 37
91 85
91 25
91 192
91 145
91 88
91 56
91 40
91 80
91 136
91 43
91 62
91 68
91 31
91 120
91 20
91 149
91 39
91 60
91 143
91 21
91 184
91 215
91 81
91 87
91 96
91 200
91 208
91 181
91 172
91 128
91 201
91 42
91 95
91 110
91 205
91 185
91 103
91 17
91 73
91 13
91 1
91 99
91 3
91 2
91 130
91 65
91 209
91 194
91 189
91 38
91 44
91 54
91 28
91 139
91 49
91 150
91 212
91 86
91 169
91 173
91 177
91 4
91 18
91 100
91 70
91 122
48 82
48 121
48 167
48 25
48 175
48 131
48 166
48 45
48 56
48 40
48 59
48 27
48 136
48 31
48 11
48 60
48 115
48 83
48 101
48 144
48 184
48 215
48 81
48 96
48 208
48 183
48 42
48 95
48 196
48 125
48 135
48 103
48 137
48 26
48 17
48 13
48 1
48 10
48 99
48 6
48 58
48 2
48 130
48 119
48 191
48 211
48 14
48 164
48 75
48 138
48 34
48 66
48 150
48 187
48 179
48 174
48 212
48 50
48 132
48 86
48 113
48 33
48 173
48 22
48 4
48 197
48 76
48 100
48 198
7 176
7 193
7 206
7 85
7 121
7 192
7 77
7 210
7 9
7 72
7 88
7 56
7 40
7 92
7 27
7 186
7 43
7 79
7 11
7 60
7 55
7 143
7 144
7 184
7 215
7 19
7 200
7 151
7 208
7 42
7 110
7 135
7 205
7 123
7 185
7 137
7 102
7 1
7 99
7 58
7 119
7 164
7 126
7 34
7 54
7 139
7 179
7 174
7 94
7 170
7 86
7 113
7 177
7 4
7 216
7 76
202 176
202 193
202 82
202 154
202 167
202 175
202 188
202 51
202 158
202 145
202 98
202 210
202 45
202 9
202 72
202 56
202 92
202 186
202 43
202 62
202 68
202 120
202 20
202 165
202 149
202 16
202 115
202 21
202 184
202 215
202 71
202 19
202 190
202 87
202 96
202 183
202 172
202 128
202 0
202 95
202 196
202 15
202 205
202 123
202 185
202 137
202 73
202 13
202 53
202 1
202 10
202 61
202 130
202 119
202 112
202 69
202 84
202 211
202 126
202 75
202 138
202 66
202 179
202 174
202 212
202 50
202 47
202 132
202 170
202 173
202 177
202 4
202 197
202 100
202 70
202 198
176 82
176 85
176 46
176 106
176 25
176 175
176 192
176 188
176 146
176 77
176 199
176 51
176 45
176 9
176 72
176 56
176 124
176 186
176 23
176 68
176 120
176 20
176 133
176 149
176 16
176 11
176 171
176 143
176 29
176 8
176 215
176 19
176 87
176 200
176 219
176 181
176 95
176 142
176 196
176 15
176 90
176 185
176 156
176 26
176 17
176 73
176 53
176 189
176 14
176 164
176 126
176 38
176 138
176 54
176 180
176 150
176 187
176 179
176 170
176 105
176 113
176 197
176 100
176 70
176 104
176 198
193 167
193 46
193 106
193 141
193 77
193 51
193 166
193 80
193 124
193 186
193 23
193 43
193 79
193 31
193 114
193 63
193 39
193 16
193 60
193 115
193 171
193 101
193 143
193 184
193 215
193 71
193 19
193 200
193 219
193 183
193 0
193 125
193 110
193 195
193 185
193 156
193 57
193 157
193 6
193 58
193 2
193 119
193 112
193 69
193 211
193 14
193 75
193 168
193 38
193 34
193 54
193 66
193 139
193 174
193 50
193 170
193 105
193 217
193 86
193 173
193 216
193 76
193 100
193 70
193 104
193 198
193 122
206 37
206 85
206 121
206 175
206 145
206 210
206 45
206 92
206 59
206 124
206 27
206 186
206 23
206 62
206 120
206 114
206 133
206 165
206 39
206 11
206 115
206 101
206 143
206 214
206 144
206 8
206 184
206 81
206 71
206 151
206 181
206 125
206 195
206 135
206 15
206 205
206 90
206 185
206 156
206 73
206 13
206 10
206 57
206 157
206 3
206 58
206 2
206 130
206 209
206 69
206 84
206 107
206 164
206 75
206 168
206 38
206 138
206 44
206 66
206 179
206 94
206 170
206 105
206 217
206 33
206 18
206 76
206 122
37 154
37 167
37 77
37 72
37 88
37 56
37 40
37 92
37 59
37 80
37 136
37 23
37 79
37 62
37 68
37 120
37 114
37 133
37 149
37 63
37 111
37 11
37 101
37 29
37 21
37 190
37 87
37 96
37 200
37 219
37 208
37 181
37 0
37 42
37 125
37 195
37 123
37 90
37 185
37 73
37 13
37 57
37 157
37 6
37 130
37 209
37 194
37 112
37 189
37 84
37 107
37 164
37 34
37 44
37 28
37 139
37 187
37 179
37 47
37 217
37 113
37 173
37 18
37 216
37 197
37 76
37 70
82 154
82 25
82 175
82 188
82 74
82 51
82 166
82 158
82 45
82 9
82 88
82 40
82 92
82 59
82 80
82 124
82 136
82 23
82 62
82 120
82 20
82 165
82 149
82 39
82 83
82 55
82 101
82 184
82 81
82 71
82 190
82 151
82 219
82 181
82 0
82 95
82 135
82 185
82 103
82 102
82 156
82 26
82 17
82 53
82 10
82 65
82 211
82 14
82 164
82 75
82 168
82 44
82 66
82 28
82 180
82 49
82 187
82 179
82 212
82 94
82 50
82 132
82 169
82 33
82 173
82 197
82 100
82 122
85 154
85 106
85 141
85 175
85 146
85 199
85 166
85 158
85 45
85 97
85 23
85 43
85 79
85 62
85 165
85 214
85 144
85 21
85 190
85 87
85 200
85 151
85 219
85 181
85 201
85 95
85 137
85 102
85 156
85 73
85 53
85 2
85 130
85 209
85 194
85 112
85 84
85 164
85 168
85 38
85 44
85 54
85 66
85 28
85 180
85 150
85 179
85 94
85 47
85 170
85 105
85 33
85 177
85 18
85 197
85 76
85 104
85 122
121 167
121 46
121 106
121 146
121 77
121 74
121 51
121 145
121 56
121 40
121 92
121 97
121 124
121 136
121 186
121 23
121 43
121 79
121 62
121 120
121 133
121 149
121 39
121 16
121 11
121 21
121 159
121 184
121 215
121 190
121 151
121 219
121 172
121 201
121 42
121 110
121 205
121 123
121 90
121 17
121 73
121 53
121 57
121 157
121 61
121 119
121 209
121 84
121 138
121 34
121 44
121 66
121 179
121 212
121 50
121 132
121 86
121 22
121 197
121 76
121 122
154 167
154 46
154 77
154 199
154 74
154 145
154 98
154 56
154 40
154 80
154 97
154 136
154 186
154 68
154 120
154 165
154 83
154 171
154 101
154 29
154 159
154 87
154 181
154 201
154 42
154 195
154 36
154 185
154 137
154 17
154 73
154 53
154 10
154 61
154 130
154 194
154 112
154 84
154 126
154 75
154 168
154 38
154 138
154 34
154 54
154 66
154 139
154 150
154 174
154 50
154 47
154 170
154 169
154 177
154 216
154 100
154 122
167 106
167 25
167 141
167 192
167 146
167 158
167 98
167 45
167 72
167 56
167 92
167 59
167 97
167 124
167 27
167 136
167 186
167 23
167 43
167 120
167 214
167 159
167 184
167 71
167 190
167 87
167 96
167 151
167 219
167 181
167 172
167 128
167 0
167 42
167 196
167 90
167 156
167 26
167 53
167 61
167 6
167 3
167 2
167 189
167 69
167 107
167 14
167 126
167 34
167 54
167 150
167 170
167 177
167 216
167 197
167 70
46 106
46 25
46 131
46 146
46 77
46 74
46 51
46 145
46 98
46 210
46 56
46 124
46 136
46 62
46 68
46 20
46 111
46 60
46 171
46 101
46 29
46 21
46 215
46 19
46 87
46 219
46 183
46 201
46 15
46 123
46 185
46 102
46 26
46 17
46 73
46 13
46 10
46 57
46 99
46 58
46 209
46 194
46 112
46 191
46 69
46 84
46 211
46 14
46 75
46 168
46 138
46 44
46 28
46 139
46 150
46 187
46 179
46 94
46 50
46 217
46 169
46 113
46 173
46 216
46 76
46 100
106 25
106 141
106 175
106 192
106 131
106 146
106 77
106 51
106 145
106 98
106 88
106 80
106 97
106 27
106 23
106 43
106 68
106 31
106 39
106 115
106 83
106 144
106 8
106 184
106 87
106 181
106 128
106 201
106 42
106 196
106 110
106 195
106 205
106 36
106 156
106 26
106 13
106 61
106 65
106 119
106 194
106 112
106 191
106 84
106 211
106 126
106 75
106 44
106 54
106 180
106 187
106 174
106 212
106 132
106 86
106 169
106 33
106 173
106 22
106 4
106 18
106 197
106 76
25 141
25 192
25 188
25 77
25 199
25 98
25 72
25 59
25 27
25 136
25 186
25 31
25 149
25 83
25 214
25 159
25 215
25 183
25 172
25 128
25 95
25 142
25 196
25 110
25 195
25 15
25 36
25 103
25 137
25 102
25 17
25 53
25 1
25 157
25 58
25 130
25 65
25 209
25 194
25 112
25 191
25 69
25 84
25 164
25 126
25 38
25 34
25 180
25 139
25 49
25 187
25 179
25 170
25 86
25 169
25 113
25 22
25 70
25 104
25 198
141 175
141 188
141 131
141 146
141 77
141 74
141 51
141 166
141 88
141 27
141 136
141 68
141 120
141 20
141 149
141 39
141 55
141 21
141 8
141 184
141 71
141 190
141 87
141 96
141 200
141 172
141 42
141 110
141 195
141 135
141 15
141 90
141 137
141 102
141 156
141 26
141 53
141 1
141 10
141 99
141 6
141 58
141 2
141 119
141 194
141 112
141 69
141 138
141 34
141 44
141 139
141 212
141 132
141 217
141 86
141 169
141 113
141 4
141 197
141 76
141 70
141 104
141 122
175 131
175 74
175 210
175 88
175 80
175 97
175 68
175 20
175 133
175 149
175 63
175 11
175 115
175 55
175 143
175 29
175 159
175 215
175 19
175 96
175 208
175 110
175 195
175 15
175 103
175 137
175 26
175 73
175 53
175 57
175 157
175 61
175 6
175 3
175 58
175 2
175 209
175 194
175 112
175 84
175 107
175 126
175 75
175 138
175 34
175 44
175 66
175 49
175 174
175 212
175 50
175 47
175 86
175 113
175 173
175 76
175 104
192 188
192 146
192 77
192 199
192 98
192 210
192 88
192 56
192 59
192 43
192 79
192 165
192 149
192 111
192 16
192 60
192 171
192 214
192 215
192 71
192 96
192 219
192 208
192 201
192 95
192 196
192 125
192 110
192 195
192 36
192 90
192 13
192 61
192 3
192 119
192 191
192 107
192 14
192 75
192 168
192 138
192 34
192 54
192 66
192 49
192 187
192 94
192 132
192 170
192 217
192 33
192 177
192 18
192 216
192 197
192 104
192 198
188 146
188 45
188 23
188 20
188 149
188 111
188 16
188 11
188 60
188 214
188 19
188 87
188 200
188 151
188 208
188 181
188 183
188 0
188 42
188 142
188 195
188 205
188 185
188 102
188 13
188 10
188 57
188 157
188 61
188 119
188 209
188 189
188 191
188 69
188 211
188 107
188 126
188 75
188 38
188 44
188 187
188 179
188 212
188 105
188 86
188 173
188 18
131 199
131 51
131 145
131 210
131 72
131 97
131 27
131 43
131 62
131 31
131 120
131 114
131 39
131 111
131 60
131 143
131 21
131 159
131 184
131 81
131 200
131 219
131 201
131 142
131 196
131 125
131 195
131 36
131 26
131 73
131 13
131 53
131 61
131 58
131 119
131 69
131 211
131 107
131 126
131 38
131 66
131 28
131 180
131 49
131 150
131 212
131 50
131 170
131 105
131 217
131 169
131 33
131 22
131 70
131 104
131 198
146 199
146 51
146 210
146 72
146 88
146 59
146 80
146 124
146 136
146 79
146 114
146 63
146 60
146 171
146 101
146 184
146 81
146 181
146 183
146 128
146 201
146 125
146 135
146 205
146 102
146 156
146 26
146 17
146 13
146 53
146 1
146 57
146 61
146 58
146 130
146 209
146 84
146 14
146 164
146 126
146 34
146 66
146 180
146 139
146 150
146 212
146 47
146 132
146 86
146 173
146 177
146 18
146 197
146 76
146 100
146 198
77 145
77 92
77 27
77 23
77 68
77 114
77 133
77 165
77 149
77 63
77 39
77 11
77 60
77 55
77 143
77 214
77 21
77 159
77 184
77 87
77 96
77 200
77 151
77 219
77 208
77 0
77 201
77 42
77 95
77 196
77 135
77 15
77 123
77 185
77 137
77 102
77 156
77 13
77 112
77 69
77 107
77 164
77 38
77 180
77 49
77 150
77 174
77 50
77 47
77 170
77 113
77 173
77 177
77 216
77 197
77 100
77 70
77 104
77 122
199 74
199 9
199 56
199 92
199 136
199 186
199 23
199 79
199 68
199 31
199 120
199 114
199 133
199 165
199 16
199 60
199 83
199 55
199 143
199 29
199 8
199 190
199 183
199 128
199 201
199 42
199 196
199 195
199 135
199 36
199 123
199 103
199 137
199 156
199 53
199 1
199 57
199 99
199 58
199 130
199 209
199 194
199 69
199 84
199 14
199 75
199 168
199 38
199 44
199 54
199 180
199 139
199 187
199 174
199 212
199 170
199 173
74 51
74 145
74 210
74 80
74 97
74 27
74 31
74 63
74 111
74 60
74 115
74 55
74 171
74 214
74 159
74 81
74 190
74 200
74 151
74 181
74 172
74 201
74 196
74 125
74 110
74 123
74 90
74 185
74 103
74 137
74 17
74 53
74 10
74 57
74 157
74 58
74 130
74 65
74 119
74 191
74 69
74 34
74 44
74 49
74 187
74 94
74 50
74 132
74 86
74 169
74 4
74 197
74 198
74 122
51 145
51 45
51 9
51 92
51 80
51 97
51 124
51 27
51 23
51 79
51 62
51 68
51 20
51 63
51 11
51 60
51 115
51 83
51 101
51 29
51 184
51 96
51 208
51 172
51 42
51 95
51 196
51 110
51 135
51 123
51 90
51 26
51 13
51 10
51 57
51 61
51 99
51 2
51 65
51 119
51 209
51 189
51 191
51 107
51 14
51 138
51 54
51 66
51 49
51 212
51 50
51 132
51 170
51 105
51 169
51 113
51 173
51 4
51 18
51 197
51 104
51 198
51 122
166 98
166 45
166 72
166 88
166 56
166 40
166 92
166 27
166 136
166 186
166 43
166 79
166 133
166 165
166 63
166 16
166 171
166 214
166 144
166 21
166 8
166 184
166 215
166 200
166 151
166 219
166 181
166 201
166 42
166 125
166 195
166 205
166 123
166 137
166 26
166 13
166 57
166 157
166 130
166 65
166 119
166 209
166 194
166 189
166 84
166 211
166 164
166 138
166 174
166 47
166 217
166 169
166 173
166 22
166 76
166 122
158 9
158 56
158 59
158 186
158 79
158 68
158 31
158 20
158 114
158 133
158 149
158 63
158 16
158 60
158 171
158 21
158 159
158 184
158 190
158 200
158 181
158 183
158 128
158 201
158 142
158 125
158 15
158 185
158 103
158 137
158 156
158 53
158 57
158 99
158 130
158 119
158 209
158 194
158 112
158 84
158 164
158 126
158 168
158 34
158 54
158 66
158 150
158 174
158 94
158 50
158 47
158 169
158 173
158 22
158 4
158 216
158 197
158 76
158 104
158 198
145 98
145 88
145 40
145 97
145 124
145 27
145 31
145 120
145 114
145 149
145 39
145 16
145 11
145 115
145 83
145 171
145 101
145 143
145 21
145 184
145 190
145 96
145 172
145 0
145 201
145 42
145 95
145 142
145 196
145 125
145 185
145 103
145 137
145 102
145 26
145 17
145 1
145 6
145 3
145 58
145 2
145 130
145 209
145 112
145 107
145 75
145 168
145 34
145 49
145 150
145 179
145 174
145 212
145 47
145 132
145 105
145 4
145 197
145 100
145 70
145 104
145 198
145 122
98 97
98 27
98 136
98 186
98 68
98 133
98 39
98 16
98 11
98 83
98 143
98 144
98 8
98 159
98 184
98 215
98 19
98 200
98 151
98 219
98 208
98 183
98 0
98 201
98 196
98 125
98 15
98 36
98 90
98 185
98 103
98 13
98 1
98 10
98 61
98 99
98 6
98 58
98 209
98 112
98 107
98 14
98 126
98 38
98 54
98 66
98 180
98 49
98 150
98 187
98 94
98 47
98 132
98 4
98 216
98 76
98 104
210 40
210 92
210 59
210 80
210 97
210 43
210 79
210 31
210 120
210 114
210 133
210 149
210 63
210 111
210 16
210 11
210 171
210 214
210 144
210 21
210 8
210 184
210 151
210 183
210 172
210 128
210 0
210 195
210 205
210 102
210 26
210 73
210 99
210 6
210 2
210 130
210 119
210 209
210 189
210 84
210 211
210 14
210 75
210 138
210 66
210 187
210 174
210 94
210 217
210 169
210 22
210 4
210 18
210 70
45 9
45 56
45 40
45 80
45 124
45 186
45 43
45 68
45 120
45 20
45 39
45 11
45 115
45 55
45 143
45 29
45 144
45 8
45 184
45 190
45 87
45 151
45 172
45 95
45 110
45 205
45 123
45 90
45 185
45 156
45 26
45 157
45 65
45 194
45 189
45 69
45 84
45 211
45 14
45 38
45 34
45 54
45 28
45 150
45 174
45 212
45 50
45 170
45 217
45 169
45 33
45 177
45 4
45 76
9 40
9 92
9 97
9 43
9 68
9 165
9 39
9 111
9 11
9 55
9 171
9 87
9 96
9 200
9 219
9 208
9 0
9 42
9 95
9 142
9 110
9 36
9 123
9 90
9 103
9 156
9 26
9 17
9 13
9 99
9 2
9 119
9 209
9 112
9 69
9 211
9 107
9 75
9 168
9 54
9 180
9 139
9 150
9 174
9 94
9 47
9 132
9 217
9 86
9 113
9 173
9 22
9 177
9 216
9 76
72 88
72 59
72 136
72 186
72 23
72 79
72 62
72 31
72 120
72 20
72 114
72 133
72 149
72 111
72 55
72 143
72 184
72 190
72 200
72 151
72 219
72 208
72 181
72 183
72 172
72 201
72 142
72 195
72 15
72 205
72 36
72 123
72 185
72 156
72 13
72 10
72 61
72 6
72 3
72 194
72 189
72 191
72 69
72 211
72 107
72 75
72 38
72 34
72 44
72 54
72 66
72 150
72 187
72 174
72 212
72 170
72 86
72 169
72 173
72 216
72 76
72 122
88 56
88 59
88 27
88 136
88 186
88 43
88 120
88 20
88 133
88 39
88 11
88 60
88 115
88 55
88 143
88 29
88 214
88 21
88 184
88 215
88 71
88 208
88 183
88 172
88 0
88 201
88 142
88 125
88 110
88 15
88 26
88 17
88 53
88 1
88 10
88 61
88 6
88 58
88 65
88 119
88 194
88 191
88 69
88 84
88 211
88 168
88 38
88 138
88 44
88 54
88 66
88 28
88 139
88 212
88 94
88 170
88 217
88 169
88 22
88 4
88 18
88 76
88 100
88 70
88 122
56 40
56 59
56 97
56 27
56 186
56 23
56 31
56 120
56 133
56 165
56 63
56 111
56 11
56 60
56 143
56 29
56 8
56 184
56 81
56 71
56 200
56 151
56 208
56 128
56 0
56 42
56 95
56 142
56 15
56 36
56 137
56 156
56 26
56 73
56 1
56 99
56 3
56 2
56 112
56 191
56 69
56 84
56 211
56 14
56 75
56 139
56 212
56 94
56 132
56 170
56 105
56 217
56 86
56 169
56 113
56 22
56 4
56 18
56 197
56 76
56 100
56 70
56 104
56 122
40 59
40 97
40 27
40 186
40 79
40 114
40 63
40 11
40 115
40 55
40 29
40 214
40 215
40 19
40 96
40 42
40 205
40 36
40 185
40 137
40 102
40 26
40 17
40 53
40 1
40 57
40 99
40 6
40 58
40 2
40 130
40 65
40 119
40 209
40 194
40 107
40 126
40 75
40 168
40 138
40 34
40 54
40 150
40 94
40 47
40 170
40 86
40 113
40 197
40 104
40 198
92 59
92 27
92 136
92 23
92 31
92 133
92 16
92 11
92 115
92 171
92 101
92 29
92 144
92 159
92 19
92 190
92 219
92 208
92 183
92 128
92 0
92 42
92 142
92 196
92 110
92 135
92 15
92 36
92 156
92 26
92 13
92 53
92 1
92 57
92 157
92 3
92 130
92 65
92 194
92 69
92 84
92 168
92 38
92 138
92 34
92 44
92 66
92 180
92 174
92 212
92 170
92 86
92 173
92 4
92 216
92 198
92 122
59 80
59 124
59 27
59 136
59 186
59 23
59 43
59 79
59 62
59 133
59 165
59 63
59 16
59 60
59 115
59 55
59 171
59 101
59 144
59 8
59 184
59 215
59 71
59 19
59 190
59 151
59 183
59 195
59 36
59 185
59 1
59 10
59 99
59 6
59 65
59 119
59 191
59 126
59 168
59 34
59 66
59 28
59 180
59 139
59 150
59 174
59 50
59 132
59 170
59 105
59 22
59 18
59 100
59 104
59 122
80 97
80 23
80 43
80 79
80 31
80 120
80 63
80 111
80 11
80 60
80 115
80 83
80 55
80 171
80 214
80 144
80 21
80 190
80 96
80 200
80 208
80 183
80 172
80 128
80 0
80 110
80 195
80 135
80 185
80 156
80 1
80 57
80 61
80 58
80 2
80 84
80 14
80 54
80 150
80 187
80 174
80 94
80 47
80 4
80 197
80 100
80 70
80 104
97 27
97 136
97 23
97 43
97 79
97 62
97 20
97 114
97 133
97 39
97 111
97 60
97 83
97 171
97 101
97 8
97 215
97 81
97 190
97 200
97 183
97 42
97 142
97 90
97 137
97 102
97 156
97 73
97 13
97 57
97 99
97 58
97 65
97 119
97 194
97 189
97 191
97 84
97 168
97 66
97 139
97 150
97 179
97 212
97 47
97 132
97 105
97 113
97 33
97 173
97 22
97 4
97 18
97 76
97 104
97 122
124 27
124 136
124 186
124 43
124 68
124 133
124 16
124 83
124 143
124 214
124 21
124 8
124 184
124 19
124 151
124 208
124 181
124 201
124 196
124 110
124 36
124 1
124 57
124 3
124 65
124 209
124 194
124 112
124 189
124 211
124 107
124 38
124 138
124 34
124 180
124 139
124 187
124 212
124 132
124 170
124 86
124 33
124 22
124 197
124 104
124 198
27 136
27 43
27 79
27 62
27 114
27 11
27 83
27 171
27 29
27 21
27 8
27 81
27 19
27 87
27 151
27 208
27 0
27 201
27 42
27 95
27 125
27 195
27 15
27 36
27 185
27 61
27 6
27 3
27 58
27 2
27 130
27 65
27 194
27 112
27 189
27 191
27 84
27 211
27 168
27 34
27 54
27 66
27 49
27 150
27 187
27 47
27 170
27 105
27 173
27 197
27 76
27 100
27 104
27 198
27 122
136 43
136 79
136 62
136 120
136 114
136 133
136 63
136 111
136 11
136 55
136 101
136 143
136 214
136 8
136 215
136 71
136 19
136 200
136 208
136 181
136 183
136 172
136 201
136 95
136 142
136 196
136 125
136 135
136 26
136 17
136 13
136 53
136 157
136 99
136 6
136 2
136 194
136 191
136 69
136 84
136 211
136 107
136 38
136 44
136 180
136 150
136 179
136 174
136 47
136 170
136 105
136 86
136 113
136 173
136 177
136 216
136 104
136 198
186 43
186 79
186 120
186 20
186 149
186 11
186 171
186 144
186 184
186 215
186 19
186 96
186 219
186 128
186 201
186 196
186 36
186 123
186 90
186 156
186 13
186 53
186 57
186 130
186 65
186 194
186 189
186 191
186 84
186 211
186 44
186 54
186 180
186 212
186 94
186 50
186 170
186 113
186 177
186 18
186 197
186 76
186 70
23 62
23 68
23 20
23 114
23 133
23 165
23 149
23 39
23 115
23 83
23 143
23 29
23 144
23 21
23 8
23 81
23 19
23 219
23 208
23 42
23 125
23 110
23 195
23 15
23 36
23 73
23 10
23 99
23 3
23 130
23 194
23 112
23 189
23 75
23 168
23 38
23 44
23 28
23 180
23 139
23 49
23 150
23 187
23 212
23 50
23 47
23 86
23 33
23 177
23 18
23 76
23 198
23 122
43 165
43 39
43 60
43 115
43 143
43 214
43 144
43 21
43 8
43 159
43 81
43 71
43 19
43 190
43 87
43 181
43 183
43 0
43 95
43 196
43 125
43 110
43 185
43 137
43 102
43 156
43 26
43 1
43 10
43 130
43 191
43 107
43 75
43 34
43 180
43 49
43 179
43 94
43 50
43 170
43 105
43 217
43 86
43 113
43 33
43 4
43 216
43 100
79 120
79 20
79 114
79 149
79 63
79 115
79 83
79 55
79 101
79 143
79 21
79 8
79 184
79 215
79 71
79 87
79 96
79 181
79 172
79 42
79 95
79 110
79 205
79 123
79 90
79 102
79 156
79 73
79 13
79 1
79 10
79 157
79 6
79 2
79 119
79 209
79 69
79 84
79 211
79 164
79 126
79 168
79 38
79 138
79 66
79 180
79 139
79 150
79 174
79 94
79 169
79 113
79 173
79 177
79 100
79 70
79 198
62 31
62 20
62 133
62 39
62 111
62 16
62 55
62 29
62 144
62 8
62 87
62 151
62 181
62 183
62 128
62 195
62 15
62 36
62 123
62 185
62 17
62 73
62 53
62 1
62 57
62 61
62 6
62 2
62 130
62 119
62 209
62 194
62 69
62 84
62 14
62 126
62 138
62 54
62 28
62 180
62 174
62 105
62 86
62 33
62 173
62 22
62 216
62 104
62 122
68 31
68 120
68 114
68 133
68 63
68 111
68 16
68 101
68 29
68 214
68 21
68 8
68 190
68 96
68 172
68 128
68 42
68 196
68 135
68 15
68 205
68 36
68 90
68 103
68 156
68 26
68 17
68 13
68 53
68 1
68 10
68 157
68 99
68 65
68 209
68 194
68 189
68 75
68 138
68 34
68 66
68 139
68 94
68 170
68 217
68 86
68 33
68 173
68 22
68 177
68 4
68 18
68 197
68 100
68 70
68 122
31 120
31 20
31 149
31 39
31 16
31 83
31 55
31 143
31 29
31 184
31 215
31 190
31 200
31 208
31 181
31 172
31 128
31 0
31 95
31 142
31 125
31 110
31 205
31 123
31 156
31 26
31 10
31 57
31 99
31 6
31 2
31 130
31 65
31 126
31 75
31 168
31 34
31 44
31 54
31 66
31 49
31 150
31 187
31 179
31 170
31 217
31 86
31 33
31 4
31 197
31 76
31 104
120 20
120 114
120 133
120 149
120 39
120 111
120 115
120 171
120 143
120 29
120 214
120 8
120 215
120 87
120 200
120 208
120 128
120 42
120 95
120 110
120 205
120 36
120 123
120 185
120 102
120 156
120 26
120 53
120 1
120 10
120 57
120 157
120 99
120 65
120 209
120 112
120 189
120 69
120 211
120 164
120 38
120 44
120 28
120 180
120 150
120 212
120 132
120 86
120 169
120 18
120 216
120 198
120 122
20 114
20 165
20 39
20 16
20 11
20 60
20 171
20 143
20 29
20 215
20 71
20 96
20 200
20 181
20 128
20 95
20 196
20 110
20 195
20 15
20 205
20 123
20 1
20 157
20 61
20 3
20 130
20 65
20 209
20 69
20 126
20 75
20 138
20 34
20 179
20 212
20 50
20 47
20 217
20 86
20 113
20 22
20 4
20 76
20 100
20 104
114 60
114 101
114 29
114 81
114 71
114 96
114 200
114 181
114 201
114 42
114 142
114 196
114 195
114 15
114 102
114 13
114 53
114 10
114 57
114 6
114 3
114 2
114 130
114 209
114 84
114 211
114 107
114 14
114 168
114 34
114 66
114 187
114 179
114 174
114 217
114 33
114 173
114 22
114 4
114 76
114 100
114 70
114 122
133 60
133 115
133 55
133 171
133 143
133 29
133 8
133 159
133 81
133 19
133 96
133 208
133 95
133 142
133 196
133 110
133 205
133 123
133 137
133 156
133 26
133 73
133 1
133 57
133 58
133 130
133 112
133 189
133 84
133 107
133 168
133 38
133 34
133 49
133 50
133 132
133 170
133 105
133 217
133 113
133 4
133 18
133 197
133 100
133 104
165 149
165 16
165 60
165 171
165 143
165 214
165 8
165 81
165 19
165 190
165 87
165 181
165 172
165 0
165 201
165 42
165 196
165 125
165 15
165 205
165 123
165 26
165 13
165 53
165 10
165 58
165 2
165 130
165 119
165 209
165 189
165 107
165 126
165 75
165 38
165 34
165 66
165 49
165 187
165 212
165 47
165 170
165 105
165 22
165 177
165 18
165 197
165 100
165 198
149 63
149 39
149 60
149 115
149 29
149 214
149 144
149 190
149 200
149 151
149 128
149 95
149 135
149 205
149 123
149 185
149 137
149 17
149 1
149 10
149 57
149 6
149 119
149 209
149 112
149 69
149 211
149 107
149 75
149 168
149 34
149 54
149 150
149 174
149 50
149 47
149 132
149 105
149 217
149 113
149 33
149 173
149 4
149 100
149 70
149 104
63 39
63 143
63 214
63 21
63 215
63 81
63 19
63 190
63 87
63 96
63 151
63 208
63 172
63 128
63 0
63 42
63 95
63 142
63 103
63 102
63 73
63 53
63 1
63 10
63 61
63 6
63 3
63 130
63 65
63 84
63 75
63 38
63 34
63 44
63 54
63 66
63 28
63 150
63 212
63 86
63 113
63 22
63 4
63 216
63 104
39 11
39 143
39 8
39 159
39 71
39 200
39 183
39 172
39 128
39 95
39 142
39 196
39 125
39 110
39 135
39 15
39 123
39 103
39 137
39 102
39 26
39 10
39 157
39 61
39 99
39 58
39 2
39 130
39 189
39 69
39 84
39 211
39 107
39 38
39 34
39 44
39 54
39 28
39 139
39 212
39 47
39 132
39 170
39 86
39 113
39 33
39 177
39 216
39 100
39 198
111 11
111 171
111 29
111 214
111 184
111 96
111 181
111 110
111 195
111 36
111 137
111 17
111 10
111 57
111 61
111 99
111 209
111 189
111 211
111 14
111 164
111 126
111 38
111 44
111 66
111 187
111 179
111 212
111 94
111 105
111 169
111 113
111 173
111 22
111 4
111 18
111 197
111 70
111 122
16 11
16 115
16 83
16 143
16 144
16 8
16 159
16 184
16 19
16 96
16 181
16 183
16 201
16 95
16 125
16 135
16 205
16 102
16 156
16 17
16 10
16 57
16 61
16 6
16 130
16 119
16 209
16 194
16 107
16 38
16 139
16 94
16 50
16 47
16 170
16 105
16 217
16 33
16 173
16 18
16 216
16 100
16 104
16 122
11 83
11 171
11 29
11 184
11 81
11 19
11 190
11 200
11 151
11 208
11 183
11 0
11 201
11 95
11 196
11 110
11 36
11 123
11 185
11 103
11 156
11 13
11 53
11 1
11 10
11 57
11 157
11 6
11 130
11 209
11 84
11 211
11 75
11 38
11 138
11 34
11 44
11 54
11 49
11 150
11 187
11 179
11 174
11 212
11 94
11 47
11 170
11 105
11 217
11 18
11 216
11 197
11 76
11 70
11 104
60 29
60 214
60 144
60 21
60 215
60 190
60 151
60 181
60 142
60 196
60 195
60 73
60 13
60 10
60 57
60 6
60 58
60 2
60 189
60 84
60 211
60 107
60 164
60 34
60 44
60 54
60 66
60 180
60 139
60 179
60 47
60 170
60 86
60 169
60 173
60 22
60 4
60 216
60 70
60 104
115 83
115 55
115 143
115 21
115 215
115 19
115 190
115 87
115 219
115 181
115 183
115 0
115 201
115 42
115 142
115 125
115 195
115 123
115 26
115 13
115 53
115 99
115 2
115 65
115 209
115 211
115 164
115 75
115 38
115 34
115 150
115 179
115 212
115 94
115 47
115 170
115 22
115 177
115 76
115 104
83 55
83 101
83 214
83 71
83 19
83 87
83 96
83 151
83 219
83 208
83 183
83 201
83 42
83 195
83 135
83 90
83 185
83 103
83 137
83 102
83 156
83 13
83 53
83 10
83 57
83 99
83 3
83 112
83 84
83 107
83 164
83 126
83 38
83 180
83 150
83 187
83 179
83 47
83 170
83 113
83 173
83 197
83 104
55 143
55 214
55 144
55 21
55 8
55 159
55 184
55 215
55 81
55 190
55 96
55 200
55 219
55 0
55 95
55 196
55 125
55 110
55 15
55 205
55 123
55 90
55 156
55 26
55 17
55 73
55 53
55 57
55 61
55 99
55 130
55 211
55 107
55 164
55 44
55 54
55 49
55 150
55 187
55 47
55 217
55 86
55 216
55 197
55 70
55 104
171 144
171 21
171 8
171 71
171 19
171 181
171 128
171 0
171 201
171 42
171 142
171 195
171 137
171 26
171 17
171 10
171 157
171 3
171 130
171 119
171 209
171 112
171 211
171 14
171 164
171 38
171 34
171 54
171 150
171 179
171 174
171 212
171 94
171 47
171 105
171 173
171 4
171 18
171 76
101 143
101 29
101 214
101 144
101 8
101 71
101 87
101 96
101 219
101 172
101 42
101 142
101 135
101 15
101 36
101 90
101 103
101 137
101 102
101 156
101 73
101 53
101 61
101 6
101 3
101 58
101 191
101 211
101 164
101 138
101 34
101 180
101 150
101 187
101 212
101 94
101 47
101 170
101 86
101 113
101 22
101 177
101 4
101 18
101 100
101 122
143 214
143 159
143 71
143 151
143 172
143 201
143 42
143 95
143 142
143 125
143 135
143 15
143 205
143 123
143 185
143 103
143 17
143 10
143 57
143 6
143 3
143 58
143 2
143 65
143 209
143 194
143 191
143 69
143 84
143 211
143 107
143 38
143 139
143 49
143 94
143 50
143 47
143 170
143 105
143 86
143 33
143 173
143 18
143 197
143 76
143 100
143 70
143 198
29 144
29 215
29 87
29 219
29 208
29 0
29 42
29 196
29 125
29 110
29 195
29 15
29 36
29 90
29 103
29 26
29 10
29 65
29 191
29 84
29 14
29 168
29 138
29 34
29 180
29 150
29 187
29 179
29 212
29 94
29 105
29 217
29 86
29 33
29 4
29 104
29 198
214 144
214 215
214 96
214 200
214 181
214 183
214 172
214 0
214 110
214 195
214 135
214 36
214 90
214 103
214 156
214 17
214 10
214 2
214 84
214 164
214 44
214 150
214 187
214 179
214 174
214 94
214 47
214 170
214 22
214 177
214 18
214 76
144 8
144 215
144 190
144 87
144 96
144 200
144 219
144 208
144 172
144 128
144 201
144 142
144 195
144 90
144 185
144 103
144 137
144 1
144 61
144 99
144 58
144 112
144 189
144 191
144 211
144 126
144 75
144 44
144 179
144 174
144 94
144 50
144 132
144 170
144 217
144 169
144 113
144 173
144 18
144 100
144 122
21 8
21 159
21 215
21 71
21 87
21 96
21 151
21 219
21 208
21 183
21 42
21 36
21 156
21 17
21 10
21 57
21 61
21 99
21 3
21 130
21 65
21 209
21 191
21 211
21 107
21 14
21 164
21 126
21 168
21 38
21 28
21 180
21 174
21 94
21 47
21 105
21 169
21 33
21 22
21 100
21 198
8 159
8 19
8 96
8 208
8 181
8 183
8 172
8 128
8 95
8 125
8 110
8 195
8 135
8 205
8 123
8 137
8 156
8 13
8 1
8 61
8 6
8 130
8 65
8 119
8 209
8 189
8 69
8 211
8 138
8 44
8 139
8 49
8 150
8 212
8 94
8 170
8 217
8 86
8 33
8 22
8 177
8 76
8 70
8 122
159 184
159 81
159 19
159 208
159 181
159 172
159 128
159 201
159 195
159 102
159 156
159 17
159 73
159 13
159 53
159 1
159 57
159 61
159 58
159 130
159 209
159 112
159 191
159 14
159 126
159 44
159 54
159 66
159 49
159 150
159 179
159 212
159 217
159 169
159 113
159 173
159 22
159 4
159 100
159 198
184 71
184 19
184 87
184 96
184 208
184 142
184 125
184 110
184 15
184 90
184 103
184 156
184 17
184 1
184 57
184 157
184 61
184 99
184 58
184 2
184 130
184 65
184 194
184 126
184 34
184 66
184 28
184 180
184 187
184 179
184 212
184 170
184 169
184 33
184 22
184 177
184 18
184 197
184 76
215 151
215 219
215 208
215 181
215 183
215 172
215 128
215 42
215 110
215 195
215 123
215 90
215 10
215 57
215 2
215 119
215 112
215 189
215 191
215 69
215 211
215 107
215 126
215 75
215 38
215 66
215 187
215 212
215 94
215 170
215 105
215 169
215 173
215 122
81 219
81 128
81 0
81 201
81 142
81 205
81 90
81 137
81 13
81 10
81 112
81 191
81 69
81 211
81 164
81 44
81 54
81 28
81 180
81 139
81 150
81 187
81 174
81 212
81 50
81 132
81 170
81 217
81 86
81 169
81 173
81 22
81 76
81 100
81 70
81 104
71 19
71 96
71 151
71 219
71 172
71 0
71 201
71 125
71 15
71 205
71 123
71 90
71 185
71 103
71 102
71 156
71 1
71 10
71 99
71 6
71 3
71 119
71 194
71 112
71 69
71 138
71 66
71 139
71 49
71 150
71 174
71 212
71 94
71 105
71 217
71 33
71 173
71 22
71 4
71 76
19 87
19 96
19 151
19 219
19 172
19 128
19 95
19 125
19 110
19 36
19 185
19 102
19 13
19 53
19 1
19 10
19 57
19 157
19 2
19 65
19 119
19 209
19 194
19 211
19 107
19 14
19 164
19 66
19 212
19 94
19 132
19 86
19 169
19 33
19 197
19 76
19 100
190 96
190 183
190 128
190 0
190 135
190 185
190 103
190 137
190 102
190 26
190 17
190 73
190 61
190 6
190 130
190 119
190 194
190 112
190 69
190 14
190 164
190 126
190 44
190 54
190 28
190 139
190 49
190 150
190 174
190 50
190 105
190 217
190 169
190 33
190 216
190 76
190 100
190 104
190 198
87 200
87 183
87 172
87 42
87 196
87 36
87 123
87 103
87 102
87 53
87 99
87 130
87 194
87 14
87 164
87 66
87 28
87 94
87 170
87 18
87 197
87 100
87 122
96 219
96 181
96 196
96 15
96 205
96 123
96 90
96 156
96 10
96 3
96 2
96 130
96 119
96 209
96 112
96 189
96 191
96 84
96 211
96 126
96 138
96 34
96 44
96 54
96 28
96 139
96 49
96 150
96 179
96 50
96 132
96 105
96 86
96 33
96 22
96 4
96 18
200 151
200 219
200 181
200 172
200 0
200 201
200 95
200 205
200 36
200 90
200 185
200 26
200 13
200 1
200 157
200 3
200 2
200 65
200 209
200 194
200 112
200 189
200 191
200 84
200 211
200 14
200 75
200 38
200 34
200 28
200 180
200 49
200 150
200 179
200 50
200 170
200 173
200 216
200 197
200 104
200 122
151 181
151 172
151 128
151 196
151 125
151 195
151 135
151 15
151 205
151 90
151 102
151 156
151 26
151 73
151 1
151 57
151 157
151 99
151 3
151 130
151 119
151 194
151 189
151 191
151 69
151 84
151 126
151 54
151 139
151 150
151 132
151 105
151 18
151 197
151 100
151 198
219 183
219 172
219 135
219 15
219 36
219 137
219 26
219 53
219 1
219 99
219 3
219 130
219 65
219 119
219 107
219 164
219 75
219 168
219 138
219 54
219 28
219 139
219 150
219 187
219 179
219 174
219 94
219 50
219 132
219 170
219 113
219 33
219 22
219 177
219 76
219 70
219 122
208 0
208 142
208 205
208 123
208 90
208 185
208 102
208 156
208 13
208 61
208 99
208 3
208 58
208 2
208 130
208 194
208 189
208 191
208 69
208 84
208 54
208 66
208 28
208 139
208 174
208 94
208 47
208 132
208 217
208 76
208 100
208 104
181 128
181 42
181 142
181 196
181 15
181 205
181 137
181 156
181 17
181 13
181 53
181 57
181 99
181 58
181 2
181 65
181 119
181 209
181 194
181 189
181 191
181 164
181 75
181 54
181 49
181 132
181 170
181 169
181 22
181 100
181 104
183 201
183 42
183 95
183 142
183 196
183 36
183 123
183 103
183 73
183 53
183 157
183 2
183 119
183 194
183 112
183 14
183 75
183 168
183 38
183 138
183 34
183 28
183 180
183 179
183 212
183 217
183 169
183 33
183 22
183 18
183 216
183 197
183 76
183 122
172 128
172 196
172 195
172 15
172 102
172 1
172 10
172 209
172 112
172 164
172 38
172 54
172 28
172 132
172 105
172 86
172 113
172 22
172 4
172 18
172 216
172 104
172 122
128 0
128 42
128 196
128 125
128 15
128 90
128 185
128 102
128 156
128 1
128 10
128 57
128 157
128 3
128 2
128 119
128 209
128 194
128 112
128 211
128 126
128 168
128 44
128 28
128 180
128 139
128 150
128 179
128 217
128 86
128 169
128 173
128 22
128 76
128 198
0 201
0 125
0 110
0 36
0 156
0 26
0 1
0 10
0 99
0 6
0 3
0 58
0 2
0 65
0 194
0 191
0 164
0 75
0 28
0 187
0 174
0 94
0 50
0 105
0 217
0 177
0 216
0 100
0 70
201 42
201 195
201 90
201 185
201 137
201 156
201 73
201 13
201 3
201 2
201 119
201 194
201 191
201 69
201 211
201 126
201 44
201 28
201 139
201 179
201 212
201 47
201 217
201 86
201 113
201 33
201 22
201 76
201 100
201 122
42 196
42 125
42 15
42 185
42 103
42 137
42 26
42 53
42 10
42 99
42 6
42 58
42 209
42 194
42 189
42 211
42 38
42 44
42 139
42 174
42 86
42 113
42 173
42 22
42 18
42 216
42 197
42 76
95 196
95 125
95 205
95 36
95 102
95 17
95 13
95 1
95 10
95 99
95 6
95 3
95 65
95 84
95 14
95 75
95 168
95 38
95 34
95 187
95 212
95 177
95 100
142 110
142 135
142 185
142 137
142 156
142 17
142 1
142 57
142 99
142 6
142 3
142 58
142 2
142 119
142 194
142 189
142 84
142 107
142 164
142 75
142 28
142 180
142 139
142 187
142 179
142 94
142 47
142 170
142 22
142 177
142 76
142 198
196 110
196 195
196 205
196 137
196 156
196 10
196 99
196 2
196 130
196 65
196 119
196 209
196 194
196 112
196 75
196 168
196 138
196 34
196 66
196 49
196 150
196 187
196 174
196 212
196 113
196 173
196 22
196 177
196 4
196 76
196 100
196 70
125 195
125 135
125 15
125 90
125 137
125 26
125 17
125 73
125 10
125 99
125 6
125 65
125 194
125 69
125 164
125 126
125 38
125 138
125 34
125 139
125 49
125 50
125 47
125 132
125 170
125 113
125 33
125 4
125 216
125 104
110 135
110 123
110 90
110 103
110 156
110 26
110 17
110 73
110 13
110 10
110 157
110 99
110 194
110 191
110 69
110 14
110 34
110 44
110 28
110 180
110 179
110 212
110 94
110 47
110 132
110 217
110 169
110 113
110 33
110 173
110 18
110 216
110 76
110 100
110 104
195 135
195 15
195 205
195 123
195 103
195 137
195 102
195 156
195 17
195 73
195 13
195 10
195 99
195 3
195 189
195 107
195 164
195 34
195 180
195 139
195 49
195 187
195 179
195 174
195 170
195 105
195 217
195 86
195 113
195 177
195 198
135 15
135 205
135 90
135 102
135 73
135 1
135 157
135 3
135 2
135 130
135 112
135 69
135 211
135 14
135 164
135 126
135 75
135 34
135 28
135 187
135 174
135 94
135 169
135 113
135 173
135 177
135 4
135 100
135 70
15 36
15 185
15 102
15 26
15 17
15 53
15 10
15 57
15 58
15 130
15 69
15 107
15 75
15 168
15 34
15 44
15 50
15 47
15 169
15 113
15 22
15 177
15 4
15 216
15 198
205 123
205 90
205 185
205 103
205 102
205 156
205 73
205 57
205 157
205 2
205 130
205 65
205 119
205 209
205 194
205 189
205 191
205 84
205 211
205 107
205 126
205 75
205 38
205 34
205 66
205 49
205 187
205 212
205 94
205 50
205 132
205 217
205 86
205 113
205 177
205 4
205 18
205 216
205 104
36 90
36 185
36 102
36 156
36 53
36 1
36 10
36 157
36 61
36 58
36 130
36 191
36 69
36 211
36 14
36 126
36 75
36 168
36 44
36 54
36 66
36 139
36 179
36 212
36 94
36 50
36 86
36 113
36 33
36 173
36 18
36 216
36 76
36 122
123 137
123 102
123 156
123 26
123 99
123 6
123 3
123 2
123 119
123 194
123 112
123 191
123 126
123 168
123 34
123 54
123 66
123 150
123 132
123 170
123 86
123 33
123 173
123 22
123 216
123 100
123 70
90 185
90 156
90 17
90 53
90 1
90 57
90 157
90 61
90 2
90 119
90 194
90 69
90 14
90 164
90 75
90 168
90 38
90 44
90 180
90 150
90 187
90 179
90 94
90 86
90 113
90 173
90 216
90 197
90 104
90 198
185 103
185 102
185 156
185 17
185 73
185 13
185 1
185 57
185 6
185 3
185 2
185 119
185 209
185 191
185 69
185 211
185 107
185 14
185 164
185 75
185 34
185 54
185 50
185 170
185 217
185 113
185 22
185 177
185 4
185 76
185 104
185 198
185 122
103 137
103 17
103 73
103 157
103 99
103 3
103 194
103 189
103 191
103 84
103 14
103 164
103 38
103 138
103 34
103 54
103 28
103 187
103 174
103 47
103 170
103 86
103 22
103 177
103 18
103 216
103 76
103 100
103 122
137 102
137 17
137 73
137 53
137 1
137 61
137 2
137 119
137 112
137 189
137 107
137 14
137 164
137 168
137 38
137 34
137 44
137 28
137 49
137 150
137 212
137 50
137 132
137 170
137 105
137 173
137 177
137 4
137 18
137 197
137 76
137 100
102 156
102 26
102 17
102 53
102 10
102 57
102 157
102 3
102 130
102 84
102 107
102 14
102 164
102 38
102 180
102 139
102 47
102 170
102 86
102 22
102 216
102 100
102 70
156 26
156 13
156 53
156 57
156 61
156 6
156 58
156 130
156 65
156 119
156 112
156 164
156 168
156 34
156 28
156 180
156 139
156 49
156 179
156 174
156 212
156 170
156 105
156 169
156 22
156 4
156 18
156 100
156 104
26 73
26 13
26 1
26 57
26 157
26 6
26 2
26 209
26 194
26 84
26 75
26 66
26 180
26 139
26 150
26 179
26 174
26 94
26 50
26 105
26 217
26 4
26 18
26 70
26 104
17 73
17 13
17 10
17 6
17 58
17 130
17 65
17 209
17 194
17 189
17 191
17 84
17 107
17 14
17 164
17 168
17 28
17 179
17 212
17 47
17 105
17 217
17 86
17 18
17 197
17 198
17 122
73 13
73 2
73 130
73 119
73 191
73 164
73 126
73 75
73 44
73 54
73 28
73 180
73 150
73 187
73 179
73 94
73 50
73 47
73 4
73 198
13 53
13 1
13 10
13 57
13 58
13 119
13 189
13 191
13 107
13 38
13 138
13 34
13 54
13 66
13 180
13 139
13 49
13 179
13 212
13 50
13 132
13 105
13 86
13 169
13 113
13 33
13 22
13 177
13 100
13 104
13 198
53 1
53 10
53 61
53 58
53 209
53 112
53 191
53 84
53 38
53 138
53 54
53 28
53 180
53 49
53 179
53 94
53 47
53 132
53 170
53 217
53 173
53 18
53 197
53 70
1 61
1 99
1 6
1 69
1 66
1 28
1 187
1 132
1 170
1 173
1 177
1 4
1 197
1 100
1 70
1 104
10 57
10 6
10 112
10 126
10 38
10 66
10 49
10 179
10 174
10 50
10 170
10 33
10 197
10 76
10 104
10 122
57 61
57 99
57 6
57 3
57 65
57 112
57 14
57 179
57 174
57 170
57 217
57 113
57 4
57 18
57 216
57 197
57 76
57 100
57 70
157 61
157 99
157 3
157 189
157 69
157 14
157 44
157 66
157 28
157 139
157 150
157 179
157 212
157 132
157 217
157 113
157 177
157 216
157 197
157 76
157 70
61 3
61 58
61 2
61 130
61 65
61 119
61 194
61 112
61 69
61 14
61 75
61 180
61 179
61 94
61 47
61 217
61 86
61 169
61 173
61 4
61 70
61 122
99 6
99 58
99 2
99 65
99 119
99 209
99 112
99 189
99 14
99 164
99 126
99 75
99 38
99 139
99 174
99 212
99 132
99 170
99 105
99 217
99 86
99 173
99 22
99 177
99 18
99 100
6 2
6 65
6 119
6 189
6 191
6 84
6 107
6 164
6 75
6 38
6 54
6 66
6 49
6 174
6 94
6 169
6 177
6 197
6 76
6 122
3 209
3 189
3 69
3 14
3 164
3 168
3 34
3 44
3 28
3 139
3 49
3 132
3 170
3 86
3 22
3 18
3 216
3 100
3 70
3 122
58 194
58 112
58 189
58 191
58 69
58 84
58 164
58 126
58 75
58 38
58 34
58 44
58 66
58 180
58 139
58 150
58 179
58 212
58 47
58 132
58 86
58 33
58 177
58 198
2 130
2 189
2 69
2 75
2 38
2 54
2 49
2 187
2 179
2 174
2 212
2 94
2 50
2 170
2 113
2 173
2 22
2 177
2 197
2 76
2 100
2 104
130 119
130 209
130 189
130 69
130 107
130 164
130 138
130 66
130 139
130 150
130 187
130 179
130 50
130 132
130 170
130 105
130 86
130 22
130 177
130 4
130 18
130 76
130 70
65 209
65 69
65 14
65 138
65 54
65 28
65 139
65 174
65 94
65 217
65 86
65 33
65 18
65 216
65 70
119 84
119 168
119 34
119 54
119 28
119 139
119 187
119 47
119 132
119 170
119 113
119 173
119 22
119 18
119 104
119 122
209 194
209 189
209 69
209 126
209 138
209 34
209 66
209 28
209 150
209 212
209 94
209 105
209 217
209 86
209 113
209 4
209 18
209 104
194 84
194 211
194 107
194 14
194 164
194 138
194 66
194 28
194 180
194 49
194 150
194 174
194 94
194 170
194 217
194 4
194 216
194 100
194 198
194 122
112 189
112 69
112 84
112 211
112 168
112 34
112 180
112 212
112 47
112 105
112 33
112 216
112 100
189 69
189 84
189 14
189 164
189 75
189 168
189 34
189 54
189 66
189 150
189 174
189 50
189 170
189 86
189 173
189 4
189 216
189 197
189 100
189 104
191 107
191 14
191 164
191 126
191 168
191 138
191 34
191 44
191 54
191 66
191 180
191 150
191 187
191 179
191 212
191 94
191 50
191 170
191 169
191 113
191 33
191 173
191 177
191 18
191 197
69 84
69 75
69 168
69 34
69 54
69 28
69 139
69 49
69 150
69 179
69 212
69 132
69 170
69 105
69 217
69 169
69 33
69 173
69 18
69 216
69 100
69 70
69 198
69 122
84 211
84 126
84 75
84 168
84 138
84 44
84 66
84 49
84 187
84 212
84 50
84 47
84 132
84 86
84 33
84 76
84 100
84 104
211 168
211 38
211 44
211 54
211 139
211 212
211 170
211 217
211 113
211 22
211 4
211 76
211 100
211 104
107 168
107 138
107 44
107 66
107 180
107 94
107 170
107 113
107 173
107 177
107 4
107 216
107 76
107 104
107 198
14 164
14 75
14 38
14 34
14 44
14 54
14 66
14 28
14 150
14 179
14 174
14 94
14 132
14 170
14 105
14 86
14 113
14 22
14 177
14 216
14 104
164 168
164 138
164 44
164 54
164 66
164 180
164 187
164 105
164 33
164 22
164 4
164 100
164 198
164 122
126 168
126 38
126 66
126 180
126 187
126 174
126 50
126 170
126 217
126 113
126 22
126 197
75 168
75 38
75 66
75 139
75 179
75 174
75 94
75 50
75 170
75 86
75 4
75 198
168 138
168 187
168 174
168 170
168 217
168 86
168 33
168 173
168 177
168 216
168 197
168 76
168 100
168 70
168 198
168 122
38 34
38 54
38 66
38 28
38 139
38 187
38 212
38 94
38 50
38 47
38 132
38 105
38 22
38 177
38 122
138 66
138 49
138 47
138 86
138 169
138 113
138 33
138 173
138 76
34 54
34 28
34 139
34 179
34 212
34 170
34 169
34 33
34 173
34 216
34 197
34 76
34 100
44 54
44 180
44 49
44 187
44 94
44 50
44 47
44 22
44 4
44 216
44 197
44 76
44 100
44 104
44 198
44 122
54 49
54 179
54 50
54 132
54 86
54 169
54 197
54 76
66 28
66 49
66 94
66 132
66 113
66 33
66 173
66 22
66 100
66 104
28 139
28 49
28 212
28 47
28 132
28 170
28 217
28 86
28 169
28 22
28 177
28 4
28 70
28 198
180 174
180 50
180 47
180 217
180 113
180 33
180 173
180 4
180 18
180 76
180 100
180 70
180 198
180 122
139 49
139 150
139 50
139 105
139 169
139 177
139 198
49 187
49 179
49 50
49 173
49 22
49 177
49 4
49 76
49 104
49 198
150 179
150 50
150 217
150 86
150 33
150 22
150 177
150 197
150 104
150 198
187 179
187 174
187 212
187 47
187 105
187 169
187 113
187 173
179 94
179 47
179 113
179 216
179 76
179 104
174 47
174 132
174 170
174 105
174 86
174 33
174 173
174 177
174 216
174 100
174 198
174 122
212 132
212 105
212 217
212 169
212 113
212 33
212 177
212 104
212 122
94 169
94 173
94 177
94 4
50 18
50 216
50 104
50 198
47 170
47 33
47 173
47 177
47 216
47 76
47 70
132 113
132 4
132 216
132 76
132 70
132 104
170 105
170 169
170 33
170 173
170 22
170 4
170 18
170 216
170 100
105 86
105 169
105 33
105 177
105 18
105 216
217 113
217 173
217 216
217 197
217 70
217 104
217 122
86 169
86 173
86 4
86 216
86 76
86 70
86 122
169 113
169 177
169 4
169 18
169 216
169 70
169 198
169 122
113 33
113 173
113 4
113 18
113 76
33 22
33 177
33 216
33 100
33 122
173 18
173 76
173 198
173 122
22 216
22 100
22 104
177 4
177 18
177 216
177 76
177 100
177 70
177 104
177 198
4 122
18 122
216 76
216 70
216 104
197 104
197 198
197 122
76 70
100 104
100 198
70 122
198 122
