*verties 199
118
35
64
195
98
151
121
3
170
21
5
212
149
71
9
147
161
18
154
22
144
97
20
130
30
114
142
129
109
69
111
43
70
4
55
218
207
104
216
155
27
99
182
213
110
120
179
12
13
10
128
202
2
174
132
8
82
49
16
201
191
33
79
126
215
187
108
163
67
205
83
89
190
112
101
37
75
152
72
86
159
34
93
192
39
47
157
81
219
123
103
166
173
90
203
23
76
28
84
199
48
194
127
96
7
25
74
143
183
172
1
119
15
158
140
85
113
186
94
116
139
61
214
196
91
26
88
210
165
6
11
145
162
217
171
135
92
41
209
58
133
57
138
100
46
124
115
42
146
38
77
44
19
40
181
65
206
167
60
148
36
107
168
50
73
200
29
106
197
175
185
122
198
160
189
150
102
193
0
45
125
137
141
80
176
52
87
53
169
134
68
31
66
136
156
208
51
177
63
*edges 
118 35
118 64
118 98
118 151
118 121
118 170
118 21
118 5
118 212
118 149
118 71
118 147
118 18
118 22
118 144
118 97
118 20
118 130
118 30
118 114
118 129
118 109
118 111
118 43
118 70
118 4
118 55
118 218
118 207
118 216
118 27
118 182
118 213
118 110
118 120
118 13
118 10
118 128
118 202
118 2
118 174
118 8
118 16
118 201
118 191
118 33
118 79
118 126
118 187
118 108
118 163
118 83
118 89
118 190
118 112
118 101
118 37
118 86
118 159
118 34
118 93
118 39
118 81
118 219
118 166
118 173
118 203
118 23
118 76
118 84
118 199
118 48
118 127
118 96
118 74
118 143
118 1
118 119
118 158
118 140
118 85
118 113
118 186
118 116
118 139
118 61
118 91
118 26
118 210
118 165
118 6
118 11
118 145
118 171
118 135
118 41
118 58
118 138
118 42
118 146
118 38
118 44
118 19
118 181
118 65
118 206
118 60
118 148
118 36
118 107
118 50
118 73
118 200
118 29
118 106
118 175
118 185
118 122
118 198
118 160
118 189
118 150
118 102
118 45
118 125
118 137
118 141
118 80
118 87
118 169
118 134
118 68
118 31
118 66
118 208
118 51
118 177
118 63
35 64
35 98
35 151
35 3
35 170
35 21
35 5
35 212
35 149
35 71
35 147
35 161
35 18
35 154
35 144
35 97
35 130
35 30
35 114
35 142
35 129
35 109
35 69
35 111
35 43
35 70
35 4
35 55
35 207
35 216
35 155
35 27
35 99
35 182
35 120
35 12
35 13
35 10
35 128
35 2
35 174
35 8
35 49
35 16
35 33
35 79
35 215
35 187
35 108
35 163
35 67
35 205
35 89
35 101
35 37
35 152
35 72
35 86
35 93
35 192
35 157
35 81
35 219
35 103
35 173
35 90
35 23
35 84
35 199
35 48
35 194
35 127
35 7
35 25
35 143
35 183
35 172
35 1
35 119
35 15
35 113
35 94
35 116
35 139
35 61
35 214
35 196
35 91
35 26
35 210
35 165
35 6
35 145
35 162
35 217
35 171
35 135
35 92
35 41
35 209
35 58
35 57
35 138
35 100
35 124
35 42
35 146
35 38
35 77
35 19
35 40
35 181
35 206
35 167
35 148
35 36
35 107
35 168
35 50
35 73
35 200
35 29
35 106
35 197
35 185
35 122
35 198
35 160
35 189
35 150
35 45
35 137
35 141
35 80
35 176
35 169
35 134
35 68
35 31
35 66
35 156
35 208
35 51
35 63
64 151
64 121
64 3
64 170
64 21
64 212
64 71
64 9
64 147
64 161
64 154
64 20
64 130
64 114
64 142
64 129
64 109
64 69
64 111
64 43
64 70
64 55
64 207
64 104
64 216
64 155
64 27
64 99
64 110
64 179
64 12
64 13
64 10
64 128
64 202
64 2
64 132
64 8
64 82
64 49
64 201
64 79
64 126
64 187
64 108
64 163
64 67
64 205
64 89
64 159
64 34
64 93
64 192
64 47
64 157
64 81
64 103
64 166
64 173
64 90
64 203
64 23
64 28
64 84
64 199
64 48
64 96
64 7
64 25
64 74
64 143
64 183
64 172
64 1
64 15
64 158
64 140
64 85
64 113
64 94
64 116
64 139
64 214
64 196
64 26
64 88
64 210
64 165
64 6
64 11
64 145
64 217
64 135
64 92
64 209
64 133
64 57
64 100
64 46
64 124
64 115
64 42
64 146
64 38
64 77
64 44
64 19
64 65
64 60
64 36
64 168
64 200
64 29
64 106
64 197
64 175
64 185
64 122
64 198
64 160
64 189
64 150
64 193
64 137
64 141
64 80
64 176
64 87
64 53
64 169
64 68
64 31
64 136
64 156
64 208
64 51
64 177
64 63
195 151
195 121
195 3
195 170
195 21
195 149
195 71
195 147
195 161
195 154
195 22
195 97
195 130
195 30
195 114
195 142
195 109
195 69
195 70
195 4
195 55
195 218
195 207
195 104
195 155
195 182
195 213
195 110
195 120
195 13
195 10
195 128
195 2
195 174
195 132
195 8
195 82
195 49
195 191
195 79
195 126
195 215
195 187
195 108
195 163
195 67
195 83
195 89
195 190
195 112
195 101
195 37
195 152
195 72
195 86
195 159
195 93
195 192
195 39
195 47
195 157
195 81
195 219
195 103
195 166
195 90
195 203
195 23
195 28
195 48
195 194
195 7
195 25
195 74
195 183
195 119
195 15
195 158
195 85
195 113
195 186
195 116
195 139
195 61
195 214
195 196
195 91
195 88
195 210
195 6
195 11
195 145
195 162
195 171
195 135
195 41
195 209
195 58
195 133
195 57
195 138
195 100
195 46
195 115
195 42
195 146
195 38
195 44
195 19
195 40
195 206
195 167
195 60
195 148
195 50
195 73
195 106
195 197
195 198
195 189
195 102
195 193
195 0
195 125
195 141
195 80
195 176
195 87
195 53
195 169
195 134
195 68
195 31
195 66
195 156
195 208
195 177
195 63
98 151
98 121
98 21
98 5
98 212
98 149
98 71
98 9
98 147
98 161
98 18
98 154
98 22
98 144
98 97
98 130
98 30
98 114
98 142
98 129
98 69
98 43
98 70
98 4
98 55
98 218
98 104
98 216
98 155
98 99
98 182
98 213
98 110
98 120
98 179
98 13
98 128
98 2
98 174
98 132
98 8
98 82
98 191
98 33
98 126
98 215
98 108
98 67
98 83
98 89
98 190
98 112
98 101
98 37
98 75
98 152
98 86
98 159
98 93
98 157
98 123
98 103
98 90
98 23
98 76
98 84
98 48
98 127
98 96
98 7
98 25
98 74
98 143
98 183
98 172
98 1
98 15
98 158
98 140
98 85
98 186
98 94
98 116
98 139
98 61
98 214
98 196
98 91
98 26
98 88
98 11
98 145
98 217
98 171
98 92
98 133
98 57
98 100
98 46
98 42
98 146
98 38
98 77
98 44
98 181
98 65
98 206
98 167
98 60
98 148
98 107
98 168
98 50
98 73
98 200
98 29
98 197
98 175
98 185
98 122
98 189
98 150
98 102
98 45
98 125
98 137
98 141
98 80
98 52
98 53
98 169
98 66
98 208
98 51
98 63
151 121
151 3
151 170
151 21
151 5
151 212
151 149
151 71
151 9
151 22
151 144
151 97
151 20
151 30
151 114
151 142
151 129
151 109
151 69
151 43
151 4
151 55
151 218
151 104
151 155
151 27
151 182
151 213
151 120
151 12
151 13
151 2
151 49
151 16
151 201
151 191
151 33
151 79
151 126
151 215
151 187
151 108
151 163
151 67
151 205
151 83
151 89
151 190
151 112
151 101
151 37
151 75
151 152
151 86
151 159
151 34
151 192
151 39
151 47
151 157
151 81
151 219
151 123
151 103
151 173
151 90
151 203
151 76
151 28
151 199
151 48
151 127
151 96
151 74
151 143
151 172
151 1
151 15
151 158
151 140
151 85
151 113
151 186
151 94
151 116
151 61
151 214
151 196
151 91
151 26
151 165
151 6
151 145
151 217
151 135
151 92
151 209
151 58
151 133
151 57
151 100
151 46
151 124
151 115
151 42
151 44
151 40
151 181
151 206
151 167
151 148
151 36
151 107
151 168
151 50
151 73
151 106
151 175
151 122
151 198
151 160
151 189
151 193
151 0
151 45
151 137
151 80
151 176
151 87
151 53
151 134
151 68
151 31
151 208
151 51
151 177
151 63
121 3
121 21
121 5
121 212
121 71
121 9
121 161
121 18
121 22
121 144
121 97
121 130
121 30
121 114
121 142
121 129
121 69
121 111
121 4
121 218
121 207
121 104
121 216
121 155
121 27
121 99
121 182
121 110
121 120
121 179
121 12
121 10
121 128
121 2
121 174
121 132
121 8
121 82
121 16
121 33
121 108
121 163
121 67
121 205
121 83
121 89
121 190
121 112
121 101
121 37
121 75
121 152
121 86
121 159
121 34
121 192
121 39
121 47
121 219
121 123
121 166
121 23
121 76
121 28
121 84
121 127
121 96
121 7
121 25
121 74
121 143
121 183
121 1
121 119
121 15
121 158
121 140
121 85
121 113
121 186
121 94
121 116
121 139
121 214
121 196
121 91
121 26
121 88
121 210
121 165
121 6
121 145
121 162
121 217
121 41
121 133
121 57
121 138
121 100
121 46
121 124
121 42
121 146
121 19
121 181
121 206
121 167
121 60
121 148
121 36
121 107
121 168
121 50
121 73
121 200
121 29
121 197
121 122
121 198
121 160
121 150
121 102
121 193
121 0
121 45
121 125
121 80
121 176
121 52
121 169
121 134
121 68
121 31
121 66
121 136
121 208
121 51
121 63
3 170
3 21
3 5
3 212
3 149
3 71
3 147
3 161
3 18
3 154
3 22
3 144
3 97
3 130
3 30
3 114
3 142
3 129
3 43
3 70
3 4
3 55
3 218
3 207
3 216
3 99
3 110
3 120
3 179
3 13
3 10
3 128
3 202
3 2
3 174
3 132
3 8
3 82
3 49
3 191
3 33
3 79
3 187
3 67
3 205
3 83
3 89
3 190
3 101
3 152
3 72
3 86
3 34
3 93
3 192
3 39
3 157
3 81
3 219
3 103
3 90
3 203
3 23
3 76
3 84
3 199
3 127
3 7
3 25
3 143
3 183
3 1
3 119
3 15
3 85
3 186
3 116
3 139
3 61
3 196
3 91
3 26
3 88
3 210
3 165
3 6
3 145
3 162
3 217
3 171
3 135
3 92
3 58
3 133
3 138
3 46
3 124
3 115
3 42
3 146
3 77
3 19
3 181
3 65
3 167
3 60
3 148
3 36
3 107
3 168
3 50
3 29
3 185
3 122
3 160
3 189
3 102
3 193
3 0
3 125
3 137
3 141
3 80
3 176
3 52
3 87
3 169
3 134
3 68
3 31
3 208
3 177
170 21
170 5
170 212
170 149
170 71
170 9
170 147
170 161
170 18
170 154
170 22
170 20
170 114
170 142
170 129
170 109
170 69
170 70
170 4
170 55
170 207
170 104
170 216
170 155
170 27
170 99
170 182
170 213
170 110
170 179
170 13
170 10
170 202
170 2
170 174
170 132
170 8
170 82
170 49
170 16
170 201
170 191
170 79
170 126
170 215
170 187
170 108
170 163
170 205
170 83
170 89
170 190
170 112
170 37
170 75
170 152
170 72
170 86
170 159
170 93
170 39
170 47
170 81
170 219
170 103
170 166
170 90
170 28
170 84
170 199
170 48
170 194
170 7
170 74
170 143
170 183
170 172
170 119
170 158
170 140
170 85
170 94
170 116
170 139
170 61
170 214
170 196
170 26
170 88
170 210
170 6
170 145
170 162
170 217
170 171
170 135
170 92
170 41
170 133
170 57
170 138
170 100
170 46
170 124
170 115
170 42
170 146
170 38
170 44
170 19
170 40
170 65
170 206
170 167
170 60
170 148
170 36
170 107
170 168
170 50
170 73
170 29
170 106
170 197
170 175
170 185
170 122
170 189
170 150
170 0
170 45
170 125
170 137
170 80
170 176
170 52
170 87
170 53
170 169
170 134
170 31
170 136
170 156
170 208
170 51
170 63
21 5
21 212
21 149
21 71
21 9
21 147
21 18
21 154
21 22
21 144
21 20
21 130
21 30
21 114
21 142
21 109
21 69
21 111
21 43
21 4
21 55
21 218
21 104
21 216
21 155
21 182
21 213
21 110
21 120
21 179
21 12
21 13
21 202
21 2
21 174
21 132
21 8
21 82
21 49
21 16
21 191
21 33
21 79
21 215
21 187
21 108
21 163
21 67
21 205
21 83
21 89
21 190
21 101
21 75
21 72
21 86
21 159
21 34
21 93
21 192
21 47
21 157
21 81
21 219
21 123
21 103
21 173
21 203
21 76
21 199
21 48
21 194
21 7
21 25
21 74
21 143
21 183
21 172
21 15
21 158
21 140
21 85
21 113
21 186
21 116
21 139
21 61
21 214
21 196
21 91
21 26
21 88
21 6
21 11
21 145
21 217
21 171
21 135
21 92
21 41
21 133
21 57
21 138
21 115
21 42
21 146
21 77
21 44
21 19
21 40
21 181
21 65
21 206
21 167
21 60
21 148
21 36
21 73
21 106
21 185
21 122
21 198
21 160
21 150
21 102
21 193
21 0
21 45
21 125
21 141
21 80
21 52
21 87
21 53
21 169
21 134
21 68
21 66
21 136
21 156
21 208
21 177
21 63
5 212
5 149
5 71
5 9
5 147
5 161
5 18
5 154
5 22
5 97
5 20
5 130
5 30
5 142
5 69
5 111
5 43
5 4
5 55
5 218
5 207
5 104
5 99
5 182
5 213
5 120
5 12
5 13
5 128
5 202
5 2
5 132
5 8
5 49
5 16
5 191
5 79
5 215
5 187
5 89
5 112
5 101
5 37
5 75
5 72
5 159
5 93
5 192
5 47
5 157
5 81
5 103
5 166
5 173
5 90
5 203
5 23
5 76
5 28
5 84
5 199
5 48
5 194
5 96
5 25
5 143
5 183
5 172
5 1
5 119
5 15
5 158
5 85
5 186
5 116
5 139
5 61
5 26
5 210
5 6
5 162
5 217
5 171
5 92
5 41
5 209
5 58
5 57
5 138
5 100
5 46
5 146
5 38
5 77
5 44
5 19
5 40
5 181
5 206
5 167
5 60
5 148
5 36
5 107
5 168
5 50
5 200
5 106
5 175
5 185
5 122
5 198
5 160
5 189
5 102
5 0
5 45
5 125
5 137
5 141
5 176
5 87
5 53
5 169
5 68
5 31
5 136
5 156
5 208
5 51
212 147
212 161
212 18
212 22
212 144
212 97
212 20
212 130
212 114
212 142
212 129
212 109
212 111
212 43
212 70
212 4
212 55
212 218
212 207
212 216
212 155
212 182
212 120
212 12
212 13
212 10
212 128
212 202
212 174
212 8
212 82
212 49
212 16
212 191
212 33
212 79
212 187
212 108
212 163
212 67
212 205
212 83
212 89
212 112
212 37
212 75
212 152
212 86
212 159
212 34
212 39
212 47
212 81
212 219
212 123
212 166
212 173
212 23
212 76
212 199
212 194
212 7
212 74
212 143
212 183
212 1
212 119
212 15
212 158
212 140
212 113
212 186
212 94
212 214
212 196
212 88
212 210
212 165
212 6
212 145
212 162
212 217
212 171
212 92
212 41
212 133
212 57
212 138
212 100
212 124
212 42
212 146
212 38
212 44
212 19
212 40
212 181
212 65
212 206
212 36
212 168
212 50
212 200
212 106
212 197
212 185
212 122
212 198
212 160
212 189
212 150
212 102
212 193
212 45
212 125
212 141
212 52
212 53
212 169
212 134
212 68
212 31
212 66
212 136
212 177
212 63
149 71
149 9
149 147
149 161
149 18
149 154
149 22
149 97
149 20
149 130
149 114
149 142
149 129
149 109
149 69
149 43
149 70
149 4
149 218
149 104
149 216
149 155
149 99
149 182
149 213
149 110
149 120
149 10
149 128
149 2
149 132
149 8
149 49
149 16
149 191
149 33
149 79
149 215
149 187
149 108
149 163
149 67
149 205
149 83
149 89
149 190
149 112
149 101
149 75
149 152
149 72
149 86
149 159
149 34
149 39
149 47
149 157
149 81
149 219
149 123
149 103
149 166
149 173
149 90
149 23
149 76
149 28
149 48
149 127
149 96
149 143
149 183
149 119
149 15
149 158
149 140
149 85
149 113
149 186
149 94
149 139
149 214
149 91
149 26
149 88
149 11
149 145
149 162
149 217
149 135
149 92
149 41
149 209
149 133
149 138
149 100
149 46
149 124
149 115
149 42
149 146
149 38
149 19
149 40
149 181
149 206
149 167
149 148
149 36
149 107
149 50
149 73
149 200
149 29
149 106
149 197
149 175
149 185
149 122
149 198
149 160
149 150
149 102
149 193
149 0
149 45
149 137
149 141
149 52
149 87
149 53
149 169
149 134
149 68
149 31
149 66
149 136
149 156
149 208
149 177
149 63
71 9
71 147
71 18
71 154
71 22
71 144
71 97
71 20
71 129
71 109
71 69
71 43
71 70
71 4
71 55
71 218
71 207
71 216
71 155
71 27
71 99
71 182
71 110
71 120
71 179
71 12
71 13
71 128
71 202
71 2
71 132
71 82
71 49
71 16
71 191
71 33
71 79
71 215
71 187
71 67
71 89
71 190
71 112
71 101
71 37
71 75
71 72
71 86
71 159
71 93
71 192
71 81
71 219
71 103
71 166
71 173
71 90
71 203
71 23
71 76
71 84
71 199
71 194
71 127
71 96
71 7
71 25
71 74
71 143
71 158
71 140
71 85
71 113
71 186
71 94
71 116
71 61
71 214
71 196
71 91
71 26
71 210
71 165
71 6
71 11
71 145
71 162
71 217
71 171
71 135
71 92
71 41
71 209
71 58
71 133
71 57
71 138
71 100
71 46
71 124
71 115
71 42
71 77
71 19
71 40
71 181
71 65
71 206
71 60
71 36
71 107
71 168
71 50
71 73
71 200
71 29
71 106
71 175
71 185
71 122
71 198
71 189
71 150
71 102
71 0
71 45
71 125
71 137
71 141
71 80
71 176
71 53
71 169
71 134
71 68
71 31
71 66
71 136
71 156
71 208
71 177
71 63
9 147
9 18
9 154
9 22
9 144
9 20
9 130
9 30
9 114
9 142
9 129
9 109
9 69
9 70
9 4
9 55
9 218
9 207
9 216
9 155
9 27
9 99
9 182
9 213
9 110
9 120
9 179
9 12
9 13
9 10
9 128
9 202
9 132
9 8
9 82
9 49
9 201
9 33
9 79
9 126
9 215
9 205
9 83
9 89
9 112
9 37
9 75
9 72
9 86
9 159
9 93
9 192
9 39
9 47
9 157
9 81
9 123
9 103
9 166
9 173
9 90
9 203
9 23
9 76
9 28
9 84
9 199
9 48
9 194
9 127
9 96
9 7
9 25
9 74
9 143
9 183
9 172
9 1
9 119
9 85
9 186
9 94
9 139
9 61
9 214
9 91
9 26
9 88
9 210
9 165
9 145
9 162
9 217
9 171
9 135
9 209
9 58
9 57
9 138
9 46
9 115
9 42
9 146
9 77
9 19
9 40
9 181
9 206
9 148
9 36
9 107
9 50
9 73
9 200
9 29
9 106
9 197
9 175
9 185
9 122
9 198
9 150
9 193
9 0
9 45
9 125
9 137
9 80
9 176
9 52
9 87
9 53
9 169
9 134
9 68
9 31
9 136
9 51
9 177
9 63
147 161
147 18
147 154
147 97
147 20
147 130
147 30
147 129
147 109
147 69
147 111
147 43
147 70
147 4
147 218
147 207
147 155
147 99
147 182
147 213
147 110
147 179
147 13
147 10
147 202
147 2
147 174
147 82
147 49
147 16
147 201
147 191
147 79
147 215
147 187
147 163
147 67
147 205
147 83
147 89
147 101
147 37
147 75
147 152
147 86
147 159
147 34
147 93
147 192
147 39
147 47
147 157
147 219
147 123
147 103
147 173
147 90
147 203
147 23
147 28
147 84
147 199
147 48
147 194
147 127
147 25
147 74
147 143
147 15
147 158
147 140
147 85
147 113
147 94
147 116
147 61
147 214
147 26
147 88
147 210
147 145
147 217
147 135
147 92
147 41
147 58
147 133
147 138
147 100
147 124
147 115
147 42
147 146
147 38
147 77
147 19
147 40
147 65
147 167
147 60
147 148
147 107
147 168
147 50
147 73
147 200
147 29
147 106
147 197
147 185
147 198
147 160
147 189
147 0
147 45
147 125
147 137
147 80
147 176
147 53
147 169
147 31
147 156
147 177
147 63
161 18
161 144
161 97
161 20
161 130
161 30
161 114
161 142
161 129
161 111
161 43
161 70
161 55
161 218
161 207
161 104
161 216
161 155
161 99
161 182
161 213
161 120
161 12
161 13
161 10
161 128
161 2
161 174
161 132
161 8
161 82
161 49
161 16
161 201
161 33
161 126
161 215
161 108
161 163
161 205
161 83
161 190
161 112
161 101
161 75
161 152
161 72
161 159
161 34
161 93
161 192
161 39
161 47
161 157
161 219
161 123
161 103
161 166
161 23
161 76
161 84
161 199
161 48
161 127
161 7
161 25
161 74
161 143
161 183
161 172
161 1
161 119
161 15
161 158
161 85
161 113
161 186
161 139
161 61
161 214
161 196
161 88
161 210
161 165
161 11
161 145
161 217
161 171
161 135
161 92
161 209
161 58
161 57
161 138
161 124
161 115
161 42
161 146
161 38
161 77
161 44
161 19
161 40
161 181
161 65
161 167
161 60
161 148
161 36
161 168
161 50
161 73
161 29
161 106
161 197
161 175
161 185
161 122
161 160
161 189
161 150
161 102
161 193
161 45
161 125
161 141
161 80
161 176
161 52
161 87
161 53
161 169
161 68
161 66
161 136
161 156
161 208
161 51
161 177
161 63
18 22
18 97
18 130
18 142
18 109
18 69
18 43
18 70
18 55
18 207
18 104
18 216
18 155
18 99
18 213
18 110
18 120
18 179
18 13
18 10
18 128
18 202
18 2
18 174
18 132
18 8
18 49
18 16
18 201
18 79
18 215
18 108
18 67
18 205
18 83
18 89
18 190
18 112
18 101
18 37
18 152
18 72
18 86
18 159
18 34
18 93
18 192
18 47
18 157
18 81
18 219
18 123
18 166
18 173
18 203
18 76
18 28
18 199
18 127
18 96
18 7
18 74
18 183
18 172
18 119
18 15
18 85
18 113
18 94
18 116
18 214
18 210
18 165
18 6
18 11
18 145
18 162
18 217
18 171
18 209
18 57
18 138
18 46
18 124
18 115
18 42
18 146
18 44
18 19
18 65
18 167
18 60
18 36
18 107
18 168
18 50
18 29
18 106
18 175
18 185
18 122
18 160
18 189
18 193
18 0
18 125
18 137
18 141
18 80
18 176
18 52
18 87
18 53
18 169
18 134
18 31
18 66
18 136
18 156
18 177
18 63
154 22
154 20
154 130
154 30
154 114
154 142
154 129
154 109
154 69
154 111
154 43
154 70
154 218
154 207
154 104
154 155
154 99
154 213
154 110
154 179
154 13
154 128
154 2
154 174
154 132
154 8
154 82
154 49
154 16
154 201
154 191
154 33
154 79
154 126
154 108
154 205
154 83
154 190
154 112
154 37
154 75
154 152
154 72
154 86
154 159
154 34
154 192
154 39
154 47
154 157
154 219
154 123
154 103
154 166
154 173
154 203
154 23
154 28
154 84
154 199
154 194
154 127
154 96
154 74
154 183
154 172
154 1
154 119
154 186
154 116
154 214
154 196
154 91
154 88
154 165
154 6
154 11
154 162
154 171
154 135
154 92
154 209
154 58
154 133
154 138
154 46
154 124
154 115
154 42
154 146
154 38
154 77
154 44
154 19
154 40
154 181
154 65
154 206
154 167
154 60
154 148
154 36
154 168
154 50
154 73
154 200
154 106
154 197
154 175
154 185
154 198
154 189
154 150
154 102
154 193
154 0
154 45
154 137
154 176
154 87
154 53
154 169
154 134
154 68
154 31
154 208
154 51
154 177
154 63
22 20
22 130
22 30
22 114
22 142
22 129
22 109
22 111
22 70
22 4
22 55
22 218
22 207
22 216
22 155
22 27
22 182
22 213
22 110
22 13
22 10
22 128
22 202
22 174
22 132
22 8
22 82
22 49
22 16
22 201
22 79
22 126
22 215
22 187
22 108
22 163
22 67
22 205
22 83
22 89
22 101
22 37
22 75
22 152
22 159
22 34
22 93
22 192
22 39
22 157
22 81
22 103
22 166
22 90
22 203
22 23
22 28
22 84
22 48
22 96
22 7
22 74
22 143
22 183
22 172
22 15
22 158
22 85
22 113
22 186
22 94
22 139
22 214
22 196
22 26
22 88
22 210
22 165
22 6
22 162
22 217
22 135
22 92
22 41
22 58
22 133
22 57
22 138
22 100
22 46
22 124
22 146
22 19
22 40
22 181
22 65
22 167
22 60
22 107
22 168
22 50
22 73
22 185
22 122
22 198
22 160
22 102
22 193
22 0
22 45
22 125
22 141
22 80
22 176
22 136
22 51
22 177
22 63
144 97
144 20
144 142
144 129
144 109
144 69
144 111
144 43
144 4
144 55
144 207
144 27
144 99
144 182
144 213
144 120
144 12
144 13
144 10
144 128
144 2
144 174
144 16
144 201
144 191
144 33
144 79
144 215
144 187
144 163
144 83
144 89
144 190
144 112
144 101
144 75
144 152
144 72
144 159
144 192
144 47
144 81
144 103
144 166
144 173
144 23
144 76
144 28
144 194
144 7
144 25
144 143
144 183
144 172
144 1
144 15
144 158
144 140
144 85
144 113
144 186
144 94
144 116
144 139
144 61
144 214
144 196
144 91
144 26
144 88
144 210
144 165
144 6
144 11
144 145
144 217
144 171
144 135
144 92
144 41
144 209
144 58
144 133
144 57
144 138
144 100
144 46
144 124
144 115
144 42
144 146
144 19
144 40
144 181
144 206
144 60
144 36
144 168
144 50
144 200
144 29
144 197
144 175
144 185
144 122
144 160
144 189
144 193
144 45
144 137
144 141
144 80
144 176
144 53
144 169
144 134
144 68
144 66
144 136
144 156
144 177
144 63
97 130
97 142
97 129
97 109
97 69
97 111
97 43
97 70
97 4
97 55
97 104
97 216
97 155
97 99
97 182
97 120
97 179
97 12
97 13
97 10
97 128
97 174
97 132
97 82
97 16
97 201
97 191
97 79
97 126
97 215
97 163
97 83
97 89
97 190
97 112
97 37
97 75
97 152
97 72
97 34
97 39
97 47
97 81
97 219
97 123
97 103
97 173
97 90
97 203
97 23
97 76
97 28
97 199
97 48
97 194
97 127
97 96
97 7
97 74
97 183
97 172
97 1
97 119
97 15
97 158
97 113
97 186
97 94
97 116
97 139
97 214
97 196
97 91
97 26
97 88
97 210
97 165
97 6
97 11
97 162
97 171
97 135
97 92
97 58
97 133
97 57
97 100
97 46
97 115
97 42
97 38
97 44
97 19
97 181
97 65
97 206
97 167
97 60
97 107
97 168
97 50
97 73
97 200
97 29
97 106
97 197
97 185
97 198
97 160
97 189
97 150
97 102
97 193
97 0
97 137
97 141
97 80
97 176
97 87
97 53
97 134
97 31
97 66
97 136
97 208
97 51
97 177
20 114
20 142
20 109
20 69
20 70
20 4
20 218
20 207
20 104
20 155
20 27
20 99
20 182
20 213
20 110
20 179
20 12
20 10
20 202
20 174
20 8
20 82
20 191
20 33
20 79
20 126
20 187
20 108
20 163
20 67
20 205
20 83
20 89
20 190
20 101
20 75
20 72
20 86
20 159
20 34
20 93
20 39
20 47
20 157
20 81
20 123
20 173
20 203
20 76
20 28
20 84
20 199
20 194
20 96
20 25
20 74
20 143
20 183
20 172
20 1
20 119
20 15
20 158
20 140
20 85
20 186
20 116
20 139
20 61
20 91
20 26
20 6
20 11
20 145
20 162
20 217
20 171
20 135
20 92
20 41
20 138
20 100
20 46
20 124
20 115
20 42
20 38
20 77
20 19
20 40
20 181
20 65
20 206
20 60
20 148
20 107
20 168
20 200
20 106
20 197
20 175
20 185
20 122
20 198
20 150
20 102
20 193
20 0
20 45
20 137
20 80
20 176
20 52
20 53
20 169
20 134
20 31
20 66
20 156
20 208
20 51
20 177
20 63
130 114
130 142
130 129
130 109
130 69
130 70
130 4
130 55
130 218
130 207
130 104
130 99
130 182
130 110
130 179
130 10
130 128
130 202
130 2
130 132
130 8
130 82
130 16
130 201
130 191
130 33
130 163
130 67
130 190
130 112
130 101
130 37
130 75
130 86
130 159
130 192
130 39
130 81
130 219
130 123
130 103
130 173
130 90
130 203
130 76
130 28
130 48
130 194
130 127
130 96
130 25
130 74
130 143
130 183
130 1
130 119
130 15
130 186
130 94
130 116
130 61
130 214
130 196
130 26
130 88
130 210
130 165
130 6
130 11
130 145
130 162
130 217
130 171
130 92
130 41
130 209
130 57
130 138
130 100
130 46
130 115
130 42
130 146
130 38
130 77
130 44
130 19
130 40
130 181
130 206
130 167
130 148
130 36
130 107
130 168
130 50
130 73
130 200
130 29
130 106
130 197
130 122
130 198
130 160
130 189
130 150
130 102
130 193
130 0
130 45
130 125
130 137
130 80
130 176
130 87
130 169
130 68
130 66
130 136
130 51
130 63
30 114
30 142
30 129
30 111
30 70
30 55
30 104
30 155
30 27
30 99
30 182
30 120
30 12
30 13
30 10
30 128
30 202
30 174
30 132
30 82
30 49
30 16
30 191
30 33
30 79
30 126
30 187
30 108
30 67
30 205
30 89
30 112
30 37
30 75
30 86
30 159
30 34
30 93
30 81
30 219
30 123
30 166
30 173
30 90
30 203
30 23
30 76
30 199
30 48
30 127
30 96
30 25
30 74
30 143
30 183
30 172
30 1
30 119
30 15
30 140
30 113
30 94
30 139
30 61
30 214
30 196
30 26
30 88
30 210
30 165
30 11
30 145
30 162
30 171
30 92
30 41
30 209
30 58
30 133
30 57
30 100
30 46
30 124
30 115
30 42
30 146
30 38
30 77
30 19
30 181
30 167
30 60
30 148
30 36
30 107
30 50
30 200
30 29
30 106
30 197
30 122
30 198
30 189
30 102
30 0
30 45
30 125
30 141
30 80
30 176
30 53
30 169
30 134
30 68
30 31
30 66
30 136
30 156
30 51
30 177
30 63
114 142
114 109
114 43
114 70
114 4
114 55
114 218
114 216
114 155
114 27
114 99
114 182
114 213
114 110
114 120
114 179
114 12
114 13
114 10
114 2
114 174
114 132
114 49
114 16
114 201
114 191
114 33
114 79
114 215
114 187
114 108
114 67
114 205
114 83
114 89
114 190
114 101
114 37
114 75
114 72
114 159
114 34
114 39
114 47
114 157
114 81
114 219
114 166
114 173
114 90
114 23
114 76
114 28
114 84
114 199
114 48
114 194
114 127
114 7
114 143
114 183
114 172
114 1
114 119
114 140
114 85
114 186
114 116
114 139
114 26
114 88
114 165
114 6
114 11
114 162
114 217
114 41
114 58
114 133
114 57
114 138
114 46
114 115
114 42
114 146
114 38
114 77
114 44
114 19
114 40
114 181
114 65
114 60
114 148
114 107
114 168
114 50
114 200
114 29
114 197
114 175
114 185
114 198
114 160
114 189
114 150
114 102
114 193
114 45
114 125
114 137
114 141
114 80
114 87
114 134
114 68
114 31
114 136
114 156
114 51
114 177
114 63
142 129
142 109
142 69
142 111
142 43
142 218
142 207
142 216
142 155
142 99
142 182
142 213
142 120
142 179
142 13
142 10
142 128
142 202
142 174
142 132
142 8
142 82
142 49
142 16
142 201
142 191
142 33
142 79
142 126
142 215
142 163
142 67
142 205
142 89
142 190
142 101
142 37
142 152
142 72
142 86
142 159
142 34
142 93
142 39
142 47
142 81
142 219
142 123
142 103
142 166
142 173
142 90
142 203
142 23
142 28
142 84
142 199
142 194
142 127
142 96
142 7
142 25
142 74
142 143
142 183
142 172
142 119
142 15
142 158
142 140
142 85
142 113
142 186
142 116
142 139
142 61
142 214
142 196
142 91
142 26
142 165
142 6
142 145
142 162
142 171
142 135
142 41
142 58
142 133
142 57
142 100
142 115
142 42
142 146
142 77
142 19
142 65
142 206
142 167
142 148
142 36
142 107
142 168
142 200
142 29
142 106
142 175
142 198
142 160
142 150
142 193
142 0
142 125
142 137
142 141
142 80
142 53
142 134
142 68
142 31
142 66
142 136
142 156
142 208
142 177
142 63
129 69
129 43
129 4
129 55
129 207
129 216
129 27
129 213
129 120
129 179
129 12
129 13
129 10
129 128
129 2
129 174
129 132
129 8
129 82
129 16
129 191
129 33
129 79
129 126
129 187
129 108
129 163
129 67
129 205
129 83
129 101
129 37
129 75
129 152
129 72
129 159
129 34
129 93
129 192
129 39
129 47
129 81
129 166
129 173
129 203
129 23
129 76
129 28
129 84
129 199
129 48
129 194
129 127
129 96
129 7
129 25
129 183
129 1
129 119
129 15
129 140
129 113
129 186
129 94
129 116
129 61
129 214
129 196
129 91
129 210
129 165
129 217
129 171
129 135
129 92
129 133
129 57
129 138
129 100
129 46
129 115
129 42
129 146
129 38
129 77
129 44
129 19
129 181
129 65
129 206
129 60
129 148
129 36
129 107
129 50
129 73
129 29
129 106
129 197
129 185
129 122
129 198
129 160
129 189
129 150
129 102
129 193
129 0
129 125
129 137
129 141
129 176
129 52
129 169
129 134
129 68
129 31
129 66
129 136
129 156
129 208
129 51
129 177
109 111
109 70
109 218
109 207
109 104
109 27
109 99
109 182
109 213
109 179
109 12
109 13
109 10
109 128
109 2
109 174
109 132
109 8
109 16
109 201
109 191
109 33
109 79
109 187
109 108
109 163
109 67
109 205
109 83
109 89
109 112
109 101
109 37
109 75
109 152
109 86
109 34
109 93
109 192
109 39
109 47
109 219
109 123
109 103
109 166
109 173
109 23
109 28
109 84
109 199
109 48
109 127
109 96
109 7
109 25
109 74
109 1
109 119
109 140
109 85
109 139
109 61
109 196
109 91
109 26
109 88
109 6
109 11
109 145
109 171
109 209
109 133
109 138
109 124
109 42
109 38
109 44
109 19
109 40
109 181
109 65
109 167
109 148
109 36
109 107
109 168
109 50
109 73
109 200
109 29
109 198
109 102
109 193
109 0
109 137
109 141
109 53
109 169
109 68
109 31
109 66
109 156
109 208
109 63
69 111
69 43
69 70
69 4
69 207
69 104
69 216
69 27
69 182
69 213
69 120
69 179
69 12
69 13
69 128
69 2
69 174
69 132
69 8
69 49
69 16
69 33
69 126
69 215
69 187
69 108
69 163
69 67
69 205
69 83
69 89
69 112
69 101
69 37
69 152
69 72
69 159
69 34
69 93
69 192
69 47
69 157
69 81
69 219
69 103
69 166
69 173
69 90
69 23
69 84
69 199
69 48
69 127
69 96
69 25
69 74
69 183
69 172
69 15
69 158
69 140
69 85
69 113
69 186
69 94
69 116
69 139
69 61
69 214
69 196
69 91
69 26
69 88
69 165
69 11
69 145
69 162
69 135
69 92
69 209
69 58
69 57
69 138
69 100
69 124
69 115
69 42
69 77
69 44
69 19
69 40
69 181
69 65
69 167
69 60
69 148
69 107
69 50
69 73
69 200
69 29
69 106
69 175
69 122
69 160
69 189
69 150
69 193
69 0
69 125
69 80
69 176
69 52
69 53
69 169
69 68
69 31
69 136
69 156
69 208
69 177
69 63
111 43
111 70
111 4
111 55
111 218
111 104
111 216
111 155
111 27
111 99
111 182
111 213
111 120
111 12
111 13
111 10
111 174
111 132
111 82
111 49
111 16
111 201
111 191
111 79
111 215
111 187
111 108
111 163
111 67
111 205
111 83
111 89
111 190
111 37
111 75
111 152
111 72
111 86
111 34
111 93
111 192
111 157
111 81
111 219
111 123
111 103
111 166
111 90
111 203
111 76
111 28
111 199
111 194
111 7
111 143
111 183
111 1
111 119
111 15
111 140
111 85
111 113
111 186
111 116
111 139
111 61
111 91
111 88
111 165
111 6
111 145
111 162
111 217
111 171
111 135
111 92
111 41
111 209
111 58
111 57
111 138
111 100
111 46
111 124
111 115
111 42
111 146
111 38
111 77
111 44
111 19
111 40
111 65
111 206
111 167
111 60
111 148
111 36
111 107
111 168
111 50
111 200
111 29
111 175
111 185
111 198
111 160
111 189
111 150
111 193
111 0
111 137
111 141
111 80
111 176
111 87
111 134
111 68
111 31
111 66
111 208
111 177
111 63
43 70
43 55
43 218
43 207
43 104
43 216
43 27
43 182
43 213
43 120
43 179
43 13
43 10
43 128
43 202
43 174
43 132
43 49
43 16
43 33
43 79
43 187
43 108
43 89
43 190
43 112
43 101
43 37
43 152
43 86
43 159
43 34
43 93
43 192
43 39
43 47
43 157
43 123
43 103
43 166
43 173
43 90
43 203
43 23
43 76
43 28
43 84
43 199
43 194
43 127
43 7
43 74
43 143
43 183
43 172
43 1
43 15
43 158
43 140
43 113
43 186
43 116
43 139
43 61
43 214
43 196
43 26
43 88
43 210
43 165
43 6
43 11
43 145
43 162
43 171
43 135
43 92
43 58
43 57
43 138
43 100
43 46
43 42
43 146
43 38
43 19
43 40
43 181
43 206
43 167
43 60
43 148
43 36
43 107
43 168
43 50
43 29
43 106
43 185
43 189
43 150
43 102
43 193
43 0
43 45
43 137
43 141
43 80
43 176
43 53
43 169
43 31
43 66
43 156
43 208
43 51
43 177
70 207
70 104
70 216
70 155
70 27
70 182
70 213
70 110
70 120
70 179
70 12
70 13
70 128
70 202
70 2
70 174
70 132
70 8
70 82
70 16
70 191
70 79
70 126
70 215
70 163
70 205
70 83
70 89
70 112
70 101
70 75
70 86
70 159
70 34
70 93
70 192
70 39
70 47
70 219
70 103
70 90
70 203
70 23
70 76
70 28
70 84
70 199
70 194
70 127
70 96
70 25
70 183
70 1
70 119
70 15
70 140
70 113
70 186
70 94
70 116
70 139
70 61
70 196
70 91
70 88
70 210
70 165
70 6
70 11
70 145
70 162
70 217
70 171
70 92
70 209
70 58
70 138
70 100
70 46
70 146
70 38
70 44
70 19
70 40
70 65
70 206
70 148
70 36
70 73
70 200
70 29
70 175
70 185
70 122
70 160
70 189
70 102
70 193
70 0
70 45
70 137
70 87
70 53
70 68
70 31
70 66
70 136
70 208
70 51
70 63
4 207
4 155
4 99
4 182
4 110
4 120
4 179
4 12
4 13
4 10
4 128
4 174
4 8
4 82
4 16
4 201
4 191
4 33
4 126
4 215
4 187
4 108
4 163
4 205
4 83
4 89
4 190
4 75
4 152
4 86
4 159
4 34
4 93
4 192
4 39
4 157
4 81
4 219
4 123
4 166
4 90
4 203
4 76
4 28
4 48
4 127
4 96
4 7
4 74
4 143
4 183
4 172
4 119
4 158
4 140
4 85
4 94
4 116
4 139
4 214
4 196
4 91
4 210
4 165
4 6
4 145
4 162
4 135
4 41
4 209
4 133
4 57
4 100
4 124
4 115
4 42
4 146
4 38
4 77
4 44
4 40
4 181
4 65
4 60
4 148
4 36
4 107
4 168
4 50
4 73
4 106
4 197
4 175
4 185
4 122
4 198
4 160
4 150
4 0
4 137
4 141
4 176
4 52
4 87
4 53
4 169
4 134
4 68
4 31
4 136
4 156
4 51
4 177
4 63
55 218
55 207
55 216
55 155
55 182
55 213
55 110
55 179
55 13
55 128
55 202
55 2
55 174
55 132
55 82
55 49
55 16
55 191
55 33
55 79
55 126
55 215
55 163
55 67
55 205
55 83
55 89
55 190
55 37
55 75
55 152
55 72
55 86
55 159
55 34
55 157
55 123
55 103
55 166
55 173
55 90
55 203
55 23
55 76
55 28
55 84
55 199
55 48
55 194
55 96
55 7
55 25
55 74
55 143
55 183
55 172
55 15
55 158
55 140
55 85
55 113
55 186
55 94
55 139
55 214
55 91
55 26
55 88
55 210
55 165
55 145
55 162
55 217
55 171
55 135
55 41
55 209
55 58
55 57
55 100
55 46
55 115
55 42
55 146
55 77
55 44
55 19
55 40
55 65
55 167
55 60
55 148
55 36
55 107
55 168
55 50
55 73
55 200
55 29
55 106
55 197
55 175
55 185
55 122
55 160
55 189
55 150
55 102
55 193
55 0
55 125
55 141
55 80
55 176
55 52
55 53
55 169
55 134
55 66
55 208
55 51
55 177
55 63
218 207
218 104
218 216
218 27
218 99
218 110
218 120
218 179
218 12
218 10
218 128
218 202
218 2
218 174
218 132
218 8
218 82
218 16
218 201
218 33
218 79
218 126
218 215
218 108
218 205
218 89
218 190
218 112
218 37
218 75
218 152
218 72
218 86
218 159
218 34
218 192
218 39
218 47
218 157
218 81
218 219
218 123
218 166
218 90
218 203
218 76
218 28
218 84
218 48
218 194
218 74
218 143
218 183
218 1
218 15
218 158
218 140
218 113
218 186
218 61
218 214
218 196
218 91
218 26
218 88
218 210
218 165
218 11
218 145
218 162
218 217
218 135
218 41
218 58
218 133
218 57
218 138
218 46
218 124
218 115
218 146
218 38
218 77
218 44
218 40
218 181
218 65
218 206
218 167
218 60
218 148
218 36
218 168
218 50
218 200
218 29
218 197
218 175
218 189
218 150
218 102
218 193
218 0
218 45
218 125
218 137
218 141
218 80
218 176
218 52
218 87
218 53
218 169
218 134
218 68
218 66
218 136
218 156
218 208
207 216
207 155
207 27
207 99
207 182
207 213
207 110
207 120
207 179
207 12
207 13
207 128
207 2
207 174
207 132
207 49
207 16
207 191
207 33
207 126
207 187
207 163
207 67
207 205
207 83
207 89
207 190
207 112
207 86
207 159
207 34
207 192
207 39
207 47
207 157
207 123
207 103
207 166
207 173
207 90
207 203
207 84
207 48
207 96
207 25
207 183
207 172
207 1
207 158
207 113
207 186
207 116
207 139
207 61
207 196
207 91
207 26
207 165
207 6
207 11
207 145
207 162
207 217
207 171
207 92
207 41
207 209
207 58
207 57
207 138
207 100
207 46
207 124
207 115
207 77
207 44
207 181
207 206
207 167
207 60
207 148
207 107
207 168
207 50
207 73
207 200
207 29
207 197
207 175
207 185
207 160
207 189
207 102
207 0
207 45
207 125
207 141
207 80
207 176
207 52
207 53
207 134
207 68
207 31
207 66
207 156
207 208
207 51
207 177
104 216
104 155
104 27
104 99
104 182
104 213
104 110
104 120
104 179
104 13
104 10
104 128
104 202
104 2
104 132
104 82
104 49
104 16
104 201
104 191
104 33
104 79
104 126
104 215
104 187
104 108
104 163
104 67
104 205
104 83
104 190
104 112
104 101
104 37
104 152
104 159
104 34
104 93
104 192
104 39
104 47
104 81
104 219
104 166
104 173
104 90
104 203
104 23
104 28
104 48
104 194
104 96
104 7
104 25
104 74
104 143
104 1
104 15
104 158
104 140
104 85
104 113
104 186
104 94
104 116
104 139
104 214
104 196
104 91
104 88
104 210
104 165
104 6
104 11
104 145
104 162
104 217
104 171
104 92
104 41
104 209
104 58
104 57
104 138
104 46
104 124
104 115
104 42
104 146
104 38
104 44
104 40
104 181
104 65
104 167
104 60
104 148
104 36
104 107
104 168
104 50
104 29
104 106
104 197
104 175
104 185
104 198
104 189
104 102
104 0
104 45
104 125
104 141
104 80
104 52
104 87
104 169
104 134
104 68
104 31
104 136
104 208
104 177
104 63
216 155
216 99
216 182
216 120
216 179
216 12
216 13
216 10
216 128
216 2
216 132
216 8
216 49
216 16
216 201
216 191
216 33
216 79
216 126
216 215
216 187
216 108
216 163
216 67
216 205
216 83
216 89
216 190
216 112
216 75
216 152
216 72
216 86
216 34
216 192
216 39
216 81
216 123
216 103
216 173
216 90
216 23
216 28
216 84
216 199
216 194
216 96
216 7
216 25
216 74
216 143
216 183
216 1
216 119
216 15
216 158
216 140
216 85
216 113
216 94
216 139
216 61
216 214
216 26
216 210
216 165
216 6
216 145
216 162
216 217
216 171
216 92
216 41
216 209
216 58
216 133
216 57
216 100
216 46
216 124
216 115
216 42
216 38
216 77
216 44
216 19
216 181
216 65
216 206
216 167
216 107
216 50
216 73
216 200
216 29
216 106
216 175
216 185
216 198
216 160
216 189
216 150
216 102
216 0
216 125
216 141
216 80
216 176
216 52
216 87
216 53
216 134
216 136
216 156
216 208
216 51
216 177
216 63
155 99
155 213
155 110
155 120
155 179
155 12
155 13
155 174
155 8
155 82
155 49
155 16
155 201
155 191
155 33
155 79
155 126
155 187
155 108
155 83
155 89
155 190
155 101
155 37
155 75
155 152
155 86
155 34
155 93
155 192
155 39
155 47
155 157
155 81
155 219
155 123
155 103
155 166
155 173
155 203
155 76
155 28
155 84
155 199
155 48
155 127
155 7
155 25
155 74
155 143
155 183
155 1
155 119
155 15
155 158
155 140
155 85
155 113
155 186
155 94
155 139
155 61
155 196
155 91
155 26
155 88
155 165
155 6
155 11
155 145
155 162
155 217
155 171
155 135
155 92
155 133
155 138
155 100
155 46
155 124
155 38
155 77
155 44
155 181
155 65
155 206
155 167
155 36
155 107
155 168
155 50
155 73
155 200
155 197
155 175
155 198
155 189
155 150
155 102
155 193
155 0
155 125
155 141
155 80
155 176
155 87
155 53
155 169
155 68
155 31
155 66
155 156
155 208
155 51
155 177
27 99
27 213
27 110
27 179
27 12
27 13
27 10
27 128
27 202
27 2
27 174
27 132
27 82
27 49
27 201
27 33
27 126
27 215
27 187
27 108
27 205
27 83
27 190
27 112
27 101
27 37
27 75
27 152
27 72
27 159
27 47
27 157
27 81
27 219
27 123
27 103
27 166
27 173
27 90
27 203
27 23
27 76
27 28
27 199
27 48
27 194
27 127
27 96
27 7
27 25
27 143
27 183
27 119
27 158
27 140
27 113
27 94
27 116
27 139
27 214
27 196
27 91
27 26
27 88
27 210
27 165
27 6
27 11
27 145
27 162
27 217
27 171
27 135
27 92
27 41
27 58
27 133
27 138
27 46
27 124
27 115
27 38
27 77
27 44
27 40
27 181
27 65
27 206
27 60
27 107
27 168
27 50
27 73
27 200
27 106
27 197
27 175
27 185
27 198
27 189
27 150
27 102
27 193
27 0
27 45
27 125
27 137
27 141
27 52
27 87
27 169
27 66
27 156
27 208
27 177
27 63
99 213
99 120
99 179
99 12
99 13
99 10
99 128
99 202
99 2
99 174
99 8
99 82
99 49
99 16
99 201
99 33
99 79
99 126
99 187
99 108
99 163
99 205
99 83
99 89
99 190
99 112
99 101
99 37
99 75
99 152
99 72
99 86
99 159
99 34
99 93
99 192
99 39
99 157
99 81
99 219
99 103
99 173
99 203
99 23
99 76
99 28
99 84
99 194
99 96
99 7
99 25
99 74
99 183
99 119
99 15
99 158
99 140
99 85
99 113
99 186
99 94
99 116
99 214
99 196
99 26
99 210
99 165
99 6
99 11
99 145
99 162
99 217
99 135
99 92
99 41
99 58
99 57
99 138
99 100
99 124
99 42
99 146
99 38
99 77
99 40
99 181
99 65
99 206
99 167
99 60
99 107
99 73
99 200
99 106
99 160
99 189
99 150
99 193
99 0
99 45
99 125
99 137
99 141
99 52
99 53
99 169
99 134
99 68
99 31
99 66
99 136
99 156
99 51
99 177
99 63
182 110
182 120
182 179
182 12
182 10
182 128
182 2
182 132
182 8
182 16
182 201
182 191
182 33
182 79
182 126
182 215
182 67
182 83
182 190
182 101
182 75
182 152
182 72
182 86
182 93
182 47
182 157
182 219
182 103
182 166
182 173
182 90
182 203
182 23
182 76
182 84
182 48
182 194
182 96
182 7
182 25
182 74
182 143
182 172
182 1
182 119
182 158
182 140
182 186
182 94
182 116
182 139
182 61
182 26
182 162
182 217
182 171
182 92
182 41
182 133
182 138
182 100
182 124
182 115
182 146
182 38
182 44
182 65
182 206
182 167
182 148
182 107
182 168
182 50
182 73
182 29
182 106
182 175
182 185
182 122
182 189
182 150
182 102
182 0
182 125
182 137
182 141
182 80
182 176
182 52
182 87
182 53
182 169
182 134
182 31
182 66
182 156
182 208
182 63
213 110
213 120
213 12
213 13
213 202
213 2
213 174
213 8
213 49
213 191
213 33
213 126
213 215
213 187
213 108
213 163
213 67
213 205
213 83
213 190
213 112
213 101
213 75
213 152
213 72
213 86
213 159
213 34
213 93
213 39
213 47
213 219
213 123
213 103
213 173
213 203
213 76
213 84
213 48
213 194
213 127
213 7
213 25
213 1
213 119
213 15
213 158
213 85
213 186
213 139
213 61
213 196
213 91
213 26
213 210
213 165
213 145
213 162
213 217
213 171
213 92
213 209
213 58
213 133
213 57
213 100
213 124
213 115
213 42
213 146
213 38
213 77
213 19
213 40
213 181
213 65
213 206
213 167
213 148
213 107
213 168
213 200
213 29
213 106
213 197
213 185
213 198
213 189
213 102
213 193
213 0
213 45
213 125
213 141
213 80
213 176
213 52
213 87
213 53
213 169
213 134
213 68
213 31
213 66
213 136
213 156
213 51
213 177
213 63
110 120
110 12
110 128
110 202
110 174
110 82
110 49
110 16
110 201
110 191
110 33
110 79
110 215
110 187
110 108
110 67
110 205
110 190
110 112
110 101
110 37
110 75
110 152
110 86
110 159
110 34
110 93
110 39
110 47
110 157
110 81
110 219
110 123
110 103
110 90
110 203
110 23
110 76
110 199
110 48
110 127
110 96
110 7
110 74
110 183
110 172
110 119
110 15
110 140
110 85
110 94
110 116
110 139
110 214
110 196
110 26
110 88
110 6
110 162
110 135
110 92
110 41
110 209
110 133
110 57
110 138
110 100
110 124
110 115
110 42
110 146
110 38
110 77
110 44
110 19
110 181
110 65
110 206
110 167
110 60
110 36
110 107
110 200
110 29
110 106
110 197
110 175
110 122
110 160
110 189
110 150
110 102
110 193
110 0
110 125
110 137
110 176
110 52
110 169
110 66
110 136
110 156
110 177
110 63
120 179
120 12
120 13
120 10
120 128
120 2
120 174
120 132
120 82
120 16
120 191
120 33
120 79
120 215
120 163
120 67
120 205
120 83
120 89
120 190
120 37
120 75
120 72
120 159
120 34
120 93
120 192
120 39
120 47
120 157
120 81
120 219
120 123
120 103
120 173
120 203
120 23
120 76
120 28
120 48
120 194
120 25
120 74
120 143
120 183
120 172
120 1
120 119
120 158
120 140
120 85
120 94
120 116
120 139
120 61
120 196
120 91
120 26
120 88
120 210
120 11
120 145
120 162
120 217
120 171
120 135
120 92
120 41
120 209
120 58
120 57
120 100
120 115
120 42
120 146
120 38
120 77
120 19
120 40
120 65
120 206
120 107
120 168
120 50
120 73
120 106
120 175
120 122
120 198
120 189
120 102
120 0
120 45
120 125
120 80
120 52
120 53
120 169
120 134
120 68
120 31
120 66
120 156
120 208
120 177
179 13
179 10
179 202
179 2
179 174
179 8
179 82
179 49
179 201
179 79
179 126
179 215
179 187
179 67
179 205
179 190
179 112
179 101
179 37
179 75
179 86
179 159
179 34
179 93
179 192
179 157
179 219
179 103
179 166
179 173
179 90
179 203
179 76
179 84
179 48
179 194
179 127
179 96
179 25
179 74
179 183
179 172
179 119
179 15
179 113
179 186
179 94
179 116
179 61
179 91
179 26
179 88
179 210
179 165
179 6
179 145
179 217
179 171
179 135
179 92
179 41
179 209
179 58
179 133
179 57
179 138
179 100
179 46
179 124
179 115
179 146
179 77
179 206
179 148
179 36
179 107
179 50
179 73
179 200
179 29
179 106
179 197
179 185
179 122
179 189
179 150
179 193
179 0
179 45
179 137
179 141
179 80
179 176
179 52
179 87
179 53
179 169
179 134
179 31
179 136
179 156
179 208
179 51
179 177
179 63
12 13
12 128
12 202
12 2
12 132
12 8
12 82
12 49
12 16
12 201
12 191
12 33
12 79
12 126
12 215
12 187
12 108
12 163
12 83
12 89
12 190
12 112
12 101
12 75
12 152
12 72
12 86
12 159
12 34
12 93
12 47
12 157
12 219
12 123
12 103
12 173
12 203
12 23
12 76
12 28
12 84
12 199
12 48
12 127
12 96
12 7
12 74
12 143
12 172
12 15
12 158
12 186
12 94
12 116
12 139
12 61
12 214
12 196
12 91
12 26
12 88
12 210
12 165
12 11
12 145
12 162
12 217
12 171
12 92
12 41
12 209
12 58
12 133
12 57
12 138
12 100
12 42
12 146
12 44
12 19
12 40
12 181
12 206
12 167
12 36
12 168
12 200
12 29
12 197
12 175
12 185
12 122
12 198
12 160
12 189
12 102
12 193
12 137
12 141
12 52
12 87
12 169
12 134
12 68
12 66
12 136
12 156
12 208
12 51
12 63
13 10
13 128
13 202
13 174
13 132
13 8
13 49
13 16
13 201
13 191
13 33
13 79
13 187
13 163
13 205
13 89
13 190
13 37
13 72
13 159
13 93
13 192
13 47
13 157
13 219
13 166
13 90
13 203
13 23
13 76
13 28
13 199
13 127
13 7
13 25
13 74
13 183
13 172
13 1
13 119
13 15
13 158
13 140
13 85
13 113
13 186
13 214
13 91
13 88
13 210
13 145
13 217
13 171
13 135
13 92
13 209
13 58
13 133
13 100
13 46
13 124
13 115
13 38
13 44
13 19
13 40
13 181
13 60
13 148
13 168
13 50
13 73
13 29
13 106
13 197
13 175
13 185
13 122
13 198
13 189
13 150
13 102
13 0
13 45
13 137
13 80
13 176
13 52
13 53
13 134
13 156
13 208
13 177
13 63
10 202
10 174
10 132
10 8
10 82
10 49
10 16
10 201
10 191
10 33
10 79
10 126
10 215
10 187
10 108
10 163
10 205
10 83
10 89
10 101
10 37
10 152
10 86
10 159
10 39
10 219
10 123
10 166
10 173
10 90
10 203
10 76
10 28
10 199
10 48
10 194
10 127
10 96
10 7
10 25
10 74
10 143
10 183
10 172
10 1
10 15
10 140
10 85
10 113
10 186
10 94
10 139
10 61
10 196
10 91
10 26
10 88
10 210
10 6
10 11
10 162
10 171
10 135
10 92
10 41
10 209
10 58
10 57
10 138
10 100
10 46
10 42
10 38
10 77
10 44
10 40
10 181
10 65
10 206
10 60
10 148
10 36
10 107
10 168
10 50
10 200
10 29
10 197
10 175
10 185
10 122
10 198
10 189
10 150
10 193
10 0
10 45
10 137
10 141
10 80
10 176
10 52
10 87
10 53
10 169
10 68
10 66
10 136
10 156
10 208
10 51
10 63
128 174
128 132
128 82
128 49
128 16
128 201
128 33
128 79
128 215
128 163
128 205
128 190
128 112
128 101
128 37
128 75
128 152
128 86
128 159
128 34
128 93
128 192
128 39
128 47
128 157
128 81
128 123
128 166
128 173
128 90
128 203
128 23
128 28
128 48
128 194
128 127
128 96
128 7
128 25
128 74
128 143
128 172
128 1
128 119
128 15
128 158
128 113
128 186
128 116
128 196
128 91
128 26
128 210
128 165
128 6
128 11
128 145
128 162
128 217
128 135
128 41
128 209
128 133
128 138
128 46
128 124
128 115
128 42
128 38
128 77
128 44
128 40
128 181
128 65
128 206
128 60
128 168
128 50
128 73
128 197
128 175
128 185
128 198
128 189
128 150
128 193
128 0
128 45
128 125
128 141
128 80
128 87
128 68
128 31
128 66
128 136
128 156
128 208
128 51
128 177
128 63
202 174
202 8
202 82
202 201
202 33
202 79
202 215
202 187
202 108
202 163
202 67
202 83
202 190
202 101
202 37
202 72
202 86
202 34
202 93
202 192
202 39
202 47
202 81
202 219
202 123
202 103
202 166
202 173
202 203
202 23
202 76
202 28
202 84
202 48
202 194
202 127
202 96
202 7
202 143
202 183
202 172
202 1
202 15
202 140
202 113
202 94
202 61
202 91
202 26
202 88
202 210
202 11
202 162
202 135
202 41
202 57
202 100
202 46
202 124
202 42
202 146
202 38
202 77
202 44
202 19
202 40
202 181
202 167
202 60
202 148
202 36
202 168
202 50
202 200
202 106
202 175
202 198
202 160
202 193
202 125
202 137
202 141
202 80
202 176
202 52
202 87
202 53
202 169
202 31
202 66
202 156
202 208
202 63
2 174
2 8
2 82
2 49
2 16
2 33
2 79
2 126
2 215
2 187
2 163
2 67
2 205
2 83
2 89
2 190
2 112
2 152
2 86
2 93
2 192
2 47
2 157
2 103
2 166
2 173
2 203
2 84
2 199
2 48
2 194
2 127
2 96
2 7
2 25
2 143
2 183
2 172
2 119
2 15
2 158
2 140
2 85
2 113
2 94
2 116
2 61
2 214
2 196
2 26
2 88
2 165
2 6
2 11
2 145
2 162
2 217
2 171
2 92
2 41
2 209
2 58
2 133
2 57
2 100
2 115
2 42
2 146
2 38
2 77
2 44
2 19
2 181
2 206
2 167
2 60
2 148
2 107
2 168
2 73
2 29
2 106
2 175
2 198
2 160
2 189
2 150
2 0
2 45
2 137
2 141
2 80
2 176
2 169
2 134
2 66
2 208
2 51
2 177
2 63
174 132
174 8
174 82
174 49
174 201
174 79
174 215
174 187
174 108
174 163
174 67
174 205
174 83
174 89
174 112
174 101
174 75
174 72
174 86
174 159
174 34
174 192
174 47
174 157
174 219
174 123
174 103
174 166
174 203
174 23
174 76
174 28
174 199
174 48
174 127
174 74
174 143
174 183
174 1
174 119
174 15
174 158
174 140
174 113
174 186
174 139
174 61
174 214
174 196
174 91
174 26
174 88
174 210
174 165
174 11
174 145
174 217
174 171
174 135
174 92
174 209
174 133
174 57
174 100
174 46
174 124
174 115
174 42
174 38
174 77
174 19
174 40
174 181
174 65
174 206
174 167
174 148
174 36
174 107
174 168
174 73
174 200
174 106
174 198
174 160
174 189
174 150
174 102
174 193
174 0
174 45
174 125
174 137
174 141
174 80
174 176
174 52
174 53
174 169
174 134
174 68
174 31
174 66
174 136
174 51
174 63
132 8
132 82
132 49
132 16
132 191
132 33
132 215
132 187
132 108
132 163
132 67
132 205
132 89
132 190
132 112
132 37
132 152
132 72
132 86
132 159
132 93
132 192
132 39
132 47
132 157
132 81
132 123
132 103
132 166
132 173
132 203
132 23
132 84
132 199
132 48
132 194
132 7
132 25
132 183
132 1
132 15
132 158
132 140
132 85
132 113
132 186
132 94
132 116
132 139
132 214
132 26
132 210
132 165
132 6
132 145
132 162
132 171
132 135
132 41
132 209
132 58
132 133
132 57
132 46
132 124
132 115
132 42
132 146
132 38
132 77
132 19
132 40
132 181
132 65
132 167
132 60
132 36
132 107
132 50
132 200
132 106
132 175
132 185
132 122
132 198
132 160
132 189
132 150
132 193
132 0
132 45
132 125
132 141
132 80
132 176
132 53
132 169
132 31
132 136
132 156
132 208
132 51
8 49
8 16
8 201
8 191
8 33
8 126
8 187
8 108
8 163
8 67
8 205
8 89
8 190
8 112
8 101
8 75
8 152
8 72
8 86
8 34
8 93
8 157
8 219
8 123
8 166
8 173
8 90
8 23
8 84
8 199
8 48
8 194
8 7
8 25
8 1
8 140
8 85
8 113
8 186
8 94
8 116
8 139
8 214
8 196
8 26
8 88
8 210
8 6
8 11
8 145
8 217
8 171
8 92
8 209
8 58
8 133
8 57
8 138
8 100
8 46
8 124
8 115
8 42
8 38
8 44
8 19
8 206
8 167
8 60
8 148
8 36
8 107
8 168
8 50
8 73
8 29
8 106
8 175
8 185
8 160
8 189
8 150
8 45
8 137
8 141
8 52
8 53
8 169
8 134
8 31
8 66
8 156
8 177
8 63
82 49
82 16
82 201
82 191
82 33
82 79
82 215
82 187
82 163
82 83
82 190
82 112
82 101
82 37
82 75
82 152
82 72
82 86
82 159
82 34
82 93
82 192
82 39
82 47
82 81
82 219
82 123
82 103
82 166
82 173
82 90
82 203
82 23
82 76
82 28
82 84
82 199
82 48
82 194
82 74
82 143
82 183
82 172
82 1
82 119
82 15
82 158
82 186
82 94
82 61
82 26
82 165
82 6
82 11
82 145
82 171
82 135
82 92
82 41
82 209
82 58
82 57
82 138
82 124
82 115
82 146
82 38
82 19
82 40
82 65
82 206
82 167
82 148
82 36
82 29
82 106
82 122
82 198
82 160
82 102
82 193
82 0
82 45
82 125
82 137
82 141
82 52
82 87
82 169
82 134
82 68
82 208
82 51
82 177
49 201
49 191
49 33
49 126
49 215
49 187
49 163
49 67
49 205
49 83
49 89
49 190
49 112
49 101
49 37
49 75
49 152
49 86
49 34
49 93
49 39
49 47
49 157
49 219
49 103
49 203
49 23
49 76
49 28
49 84
49 194
49 127
49 96
49 74
49 143
49 172
49 1
49 119
49 15
49 140
49 85
49 113
49 186
49 94
49 116
49 214
49 196
49 91
49 26
49 88
49 165
49 11
49 145
49 162
49 171
49 135
49 92
49 209
49 58
49 133
49 57
49 138
49 46
49 124
49 115
49 146
49 38
49 77
49 40
49 181
49 65
49 206
49 167
49 60
49 168
49 50
49 73
49 200
49 29
49 106
49 197
49 185
49 122
49 102
49 193
49 0
49 45
49 80
49 52
49 87
49 53
49 169
49 134
49 68
49 31
49 66
49 136
49 208
49 51
49 177
49 63
16 191
16 33
16 79
16 126
16 215
16 163
16 67
16 205
16 89
16 190
16 112
16 37
16 152
16 72
16 86
16 93
16 39
16 47
16 157
16 81
16 219
16 123
16 103
16 166
16 173
16 90
16 203
16 23
16 76
16 84
16 199
16 48
16 194
16 127
16 96
16 7
16 25
16 183
16 172
16 15
16 158
16 186
16 116
16 139
16 61
16 196
16 88
16 165
16 6
16 11
16 162
16 217
16 135
16 92
16 41
16 209
16 133
16 57
16 138
16 100
16 46
16 115
16 38
16 77
16 44
16 19
16 40
16 181
16 65
16 167
16 60
16 36
16 107
16 168
16 73
16 29
16 106
16 197
16 185
16 122
16 198
16 189
16 102
16 193
16 45
16 137
16 141
16 80
16 176
16 52
16 87
16 53
16 169
16 134
16 68
16 66
16 136
16 156
16 208
16 51
16 177
201 191
201 33
201 126
201 187
201 108
201 67
201 83
201 89
201 190
201 112
201 101
201 37
201 75
201 72
201 86
201 159
201 34
201 93
201 192
201 39
201 47
201 81
201 219
201 123
201 103
201 166
201 173
201 90
201 203
201 23
201 28
201 199
201 48
201 194
201 127
201 74
201 143
201 183
201 172
201 119
201 15
201 158
201 140
201 85
201 186
201 94
201 116
201 139
201 61
201 214
201 196
201 91
201 26
201 210
201 6
201 11
201 162
201 217
201 171
201 41
201 209
201 58
201 133
201 100
201 46
201 124
201 115
201 77
201 44
201 19
201 181
201 65
201 206
201 167
201 60
201 107
201 168
201 50
201 200
201 29
201 106
201 185
201 122
201 198
201 160
201 189
201 193
201 0
201 45
201 125
201 137
201 87
201 53
201 169
201 134
201 68
201 31
201 66
201 136
201 156
201 208
201 51
201 177
201 63
191 79
191 126
191 187
191 108
191 67
191 205
191 89
191 190
191 112
191 101
191 37
191 75
191 152
191 159
191 93
191 192
191 39
191 47
191 81
191 219
191 123
191 103
191 166
191 173
191 203
191 23
191 76
191 84
191 48
191 194
191 127
191 96
191 25
191 74
191 143
191 183
191 172
191 1
191 119
191 158
191 140
191 85
191 186
191 94
191 139
191 61
191 91
191 26
191 88
191 210
191 6
191 162
191 171
191 135
191 92
191 41
191 209
191 57
191 138
191 100
191 46
191 124
191 115
191 146
191 38
191 44
191 19
191 65
191 206
191 167
191 60
191 148
191 36
191 168
191 73
191 200
191 106
191 175
191 185
191 198
191 189
191 102
191 45
191 137
191 141
191 80
191 176
191 52
191 87
191 169
191 134
191 66
191 136
191 156
191 208
191 51
191 177
191 63
33 79
33 126
33 187
33 108
33 163
33 67
33 205
33 83
33 190
33 101
33 75
33 72
33 86
33 159
33 34
33 93
33 192
33 39
33 157
33 81
33 103
33 173
33 90
33 203
33 76
33 28
33 84
33 199
33 127
33 96
33 7
33 25
33 143
33 172
33 119
33 15
33 158
33 140
33 85
33 113
33 186
33 94
33 116
33 61
33 214
33 196
33 91
33 210
33 165
33 6
33 145
33 162
33 217
33 171
33 92
33 41
33 58
33 133
33 138
33 100
33 46
33 124
33 42
33 38
33 77
33 44
33 181
33 206
33 167
33 148
33 36
33 107
33 50
33 106
33 197
33 175
33 185
33 122
33 150
33 193
33 0
33 45
33 137
33 141
33 80
33 176
33 52
33 87
33 53
33 169
33 68
33 31
33 66
33 136
33 63
79 126
79 215
79 205
79 83
79 89
79 190
79 112
79 86
79 159
79 34
79 192
79 47
79 157
79 81
79 123
79 103
79 166
79 173
79 90
79 203
79 76
79 28
79 84
79 199
79 194
79 127
79 96
79 7
79 25
79 74
79 143
79 183
79 172
79 1
79 119
79 15
79 140
79 85
79 186
79 94
79 116
79 139
79 61
79 214
79 196
79 91
79 26
79 88
79 210
79 6
79 11
79 145
79 162
79 217
79 171
79 135
79 92
79 41
79 58
79 133
79 57
79 46
79 124
79 115
79 38
79 77
79 44
79 19
79 40
79 181
79 65
79 167
79 36
79 168
79 73
79 200
79 29
79 197
79 185
79 198
79 150
79 102
79 45
79 137
79 141
79 80
79 176
79 169
79 134
79 31
79 136
79 208
79 51
79 177
79 63
126 108
126 67
126 205
126 83
126 89
126 112
126 152
126 72
126 86
126 159
126 93
126 192
126 39
126 47
126 157
126 81
126 219
126 123
126 103
126 173
126 90
126 23
126 28
126 199
126 48
126 194
126 127
126 96
126 7
126 25
126 74
126 143
126 172
126 1
126 119
126 15
126 158
126 140
126 113
126 186
126 94
126 116
126 139
126 61
126 196
126 88
126 210
126 165
126 11
126 162
126 171
126 92
126 41
126 209
126 58
126 57
126 100
126 46
126 124
126 42
126 146
126 38
126 77
126 19
126 181
126 65
126 206
126 167
126 168
126 50
126 200
126 29
126 106
126 175
126 185
126 122
126 198
126 160
126 150
126 102
126 193
126 125
126 137
126 141
126 80
126 52
126 87
126 68
126 136
126 51
126 177
126 63
215 187
215 67
215 205
215 83
215 89
215 190
215 112
215 101
215 37
215 152
215 72
215 86
215 159
215 34
215 192
215 47
215 157
215 123
215 103
215 173
215 90
215 203
215 76
215 28
215 48
215 194
215 96
215 143
215 172
215 15
215 158
215 113
215 186
215 94
215 116
215 139
215 214
215 196
215 91
215 26
215 88
215 210
215 165
215 6
215 11
215 135
215 41
215 138
215 100
215 46
215 115
215 42
215 146
215 77
215 44
215 19
215 40
215 206
215 167
215 60
215 36
215 107
215 168
215 50
215 73
215 200
215 29
215 106
215 197
215 122
215 189
215 150
215 102
215 193
215 0
215 137
215 141
215 80
215 176
215 52
215 87
215 31
215 156
215 208
215 51
215 177
215 63
187 108
187 163
187 67
187 83
187 112
187 101
187 37
187 75
187 86
187 159
187 34
187 39
187 47
187 157
187 81
187 219
187 103
187 173
187 90
187 23
187 76
187 28
187 194
187 7
187 143
187 183
187 172
187 1
187 119
187 15
187 158
187 113
187 139
187 61
187 214
187 196
187 91
187 26
187 88
187 165
187 11
187 145
187 162
187 217
187 135
187 92
187 209
187 58
187 133
187 57
187 138
187 100
187 46
187 115
187 42
187 146
187 38
187 44
187 19
187 40
187 65
187 206
187 148
187 36
187 107
187 50
187 200
187 29
187 106
187 197
187 175
187 122
187 198
187 160
187 102
187 193
187 0
187 125
187 137
187 141
187 80
187 176
187 52
187 87
187 169
187 134
187 68
187 31
187 66
187 156
187 208
187 51
187 177
108 163
108 67
108 205
108 83
108 89
108 190
108 112
108 101
108 37
108 75
108 72
108 86
108 34
108 93
108 192
108 39
108 81
108 219
108 123
108 166
108 173
108 90
108 203
108 23
108 76
108 28
108 84
108 199
108 48
108 194
108 96
108 25
108 74
108 143
108 172
108 1
108 15
108 158
108 113
108 94
108 116
108 139
108 61
108 214
108 26
108 88
108 210
108 6
108 11
108 145
108 171
108 135
108 41
108 57
108 138
108 46
108 42
108 146
108 38
108 77
108 44
108 19
108 40
108 181
108 65
108 167
108 148
108 107
108 50
108 73
108 200
108 29
108 106
108 185
108 122
108 160
108 189
108 150
108 102
108 193
108 0
108 125
108 80
108 176
108 87
108 53
108 169
108 68
108 66
108 156
108 208
108 51
108 177
163 205
163 83
163 89
163 190
163 112
163 101
163 37
163 75
163 152
163 72
163 159
163 34
163 93
163 192
163 157
163 103
163 166
163 173
163 90
163 203
163 23
163 76
163 84
163 199
163 48
163 127
163 96
163 7
163 25
163 74
163 143
163 183
163 172
163 1
163 119
163 15
163 158
163 113
163 186
163 94
163 116
163 139
163 196
163 91
163 26
163 88
163 165
163 6
163 162
163 217
163 171
163 135
163 92
163 209
163 133
163 57
163 138
163 46
163 42
163 146
163 38
163 77
163 44
163 19
163 40
163 181
163 65
163 206
163 60
163 148
163 168
163 50
163 73
163 29
163 106
163 175
163 160
163 189
163 150
163 193
163 45
163 125
163 141
163 80
163 176
163 52
163 53
163 169
163 134
163 68
163 31
163 66
163 136
163 208
163 51
163 177
163 63
67 205
67 83
67 112
67 101
67 37
67 75
67 72
67 86
67 34
67 93
67 192
67 47
67 81
67 219
67 166
67 173
67 203
67 23
67 76
67 84
67 199
67 48
67 96
67 7
67 25
67 74
67 172
67 1
67 15
67 158
67 140
67 85
67 113
67 186
67 94
67 116
67 139
67 61
67 214
67 196
67 91
67 26
67 88
67 210
67 165
67 6
67 11
67 145
67 162
67 217
67 171
67 135
67 92
67 209
67 133
67 57
67 138
67 100
67 46
67 124
67 42
67 146
67 19
67 181
67 65
67 206
67 167
67 60
67 148
67 107
67 168
67 50
67 73
67 29
67 106
67 175
67 185
67 160
67 150
67 102
67 193
67 0
67 45
67 137
67 141
67 80
67 176
67 52
67 87
67 53
67 169
67 68
67 66
67 156
67 208
67 51
67 177
67 63
205 89
205 112
205 101
205 37
205 75
205 86
205 93
205 192
205 39
205 47
205 157
205 81
205 219
205 123
205 103
205 166
205 173
205 90
205 203
205 23
205 28
205 199
205 194
205 127
205 96
205 7
205 25
205 74
205 143
205 183
205 172
205 119
205 15
205 158
205 85
205 186
205 94
205 139
205 214
205 91
205 88
205 210
205 165
205 11
205 162
205 217
205 171
205 209
205 58
205 57
205 138
205 46
205 124
205 115
205 42
205 146
205 38
205 77
205 44
205 19
205 40
205 181
205 65
205 206
205 167
205 60
205 50
205 73
205 200
205 29
205 106
205 197
205 122
205 198
205 160
205 150
205 102
205 193
205 0
205 45
205 137
205 80
205 87
205 31
205 66
205 136
205 156
205 208
205 51
205 177
205 63
83 112
83 101
83 37
83 86
83 93
83 192
83 39
83 47
83 157
83 81
83 123
83 166
83 90
83 203
83 23
83 199
83 48
83 194
83 127
83 96
83 7
83 74
83 143
83 1
83 158
83 140
83 85
83 113
83 139
83 61
83 214
83 91
83 88
83 210
83 165
83 11
83 145
83 162
83 217
83 171
83 135
83 92
83 209
83 58
83 133
83 138
83 100
83 124
83 115
83 42
83 146
83 38
83 77
83 44
83 19
83 40
83 181
83 206
83 167
83 60
83 148
83 107
83 168
83 73
83 29
83 197
83 122
83 198
83 189
83 150
83 102
83 193
83 45
83 125
83 141
83 80
83 176
83 87
83 53
83 156
83 208
83 51
83 63
89 190
89 112
89 37
89 75
89 152
89 86
89 93
89 192
89 39
89 47
89 157
89 219
89 123
89 103
89 166
89 173
89 90
89 203
89 48
89 194
89 96
89 7
89 25
89 74
89 183
89 172
89 1
89 119
89 158
89 85
89 113
89 94
89 116
89 214
89 91
89 26
89 165
89 6
89 145
89 162
89 217
89 135
89 92
89 41
89 209
89 58
89 133
89 100
89 46
89 124
89 115
89 146
89 38
89 19
89 181
89 65
89 206
89 167
89 60
89 36
89 168
89 50
89 73
89 29
89 106
89 197
89 175
89 122
89 160
89 189
89 150
89 102
89 0
89 125
89 141
89 80
89 176
89 87
89 53
89 169
89 68
89 31
89 156
89 208
89 51
89 63
190 112
190 101
190 37
190 75
190 152
190 72
190 86
190 159
190 93
190 192
190 39
190 47
190 157
190 219
190 103
190 173
190 90
190 76
190 84
190 127
190 96
190 25
190 74
190 143
190 172
190 119
190 15
190 158
190 140
190 85
190 94
190 116
190 214
190 91
190 26
190 88
190 210
190 165
190 6
190 11
190 162
190 171
190 135
190 41
190 209
190 58
190 133
190 57
190 138
190 146
190 38
190 44
190 40
190 181
190 167
190 60
190 148
190 50
190 200
190 29
190 175
190 185
190 122
190 198
190 189
190 150
190 102
190 0
190 45
190 125
190 141
190 80
190 176
190 52
190 87
190 53
190 134
190 68
190 31
190 66
190 136
190 156
190 51
112 101
112 37
112 75
112 152
112 72
112 86
112 159
112 34
112 93
112 192
112 39
112 47
112 157
112 81
112 219
112 123
112 173
112 90
112 203
112 23
112 76
112 28
112 84
112 48
112 194
112 127
112 96
112 7
112 74
112 143
112 172
112 1
112 113
112 186
112 61
112 214
112 196
112 91
112 26
112 88
112 165
112 11
112 145
112 162
112 217
112 171
112 41
112 209
112 133
112 57
112 138
112 46
112 124
112 115
112 42
112 146
112 44
112 19
112 40
112 181
112 65
112 167
112 148
112 107
112 168
112 50
112 73
112 29
112 106
112 197
112 175
112 185
112 122
112 150
112 102
112 193
112 45
112 125
112 141
112 80
112 52
112 53
112 134
112 31
112 66
112 136
112 208
112 177
101 72
101 86
101 159
101 39
101 157
101 219
101 103
101 166
101 173
101 203
101 23
101 28
101 84
101 48
101 127
101 96
101 7
101 74
101 143
101 183
101 172
101 1
101 15
101 158
101 140
101 85
101 113
101 186
101 94
101 116
101 139
101 61
101 196
101 91
101 26
101 165
101 6
101 11
101 145
101 162
101 217
101 171
101 135
101 92
101 209
101 58
101 57
101 46
101 124
101 77
101 44
101 40
101 181
101 65
101 60
101 148
101 36
101 168
101 50
101 29
101 106
101 197
101 185
101 122
101 198
101 160
101 189
101 150
101 102
101 193
101 125
101 137
101 141
101 80
101 169
101 134
101 68
101 31
101 66
101 208
101 177
101 63
37 75
37 152
37 159
37 34
37 93
37 192
37 39
37 47
37 157
37 219
37 123
37 103
37 166
37 173
37 90
37 203
37 23
37 28
37 84
37 199
37 194
37 127
37 96
37 7
37 25
37 74
37 143
37 119
37 15
37 158
37 140
37 85
37 113
37 186
37 94
37 116
37 139
37 61
37 214
37 91
37 26
37 88
37 165
37 6
37 11
37 171
37 135
37 41
37 133
37 57
37 124
37 146
37 38
37 77
37 40
37 206
37 167
37 60
37 148
37 36
37 107
37 73
37 200
37 29
37 106
37 197
37 175
37 185
37 122
37 198
37 189
37 150
37 102
37 193
37 45
37 125
37 137
37 141
37 176
37 52
37 87
37 53
37 169
37 134
37 31
37 136
37 156
37 208
37 51
37 63
75 152
75 72
75 86
75 159
75 93
75 192
75 39
75 157
75 81
75 219
75 123
75 103
75 166
75 173
75 90
75 23
75 76
75 28
75 199
75 48
75 194
75 127
75 7
75 25
75 74
75 143
75 172
75 1
75 158
75 85
75 113
75 186
75 94
75 116
75 139
75 61
75 214
75 196
75 91
75 88
75 210
75 165
75 6
75 11
75 145
75 162
75 135
75 92
75 209
75 58
75 133
75 138
75 100
75 46
75 146
75 77
75 44
75 19
75 40
75 181
75 167
75 60
75 148
75 107
75 168
75 73
75 200
75 29
75 197
75 175
75 122
75 160
75 150
75 102
75 193
75 0
75 45
75 125
75 137
75 80
75 176
75 52
75 87
75 169
75 134
75 66
75 156
75 208
75 51
75 177
75 63
152 72
152 86
152 159
152 34
152 192
152 39
152 47
152 81
152 219
152 123
152 103
152 173
152 203
152 23
152 28
152 84
152 199
152 194
152 127
152 96
152 25
152 119
152 85
152 94
152 116
152 139
152 61
152 214
152 196
152 26
152 88
152 210
152 165
152 145
152 217
152 171
152 135
152 92
152 41
152 209
152 57
152 115
152 146
152 38
152 44
152 19
152 40
152 181
152 65
152 167
152 60
152 36
152 50
152 73
152 200
152 29
152 106
152 175
152 185
152 198
152 160
152 189
152 150
152 102
152 193
152 45
152 125
152 137
152 141
152 80
152 176
152 52
152 87
152 53
152 169
152 31
152 66
152 136
152 156
152 208
152 51
152 177
152 63
72 86
72 192
72 39
72 47
72 157
72 219
72 123
72 103
72 173
72 90
72 203
72 23
72 28
72 84
72 199
72 7
72 25
72 74
72 143
72 183
72 172
72 119
72 158
72 140
72 85
72 113
72 186
72 94
72 116
72 139
72 61
72 214
72 196
72 91
72 26
72 88
72 210
72 6
72 145
72 162
72 171
72 135
72 41
72 58
72 133
72 57
72 138
72 100
72 46
72 124
72 115
72 42
72 146
72 38
72 77
72 40
72 181
72 167
72 148
72 107
72 168
72 73
72 29
72 197
72 175
72 122
72 189
72 150
72 193
72 0
72 125
72 141
72 176
72 87
72 53
72 134
72 208
72 177
72 63
86 159
86 34
86 93
86 81
86 219
86 103
86 166
86 173
86 90
86 203
86 23
86 76
86 28
86 84
86 199
86 48
86 194
86 127
86 7
86 25
86 74
86 143
86 183
86 172
86 119
86 15
86 158
86 140
86 85
86 186
86 94
86 116
86 139
86 214
86 91
86 26
86 88
86 210
86 165
86 6
86 11
86 145
86 217
86 171
86 135
86 92
86 133
86 57
86 100
86 124
86 115
86 42
86 146
86 38
86 77
86 44
86 19
86 181
86 65
86 206
86 167
86 60
86 148
86 107
86 168
86 50
86 200
86 29
86 106
86 197
86 175
86 122
86 198
86 160
86 150
86 102
86 193
86 45
86 125
86 137
86 141
86 80
86 176
86 52
86 87
86 53
86 169
86 134
86 68
86 31
86 66
86 136
86 156
86 208
86 177
86 63
159 34
159 93
159 192
159 47
159 157
159 81
159 123
159 103
159 166
159 173
159 203
159 23
159 76
159 28
159 84
159 199
159 48
159 194
159 127
159 96
159 74
159 143
159 172
159 1
159 158
159 140
159 85
159 113
159 186
159 94
159 116
159 139
159 61
159 196
159 91
159 165
159 6
159 11
159 145
159 171
159 135
159 209
159 133
159 138
159 100
159 124
159 115
159 42
159 146
159 38
159 77
159 44
159 19
159 40
159 181
159 206
159 167
159 60
159 148
159 36
159 107
159 168
159 73
159 200
159 29
159 106
159 197
159 175
159 185
159 198
159 189
159 150
159 102
159 193
159 0
159 45
159 125
159 80
159 52
159 53
159 134
159 68
159 66
159 136
159 156
159 208
159 51
159 177
159 63
34 93
34 39
34 47
34 157
34 81
34 219
34 123
34 103
34 173
34 90
34 203
34 23
34 28
34 199
34 194
34 127
34 96
34 7
34 183
34 172
34 1
34 119
34 15
34 158
34 140
34 85
34 113
34 186
34 94
34 116
34 139
34 61
34 214
34 91
34 26
34 88
34 165
34 6
34 162
34 217
34 135
34 92
34 41
34 133
34 57
34 138
34 100
34 46
34 124
34 115
34 42
34 38
34 77
34 44
34 40
34 206
34 148
34 36
34 107
34 168
34 73
34 200
34 29
34 106
34 185
34 122
34 198
34 160
34 189
34 102
34 45
34 125
34 137
34 141
34 52
34 87
34 134
34 31
34 66
34 136
34 208
34 51
93 192
93 39
93 47
93 219
93 123
93 103
93 166
93 173
93 90
93 203
93 23
93 28
93 84
93 199
93 48
93 194
93 96
93 7
93 25
93 74
93 143
93 183
93 172
93 1
93 15
93 158
93 85
93 113
93 94
93 116
93 61
93 214
93 196
93 91
93 26
93 88
93 6
93 11
93 145
93 162
93 217
93 209
93 58
93 57
93 46
93 124
93 115
93 42
93 146
93 38
93 77
93 19
93 40
93 181
93 65
93 206
93 60
93 148
93 107
93 50
93 73
93 200
93 106
93 197
93 175
93 185
93 122
93 160
93 189
93 150
93 102
93 0
93 45
93 125
93 137
93 141
93 52
93 87
93 53
93 169
93 134
93 68
93 31
93 66
93 136
93 208
93 177
93 63
192 39
192 157
192 81
192 123
192 166
192 173
192 90
192 203
192 23
192 76
192 84
192 48
192 127
192 7
192 25
192 74
192 172
192 1
192 119
192 15
192 158
192 140
192 85
192 186
192 94
192 116
192 61
192 196
192 91
192 88
192 210
192 165
192 11
192 145
192 162
192 217
192 92
192 209
192 133
192 57
192 138
192 46
192 124
192 42
192 146
192 38
192 44
192 19
192 40
192 181
192 65
192 167
192 60
192 148
192 36
192 168
192 50
192 73
192 200
192 29
192 106
192 185
192 198
192 160
192 102
192 45
192 125
192 137
192 80
192 176
192 53
192 134
192 68
192 66
192 136
192 156
192 51
192 177
192 63
39 157
39 81
39 103
39 166
39 173
39 90
39 23
39 28
39 84
39 199
39 194
39 96
39 7
39 25
39 183
39 172
39 1
39 119
39 140
39 186
39 116
39 61
39 214
39 91
39 26
39 88
39 6
39 11
39 162
39 217
39 171
39 92
39 41
39 58
39 133
39 57
39 100
39 46
39 124
39 115
39 42
39 146
39 38
39 77
39 44
39 19
39 40
39 181
39 65
39 206
39 167
39 60
39 148
39 36
39 168
39 50
39 73
39 200
39 29
39 106
39 197
39 175
39 185
39 122
39 198
39 189
39 193
39 0
39 45
39 125
39 137
39 80
39 176
39 52
39 53
39 169
39 134
39 68
39 31
39 136
39 208
47 81
47 219
47 123
47 103
47 166
47 90
47 203
47 23
47 76
47 84
47 199
47 48
47 194
47 127
47 96
47 7
47 25
47 143
47 183
47 1
47 119
47 15
47 158
47 140
47 85
47 113
47 186
47 94
47 116
47 139
47 196
47 91
47 26
47 88
47 210
47 6
47 11
47 145
47 217
47 171
47 135
47 92
47 41
47 209
47 58
47 133
47 57
47 138
47 100
47 46
47 115
47 146
47 38
47 77
47 44
47 19
47 40
47 181
47 65
47 167
47 36
47 168
47 73
47 200
47 106
47 175
47 185
47 122
47 160
47 189
47 150
47 102
47 0
47 125
47 137
47 141
47 80
47 52
47 87
47 53
47 134
47 136
47 156
47 208
47 51
47 177
47 63
157 81
157 123
157 103
157 166
157 173
157 90
157 76
157 84
157 48
157 194
157 127
157 96
157 74
157 183
157 172
157 1
157 119
157 158
157 140
157 85
157 113
157 94
157 139
157 61
157 214
157 196
157 26
157 210
157 165
157 6
157 11
157 145
157 162
157 217
157 135
157 92
157 41
157 209
157 58
157 133
157 57
157 138
157 100
157 46
157 124
157 115
157 42
157 77
157 44
157 19
157 40
157 181
157 65
157 206
157 167
157 148
157 36
157 107
157 50
157 73
157 200
157 106
157 197
157 175
157 185
157 160
157 189
157 150
157 193
157 0
157 45
157 125
157 137
157 176
157 52
157 53
157 169
157 68
157 136
157 51
157 177
81 219
81 123
81 166
81 203
81 23
81 28
81 84
81 48
81 127
81 96
81 25
81 143
81 183
81 172
81 1
81 158
81 140
81 186
81 94
81 116
81 139
81 214
81 196
81 88
81 210
81 165
81 6
81 11
81 145
81 162
81 171
81 92
81 209
81 58
81 133
81 138
81 100
81 46
81 124
81 42
81 38
81 77
81 44
81 19
81 181
81 65
81 167
81 60
81 36
81 50
81 73
81 106
81 175
81 198
81 189
81 150
81 102
81 193
81 0
81 45
81 125
81 137
81 141
81 176
81 52
81 87
81 53
81 169
81 134
81 68
81 66
81 136
81 208
81 177
81 63
219 103
219 166
219 90
219 203
219 23
219 76
219 28
219 84
219 199
219 194
219 96
219 25
219 183
219 172
219 1
219 119
219 15
219 158
219 140
219 85
219 113
219 94
219 116
219 139
219 214
219 91
219 26
219 210
219 165
219 6
219 162
219 217
219 135
219 41
219 138
219 100
219 46
219 124
219 42
219 146
219 77
219 44
219 40
219 181
219 65
219 206
219 167
219 60
219 148
219 36
219 168
219 50
219 73
219 29
219 106
219 197
219 175
219 185
219 122
219 198
219 160
219 189
219 0
219 45
219 125
219 137
219 141
219 80
219 176
219 52
219 53
219 169
219 134
219 136
219 208
219 51
219 177
123 166
123 173
123 90
123 203
123 23
123 76
123 28
123 84
123 199
123 127
123 96
123 7
123 25
123 74
123 183
123 172
123 1
123 158
123 85
123 113
123 116
123 139
123 61
123 214
123 26
123 210
123 6
123 11
123 145
123 217
123 171
123 92
123 41
123 209
123 58
123 133
123 57
123 138
123 46
123 124
123 115
123 42
123 146
123 38
123 77
123 19
123 40
123 65
123 206
123 60
123 148
123 107
123 73
123 200
123 29
123 106
123 175
123 185
123 122
123 198
123 160
123 189
123 150
123 102
123 193
123 45
123 125
123 137
123 141
123 176
123 52
123 87
123 53
123 134
123 68
123 31
123 136
123 63
103 166
103 173
103 90
103 203
103 23
103 76
103 28
103 84
103 48
103 194
103 127
103 7
103 74
103 143
103 183
103 172
103 119
103 15
103 158
103 140
103 85
103 113
103 186
103 94
103 116
103 61
103 196
103 26
103 210
103 165
103 6
103 11
103 162
103 217
103 171
103 135
103 92
103 41
103 209
103 58
103 138
103 100
103 124
103 115
103 42
103 146
103 38
103 77
103 44
103 40
103 181
103 65
103 167
103 60
103 148
103 36
103 107
103 50
103 29
103 175
103 185
103 160
103 189
103 150
103 102
103 193
103 0
103 125
103 141
103 80
103 176
103 53
103 169
103 68
103 66
103 136
103 156
166 203
166 23
166 76
166 84
166 199
166 48
166 127
166 96
166 25
166 74
166 143
166 183
166 172
166 15
166 158
166 140
166 85
166 113
166 186
166 116
166 61
166 91
166 88
166 210
166 165
166 6
166 11
166 217
166 135
166 92
166 41
166 209
166 58
166 133
166 57
166 100
166 46
166 124
166 115
166 42
166 146
166 77
166 44
166 19
166 40
166 181
166 65
166 206
166 167
166 60
166 36
166 50
166 29
166 106
166 197
166 175
166 122
166 160
166 150
166 102
166 193
166 0
166 125
166 137
166 80
166 176
166 52
166 87
166 53
166 169
166 134
166 68
166 31
166 66
166 136
166 208
166 51
166 63
173 90
173 23
173 76
173 28
173 84
173 48
173 194
173 96
173 25
173 143
173 183
173 172
173 15
173 158
173 140
173 139
173 61
173 214
173 91
173 26
173 88
173 165
173 6
173 11
173 145
173 162
173 217
173 171
173 92
173 41
173 209
173 133
173 57
173 138
173 46
173 124
173 115
173 38
173 44
173 19
173 40
173 181
173 65
173 206
173 60
173 148
173 36
173 107
173 200
173 29
173 106
173 197
173 175
173 185
173 198
173 160
173 189
173 150
173 102
173 0
173 45
173 137
173 141
173 176
173 52
173 169
173 134
173 68
173 31
173 66
173 156
173 208
173 177
173 63
90 203
90 23
90 199
90 127
90 25
90 74
90 143
90 183
90 1
90 119
90 15
90 140
90 85
90 113
90 186
90 94
90 116
90 61
90 196
90 26
90 88
90 165
90 11
90 171
90 41
90 209
90 58
90 133
90 57
90 138
90 100
90 124
90 115
90 42
90 146
90 38
90 19
90 181
90 65
90 206
90 167
90 60
90 36
90 200
90 29
90 106
90 197
90 175
90 185
90 122
90 160
90 150
90 193
90 0
90 45
90 137
90 141
90 80
90 176
90 52
90 53
90 134
90 31
90 66
90 208
90 177
90 63
203 23
203 28
203 84
203 199
203 96
203 7
203 25
203 74
203 143
203 183
203 172
203 1
203 119
203 15
203 158
203 140
203 85
203 113
203 186
203 116
203 61
203 214
203 196
203 91
203 88
203 210
203 11
203 162
203 217
203 171
203 92
203 41
203 209
203 58
203 57
203 138
203 100
203 115
203 146
203 38
203 77
203 44
203 181
203 65
203 206
203 167
203 60
203 148
203 168
203 73
203 200
203 29
203 106
203 197
203 185
203 198
203 160
203 150
203 125
203 137
203 141
203 80
203 87
203 53
203 134
203 68
203 31
203 136
203 156
203 51
203 177
203 63
23 76
23 28
23 84
23 127
23 96
23 7
23 183
23 15
23 158
23 140
23 85
23 94
23 116
23 139
23 61
23 196
23 26
23 210
23 165
23 11
23 145
23 217
23 171
23 135
23 92
23 41
23 209
23 57
23 100
23 46
23 124
23 115
23 42
23 38
23 77
23 44
23 19
23 40
23 181
23 65
23 206
23 60
23 148
23 107
23 50
23 200
23 29
23 106
23 197
23 175
23 122
23 198
23 160
23 150
23 102
23 193
23 0
23 137
23 141
23 80
23 176
23 52
23 87
23 169
23 134
23 68
23 31
23 66
23 136
23 51
23 63
76 28
76 84
76 48
76 194
76 127
76 96
76 25
76 143
76 183
76 172
76 1
76 119
76 15
76 158
76 140
76 85
76 186
76 94
76 116
76 214
76 196
76 91
76 26
76 88
76 210
76 6
76 11
76 145
76 217
76 171
76 135
76 41
76 209
76 58
76 133
76 57
76 138
76 100
76 46
76 124
76 115
76 42
76 146
76 44
76 19
76 40
76 181
76 65
76 60
76 148
76 36
76 107
76 168
76 50
76 29
76 106
76 197
76 175
76 185
76 122
76 198
76 160
76 189
76 0
76 45
76 125
76 141
76 80
76 176
76 52
76 53
76 66
76 136
76 208
76 51
76 177
76 63
28 84
28 199
28 194
28 127
28 96
28 7
28 25
28 74
28 143
28 183
28 172
28 1
28 15
28 158
28 140
28 186
28 139
28 61
28 214
28 196
28 91
28 26
28 88
28 165
28 6
28 145
28 217
28 171
28 41
28 209
28 138
28 100
28 46
28 124
28 115
28 146
28 77
28 19
28 40
28 181
28 65
28 206
28 167
28 36
28 107
28 200
28 29
28 197
28 175
28 185
28 122
28 198
28 150
28 193
28 0
28 125
28 137
28 80
28 52
28 53
28 169
28 134
28 68
28 31
28 66
28 136
28 156
28 51
28 63
84 199
84 194
84 127
84 96
84 7
84 25
84 143
84 183
84 172
84 15
84 140
84 85
84 113
84 186
84 94
84 61
84 214
84 196
84 91
84 88
84 210
84 165
84 6
84 11
84 145
84 162
84 217
84 171
84 135
84 209
84 58
84 133
84 57
84 138
84 100
84 46
84 124
84 42
84 146
84 38
84 44
84 40
84 65
84 206
84 60
84 148
84 36
84 50
84 73
84 29
84 106
84 197
84 175
84 185
84 122
84 198
84 160
84 189
84 150
84 102
84 141
84 176
84 53
84 134
84 68
84 31
84 66
84 136
84 177
84 63
199 194
199 127
199 96
199 7
199 25
199 74
199 143
199 172
199 1
199 119
199 140
199 113
199 186
199 94
199 116
199 214
199 196
199 91
199 26
199 88
199 210
199 165
199 6
199 11
199 145
199 171
199 135
199 92
199 41
199 58
199 133
199 57
199 138
199 100
199 115
199 42
199 77
199 19
199 181
199 65
199 206
199 167
199 60
199 148
199 36
199 107
199 168
199 50
199 73
199 29
199 106
199 175
199 185
199 122
199 160
199 150
199 102
199 193
199 125
199 137
199 141
199 80
199 176
199 52
199 53
199 68
199 31
199 66
199 136
199 208
199 51
199 63
48 194
48 127
48 96
48 7
48 25
48 74
48 143
48 183
48 172
48 1
48 119
48 158
48 140
48 85
48 113
48 186
48 94
48 116
48 139
48 214
48 196
48 26
48 210
48 165
48 6
48 145
48 162
48 92
48 41
48 58
48 138
48 124
48 38
48 77
48 40
48 206
48 60
48 148
48 107
48 50
48 73
48 200
48 29
48 197
48 122
48 198
48 189
48 102
48 0
48 45
48 125
48 141
48 176
48 52
48 87
48 53
48 169
48 68
48 31
48 66
48 136
48 156
48 208
48 51
48 177
48 63
194 96
194 7
194 25
194 74
194 183
194 172
194 119
194 15
194 158
194 140
194 85
194 113
194 186
194 94
194 116
194 61
194 214
194 196
194 91
194 26
194 88
194 210
194 165
194 6
194 11
194 145
194 217
194 171
194 135
194 92
194 58
194 57
194 138
194 46
194 124
194 115
194 38
194 44
194 19
194 40
194 181
194 65
194 206
194 167
194 60
194 148
194 36
194 107
194 50
194 200
194 29
194 106
194 197
194 175
194 185
194 198
194 160
194 189
194 0
194 45
194 125
194 137
194 141
194 80
194 176
194 87
194 169
194 66
194 136
194 156
194 51
194 177
194 63
127 96
127 7
127 25
127 143
127 183
127 172
127 119
127 15
127 158
127 140
127 113
127 94
127 116
127 139
127 61
127 214
127 91
127 26
127 88
127 210
127 165
127 11
127 162
127 217
127 171
127 135
127 92
127 41
127 58
127 57
127 100
127 46
127 124
127 115
127 42
127 146
127 77
127 19
127 40
127 181
127 65
127 206
127 167
127 148
127 36
127 107
127 168
127 29
127 106
127 185
127 122
127 198
127 189
127 150
127 102
127 193
127 0
127 45
127 141
127 80
127 176
127 52
127 87
127 53
127 134
127 136
127 156
127 208
127 177
127 63
96 7
96 74
96 172
96 1
96 119
96 15
96 158
96 140
96 113
96 186
96 94
96 139
96 61
96 214
96 196
96 26
96 165
96 6
96 11
96 145
96 162
96 217
96 171
96 135
96 92
96 41
96 133
96 138
96 100
96 46
96 124
96 42
96 146
96 38
96 77
96 19
96 40
96 181
96 206
96 167
96 60
96 148
96 107
96 168
96 73
96 29
96 197
96 185
96 122
96 150
96 193
96 0
96 137
96 141
96 80
96 176
96 52
96 87
96 169
96 134
96 31
96 156
96 208
96 177
96 63
7 74
7 143
7 183
7 1
7 119
7 158
7 140
7 85
7 116
7 139
7 61
7 196
7 91
7 88
7 6
7 11
7 145
7 162
7 171
7 135
7 92
7 41
7 209
7 58
7 138
7 124
7 115
7 146
7 44
7 19
7 40
7 181
7 206
7 167
7 148
7 107
7 168
7 73
7 200
7 106
7 175
7 185
7 122
7 198
7 160
7 150
7 102
7 193
7 125
7 141
7 80
7 176
7 87
7 53
7 169
7 68
7 31
7 66
7 136
7 156
7 208
7 51
7 177
7 63
25 74
25 15
25 158
25 140
25 85
25 186
25 94
25 116
25 139
25 61
25 214
25 196
25 91
25 26
25 210
25 165
25 6
25 145
25 162
25 217
25 171
25 135
25 92
25 209
25 58
25 133
25 57
25 138
25 100
25 46
25 115
25 146
25 38
25 44
25 206
25 167
25 60
25 148
25 36
25 107
25 50
25 73
25 200
25 29
25 197
25 185
25 198
25 160
25 189
25 150
25 102
25 45
25 125
25 137
25 141
25 52
25 87
25 53
25 169
25 134
25 31
25 136
25 156
25 51
25 63
74 143
74 183
74 172
74 1
74 15
74 158
74 140
74 85
74 186
74 94
74 116
74 139
74 196
74 91
74 26
74 210
74 171
74 135
74 92
74 209
74 58
74 133
74 57
74 138
74 46
74 115
74 42
74 77
74 44
74 19
74 40
74 181
74 65
74 206
74 107
74 168
74 50
74 73
74 200
74 29
74 106
74 197
74 175
74 122
74 198
74 160
74 189
74 150
74 102
74 193
74 0
74 45
74 137
74 141
74 80
74 176
74 52
74 87
74 53
74 169
74 134
74 66
74 136
74 156
74 51
74 177
143 172
143 1
143 119
143 85
143 113
143 186
143 116
143 139
143 61
143 214
143 91
143 88
143 210
143 165
143 6
143 11
143 162
143 217
143 171
143 135
143 92
143 209
143 133
143 57
143 138
143 100
143 46
143 124
143 42
143 146
143 38
143 77
143 44
143 40
143 181
143 65
143 206
143 167
143 148
143 107
143 168
143 50
143 73
143 200
143 106
143 197
143 175
143 122
143 198
143 160
143 189
143 102
143 0
143 45
143 141
143 80
143 87
143 134
143 68
143 31
143 66
143 136
143 156
143 208
143 51
143 63
183 172
183 1
183 158
183 140
183 85
183 113
183 186
183 94
183 116
183 139
183 61
183 214
183 196
183 88
183 210
183 165
183 6
183 11
183 145
183 162
183 217
183 171
183 135
183 92
183 41
183 58
183 133
183 57
183 138
183 100
183 46
183 124
183 115
183 42
183 38
183 77
183 44
183 19
183 40
183 65
183 206
183 60
183 36
183 107
183 168
183 73
183 200
183 29
183 106
183 175
183 185
183 122
183 198
183 160
183 189
183 102
183 193
183 0
183 45
183 125
183 137
183 141
183 52
183 87
183 53
183 134
183 68
183 31
183 66
183 156
183 208
183 177
172 1
172 15
172 158
172 140
172 85
172 113
172 186
172 94
172 61
172 214
172 88
172 210
172 6
172 11
172 162
172 217
172 135
172 92
172 209
172 58
172 57
172 138
172 100
172 46
172 124
172 146
172 38
172 44
172 181
172 65
172 206
172 167
172 60
172 148
172 36
172 107
172 50
172 73
172 200
172 185
172 198
172 160
172 189
172 150
172 193
172 0
172 45
172 137
172 52
172 87
172 53
172 169
172 134
172 31
172 136
172 156
172 208
172 63
1 119
1 15
1 158
1 140
1 85
1 113
1 186
1 116
1 139
1 214
1 196
1 91
1 26
1 88
1 165
1 11
1 145
1 171
1 135
1 92
1 41
1 209
1 58
1 133
1 57
1 138
1 100
1 46
1 124
1 42
1 146
1 38
1 77
1 44
1 19
1 181
1 206
1 167
1 60
1 148
1 107
1 168
1 50
1 73
1 200
1 29
1 106
1 197
1 175
1 198
1 160
1 189
1 150
1 102
1 0
1 45
1 125
1 141
1 80
1 176
1 52
1 53
1 134
1 66
1 136
1 156
1 208
1 51
1 177
119 15
119 158
119 85
119 113
119 94
119 61
119 196
119 26
119 88
119 210
119 165
119 6
119 11
119 145
119 162
119 217
119 135
119 92
119 58
119 133
119 57
119 138
119 100
119 115
119 42
119 146
119 44
119 19
119 181
119 65
119 206
119 168
119 50
119 73
119 200
119 29
119 106
119 175
119 122
119 198
119 160
119 189
119 102
119 193
119 0
119 45
119 125
119 137
119 141
119 80
119 176
119 87
119 169
119 66
119 156
119 208
119 51
119 63
15 158
15 140
15 85
15 186
15 139
15 61
15 196
15 91
15 26
15 88
15 165
15 11
15 145
15 217
15 171
15 209
15 58
15 133
15 57
15 138
15 100
15 124
15 38
15 77
15 44
15 19
15 181
15 206
15 167
15 148
15 36
15 107
15 168
15 50
15 29
15 106
15 185
15 122
15 198
15 160
15 189
15 102
15 193
15 0
15 125
15 137
15 141
15 80
15 176
15 52
15 87
15 53
15 169
15 134
15 68
15 31
15 66
15 136
15 208
15 51
15 177
158 140
158 85
158 113
158 186
158 94
158 139
158 61
158 214
158 196
158 91
158 88
158 210
158 165
158 11
158 162
158 171
158 135
158 92
158 209
158 58
158 133
158 100
158 46
158 115
158 42
158 146
158 38
158 77
158 19
158 40
158 181
158 65
158 167
158 148
158 36
158 107
158 168
158 50
158 73
158 200
158 29
158 197
158 175
158 185
158 122
158 189
158 150
158 102
158 193
158 0
158 45
158 137
158 141
158 80
158 52
158 87
158 53
158 169
158 68
158 31
158 66
158 136
158 156
158 208
158 177
158 63
140 85
140 113
140 186
140 94
140 61
140 214
140 196
140 91
140 6
140 162
140 217
140 171
140 135
140 92
140 41
140 209
140 133
140 138
140 46
140 124
140 115
140 42
140 146
140 38
140 44
140 19
140 181
140 65
140 167
140 148
140 107
140 29
140 106
140 197
140 175
140 185
140 122
140 160
140 189
140 150
140 102
140 193
140 0
140 45
140 137
140 141
140 80
140 87
140 169
140 68
140 31
140 156
140 208
140 177
85 113
85 186
85 61
85 214
85 196
85 91
85 26
85 88
85 210
85 165
85 6
85 145
85 217
85 171
85 92
85 41
85 209
85 58
85 133
85 138
85 100
85 46
85 124
85 115
85 42
85 146
85 77
85 44
85 19
85 40
85 181
85 65
85 206
85 167
85 60
85 36
85 107
85 168
85 29
85 106
85 197
85 175
85 122
85 160
85 150
85 102
85 193
85 0
85 141
85 176
85 52
85 87
85 169
85 134
85 68
85 66
85 136
85 177
85 63
113 186
113 94
113 116
113 139
113 61
113 214
113 196
113 91
113 26
113 88
113 6
113 11
113 162
113 217
113 171
113 41
113 209
113 58
113 133
113 57
113 100
113 124
113 115
113 42
113 146
113 77
113 44
113 19
113 40
113 181
113 65
113 206
113 167
113 36
113 168
113 50
113 106
113 175
113 185
113 122
113 198
113 189
113 150
113 102
113 0
113 45
113 125
113 137
113 141
113 80
113 176
113 52
113 53
113 169
113 134
113 68
113 31
113 66
113 136
113 156
113 208
113 177
113 63
186 94
186 116
186 139
186 61
186 196
186 91
186 26
186 210
186 165
186 6
186 11
186 217
186 135
186 92
186 41
186 209
186 58
186 133
186 57
186 46
186 124
186 42
186 146
186 38
186 77
186 44
186 19
186 40
186 181
186 65
186 167
186 36
186 73
186 106
186 175
186 185
186 198
186 189
186 150
186 102
186 193
186 0
186 45
186 141
186 80
186 176
186 87
186 53
186 169
186 134
186 31
186 51
186 63
94 116
94 61
94 214
94 196
94 26
94 88
94 165
94 145
94 162
94 217
94 135
94 41
94 209
94 133
94 57
94 100
94 124
94 42
94 146
94 77
94 44
94 40
94 181
94 206
94 167
94 148
94 36
94 107
94 168
94 50
94 73
94 200
94 106
94 122
94 198
94 160
94 189
94 150
94 102
94 45
94 125
94 137
94 141
94 87
94 53
94 169
94 68
94 31
94 66
94 156
94 208
94 63
116 139
116 61
116 214
116 91
116 210
116 165
116 6
116 145
116 217
116 135
116 92
116 41
116 209
116 133
116 138
116 100
116 115
116 42
116 146
116 38
116 77
116 19
116 65
116 206
116 167
116 60
116 148
116 36
116 107
116 168
116 50
116 200
116 29
116 106
116 197
116 185
116 122
116 160
116 189
116 102
116 45
116 125
116 80
116 176
116 52
116 87
116 53
116 169
116 134
116 31
116 156
116 51
116 177
116 63
139 61
139 214
139 196
139 91
139 26
139 88
139 210
139 6
139 11
139 145
139 162
139 217
139 171
139 41
139 209
139 58
139 133
139 57
139 138
139 46
139 115
139 146
139 38
139 44
139 19
139 40
139 60
139 148
139 36
139 168
139 50
139 73
139 200
139 106
139 197
139 175
139 185
139 122
139 198
139 160
139 189
139 150
139 102
139 0
139 45
139 137
139 141
139 80
139 176
139 52
139 87
139 53
139 169
139 134
139 66
139 51
139 177
139 63
61 214
61 196
61 91
61 26
61 88
61 210
61 165
61 6
61 11
61 162
61 92
61 41
61 209
61 58
61 133
61 57
61 100
61 46
61 124
61 115
61 38
61 77
61 44
61 19
61 181
61 65
61 167
61 60
61 148
61 36
61 107
61 168
61 50
61 200
61 29
61 197
61 175
61 185
61 122
61 198
61 189
61 102
61 193
61 0
61 45
61 137
61 141
61 80
61 52
61 87
61 53
61 169
61 66
61 136
61 156
61 208
61 51
61 63
214 26
214 88
214 210
214 165
214 6
214 145
214 162
214 217
214 171
214 135
214 92
214 57
214 138
214 100
214 124
214 115
214 146
214 38
214 77
214 44
214 19
214 40
214 181
214 206
214 60
214 148
214 36
214 168
214 50
214 200
214 29
214 197
214 175
214 185
214 122
214 198
214 160
214 189
214 150
214 193
214 125
214 137
214 80
214 176
214 52
214 87
214 31
214 66
214 136
214 156
214 208
214 51
214 63
196 26
196 88
196 210
196 6
196 11
196 162
196 171
196 135
196 92
196 41
196 209
196 133
196 57
196 138
196 100
196 46
196 124
196 42
196 146
196 77
196 44
196 19
196 40
196 181
196 65
196 206
196 167
196 60
196 148
196 107
196 168
196 50
196 200
196 106
196 197
196 175
196 185
196 198
196 160
196 189
196 150
196 102
196 193
196 45
196 125
196 137
196 141
196 176
196 52
196 87
196 53
196 169
196 134
196 68
196 31
196 66
196 156
196 177
196 63
91 26
91 210
91 6
91 11
91 145
91 171
91 135
91 92
91 41
91 209
91 57
91 138
91 100
91 46
91 115
91 42
91 146
91 77
91 40
91 65
91 60
91 107
91 200
91 29
91 106
91 175
91 198
91 160
91 189
91 150
91 193
91 0
91 125
91 137
91 141
91 176
91 52
91 53
91 169
91 134
91 68
91 31
91 66
91 51
91 177
91 63
26 210
26 165
26 145
26 162
26 171
26 92
26 41
26 209
26 133
26 57
26 138
26 46
26 124
26 77
26 44
26 19
26 40
26 181
26 65
26 206
26 60
26 36
26 107
26 168
26 50
26 73
26 200
26 29
26 106
26 197
26 175
26 185
26 122
26 160
26 189
26 150
26 102
26 125
26 137
26 141
26 52
26 87
26 169
26 68
26 31
26 136
26 156
26 208
26 51
26 177
26 63
88 210
88 165
88 11
88 162
88 217
88 135
88 209
88 58
88 57
88 124
88 115
88 146
88 38
88 77
88 44
88 19
88 40
88 181
88 65
88 206
88 167
88 148
88 36
88 107
88 73
88 106
88 175
88 185
88 198
88 160
88 189
88 150
88 193
88 0
88 45
88 125
88 137
88 80
88 176
88 169
88 134
88 66
88 156
88 208
88 51
88 177
88 63
210 165
210 6
210 145
210 162
210 217
210 171
210 135
210 41
210 209
210 58
210 133
210 138
210 46
210 42
210 146
210 38
210 40
210 181
210 206
210 167
210 148
210 36
210 107
210 168
210 50
210 73
210 200
210 106
210 175
210 198
210 160
210 189
210 193
210 0
210 125
210 137
210 141
210 80
210 176
210 52
210 87
210 169
210 134
210 68
210 31
210 66
210 136
210 156
210 63
165 6
165 11
165 145
165 162
165 217
165 171
165 135
165 92
165 41
165 209
165 57
165 100
165 46
165 115
165 42
165 146
165 19
165 40
165 181
165 65
165 206
165 36
165 107
165 168
165 200
165 106
165 197
165 175
165 122
165 198
165 150
165 193
165 0
165 125
165 80
165 176
165 52
165 53
165 134
165 68
165 156
165 177
6 11
6 145
6 162
6 217
6 171
6 135
6 92
6 41
6 209
6 58
6 133
6 57
6 138
6 100
6 46
6 124
6 115
6 42
6 38
6 77
6 40
6 181
6 65
6 206
6 167
6 60
6 148
6 107
6 168
6 50
6 73
6 29
6 106
6 197
6 175
6 185
6 122
6 198
6 189
6 150
6 102
6 193
6 0
6 137
6 80
6 176
6 87
6 53
6 134
6 68
6 31
6 66
6 136
6 208
6 63
11 145
11 217
11 171
11 135
11 92
11 41
11 209
11 133
11 138
11 100
11 46
11 124
11 115
11 146
11 38
11 44
11 19
11 181
11 65
11 206
11 167
11 60
11 148
11 36
11 107
11 50
11 73
11 29
11 197
11 175
11 185
11 122
11 198
11 160
11 189
11 150
11 102
11 0
11 137
11 176
11 52
11 53
11 169
11 66
11 156
11 208
11 51
11 63
145 217
145 171
145 92
145 57
145 138
145 100
145 124
145 115
145 42
145 38
145 77
145 44
145 19
145 40
145 65
145 148
145 36
145 107
145 168
145 73
145 29
145 197
145 185
145 122
145 198
145 160
145 189
145 102
145 0
145 125
145 80
145 176
145 87
145 53
145 169
145 134
145 31
145 66
145 136
145 156
145 51
145 177
145 63
162 217
162 171
162 92
162 41
162 209
162 58
162 57
162 138
162 100
162 46
162 124
162 115
162 146
162 38
162 44
162 19
162 40
162 181
162 167
162 60
162 107
162 168
162 73
162 200
162 106
162 197
162 185
162 122
162 160
162 189
162 150
162 102
162 193
162 0
162 45
162 125
162 137
162 141
162 80
162 176
162 52
162 169
162 134
162 68
162 66
162 136
162 156
162 51
162 177
162 63
217 135
217 58
217 133
217 57
217 100
217 46
217 124
217 115
217 146
217 77
217 44
217 19
217 40
217 181
217 65
217 206
217 60
217 148
217 36
217 107
217 50
217 200
217 29
217 106
217 197
217 175
217 185
217 122
217 160
217 189
217 193
217 0
217 45
217 125
217 137
217 141
217 80
217 87
217 53
217 169
217 134
217 68
217 31
217 66
217 136
217 208
217 177
171 135
171 209
171 133
171 138
171 46
171 124
171 115
171 42
171 38
171 77
171 19
171 40
171 65
171 206
171 167
171 148
171 36
171 107
171 168
171 50
171 73
171 200
171 106
171 197
171 175
171 185
171 198
171 150
171 102
171 193
171 0
171 137
171 141
171 80
171 176
171 52
171 53
171 169
171 134
171 68
171 31
171 66
171 136
171 208
171 177
171 63
135 92
135 209
135 58
135 133
135 138
135 100
135 46
135 115
135 42
135 146
135 38
135 19
135 40
135 181
135 65
135 206
135 167
135 60
135 148
135 36
135 107
135 168
135 50
135 29
135 106
135 197
135 175
135 185
135 122
135 198
135 160
135 189
135 150
135 102
135 0
135 45
135 125
135 137
135 141
135 176
135 87
135 53
135 169
135 68
135 31
135 66
135 136
135 208
135 63
92 41
92 209
92 58
92 133
92 57
92 138
92 100
92 46
92 115
92 42
92 77
92 44
92 19
92 40
92 181
92 65
92 206
92 60
92 36
92 107
92 168
92 73
92 200
92 197
92 175
92 185
92 122
92 198
92 160
92 102
92 193
92 0
92 45
92 125
92 137
92 141
92 80
92 52
92 87
92 134
92 68
92 31
92 136
92 208
92 51
92 177
92 63
41 209
41 133
41 57
41 100
41 46
41 124
41 115
41 42
41 38
41 77
41 19
41 40
41 181
41 167
41 60
41 148
41 36
41 168
41 50
41 73
41 200
41 29
41 106
41 175
41 122
41 198
41 160
41 189
41 150
41 102
41 193
41 0
41 45
41 137
41 141
41 80
41 176
41 52
41 169
41 134
41 31
41 66
41 136
41 156
41 177
209 133
209 57
209 138
209 100
209 46
209 124
209 115
209 42
209 146
209 38
209 77
209 44
209 40
209 65
209 167
209 60
209 148
209 36
209 107
209 50
209 200
209 106
209 175
209 150
209 193
209 45
209 125
209 141
209 80
209 176
209 87
209 53
209 68
209 66
209 156
209 208
209 177
58 138
58 100
58 124
58 115
58 42
58 146
58 77
58 44
58 19
58 40
58 65
58 206
58 167
58 60
58 148
58 36
58 107
58 50
58 200
58 29
58 106
58 197
58 175
58 185
58 122
58 160
58 189
58 150
58 102
58 45
58 125
58 137
58 141
58 80
58 176
58 52
58 87
58 169
58 31
58 136
58 156
58 208
58 51
58 177
133 57
133 100
133 46
133 124
133 42
133 146
133 38
133 77
133 181
133 65
133 206
133 36
133 50
133 29
133 106
133 197
133 185
133 198
133 160
133 189
133 102
133 0
133 125
133 137
133 141
133 80
133 169
133 68
133 31
133 66
133 136
133 208
133 51
133 177
133 63
57 100
57 124
57 115
57 42
57 146
57 38
57 77
57 19
57 181
57 65
57 167
57 60
57 148
57 36
57 107
57 168
57 50
57 73
57 200
57 29
57 197
57 175
57 185
57 122
57 198
57 189
57 102
57 193
57 0
57 125
57 137
57 141
57 176
57 52
57 87
57 53
57 169
57 134
57 68
57 31
57 136
57 156
57 208
57 51
57 177
57 63
138 100
138 46
138 124
138 115
138 146
138 38
138 44
138 19
138 181
138 65
138 206
138 167
138 60
138 168
138 50
138 106
138 197
138 175
138 122
138 198
138 160
138 189
138 150
138 193
138 0
138 45
138 125
138 137
138 141
138 80
138 87
138 53
138 169
138 134
138 68
138 31
138 66
138 136
138 156
138 208
138 51
138 177
100 46
100 124
100 115
100 42
100 44
100 19
100 181
100 65
100 206
100 148
100 168
100 50
100 73
100 200
100 106
100 197
100 175
100 185
100 198
100 160
100 189
100 102
100 193
100 45
100 137
100 141
100 80
100 176
100 52
100 169
100 134
100 68
100 31
100 66
100 136
100 208
100 51
100 63
46 124
46 115
46 42
46 146
46 38
46 19
46 40
46 65
46 206
46 167
46 60
46 148
46 36
46 107
46 50
46 73
46 200
46 106
46 175
46 185
46 122
46 198
46 189
46 150
46 102
46 0
46 45
46 125
46 141
46 80
46 176
46 52
46 87
46 53
46 169
46 134
46 68
46 136
46 156
46 51
46 63
124 115
124 38
124 77
124 44
124 19
124 181
124 65
124 206
124 60
124 36
124 107
124 168
124 50
124 200
124 29
124 106
124 197
124 175
124 185
124 122
124 198
124 160
124 189
124 150
124 45
124 125
124 137
124 141
124 87
124 169
124 134
124 68
124 136
124 156
124 208
124 51
124 177
124 63
115 42
115 146
115 38
115 77
115 44
115 19
115 40
115 65
115 167
115 60
115 148
115 36
115 107
115 50
115 73
115 200
115 106
115 197
115 175
115 185
115 122
115 198
115 160
115 189
115 193
115 45
115 125
115 137
115 52
115 87
115 53
115 169
115 134
115 68
115 66
115 156
115 51
115 177
42 146
42 38
42 77
42 44
42 19
42 40
42 181
42 65
42 206
42 60
42 148
42 36
42 107
42 29
42 106
42 197
42 175
42 185
42 160
42 189
42 150
42 0
42 137
42 80
42 176
42 52
42 87
42 169
42 31
42 66
42 136
42 156
42 208
42 177
146 77
146 44
146 19
146 40
146 181
146 206
146 167
146 60
146 107
146 168
146 73
146 200
146 29
146 106
146 175
146 185
146 122
146 160
146 102
146 0
146 137
146 141
146 80
146 52
146 87
146 53
146 169
146 134
146 68
146 31
146 66
146 136
146 208
146 51
146 177
146 63
38 77
38 44
38 19
38 40
38 181
38 65
38 206
38 167
38 148
38 36
38 107
38 168
38 73
38 200
38 106
38 175
38 185
38 122
38 198
38 160
38 189
38 150
38 102
38 193
38 0
38 45
38 125
38 141
38 176
38 52
38 53
38 169
38 134
38 66
38 136
38 208
38 177
38 63
77 44
77 19
77 40
77 181
77 206
77 167
77 148
77 168
77 50
77 200
77 106
77 197
77 175
77 185
77 122
77 160
77 102
77 0
77 45
77 125
77 137
77 176
77 52
77 53
77 169
77 134
77 31
77 66
77 136
77 208
77 177
77 63
44 19
44 40
44 181
44 65
44 167
44 60
44 148
44 36
44 50
44 200
44 29
44 106
44 175
44 185
44 160
44 189
44 193
44 0
44 45
44 125
44 137
44 141
44 80
44 176
44 52
44 87
44 169
44 134
44 68
44 66
44 136
44 156
44 208
44 51
44 177
19 40
19 181
19 65
19 206
19 36
19 107
19 168
19 200
19 29
19 197
19 175
19 122
19 198
19 160
19 189
19 150
19 102
19 193
19 45
19 125
19 80
19 176
19 87
19 53
19 169
19 134
19 66
19 136
19 208
19 51
19 177
19 63
40 65
40 206
40 167
40 60
40 148
40 107
40 168
40 73
40 29
40 106
40 197
40 175
40 102
40 193
40 0
40 125
40 137
40 80
40 176
40 52
40 53
40 169
40 134
40 68
40 31
40 66
40 136
40 156
40 208
40 51
40 177
40 63
181 65
181 167
181 148
181 107
181 50
181 73
181 29
181 197
181 185
181 122
181 189
181 150
181 102
181 125
181 87
181 169
181 136
181 208
181 51
181 177
181 63
65 167
65 60
65 148
65 36
65 168
65 50
65 73
65 200
65 29
65 106
65 175
65 185
65 122
65 198
65 160
65 189
65 102
65 193
65 0
65 45
65 137
65 80
65 176
65 87
65 53
65 169
65 134
65 31
65 66
65 136
65 156
65 208
65 177
65 63
206 167
206 60
206 148
206 107
206 168
206 50
206 73
206 200
206 106
206 197
206 175
206 185
206 160
206 150
206 102
206 193
206 0
206 45
206 125
206 137
206 80
206 176
206 52
206 87
206 53
206 169
206 68
206 31
206 66
206 136
206 208
167 60
167 148
167 36
167 107
167 168
167 200
167 29
167 106
167 175
167 185
167 198
167 189
167 150
167 102
167 193
167 0
167 45
167 125
167 141
167 176
167 52
167 87
167 53
167 169
167 134
167 68
167 31
167 66
167 208
167 51
167 177
167 63
60 148
60 36
60 50
60 200
60 106
60 197
60 175
60 185
60 122
60 198
60 160
60 150
60 102
60 45
60 141
60 80
60 52
60 87
60 53
60 169
60 134
60 68
60 136
60 156
60 208
60 51
60 63
148 36
148 168
148 73
148 200
148 29
148 106
148 197
148 185
148 122
148 160
148 189
148 102
148 193
148 0
148 45
148 137
148 141
148 80
148 176
148 52
148 87
148 169
148 134
148 68
148 31
148 66
148 136
148 208
148 51
148 177
36 107
36 50
36 200
36 29
36 106
36 175
36 185
36 122
36 198
36 189
36 150
36 102
36 193
36 45
36 137
36 80
36 176
36 52
36 87
36 53
36 169
36 68
36 66
36 136
36 208
107 50
107 73
107 200
107 29
107 106
107 197
107 198
107 160
107 45
107 125
107 141
107 176
107 87
107 53
107 169
107 134
107 68
107 31
107 136
107 156
107 208
107 51
168 50
168 200
168 29
168 106
168 175
168 185
168 198
168 160
168 189
168 150
168 102
168 0
168 45
168 125
168 141
168 80
168 87
168 53
168 169
168 134
168 68
168 31
168 66
168 136
168 156
168 208
168 51
168 177
50 73
50 200
50 185
50 122
50 198
50 160
50 189
50 150
50 102
50 193
50 0
50 45
50 125
50 137
50 176
50 68
50 66
50 136
50 208
50 51
73 29
73 175
73 185
73 122
73 189
73 150
73 193
73 0
73 45
73 137
73 141
73 80
73 176
73 52
73 87
73 53
73 169
73 134
73 68
73 31
73 66
73 136
73 156
73 208
73 51
73 177
73 63
200 29
200 106
200 175
200 198
200 160
200 189
200 150
200 102
200 193
200 0
200 45
200 125
200 137
200 141
200 80
200 52
200 87
200 169
200 134
200 68
200 31
200 136
200 156
200 208
200 51
200 177
29 175
29 185
29 198
29 160
29 0
29 137
29 141
29 52
29 53
29 169
29 68
29 31
29 66
29 156
29 208
29 51
29 63
106 197
106 175
106 185
106 198
106 160
106 189
106 150
106 102
106 193
106 45
106 125
106 137
106 53
106 169
106 134
106 68
106 31
106 66
106 136
106 208
106 177
197 175
197 185
197 122
197 189
197 150
197 102
197 193
197 0
197 45
197 137
197 141
197 80
197 52
197 87
197 53
197 169
197 134
197 31
197 66
197 136
197 156
197 177
175 185
175 122
175 198
175 160
175 189
175 150
175 102
175 193
175 0
175 45
175 125
175 141
175 80
175 52
175 87
175 53
175 134
175 66
175 156
175 208
175 51
175 177
185 160
185 189
185 0
185 137
185 80
185 176
185 52
185 53
185 134
185 68
185 31
185 156
185 208
185 51
185 177
185 63
122 198
122 160
122 189
122 150
122 102
122 193
122 0
122 137
122 80
122 176
122 87
122 53
122 169
122 134
122 68
122 136
122 51
122 63
198 160
198 150
198 102
198 0
198 45
198 125
198 141
198 80
198 176
198 87
198 169
198 66
198 136
198 156
198 63
160 189
160 150
160 102
160 0
160 45
160 125
160 141
160 80
160 52
160 169
160 68
160 31
160 136
160 156
160 208
160 51
189 150
189 193
189 0
189 45
189 125
189 137
189 141
189 176
189 87
189 53
189 169
189 68
189 66
189 136
189 156
189 208
189 51
189 177
189 63
150 102
150 193
150 0
150 125
150 141
150 80
150 52
150 53
150 134
150 31
150 208
150 177
102 193
102 0
102 45
102 125
102 80
102 176
102 52
102 87
102 53
102 169
102 134
102 31
102 66
102 136
102 156
102 208
102 51
102 177
193 0
193 45
193 125
193 141
193 80
193 176
193 53
193 169
193 134
193 68
193 136
193 177
193 63
0 141
0 80
0 176
0 52
0 87
0 53
0 134
0 31
0 136
0 156
0 208
0 51
0 177
0 63
45 137
45 141
45 80
45 176
45 52
45 87
45 53
45 169
45 134
45 68
45 31
45 66
45 136
45 156
45 208
45 51
45 177
125 137
125 141
125 176
125 52
125 169
125 134
125 68
125 66
125 136
125 51
125 177
125 63
137 141
137 80
137 176
137 52
137 87
137 169
137 134
137 68
137 31
137 136
137 156
137 208
137 177
141 80
141 52
141 87
141 53
141 169
141 134
141 68
141 66
141 156
141 208
141 63
80 176
80 53
80 169
80 134
80 31
80 66
80 136
80 156
80 208
80 51
80 177
80 63
176 87
176 169
176 68
176 31
176 66
176 136
176 208
176 51
52 87
52 53
52 169
52 68
52 66
52 136
52 156
52 208
52 51
52 177
52 63
87 53
87 169
87 134
87 68
87 136
87 208
87 177
53 169
53 31
53 66
53 136
53 51
53 63
169 66
169 208
169 177
169 63
134 31
134 136
134 156
134 208
134 177
134 63
68 31
68 136
68 156
68 208
68 51
68 177
31 66
31 136
31 156
31 208
31 51
31 177
31 63
66 156
66 51
66 177
66 63
136 156
136 51
136 177
156 51
156 177
156 63
208 63
51 177
51 63
177 63
