*verties 213
84
179
14
171
90
49
37
159
181
68
192
122
65
127
111
31
103
219
183
112
80
191
41
95
131
169
23
13
130
148
39
212
154
141
208
66
135
47
188
64
200
2
17
149
133
51
203
164
199
45
81
74
28
70
215
96
27
22
217
156
160
143
126
78
11
7
20
55
165
40
115
73
129
161
62
107
71
12
158
46
85
152
211
193
63
197
176
25
185
1
18
166
59
48
120
30
61
139
213
34
162
16
42
56
137
106
136
202
92
8
218
29
72
58
198
128
89
57
214
118
155
116
121
124
175
209
82
21
6
32
67
100
98
0
9
114
206
207
105
125
110
26
172
99
134
186
146
79
86
187
101
104
157
35
77
54
147
33
94
102
10
210
189
132
150
117
87
24
44
167
142
173
178
190
194
144
4
177
108
60
76
43
93
196
145
38
88
15
204
182
91
168
195
3
153
170
201
52
50
19
140
205
123
138
151
109
180
36
53
69
119
5
75
*edges 
84 103
84 39
84 63
84 58
84 209
84 100
84 172
84 178
84 190
84 144
84 182
84 138
84 119
179 127
179 39
179 212
179 141
179 70
179 78
179 11
179 71
179 85
179 176
179 1
179 218
179 33
179 189
179 170
179 123
179 69
14 159
14 68
14 81
14 152
14 16
14 21
14 32
14 0
14 125
14 146
14 86
14 144
14 108
14 15
14 168
171 130
171 22
171 129
171 16
171 42
171 29
171 128
171 121
171 124
171 98
171 206
171 157
171 24
171 145
171 3
171 19
171 53
90 13
90 215
90 160
90 11
90 62
90 107
90 158
90 61
90 56
90 155
90 100
90 77
90 147
90 189
90 44
90 140
90 138
90 109
49 159
49 112
49 200
49 2
49 149
49 215
49 176
49 25
49 59
49 120
49 128
49 172
49 44
49 43
49 205
49 138
37 20
37 40
37 115
37 63
37 202
37 29
37 72
37 21
37 6
37 67
37 9
37 206
37 146
37 102
37 194
37 60
37 145
37 52
37 138
159 181
159 191
159 23
159 200
159 203
159 71
159 176
159 162
159 56
159 29
159 89
159 105
159 172
159 99
159 33
159 194
159 108
159 38
159 88
159 15
159 201
181 192
181 51
181 28
181 161
181 197
181 25
181 128
181 124
181 175
181 32
181 172
181 104
181 150
181 52
181 140
181 123
68 103
68 169
68 148
68 208
68 45
68 27
68 78
68 7
68 40
68 185
68 139
68 202
68 58
68 121
68 9
68 186
68 146
68 187
68 101
68 87
68 142
68 108
68 145
192 23
192 2
192 164
192 96
192 0
192 54
192 147
192 91
192 50
192 19
122 141
122 133
122 45
122 71
122 1
122 34
122 128
122 67
122 100
122 204
122 123
65 95
65 17
65 81
65 126
65 55
65 73
65 85
65 202
65 92
65 89
65 175
65 9
65 54
65 150
65 178
65 91
127 28
127 96
127 143
127 71
127 120
127 8
127 89
127 214
127 82
127 125
127 134
127 79
127 101
127 132
127 178
111 191
111 199
111 70
111 12
111 197
111 137
111 32
111 67
111 77
111 24
111 142
31 199
31 63
31 197
31 56
31 106
31 82
31 32
31 9
31 105
31 210
31 36
103 183
103 188
103 215
103 158
103 197
103 34
103 16
103 33
103 145
103 75
219 115
219 57
219 118
219 147
219 24
219 170
219 201
219 138
219 5
183 23
183 188
183 164
183 74
183 12
183 152
183 25
183 185
183 106
183 21
183 114
183 105
183 99
183 187
183 150
183 138
183 151
112 23
112 141
112 188
112 64
112 133
112 28
112 27
112 73
112 62
112 124
112 9
112 194
112 145
80 193
80 176
80 166
80 124
80 9
80 114
80 105
80 134
80 210
80 132
80 178
191 169
191 212
191 208
191 200
191 133
191 203
191 73
191 107
191 85
191 63
191 59
191 61
191 137
191 202
191 6
191 32
191 79
191 101
191 35
191 210
191 108
191 205
41 23
41 212
41 66
41 135
41 51
41 213
41 118
41 32
41 207
41 94
41 138
41 119
95 39
95 45
95 11
95 62
95 98
95 99
95 134
95 186
95 146
95 60
95 38
95 182
95 91
95 53
131 66
131 160
131 115
131 193
131 57
131 105
131 117
131 38
131 153
169 188
169 199
169 217
169 161
169 107
169 85
169 58
169 82
169 206
169 88
169 109
169 119
23 39
23 135
23 200
23 81
23 160
23 7
23 32
23 67
23 207
23 125
23 110
23 99
23 187
23 147
23 196
23 168
23 69
13 148
13 154
13 208
13 66
13 51
13 45
13 81
13 62
13 107
13 82
13 146
13 33
13 150
13 43
13 3
13 19
13 109
130 141
130 27
130 71
130 46
130 211
130 8
130 114
130 132
130 204
130 3
130 53
130 75
148 154
148 45
148 12
148 120
148 61
148 58
148 6
148 67
148 100
148 26
148 104
148 189
148 150
148 173
39 149
39 70
39 215
39 202
39 92
39 57
39 110
39 150
39 182
39 52
39 75
212 107
212 120
212 58
212 89
212 67
212 54
212 145
212 138
212 180
154 208
154 7
154 165
154 211
154 25
154 56
154 57
154 9
154 186
154 33
154 190
154 53
141 200
141 126
141 165
141 42
141 137
141 89
141 21
141 67
141 147
141 94
141 177
141 201
141 123
208 203
208 164
208 70
208 115
208 59
208 136
208 202
208 155
208 146
208 178
208 194
208 76
208 43
208 15
208 170
208 52
66 47
66 188
66 200
66 164
66 215
66 78
66 165
66 218
66 32
66 0
66 35
66 94
66 117
66 60
66 76
135 133
135 55
135 71
135 1
135 42
135 202
135 116
135 114
135 142
135 177
135 43
135 153
135 123
135 109
47 188
47 200
47 164
47 96
47 78
47 161
47 197
47 59
47 139
47 210
47 15
47 170
47 19
188 200
188 45
188 165
188 161
188 18
188 162
188 187
188 196
188 151
64 73
64 193
64 63
64 176
64 82
64 125
64 99
64 102
64 10
64 142
64 38
64 109
64 53
200 215
200 143
200 42
200 106
200 124
200 114
200 104
200 77
200 94
200 76
200 196
200 50
2 149
2 45
2 217
2 162
2 218
2 57
2 121
2 207
2 99
2 35
2 117
2 194
2 60
2 170
2 69
17 203
17 164
17 160
17 30
17 118
17 116
17 26
17 146
17 35
17 102
17 194
17 196
17 91
17 180
149 217
149 143
149 78
149 16
149 57
149 124
149 104
149 157
149 195
149 53
149 75
133 28
133 126
133 62
133 139
133 136
133 202
133 125
133 189
133 194
133 4
133 38
133 140
133 5
133 75
51 158
51 18
51 8
51 218
51 214
51 0
51 189
51 43
51 91
51 153
51 201
51 75
203 22
203 158
203 46
203 175
203 173
203 4
203 52
203 123
164 28
164 33
164 145
164 182
164 3
164 123
164 151
199 81
199 74
199 28
199 185
199 218
199 128
199 67
199 99
199 189
199 132
199 24
199 44
199 201
199 180
45 28
45 185
45 8
45 198
45 67
45 86
45 94
45 44
45 119
81 28
81 215
81 27
81 22
81 63
81 82
81 110
81 172
81 87
81 190
81 168
81 180
81 119
74 160
74 20
74 62
74 12
74 166
74 59
74 48
74 72
74 9
74 117
74 195
28 96
28 27
28 22
28 143
28 211
28 34
28 99
28 4
28 93
28 109
70 20
70 71
70 197
70 34
70 209
70 21
70 6
215 22
215 217
215 46
215 57
215 0
215 77
215 24
215 142
215 168
96 27
96 115
96 162
96 29
96 155
96 32
96 134
96 38
96 170
96 140
27 73
27 120
27 61
27 34
27 162
27 29
27 194
27 201
27 19
27 140
27 138
22 55
22 193
22 21
22 98
22 104
22 157
22 94
22 43
22 38
22 109
22 36
217 129
217 62
217 25
217 30
217 42
217 198
217 175
217 0
217 207
217 24
217 76
217 153
217 36
156 7
156 115
156 161
156 158
156 18
156 136
156 6
156 0
156 79
156 117
156 194
156 177
156 204
156 3
156 119
160 78
160 62
160 185
160 136
160 89
160 100
160 26
160 99
160 134
160 157
160 132
160 196
143 40
143 211
143 34
143 29
143 32
143 100
143 132
143 38
143 75
126 48
126 120
126 213
126 128
126 121
126 104
126 177
126 145
126 19
126 140
126 151
78 120
78 198
78 32
78 105
78 125
78 79
78 24
78 167
78 196
78 15
78 5
11 129
11 16
11 72
11 121
11 32
11 187
11 77
11 147
11 117
11 36
11 69
7 20
7 129
7 71
7 85
7 120
7 136
7 218
7 58
7 26
7 104
7 108
7 204
7 119
20 63
20 166
20 213
20 34
20 124
20 3
20 205
20 75
55 136
55 214
55 118
55 172
55 99
55 180
165 115
165 161
165 218
165 198
165 172
165 87
165 24
165 142
165 178
165 91
165 195
40 12
40 176
40 30
40 42
40 58
40 89
40 144
40 182
40 53
115 63
115 202
115 198
115 118
115 155
115 100
115 150
115 123
115 69
73 61
73 72
73 198
73 214
73 77
73 173
73 194
73 36
73 5
129 152
129 211
129 18
129 30
129 214
129 32
129 134
129 146
129 79
129 104
129 147
129 102
129 10
161 107
161 152
161 193
161 209
161 110
161 101
161 102
161 150
161 60
161 43
161 36
161 53
161 5
62 71
62 120
62 124
62 114
62 186
62 170
62 201
62 36
62 5
107 25
107 185
107 1
107 42
107 92
107 175
107 0
107 102
107 194
107 144
107 93
71 61
71 134
71 10
71 24
71 4
71 205
12 18
12 61
12 213
12 29
12 118
12 0
12 9
158 162
158 116
158 32
158 9
158 33
158 142
158 177
158 145
46 18
46 166
46 198
46 89
46 155
46 206
46 117
46 87
46 142
46 145
46 91
46 123
85 59
85 213
85 136
85 105
85 172
85 132
85 178
85 195
85 138
85 53
152 185
152 1
152 139
152 136
152 8
152 57
152 82
152 6
152 189
152 150
152 194
152 177
152 119
211 1
211 209
211 82
211 134
211 186
211 33
211 94
211 60
211 52
193 214
193 98
193 54
193 108
193 15
193 182
63 30
63 16
63 214
63 118
63 100
63 147
63 189
63 144
63 108
63 204
197 18
197 136
197 202
197 198
197 124
197 207
197 172
197 146
197 117
197 144
197 145
197 15
197 109
176 61
176 202
176 72
176 214
176 116
176 114
176 172
176 86
176 178
176 204
176 151
25 139
25 136
25 8
25 218
25 29
25 128
25 9
25 99
25 157
25 87
25 204
25 138
185 213
185 198
185 116
185 210
185 190
185 60
185 182
185 69
1 30
1 106
1 21
1 26
1 77
1 76
1 180
18 59
18 218
18 24
18 142
18 178
18 195
18 53
166 137
166 155
166 77
166 24
166 50
166 138
166 69
59 61
59 139
59 218
59 128
59 0
59 114
59 54
59 177
59 108
59 38
59 91
48 42
48 57
48 6
48 125
48 35
48 33
48 201
120 202
120 92
120 124
120 0
120 172
120 54
120 196
120 5
30 106
30 6
30 32
30 172
30 35
30 168
61 128
61 209
61 98
61 86
61 101
61 210
61 44
61 190
61 177
61 76
61 43
61 3
61 180
61 36
139 16
139 218
139 175
139 210
139 170
213 106
213 136
213 209
213 100
213 104
213 33
213 142
213 190
34 198
34 110
34 150
34 195
34 36
162 137
162 198
162 32
162 0
162 207
162 167
162 190
162 4
162 15
162 204
162 201
162 151
162 109
16 106
16 57
16 121
16 206
16 194
16 108
16 170
42 209
42 6
42 104
42 54
42 147
42 123
56 106
56 89
56 57
56 100
56 105
56 134
56 33
56 190
56 43
56 153
56 140
137 209
137 150
137 44
137 60
137 195
106 116
106 35
106 147
106 189
106 24
136 124
136 175
136 86
136 4
136 50
202 121
202 6
202 210
202 142
202 76
202 109
92 114
92 93
92 123
92 75
8 10
8 178
218 116
218 209
218 0
218 93
29 21
29 0
29 172
29 146
29 157
29 35
29 147
29 189
29 132
29 4
29 88
29 119
72 82
72 206
72 105
72 187
72 101
72 117
72 145
72 15
72 168
72 140
58 89
58 172
58 99
58 186
58 101
58 132
58 43
58 109
58 180
198 128
198 214
198 32
198 186
198 86
198 150
198 44
198 43
198 88
198 140
128 214
128 175
128 99
128 187
128 157
128 210
128 194
128 4
89 82
89 0
89 101
89 173
89 4
89 108
89 140
89 123
57 210
57 132
57 44
57 178
57 138
214 67
214 173
214 43
214 123
118 24
118 3
118 50
118 140
118 53
118 75
155 24
155 93
155 153
155 69
155 119
155 75
116 121
116 206
116 134
116 210
116 142
116 144
116 108
116 43
116 3
116 52
116 69
121 26
121 33
121 87
124 86
124 142
124 177
124 76
124 168
124 195
124 5
175 82
175 6
175 10
175 190
175 182
175 170
175 119
209 99
209 33
209 167
209 38
209 151
82 6
82 100
82 50
82 36
21 114
21 108
21 43
21 15
21 168
21 123
21 5
6 87
6 140
6 69
32 94
32 210
32 76
32 88
32 195
32 19
32 140
32 151
67 102
67 210
67 132
67 44
67 93
67 145
67 19
67 140
67 205
67 53
100 114
100 146
100 93
100 3
98 105
98 99
98 35
98 196
98 140
98 36
0 54
0 102
0 44
0 173
0 177
0 15
0 53
0 5
9 207
9 110
9 101
9 4
9 93
9 88
9 52
9 69
114 79
114 147
114 142
114 168
114 151
206 146
206 35
206 210
206 178
207 86
207 157
207 35
207 147
207 102
207 108
207 151
105 147
105 189
105 108
105 182
105 3
105 180
125 172
125 187
125 108
125 180
125 75
110 187
110 167
110 69
26 190
26 177
26 170
26 180
26 53
172 146
172 77
172 178
172 60
172 151
172 109
99 134
99 167
99 173
99 177
99 5
134 178
134 108
134 93
134 88
134 3
134 19
134 53
186 146
186 76
186 140
146 79
146 33
146 10
146 132
146 44
146 4
146 36
79 76
79 69
86 77
86 33
86 177
86 180
187 104
187 102
187 210
187 132
187 177
187 204
187 182
187 168
187 19
101 108
101 76
101 15
104 33
104 178
104 93
104 91
157 102
157 210
157 117
157 205
157 180
35 4
35 76
35 36
77 33
77 117
77 38
77 91
77 50
77 36
54 10
54 210
54 43
54 196
54 140
54 138
54 36
147 150
147 44
147 182
147 123
33 177
33 204
33 50
94 142
94 173
94 43
94 145
94 182
94 19
102 150
102 76
102 140
10 210
10 52
10 138
210 178
210 108
210 195
189 132
189 167
189 38
189 53
132 145
132 88
132 170
150 24
150 60
150 196
150 204
150 36
117 76
117 75
87 182
87 36
24 93
44 76
44 53
44 69
167 177
167 151
167 109
167 180
142 194
142 4
142 182
142 3
142 170
173 145
178 36
178 119
190 93
190 36
190 53
194 170
144 4
144 153
4 177
4 43
4 168
177 140
60 88
60 201
60 205
76 43
76 201
43 170
43 19
43 123
43 69
196 38
196 201
145 182
145 3
145 109
145 119
38 168
38 50
88 123
15 182
204 19
182 195
182 52
182 19
195 153
195 205
195 75
3 52
153 53
153 5
170 50
50 109
50 69
19 109
19 69
140 138
205 119
138 109
138 36
138 119
53 69
53 5
