*verties 193
39
178
55
189
163
85
195
15
165
140
72
194
186
5
3
154
22
63
118
49
14
184
202
203
159
82
97
106
12
45
88
43
33
216
104
100
156
25
57
16
48
166
208
37
73
134
172
92
28
30
109
155
10
169
90
152
145
47
179
108
162
18
95
170
81
177
214
207
173
46
190
142
198
135
125
161
13
51
168
64
171
213
211
29
205
197
44
183
78
89
191
65
27
68
40
54
59
130
115
147
181
41
126
36
121
52
79
128
20
132
8
24
158
112
66
74
146
120
218
206
185
143
75
219
86
111
26
69
199
53
196
0
31
141
102
42
93
91
110
138
182
67
131
32
84
153
217
175
133
176
193
167
7
101
164
117
151
19
76
215
150
77
116
4
180
122
127
70
60
129
123
113
87
17
187
62
94
200
105
11
50
1
103
148
144
201
6
114
124
34
56
107
9
*edges 
39 63
39 43
39 10
39 169
39 177
39 135
39 125
39 161
39 168
39 171
39 27
39 54
39 130
39 79
39 8
39 158
39 120
39 196
39 93
39 67
39 217
39 117
39 215
39 77
39 116
39 129
39 62
39 94
39 200
39 50
39 201
178 85
178 15
178 203
178 109
178 18
178 177
178 205
178 40
178 54
178 181
178 41
178 36
178 79
178 158
178 75
178 199
178 0
178 93
178 91
178 151
178 19
178 215
178 4
178 180
178 123
178 56
55 163
55 186
55 3
55 106
55 48
55 208
55 18
55 170
55 198
55 44
55 130
55 8
55 74
55 111
55 69
55 53
55 31
55 42
55 91
55 182
55 153
55 217
55 193
55 87
55 103
55 124
55 34
55 56
189 165
189 49
189 43
189 10
189 95
189 51
189 211
189 126
189 79
189 42
189 84
189 180
189 17
189 94
189 107
163 154
163 63
163 156
163 47
163 179
163 170
163 207
163 190
163 64
163 121
163 67
163 167
163 151
163 17
163 1
163 148
85 5
85 118
85 202
85 88
85 28
85 135
85 89
85 68
85 24
85 66
85 42
85 153
85 175
85 7
85 116
85 127
85 60
85 105
85 50
195 184
195 159
195 33
195 57
195 28
195 10
195 108
195 18
195 95
195 207
195 190
195 213
195 211
195 44
195 27
195 40
195 24
195 143
195 75
195 91
195 84
195 122
195 127
195 201
195 6
15 72
15 186
15 92
15 30
15 18
15 214
15 198
15 51
15 78
15 59
15 115
15 75
15 42
15 91
15 110
15 200
15 114
165 72
165 154
165 202
165 97
165 156
165 73
165 28
165 30
165 170
165 161
165 168
165 40
165 146
165 143
165 141
165 102
165 91
165 217
165 176
165 215
165 150
165 129
165 200
165 11
140 194
140 159
140 88
140 48
140 208
140 197
140 183
140 59
140 36
140 20
140 199
140 138
140 131
140 153
140 164
140 180
140 187
140 11
140 9
72 186
72 22
72 82
72 25
72 166
72 92
72 18
72 207
72 197
72 112
72 74
72 26
72 42
72 153
72 175
72 101
72 117
194 186
194 3
194 208
194 198
194 44
194 89
194 191
194 52
194 79
194 66
194 74
194 111
194 0
194 19
194 87
194 34
186 118
186 179
186 13
186 27
186 68
186 40
186 54
186 130
186 36
186 121
186 8
186 143
186 86
186 91
186 138
186 19
186 116
186 4
186 127
186 60
186 113
186 17
186 94
186 1
186 148
186 114
5 203
5 100
5 156
5 208
5 169
5 162
5 18
5 211
5 205
5 197
5 89
5 40
5 128
5 66
5 75
5 111
5 42
5 133
5 7
5 101
5 113
5 17
5 34
3 184
3 216
3 156
3 48
3 214
3 64
3 171
3 52
3 158
3 66
3 86
3 69
3 42
3 117
3 151
3 150
3 122
3 70
3 1
154 12
154 156
154 37
154 152
154 162
154 170
154 173
154 168
154 213
154 29
154 40
154 132
154 24
154 112
154 66
154 206
154 26
154 42
154 138
154 193
154 167
154 180
154 129
154 1
154 201
22 179
22 135
22 29
22 130
22 36
22 206
22 93
22 151
22 19
22 105
22 124
63 97
63 16
63 73
63 134
63 152
63 179
63 95
63 142
63 191
63 128
63 206
63 75
63 26
63 91
63 182
63 153
63 133
63 151
63 19
63 150
63 60
63 200
63 1
118 97
118 43
118 216
118 47
118 183
118 191
118 40
118 115
118 181
118 126
118 36
118 128
118 112
118 141
118 167
118 113
118 187
118 56
49 88
49 43
49 172
49 170
49 207
49 46
49 142
49 198
49 78
49 147
49 158
49 143
49 131
49 153
49 150
49 180
49 122
49 62
49 34
49 107
14 166
14 37
14 92
14 10
14 170
14 177
14 198
14 29
14 183
14 191
14 65
14 132
14 74
14 218
14 143
14 75
14 42
14 19
14 187
14 201
14 6
14 114
184 82
184 25
184 208
184 37
184 169
184 142
184 125
184 64
184 44
184 130
184 24
184 143
184 93
184 138
184 175
184 4
184 87
184 105
184 11
202 45
202 100
202 156
202 109
202 18
202 168
202 183
202 78
202 115
202 74
202 193
202 151
202 150
202 70
202 129
202 113
202 105
202 148
202 124
203 100
203 156
203 37
203 10
203 162
203 125
203 213
203 183
203 147
203 121
203 20
203 86
203 193
203 94
203 103
203 144
159 48
159 166
159 208
159 73
159 134
159 28
159 169
159 18
159 95
159 173
159 135
159 161
159 8
159 66
159 218
159 111
159 199
159 196
159 133
159 151
159 1
159 201
159 124
82 12
82 43
82 37
82 172
82 145
82 108
82 214
82 142
82 197
82 78
82 52
82 143
82 53
82 31
82 67
82 217
82 60
82 50
82 144
97 106
97 37
97 28
97 155
97 10
97 18
97 54
97 79
97 69
97 84
97 101
97 129
97 17
97 148
97 34
106 37
106 73
106 92
106 162
106 18
106 214
106 173
106 135
106 64
106 68
106 20
106 158
106 86
106 42
106 117
106 19
106 4
106 123
106 94
106 1
106 124
106 107
12 155
12 162
12 161
12 41
12 132
12 206
12 196
12 91
12 217
12 164
12 113
12 187
45 33
45 92
45 30
45 145
45 170
45 173
45 168
45 183
45 126
45 102
45 182
45 153
45 151
45 4
45 127
45 103
88 25
88 95
88 198
88 161
88 211
88 115
88 8
88 24
88 120
88 143
88 86
88 31
88 93
88 182
88 127
88 70
88 148
43 57
43 169
43 46
43 125
43 64
43 183
43 126
43 132
43 112
43 185
43 53
43 102
43 175
43 117
43 150
43 87
43 200
43 148
43 34
33 16
33 166
33 155
33 169
33 81
33 177
33 213
33 197
33 27
33 40
33 121
33 112
33 196
33 0
33 76
33 113
216 57
216 48
216 73
216 134
216 10
216 152
216 18
216 207
216 46
216 168
216 197
216 191
216 132
216 74
216 26
216 110
216 182
216 32
216 133
216 77
216 4
216 187
216 1
104 208
104 90
104 170
104 81
104 183
104 79
104 8
104 74
104 185
104 26
104 102
104 182
104 19
104 122
104 94
104 144
100 25
100 155
100 10
100 179
100 173
100 161
100 13
100 59
100 128
100 206
100 31
100 117
100 19
100 150
100 129
100 17
100 103
100 124
156 25
156 57
156 95
156 81
156 125
156 78
156 120
156 164
25 28
25 90
25 152
25 168
25 213
25 197
25 78
25 128
25 158
25 26
25 196
25 153
25 127
25 70
25 129
25 17
25 200
25 56
25 9
57 166
57 46
57 168
57 205
57 44
57 158
57 86
57 111
57 31
57 193
57 113
57 62
16 166
16 92
16 47
16 177
16 173
16 147
16 181
16 20
16 8
16 24
16 176
16 164
16 94
16 50
48 28
48 10
48 90
48 145
48 18
48 95
48 170
48 81
48 173
48 190
48 142
48 161
48 13
48 65
48 40
48 147
48 132
48 24
48 66
48 120
48 185
48 53
48 129
48 148
48 107
166 73
166 30
166 162
166 18
166 170
166 191
166 27
166 79
166 219
166 111
166 26
166 53
166 176
166 76
166 187
166 62
166 105
166 103
166 6
208 95
208 181
208 36
208 53
208 19
208 76
208 215
208 77
208 34
208 9
37 30
37 109
37 90
37 95
37 125
37 213
37 54
37 59
37 130
37 126
37 218
37 199
37 133
37 193
37 148
37 124
37 56
73 173
73 168
73 64
73 213
73 89
73 191
73 27
73 52
73 120
73 31
73 67
73 167
73 124
73 107
134 169
134 179
134 46
134 190
134 135
134 64
134 213
134 211
134 40
134 181
134 36
134 121
134 128
134 24
134 31
134 42
134 175
134 77
134 201
134 6
134 9
172 95
172 173
172 142
172 135
172 125
172 213
172 211
172 197
172 185
172 53
172 42
172 93
172 117
172 127
172 187
172 201
92 155
92 179
92 108
92 46
92 54
92 219
92 199
92 0
92 217
92 193
92 7
92 19
28 10
28 145
28 179
28 173
28 183
28 191
28 59
28 120
28 26
28 69
28 31
28 110
28 117
28 56
30 10
30 214
30 142
30 66
30 86
30 182
30 176
30 76
30 77
30 4
30 34
30 56
109 47
109 162
109 18
109 177
109 190
109 135
109 168
109 213
109 121
109 185
109 199
109 110
109 150
109 4
109 180
109 127
109 94
109 200
109 50
109 148
109 34
109 56
155 10
155 18
155 135
155 211
155 78
155 191
155 52
155 158
155 120
155 218
155 199
155 196
155 31
155 176
155 76
155 113
155 11
155 1
10 95
10 190
10 198
10 161
10 197
10 143
10 141
10 102
10 101
10 117
10 127
10 187
10 62
10 144
10 114
169 177
169 78
169 27
169 40
169 20
169 86
169 193
169 19
169 116
90 152
90 142
90 213
90 211
90 27
90 126
90 42
90 93
90 32
90 84
90 76
90 77
90 127
152 46
152 51
152 64
152 197
152 44
152 115
152 147
152 8
152 24
152 196
152 175
152 122
152 123
152 17
152 11
145 173
145 142
145 29
145 121
145 79
145 158
145 218
145 0
145 93
145 217
145 164
145 70
145 50
145 56
47 18
47 171
47 29
47 27
47 130
47 41
47 185
47 75
47 53
47 110
47 67
47 176
47 117
47 19
47 150
47 77
179 170
179 13
179 64
179 54
179 219
179 111
179 26
179 141
179 110
179 175
179 150
179 129
179 148
108 162
108 207
108 46
108 197
108 89
108 147
108 158
108 112
108 146
108 111
108 196
108 77
108 70
108 60
108 201
162 95
162 81
162 59
162 79
162 133
162 114
18 142
18 13
18 29
18 68
18 115
18 24
18 158
18 146
18 86
18 193
18 101
18 11
18 124
18 56
95 198
95 197
95 191
95 40
95 115
95 128
95 218
95 75
95 196
95 42
95 93
95 67
95 32
95 101
95 19
95 127
170 29
170 44
170 24
170 0
170 62
81 46
81 197
81 65
81 8
81 112
81 141
81 42
81 150
81 201
177 46
177 190
177 27
177 115
177 36
177 120
177 75
177 0
177 19
177 60
177 187
177 201
177 107
214 173
214 135
214 211
214 191
214 40
214 128
214 132
214 185
214 69
214 0
214 31
214 93
214 110
214 7
214 4
214 113
214 105
207 142
207 29
207 183
207 41
207 126
207 146
207 143
207 199
207 164
207 76
207 129
173 64
173 54
173 59
173 79
173 132
173 8
173 53
173 93
173 127
173 94
173 124
46 213
46 44
46 78
46 40
46 115
46 121
46 66
46 146
46 219
46 91
46 167
46 180
46 122
190 213
190 29
190 44
190 41
190 52
190 8
190 66
190 175
190 164
190 150
190 77
190 87
142 161
142 64
142 147
142 74
142 0
142 67
142 17
142 148
142 56
198 135
198 213
198 29
198 205
198 197
198 68
198 147
198 20
198 219
198 182
198 67
198 32
198 217
198 175
198 19
198 127
198 1
198 124
135 44
135 68
135 121
135 112
135 146
135 75
135 0
135 141
135 193
135 7
135 101
135 151
135 4
135 70
135 87
135 107
125 51
125 65
125 27
125 126
125 121
125 132
125 120
125 185
125 196
125 102
125 42
125 76
125 116
125 94
161 29
161 115
161 132
161 158
161 206
161 111
161 93
161 67
161 7
161 117
161 77
161 4
161 105
161 107
13 40
13 54
13 79
13 150
13 113
13 87
13 200
51 64
51 171
51 59
51 52
51 66
51 167
51 19
51 150
51 116
51 123
51 17
51 124
168 211
168 130
168 181
168 36
168 111
168 0
168 31
168 42
168 91
168 182
168 32
168 77
168 116
168 180
168 87
168 11
168 34
168 56
168 9
64 29
64 65
64 40
64 126
64 128
64 196
64 164
64 76
64 150
64 77
64 56
171 54
171 20
171 66
171 74
171 120
171 0
171 91
171 131
171 7
171 60
171 105
213 66
213 74
213 175
213 76
213 60
213 17
213 114
213 9
211 29
211 40
211 126
211 52
211 74
211 182
211 67
211 101
211 76
211 87
211 187
211 144
211 114
29 65
29 59
29 130
29 126
29 218
29 196
29 7
29 151
29 150
29 200
29 50
29 1
29 6
29 114
29 107
205 183
205 27
205 20
205 8
205 120
205 218
205 143
205 75
205 0
205 182
205 164
205 103
205 201
205 56
197 115
197 36
197 24
197 158
197 74
197 75
197 111
197 199
197 31
197 153
197 215
197 150
197 201
44 68
44 79
44 24
44 111
44 102
44 176
44 193
44 164
44 117
44 77
44 144
44 9
183 66
183 167
183 127
78 181
78 126
78 36
78 52
78 158
78 102
78 133
78 77
78 103
89 65
89 147
89 36
89 112
89 66
89 120
89 69
89 70
191 53
191 141
191 182
191 103
191 114
65 27
65 158
65 112
65 66
65 206
65 143
65 53
65 84
65 77
65 200
27 146
27 206
27 53
27 175
27 215
27 4
27 201
68 115
68 41
68 126
68 112
68 206
68 143
68 86
68 91
68 153
68 101
68 94
68 105
68 50
68 124
40 115
40 52
40 24
40 143
40 199
40 141
40 32
40 153
40 101
40 180
40 127
40 70
40 187
40 200
40 201
40 107
54 79
54 112
54 74
54 120
54 75
54 69
54 141
54 217
54 175
54 19
54 76
54 77
54 123
54 105
54 107
59 147
59 36
59 121
59 218
59 219
59 86
59 91
59 67
59 175
59 167
59 19
59 150
59 60
59 144
130 181
130 111
130 31
130 67
130 84
130 151
130 70
130 113
115 128
115 93
115 91
115 153
115 193
115 180
115 105
147 20
147 8
147 112
147 146
147 111
147 0
147 153
147 101
147 215
147 200
181 126
181 66
181 76
181 11
181 148
181 9
41 206
41 31
41 193
41 7
41 123
41 107
126 102
126 42
126 110
126 217
126 151
126 113
36 24
36 219
36 0
36 93
36 217
36 101
36 117
36 62
36 50
121 206
121 143
121 111
121 141
121 102
121 182
121 193
121 6
121 107
121 9
52 20
52 66
52 185
52 143
52 69
52 153
52 217
52 101
52 164
52 60
52 129
52 187
52 11
52 1
52 9
79 86
79 111
79 31
79 133
79 105
79 50
79 148
79 114
128 132
128 26
128 138
128 151
128 114
128 56
128 9
20 74
20 120
20 218
20 42
20 176
20 117
20 19
20 114
20 34
132 8
132 112
132 138
132 131
132 153
132 101
132 19
132 76
8 143
8 196
8 0
8 138
8 217
8 175
8 77
8 116
8 127
8 129
8 1
24 185
24 69
24 31
24 138
24 175
24 164
24 215
24 105
158 111
158 69
158 84
158 9
112 146
112 206
112 185
112 143
112 111
112 53
112 76
112 122
112 127
112 62
112 50
112 144
66 75
66 26
66 196
66 42
66 91
66 175
66 164
66 117
66 70
66 123
66 148
66 201
66 107
74 219
74 0
74 101
74 150
74 200
146 120
146 218
146 185
146 111
146 182
146 131
146 133
146 116
146 87
146 17
146 105
146 103
146 148
120 111
120 53
120 196
120 133
120 87
218 91
218 175
218 123
218 50
218 148
218 6
218 9
206 60
206 105
206 148
185 93
185 164
185 117
185 180
185 122
185 129
143 219
143 0
143 133
143 180
143 60
143 62
143 124
75 131
75 176
75 101
75 129
75 200
75 105
219 69
219 110
219 101
219 150
219 122
219 70
219 187
219 62
219 11
219 1
86 77
86 4
86 127
86 87
86 17
86 201
86 6
111 53
111 91
111 19
111 144
26 102
26 133
26 4
26 50
26 103
69 102
69 93
69 131
69 7
69 70
69 94
69 200
69 144
69 107
199 196
199 141
199 167
199 101
199 123
199 94
199 200
53 0
53 31
53 138
53 131
53 122
53 60
53 113
53 94
53 1
53 9
196 133
196 7
196 19
196 70
196 60
196 11
196 1
0 93
0 193
0 19
0 4
0 127
0 70
0 62
0 114
0 124
31 84
31 193
31 101
31 123
31 17
31 34
141 182
141 193
141 167
141 164
141 148
102 182
102 180
102 148
42 182
42 131
93 67
93 175
91 131
91 32
91 101
91 180
91 127
91 50
91 6
110 175
110 7
110 101
110 151
110 70
110 94
110 50
110 114
138 167
138 117
138 151
138 19
138 116
138 187
138 94
138 105
138 103
138 6
182 84
182 153
182 167
182 117
182 116
182 87
182 105
182 124
67 167
67 117
67 116
67 180
67 70
67 60
67 123
67 94
67 144
67 34
131 17
131 187
131 94
131 34
32 84
32 175
32 7
32 151
32 150
32 77
32 180
32 70
32 6
32 114
84 175
84 117
84 180
84 123
84 1
84 201
84 6
153 62
153 148
217 133
217 150
217 60
217 105
175 133
175 167
175 117
175 129
175 9
133 19
133 114
176 164
176 19
176 114
193 164
193 76
193 62
193 124
167 7
167 60
167 187
167 105
7 150
7 34
101 77
101 122
164 19
164 148
164 114
117 129
117 123
117 113
151 215
151 11
151 103
19 127
19 70
19 60
19 113
19 11
76 150
76 60
76 87
76 114
76 9
215 107
150 77
150 17
150 11
150 50
150 124
150 34
77 60
77 94
77 11
77 114
77 34
77 107
116 9
4 113
4 56
180 122
180 60
180 87
180 201
122 103
122 144
122 201
127 60
127 113
127 187
70 103
70 56
60 62
60 114
129 17
129 144
129 9
123 187
123 11
123 50
123 107
113 11
87 105
87 103
87 201
87 124
87 34
17 11
17 50
187 200
187 105
187 103
187 148
187 144
187 114
187 56
62 105
62 6
94 11
94 6
94 34
200 50
200 34
105 148
11 201
11 9
50 114
50 107
148 114
144 201
144 107
114 56
34 56
