*verties 213
46
123
186
202
91
72
97
197
6
143
149
158
12
15
60
128
26
96
69
148
145
146
206
64
89
114
102
98
200
29
103
111
43
113
101
196
45
170
127
216
54
140
33
73
80
78
203
9
191
120
93
104
174
23
119
175
112
39
70
76
165
61
137
184
13
183
155
34
199
108
129
204
107
94
83
7
24
90
131
122
100
2
117
71
132
210
168
194
81
37
67
85
35
28
136
164
188
10
213
62
95
208
205
218
86
116
185
21
192
125
209
56
133
75
38
167
130
178
189
74
150
8
58
154
171
41
55
63
30
16
176
180
84
36
14
179
211
115
138
139
47
198
18
49
110
88
42
215
5
201
52
195
163
68
173
87
82
193
169
219
92
40
177
106
212
121
27
22
190
51
77
141
66
159
19
134
156
214
11
109
53
160
153
0
151
187
126
157
1
99
217
59
32
144
181
166
3
162
124
50
118
152
135
48
147
207
142
182
31
4
79
105
17
*edges 
46 158
46 15
46 60
46 26
46 69
46 145
46 146
46 29
46 216
46 104
46 119
46 112
46 76
46 184
46 108
46 204
46 83
46 117
46 210
46 37
46 28
46 164
46 10
46 185
46 21
46 192
46 56
46 167
46 178
46 154
46 16
46 14
46 138
46 49
46 42
46 5
46 27
46 51
46 141
46 66
46 159
46 214
46 53
46 153
46 157
46 1
46 144
46 124
46 50
46 17
123 6
123 15
123 206
123 64
123 43
123 45
123 170
123 78
123 9
123 120
123 39
123 61
123 137
123 34
123 199
123 24
123 122
123 100
123 210
123 168
123 81
123 188
123 62
123 205
123 38
123 130
123 178
123 74
123 150
123 55
123 63
123 176
123 14
123 139
123 49
123 42
123 201
123 87
123 169
123 219
123 40
123 106
123 27
123 22
123 214
123 153
123 187
123 126
123 59
123 144
123 162
123 79
123 17
186 197
186 158
186 15
186 60
186 89
186 98
186 200
186 103
186 113
186 127
186 140
186 73
186 78
186 203
186 9
186 174
186 112
186 76
186 61
186 137
186 184
186 155
186 34
186 24
186 122
186 117
186 71
186 81
186 67
186 188
186 208
186 116
186 185
186 21
186 133
186 167
186 58
186 154
186 171
186 30
186 115
186 138
186 47
186 49
186 88
186 42
186 5
186 201
186 195
186 163
186 68
186 92
186 190
186 77
186 109
186 151
186 59
186 32
186 181
186 166
186 3
186 124
186 152
186 105
202 15
202 26
202 69
202 64
202 89
202 33
202 73
202 203
202 93
202 104
202 165
202 108
202 129
202 24
202 90
202 132
202 194
202 35
202 136
202 188
202 205
202 209
202 63
202 14
202 139
202 42
202 215
202 201
202 163
202 68
202 87
202 193
202 219
202 121
202 160
202 151
202 157
202 144
202 207
202 4
91 6
91 158
91 26
91 148
91 145
91 111
91 113
91 101
91 196
91 140
91 73
91 119
91 175
91 76
91 13
91 108
91 107
91 131
91 71
91 178
91 189
91 74
91 180
91 211
91 115
91 198
91 52
91 219
91 92
91 40
91 22
91 77
91 141
91 159
91 160
91 151
91 99
91 217
91 32
91 181
91 50
91 152
91 48
91 207
91 31
91 4
72 6
72 148
72 89
72 102
72 196
72 45
72 73
72 191
72 120
72 119
72 183
72 155
72 204
72 131
72 37
72 164
72 185
72 56
72 8
72 58
72 41
72 30
72 36
72 198
72 18
72 110
72 52
72 68
72 169
72 27
72 22
72 141
72 159
72 134
72 156
72 109
72 53
72 126
72 217
72 166
72 50
72 152
72 207
72 142
72 4
97 158
97 12
97 128
97 69
97 64
97 89
97 103
97 111
97 170
97 127
97 140
97 73
97 78
97 203
97 9
97 93
97 174
97 112
97 165
97 137
97 13
97 155
97 108
97 129
97 204
97 107
97 7
97 122
97 71
97 95
97 116
97 125
97 8
97 171
97 55
97 36
97 138
97 195
97 68
97 87
97 82
97 92
97 177
97 22
97 159
97 19
97 0
97 126
97 217
97 59
97 3
97 162
197 6
197 149
197 158
197 128
197 148
197 146
197 200
197 103
197 127
197 33
197 93
197 39
197 61
197 137
197 183
197 107
197 94
197 83
197 90
197 2
197 194
197 67
197 85
197 188
197 213
197 86
197 21
197 192
197 56
197 38
197 74
197 30
197 176
197 180
197 36
197 14
197 211
197 110
197 88
197 68
197 92
197 40
197 212
197 134
197 160
197 162
197 152
197 207
197 105
6 69
6 206
6 64
6 89
6 170
6 216
6 80
6 9
6 119
6 112
6 70
6 61
6 184
6 155
6 199
6 108
6 204
6 7
6 2
6 210
6 85
6 213
6 95
6 208
6 125
6 75
6 167
6 178
6 58
6 154
6 41
6 176
6 88
6 82
6 193
6 19
6 109
6 160
6 157
6 152
6 207
6 142
6 182
6 4
6 105
143 149
143 69
143 146
143 64
143 103
143 43
143 170
143 78
143 174
143 175
143 76
143 34
143 107
143 132
143 67
143 85
143 28
143 164
143 188
143 205
143 209
143 167
143 178
143 16
143 176
143 198
143 18
143 49
143 110
143 163
143 82
143 121
143 51
143 77
143 159
143 134
143 214
143 109
143 126
143 99
143 59
143 3
143 124
143 152
143 207
149 158
149 60
149 148
149 146
149 29
149 9
149 119
149 175
149 112
149 39
149 76
149 13
149 199
149 117
149 210
149 67
149 213
149 21
149 192
149 56
149 75
149 74
149 150
149 55
149 63
149 115
149 47
149 163
149 173
149 169
149 40
149 106
149 77
149 109
149 187
149 126
149 217
149 32
149 144
149 166
149 3
149 50
149 152
149 135
149 142
149 182
149 31
149 17
158 69
158 146
158 114
158 98
158 216
158 80
158 174
158 23
158 119
158 112
158 61
158 184
158 13
158 34
158 107
158 94
158 24
158 90
158 117
158 132
158 67
158 85
158 10
158 95
158 208
158 185
158 133
158 30
158 16
158 176
158 36
158 14
158 47
158 215
158 82
158 92
158 40
158 121
158 27
158 51
158 19
158 109
158 53
158 151
158 32
158 3
158 118
158 135
158 147
158 79
12 15
12 128
12 26
12 145
12 64
12 114
12 98
12 113
12 101
12 54
12 73
12 104
12 112
12 76
12 137
12 204
12 83
12 100
12 132
12 194
12 37
12 164
12 188
12 95
12 86
12 21
12 125
12 75
12 38
12 8
12 171
12 30
12 16
12 179
12 47
12 18
12 42
12 52
12 68
12 193
12 169
12 141
12 134
12 11
12 187
12 126
12 157
12 59
12 3
12 50
12 118
12 152
12 142
12 182
12 31
15 26
15 96
15 145
15 206
15 98
15 103
15 45
15 170
15 54
15 140
15 78
15 9
15 120
15 155
15 108
15 107
15 90
15 2
15 71
15 132
15 81
15 218
15 56
15 178
15 74
15 154
15 171
15 41
15 42
15 82
15 22
15 19
15 160
15 151
15 187
15 126
15 217
15 3
15 162
15 142
15 4
15 79
60 128
60 69
60 114
60 102
60 113
60 80
60 78
60 203
60 9
60 93
60 76
60 13
60 155
60 131
60 210
60 81
60 67
60 35
60 188
60 218
60 192
60 38
60 130
60 178
60 150
60 63
60 179
60 211
60 138
60 88
60 173
60 219
60 92
60 40
60 66
60 19
60 11
60 153
60 187
60 99
60 105
128 89
128 98
128 29
128 78
128 203
128 191
128 165
128 61
128 184
128 204
128 94
128 24
128 71
128 37
128 188
128 62
128 192
128 209
128 38
128 130
128 178
128 58
128 154
128 30
128 180
128 115
128 201
128 52
128 82
128 92
128 177
128 77
128 134
128 160
128 0
128 187
128 126
128 144
128 152
128 207
128 31
128 79
26 96
26 64
26 98
26 29
26 111
26 23
26 119
26 175
26 112
26 90
26 100
26 168
26 10
26 86
26 116
26 185
26 125
26 56
26 133
26 178
26 189
26 41
26 36
26 18
26 49
26 5
26 195
26 173
26 212
26 121
26 190
26 51
26 77
26 66
26 11
26 124
26 135
26 142
26 182
96 146
96 64
96 102
96 111
96 101
96 196
96 73
96 80
96 174
96 175
96 70
96 184
96 108
96 204
96 83
96 7
96 131
96 122
96 117
96 168
96 194
96 37
96 67
96 85
96 136
96 10
96 185
96 21
96 192
96 125
96 56
96 75
96 130
96 154
96 55
96 176
96 115
96 47
96 49
96 193
96 40
96 106
96 51
96 141
96 153
96 126
96 135
96 48
96 31
96 17
69 64
69 102
69 98
69 111
69 43
69 113
69 101
69 196
69 45
69 170
69 191
69 175
69 165
69 183
69 108
69 94
69 7
69 24
69 132
69 164
69 188
69 192
69 38
69 180
69 84
69 179
69 211
69 198
69 5
69 173
69 51
69 77
69 141
69 19
69 160
69 153
69 151
69 157
69 217
69 181
69 166
69 124
69 135
69 147
69 17
148 145
148 206
148 98
148 113
148 70
148 184
148 129
148 204
148 83
148 90
148 131
148 2
148 71
148 37
148 67
148 28
148 164
148 185
148 21
148 192
148 38
148 8
148 63
148 176
148 180
148 211
148 115
148 138
148 47
148 198
148 49
148 215
148 5
148 163
148 106
148 190
148 77
148 159
148 214
148 109
148 160
148 151
148 187
148 162
148 124
148 152
145 114
145 98
145 43
145 170
145 216
145 140
145 33
145 80
145 203
145 175
145 24
145 100
145 117
145 132
145 210
145 164
145 208
145 116
145 192
145 75
145 38
145 178
145 8
145 154
145 41
145 84
145 179
145 115
145 138
145 139
145 198
145 49
145 42
145 195
145 173
145 92
145 121
145 51
145 19
145 134
145 109
145 160
145 0
145 187
145 157
145 1
145 59
145 144
145 166
145 162
145 135
145 4
146 89
146 111
146 43
146 113
146 101
146 216
146 73
146 9
146 104
146 70
146 76
146 165
146 108
146 129
146 94
146 90
146 168
146 67
146 28
146 136
146 62
146 95
146 205
146 218
146 192
146 209
146 133
146 130
146 178
146 8
146 41
146 55
146 16
146 36
146 14
146 179
146 110
146 52
146 195
146 163
146 40
146 190
146 141
146 66
146 159
146 11
146 153
146 1
146 59
146 144
146 162
146 118
146 135
146 48
206 64
206 29
206 127
206 216
206 80
206 23
206 39
206 155
206 108
206 129
206 7
206 100
206 71
206 132
206 81
206 67
206 85
206 188
206 208
206 205
206 185
206 21
206 56
206 41
206 179
206 211
206 115
206 198
206 5
206 173
206 219
206 51
206 141
206 134
206 214
206 11
206 153
206 0
206 1
206 99
206 32
206 181
206 3
206 124
206 135
206 79
206 105
206 17
64 98
64 103
64 127
64 140
64 33
64 203
64 9
64 191
64 175
64 39
64 165
64 61
64 155
64 34
64 2
64 132
64 81
64 37
64 10
64 218
64 185
64 21
64 30
64 180
64 211
64 139
64 47
64 18
64 49
64 42
64 5
64 201
64 195
64 68
64 87
64 92
64 40
64 177
64 106
64 121
64 51
64 77
64 159
64 214
64 53
64 153
64 0
64 126
64 217
64 32
64 162
64 105
89 200
89 103
89 111
89 113
89 170
89 73
89 80
89 203
89 9
89 76
89 137
89 204
89 94
89 83
89 90
89 71
89 194
89 37
89 67
89 192
89 125
89 75
89 178
89 150
89 171
89 30
89 180
89 84
89 115
89 139
89 42
89 5
89 106
89 27
89 77
89 159
89 19
89 134
89 109
89 187
89 59
89 32
89 152
89 31
114 98
114 103
114 43
114 196
114 45
114 216
114 54
114 119
114 175
114 39
114 61
114 34
114 108
114 107
114 90
114 2
114 71
114 194
114 81
114 35
114 218
114 58
114 154
114 171
114 30
114 16
114 176
114 84
114 36
114 179
114 88
114 42
114 215
114 5
114 163
114 68
114 87
114 27
114 156
114 109
114 0
114 3
114 124
114 31
114 105
102 111
102 45
102 216
102 78
102 70
102 165
102 183
102 155
102 199
102 129
102 107
102 7
102 122
102 2
102 117
102 71
102 28
102 10
102 95
102 192
102 75
102 178
102 150
102 41
102 55
102 176
102 115
102 49
102 201
102 52
102 87
102 82
102 106
102 212
102 121
102 153
102 0
102 151
102 126
102 157
102 59
102 144
102 166
102 124
102 50
102 147
102 207
102 79
102 105
98 200
98 29
98 101
98 127
98 80
98 203
98 174
98 23
98 119
98 39
98 76
98 137
98 24
98 90
98 122
98 2
98 210
98 81
98 37
98 164
98 188
98 213
98 62
98 95
98 208
98 185
98 56
98 38
98 74
98 58
98 180
98 139
98 49
98 193
98 169
98 51
98 77
98 141
98 66
98 159
98 134
98 156
98 214
98 0
98 157
98 166
98 162
98 152
98 48
98 147
98 142
98 105
200 43
200 101
200 170
200 78
200 203
200 9
200 175
200 183
200 83
200 122
200 2
200 117
200 132
200 85
200 10
200 95
200 192
200 74
200 58
200 176
200 36
200 49
200 5
200 173
200 212
200 190
200 51
200 66
200 160
200 187
200 99
200 217
200 181
200 118
200 207
200 142
200 105
29 103
29 80
29 93
29 175
29 112
29 70
29 137
29 199
29 108
29 83
29 117
29 67
29 85
29 10
29 62
29 208
29 218
29 116
29 125
29 209
29 38
29 178
29 189
29 41
29 55
29 63
29 176
29 49
29 215
29 5
29 68
29 92
29 121
29 27
29 22
29 51
29 77
29 141
29 156
29 214
29 166
29 118
103 111
103 113
103 73
103 80
103 78
103 9
103 112
103 70
103 76
103 183
103 155
103 204
103 90
103 37
103 35
103 164
103 208
103 218
103 125
103 167
103 130
103 171
103 41
103 30
103 115
103 18
103 110
103 88
103 215
103 5
103 219
103 92
103 40
103 106
103 121
103 190
103 51
103 159
103 214
103 160
103 1
103 32
103 162
103 50
103 135
103 147
103 31
103 17
111 113
111 80
111 120
111 93
111 165
111 137
111 183
111 24
111 122
111 194
111 67
111 188
111 208
111 218
111 116
111 75
111 167
111 74
111 150
111 8
111 58
111 55
111 176
111 84
111 18
111 42
111 68
111 82
111 169
111 40
111 106
111 141
111 159
111 19
111 134
111 160
111 153
111 187
111 59
111 32
111 144
111 162
111 50
111 48
111 142
111 182
111 4
111 105
43 113
43 45
43 170
43 78
43 203
43 191
43 120
43 104
43 119
43 175
43 165
43 61
43 13
43 108
43 83
43 100
43 132
43 67
43 35
43 208
43 218
43 86
43 21
43 209
43 56
43 41
43 55
43 63
43 14
43 179
43 211
43 47
43 198
43 88
43 201
43 195
43 173
43 193
43 169
43 92
43 106
43 121
43 66
43 166
43 162
43 152
43 207
43 4
113 45
113 170
113 203
113 9
113 104
113 23
113 137
113 155
113 108
113 7
113 122
113 168
113 194
113 136
113 62
113 209
113 56
113 75
113 130
113 178
113 154
113 41
113 30
113 115
113 110
113 88
113 68
113 87
113 193
113 219
113 106
113 212
113 27
113 190
113 51
113 153
113 0
113 157
113 1
113 99
113 135
113 48
113 142
113 31
101 73
101 78
101 203
101 120
101 93
101 137
101 34
101 129
101 94
101 131
101 71
101 210
101 35
101 28
101 209
101 56
101 38
101 167
101 74
101 211
101 163
101 193
101 177
101 212
101 22
101 77
101 141
101 66
101 159
101 109
101 153
101 1
101 59
101 144
101 181
101 50
101 142
101 182
196 216
196 80
196 120
196 93
196 174
196 119
196 112
196 34
196 129
196 71
196 168
196 194
196 37
196 28
196 208
196 86
196 185
196 56
196 133
196 150
196 8
196 30
196 176
196 14
196 211
196 215
196 201
196 52
196 169
196 177
196 106
196 190
196 77
196 141
196 19
196 214
196 160
196 153
196 126
196 1
196 59
196 32
196 50
196 152
196 48
196 142
45 216
45 54
45 73
45 78
45 175
45 70
45 184
45 13
45 155
45 129
45 122
45 117
45 37
45 67
45 213
45 95
45 125
45 209
45 150
45 8
45 154
45 180
45 14
45 211
45 18
45 5
45 163
45 87
45 27
45 66
45 11
45 109
45 53
45 187
45 157
45 1
45 99
45 144
45 166
45 3
45 50
45 118
45 152
45 147
45 17
170 80
170 78
170 119
170 39
170 70
170 184
170 34
170 107
170 122
170 168
170 67
170 35
170 188
170 213
170 208
170 218
170 86
170 116
170 21
170 192
170 56
170 38
170 16
170 179
170 211
170 18
170 195
170 68
170 87
170 82
170 169
170 40
170 121
170 141
170 159
170 156
170 214
170 11
170 109
170 153
170 0
170 151
170 187
170 1
170 59
170 32
170 3
170 147
170 4
170 79
127 203
127 61
127 199
127 7
127 100
127 81
127 67
127 136
127 188
127 213
127 218
127 192
127 154
127 63
127 180
127 198
127 215
127 52
127 68
127 87
127 82
127 169
127 92
127 66
127 159
127 134
127 156
127 109
127 53
127 160
127 157
127 152
127 48
127 207
127 4
216 80
216 78
216 9
216 93
216 39
216 61
216 183
216 83
216 24
216 132
216 37
216 85
216 28
216 10
216 208
216 209
216 167
216 150
216 63
216 30
216 16
216 88
216 42
216 201
216 52
216 82
216 193
216 141
216 66
216 134
216 0
216 151
216 126
216 99
216 217
216 59
216 144
216 181
216 118
216 152
216 182
216 4
54 120
54 174
54 137
54 13
54 155
54 108
54 136
54 10
54 189
54 41
54 63
54 176
54 36
54 47
54 18
54 49
54 5
54 219
54 92
54 109
54 151
54 1
54 59
54 152
54 142
140 33
140 73
140 9
140 175
140 165
140 13
140 34
140 199
140 108
140 129
140 131
140 100
140 210
140 194
140 28
140 136
140 10
140 213
140 125
140 209
140 133
140 75
140 58
140 171
140 84
140 115
140 138
140 49
140 110
140 195
140 87
140 82
140 92
140 27
140 190
140 51
140 109
140 160
140 157
140 99
140 217
140 166
140 162
140 124
140 50
140 142
140 31
140 79
33 78
33 93
33 23
33 112
33 61
33 184
33 107
33 94
33 7
33 24
33 90
33 100
33 2
33 71
33 132
33 168
33 85
33 35
33 136
33 164
33 188
33 133
33 38
33 167
33 189
33 8
33 30
33 18
33 110
33 68
33 87
33 51
33 77
33 66
33 134
33 153
33 157
33 99
33 59
33 3
33 162
33 135
33 48
33 147
73 203
73 120
73 119
73 175
73 112
73 165
73 13
73 129
73 131
73 122
73 100
73 71
73 37
73 28
73 130
73 47
73 110
73 201
73 52
73 173
73 82
73 169
73 177
73 190
73 160
73 1
73 32
73 144
73 181
73 3
73 162
73 152
73 135
73 31
73 105
73 17
80 78
80 203
80 119
80 70
80 76
80 183
80 204
80 94
80 90
80 210
80 168
80 188
80 10
80 116
80 58
80 171
80 55
80 176
80 138
80 47
80 110
80 5
80 201
80 173
80 169
80 106
80 212
80 22
80 77
80 160
80 181
80 142
80 4
78 203
78 9
78 191
78 120
78 104
78 174
78 39
78 137
78 183
78 199
78 204
78 83
78 90
78 122
78 132
78 164
78 95
78 208
78 218
78 116
78 125
78 133
78 38
78 167
78 178
78 74
78 8
78 171
78 63
78 176
78 180
78 36
78 211
78 138
78 47
78 52
78 163
78 177
78 121
78 27
78 159
78 214
78 153
78 157
78 99
78 181
78 152
78 105
203 104
203 175
203 112
203 39
203 70
203 204
203 90
203 131
203 117
203 168
203 194
203 35
203 62
203 21
203 150
203 41
203 55
203 16
203 176
203 36
203 179
203 211
203 110
203 5
203 193
203 177
203 121
203 22
203 156
203 11
203 53
203 153
203 0
203 187
203 1
203 217
203 59
203 3
203 124
203 152
203 48
9 175
9 70
9 76
9 183
9 7
9 132
9 210
9 67
9 136
9 213
9 62
9 86
9 21
9 192
9 38
9 74
9 8
9 41
9 63
9 180
9 179
9 138
9 5
9 201
9 87
9 169
9 92
9 40
9 177
9 22
9 77
9 159
9 156
9 214
9 160
9 0
9 157
9 166
9 50
9 207
9 31
9 4
9 17
191 120
191 119
191 175
191 112
191 61
191 184
191 108
191 129
191 131
191 122
191 210
191 168
191 67
191 35
191 213
191 62
191 116
191 167
191 178
191 171
191 63
191 180
191 84
191 36
191 179
191 139
191 198
191 49
191 110
191 215
191 193
191 92
191 177
191 121
191 27
191 22
191 51
191 53
191 160
191 153
191 157
191 162
191 50
191 142
191 79
191 105
120 112
120 165
120 61
120 129
120 94
120 83
120 100
120 71
120 132
120 168
120 194
120 136
120 188
120 10
120 213
120 62
120 218
120 130
120 150
120 8
120 154
120 63
120 84
120 115
120 49
120 215
120 5
120 68
120 169
120 92
120 141
120 134
120 160
120 153
120 1
120 3
120 118
120 135
120 207
120 105
93 174
93 175
93 13
93 155
93 108
93 24
93 2
93 132
93 210
93 67
93 28
93 164
93 213
93 205
93 38
93 8
93 180
93 36
93 211
93 201
93 87
93 92
93 40
93 177
93 141
93 159
93 214
93 53
93 153
93 187
93 1
93 99
93 124
93 50
93 118
93 135
93 17
104 175
104 112
104 165
104 204
104 122
104 37
104 35
104 136
104 188
104 208
104 209
104 38
104 130
104 171
104 30
104 49
104 88
104 42
104 195
104 163
104 177
104 106
104 190
104 160
104 126
104 181
104 50
104 118
104 105
174 39
174 70
174 76
174 184
174 183
174 108
174 129
174 24
174 90
174 131
174 168
174 67
174 28
174 136
174 95
174 218
174 192
174 209
174 189
174 16
174 176
174 14
174 18
174 5
174 52
174 68
174 87
174 82
174 219
174 141
174 19
174 156
174 11
174 160
174 151
174 59
174 144
174 50
174 118
174 31
23 175
23 165
23 184
23 13
23 34
23 129
23 90
23 208
23 56
23 133
23 38
23 189
23 63
23 176
23 36
23 201
23 68
23 173
23 177
23 22
23 141
23 134
23 53
23 153
23 151
23 187
23 157
23 144
23 162
23 124
23 118
23 152
23 48
119 70
119 183
119 204
119 24
119 100
119 2
119 168
119 37
119 85
119 188
119 213
119 208
119 116
119 21
119 192
119 56
119 133
119 167
119 189
119 150
119 58
119 30
119 179
119 115
119 47
119 198
119 88
119 52
119 68
119 82
119 92
119 177
119 212
119 77
119 19
119 109
119 1
119 144
119 124
119 142
119 182
175 70
175 61
175 137
175 184
175 155
175 34
175 199
175 108
175 107
175 94
175 7
175 24
175 90
175 71
175 28
175 10
175 208
175 21
175 192
175 125
175 167
175 130
175 189
175 139
175 18
175 88
175 215
175 5
175 195
175 163
175 219
175 66
175 19
175 11
175 53
175 153
175 187
175 126
175 99
175 166
175 162
175 48
175 4
175 105
175 17
112 70
112 155
112 34
112 108
112 204
112 83
112 71
112 67
112 136
112 95
112 218
112 125
112 133
112 171
112 63
112 180
112 179
112 211
112 138
112 47
112 198
112 18
112 215
112 52
112 92
112 177
112 212
112 121
112 77
112 19
112 156
112 1
112 99
112 59
112 144
112 3
112 162
112 152
112 142
112 79
39 184
39 34
39 100
39 2
39 117
39 71
39 168
39 81
39 136
39 164
39 95
39 218
39 167
39 150
39 58
39 41
39 30
39 84
39 115
39 139
39 215
39 195
39 190
39 51
39 66
39 159
39 19
39 126
39 162
39 124
39 50
39 118
39 135
39 142
70 137
70 34
70 108
70 24
70 122
70 117
70 71
70 85
70 35
70 116
70 209
70 130
70 36
70 14
70 179
70 139
70 49
70 110
70 88
70 42
70 201
70 82
70 51
70 66
70 214
70 126
70 1
70 181
70 162
70 147
70 79
76 61
76 13
76 155
76 100
76 71
76 28
76 188
76 205
76 218
76 21
76 192
76 56
76 167
76 189
76 171
76 18
76 110
76 88
76 52
76 193
76 27
76 51
76 77
76 214
76 11
76 160
76 151
76 1
76 181
76 124
76 50
76 135
76 79
76 17
165 199
165 108
165 129
165 83
165 131
165 117
165 71
165 132
165 168
165 194
165 164
165 213
165 62
165 205
165 185
165 192
165 125
165 178
165 74
165 58
165 171
165 41
165 180
165 138
165 139
165 198
165 52
165 163
165 40
165 22
165 51
165 109
165 160
165 217
165 144
165 181
165 162
165 50
165 135
165 48
165 105
61 204
61 83
61 7
61 71
61 132
61 37
61 28
61 136
61 164
61 208
61 205
61 86
61 116
61 192
61 74
61 154
61 171
61 30
61 180
61 84
61 36
61 179
61 18
61 49
61 215
61 52
61 193
61 40
61 121
61 190
61 51
61 156
61 214
61 160
61 151
61 157
61 99
61 162
61 50
61 207
61 182
61 31
61 4
61 17
137 184
137 183
137 34
137 107
137 24
137 210
137 85
137 10
137 95
137 218
137 125
137 56
137 75
137 55
137 176
137 49
137 212
137 190
137 11
137 53
137 160
137 0
137 151
137 187
137 157
137 217
137 3
137 135
184 199
184 107
184 24
184 132
184 210
184 10
184 205
184 218
184 116
184 185
184 192
184 133
184 75
184 130
184 150
184 8
184 58
184 55
184 16
184 211
184 115
184 138
184 198
184 87
184 82
184 121
184 134
184 109
184 151
184 126
184 1
184 124
13 34
13 94
13 100
13 125
13 56
13 38
13 8
13 63
13 16
13 36
13 18
13 52
13 193
13 40
13 177
13 106
13 121
13 27
13 190
13 51
13 19
13 214
13 160
13 126
13 144
13 50
13 135
13 142
13 4
13 105
13 17
183 155
183 34
183 108
183 129
183 7
183 24
183 131
183 194
183 67
183 62
183 95
183 116
183 185
183 133
183 130
183 58
183 171
183 84
183 198
183 18
183 110
183 52
183 87
183 82
183 27
183 51
183 141
183 156
183 11
183 109
183 0
183 151
183 187
183 126
183 32
183 181
183 162
183 50
183 118
183 135
183 31
183 4
155 108
155 122
155 218
155 209
155 167
155 74
155 55
155 63
155 211
155 115
155 139
155 198
155 18
155 42
155 5
155 201
155 52
155 195
155 163
155 173
155 219
155 212
155 159
155 19
155 153
155 157
155 135
155 207
155 142
34 199
34 122
34 117
34 71
34 194
34 35
34 164
34 62
34 185
34 125
34 150
34 154
34 14
34 179
34 47
34 110
34 42
34 52
34 195
34 163
34 40
34 66
34 214
34 53
34 157
34 59
34 144
34 166
34 142
34 31
34 4
34 105
199 108
199 107
199 83
199 24
199 90
199 117
199 71
199 132
199 210
199 37
199 136
199 62
199 21
199 209
199 130
199 74
199 41
199 84
199 36
199 211
199 138
199 139
199 198
199 110
199 42
199 163
199 40
199 106
199 27
199 22
199 159
199 19
199 214
199 11
199 109
199 53
199 153
199 187
199 144
199 3
199 50
199 118
199 182
199 79
108 107
108 24
108 194
108 37
108 67
108 10
108 62
108 208
108 192
108 189
108 154
108 176
108 84
108 47
108 215
108 5
108 169
108 219
108 40
108 212
108 121
108 27
108 190
108 51
108 156
108 109
108 53
108 1
108 59
108 144
108 50
108 207
108 142
108 105
108 17
129 83
129 168
129 81
129 95
129 205
129 185
129 192
129 125
129 75
129 178
129 63
129 180
129 115
129 139
129 47
129 49
129 52
129 169
129 177
129 190
129 77
129 159
129 134
129 156
129 214
129 144
129 50
129 118
129 207
129 182
204 117
204 71
204 194
204 28
204 95
204 208
204 218
204 209
204 56
204 74
204 154
204 171
204 55
204 180
204 139
204 198
204 18
204 42
204 52
204 163
204 40
204 177
204 190
204 77
204 19
204 53
204 0
204 1
204 144
204 181
204 50
204 152
204 182
204 17
107 83
107 90
107 100
107 2
107 210
107 81
107 35
107 28
107 62
107 95
107 185
107 209
107 56
107 133
107 38
107 154
107 171
107 55
107 63
107 180
107 115
107 47
107 5
107 173
107 193
107 169
107 219
107 212
107 27
107 141
107 66
107 134
107 109
107 160
107 217
107 3
107 162
107 118
107 152
107 135
107 147
107 4
107 105
107 17
94 83
94 90
94 131
94 122
94 117
94 168
94 37
94 67
94 85
94 136
94 188
94 10
94 62
94 116
94 125
94 133
94 167
94 189
94 150
94 171
94 41
94 176
94 115
94 139
94 18
94 110
94 88
94 68
94 173
94 169
94 219
94 40
94 177
94 22
94 134
94 214
94 217
94 59
94 181
94 3
94 152
94 4
94 17
83 7
83 24
83 2
83 210
83 168
83 81
83 37
83 85
83 35
83 28
83 136
83 213
83 62
83 208
83 133
83 75
83 167
83 74
83 150
83 41
83 180
83 14
83 47
83 198
83 18
83 49
83 87
83 106
83 157
83 59
83 50
83 118
83 135
83 147
7 90
7 131
7 2
7 210
7 168
7 67
7 35
7 213
7 62
7 205
7 56
7 38
7 189
7 154
7 16
7 84
7 47
7 18
7 215
7 201
7 163
7 68
7 173
7 82
7 219
7 92
7 40
7 212
7 121
7 22
7 19
7 1
7 217
7 166
7 124
7 50
7 152
7 142
7 182
24 131
24 100
24 2
24 194
24 37
24 67
24 218
24 56
24 130
24 150
24 30
24 52
24 163
24 106
24 190
24 77
24 141
24 19
24 156
24 53
24 157
24 1
24 166
24 105
24 17
90 2
90 117
90 71
90 210
90 194
90 35
90 213
90 62
90 208
90 125
90 209
90 133
90 74
90 154
90 41
90 55
90 16
90 180
90 36
90 138
90 110
90 52
90 87
90 212
90 22
90 187
90 126
90 157
90 1
90 99
90 217
90 181
90 118
90 135
90 79
90 105
131 122
131 100
131 2
131 194
131 67
131 56
131 167
131 8
131 58
131 171
131 41
131 180
131 14
131 110
131 88
131 195
131 173
131 193
131 169
131 212
131 121
131 27
131 22
131 66
131 19
131 126
131 217
131 144
131 3
131 152
131 48
131 142
122 194
122 37
122 164
122 188
122 218
122 21
122 38
122 167
122 58
122 36
122 179
122 115
122 138
122 18
122 88
122 195
122 173
122 82
122 92
122 177
122 106
122 212
122 22
122 51
122 77
122 11
122 160
122 151
122 126
122 157
122 144
122 166
122 118
122 147
122 182
122 4
100 67
100 62
100 95
100 86
100 56
100 38
100 150
100 55
100 84
100 211
100 18
100 110
100 5
100 68
100 212
100 27
100 141
100 66
100 134
100 214
100 160
100 0
100 32
100 144
100 181
100 124
100 152
100 147
100 207
100 182
100 31
100 4
100 79
2 168
2 194
2 81
2 67
2 136
2 86
2 116
2 125
2 56
2 133
2 167
2 55
2 63
2 14
2 115
2 138
2 52
2 173
2 193
2 106
2 121
2 153
2 166
2 3
2 162
2 48
2 4
2 79
2 105
117 168
117 81
117 37
117 67
117 10
117 62
117 125
117 74
117 8
117 41
117 176
117 198
117 173
117 87
117 40
117 212
117 156
117 153
117 217
117 32
117 144
117 50
117 118
117 135
117 182
71 210
71 194
71 35
71 95
71 218
71 21
71 125
71 130
71 74
71 30
71 47
71 198
71 110
71 42
71 215
71 201
71 173
71 87
71 193
71 92
71 141
71 159
71 11
71 151
71 99
71 59
71 181
71 3
71 162
71 152
71 4
71 17
132 81
132 37
132 10
132 21
132 192
132 178
132 74
132 150
132 171
132 55
132 110
132 52
132 163
132 68
132 193
132 159
132 134
132 156
132 214
132 109
132 160
132 153
132 0
132 126
132 3
132 118
132 152
132 142
132 182
132 79
132 105
210 168
210 81
210 35
210 28
210 205
210 192
210 56
210 133
210 178
210 74
210 150
210 154
210 41
210 55
210 63
210 84
210 36
210 179
210 163
210 169
210 219
210 121
210 134
210 153
210 1
210 99
210 59
210 32
210 50
210 135
210 207
210 182
168 194
168 81
168 188
168 192
168 133
168 75
168 178
168 150
168 8
168 58
168 41
168 63
168 30
168 36
168 14
168 211
168 139
168 110
168 42
168 195
168 87
168 82
168 177
168 106
168 22
168 190
168 77
168 156
168 160
168 59
168 144
168 3
168 162
168 31
194 37
194 28
194 188
194 10
194 38
194 178
194 150
194 30
194 88
194 42
194 52
194 82
194 212
194 22
194 190
194 77
194 66
194 156
194 99
194 135
194 182
194 31
81 35
81 188
81 208
81 125
81 209
81 75
81 167
81 178
81 74
81 16
81 84
81 138
81 198
81 18
81 88
81 42
81 195
81 163
81 173
81 193
81 219
81 40
81 177
81 106
81 212
81 190
81 141
81 19
81 11
81 59
81 135
81 48
81 207
81 4
81 105
81 17
37 136
37 116
37 185
37 133
37 189
37 63
37 176
37 84
37 14
37 139
37 42
37 215
37 5
37 52
37 92
37 40
37 27
37 190
37 156
37 153
37 0
37 157
37 99
37 166
37 124
37 118
37 17
67 136
67 62
67 95
67 116
67 38
67 167
67 130
67 74
67 171
67 84
67 211
67 49
67 110
67 68
67 193
67 19
67 160
67 153
67 126
67 99
67 48
67 147
67 142
67 182
67 31
67 4
67 105
85 164
85 21
85 209
85 167
85 189
85 171
85 63
85 30
85 14
85 179
85 139
85 215
85 163
85 219
85 177
85 106
85 212
85 27
85 19
85 11
85 53
85 126
85 99
85 217
85 181
85 166
85 124
85 118
85 135
85 147
85 182
35 136
35 164
35 208
35 205
35 21
35 56
35 133
35 178
35 41
35 30
35 176
35 211
35 115
35 198
35 88
35 215
35 68
35 82
35 51
35 19
35 11
35 53
35 160
35 126
35 48
35 142
35 31
35 105
28 95
28 208
28 205
28 185
28 56
28 38
28 16
28 180
28 115
28 139
28 47
28 198
28 42
28 215
28 173
28 27
28 51
28 19
28 134
28 53
28 151
28 59
28 166
28 147
28 207
28 4
28 79
28 17
136 188
136 213
136 62
136 116
136 125
136 55
136 16
136 176
136 84
136 36
136 115
136 42
136 201
136 163
136 219
136 177
136 77
136 153
136 187
136 126
136 99
136 181
136 118
136 207
136 4
164 213
164 218
164 86
164 21
164 192
164 125
164 75
164 130
164 178
164 150
164 58
164 41
164 30
164 47
164 49
164 110
164 5
164 163
164 169
164 177
164 66
164 134
164 109
164 153
164 151
164 187
164 99
164 144
164 166
164 3
164 118
164 135
164 142
164 105
188 10
188 213
188 116
188 56
188 133
188 74
188 150
188 171
188 180
188 179
188 115
188 49
188 5
188 169
188 212
188 134
188 156
188 11
188 109
188 153
188 151
188 1
188 147
188 4
188 79
188 105
10 185
10 75
10 130
10 189
10 74
10 150
10 154
10 171
10 55
10 47
10 110
10 52
10 68
10 169
10 92
10 40
10 212
10 22
10 141
10 66
10 159
10 109
10 151
10 187
10 217
10 181
10 124
10 50
10 118
10 207
10 79
213 21
213 125
213 130
213 211
213 139
213 18
213 88
213 42
213 193
213 177
213 106
213 51
213 77
213 141
213 66
213 214
213 109
213 53
213 144
213 142
213 31
62 208
62 116
62 192
62 167
62 58
62 63
62 211
62 18
62 215
62 5
62 177
62 121
62 27
62 190
62 11
62 53
62 160
62 187
62 181
62 50
62 118
62 152
62 147
62 105
95 86
95 192
95 125
95 178
95 154
95 63
95 30
95 16
95 176
95 180
95 198
95 110
95 42
95 52
95 82
95 40
95 27
95 156
95 109
95 53
95 151
95 99
95 32
95 144
95 147
95 31
95 4
208 185
208 21
208 125
208 167
208 130
208 58
208 154
208 171
208 16
208 36
208 211
208 138
208 195
208 87
208 169
208 92
208 22
208 141
208 66
208 159
208 126
208 157
208 217
208 124
208 147
208 207
208 31
205 116
205 185
205 21
205 192
205 209
205 38
205 167
205 178
205 74
205 8
205 154
205 41
205 14
205 179
205 198
205 110
205 88
205 215
205 201
205 52
205 195
205 163
205 68
205 177
205 106
205 212
205 27
205 22
205 190
205 77
205 53
205 0
205 144
205 166
205 3
205 124
205 135
205 17
218 133
218 74
218 179
218 211
218 139
218 49
218 92
218 40
218 121
218 22
218 190
218 66
218 159
218 214
218 153
218 0
218 157
218 1
218 147
218 207
218 142
218 182
218 4
86 185
86 56
86 38
86 150
86 8
86 58
86 41
86 84
86 36
86 115
86 139
86 215
86 106
86 121
86 22
86 53
86 0
86 157
86 3
86 124
86 50
86 135
86 142
86 17
116 192
116 125
116 56
116 75
116 130
116 74
116 8
116 58
116 55
116 63
116 176
116 42
116 201
116 195
116 163
116 68
116 173
116 193
116 212
116 22
116 77
116 66
116 214
116 153
116 0
116 187
116 157
116 1
116 59
116 50
116 48
116 147
116 142
116 4
185 192
185 75
185 74
185 41
185 55
185 16
185 180
185 84
185 139
185 47
185 49
185 5
185 52
185 195
185 173
185 177
185 134
185 11
185 187
185 157
185 1
185 99
185 3
185 207
21 192
21 209
21 167
21 36
21 49
21 110
21 215
21 52
21 173
21 193
21 169
21 177
21 22
21 190
21 66
21 11
21 0
21 187
21 1
21 32
21 144
21 181
21 207
192 167
192 58
192 14
192 211
192 138
192 49
192 110
192 88
192 215
192 5
192 201
192 173
192 169
192 177
192 212
192 51
192 77
192 134
192 53
192 153
192 162
192 50
192 147
125 178
125 58
125 41
125 176
125 84
125 139
125 88
125 215
125 163
125 177
125 22
125 77
125 66
125 156
125 11
125 53
125 0
125 59
125 144
125 166
125 162
125 48
125 207
125 79
209 154
209 84
209 179
209 211
209 138
209 139
209 49
209 110
209 5
209 201
209 163
209 219
209 27
209 22
209 51
209 66
209 159
209 134
209 11
209 153
209 187
209 32
209 166
209 152
209 147
209 207
209 31
209 105
56 75
56 189
56 58
56 154
56 41
56 30
56 84
56 36
56 179
56 110
56 42
56 52
56 169
56 106
56 212
56 121
56 22
56 51
56 153
56 151
56 1
56 59
56 166
56 3
56 124
56 142
56 105
56 17
133 75
133 154
133 63
133 179
133 42
133 215
133 52
133 82
133 193
133 219
133 106
133 121
133 27
133 66
133 156
133 151
133 126
133 99
133 181
133 135
133 147
133 142
133 31
75 41
75 176
75 36
75 211
75 18
75 88
75 215
75 195
75 163
75 68
75 219
75 27
75 190
75 51
75 141
75 66
75 19
75 214
75 109
75 153
75 0
75 1
75 166
75 135
75 79
38 74
38 150
38 8
38 58
38 36
38 139
38 198
38 42
38 201
38 68
38 177
38 106
38 19
38 157
38 99
38 59
38 50
38 135
38 105
38 17
167 150
167 171
167 55
167 30
167 138
167 139
167 49
167 42
167 215
167 201
167 163
167 68
167 169
167 212
167 66
167 19
167 53
167 160
167 151
167 126
167 166
167 124
167 152
167 48
167 182
167 4
130 150
130 63
130 179
130 211
130 47
130 88
130 201
130 163
130 173
130 82
130 169
130 92
130 40
130 106
130 77
130 160
130 151
130 1
130 59
130 32
130 118
130 207
178 74
178 150
178 41
178 63
178 180
178 36
178 14
178 138
178 215
178 68
178 219
178 77
178 66
178 53
178 153
178 151
178 157
178 99
178 217
178 59
178 144
178 118
178 135
178 142
178 105
178 17
189 58
189 154
189 176
189 180
189 36
189 139
189 110
189 5
189 68
189 169
189 177
189 121
189 159
189 156
189 153
189 187
189 166
189 50
189 147
189 142
189 182
189 4
189 105
74 150
74 58
74 154
74 55
74 30
74 16
74 36
74 139
74 52
74 173
74 212
74 27
74 22
74 66
74 0
74 1
74 99
74 162
74 118
74 135
74 142
74 31
74 79
74 105
150 171
150 176
150 180
150 14
150 179
150 18
150 110
150 163
150 68
150 212
150 190
150 134
150 214
150 162
150 147
150 105
8 58
8 154
8 176
8 179
8 115
8 139
8 47
8 18
8 52
8 195
8 163
8 82
8 169
8 92
8 106
8 19
8 53
8 153
8 157
8 59
8 32
8 144
8 124
8 118
8 152
8 135
8 48
8 4
8 17
58 36
58 18
58 201
58 106
58 212
58 27
58 66
58 19
58 109
58 99
58 32
58 144
58 166
58 3
58 162
58 50
58 135
58 147
58 182
58 79
58 105
154 55
154 63
154 198
154 18
154 49
154 42
154 5
154 52
154 82
154 177
154 27
154 51
154 159
154 214
154 153
154 187
154 99
154 32
154 181
154 152
154 135
154 182
154 17
171 41
171 30
171 16
171 84
171 36
171 179
171 110
171 88
171 201
171 52
171 82
171 177
171 106
171 212
171 159
171 19
171 160
171 153
171 151
171 157
171 1
171 32
171 3
171 162
171 118
171 182
171 31
171 79
171 105
41 16
41 180
41 215
41 195
41 87
41 169
41 157
41 1
41 59
41 181
41 3
41 162
41 124
41 50
41 118
41 152
41 135
41 142
55 30
55 211
55 18
55 49
55 88
55 5
55 195
55 87
55 193
55 106
55 27
55 22
55 141
55 156
55 53
55 153
55 187
55 1
55 166
55 162
55 124
55 147
55 207
55 31
63 179
63 138
63 88
63 52
63 193
63 169
63 40
63 212
63 121
63 22
63 134
63 156
63 53
63 153
63 187
63 1
63 99
63 217
63 166
63 124
63 152
63 135
63 207
63 142
63 182
63 31
63 4
63 17
30 176
30 180
30 84
30 138
30 47
30 110
30 215
30 201
30 82
30 92
30 190
30 77
30 141
30 109
30 187
30 157
30 1
30 144
30 166
30 207
30 31
16 176
16 211
16 5
16 163
16 193
16 169
16 177
16 190
16 134
16 53
16 99
16 48
176 14
176 115
176 47
176 18
176 110
176 52
176 195
176 163
176 87
176 169
176 219
176 40
176 27
176 141
176 66
176 156
176 53
176 151
176 217
176 4
176 79
176 17
180 115
180 138
180 49
180 42
180 201
180 173
180 87
180 193
180 219
180 177
180 212
180 190
180 159
180 134
180 217
180 59
180 144
180 166
180 162
180 152
180 135
180 48
180 147
180 142
180 4
84 179
84 198
84 18
84 88
84 5
84 201
84 68
84 82
84 193
84 106
84 51
84 77
84 66
84 156
84 160
84 187
84 126
84 157
84 59
84 32
84 181
84 135
36 179
36 138
36 42
36 195
36 173
36 193
36 169
36 27
36 22
36 190
36 66
36 159
36 134
36 109
36 126
36 157
36 50
36 135
36 48
36 147
14 115
14 47
14 198
14 18
14 49
14 42
14 5
14 52
14 82
14 92
14 177
14 106
14 27
14 77
14 19
14 156
14 151
14 187
14 1
14 31
179 115
179 138
179 18
179 5
179 52
179 87
179 77
179 19
179 214
179 187
179 157
179 1
179 99
179 217
179 144
179 166
179 50
179 147
179 207
179 31
179 79
211 201
211 52
211 68
211 87
211 92
211 212
211 27
211 66
211 160
211 187
211 59
211 32
211 166
211 162
211 135
211 105
211 17
115 88
115 42
115 201
115 195
115 87
115 22
115 190
115 159
115 19
115 53
115 187
115 157
115 59
115 144
115 118
115 135
115 207
115 79
138 47
138 110
138 163
138 87
138 40
138 177
138 212
138 121
138 19
138 156
138 0
138 32
138 166
138 3
138 50
138 207
138 142
138 17
139 49
139 110
139 88
139 201
139 173
139 82
139 219
139 92
139 212
139 159
139 134
139 187
139 99
139 166
139 50
139 118
139 152
139 135
139 147
139 17
47 42
47 52
47 163
47 173
47 87
47 40
47 121
47 190
47 51
47 19
47 156
47 214
47 160
47 151
47 187
47 126
47 162
47 118
47 48
47 31
198 201
198 195
198 163
198 173
198 190
198 51
198 66
198 159
198 156
198 160
198 151
198 217
198 50
198 142
198 182
18 52
18 87
18 27
18 190
18 77
18 66
18 156
18 214
18 160
18 157
18 147
18 79
49 88
49 5
49 52
49 195
49 219
49 190
49 156
49 3
49 124
49 50
49 135
49 207
49 4
110 215
110 173
110 87
110 212
110 27
110 1
110 217
110 32
110 3
110 207
88 215
88 52
88 87
88 193
88 106
88 212
88 22
88 141
88 159
88 19
88 134
88 53
88 160
88 0
88 126
88 181
88 166
88 50
88 105
42 5
42 201
42 195
42 68
42 193
42 106
42 212
42 190
42 77
42 19
42 214
42 109
42 153
42 0
42 151
42 187
42 157
42 99
42 144
42 181
42 3
42 50
42 118
42 17
215 87
215 169
215 219
215 40
215 77
215 159
215 156
215 160
215 153
215 1
215 59
215 144
215 207
215 142
215 182
215 79
215 105
5 68
5 87
5 193
5 40
5 121
5 190
5 77
5 156
5 11
5 160
5 0
5 187
5 157
5 1
5 217
5 32
5 142
5 17
201 52
201 195
201 169
201 121
201 66
201 19
201 157
201 1
201 144
201 162
201 50
201 147
201 31
201 17
52 195
52 173
52 219
52 92
52 121
52 27
52 190
52 77
52 19
52 156
52 153
52 126
52 157
52 99
52 217
52 3
52 124
52 207
52 182
52 31
195 169
195 190
195 77
195 19
195 11
195 53
195 151
195 1
195 32
195 166
195 124
195 152
195 135
195 207
195 142
195 4
195 17
163 82
163 169
163 106
163 212
163 22
163 66
163 214
163 11
163 160
163 187
163 217
163 181
163 124
163 50
163 118
163 48
163 207
163 4
68 87
68 169
68 22
68 77
68 159
68 214
68 53
68 1
68 32
68 124
68 118
173 82
173 27
173 77
173 156
173 53
173 160
173 1
173 217
173 181
173 152
173 135
173 142
173 79
173 105
87 92
87 177
87 22
87 141
87 19
87 134
87 11
87 109
87 53
87 160
87 153
87 162
87 50
87 48
87 142
87 17
82 212
82 27
82 51
82 77
82 19
82 109
82 53
82 0
82 151
82 187
82 126
82 99
82 32
82 124
82 147
193 92
193 212
193 22
193 51
193 53
193 160
193 153
193 0
193 187
193 1
193 118
193 152
193 135
193 207
193 105
193 17
169 212
169 27
169 159
169 11
169 53
169 160
169 153
169 151
169 32
169 166
169 152
169 4
219 212
219 27
219 190
219 141
219 156
219 214
219 11
219 109
219 126
219 118
219 48
219 147
219 207
219 31
219 79
219 17
92 212
92 27
92 22
92 51
92 66
92 159
92 214
92 151
92 1
92 32
92 144
92 152
92 182
92 4
92 79
40 141
40 126
40 157
40 4
40 105
177 106
177 121
177 77
177 214
177 151
177 187
177 157
177 1
177 32
177 118
106 27
106 51
106 156
106 160
106 126
106 1
106 99
106 118
106 152
106 135
212 27
212 51
212 19
212 160
212 153
212 1
212 99
212 144
212 181
212 152
212 142
212 105
212 17
121 190
121 11
121 53
121 160
121 0
121 187
121 157
121 99
121 142
121 105
121 17
27 22
27 134
27 214
27 126
27 59
27 181
27 3
27 162
27 31
27 79
22 19
22 109
22 157
22 1
22 144
22 166
22 124
22 50
22 152
22 207
22 4
22 105
190 51
190 141
190 66
190 159
190 19
190 156
190 0
190 157
190 217
190 144
190 135
190 79
51 66
51 19
51 134
51 214
51 109
51 53
51 126
51 157
51 217
51 3
51 124
51 50
51 152
51 135
51 4
51 105
77 141
77 159
77 160
77 0
77 151
77 50
77 118
77 152
77 135
77 142
77 182
77 4
77 105
141 214
141 0
141 151
141 187
141 217
141 59
141 181
141 166
141 162
141 152
141 135
141 142
141 31
141 105
66 11
66 153
66 187
66 157
66 144
66 181
66 166
66 118
66 152
66 147
66 182
66 105
159 53
159 151
159 157
159 1
159 217
159 144
159 3
159 182
159 105
19 160
19 157
19 181
19 142
19 182
134 156
134 214
134 11
134 157
134 181
134 118
156 153
156 151
156 187
156 144
156 3
156 79
214 11
214 109
214 126
214 1
214 217
214 144
214 124
214 182
11 217
11 32
11 144
11 166
11 50
11 152
11 135
11 207
11 79
11 17
109 0
109 157
109 217
109 152
109 135
109 147
109 207
53 160
53 187
53 157
53 166
53 182
53 4
53 17
160 217
160 32
160 144
160 3
160 124
160 118
160 182
160 79
160 105
160 17
153 0
153 151
153 99
153 217
153 181
0 151
0 126
0 181
0 50
0 135
0 48
0 79
151 187
151 1
151 99
151 217
151 32
151 152
151 48
151 147
151 142
151 182
187 59
187 181
187 3
187 162
187 182
187 31
187 105
126 181
126 124
126 50
126 118
126 147
126 182
126 31
126 4
126 79
157 1
157 32
157 50
157 48
157 147
1 99
1 217
1 3
1 162
1 152
1 4
1 17
99 144
99 166
99 162
99 152
99 135
99 79
217 59
217 181
217 162
217 31
59 144
59 124
59 118
59 142
59 79
59 105
59 17
32 181
32 50
32 118
32 152
32 135
32 207
144 162
144 50
144 147
144 4
144 79
181 3
181 118
181 48
181 142
181 79
166 79
3 162
3 135
3 147
3 142
3 31
3 17
162 50
162 152
162 147
124 118
124 48
124 147
124 4
124 105
124 17
50 118
50 207
50 31
135 207
135 182
135 31
48 182
48 17
207 142
207 4
207 79
207 105
31 105
4 79
79 105
