*verties 200
185
91
165
42
64
186
103
22
59
174
171
46
148
124
121
170
53
45
10
69
108
80
73
163
136
207
158
66
27
110
25
199
197
90
71
40
41
140
34
116
216
7
56
89
70
105
112
139
149
161
183
159
100
36
30
99
94
21
120
3
6
107
180
134
37
75
132
76
60
181
176
62
127
87
115
205
20
217
0
49
189
153
102
58
1
24
81
190
4
114
209
8
195
95
15
101
18
78
82
166
63
88
160
213
74
204
135
104
33
113
51
67
72
123
177
85
198
117
128
154
47
44
65
202
178
126
26
97
50
129
31
54
145
12
193
179
151
9
157
188
173
203
29
218
144
212
194
5
169
23
79
175
111
150
167
168
219
155
215
13
141
28
208
130
48
52
83
119
57
143
32
210
86
146
96
125
142
55
16
187
92
98
201
200
61
182
35
39
133
118
84
172
77
2
211
109
214
152
196
43
*edges 
185 158
185 41
185 183
185 99
185 3
185 180
185 37
185 132
185 60
185 217
185 8
185 166
185 63
185 113
185 72
185 179
185 167
185 215
185 52
185 83
185 119
185 201
91 165
91 42
91 103
91 174
91 124
91 53
91 69
91 73
91 136
91 110
91 41
91 6
91 75
91 49
91 58
91 190
91 204
91 177
91 193
91 179
91 9
91 218
91 79
91 219
91 141
91 119
91 57
91 187
91 182
91 118
91 77
91 196
165 42
165 163
165 158
165 71
165 40
165 41
165 159
165 3
165 49
165 58
165 82
165 63
165 44
165 178
165 97
165 215
165 141
165 208
165 125
165 142
165 84
165 2
42 59
42 34
42 216
42 56
42 89
42 70
42 149
42 180
42 132
42 217
42 195
42 78
42 213
42 123
42 97
42 173
42 5
42 52
42 96
42 55
42 16
42 61
42 211
42 214
64 45
64 199
64 41
64 56
64 139
64 30
64 37
64 132
64 49
64 24
64 166
64 129
64 194
64 130
64 57
64 210
64 172
186 174
186 148
186 66
186 199
186 112
186 180
186 132
186 20
186 102
186 58
186 166
186 72
186 198
186 128
186 154
186 193
186 179
186 28
186 48
186 143
186 146
186 96
103 45
103 80
103 197
103 56
103 183
103 30
103 99
103 37
103 217
103 114
103 8
103 78
103 135
103 85
103 128
103 157
103 55
103 16
103 200
103 211
22 171
22 124
22 66
22 90
22 140
22 34
22 139
22 161
22 75
22 153
22 95
22 15
22 82
22 74
22 85
22 202
22 26
22 151
22 157
22 144
22 215
22 143
22 125
22 187
22 84
59 121
59 69
59 140
59 7
59 8
59 195
59 63
59 74
59 123
59 50
59 173
59 83
59 196
174 69
174 80
174 158
174 216
174 0
174 4
174 101
174 31
174 9
174 150
174 142
174 118
174 172
174 152
171 46
171 136
171 207
171 158
171 34
171 89
171 139
171 100
171 36
171 75
171 153
171 190
171 95
171 160
171 117
171 128
171 188
171 203
171 155
171 28
171 96
171 182
171 43
46 45
46 199
46 139
46 100
46 120
46 217
46 0
46 1
46 4
46 101
46 177
46 128
46 202
46 178
46 50
46 9
46 218
46 167
46 155
46 28
46 143
46 77
46 2
148 80
148 136
148 66
148 40
148 7
148 139
148 3
148 180
148 60
148 62
148 101
148 177
148 117
148 97
148 218
148 212
148 52
148 133
124 10
124 90
124 139
124 132
124 102
124 190
124 195
124 95
124 78
124 67
124 72
124 47
124 178
124 54
124 145
124 151
124 9
124 5
124 219
124 142
124 39
124 133
121 53
121 207
121 66
121 181
121 58
121 78
121 128
121 12
121 193
121 167
121 86
121 98
121 182
121 39
121 84
170 69
170 80
170 66
170 105
170 134
170 62
170 49
170 213
170 33
170 72
170 85
170 128
170 65
170 126
170 145
170 193
170 151
170 219
170 215
170 141
170 28
170 83
170 119
170 55
170 16
170 2
170 152
53 69
53 41
53 216
53 183
53 21
53 107
53 132
53 85
53 154
53 26
53 54
53 144
53 111
53 150
53 98
53 196
45 163
45 66
45 40
45 105
45 4
45 195
45 95
45 18
45 63
45 104
45 97
45 12
45 157
45 168
45 219
45 28
45 142
45 201
45 35
10 136
10 41
10 7
10 36
10 209
10 195
10 101
10 166
10 65
10 129
10 218
10 144
10 219
10 86
10 61
10 133
10 196
10 43
69 136
69 158
69 149
69 99
69 4
69 95
69 101
69 82
69 74
69 194
69 79
69 219
69 215
69 28
69 83
69 57
69 210
69 125
69 77
69 2
108 163
108 197
108 127
108 205
108 20
108 78
108 67
108 128
108 126
108 12
108 151
108 219
108 83
108 143
108 96
108 92
108 133
108 118
108 77
80 70
80 139
80 94
80 62
80 24
80 101
80 82
80 63
80 198
80 26
80 215
80 52
80 57
80 142
80 133
80 77
73 25
73 116
73 89
73 112
73 159
73 100
73 30
73 75
73 20
73 4
73 15
73 72
73 117
73 44
73 202
73 31
73 188
73 29
73 175
73 111
73 167
73 13
73 57
73 86
73 61
73 118
163 25
163 116
163 132
163 181
163 153
163 24
163 190
163 209
163 160
163 113
163 123
163 198
163 202
163 126
163 169
163 83
163 57
163 201
163 43
136 71
136 112
136 190
136 4
136 101
136 88
136 85
136 202
136 26
136 31
136 79
136 215
136 201
207 66
207 41
207 140
207 70
207 139
207 94
207 60
207 20
207 189
207 24
207 74
207 177
207 47
207 44
207 203
207 57
207 200
207 35
207 152
158 40
158 159
158 94
158 189
158 58
158 1
158 95
158 88
158 47
158 79
158 28
158 143
158 146
158 196
66 25
66 40
66 36
66 120
66 6
66 217
66 1
66 26
66 97
66 157
66 5
66 79
66 150
66 13
66 28
66 119
66 86
66 125
66 16
66 109
27 89
27 105
27 36
27 3
27 107
27 180
27 75
27 62
27 209
27 51
27 151
27 13
27 130
27 48
27 143
27 210
27 142
27 55
27 98
27 35
27 39
110 90
110 89
110 94
110 180
110 87
110 20
110 0
110 1
110 81
110 8
110 95
110 78
110 166
110 51
110 50
110 203
110 167
110 155
110 208
110 52
110 32
110 86
110 146
110 92
110 84
110 77
25 7
25 89
25 149
25 107
25 0
25 81
25 18
25 213
25 51
25 177
25 198
25 203
25 144
25 214
25 196
199 197
199 159
199 99
199 180
199 134
199 20
199 81
199 82
199 135
199 72
199 47
199 31
199 218
199 214
199 196
197 71
197 140
197 37
197 74
197 113
197 50
197 31
197 157
197 173
197 5
197 175
197 111
197 48
197 143
197 146
197 182
197 35
197 84
90 34
90 216
90 21
90 176
90 217
90 102
90 135
90 198
90 145
90 12
90 194
90 5
90 79
90 155
90 119
90 57
90 187
90 133
90 109
90 196
71 107
71 37
71 82
71 213
71 177
71 117
71 128
71 44
71 129
71 54
71 151
71 9
71 218
71 111
71 168
71 141
71 28
71 52
71 83
71 55
71 211
40 56
40 70
40 6
40 60
40 176
40 87
40 217
40 189
40 58
40 81
40 82
40 123
40 154
40 65
40 144
40 169
40 150
40 168
40 208
40 211
40 43
41 34
41 100
41 30
41 99
41 3
41 37
41 102
41 78
41 173
41 52
41 84
140 70
140 112
140 36
140 180
140 62
140 49
140 114
140 193
140 13
140 141
140 187
140 172
34 99
34 37
34 153
34 4
34 63
34 178
34 50
34 129
34 145
34 23
34 79
34 219
34 13
34 83
34 214
116 89
116 149
116 159
116 100
116 181
116 115
116 153
116 8
116 195
116 166
116 72
116 85
116 117
116 145
116 151
116 150
116 32
116 182
116 172
216 107
216 134
216 24
216 4
216 114
216 209
216 15
216 213
216 113
216 154
216 126
216 188
216 111
216 48
216 32
216 146
216 16
216 200
7 30
7 99
7 205
7 1
7 195
7 33
7 113
7 123
7 65
7 203
7 79
7 167
7 155
7 2
56 149
56 94
56 3
56 37
56 189
56 102
56 1
56 4
56 209
56 74
56 65
56 26
56 97
56 50
56 31
56 145
56 12
56 167
56 200
56 61
56 182
56 214
89 100
89 99
89 205
89 4
89 177
89 47
89 202
89 178
89 129
89 31
89 13
89 119
89 201
89 77
89 196
70 75
70 181
70 20
70 15
70 160
70 135
70 104
70 85
70 154
70 145
70 157
70 173
70 169
70 23
70 52
70 83
70 57
70 143
70 16
105 149
105 75
105 58
105 24
105 190
105 114
105 195
105 82
105 166
105 44
105 129
105 54
105 12
105 151
105 188
105 29
105 23
105 13
105 208
105 52
105 86
105 55
105 118
105 2
105 43
112 161
112 36
112 134
112 75
112 132
112 176
112 18
112 160
112 193
112 151
112 212
112 194
112 155
112 28
112 57
112 16
112 133
112 118
139 176
139 205
139 49
139 189
139 58
139 114
139 8
139 195
139 135
139 51
139 67
139 12
139 173
139 57
139 55
139 187
149 161
149 127
149 51
149 65
149 173
149 212
149 169
149 215
149 208
149 142
149 55
149 61
161 176
161 49
161 85
161 188
161 5
161 23
161 168
161 219
161 13
161 146
161 96
161 196
183 132
183 87
183 153
183 190
183 33
183 198
183 97
183 50
183 193
183 29
183 79
183 13
183 39
183 118
183 196
159 99
159 180
159 20
159 217
159 0
159 102
159 104
159 72
159 178
159 179
159 9
159 173
159 215
159 48
159 52
159 57
159 96
159 125
159 92
159 211
100 36
100 21
100 120
100 24
100 67
100 117
100 188
100 5
100 141
100 130
100 32
100 96
100 92
100 2
100 214
36 99
36 102
36 209
36 213
36 135
36 85
36 117
36 13
36 141
36 28
36 86
36 55
36 61
30 132
30 190
30 78
30 166
30 213
30 113
30 26
30 173
30 169
30 150
30 167
30 215
30 141
30 28
30 55
30 61
30 182
30 133
30 172
99 75
99 20
99 78
99 213
99 198
99 111
99 57
99 86
99 2
99 152
99 43
94 1
94 81
94 15
94 18
94 166
94 144
94 13
94 208
94 48
94 92
94 35
21 180
21 1
21 24
21 18
21 117
21 128
21 86
21 35
21 214
120 95
120 78
120 47
120 50
120 145
120 212
120 150
120 215
120 28
120 96
120 125
120 200
120 77
120 211
120 109
3 33
3 51
3 72
3 188
3 168
3 61
3 172
6 107
6 181
6 195
6 15
6 65
6 202
6 129
6 141
6 130
6 119
6 57
6 142
6 55
6 98
6 214
107 76
107 217
107 209
107 15
107 101
107 160
107 74
107 47
107 12
107 130
107 125
107 61
107 35
180 75
180 60
180 87
180 217
180 4
180 166
180 74
180 177
180 117
180 128
180 50
180 179
180 151
180 218
180 212
180 167
180 35
134 58
134 173
134 203
134 141
134 208
134 119
134 172
37 181
37 176
37 24
37 114
37 63
37 113
37 51
37 26
37 151
37 9
37 141
37 187
37 172
37 152
37 196
37 43
75 132
75 153
75 8
75 160
75 33
75 54
75 193
75 144
75 23
75 83
75 200
75 214
75 196
132 60
132 181
132 115
132 205
132 153
132 81
132 4
132 160
132 67
132 188
132 203
132 219
132 57
132 146
132 96
132 35
76 114
76 101
76 88
76 160
76 74
76 135
76 51
76 126
76 194
76 169
76 219
76 155
76 201
76 133
60 81
60 209
60 85
60 178
60 97
60 50
60 12
60 203
60 79
60 13
60 142
60 55
60 84
181 115
181 8
181 123
181 157
181 188
181 5
181 48
181 83
181 32
181 210
181 125
176 58
176 1
176 160
176 113
176 175
176 167
176 215
176 61
176 2
176 211
62 189
62 78
62 88
62 160
62 97
62 188
62 150
62 208
62 187
62 35
127 20
127 190
127 179
127 9
127 188
127 175
127 201
127 118
127 77
127 2
127 109
127 196
87 20
87 0
87 153
87 8
87 51
87 47
87 44
87 12
87 193
87 188
87 218
87 169
87 111
87 52
87 119
87 32
87 187
115 153
115 15
115 101
115 213
115 85
115 44
115 126
115 31
115 29
115 48
115 98
115 200
115 118
205 81
205 114
205 82
205 74
205 135
205 123
205 97
205 5
205 111
205 168
205 208
205 32
205 210
205 86
205 55
205 92
205 182
205 211
20 153
20 102
20 95
20 101
20 18
20 51
20 12
20 157
20 5
20 48
20 98
217 24
217 82
217 166
217 213
217 135
217 72
217 202
217 193
217 5
217 155
217 125
217 39
0 81
0 15
0 213
0 154
0 129
0 175
0 167
0 168
0 143
0 32
0 109
49 104
49 113
49 123
49 47
49 202
49 54
49 151
49 13
49 48
49 200
49 39
49 2
189 65
189 9
189 5
189 48
189 57
189 210
189 86
189 187
189 92
189 201
189 35
189 118
153 4
153 209
153 177
153 129
153 151
153 173
153 203
153 208
153 143
153 146
153 61
153 118
153 77
153 152
102 81
102 209
102 63
102 26
102 97
102 50
102 31
102 203
102 219
102 52
102 146
102 172
58 81
58 8
58 95
58 15
58 126
58 203
58 29
58 5
58 52
58 57
58 146
58 182
58 133
1 88
1 160
1 33
1 113
1 85
1 154
1 169
1 208
1 52
1 142
1 187
1 92
1 182
1 84
24 85
24 44
24 173
24 141
24 130
24 57
24 55
24 211
24 214
81 195
81 95
81 74
81 123
81 154
81 65
81 50
81 179
81 219
81 155
81 130
81 32
81 96
81 152
190 72
190 178
190 129
190 193
190 194
190 5
190 215
190 142
190 55
190 133
190 109
4 15
4 88
4 213
4 33
4 51
4 126
4 26
4 151
4 29
4 119
4 57
4 152
4 196
114 78
114 213
114 126
114 23
114 168
114 48
114 32
114 210
114 187
114 98
114 182
114 214
209 101
209 82
209 51
209 177
209 85
209 198
209 26
209 145
209 169
209 111
209 210
8 18
8 123
8 85
8 178
8 126
8 145
8 188
8 167
8 155
8 13
8 208
8 52
8 201
8 61
8 35
8 118
8 2
8 196
195 95
195 160
195 135
195 104
195 85
195 154
195 44
195 50
195 129
195 151
195 188
195 175
195 208
95 15
95 18
95 74
95 117
95 157
95 29
95 212
95 194
95 167
95 210
95 86
95 55
95 182
15 160
15 135
15 72
15 85
15 154
15 54
15 12
15 194
15 13
15 208
15 119
15 142
15 16
15 92
15 39
15 172
101 160
101 85
101 97
101 157
101 167
101 57
101 210
101 35
101 133
101 152
18 213
18 117
18 50
18 193
18 208
18 48
18 57
18 16
18 214
78 104
78 72
78 128
78 218
78 212
78 79
78 208
78 83
78 61
78 109
82 135
82 26
82 173
82 212
82 5
82 150
82 210
82 125
82 2
166 63
166 213
166 97
166 129
166 29
166 169
166 141
166 48
166 172
166 77
63 33
63 51
63 126
63 31
63 157
63 168
63 155
63 208
63 130
63 48
63 83
63 55
63 201
63 196
88 204
88 85
88 198
88 179
88 188
88 29
88 218
88 79
88 13
88 86
88 55
88 98
160 31
160 151
160 218
160 79
160 155
160 16
160 214
213 51
213 47
213 26
213 188
213 144
213 169
213 219
213 52
213 211
74 44
74 97
74 129
74 145
74 173
74 203
74 155
74 141
74 210
74 133
74 77
204 117
204 218
204 144
204 175
204 52
204 201
204 35
135 113
135 117
135 44
135 50
135 29
135 169
104 26
104 97
104 144
104 23
104 143
104 152
33 202
33 173
33 13
33 200
33 39
113 123
113 198
113 128
113 173
113 212
113 167
113 219
113 52
113 55
113 16
113 118
113 77
113 43
51 154
51 65
51 178
51 129
51 179
51 29
51 215
51 13
51 130
51 52
51 61
51 196
67 177
67 97
67 151
67 13
67 133
67 77
67 109
67 214
67 152
72 126
72 26
72 129
72 193
72 151
72 144
72 194
72 125
72 55
72 200
72 214
123 26
123 111
123 215
123 13
123 83
123 84
123 2
177 126
177 145
177 144
177 194
177 210
177 96
177 142
177 187
177 133
85 145
85 23
85 83
85 210
85 200
85 35
85 118
85 172
85 109
198 54
198 29
198 5
198 167
198 141
198 96
198 133
198 196
198 43
117 129
117 157
117 96
117 187
117 109
128 47
128 97
128 31
128 12
128 9
128 203
128 144
128 194
128 141
128 83
128 200
128 214
128 43
154 47
154 129
154 79
154 175
154 111
154 168
154 133
154 172
154 77
47 155
47 141
47 86
47 98
47 152
44 203
44 167
44 155
44 16
44 118
65 50
65 129
65 9
65 111
65 155
65 13
65 52
65 143
65 200
65 61
65 35
65 118
65 211
202 97
202 12
202 193
202 173
202 98
202 172
202 109
178 97
178 145
178 151
178 9
178 208
178 77
126 193
126 218
126 5
126 28
126 52
126 214
126 196
26 173
26 29
26 141
26 130
26 133
26 77
97 151
97 5
97 175
97 201
97 35
97 133
97 211
97 196
50 31
50 111
50 168
50 208
50 119
50 201
50 182
50 77
50 211
129 218
129 144
129 13
129 143
129 211
129 214
129 196
31 193
31 179
31 151
31 218
31 169
31 208
31 48
31 35
54 151
54 29
54 23
54 200
54 214
145 179
145 218
145 167
145 13
145 83
145 16
145 187
145 92
145 152
12 79
12 210
12 146
193 179
193 151
193 9
193 173
193 5
193 168
193 92
193 109
179 169
179 23
179 219
179 210
151 9
151 173
151 29
151 144
151 150
151 167
151 13
151 141
151 208
151 48
151 142
151 98
151 133
9 157
9 218
9 146
9 84
157 144
157 79
157 83
157 187
157 196
188 203
188 111
188 52
188 35
188 77
188 109
173 212
173 111
173 32
173 86
173 84
173 214
203 29
203 5
203 168
203 141
203 196
29 175
29 150
29 155
29 32
29 201
29 200
29 182
29 77
218 167
218 168
218 219
218 48
218 57
218 143
218 55
218 187
218 109
218 43
144 194
144 175
144 57
144 200
212 194
212 175
212 143
212 77
212 109
194 169
194 146
194 187
194 35
194 172
194 196
194 43
5 23
5 55
5 200
5 61
169 79
169 219
169 13
169 187
169 201
169 39
169 211
23 219
23 13
23 141
23 2
23 211
23 214
79 150
79 83
79 57
79 16
79 201
79 118
79 84
79 109
79 214
175 167
175 219
111 28
111 96
150 130
167 130
167 48
167 119
167 196
168 219
168 215
168 143
168 182
168 118
168 2
168 43
219 130
219 143
219 125
219 92
219 200
219 182
219 39
155 16
155 200
155 118
155 2
215 52
215 83
215 182
215 109
13 48
13 16
13 200
13 35
141 182
141 133
141 172
141 211
28 32
28 55
28 61
208 48
208 84
130 52
130 201
130 35
130 84
130 214
48 52
48 86
48 55
48 201
48 61
48 182
48 211
48 196
52 96
52 35
52 133
83 210
83 92
83 211
119 55
119 172
119 43
57 96
57 77
32 146
32 35
32 118
32 211
32 43
210 16
210 39
210 211
86 96
86 187
86 61
86 133
86 43
146 16
146 201
146 152
96 55
96 77
125 16
125 201
125 39
125 214
142 77
55 98
55 39
55 172
55 196
16 187
16 182
187 214
92 84
98 182
98 84
98 109
200 35
200 152
182 109
182 196
35 133
39 118
39 2
39 211
39 214
39 43
172 109
172 196
109 196
