*verties 210
23
214
32
39
95
156
160
150
62
78
192
131
36
114
29
147
80
73
207
68
57
94
12
84
2
22
50
98
205
190
122
35
67
193
159
182
186
217
44
106
14
63
180
103
71
164
142
145
183
177
101
96
212
188
21
168
124
146
27
191
158
48
24
19
175
42
28
10
209
15
185
137
203
18
5
79
6
112
216
88
176
155
154
11
199
204
200
93
59
16
1
100
3
172
115
128
53
118
211
47
65
60
161
4
149
184
125
219
110
54
135
126
108
151
129
69
206
153
171
169
143
31
198
167
138
83
56
89
9
61
196
102
72
173
85
163
43
76
17
120
134
37
174
70
170
148
144
197
187
181
141
51
66
195
111
105
13
49
20
127
86
119
215
45
113
202
58
218
116
46
38
107
75
194
201
166
208
99
121
157
74
25
117
87
97
165
33
139
30
91
132
8
213
40
26
133
162
210
55
7
130
136
189
81
41
77
178
104
82
90
*edges 
23 214
23 95
23 160
23 150
23 62
23 131
23 36
23 114
23 29
23 147
23 80
23 68
23 57
23 94
23 84
23 50
23 98
23 205
23 190
23 122
23 35
23 67
23 182
23 186
23 106
23 180
23 103
23 71
23 164
23 145
23 101
23 96
23 124
23 146
23 27
23 158
23 48
23 24
23 42
23 10
23 209
23 15
23 185
23 5
23 79
23 6
23 112
23 88
23 176
23 155
23 154
23 200
23 93
23 59
23 1
23 3
23 172
23 115
23 128
23 53
23 118
23 211
23 47
23 4
23 149
23 125
23 219
23 110
23 135
23 151
23 129
23 206
23 171
23 169
23 198
23 138
23 83
23 56
23 61
23 196
23 72
23 85
23 43
23 17
23 120
23 134
23 37
23 70
23 170
23 144
23 197
23 187
23 141
23 66
23 195
23 111
23 105
23 13
23 49
23 86
23 45
23 113
23 202
23 58
23 116
23 38
23 75
23 194
23 166
23 208
23 99
23 121
23 157
23 74
23 25
23 87
23 97
23 33
23 139
23 30
23 8
23 40
23 26
23 133
23 210
23 130
23 81
23 41
23 178
23 104
23 82
23 90
214 95
214 156
214 150
214 62
214 131
214 29
214 147
214 73
214 207
214 57
214 12
214 84
214 2
214 22
214 98
214 190
214 67
214 159
214 186
214 217
214 44
214 14
214 71
214 164
214 145
214 183
214 177
214 96
214 212
214 21
214 124
214 146
214 27
214 191
214 158
214 24
214 19
214 175
214 42
214 10
214 209
214 15
214 185
214 203
214 18
214 5
214 79
214 112
214 176
214 199
214 204
214 59
214 16
214 100
214 3
214 53
214 47
214 60
214 4
214 149
214 184
214 125
214 110
214 54
214 151
214 129
214 69
214 206
214 153
214 169
214 31
214 167
214 83
214 56
214 89
214 196
214 173
214 163
214 43
214 76
214 17
214 120
214 134
214 174
214 70
214 148
214 144
214 197
214 187
214 181
214 66
214 195
214 111
214 13
214 127
214 119
214 58
214 218
214 107
214 208
214 121
214 157
214 74
214 25
214 97
214 165
214 33
214 139
214 91
214 132
214 8
214 213
214 40
214 133
214 55
214 130
214 136
214 77
214 178
214 104
32 39
32 160
32 150
32 62
32 192
32 36
32 114
32 29
32 80
32 57
32 94
32 12
32 2
32 50
32 190
32 122
32 35
32 193
32 159
32 44
32 14
32 63
32 103
32 71
32 164
32 145
32 183
32 177
32 101
32 212
32 188
32 124
32 146
32 27
32 191
32 48
32 42
32 28
32 10
32 209
32 15
32 203
32 18
32 6
32 216
32 176
32 155
32 154
32 11
32 199
32 200
32 93
32 100
32 172
32 53
32 118
32 47
32 60
32 161
32 4
32 219
32 135
32 126
32 108
32 151
32 206
32 171
32 143
32 31
32 198
32 167
32 138
32 83
32 89
32 9
32 61
32 102
32 72
32 173
32 163
32 43
32 76
32 17
32 120
32 134
32 174
32 70
32 197
32 141
32 111
32 13
32 49
32 127
32 119
32 202
32 116
32 46
32 38
32 107
32 75
32 201
32 166
32 99
32 121
32 74
32 25
32 117
32 87
32 97
32 33
32 139
32 132
32 40
32 133
32 162
32 210
32 55
32 130
32 136
32 189
32 77
32 178
32 82
32 90
39 156
39 160
39 150
39 78
39 192
39 131
39 114
39 29
39 147
39 207
39 68
39 94
39 12
39 84
39 2
39 50
39 98
39 122
39 217
39 44
39 14
39 63
39 142
39 183
39 177
39 96
39 212
39 188
39 124
39 48
39 19
39 10
39 209
39 15
39 185
39 137
39 203
39 18
39 5
39 79
39 6
39 112
39 216
39 154
39 200
39 93
39 59
39 16
39 1
39 172
39 128
39 53
39 118
39 65
39 60
39 161
39 149
39 184
39 54
39 126
39 151
39 129
39 69
39 206
39 169
39 143
39 31
39 167
39 83
39 56
39 89
39 9
39 102
39 72
39 85
39 76
39 37
39 174
39 70
39 148
39 144
39 141
39 66
39 111
39 105
39 49
39 20
39 127
39 119
39 45
39 113
39 202
39 218
39 116
39 38
39 107
39 75
39 121
39 157
39 25
39 117
39 97
39 33
39 139
39 30
39 91
39 132
39 213
39 40
39 26
39 133
39 162
39 210
39 55
39 7
39 136
39 81
39 77
39 178
39 104
39 90
95 160
95 150
95 62
95 192
95 131
95 36
95 114
95 80
95 12
95 2
95 22
95 50
95 190
95 35
95 67
95 193
95 186
95 217
95 106
95 180
95 103
95 71
95 142
95 101
95 96
95 212
95 188
95 21
95 146
95 191
95 48
95 24
95 175
95 42
95 28
95 10
95 209
95 137
95 203
95 5
95 79
95 112
95 216
95 155
95 204
95 200
95 93
95 59
95 1
95 3
95 172
95 128
95 53
95 47
95 65
95 60
95 161
95 4
95 149
95 184
95 219
95 110
95 126
95 108
95 151
95 129
95 69
95 206
95 171
95 169
95 31
95 167
95 138
95 83
95 89
95 9
95 72
95 173
95 163
95 43
95 76
95 174
95 70
95 148
95 144
95 187
95 181
95 51
95 66
95 195
95 111
95 105
95 49
95 127
95 119
95 215
95 45
95 113
95 202
95 58
95 218
95 46
95 38
95 107
95 75
95 201
95 166
95 208
95 99
95 121
95 157
95 74
95 25
95 87
95 97
95 139
95 91
95 213
95 40
95 26
95 133
95 210
95 55
95 130
95 136
95 41
95 104
95 82
156 160
156 150
156 78
156 131
156 36
156 29
156 73
156 68
156 57
156 12
156 84
156 98
156 190
156 67
156 193
156 159
156 182
156 186
156 44
156 106
156 14
156 63
156 180
156 103
156 71
156 142
156 145
156 177
156 96
156 212
156 188
156 168
156 146
156 27
156 191
156 158
156 175
156 28
156 209
156 137
156 203
156 18
156 79
156 112
156 216
156 88
156 11
156 204
156 200
156 59
156 16
156 100
156 115
156 128
156 118
156 65
156 60
156 4
156 219
156 110
156 126
156 108
156 129
156 69
156 206
156 153
156 171
156 143
156 31
156 198
156 138
156 89
156 196
156 72
156 173
156 163
156 43
156 76
156 120
156 134
156 174
156 70
156 148
156 144
156 197
156 187
156 181
156 66
156 111
156 105
156 13
156 49
156 127
156 86
156 215
156 45
156 113
156 202
156 58
156 46
156 208
156 99
156 121
156 157
156 74
156 117
156 97
156 165
156 30
156 91
156 8
156 26
156 210
156 55
156 7
156 81
156 41
156 77
156 82
156 90
160 150
160 62
160 78
160 131
160 114
160 68
160 57
160 12
160 84
160 22
160 98
160 190
160 159
160 182
160 217
160 44
160 106
160 180
160 103
160 142
160 145
160 183
160 177
160 101
160 188
160 21
160 168
160 146
160 158
160 24
160 19
160 175
160 42
160 10
160 209
160 15
160 185
160 137
160 203
160 18
160 79
160 6
160 112
160 216
160 88
160 176
160 11
160 199
160 204
160 200
160 1
160 3
160 53
160 118
160 211
160 47
160 65
160 161
160 4
160 184
160 125
160 219
160 110
160 54
160 135
160 126
160 108
160 129
160 206
160 153
160 171
160 31
160 83
160 56
160 89
160 9
160 61
160 196
160 102
160 72
160 163
160 43
160 17
160 120
160 174
160 170
160 144
160 197
160 187
160 141
160 111
160 105
160 49
160 127
160 86
160 215
160 218
160 116
160 38
160 107
160 75
160 201
160 208
160 99
160 121
160 157
160 25
160 87
160 97
160 165
160 33
160 30
160 91
160 132
160 8
160 213
160 133
160 162
160 7
160 41
160 77
160 178
160 104
160 90
150 62
150 192
150 36
150 114
150 147
150 80
150 207
150 68
150 57
150 94
150 50
150 98
150 205
150 122
150 67
150 193
150 186
150 217
150 44
150 63
150 180
150 177
150 96
150 188
150 168
150 146
150 191
150 158
150 19
150 42
150 209
150 15
150 185
150 203
150 18
150 79
150 112
150 216
150 155
150 204
150 200
150 59
150 1
150 3
150 172
150 128
150 53
150 65
150 161
150 4
150 149
150 184
150 219
150 54
150 135
150 108
150 129
150 169
150 143
150 31
150 198
150 167
150 138
150 83
150 89
150 9
150 61
150 173
150 163
150 43
150 76
150 120
150 134
150 37
150 174
150 70
150 170
150 144
150 197
150 187
150 181
150 141
150 51
150 195
150 49
150 20
150 45
150 202
150 58
150 218
150 46
150 38
150 75
150 201
150 208
150 99
150 121
150 157
150 74
150 117
150 87
150 165
150 139
150 30
150 91
150 213
150 133
150 162
150 55
150 7
150 81
150 41
150 178
150 82
62 131
62 114
62 29
62 80
62 73
62 68
62 57
62 94
62 2
62 50
62 98
62 190
62 35
62 67
62 159
62 182
62 186
62 44
62 106
62 14
62 63
62 180
62 71
62 164
62 183
62 177
62 96
62 27
62 158
62 48
62 24
62 19
62 175
62 28
62 10
62 209
62 185
62 137
62 18
62 5
62 79
62 6
62 112
62 216
62 176
62 199
62 200
62 59
62 16
62 1
62 3
62 172
62 115
62 53
62 211
62 47
62 65
62 60
62 161
62 4
62 149
62 184
62 219
62 135
62 151
62 129
62 69
62 171
62 169
62 143
62 198
62 83
62 56
62 9
62 61
62 196
62 102
62 173
62 163
62 120
62 134
62 37
62 174
62 197
62 66
62 195
62 20
62 127
62 119
62 113
62 58
62 116
62 46
62 38
62 107
62 75
62 194
62 201
62 166
62 208
62 157
62 74
62 25
62 117
62 87
62 165
62 33
62 139
62 30
62 91
62 132
62 213
62 133
62 162
62 210
62 136
62 81
62 77
62 104
78 36
78 147
78 73
78 207
78 68
78 57
78 94
78 12
78 84
78 22
78 50
78 190
78 35
78 67
78 217
78 44
78 106
78 63
78 180
78 164
78 142
78 101
78 212
78 188
78 168
78 27
78 19
78 175
78 42
78 28
78 10
78 209
78 185
78 203
78 5
78 79
78 112
78 176
78 154
78 11
78 199
78 200
78 93
78 59
78 3
78 115
78 118
78 211
78 161
78 4
78 125
78 110
78 54
78 69
78 169
78 143
78 167
78 138
78 83
78 56
78 89
78 9
78 196
78 102
78 72
78 173
78 85
78 43
78 76
78 17
78 120
78 134
78 70
78 170
78 144
78 187
78 181
78 141
78 51
78 105
78 49
78 119
78 45
78 113
78 202
78 58
78 38
78 194
78 201
78 121
78 74
78 25
78 117
78 87
78 97
78 165
78 30
78 91
78 8
78 26
78 162
78 210
78 130
78 189
78 77
78 104
192 131
192 114
192 29
192 73
192 94
192 12
192 2
192 98
192 205
192 35
192 193
192 182
192 186
192 217
192 44
192 106
192 63
192 180
192 71
192 142
192 183
192 101
192 212
192 27
192 191
192 24
192 28
192 15
192 137
192 5
192 79
192 112
192 216
192 176
192 154
192 59
192 1
192 3
192 115
192 128
192 53
192 118
192 211
192 65
192 161
192 4
192 125
192 219
192 135
192 126
192 69
192 171
192 31
192 198
192 138
192 83
192 56
192 9
192 102
192 72
192 173
192 163
192 43
192 17
192 120
192 134
192 174
192 70
192 197
192 187
192 141
192 195
192 13
192 20
192 119
192 215
192 113
192 202
192 58
192 218
192 116
192 107
192 166
192 121
192 74
192 25
192 117
192 91
192 8
192 26
192 133
192 162
192 55
192 7
192 136
192 189
192 41
192 77
192 104
192 90
131 36
131 29
131 147
131 80
131 207
131 94
131 2
131 50
131 98
131 205
131 190
131 122
131 35
131 193
131 182
131 14
131 103
131 71
131 142
131 145
131 183
131 177
131 101
131 21
131 124
131 48
131 19
131 175
131 42
131 28
131 10
131 209
131 15
131 18
131 79
131 6
131 112
131 216
131 176
131 154
131 11
131 200
131 93
131 16
131 1
131 100
131 3
131 128
131 53
131 118
131 211
131 47
131 65
131 60
131 161
131 184
131 125
131 110
131 126
131 151
131 206
131 153
131 171
131 169
131 31
131 198
131 138
131 56
131 89
131 9
131 196
131 102
131 72
131 85
131 17
131 120
131 134
131 37
131 174
131 70
131 170
131 148
131 197
131 181
131 141
131 51
131 66
131 13
131 20
131 86
131 119
131 45
131 113
131 116
131 46
131 107
131 194
131 166
131 99
131 121
131 157
131 25
131 117
131 87
131 165
131 139
131 30
131 132
131 213
131 26
131 162
131 7
131 136
131 81
131 41
131 104
131 82
131 90
36 73
36 207
36 57
36 94
36 84
36 50
36 98
36 205
36 35
36 193
36 159
36 182
36 186
36 44
36 106
36 14
36 63
36 180
36 103
36 71
36 142
36 183
36 101
36 96
36 188
36 21
36 168
36 124
36 146
36 19
36 175
36 28
36 10
36 209
36 15
36 185
36 137
36 79
36 6
36 216
36 176
36 11
36 199
36 200
36 16
36 100
36 3
36 172
36 115
36 128
36 118
36 211
36 65
36 60
36 161
36 4
36 184
36 125
36 219
36 110
36 54
36 135
36 69
36 153
36 169
36 83
36 56
36 89
36 9
36 43
36 17
36 120
36 134
36 37
36 174
36 70
36 170
36 144
36 197
36 181
36 51
36 66
36 195
36 111
36 127
36 215
36 45
36 113
36 58
36 218
36 116
36 46
36 38
36 75
36 166
36 208
36 121
36 157
36 117
36 87
36 97
36 30
36 132
36 40
36 133
36 162
36 210
36 55
36 130
36 81
36 41
36 77
36 178
36 104
36 82
114 29
114 80
114 94
114 12
114 2
114 98
114 190
114 122
114 67
114 106
114 14
114 63
114 103
114 71
114 145
114 177
114 101
114 96
114 191
114 48
114 24
114 19
114 175
114 10
114 15
114 185
114 203
114 5
114 216
114 176
114 11
114 200
114 93
114 59
114 1
114 100
114 172
114 128
114 211
114 47
114 65
114 4
114 184
114 110
114 135
114 151
114 69
114 153
114 171
114 169
114 143
114 198
114 167
114 138
114 9
114 61
114 102
114 173
114 43
114 120
114 37
114 70
114 148
114 187
114 181
114 141
114 51
114 66
114 49
114 127
114 119
114 45
114 58
114 218
114 75
114 194
114 201
114 157
114 74
114 25
114 117
114 97
114 165
114 30
114 91
114 132
114 40
114 26
114 133
114 162
114 55
114 7
114 189
114 81
114 41
114 104
114 82
29 147
29 94
29 12
29 22
29 50
29 190
29 122
29 67
29 193
29 159
29 182
29 217
29 44
29 106
29 14
29 71
29 145
29 183
29 101
29 212
29 188
29 21
29 124
29 146
29 191
29 48
29 19
29 175
29 10
29 209
29 185
29 137
29 203
29 18
29 5
29 79
29 6
29 176
29 11
29 199
29 204
29 200
29 93
29 16
29 1
29 100
29 3
29 53
29 211
29 47
29 65
29 60
29 4
29 149
29 219
29 54
29 135
29 126
29 151
29 129
29 206
29 153
29 171
29 31
29 198
29 138
29 56
29 89
29 61
29 196
29 72
29 85
29 163
29 37
29 70
29 170
29 197
29 187
29 181
29 51
29 195
29 111
29 105
29 127
29 86
29 215
29 45
29 113
29 202
29 218
29 46
29 38
29 107
29 194
29 201
29 166
29 99
29 157
29 74
29 87
29 97
29 33
29 30
29 91
29 132
29 210
29 55
29 7
29 130
29 136
29 81
29 178
29 104
147 80
147 73
147 68
147 94
147 12
147 2
147 22
147 205
147 190
147 122
147 35
147 67
147 193
147 159
147 182
147 44
147 106
147 14
147 63
147 71
147 142
147 145
147 183
147 101
147 96
147 124
147 146
147 191
147 175
147 42
147 209
147 15
147 185
147 137
147 203
147 18
147 5
147 79
147 6
147 112
147 216
147 176
147 154
147 199
147 200
147 93
147 100
147 115
147 53
147 211
147 60
147 4
147 149
147 125
147 219
147 54
147 135
147 108
147 151
147 171
147 31
147 198
147 167
147 83
147 56
147 89
147 196
147 72
147 76
147 17
147 37
147 174
147 170
147 148
147 144
147 197
147 187
147 141
147 111
147 13
147 49
147 20
147 86
147 119
147 45
147 113
147 202
147 58
147 218
147 46
147 38
147 107
147 194
147 121
147 74
147 117
147 87
147 165
147 33
147 91
147 8
147 40
147 26
147 133
147 210
147 189
147 41
147 77
147 178
147 104
147 90
80 73
80 57
80 12
80 2
80 22
80 98
80 190
80 122
80 67
80 193
80 159
80 182
80 186
80 217
80 106
80 63
80 180
80 164
80 183
80 177
80 101
80 96
80 212
80 21
80 27
80 191
80 158
80 48
80 42
80 28
80 203
80 6
80 216
80 88
80 176
80 154
80 204
80 200
80 59
80 100
80 3
80 53
80 211
80 60
80 4
80 184
80 125
80 110
80 54
80 126
80 151
80 129
80 206
80 153
80 171
80 31
80 138
80 83
80 56
80 89
80 61
80 196
80 102
80 72
80 173
80 85
80 76
80 120
80 37
80 174
80 197
80 187
80 181
80 51
80 195
80 49
80 20
80 86
80 215
80 45
80 113
80 202
80 218
80 46
80 38
80 107
80 201
80 157
80 25
80 87
80 165
80 33
80 91
80 213
80 40
80 26
80 133
80 162
80 210
80 55
80 7
80 136
80 81
80 77
80 178
80 82
73 207
73 68
73 57
73 94
73 2
73 22
73 50
73 98
73 205
73 190
73 122
73 159
73 182
73 186
73 217
73 106
73 63
73 180
73 103
73 71
73 101
73 96
73 212
73 21
73 168
73 27
73 158
73 24
73 19
73 175
73 42
73 10
73 209
73 15
73 137
73 18
73 5
73 79
73 216
73 88
73 155
73 11
73 200
73 115
73 128
73 53
73 118
73 47
73 60
73 161
73 125
73 219
73 110
73 54
73 151
73 129
73 69
73 206
73 153
73 171
73 169
73 143
73 198
73 167
73 83
73 56
73 61
73 102
73 163
73 76
73 120
73 37
73 70
73 148
73 197
73 187
73 51
73 66
73 195
73 111
73 105
73 49
73 20
73 86
73 215
73 45
73 113
73 202
73 218
73 116
73 46
73 38
73 75
73 194
73 166
73 208
73 99
73 121
73 25
73 87
73 97
73 165
73 33
73 30
73 213
73 40
73 26
73 133
73 162
73 210
73 7
73 136
73 189
73 81
73 41
73 77
73 178
73 104
207 68
207 57
207 12
207 84
207 2
207 205
207 122
207 35
207 67
207 193
207 159
207 186
207 217
207 44
207 106
207 14
207 63
207 145
207 183
207 96
207 188
207 158
207 28
207 10
207 209
207 15
207 137
207 216
207 88
207 176
207 11
207 204
207 200
207 93
207 1
207 100
207 115
207 47
207 65
207 60
207 161
207 4
207 149
207 184
207 135
207 126
207 129
207 69
207 206
207 171
207 143
207 138
207 89
207 9
207 196
207 173
207 85
207 76
207 17
207 134
207 37
207 174
207 70
207 148
207 144
207 197
207 181
207 51
207 66
207 111
207 49
207 127
207 86
207 119
207 58
207 116
207 46
207 75
207 194
207 201
207 99
207 157
207 74
207 25
207 87
207 97
207 165
207 33
207 139
207 91
207 132
207 8
207 213
207 133
207 162
207 55
207 7
207 136
207 189
207 41
207 77
207 82
68 57
68 94
68 12
68 84
68 2
68 22
68 50
68 205
68 122
68 67
68 186
68 217
68 44
68 14
68 71
68 142
68 145
68 101
68 146
68 27
68 48
68 24
68 19
68 42
68 15
68 203
68 5
68 79
68 6
68 112
68 216
68 11
68 199
68 200
68 93
68 59
68 16
68 100
68 3
68 53
68 118
68 4
68 149
68 125
68 110
68 54
68 135
68 126
68 151
68 69
68 153
68 171
68 143
68 31
68 198
68 83
68 56
68 9
68 196
68 102
68 72
68 173
68 85
68 43
68 76
68 17
68 134
68 144
68 197
68 141
68 51
68 66
68 195
68 111
68 13
68 49
68 20
68 127
68 119
68 215
68 202
68 218
68 116
68 46
68 38
68 107
68 75
68 194
68 208
68 99
68 157
68 74
68 25
68 117
68 97
68 33
68 91
68 132
68 8
68 40
68 162
68 130
68 189
68 41
68 77
68 82
57 94
57 84
57 50
57 190
57 35
57 67
57 193
57 182
57 217
57 63
57 180
57 164
57 142
57 183
57 177
57 101
57 96
57 188
57 21
57 124
57 146
57 191
57 158
57 48
57 175
57 42
57 209
57 15
57 185
57 137
57 5
57 6
57 112
57 216
57 176
57 155
57 154
57 11
57 204
57 200
57 93
57 59
57 100
57 3
57 115
57 128
57 53
57 118
57 65
57 4
57 149
57 125
57 54
57 126
57 129
57 171
57 167
57 83
57 56
57 89
57 9
57 72
57 76
57 17
57 120
57 70
57 170
57 197
57 181
57 141
57 66
57 195
57 105
57 13
57 127
57 45
57 107
57 75
57 194
57 166
57 99
57 121
57 157
57 117
57 165
57 139
57 91
57 132
57 213
57 40
57 133
57 162
57 130
57 136
57 41
57 77
57 178
57 104
57 82
94 12
94 84
94 50
94 193
94 159
94 182
94 217
94 106
94 71
94 164
94 142
94 177
94 212
94 21
94 168
94 124
94 146
94 27
94 158
94 24
94 42
94 10
94 15
94 5
94 216
94 154
94 11
94 199
94 204
94 200
94 93
94 59
94 16
94 100
94 3
94 115
94 128
94 53
94 118
94 211
94 65
94 60
94 161
94 4
94 184
94 219
94 110
94 135
94 126
94 151
94 206
94 171
94 143
94 167
94 83
94 89
94 9
94 196
94 85
94 163
94 43
94 76
94 120
94 37
94 174
94 148
94 144
94 197
94 187
94 141
94 51
94 66
94 195
94 111
94 105
94 13
94 20
94 127
94 119
94 113
94 202
94 58
94 46
94 38
94 107
94 201
94 99
94 157
94 74
94 25
94 117
94 97
94 165
94 139
94 30
94 8
94 162
94 210
94 7
94 130
94 41
94 82
12 2
12 22
12 122
12 35
12 67
12 193
12 159
12 217
12 103
12 142
12 145
12 183
12 177
12 188
12 146
12 27
12 158
12 48
12 19
12 175
12 15
12 137
12 203
12 18
12 6
12 112
12 216
12 88
12 176
12 155
12 154
12 11
12 199
12 200
12 93
12 59
12 16
12 100
12 172
12 128
12 53
12 118
12 47
12 161
12 149
12 184
12 219
12 108
12 151
12 153
12 143
12 31
12 167
12 83
12 56
12 89
12 102
12 72
12 43
12 17
12 134
12 37
12 70
12 170
12 144
12 197
12 181
12 51
12 195
12 13
12 49
12 20
12 127
12 86
12 119
12 45
12 202
12 58
12 218
12 38
12 75
12 201
12 121
12 157
12 74
12 25
12 117
12 139
12 30
12 132
12 8
12 213
12 40
12 133
12 210
12 7
12 81
12 41
12 77
12 104
12 90
84 2
84 35
84 193
84 106
84 14
84 63
84 180
84 71
84 164
84 142
84 145
84 101
84 96
84 212
84 188
84 124
84 146
84 27
84 191
84 158
84 48
84 24
84 19
84 42
84 28
84 15
84 185
84 137
84 203
84 18
84 5
84 79
84 155
84 154
84 199
84 204
84 200
84 16
84 100
84 3
84 115
84 53
84 47
84 60
84 4
84 184
84 219
84 135
84 108
84 69
84 206
84 171
84 31
84 167
84 56
84 89
84 9
84 61
84 196
84 102
84 72
84 173
84 120
84 134
84 37
84 170
84 148
84 197
84 187
84 181
84 66
84 195
84 105
84 13
84 49
84 20
84 127
84 86
84 119
84 45
84 113
84 202
84 218
84 116
84 38
84 107
84 194
84 166
84 208
84 99
84 121
84 157
84 74
84 97
84 165
84 139
84 30
84 91
84 132
84 8
84 213
84 40
84 26
84 133
84 162
84 210
84 7
84 130
84 189
84 81
84 41
84 77
84 104
84 82
84 90
2 122
2 193
2 159
2 182
2 217
2 44
2 106
2 63
2 71
2 142
2 145
2 183
2 177
2 188
2 21
2 168
2 27
2 158
2 48
2 19
2 28
2 10
2 15
2 185
2 137
2 203
2 5
2 112
2 176
2 199
2 204
2 200
2 93
2 16
2 1
2 100
2 3
2 128
2 211
2 65
2 4
2 135
2 151
2 129
2 69
2 206
2 169
2 143
2 83
2 56
2 89
2 9
2 61
2 196
2 72
2 163
2 43
2 76
2 17
2 134
2 170
2 148
2 144
2 187
2 51
2 195
2 111
2 105
2 13
2 49
2 127
2 119
2 45
2 113
2 202
2 58
2 218
2 46
2 107
2 75
2 201
2 166
2 208
2 99
2 121
2 74
2 117
2 87
2 97
2 165
2 33
2 139
2 132
2 8
2 133
2 7
2 77
2 178
2 104
2 90
22 98
22 205
22 35
22 67
22 159
22 186
22 217
22 106
22 63
22 145
22 101
22 96
22 212
22 168
22 146
22 19
22 175
22 28
22 10
22 15
22 137
22 18
22 79
22 6
22 112
22 155
22 11
22 199
22 204
22 93
22 16
22 1
22 100
22 53
22 161
22 4
22 184
22 219
22 110
22 54
22 126
22 151
22 69
22 171
22 169
22 31
22 198
22 83
22 56
22 89
22 9
22 61
22 196
22 72
22 173
22 85
22 43
22 76
22 120
22 134
22 170
22 144
22 187
22 181
22 141
22 66
22 105
22 13
22 49
22 20
22 119
22 45
22 202
22 58
22 218
22 116
22 46
22 38
22 194
22 201
22 208
22 121
22 157
22 74
22 87
22 165
22 33
22 139
22 91
22 26
22 133
22 162
22 210
22 55
22 130
22 136
22 81
22 41
22 77
22 82
50 67
50 193
50 182
50 14
50 103
50 164
50 145
50 183
50 96
50 212
50 188
50 21
50 124
50 146
50 191
50 158
50 48
50 175
50 10
50 15
50 137
50 203
50 18
50 5
50 79
50 216
50 176
50 155
50 154
50 199
50 3
50 172
50 115
50 53
50 211
50 47
50 65
50 60
50 149
50 125
50 126
50 151
50 153
50 171
50 143
50 31
50 198
50 167
50 138
50 56
50 89
50 9
50 61
50 196
50 102
50 85
50 134
50 37
50 174
50 170
50 148
50 144
50 187
50 141
50 66
50 195
50 111
50 105
50 13
50 86
50 119
50 45
50 113
50 202
50 58
50 218
50 46
50 38
50 107
50 194
50 201
50 99
50 121
50 157
50 25
50 87
50 97
50 139
50 30
50 91
50 132
50 8
50 26
50 210
50 55
50 7
50 130
50 41
50 77
50 178
50 82
50 90
98 67
98 217
98 106
98 14
98 63
98 103
98 71
98 142
98 145
98 183
98 177
98 101
98 96
98 212
98 188
98 21
98 146
98 27
98 158
98 19
98 42
98 28
98 10
98 203
98 18
98 6
98 112
98 88
98 204
98 200
98 93
98 16
98 100
98 3
98 172
98 128
98 53
98 118
98 47
98 65
98 60
98 125
98 219
98 110
98 135
98 126
98 171
98 143
98 56
98 61
98 85
98 163
98 76
98 37
98 174
98 70
98 170
98 148
98 144
98 197
98 181
98 141
98 51
98 66
98 195
98 111
98 13
98 49
98 127
98 86
98 119
98 215
98 45
98 113
98 202
98 58
98 116
98 46
98 38
98 75
98 166
98 208
98 165
98 139
98 8
98 26
98 162
98 210
98 7
98 130
98 81
98 41
98 77
98 104
205 122
205 35
205 193
205 159
205 182
205 186
205 217
205 106
205 63
205 71
205 164
205 145
205 101
205 212
205 188
205 21
205 168
205 27
205 191
205 158
205 48
205 24
205 19
205 175
205 42
205 28
205 10
205 15
205 203
205 18
205 5
205 6
205 112
205 88
205 176
205 155
205 199
205 204
205 200
205 59
205 1
205 115
205 128
205 60
205 4
205 149
205 184
205 125
205 219
205 110
205 108
205 151
205 69
205 171
205 143
205 31
205 198
205 138
205 56
205 89
205 102
205 72
205 173
205 85
205 163
205 17
205 120
205 174
205 70
205 170
205 148
205 144
205 197
205 195
205 20
205 127
205 119
205 215
205 45
205 202
205 58
205 218
205 116
205 107
205 75
205 194
205 201
205 99
205 87
205 97
205 30
205 8
205 213
205 26
205 162
205 210
205 55
205 7
205 130
205 41
205 77
205 178
190 122
190 67
190 193
190 217
190 106
190 180
190 142
190 183
190 177
190 101
190 96
190 212
190 168
190 124
190 146
190 27
190 191
190 158
190 19
190 42
190 10
190 209
190 15
190 137
190 18
190 79
190 6
190 216
190 88
190 155
190 154
190 199
190 204
190 93
190 59
190 1
190 100
190 3
190 115
190 128
190 211
190 4
190 149
190 184
190 125
190 219
190 110
190 54
190 135
190 108
190 151
190 129
190 69
190 171
190 169
190 143
190 198
190 167
190 138
190 83
190 9
190 61
190 173
190 85
190 163
190 43
190 76
190 17
190 70
190 170
190 144
190 197
190 187
190 66
190 195
190 105
190 13
190 20
190 127
190 86
190 119
190 215
190 45
190 202
190 58
190 218
190 38
190 107
190 194
190 201
190 166
190 99
190 121
190 25
190 117
190 97
190 165
190 33
190 91
190 213
190 40
190 26
190 162
190 55
190 7
190 130
190 136
190 189
190 77
190 178
190 82
190 90
122 35
122 44
122 106
122 63
122 180
122 71
122 164
122 142
122 177
122 21
122 124
122 27
122 191
122 48
122 175
122 42
122 28
122 209
122 15
122 185
122 203
122 18
122 6
122 112
122 216
122 88
122 155
122 154
122 11
122 199
122 204
122 200
122 16
122 1
122 100
122 115
122 118
122 47
122 65
122 161
122 149
122 219
122 135
122 129
122 69
122 206
122 153
122 171
122 169
122 31
122 198
122 167
122 138
122 83
122 56
122 61
122 102
122 72
122 173
122 43
122 17
122 134
122 170
122 148
122 181
122 141
122 51
122 195
122 13
122 49
122 127
122 86
122 119
122 215
122 45
122 113
122 58
122 218
122 116
122 46
122 75
122 194
122 166
122 99
122 121
122 157
122 25
122 87
122 97
122 139
122 30
122 132
122 40
122 133
122 162
122 55
122 7
122 189
122 178
35 67
35 159
35 182
35 186
35 106
35 14
35 63
35 103
35 71
35 164
35 145
35 96
35 212
35 188
35 21
35 168
35 146
35 27
35 191
35 158
35 48
35 24
35 19
35 175
35 28
35 10
35 137
35 203
35 5
35 79
35 112
35 176
35 154
35 11
35 199
35 200
35 93
35 59
35 100
35 115
35 128
35 47
35 60
35 161
35 125
35 219
35 54
35 206
35 171
35 169
35 31
35 198
35 138
35 89
35 9
35 102
35 173
35 85
35 43
35 120
35 37
35 174
35 70
35 170
35 144
35 197
35 187
35 181
35 51
35 66
35 195
35 105
35 13
35 49
35 20
35 127
35 86
35 119
35 45
35 113
35 116
35 107
35 194
35 201
35 99
35 121
35 25
35 87
35 97
35 165
35 30
35 91
35 213
35 40
35 133
35 162
35 7
35 136
35 81
35 178
35 104
35 90
67 193
67 186
67 217
67 14
67 164
67 142
67 145
67 183
67 96
67 188
67 124
67 191
67 158
67 19
67 175
67 15
67 137
67 203
67 5
67 79
67 6
67 112
67 216
67 88
67 176
67 155
67 154
67 11
67 199
67 204
67 200
67 93
67 59
67 16
67 100
67 128
67 53
67 118
67 211
67 47
67 161
67 149
67 184
67 125
67 219
67 110
67 54
67 135
67 108
67 151
67 129
67 69
67 206
67 169
67 143
67 31
67 83
67 56
67 89
67 61
67 173
67 85
67 163
67 43
67 76
67 134
67 170
67 197
67 181
67 51
67 66
67 105
67 13
67 49
67 20
67 127
67 215
67 45
67 202
67 107
67 75
67 166
67 208
67 157
67 74
67 25
67 117
67 87
67 165
67 30
67 91
67 132
67 213
67 40
67 26
67 133
67 162
67 55
67 7
67 130
67 136
67 189
67 81
67 41
67 104
193 159
193 182
193 217
193 44
193 106
193 14
193 180
193 103
193 164
193 142
193 183
193 177
193 101
193 96
193 212
193 188
193 21
193 168
193 146
193 191
193 158
193 48
193 24
193 19
193 42
193 28
193 10
193 209
193 15
193 185
193 18
193 5
193 79
193 6
193 176
193 154
193 11
193 93
193 16
193 100
193 3
193 172
193 115
193 128
193 53
193 118
193 47
193 125
193 219
193 54
193 151
193 129
193 206
193 31
193 198
193 56
193 89
193 196
193 102
193 173
193 85
193 163
193 76
193 120
193 134
193 70
193 170
193 144
193 197
193 187
193 141
193 111
193 105
193 20
193 127
193 86
193 119
193 113
193 202
193 58
193 218
193 116
193 46
193 38
193 194
193 74
193 87
193 165
193 33
193 132
193 8
193 40
193 210
193 55
193 7
193 130
193 41
193 77
193 104
193 82
193 90
159 182
159 217
159 106
159 180
159 103
159 71
159 164
159 183
159 177
159 101
159 212
159 188
159 168
159 146
159 191
159 137
159 203
159 18
159 6
159 112
159 216
159 88
159 176
159 155
159 154
159 199
159 204
159 16
159 3
159 115
159 53
159 118
159 47
159 65
159 149
159 184
159 125
159 110
159 54
159 135
159 108
159 129
159 153
159 171
159 198
159 138
159 89
159 9
159 61
159 102
159 85
159 163
159 43
159 17
159 120
159 37
159 174
159 70
159 170
159 148
159 197
159 187
159 141
159 51
159 66
159 195
159 111
159 105
159 49
159 45
159 113
159 202
159 58
159 38
159 107
159 75
159 201
159 208
159 157
159 74
159 25
159 117
159 87
159 97
159 165
159 33
159 139
159 8
159 213
159 40
159 26
159 133
159 55
159 7
159 130
159 136
159 189
159 81
159 41
159 77
159 104
159 82
159 90
182 186
182 217
182 44
182 63
182 180
182 164
182 142
182 145
182 212
182 188
182 168
182 124
182 191
182 158
182 48
182 42
182 15
182 185
182 137
182 203
182 18
182 5
182 79
182 6
182 112
182 176
182 155
182 199
182 204
182 93
182 59
182 16
182 1
182 100
182 115
182 53
182 118
182 211
182 65
182 161
182 125
182 110
182 54
182 135
182 69
182 169
182 143
182 198
182 167
182 138
182 56
182 89
182 9
182 61
182 196
182 72
182 173
182 163
182 43
182 76
182 17
182 120
182 37
182 70
182 170
182 148
182 144
182 197
182 187
182 181
182 141
182 51
182 195
182 111
182 105
182 13
182 49
182 119
182 113
182 202
182 58
182 46
182 107
182 75
182 201
182 166
182 121
182 74
182 87
182 165
182 132
182 213
182 26
182 133
182 210
182 55
182 7
182 130
182 189
182 41
182 77
182 178
182 104
182 82
182 90
186 217
186 44
186 106
186 63
186 103
186 71
186 164
186 142
186 145
186 177
186 212
186 124
186 27
186 191
186 158
186 48
186 24
186 19
186 175
186 28
186 10
186 15
186 137
186 79
186 6
186 216
186 176
186 155
186 154
186 199
186 200
186 16
186 1
186 3
186 128
186 53
186 118
186 211
186 47
186 60
186 4
186 149
186 125
186 219
186 54
186 108
186 171
186 31
186 198
186 167
186 138
186 83
186 56
186 61
186 102
186 72
186 173
186 163
186 43
186 76
186 17
186 134
186 174
186 197
186 187
186 181
186 51
186 66
186 111
186 105
186 13
186 49
186 20
186 119
186 45
186 202
186 58
186 218
186 46
186 107
186 75
186 194
186 99
186 121
186 157
186 25
186 87
186 97
186 165
186 30
186 91
186 132
186 213
186 40
186 162
186 130
186 136
186 81
186 41
186 77
186 104
217 44
217 106
217 14
217 63
217 180
217 71
217 164
217 142
217 145
217 183
217 96
217 212
217 188
217 21
217 168
217 27
217 48
217 19
217 175
217 28
217 10
217 15
217 185
217 18
217 5
217 79
217 6
217 216
217 176
217 154
217 199
217 204
217 93
217 59
217 1
217 100
217 3
217 172
217 115
217 53
217 47
217 65
217 161
217 4
217 184
217 219
217 110
217 126
217 129
217 69
217 153
217 171
217 169
217 143
217 31
217 138
217 83
217 56
217 89
217 102
217 173
217 163
217 76
217 134
217 174
217 70
217 170
217 148
217 144
217 187
217 181
217 66
217 195
217 111
217 105
217 13
217 127
217 86
217 215
217 202
217 58
217 46
217 208
217 99
217 157
217 74
217 87
217 97
217 165
217 139
217 91
217 40
217 133
217 162
217 210
217 55
217 7
217 189
217 81
217 41
217 178
217 82
44 106
44 14
44 63
44 180
44 164
44 142
44 183
44 212
44 21
44 146
44 27
44 191
44 158
44 48
44 24
44 19
44 175
44 28
44 209
44 185
44 18
44 5
44 6
44 154
44 11
44 204
44 200
44 93
44 16
44 1
44 3
44 172
44 115
44 128
44 60
44 161
44 149
44 184
44 219
44 54
44 108
44 151
44 129
44 206
44 153
44 171
44 169
44 31
44 72
44 85
44 163
44 43
44 76
44 120
44 37
44 174
44 70
44 170
44 144
44 197
44 181
44 141
44 51
44 195
44 111
44 20
44 127
44 86
44 38
44 107
44 75
44 166
44 99
44 121
44 74
44 25
44 87
44 139
44 8
44 40
44 26
44 133
44 162
44 130
44 81
44 77
106 63
106 71
106 177
106 101
106 158
106 48
106 19
106 175
106 10
106 15
106 5
106 79
106 154
106 199
106 204
106 200
106 59
106 16
106 1
106 100
106 115
106 128
106 211
106 65
106 60
106 161
106 4
106 149
106 125
106 219
106 54
106 135
106 126
106 108
106 151
106 129
106 69
106 153
106 171
106 169
106 143
106 198
106 167
106 89
106 61
106 102
106 72
106 85
106 163
106 43
106 76
106 120
106 134
106 37
106 170
106 148
106 144
106 141
106 51
106 66
106 195
106 111
106 105
106 49
106 20
106 127
106 86
106 119
106 45
106 202
106 58
106 116
106 38
106 107
106 194
106 166
106 121
106 157
106 74
106 25
106 87
106 165
106 33
106 30
106 91
106 132
106 8
106 213
106 26
106 210
106 55
106 136
106 189
106 81
106 104
106 82
106 90
14 63
14 71
14 164
14 183
14 177
14 212
14 188
14 146
14 191
14 158
14 24
14 19
14 175
14 42
14 28
14 15
14 185
14 203
14 79
14 88
14 176
14 154
14 199
14 200
14 93
14 59
14 1
14 100
14 3
14 172
14 128
14 53
14 118
14 47
14 60
14 161
14 4
14 184
14 125
14 54
14 135
14 108
14 151
14 129
14 69
14 206
14 153
14 169
14 31
14 198
14 167
14 56
14 89
14 61
14 102
14 163
14 43
14 76
14 120
14 37
14 174
14 70
14 197
14 66
14 105
14 13
14 20
14 86
14 119
14 45
14 113
14 202
14 58
14 116
14 46
14 107
14 75
14 194
14 166
14 208
14 121
14 157
14 87
14 97
14 30
14 91
14 132
14 213
14 162
14 210
14 130
14 189
14 81
14 178
14 104
14 82
63 180
63 71
63 164
63 145
63 183
63 177
63 101
63 96
63 212
63 188
63 21
63 168
63 124
63 27
63 191
63 158
63 48
63 24
63 42
63 10
63 209
63 185
63 137
63 18
63 5
63 79
63 6
63 112
63 216
63 155
63 11
63 199
63 200
63 93
63 59
63 16
63 172
63 118
63 47
63 65
63 60
63 161
63 4
63 219
63 54
63 135
63 126
63 108
63 69
63 206
63 198
63 138
63 89
63 9
63 61
63 196
63 102
63 173
63 85
63 163
63 76
63 17
63 120
63 37
63 170
63 144
63 197
63 181
63 66
63 105
63 49
63 127
63 86
63 119
63 113
63 202
63 58
63 218
63 116
63 46
63 38
63 201
63 166
63 208
63 121
63 157
63 117
63 165
63 33
63 139
63 91
63 132
63 8
63 40
63 55
63 7
63 130
63 136
63 41
63 77
63 82
180 71
180 183
180 101
180 212
180 146
180 158
180 48
180 24
180 19
180 175
180 209
180 15
180 137
180 79
180 6
180 88
180 176
180 155
180 11
180 199
180 204
180 16
180 100
180 3
180 172
180 128
180 53
180 118
180 161
180 125
180 219
180 110
180 54
180 126
180 108
180 129
180 69
180 206
180 171
180 169
180 167
180 89
180 9
180 61
180 196
180 173
180 85
180 76
180 17
180 120
180 70
180 170
180 148
180 181
180 141
180 51
180 66
180 111
180 49
180 119
180 46
180 38
180 107
180 75
180 166
180 208
180 99
180 121
180 25
180 117
180 87
180 97
180 165
180 33
180 132
180 213
180 26
180 7
180 136
180 77
180 178
180 104
180 90
103 183
103 101
103 96
103 212
103 27
103 48
103 19
103 42
103 10
103 185
103 137
103 203
103 5
103 6
103 112
103 88
103 176
103 155
103 204
103 200
103 93
103 59
103 16
103 1
103 115
103 128
103 53
103 47
103 65
103 161
103 219
103 110
103 54
103 126
103 151
103 206
103 153
103 171
103 143
103 31
103 56
103 89
103 9
103 196
103 102
103 72
103 173
103 85
103 76
103 17
103 170
103 144
103 197
103 187
103 181
103 51
103 66
103 195
103 111
103 105
103 49
103 215
103 45
103 58
103 218
103 116
103 38
103 107
103 194
103 208
103 99
103 121
103 157
103 74
103 25
103 117
103 97
103 165
103 33
103 30
103 132
103 8
103 213
103 40
103 26
103 133
103 162
103 210
103 55
103 130
103 136
103 189
103 41
103 104
71 142
71 183
71 177
71 101
71 212
71 168
71 124
71 191
71 48
71 19
71 175
71 42
71 28
71 10
71 15
71 185
71 203
71 18
71 5
71 79
71 216
71 88
71 155
71 154
71 199
71 204
71 200
71 16
71 1
71 100
71 172
71 118
71 211
71 60
71 161
71 149
71 184
71 108
71 129
71 69
71 206
71 143
71 31
71 198
71 167
71 138
71 56
71 89
71 102
71 72
71 85
71 163
71 43
71 17
71 120
71 134
71 37
71 174
71 170
71 197
71 187
71 181
71 141
71 66
71 111
71 13
71 20
71 127
71 86
71 119
71 45
71 116
71 46
71 38
71 166
71 208
71 99
71 157
71 25
71 87
71 165
71 33
71 139
71 30
71 91
71 132
71 26
71 133
71 162
71 7
71 130
71 189
71 81
71 41
71 77
71 82
164 142
164 145
164 96
164 212
164 188
164 191
164 158
164 19
164 175
164 42
164 28
164 209
164 15
164 137
164 203
164 79
164 112
164 88
164 155
164 154
164 199
164 200
164 59
164 16
164 1
164 100
164 3
164 172
164 128
164 118
164 47
164 65
164 60
164 161
164 149
164 184
164 219
164 54
164 135
164 126
164 151
164 129
164 69
164 169
164 31
164 198
164 167
164 89
164 9
164 72
164 173
164 85
164 43
164 17
164 37
164 70
164 170
164 144
164 197
164 187
164 181
164 66
164 195
164 111
164 105
164 13
164 20
164 127
164 119
164 45
164 202
164 58
164 218
164 46
164 38
164 107
164 201
164 166
164 99
164 121
164 157
164 25
164 97
164 33
164 139
164 132
164 213
164 40
164 26
164 162
164 210
164 55
164 7
164 130
164 81
164 41
164 178
164 82
164 90
142 145
142 183
142 177
142 101
142 96
142 212
142 188
142 124
142 146
142 27
142 191
142 48
142 24
142 42
142 28
142 10
142 209
142 15
142 185
142 137
142 203
142 18
142 112
142 216
142 88
142 176
142 155
142 11
142 199
142 93
142 59
142 16
142 1
142 3
142 53
142 118
142 211
142 149
142 184
142 54
142 126
142 108
142 151
142 129
142 198
142 167
142 138
142 56
142 89
142 196
142 72
142 85
142 163
142 76
142 120
142 134
142 37
142 174
142 70
142 148
142 144
142 197
142 181
142 51
142 66
142 105
142 13
142 49
142 20
142 127
142 119
142 45
142 113
142 58
142 107
142 75
142 194
142 201
142 208
142 74
142 25
142 97
142 165
142 33
142 30
142 132
142 8
142 213
142 40
142 26
142 133
142 55
142 189
142 41
142 178
142 104
142 82
142 90
145 183
145 177
145 188
145 168
145 124
145 48
145 19
145 175
145 28
145 15
145 137
145 203
145 18
145 5
145 6
145 216
145 176
145 154
145 199
145 16
145 1
145 100
145 3
145 115
145 53
145 47
145 65
145 60
145 184
145 125
145 110
145 54
145 135
145 108
145 151
145 69
145 206
145 153
145 143
145 167
145 138
145 61
145 72
145 173
145 163
145 43
145 76
145 120
145 37
145 174
145 70
145 170
145 148
145 144
145 197
145 181
145 51
145 66
145 195
145 13
145 49
145 127
145 215
145 45
145 113
145 58
145 218
145 116
145 46
145 38
145 75
145 194
145 166
145 121
145 157
145 74
145 87
145 165
145 33
145 139
145 91
145 8
145 213
145 133
145 210
145 7
145 130
145 136
145 189
145 81
145 41
145 77
145 178
145 104
145 82
145 90
183 177
183 212
183 188
183 146
183 48
183 42
183 28
183 185
183 137
183 203
183 5
183 88
183 176
183 154
183 11
183 199
183 59
183 100
183 172
183 115
183 118
183 211
183 65
183 60
183 161
183 4
183 149
183 184
183 125
183 135
183 108
183 69
183 206
183 153
183 171
183 169
183 83
183 61
183 196
183 102
183 72
183 173
183 85
183 120
183 174
183 70
183 144
183 197
183 187
183 181
183 141
183 66
183 195
183 111
183 13
183 49
183 86
183 215
183 45
183 113
183 202
183 58
183 218
183 38
183 107
183 75
183 194
183 166
183 208
183 99
183 121
183 157
183 25
183 87
183 139
183 30
183 91
183 26
183 133
183 162
183 7
183 130
183 189
183 81
183 77
183 178
183 104
183 90
177 101
177 96
177 212
177 188
177 168
177 146
177 158
177 24
177 19
177 175
177 42
177 10
177 209
177 15
177 185
177 203
177 18
177 216
177 93
177 59
177 16
177 100
177 128
177 53
177 65
177 184
177 219
177 110
177 135
177 126
177 108
177 151
177 129
177 69
177 153
177 171
177 143
177 138
177 56
177 89
177 196
177 85
177 134
177 170
177 148
177 187
177 141
177 51
177 111
177 127
177 215
177 113
177 202
177 58
177 116
177 38
177 208
177 99
177 121
177 117
177 87
177 30
177 213
177 40
177 26
177 133
177 162
177 130
177 136
177 81
177 77
177 90
101 21
101 124
101 146
101 191
101 158
101 19
101 175
101 28
101 185
101 6
101 112
101 216
101 88
101 154
101 11
101 200
101 93
101 100
101 172
101 115
101 118
101 211
101 60
101 4
101 149
101 184
101 125
101 219
101 151
101 129
101 69
101 169
101 143
101 31
101 138
101 83
101 56
101 89
101 9
101 102
101 72
101 173
101 163
101 43
101 17
101 120
101 37
101 70
101 170
101 187
101 141
101 51
101 66
101 111
101 13
101 86
101 215
101 113
101 58
101 116
101 46
101 107
101 75
101 194
101 208
101 99
101 121
101 25
101 117
101 87
101 97
101 33
101 139
101 8
101 40
101 210
101 7
101 130
101 136
101 189
101 81
101 77
101 90
96 212
96 21
96 124
96 146
96 191
96 24
96 42
96 28
96 185
96 18
96 5
96 79
96 6
96 216
96 88
96 176
96 155
96 11
96 200
96 93
96 1
96 115
96 128
96 60
96 161
96 149
96 184
96 125
96 110
96 54
96 135
96 126
96 69
96 206
96 169
96 143
96 198
96 167
96 83
96 9
96 61
96 196
96 102
96 72
96 163
96 120
96 148
96 144
96 187
96 141
96 66
96 111
96 105
96 13
96 127
96 86
96 119
96 45
96 113
96 202
96 46
96 107
96 194
96 201
96 208
96 99
96 74
96 25
96 117
96 87
96 97
96 165
96 33
96 139
96 30
96 8
96 40
96 26
96 162
96 210
96 130
96 81
96 77
96 104
96 90
212 188
212 168
212 124
212 146
212 27
212 191
212 158
212 24
212 42
212 28
212 15
212 137
212 79
212 112
212 216
212 88
212 155
212 11
212 199
212 204
212 200
212 59
212 16
212 1
212 100
212 172
212 115
212 128
212 53
212 211
212 60
212 161
212 125
212 219
212 135
212 108
212 151
212 69
212 206
212 171
212 31
212 198
212 167
212 138
212 56
212 9
212 61
212 196
212 102
212 72
212 173
212 163
212 43
212 76
212 17
212 134
212 37
212 174
212 170
212 197
212 181
212 66
212 105
212 127
212 119
212 45
212 113
212 218
212 116
212 46
212 38
212 75
212 208
212 99
212 74
212 25
212 97
212 165
212 33
212 139
212 91
212 210
212 55
212 189
212 81
212 77
212 90
188 21
188 168
188 124
188 146
188 27
188 48
188 24
188 42
188 28
188 209
188 15
188 185
188 203
188 18
188 5
188 79
188 112
188 11
188 199
188 204
188 93
188 59
188 16
188 100
188 3
188 172
188 53
188 65
188 60
188 110
188 54
188 135
188 108
188 69
188 206
188 169
188 198
188 167
188 83
188 89
188 9
188 196
188 102
188 72
188 85
188 43
188 120
188 37
188 174
188 70
188 148
188 144
188 141
188 195
188 111
188 127
188 86
188 202
188 58
188 218
188 116
188 46
188 75
188 194
188 201
188 166
188 208
188 121
188 157
188 33
188 139
188 91
188 132
188 8
188 40
188 133
188 210
188 136
188 189
188 81
188 77
188 178
188 104
21 168
21 124
21 146
21 191
21 158
21 48
21 24
21 42
21 10
21 15
21 137
21 203
21 18
21 79
21 112
21 88
21 154
21 11
21 199
21 93
21 59
21 16
21 100
21 3
21 172
21 128
21 65
21 4
21 149
21 125
21 219
21 110
21 135
21 108
21 151
21 129
21 69
21 206
21 153
21 169
21 143
21 138
21 83
21 56
21 196
21 102
21 43
21 76
21 17
21 134
21 37
21 174
21 170
21 148
21 197
21 181
21 141
21 66
21 195
21 111
21 105
21 49
21 119
21 113
21 202
21 58
21 218
21 116
21 46
21 38
21 107
21 194
21 201
21 166
21 208
21 121
21 157
21 74
21 25
21 117
21 87
21 97
21 165
21 139
21 30
21 91
21 132
21 213
21 40
21 26
21 162
21 55
21 189
21 41
21 104
21 82
21 90
168 48
168 24
168 19
168 175
168 28
168 10
168 15
168 185
168 137
168 18
168 5
168 79
168 6
168 216
168 88
168 155
168 93
168 16
168 100
168 115
168 128
168 53
168 118
168 211
168 65
168 60
168 149
168 184
168 125
168 219
168 110
168 135
168 126
168 108
168 151
168 129
168 69
168 206
168 153
168 171
168 169
168 143
168 198
168 167
168 138
168 83
168 56
168 89
168 9
168 61
168 196
168 102
168 72
168 85
168 43
168 120
168 174
168 70
168 148
168 144
168 187
168 141
168 66
168 195
168 105
168 13
168 49
168 119
168 215
168 45
168 202
168 46
168 38
168 75
168 201
168 166
168 208
168 99
168 121
168 157
168 165
168 30
168 91
168 213
168 26
168 133
168 210
168 130
168 136
168 189
168 81
168 41
168 104
168 82
168 90
124 146
124 27
124 191
124 158
124 48
124 24
124 175
124 209
124 15
124 18
124 5
124 79
124 6
124 112
124 204
124 200
124 93
124 59
124 16
124 1
124 3
124 115
124 53
124 118
124 211
124 47
124 60
124 4
124 149
124 184
124 219
124 54
124 135
124 151
124 69
124 171
124 31
124 198
124 167
124 83
124 56
124 89
124 9
124 61
124 102
124 72
124 43
124 76
124 17
124 120
124 134
124 148
124 144
124 187
124 141
124 51
124 105
124 49
124 20
124 86
124 119
124 215
124 45
124 113
124 116
124 46
124 107
124 75
124 201
124 208
124 157
124 25
124 117
124 97
124 139
124 26
124 133
124 210
124 55
124 7
124 130
124 189
124 77
124 104
124 82
146 27
146 191
146 175
146 15
146 185
146 18
146 79
146 6
146 216
146 88
146 155
146 154
146 11
146 204
146 200
146 93
146 59
146 16
146 100
146 3
146 172
146 115
146 128
146 211
146 65
146 60
146 161
146 149
146 110
146 108
146 151
146 69
146 206
146 153
146 169
146 143
146 83
146 56
146 173
146 43
146 76
146 134
146 37
146 174
146 148
146 197
146 187
146 51
146 66
146 195
146 111
146 105
146 13
146 20
146 86
146 119
146 215
146 45
146 113
146 202
146 58
146 116
146 38
146 75
146 194
146 99
146 74
146 25
146 117
146 87
146 97
146 139
146 91
146 8
146 213
146 40
146 162
146 210
146 130
146 136
146 81
146 178
146 104
146 82
146 90
27 24
27 19
27 175
27 42
27 28
27 209
27 15
27 185
27 137
27 5
27 79
27 6
27 88
27 200
27 1
27 100
27 3
27 115
27 128
27 53
27 118
27 211
27 60
27 219
27 110
27 135
27 126
27 151
27 129
27 69
27 171
27 169
27 31
27 198
27 167
27 83
27 89
27 9
27 72
27 85
27 43
27 76
27 17
27 120
27 134
27 37
27 174
27 144
27 197
27 187
27 141
27 195
27 111
27 105
27 49
27 20
27 127
27 119
27 215
27 202
27 58
27 218
27 116
27 38
27 194
27 201
27 99
27 121
27 157
27 74
27 97
27 33
27 139
27 40
27 210
27 130
27 136
27 189
27 104
27 82
27 90
191 158
191 24
191 19
191 42
191 209
191 15
191 185
191 203
191 18
191 6
191 112
191 216
191 176
191 155
191 11
191 199
191 204
191 200
191 59
191 1
191 172
191 115
191 128
191 53
191 118
191 211
191 47
191 65
191 149
191 184
191 125
191 110
191 135
191 126
191 108
191 151
191 129
191 153
191 31
191 138
191 56
191 89
191 9
191 102
191 72
191 173
191 163
191 43
191 76
191 120
191 134
191 37
191 70
191 170
191 197
191 187
191 181
191 141
191 66
191 195
191 13
191 49
191 119
191 215
191 45
191 113
191 202
191 218
191 116
191 38
191 107
191 75
191 201
191 166
191 208
191 99
191 121
191 157
191 117
191 87
191 97
191 165
191 33
191 91
191 132
191 8
191 213
191 26
191 133
191 210
191 7
191 130
191 189
191 81
191 41
191 178
191 90
158 19
158 175
158 42
158 209
158 15
158 185
158 137
158 18
158 216
158 176
158 155
158 154
158 11
158 199
158 200
158 59
158 3
158 172
158 115
158 53
158 211
158 47
158 65
158 60
158 161
158 4
158 184
158 125
158 219
158 54
158 69
158 143
158 31
158 198
158 167
158 138
158 83
158 89
158 9
158 196
158 102
158 72
158 173
158 85
158 163
158 76
158 134
158 174
158 70
158 170
158 148
158 144
158 197
158 187
158 181
158 141
158 66
158 111
158 13
158 49
158 20
158 127
158 119
158 45
158 46
158 38
158 75
158 194
158 201
158 166
158 99
158 121
158 157
158 25
158 117
158 33
158 139
158 30
158 91
158 132
158 8
158 213
158 40
158 26
158 133
158 162
158 7
158 130
158 136
158 189
158 90
48 24
48 19
48 175
48 28
48 209
48 15
48 185
48 137
48 18
48 5
48 216
48 176
48 155
48 154
48 11
48 204
48 200
48 93
48 1
48 100
48 3
48 47
48 65
48 161
48 4
48 184
48 135
48 126
48 108
48 151
48 129
48 171
48 169
48 143
48 83
48 56
48 89
48 9
48 61
48 196
48 173
48 85
48 163
48 43
48 76
48 134
48 37
48 174
48 148
48 144
48 181
48 51
48 66
48 195
48 20
48 86
48 119
48 45
48 202
48 58
48 116
48 46
48 75
48 201
48 25
48 117
48 87
48 165
48 139
48 30
48 91
48 213
48 40
48 26
48 162
48 210
48 7
48 130
48 189
48 41
48 77
48 104
48 82
24 19
24 175
24 28
24 10
24 209
24 15
24 203
24 5
24 6
24 112
24 88
24 176
24 155
24 11
24 199
24 204
24 200
24 59
24 16
24 115
24 53
24 65
24 4
24 149
24 54
24 135
24 126
24 129
24 69
24 171
24 169
24 198
24 167
24 138
24 83
24 61
24 196
24 102
24 173
24 163
24 43
24 76
24 17
24 134
24 37
24 170
24 148
24 197
24 187
24 141
24 66
24 105
24 49
24 20
24 127
24 119
24 45
24 113
24 58
24 194
24 201
24 166
24 208
24 99
24 74
24 25
24 117
24 30
24 91
24 132
24 8
24 213
24 40
24 133
24 162
24 210
24 55
24 7
24 130
24 136
24 41
24 104
24 90
19 175
19 42
19 28
19 15
19 185
19 137
19 203
19 112
19 216
19 88
19 176
19 155
19 11
19 204
19 3
19 172
19 128
19 53
19 118
19 47
19 60
19 161
19 4
19 149
19 125
19 219
19 110
19 54
19 126
19 108
19 206
19 153
19 171
19 198
19 167
19 83
19 89
19 9
19 196
19 72
19 85
19 163
19 43
19 120
19 37
19 144
19 141
19 66
19 111
19 13
19 49
19 20
19 127
19 119
19 215
19 45
19 218
19 116
19 46
19 107
19 75
19 201
19 166
19 99
19 121
19 157
19 25
19 87
19 97
19 165
19 91
19 40
19 133
19 55
19 7
19 130
19 136
19 77
19 178
19 104
19 82
19 90
175 28
175 10
175 209
175 185
175 137
175 18
175 5
175 6
175 112
175 216
175 155
175 154
175 11
175 200
175 93
175 59
175 16
175 1
175 3
175 118
175 211
175 47
175 161
175 149
175 110
175 126
175 151
175 129
175 69
175 206
175 169
175 143
175 31
175 167
175 138
175 83
175 56
175 89
175 9
175 61
175 102
175 72
175 85
175 163
175 43
175 134
175 174
175 70
175 170
175 144
175 197
175 181
175 195
175 111
175 105
175 13
175 49
175 20
175 86
175 215
175 218
175 116
175 75
175 194
175 201
175 166
175 208
175 99
175 157
175 74
175 25
175 87
175 91
175 213
175 26
175 133
175 7
175 130
175 189
175 81
175 41
175 77
175 178
175 82
175 90
42 28
42 209
42 185
42 203
42 18
42 5
42 79
42 6
42 88
42 154
42 199
42 204
42 200
42 16
42 3
42 115
42 128
42 60
42 161
42 184
42 125
42 219
42 110
42 135
42 126
42 108
42 69
42 169
42 143
42 198
42 167
42 56
42 9
42 196
42 72
42 173
42 163
42 43
42 76
42 17
42 174
42 70
42 197
42 181
42 141
42 111
42 127
42 119
42 215
42 45
42 202
42 58
42 218
42 46
42 38
42 194
42 166
42 99
42 74
42 25
42 117
42 97
42 165
42 33
42 139
42 91
42 132
42 8
42 213
42 40
42 26
42 133
42 162
42 210
42 7
42 130
42 136
42 77
42 178
42 104
42 82
42 90
28 209
28 15
28 185
28 137
28 18
28 112
28 88
28 176
28 11
28 204
28 200
28 93
28 16
28 1
28 100
28 3
28 115
28 128
28 53
28 118
28 211
28 47
28 65
28 60
28 161
28 219
28 110
28 108
28 151
28 69
28 153
28 171
28 169
28 143
28 167
28 56
28 61
28 196
28 102
28 72
28 173
28 163
28 76
28 17
28 174
28 170
28 148
28 197
28 141
28 51
28 66
28 195
28 13
28 20
28 127
28 119
28 215
28 202
28 218
28 46
28 38
28 75
28 201
28 99
28 121
28 157
28 87
28 97
28 132
28 8
28 213
28 40
28 26
28 162
28 210
28 130
28 189
28 81
28 41
28 77
28 178
28 104
28 82
28 90
10 209
10 185
10 137
10 203
10 18
10 79
10 6
10 112
10 155
10 11
10 93
10 1
10 100
10 3
10 172
10 115
10 128
10 211
10 47
10 149
10 110
10 135
10 126
10 108
10 129
10 206
10 153
10 198
10 56
10 89
10 61
10 196
10 102
10 72
10 173
10 163
10 76
10 17
10 120
10 174
10 70
10 148
10 144
10 187
10 111
10 49
10 86
10 119
10 45
10 46
10 38
10 107
10 194
10 99
10 121
10 25
10 117
10 97
10 165
10 30
10 8
10 162
10 210
10 7
10 136
10 189
10 77
10 104
10 90
209 185
209 137
209 18
209 5
209 216
209 88
209 176
209 154
209 204
209 16
209 1
209 100
209 128
209 118
209 47
209 65
209 4
209 149
209 219
209 54
209 129
209 69
209 143
209 31
209 198
209 83
209 56
209 61
209 72
209 85
209 17
209 120
209 134
209 174
209 170
209 148
209 144
209 187
209 181
209 51
209 66
209 20
209 127
209 215
209 113
209 202
209 38
209 75
209 201
209 74
209 33
209 91
209 40
209 26
209 133
209 210
209 189
209 81
209 77
209 104
209 82
209 90
15 137
15 203
15 18
15 176
15 155
15 154
15 11
15 199
15 204
15 93
15 1
15 100
15 3
15 172
15 128
15 53
15 118
15 47
15 65
15 161
15 4
15 184
15 219
15 54
15 108
15 69
15 153
15 171
15 31
15 89
15 9
15 196
15 102
15 173
15 85
15 43
15 76
15 17
15 120
15 134
15 70
15 170
15 144
15 197
15 181
15 141
15 66
15 111
15 105
15 13
15 49
15 20
15 86
15 119
15 113
15 202
15 218
15 46
15 38
15 201
15 166
15 208
15 99
15 121
15 157
15 74
15 25
15 87
15 33
15 139
15 8
15 40
15 133
15 210
15 55
15 130
15 136
15 189
15 41
15 77
15 82
185 137
185 203
185 18
185 5
185 6
185 112
185 216
185 176
185 155
185 11
185 199
185 204
185 59
185 16
185 100
185 3
185 172
185 115
185 128
185 53
185 211
185 47
185 161
185 4
185 149
185 219
185 126
185 129
185 69
185 206
185 153
185 169
185 31
185 198
185 83
185 61
185 102
185 76
185 17
185 134
185 170
185 197
185 187
185 141
185 66
185 111
185 105
185 13
185 49
185 20
185 119
185 218
185 116
185 38
185 107
185 194
185 201
185 208
185 99
185 121
185 74
185 117
185 30
185 91
185 213
185 26
185 133
185 55
185 7
185 130
185 136
185 189
185 77
185 104
137 18
137 6
137 216
137 176
137 155
137 154
137 11
137 204
137 200
137 93
137 59
137 1
137 100
137 3
137 115
137 128
137 53
137 118
137 211
137 47
137 60
137 161
137 4
137 149
137 184
137 219
137 135
137 126
137 108
137 129
137 69
137 206
137 153
137 143
137 31
137 198
137 83
137 9
137 102
137 72
137 173
137 43
137 76
137 17
137 134
137 37
137 174
137 70
137 148
137 181
137 141
137 66
137 111
137 105
137 49
137 20
137 86
137 215
137 113
137 218
137 116
137 46
137 194
137 201
137 208
137 157
137 97
137 165
137 213
137 40
137 26
137 133
137 55
137 7
137 130
137 81
137 41
137 77
137 104
203 5
203 6
203 155
203 11
203 199
203 200
203 1
203 172
203 128
203 53
203 118
203 47
203 4
203 149
203 184
203 110
203 54
203 135
203 108
203 129
203 69
203 153
203 169
203 143
203 138
203 89
203 196
203 102
203 72
203 173
203 163
203 43
203 17
203 120
203 37
203 174
203 148
203 144
203 187
203 66
203 195
203 111
203 105
203 13
203 49
203 20
203 127
203 119
203 45
203 202
203 38
203 166
203 121
203 157
203 74
203 87
203 97
203 165
203 30
203 8
203 213
203 26
203 133
203 210
203 55
203 7
203 136
203 81
203 41
203 77
203 178
203 104
203 82
18 112
18 216
18 88
18 11
18 199
18 93
18 16
18 3
18 115
18 118
18 47
18 65
18 149
18 184
18 125
18 219
18 135
18 126
18 108
18 151
18 206
18 171
18 143
18 83
18 89
18 196
18 102
18 72
18 163
18 43
18 76
18 17
18 120
18 134
18 37
18 144
18 197
18 187
18 141
18 51
18 195
18 111
18 105
18 49
18 86
18 45
18 113
18 218
18 38
18 75
18 194
18 166
18 208
18 121
18 157
18 117
18 33
18 139
18 30
18 91
18 8
18 40
18 26
18 162
18 210
18 55
18 7
18 130
18 41
18 77
18 178
18 104
5 79
5 154
5 93
5 59
5 100
5 172
5 128
5 211
5 65
5 60
5 4
5 184
5 125
5 135
5 126
5 108
5 151
5 129
5 171
5 169
5 31
5 198
5 167
5 138
5 83
5 56
5 196
5 72
5 173
5 85
5 163
5 43
5 17
5 134
5 37
5 170
5 144
5 181
5 141
5 51
5 195
5 13
5 49
5 20
5 127
5 86
5 119
5 215
5 45
5 113
5 202
5 58
5 116
5 46
5 75
5 194
5 166
5 208
5 99
5 121
5 157
5 25
5 117
5 87
5 97
5 165
5 33
5 139
5 30
5 91
5 8
5 26
5 133
5 210
5 7
5 77
5 104
5 90
79 176
79 155
79 154
79 11
79 199
79 200
79 93
79 59
79 1
79 100
79 172
79 118
79 47
79 60
79 161
79 4
79 184
79 125
79 219
79 135
79 126
79 108
79 129
79 153
79 171
79 198
79 83
79 89
79 61
79 196
79 102
79 72
79 173
79 85
79 163
79 76
79 120
79 174
79 70
79 170
79 144
79 181
79 51
79 105
79 20
79 127
79 86
79 113
79 58
79 218
79 46
79 38
79 201
79 166
79 208
79 99
79 157
79 74
79 25
79 87
79 97
79 165
79 139
79 30
79 132
79 8
79 213
79 133
79 55
79 7
79 130
79 81
79 178
79 104
79 82
79 90
6 112
6 216
6 88
6 155
6 154
6 199
6 204
6 93
6 100
6 115
6 128
6 53
6 118
6 65
6 60
6 161
6 184
6 110
6 54
6 108
6 69
6 153
6 171
6 31
6 198
6 167
6 83
6 56
6 89
6 9
6 61
6 196
6 173
6 85
6 76
6 134
6 148
6 144
6 197
6 187
6 195
6 111
6 105
6 49
6 119
6 215
6 45
6 58
6 46
6 107
6 194
6 201
6 166
6 208
6 157
6 74
6 25
6 117
6 165
6 139
6 91
6 132
6 8
6 162
6 210
6 55
6 7
6 130
6 41
6 104
6 82
6 90
112 216
112 88
112 11
112 93
112 59
112 16
112 1
112 172
112 115
112 53
112 65
112 161
112 184
112 125
112 110
112 54
112 135
112 126
112 108
112 151
112 69
112 169
112 143
112 198
112 167
112 83
112 89
112 9
112 102
112 72
112 173
112 163
112 43
112 76
112 120
112 134
112 174
112 70
112 170
112 148
112 197
112 187
112 181
112 141
112 51
112 66
112 195
112 111
112 105
112 49
112 127
112 119
112 215
112 45
112 202
112 58
112 218
112 38
112 107
112 75
112 194
112 201
112 166
112 208
112 99
112 74
112 25
112 117
112 87
112 97
112 33
112 139
112 132
112 8
112 213
112 162
112 130
112 189
112 41
112 104
112 90
216 88
216 176
216 155
216 11
216 199
216 204
216 59
216 16
216 100
216 3
216 172
216 128
216 53
216 211
216 47
216 65
216 60
216 4
216 125
216 135
216 206
216 153
216 169
216 143
216 31
216 89
216 9
216 61
216 102
216 173
216 85
216 163
216 43
216 76
216 17
216 134
216 37
216 170
216 148
216 197
216 187
216 181
216 141
216 195
216 105
216 49
216 127
216 86
216 215
216 45
216 113
216 202
216 218
216 38
216 75
216 194
216 201
216 74
216 87
216 97
216 165
216 33
216 139
216 30
216 91
216 132
216 40
216 26
216 162
216 210
216 55
216 7
216 130
216 136
216 189
216 41
216 104
216 90
88 176
88 204
88 16
88 100
88 3
88 172
88 47
88 65
88 4
88 184
88 125
88 219
88 110
88 54
88 108
88 129
88 69
88 206
88 153
88 169
88 198
88 89
88 9
88 102
88 72
88 173
88 85
88 163
88 43
88 120
88 134
88 37
88 70
88 170
88 148
88 187
88 181
88 195
88 111
88 105
88 49
88 20
88 127
88 119
88 58
88 218
88 46
88 38
88 194
88 166
88 208
88 157
88 74
88 25
88 87
88 165
88 33
88 91
88 8
88 40
88 26
88 133
88 55
88 7
88 130
88 189
88 81
88 41
88 77
88 104
88 82
88 90
176 93
176 59
176 16
176 1
176 3
176 115
176 128
176 53
176 60
176 4
176 184
176 219
176 110
176 135
176 126
176 108
176 129
176 169
176 31
176 198
176 167
176 138
176 83
176 56
176 89
176 9
176 102
176 72
176 173
176 85
176 76
176 17
176 120
176 134
176 174
176 170
176 148
176 197
176 187
176 51
176 195
176 105
176 13
176 20
176 127
176 86
176 202
176 58
176 218
176 116
176 46
176 107
176 75
176 194
176 201
176 166
176 208
176 87
176 33
176 139
176 91
176 132
176 213
176 40
176 55
176 7
176 189
176 81
176 104
176 90
155 11
155 199
155 204
155 200
155 59
155 1
155 100
155 3
155 115
155 53
155 211
155 47
155 65
155 161
155 4
155 149
155 184
155 125
155 219
155 110
155 54
155 135
155 126
155 151
155 129
155 69
155 169
155 31
155 167
155 138
155 83
155 56
155 61
155 196
155 102
155 72
155 173
155 85
155 43
155 17
155 120
155 134
155 174
155 70
155 170
155 148
155 144
155 187
155 181
155 141
155 66
155 195
155 13
155 49
155 20
155 127
155 86
155 119
155 215
155 45
155 113
155 202
155 58
155 218
155 38
155 194
155 201
155 166
155 208
155 121
155 157
155 117
155 87
155 165
155 33
155 91
155 132
155 213
155 40
155 162
155 130
155 41
155 77
155 178
155 104
155 82
154 93
154 59
154 16
154 100
154 115
154 128
154 53
154 211
154 47
154 65
154 60
154 161
154 184
154 125
154 219
154 110
154 54
154 135
154 126
154 108
154 151
154 129
154 69
154 153
154 169
154 143
154 31
154 198
154 167
154 83
154 56
154 61
154 102
154 173
154 43
154 76
154 17
154 120
154 134
154 37
154 174
154 70
154 170
154 148
154 144
154 197
154 141
154 51
154 111
154 13
154 20
154 86
154 119
154 215
154 116
154 38
154 107
154 201
154 99
154 157
154 87
154 165
154 139
154 30
154 91
154 132
154 8
154 213
154 26
154 133
154 162
154 210
154 55
154 7
154 130
154 178
154 90
11 199
11 204
11 93
11 59
11 172
11 115
11 128
11 118
11 47
11 65
11 149
11 184
11 125
11 54
11 151
11 69
11 206
11 171
11 143
11 31
11 138
11 56
11 89
11 9
11 102
11 163
11 43
11 17
11 120
11 181
11 141
11 51
11 195
11 105
11 13
11 49
11 20
11 127
11 119
11 45
11 113
11 202
11 58
11 116
11 46
11 107
11 75
11 194
11 208
11 99
11 121
11 157
11 25
11 87
11 97
11 33
11 30
11 91
11 132
11 8
11 213
11 40
11 26
11 133
11 162
11 210
11 55
11 7
11 130
11 41
11 77
11 104
11 82
11 90
199 204
199 200
199 93
199 59
199 1
199 100
199 3
199 115
199 128
199 53
199 118
199 65
199 60
199 4
199 54
199 126
199 108
199 151
199 143
199 138
199 83
199 89
199 196
199 102
199 17
199 120
199 174
199 70
199 187
199 181
199 141
199 51
199 66
199 49
199 20
199 119
199 215
199 113
199 202
199 218
199 38
199 75
199 201
199 166
199 99
199 121
199 74
199 97
199 139
199 132
199 8
199 213
199 40
199 26
199 133
199 210
199 7
199 136
199 81
199 104
199 90
204 200
204 1
204 100
204 172
204 115
204 128
204 118
204 47
204 65
204 161
204 149
204 125
204 219
204 110
204 108
204 151
204 129
204 69
204 206
204 169
204 167
204 83
204 56
204 89
204 9
204 72
204 173
204 163
204 17
204 120
204 134
204 37
204 70
204 170
204 197
204 187
204 181
204 141
204 66
204 195
204 105
204 49
204 20
204 127
204 215
204 45
204 113
204 202
204 46
204 38
204 107
204 75
204 194
204 166
204 99
204 121
204 74
204 25
204 87
204 97
204 139
204 30
204 91
204 213
204 133
204 55
204 7
204 130
204 189
204 81
204 41
204 178
204 104
200 93
200 59
200 16
200 1
200 100
200 3
200 115
200 128
200 53
200 118
200 211
200 47
200 65
200 4
200 149
200 184
200 54
200 151
200 69
200 206
200 153
200 169
200 143
200 31
200 61
200 196
200 102
200 173
200 43
200 134
200 174
200 170
200 51
200 66
200 111
200 20
200 86
200 119
200 45
200 113
200 202
200 116
200 38
200 107
200 194
200 166
200 208
200 99
200 121
200 157
200 74
200 25
200 117
200 30
200 91
200 8
200 213
200 26
200 162
200 55
200 7
200 136
200 189
200 81
200 178
200 104
200 90
93 16
93 1
93 3
93 128
93 118
93 211
93 65
93 60
93 161
93 184
93 54
93 126
93 151
93 171
93 143
93 31
93 198
93 167
93 138
93 83
93 89
93 9
93 61
93 196
93 173
93 163
93 43
93 76
93 174
93 70
93 170
93 148
93 144
93 197
93 181
93 66
93 105
93 20
93 86
93 215
93 45
93 113
93 202
93 46
93 38
93 107
93 75
93 194
93 201
93 157
93 87
93 165
93 139
93 30
93 132
93 8
93 40
93 26
93 133
93 162
93 81
93 41
93 178
93 104
93 82
93 90
59 100
59 172
59 115
59 118
59 47
59 60
59 161
59 4
59 219
59 110
59 54
59 126
59 129
59 169
59 31
59 198
59 167
59 138
59 9
59 196
59 102
59 173
59 85
59 43
59 76
59 134
59 37
59 70
59 148
59 144
59 197
59 51
59 66
59 195
59 105
59 49
59 127
59 119
59 202
59 58
59 46
59 38
59 107
59 75
59 166
59 208
59 121
59 74
59 25
59 97
59 165
59 30
59 91
59 132
59 213
59 26
59 133
59 162
59 55
59 189
59 41
59 77
59 178
59 104
59 82
59 90
16 100
16 172
16 53
16 118
16 211
16 47
16 4
16 149
16 125
16 219
16 108
16 151
16 129
16 69
16 153
16 171
16 169
16 31
16 198
16 138
16 83
16 56
16 89
16 9
16 61
16 102
16 173
16 163
16 43
16 76
16 120
16 134
16 37
16 174
16 170
16 148
16 144
16 187
16 181
16 141
16 66
16 195
16 105
16 13
16 20
16 127
16 119
16 202
16 116
16 194
16 166
16 208
16 121
16 157
16 87
16 97
16 165
16 33
16 91
16 8
16 40
16 26
16 55
16 130
16 136
16 189
16 77
16 104
16 82
16 90
1 115
1 53
1 211
1 47
1 65
1 161
1 149
1 184
1 219
1 54
1 135
1 206
1 153
1 143
1 31
1 167
1 83
1 9
1 72
1 163
1 43
1 76
1 120
1 37
1 144
1 197
1 187
1 141
1 105
1 13
1 49
1 127
1 119
1 215
1 58
1 218
1 46
1 38
1 107
1 194
1 166
1 208
1 121
1 74
1 117
1 87
1 97
1 30
1 132
1 8
1 26
1 162
1 130
1 136
1 189
1 81
1 41
1 77
1 82
1 90
100 172
100 53
100 118
100 65
100 60
100 161
100 4
100 149
100 184
100 125
100 110
100 135
100 108
100 151
100 171
100 169
100 143
100 167
100 138
100 83
100 89
100 9
100 61
100 196
100 102
100 72
100 173
100 43
100 76
100 17
100 120
100 134
100 37
100 144
100 141
100 51
100 66
100 195
100 105
100 13
100 49
100 127
100 119
100 215
100 45
100 218
100 38
100 107
100 166
100 99
100 121
100 74
100 25
100 117
100 33
100 139
100 30
100 91
100 132
100 26
100 130
100 136
100 189
100 81
100 178
100 82
100 90
3 115
3 128
3 118
3 211
3 47
3 65
3 60
3 4
3 149
3 125
3 219
3 110
3 54
3 135
3 108
3 151
3 129
3 153
3 169
3 31
3 138
3 89
3 9
3 196
3 72
3 173
3 85
3 163
3 76
3 120
3 174
3 70
3 170
3 148
3 197
3 187
3 51
3 66
3 111
3 105
3 13
3 127
3 86
3 215
3 45
3 113
3 202
3 58
3 218
3 116
3 46
3 107
3 75
3 194
3 201
3 166
3 208
3 99
3 157
3 25
3 139
3 30
3 91
3 132
3 8
3 213
3 133
3 130
3 136
3 189
3 81
3 178
3 104
3 82
3 90
172 211
172 161
172 149
172 184
172 110
172 126
172 151
172 153
172 143
172 31
172 138
172 83
172 56
172 9
172 72
172 173
172 85
172 163
172 43
172 76
172 134
172 37
172 70
172 170
172 148
172 144
172 181
172 141
172 51
172 195
172 111
172 105
172 13
172 20
172 86
172 215
172 45
172 113
172 202
172 58
172 218
172 46
172 75
172 194
172 166
172 208
172 121
172 157
172 74
172 117
172 87
172 97
172 165
172 33
172 139
172 91
172 8
172 213
172 40
172 133
172 162
172 210
172 55
172 7
172 130
172 136
172 81
172 41
172 178
172 104
115 53
115 47
115 65
115 161
115 4
115 149
115 184
115 125
115 219
115 126
115 151
115 129
115 69
115 206
115 169
115 143
115 31
115 167
115 83
115 56
115 89
115 102
115 72
115 43
115 76
115 17
115 170
115 148
115 144
115 141
115 66
115 195
115 111
115 20
115 86
115 119
115 215
115 58
115 116
115 107
115 75
115 166
115 208
115 157
115 74
115 25
115 97
115 165
115 33
115 139
115 132
115 213
115 40
115 26
115 210
115 55
115 7
115 189
115 81
115 41
115 77
115 104
128 53
128 118
128 211
128 65
128 60
128 161
128 4
128 149
128 184
128 125
128 219
128 54
128 108
128 151
128 69
128 206
128 153
128 169
128 31
128 138
128 83
128 56
128 89
128 9
128 61
128 196
128 72
128 173
128 85
128 43
128 76
128 17
128 174
128 70
128 170
128 144
128 187
128 181
128 141
128 195
128 111
128 13
128 86
128 119
128 215
128 202
128 58
128 116
128 166
128 208
128 121
128 157
128 87
128 139
128 30
128 91
128 132
128 213
128 26
128 133
128 162
128 210
128 55
128 7
128 136
128 41
128 82
128 90
53 47
53 65
53 60
53 184
53 125
53 110
53 54
53 108
53 151
53 69
53 206
53 169
53 143
53 31
53 198
53 167
53 138
53 9
53 61
53 196
53 173
53 85
53 163
53 43
53 120
53 37
53 70
53 170
53 148
53 144
53 187
53 181
53 51
53 195
53 13
53 49
53 119
53 113
53 202
53 58
53 218
53 116
53 46
53 38
53 107
53 75
53 194
53 201
53 208
53 99
53 121
53 25
53 117
53 97
53 139
53 132
53 8
53 213
53 40
53 26
53 162
53 210
53 55
53 7
53 130
53 136
53 189
53 81
53 41
53 77
53 178
53 104
118 211
118 65
118 4
118 149
118 219
118 110
118 135
118 108
118 151
118 69
118 206
118 171
118 31
118 167
118 138
118 56
118 61
118 102
118 72
118 43
118 76
118 174
118 70
118 170
118 148
118 197
118 187
118 181
118 66
118 111
118 105
118 49
118 20
118 86
118 119
118 58
118 38
118 75
118 194
118 166
118 208
118 99
118 157
118 74
118 117
118 87
118 97
118 165
118 33
118 8
118 213
118 40
118 26
118 133
118 162
118 55
118 130
118 189
118 81
118 41
118 104
211 47
211 65
211 161
211 4
211 149
211 184
211 125
211 126
211 151
211 206
211 153
211 169
211 143
211 167
211 83
211 89
211 196
211 102
211 173
211 85
211 163
211 43
211 120
211 134
211 174
211 70
211 170
211 148
211 187
211 181
211 141
211 51
211 66
211 195
211 13
211 20
211 86
211 215
211 45
211 113
211 58
211 218
211 116
211 38
211 107
211 75
211 194
211 208
211 99
211 157
211 74
211 117
211 87
211 165
211 213
211 40
211 26
211 162
211 210
211 55
211 130
211 136
211 189
211 81
211 41
211 82
211 90
47 60
47 184
47 125
47 219
47 126
47 151
47 129
47 69
47 206
47 153
47 171
47 143
47 31
47 198
47 167
47 138
47 83
47 56
47 61
47 72
47 173
47 43
47 76
47 17
47 120
47 134
47 37
47 174
47 187
47 51
47 66
47 195
47 105
47 13
47 49
47 20
47 215
47 218
47 46
47 166
47 208
47 121
47 25
47 87
47 97
47 139
47 30
47 132
47 8
47 213
47 40
47 133
47 210
47 55
47 136
47 189
47 81
47 77
47 104
65 60
65 161
65 184
65 110
65 135
65 126
65 108
65 151
65 129
65 69
65 206
65 153
65 171
65 169
65 143
65 31
65 198
65 138
65 83
65 56
65 61
65 102
65 72
65 173
65 85
65 163
65 43
65 17
65 174
65 70
65 148
65 197
65 181
65 51
65 66
65 105
65 49
65 119
65 215
65 45
65 113
65 202
65 218
65 116
65 46
65 75
65 208
65 99
65 87
65 97
65 165
65 91
65 132
65 213
65 40
65 133
65 162
65 7
65 136
65 81
65 41
65 77
65 104
60 4
60 184
60 125
60 110
60 135
60 108
60 151
60 206
60 169
60 56
60 196
60 102
60 72
60 173
60 85
60 163
60 76
60 120
60 134
60 37
60 70
60 170
60 148
60 197
60 187
60 181
60 66
60 195
60 105
60 13
60 49
60 20
60 127
60 86
60 119
60 113
60 202
60 218
60 46
60 38
60 107
60 75
60 201
60 166
60 208
60 121
60 157
60 25
60 87
60 139
60 30
60 91
60 8
60 213
60 26
60 133
60 162
60 210
60 136
60 77
60 104
161 4
161 149
161 125
161 219
161 110
161 135
161 126
161 108
161 153
161 171
161 143
161 31
161 138
161 83
161 56
161 89
161 102
161 72
161 85
161 163
161 17
161 120
161 134
161 174
161 148
161 197
161 187
161 141
161 51
161 111
161 13
161 20
161 127
161 86
161 215
161 113
161 58
161 218
161 38
161 75
161 208
161 121
161 157
161 87
161 165
161 33
161 8
161 40
161 26
161 133
161 210
161 55
161 136
161 178
161 104
161 82
4 184
4 125
4 219
4 110
4 54
4 135
4 126
4 108
4 69
4 153
4 171
4 169
4 138
4 89
4 61
4 196
4 72
4 173
4 85
4 163
4 43
4 76
4 120
4 174
4 70
4 148
4 144
4 197
4 187
4 51
4 66
4 195
4 111
4 13
4 20
4 127
4 86
4 119
4 215
4 113
4 116
4 46
4 38
4 194
4 201
4 208
4 121
4 157
4 25
4 117
4 87
4 97
4 165
4 33
4 139
4 91
4 8
4 213
4 55
4 7
4 136
4 189
4 41
4 77
4 178
4 104
4 90
149 125
149 110
149 54
149 135
149 108
149 151
149 69
149 206
149 153
149 171
149 31
149 198
149 138
149 83
149 89
149 9
149 61
149 102
149 173
149 163
149 43
149 17
149 120
149 174
149 170
149 144
149 197
149 187
149 141
149 51
149 66
149 105
149 20
149 119
149 45
149 113
149 58
149 218
149 116
149 107
149 194
149 201
149 121
149 157
149 74
149 25
149 117
149 87
149 165
149 33
149 139
149 213
149 40
149 26
149 162
149 210
149 55
149 7
149 136
149 81
149 41
149 178
149 104
149 90
184 125
184 219
184 54
184 135
184 108
184 151
184 129
184 153
184 143
184 31
184 198
184 167
184 83
184 56
184 89
184 9
184 61
184 196
184 102
184 72
184 163
184 17
184 37
184 170
184 144
184 197
184 187
184 181
184 51
184 195
184 111
184 105
184 13
184 127
184 86
184 119
184 215
184 45
184 218
184 116
184 38
184 201
184 166
184 121
184 87
184 33
184 139
184 30
184 40
184 55
184 7
184 130
184 136
184 189
184 41
184 77
184 178
184 82
184 90
125 54
125 126
125 69
125 206
125 171
125 169
125 31
125 198
125 167
125 83
125 56
125 89
125 196
125 102
125 72
125 85
125 163
125 43
125 76
125 134
125 37
125 148
125 144
125 197
125 187
125 181
125 51
125 13
125 127
125 86
125 45
125 202
125 218
125 116
125 46
125 107
125 194
125 166
125 208
125 121
125 74
125 97
125 165
125 33
125 139
125 30
125 132
125 8
125 213
125 26
125 133
125 162
125 7
125 130
125 189
125 41
125 77
125 90
219 54
219 135
219 151
219 129
219 69
219 206
219 171
219 31
219 83
219 89
219 9
219 173
219 163
219 120
219 134
219 37
219 174
219 170
219 148
219 144
219 197
219 141
219 66
219 195
219 111
219 105
219 13
219 49
219 20
219 86
219 215
219 218
219 116
219 38
219 75
219 194
219 201
219 166
219 208
219 99
219 157
219 25
219 117
219 87
219 97
219 165
219 132
219 8
219 213
219 162
219 210
219 7
219 130
219 136
219 189
219 178
219 104
110 54
110 126
110 151
110 69
110 153
110 171
110 169
110 143
110 198
110 167
110 89
110 9
110 61
110 196
110 102
110 72
110 173
110 163
110 76
110 37
110 70
110 170
110 148
110 144
110 187
110 51
110 195
110 111
110 105
110 13
110 127
110 86
110 215
110 45
110 113
110 46
110 38
110 107
110 75
110 194
110 166
110 25
110 117
110 87
110 97
110 165
110 33
110 139
110 30
110 91
110 213
110 26
110 7
110 130
110 136
110 189
110 81
110 41
110 77
110 178
110 104
110 90
54 135
54 108
54 69
54 206
54 153
54 169
54 143
54 198
54 167
54 138
54 83
54 89
54 9
54 61
54 196
54 102
54 85
54 163
54 43
54 76
54 17
54 134
54 70
54 170
54 148
54 144
54 197
54 51
54 111
54 13
54 49
54 127
54 86
54 215
54 202
54 58
54 218
54 116
54 46
54 107
54 75
54 194
54 166
54 121
54 157
54 25
54 117
54 87
54 33
54 139
54 30
54 132
54 8
54 40
54 162
54 55
54 7
54 136
54 189
54 81
54 77
54 178
54 82
135 129
135 171
135 143
135 31
135 138
135 83
135 56
135 89
135 196
135 72
135 85
135 163
135 43
135 76
135 120
135 134
135 174
135 70
135 144
135 197
135 187
135 51
135 105
135 13
135 20
135 127
135 119
135 215
135 45
135 58
135 218
135 116
135 46
135 107
135 75
135 194
135 201
135 208
135 99
135 121
135 74
135 25
135 117
135 87
135 97
135 165
135 33
135 91
135 132
135 8
135 213
135 133
135 55
135 7
135 130
135 189
135 81
135 41
135 77
135 104
135 82
135 90
126 108
126 69
126 171
126 169
126 31
126 198
126 167
126 56
126 89
126 9
126 196
126 102
126 72
126 173
126 85
126 43
126 76
126 17
126 120
126 37
126 174
126 197
126 187
126 141
126 51
126 66
126 49
126 20
126 127
126 45
126 113
126 58
126 46
126 38
126 75
126 166
126 208
126 99
126 121
126 74
126 25
126 117
126 87
126 97
126 165
126 33
126 91
126 132
126 213
126 133
126 162
126 55
126 130
126 136
126 77
126 104
126 82
126 90
108 151
108 69
108 31
108 167
108 138
108 83
108 9
108 61
108 196
108 173
108 85
108 163
108 43
108 70
108 170
108 148
108 144
108 197
108 141
108 195
108 105
108 13
108 49
108 20
108 86
108 215
108 45
108 113
108 202
108 218
108 46
108 38
108 75
108 201
108 99
108 117
108 87
108 97
108 165
108 33
108 30
108 91
108 213
108 26
108 133
108 162
108 210
108 7
108 130
108 189
108 81
108 77
108 104
108 90
151 129
151 69
151 206
151 171
151 143
151 198
151 83
151 61
151 196
151 102
151 72
151 173
151 85
151 163
151 17
151 120
151 134
151 37
151 70
151 148
151 144
151 197
151 187
151 141
151 51
151 66
151 111
151 105
151 13
151 49
151 20
151 127
151 45
151 202
151 58
151 116
151 107
151 75
151 208
151 121
151 157
151 74
151 25
151 117
151 165
151 33
151 132
151 40
151 26
151 133
151 162
151 210
151 55
151 136
151 81
151 77
151 82
151 90
129 69
129 206
129 153
129 31
129 198
129 138
129 83
129 89
129 61
129 102
129 85
129 163
129 43
129 17
129 134
129 174
129 70
129 148
129 144
129 197
129 181
129 141
129 66
129 105
129 13
129 127
129 86
129 119
129 215
129 202
129 58
129 107
129 75
129 201
129 166
129 121
129 157
129 74
129 87
129 33
129 30
129 91
129 132
129 8
129 213
129 26
129 162
129 210
129 55
129 130
129 136
129 189
129 77
129 178
129 104
129 82
69 171
69 169
69 143
69 31
69 198
69 138
69 9
69 61
69 102
69 72
69 85
69 163
69 43
69 120
69 37
69 174
69 70
69 170
69 148
69 144
69 197
69 181
69 51
69 66
69 13
69 49
69 127
69 86
69 119
69 215
69 45
69 113
69 202
69 218
69 107
69 75
69 194
69 201
69 157
69 117
69 87
69 165
69 33
69 139
69 30
69 91
69 213
69 40
69 133
69 162
69 210
69 55
69 130
69 136
69 81
69 41
69 77
69 178
69 104
69 82
69 90
206 153
206 171
206 169
206 31
206 198
206 167
206 56
206 196
206 102
206 173
206 43
206 37
206 174
206 70
206 170
206 181
206 51
206 195
206 111
206 105
206 13
206 127
206 86
206 58
206 116
206 75
206 201
206 166
206 208
206 99
206 121
206 117
206 97
206 165
206 33
206 91
206 132
206 8
206 133
206 210
206 55
206 130
206 189
206 81
206 77
206 178
206 82
153 31
153 83
153 56
153 61
153 196
153 102
153 72
153 173
153 85
153 163
153 43
153 120
153 134
153 70
153 148
153 187
153 181
153 141
153 51
153 66
153 195
153 111
153 105
153 13
153 127
153 86
153 119
153 215
153 58
153 218
153 46
153 38
153 194
153 208
153 99
153 74
153 87
153 33
153 139
153 30
153 132
153 213
153 26
153 133
153 162
153 210
153 136
153 77
153 178
153 104
153 82
171 169
171 143
171 31
171 198
171 167
171 89
171 61
171 196
171 102
171 72
171 173
171 43
171 76
171 134
171 37
171 174
171 170
171 148
171 181
171 51
171 13
171 20
171 127
171 86
171 202
171 58
171 218
171 116
171 38
171 75
171 194
171 201
171 166
171 157
171 139
171 132
171 8
171 40
171 26
171 55
171 130
171 136
171 81
171 41
171 77
169 143
169 31
169 198
169 167
169 138
169 83
169 89
169 196
169 102
169 72
169 173
169 85
169 163
169 43
169 76
169 37
169 174
169 170
169 148
169 144
169 197
169 187
169 181
169 141
169 51
169 66
169 13
169 49
169 20
169 127
169 86
169 119
169 113
169 58
169 116
169 46
169 107
169 75
169 194
169 166
169 121
169 157
169 74
169 25
169 97
169 165
169 33
169 139
169 8
169 40
169 133
169 210
169 7
169 189
169 41
169 178
169 104
169 82
169 90
143 31
143 198
143 138
143 83
143 9
143 61
143 196
143 102
143 72
143 85
143 43
143 134
143 37
143 70
143 170
143 144
143 187
143 181
143 66
143 195
143 111
143 105
143 13
143 49
143 20
143 86
143 119
143 45
143 218
143 116
143 107
143 75
143 194
143 166
143 208
143 99
143 74
143 25
143 117
143 87
143 97
143 33
143 139
143 132
143 213
143 40
143 26
143 133
143 210
143 7
143 136
143 178
143 104
143 90
31 167
31 138
31 83
31 89
31 102
31 173
31 76
31 134
31 37
31 70
31 170
31 148
31 197
31 187
31 181
31 141
31 195
31 105
31 13
31 49
31 20
31 127
31 215
31 45
31 113
31 116
31 46
31 107
31 75
31 194
31 166
31 121
31 74
31 25
31 117
31 97
31 33
31 91
31 132
31 8
31 213
31 55
31 7
31 130
31 189
31 41
31 77
31 178
31 82
198 89
198 9
198 61
198 85
198 76
198 134
198 37
198 174
198 70
198 148
198 144
198 187
198 181
198 66
198 195
198 111
198 13
198 49
198 86
198 119
198 45
198 113
198 116
198 46
198 38
198 107
198 75
198 194
198 166
198 208
198 99
198 121
198 157
198 74
198 87
198 165
198 33
198 139
198 8
198 213
198 133
198 162
198 210
198 7
198 130
198 136
198 81
198 41
198 77
198 90
167 138
167 56
167 61
167 102
167 173
167 85
167 163
167 43
167 120
167 134
167 37
167 174
167 70
167 170
167 144
167 197
167 187
167 181
167 51
167 195
167 49
167 119
167 45
167 113
167 58
167 218
167 116
167 46
167 38
167 201
167 166
167 99
167 121
167 87
167 33
167 139
167 30
167 132
167 40
167 26
167 133
167 55
167 130
167 189
167 81
167 41
167 77
167 178
167 82
167 90
138 83
138 56
138 89
138 9
138 61
138 196
138 102
138 72
138 173
138 163
138 43
138 17
138 120
138 134
138 174
138 70
138 197
138 181
138 141
138 51
138 66
138 195
138 105
138 20
138 127
138 86
138 215
138 113
138 202
138 58
138 116
138 38
138 107
138 201
138 208
138 99
138 74
138 25
138 87
138 97
138 165
138 139
138 30
138 40
138 26
138 133
138 162
138 7
138 189
138 81
138 178
138 104
138 90
83 56
83 89
83 9
83 196
83 102
83 85
83 43
83 76
83 120
83 134
83 70
83 181
83 66
83 13
83 20
83 127
83 86
83 119
83 215
83 45
83 113
83 202
83 58
83 116
83 75
83 194
83 208
83 99
83 74
83 25
83 87
83 97
83 33
83 30
83 91
83 132
83 8
83 213
83 40
83 210
83 55
83 7
83 130
83 136
83 189
83 41
83 178
83 82
56 89
56 9
56 196
56 72
56 173
56 76
56 17
56 174
56 70
56 148
56 197
56 181
56 141
56 51
56 66
56 13
56 49
56 127
56 86
56 119
56 45
56 58
56 46
56 38
56 75
56 194
56 201
56 166
56 208
56 121
56 157
56 74
56 25
56 117
56 33
56 30
56 91
56 132
56 8
56 40
56 26
56 133
56 162
56 210
56 55
56 7
56 130
56 189
56 77
56 178
56 104
56 90
89 61
89 72
89 173
89 76
89 17
89 120
89 134
89 174
89 70
89 148
89 144
89 197
89 181
89 111
89 105
89 13
89 20
89 127
89 86
89 119
89 45
89 113
89 116
89 46
89 201
89 99
89 121
89 74
89 87
89 33
89 139
89 30
89 132
89 8
89 213
89 40
89 133
89 130
89 136
89 189
89 81
89 77
89 104
89 82
9 61
9 72
9 173
9 76
9 17
9 120
9 134
9 37
9 70
9 170
9 148
9 197
9 187
9 181
9 51
9 195
9 105
9 13
9 49
9 20
9 127
9 86
9 119
9 215
9 45
9 218
9 46
9 38
9 107
9 99
9 74
9 117
9 97
9 165
9 33
9 30
9 91
9 132
9 8
9 133
9 210
9 130
9 136
9 189
9 81
9 178
9 104
61 102
61 72
61 173
61 85
61 163
61 134
61 37
61 174
61 70
61 148
61 144
61 197
61 181
61 51
61 66
61 195
61 105
61 127
61 86
61 119
61 45
61 202
61 218
61 116
61 46
61 38
61 107
61 75
61 194
61 201
61 166
61 99
61 121
61 74
61 97
61 165
61 33
61 132
61 133
61 162
61 55
61 7
61 136
61 81
61 41
61 77
61 178
61 82
61 90
196 102
196 72
196 173
196 85
196 43
196 76
196 17
196 37
196 174
196 70
196 197
196 181
196 141
196 66
196 195
196 127
196 86
196 119
196 215
196 113
196 218
196 46
196 38
196 107
196 75
196 208
196 157
196 74
196 25
196 117
196 87
196 97
196 165
196 33
196 30
196 132
196 133
196 55
196 136
196 189
196 41
196 104
196 82
102 72
102 173
102 43
102 76
102 17
102 120
102 134
102 37
102 70
102 148
102 181
102 141
102 195
102 105
102 49
102 86
102 119
102 45
102 202
102 58
102 218
102 116
102 46
102 107
102 75
102 166
102 208
102 99
102 121
102 25
102 117
102 97
102 139
102 30
102 213
102 133
102 210
102 130
102 136
102 189
102 77
102 178
102 104
102 90
72 173
72 85
72 163
72 76
72 17
72 134
72 70
72 170
72 148
72 144
72 197
72 141
72 66
72 105
72 20
72 119
72 215
72 113
72 202
72 46
72 38
72 107
72 201
72 166
72 99
72 157
72 25
72 97
72 33
72 132
72 8
72 213
72 40
72 26
72 55
72 7
72 81
72 41
72 77
72 178
72 82
72 90
173 85
173 163
173 43
173 76
173 17
173 70
173 170
173 148
173 144
173 197
173 187
173 141
173 51
173 66
173 111
173 105
173 49
173 127
173 86
173 119
173 215
173 45
173 113
173 58
173 218
173 46
173 201
173 99
173 121
173 74
173 25
173 117
173 97
173 139
173 30
173 91
173 132
173 8
173 213
173 40
173 26
173 162
173 7
173 130
173 136
173 189
173 81
173 77
173 82
173 90
85 43
85 76
85 17
85 134
85 144
85 187
85 141
85 51
85 66
85 111
85 105
85 13
85 20
85 127
85 119
85 215
85 45
85 202
85 218
85 75
85 194
85 201
85 166
85 99
85 157
85 74
85 165
85 139
85 91
85 213
85 40
85 26
85 133
85 210
85 55
85 130
85 136
85 189
85 41
85 77
85 178
85 104
85 90
163 76
163 17
163 120
163 197
163 187
163 181
163 141
163 111
163 105
163 13
163 49
163 127
163 119
163 215
163 45
163 46
163 38
163 107
163 75
163 194
163 201
163 208
163 121
163 157
163 117
163 97
163 33
163 30
163 91
163 162
163 7
163 130
163 136
163 41
163 178
163 104
43 76
43 37
43 170
43 148
43 197
43 181
43 141
43 51
43 195
43 111
43 105
43 49
43 20
43 119
43 45
43 113
43 202
43 218
43 116
43 38
43 75
43 194
43 201
43 166
43 208
43 99
43 157
43 25
43 97
43 165
43 91
43 132
43 213
43 26
43 162
43 210
43 7
43 130
43 136
43 81
43 41
76 174
76 70
76 144
76 197
76 187
76 141
76 51
76 66
76 195
76 13
76 49
76 86
76 202
76 58
76 218
76 116
76 38
76 107
76 75
76 194
76 166
76 99
76 121
76 74
76 25
76 87
76 33
76 139
76 30
76 132
76 8
76 213
76 40
76 162
76 210
76 136
76 189
76 81
76 77
76 178
76 104
76 82
17 120
17 37
17 70
17 181
17 141
17 51
17 111
17 13
17 49
17 20
17 127
17 86
17 119
17 215
17 45
17 202
17 58
17 218
17 46
17 38
17 194
17 201
17 166
17 208
17 121
17 157
17 74
17 25
17 117
17 87
17 33
17 139
17 30
17 91
17 8
17 213
17 133
17 210
17 55
17 130
17 136
17 81
17 41
17 77
17 178
17 104
120 174
120 70
120 170
120 197
120 187
120 181
120 111
120 105
120 49
120 20
120 86
120 119
120 215
120 45
120 113
120 202
120 46
120 107
120 201
120 166
120 208
120 99
120 121
120 157
120 117
120 97
120 139
120 132
120 40
120 26
120 162
120 210
120 55
120 7
120 130
120 41
120 178
120 90
134 37
134 170
134 144
134 197
134 187
134 51
134 195
134 111
134 49
134 127
134 86
134 215
134 45
134 218
134 116
134 46
134 107
134 75
134 194
134 201
134 166
134 99
134 121
134 117
134 87
134 97
134 165
134 132
134 40
134 162
134 55
134 7
134 130
134 136
134 189
134 41
37 174
37 170
37 181
37 141
37 51
37 66
37 111
37 13
37 127
37 215
37 45
37 113
37 58
37 218
37 116
37 46
37 107
37 75
37 194
37 166
37 208
37 99
37 121
37 157
37 97
37 33
37 91
37 132
37 8
37 213
37 26
37 133
37 210
37 55
37 7
37 130
37 136
37 81
37 41
37 77
37 90
174 70
174 148
174 187
174 181
174 141
174 66
174 111
174 86
174 215
174 202
174 46
174 38
174 194
174 166
174 208
174 99
174 121
174 157
174 25
174 117
174 139
174 30
174 8
174 213
174 133
174 7
174 130
174 136
174 81
174 41
174 178
174 104
174 82
70 170
70 144
70 141
70 51
70 195
70 13
70 49
70 20
70 127
70 113
70 202
70 218
70 116
70 75
70 201
70 166
70 208
70 99
70 121
70 157
70 74
70 25
70 87
70 165
70 139
70 30
70 91
70 8
70 26
70 133
70 210
70 7
70 189
70 77
70 178
70 82
170 148
170 197
170 187
170 51
170 66
170 105
170 20
170 86
170 119
170 215
170 113
170 202
170 58
170 218
170 46
170 107
170 75
170 208
170 99
170 157
170 25
170 33
170 139
170 132
170 8
170 213
170 162
170 210
170 55
170 7
170 130
170 136
170 81
170 41
170 104
170 82
148 197
148 187
148 141
148 51
148 66
148 195
148 105
148 49
148 215
148 45
148 202
148 218
148 107
148 75
148 208
148 117
148 33
148 139
148 91
148 213
148 40
148 162
148 55
148 136
148 41
148 77
148 178
144 187
144 181
144 51
144 195
144 111
144 49
144 20
144 127
144 45
144 113
144 202
144 46
144 38
144 194
144 166
144 208
144 99
144 121
144 74
144 25
144 139
144 30
144 8
144 26
144 133
144 162
144 55
144 130
144 81
144 77
144 104
144 82
197 141
197 51
197 195
197 111
197 105
197 49
197 20
197 127
197 119
197 215
197 45
197 58
197 116
197 107
197 75
197 208
197 99
197 157
197 74
197 117
197 165
197 33
197 132
197 40
197 26
197 133
197 210
197 130
197 136
197 41
197 77
197 178
197 104
197 82
197 90
187 181
187 141
187 51
187 195
187 111
187 105
187 13
187 49
187 20
187 45
187 113
187 202
187 218
187 116
187 46
187 38
187 75
187 194
187 208
187 99
187 121
187 157
187 74
187 25
187 117
187 97
187 165
187 33
187 139
187 30
187 40
187 26
187 133
187 210
187 55
187 130
187 136
187 81
187 41
187 77
187 104
187 82
187 90
181 51
181 195
181 49
181 20
181 119
181 215
181 113
181 202
181 116
181 38
181 75
181 194
181 201
181 121
181 74
181 25
181 117
181 87
181 165
181 30
181 91
181 132
181 8
181 40
181 133
181 210
181 55
181 130
181 136
181 189
181 81
181 90
141 51
141 66
141 195
141 105
141 13
141 49
141 119
141 45
141 113
141 202
141 58
141 46
141 194
141 166
141 74
141 25
141 117
141 97
141 165
141 33
141 30
141 8
141 213
141 162
141 7
141 130
141 136
141 81
141 41
141 178
141 104
141 82
141 90
51 111
51 105
51 13
51 20
51 119
51 215
51 113
51 202
51 58
51 218
51 116
51 46
51 38
51 194
51 201
51 166
51 208
51 99
51 121
51 157
51 117
51 97
51 165
51 139
51 91
51 213
51 26
51 210
51 7
51 130
51 136
51 104
51 82
51 90
66 195
66 111
66 105
66 13
66 49
66 20
66 86
66 119
66 215
66 45
66 218
66 116
66 38
66 166
66 208
66 157
66 25
66 117
66 87
66 165
66 33
66 139
66 132
66 8
66 213
66 26
66 133
66 162
66 210
66 55
66 130
66 189
66 81
66 41
66 178
66 104
66 82
66 90
195 105
195 20
195 127
195 119
195 215
195 45
195 113
195 202
195 58
195 116
195 107
195 166
195 208
195 87
195 97
195 165
195 33
195 139
195 213
195 40
195 133
195 210
195 136
195 189
195 41
195 77
195 178
111 13
111 49
111 20
111 127
111 86
111 45
111 58
111 116
111 38
111 107
111 194
111 166
111 208
111 99
111 25
111 117
111 87
111 97
111 165
111 33
111 30
111 91
111 132
111 55
111 130
111 104
111 82
111 90
105 13
105 49
105 127
105 215
105 45
105 58
105 218
105 116
105 75
105 194
105 201
105 208
105 157
105 74
105 87
105 139
105 132
105 8
105 40
105 133
105 55
105 7
105 130
105 41
105 178
105 104
105 82
105 90
13 49
13 20
13 86
13 113
13 202
13 58
13 218
13 116
13 46
13 38
13 75
13 121
13 25
13 117
13 33
13 91
13 132
13 213
13 26
13 133
13 162
13 55
13 7
13 130
13 136
13 189
13 81
13 77
13 178
13 104
13 82
13 90
49 119
49 215
49 202
49 58
49 218
49 46
49 38
49 107
49 75
49 208
49 99
49 117
49 87
49 97
49 33
49 213
49 133
49 189
49 81
49 77
49 104
49 82
20 215
20 113
20 202
20 58
20 218
20 116
20 38
20 107
20 194
20 201
20 166
20 208
20 99
20 157
20 74
20 25
20 117
20 165
20 33
20 30
20 91
20 213
20 40
20 133
20 7
20 130
20 81
20 77
20 104
20 90
127 86
127 113
127 38
127 107
127 75
127 194
127 201
127 208
127 121
127 157
127 25
127 117
127 97
127 165
127 139
127 30
127 91
127 132
127 8
127 213
127 40
127 133
127 210
127 55
127 7
127 81
127 41
127 104
127 82
86 119
86 215
86 218
86 38
86 107
86 75
86 201
86 208
86 121
86 74
86 117
86 87
86 97
86 165
86 139
86 91
86 132
86 8
86 213
86 133
86 210
86 55
86 130
86 189
86 81
86 82
86 90
119 215
119 45
119 113
119 58
119 116
119 46
119 38
119 107
119 75
119 201
119 166
119 208
119 117
119 87
119 165
119 33
119 30
119 91
119 132
119 8
119 213
119 26
119 162
119 210
119 7
119 130
119 81
119 77
119 178
119 104
215 45
215 202
215 58
215 116
215 46
215 38
215 107
215 75
215 194
215 166
215 208
215 99
215 117
215 87
215 165
215 33
215 132
215 8
215 26
215 133
215 210
215 55
215 130
215 189
215 81
215 82
215 90
45 113
45 202
45 58
45 218
45 46
45 38
45 75
45 194
45 201
45 166
45 157
45 74
45 25
45 97
45 33
45 139
45 30
45 8
45 213
45 40
45 133
45 162
45 7
45 41
45 77
45 178
45 104
45 82
45 90
113 58
113 218
113 116
113 107
113 201
113 166
113 208
113 99
113 121
113 157
113 87
113 97
113 139
113 132
113 8
113 213
113 40
113 26
113 133
113 162
113 210
113 55
113 130
113 136
113 81
113 41
113 77
113 104
113 90
202 218
202 107
202 194
202 201
202 208
202 99
202 121
202 157
202 87
202 97
202 165
202 139
202 30
202 91
202 213
202 26
202 210
202 55
202 7
202 189
202 81
202 104
202 82
58 218
58 107
58 194
58 201
58 99
58 157
58 25
58 165
58 33
58 139
58 30
58 91
58 8
58 213
58 210
58 7
58 130
58 81
58 41
58 178
58 104
58 90
218 46
218 107
218 75
218 194
218 99
218 97
218 33
218 139
218 132
218 40
218 26
218 133
218 162
218 55
218 130
218 189
218 81
218 41
218 77
116 38
116 75
116 194
116 166
116 208
116 74
116 25
116 33
116 30
116 91
116 132
116 213
116 40
116 210
116 55
116 7
116 130
116 136
116 81
116 41
116 77
116 178
116 82
116 90
46 107
46 194
46 99
46 157
46 74
46 117
46 87
46 97
46 165
46 33
46 139
46 30
46 91
46 40
46 133
46 162
46 136
46 189
46 81
46 41
46 77
46 178
46 90
38 107
38 75
38 194
38 166
38 121
38 97
38 33
38 139
38 30
38 213
38 40
38 26
38 210
38 55
38 130
38 178
38 104
38 82
107 75
107 194
107 201
107 166
107 74
107 117
107 87
107 165
107 30
107 91
107 8
107 213
107 210
107 7
107 189
107 81
107 41
107 77
107 178
107 104
75 201
75 166
75 208
75 99
75 121
75 157
75 74
75 87
75 97
75 139
75 91
75 8
75 213
75 133
75 210
75 55
75 7
75 130
75 136
75 189
75 81
75 104
75 82
194 201
194 166
194 208
194 99
194 121
194 74
194 117
194 165
194 139
194 30
194 132
194 8
194 40
194 162
194 55
194 7
194 81
194 77
194 178
194 90
201 208
201 99
201 121
201 157
201 74
201 117
201 87
201 97
201 165
201 33
201 139
201 30
201 132
201 213
201 40
201 26
201 162
201 55
201 130
201 136
201 41
201 178
201 104
201 90
166 208
166 99
166 121
166 157
166 25
166 117
166 87
166 91
166 213
166 40
166 26
166 210
166 7
166 130
166 189
166 41
166 77
166 104
208 99
208 117
208 97
208 33
208 139
208 30
208 132
208 8
208 213
208 162
208 55
208 7
208 136
208 81
208 41
208 77
208 104
99 121
99 117
99 97
99 165
99 33
99 139
99 91
99 8
99 40
99 26
99 210
99 7
99 130
99 136
99 189
99 81
99 77
99 104
121 74
121 25
121 97
121 139
121 30
121 91
121 132
121 40
121 133
121 55
121 7
121 77
121 178
157 25
157 117
157 87
157 97
157 165
157 33
157 132
157 8
157 213
157 26
157 133
157 162
157 210
157 55
157 136
157 189
157 81
157 41
157 178
157 104
157 90
74 25
74 117
74 87
74 97
74 165
74 33
74 139
74 30
74 91
74 132
74 213
74 40
74 26
74 133
74 210
74 55
74 7
74 130
74 189
74 81
74 41
74 77
74 178
74 104
74 82
25 87
25 139
25 30
25 91
25 213
25 40
25 26
25 133
25 55
25 7
25 136
25 189
25 81
25 41
25 178
25 104
25 90
117 97
117 30
117 91
117 8
117 213
117 40
117 26
117 162
117 210
117 136
117 189
117 41
117 178
117 104
117 82
87 33
87 139
87 30
87 132
87 8
87 40
87 26
87 162
87 130
87 136
87 189
87 81
87 41
87 104
87 82
87 90
97 33
97 139
97 8
97 213
97 40
97 26
97 162
97 210
97 55
97 189
97 41
97 77
97 178
97 82
97 90
165 33
165 139
165 213
165 40
165 26
165 133
165 162
165 55
165 7
165 130
165 136
165 81
165 77
165 178
165 104
165 82
165 90
33 30
33 91
33 132
33 8
33 40
33 26
33 162
33 55
33 130
33 189
33 81
33 41
33 77
33 178
33 104
33 90
139 30
139 91
139 8
139 213
139 26
139 133
139 7
139 189
139 81
139 77
139 82
30 91
30 213
30 40
30 26
30 133
30 7
30 130
30 136
30 189
30 81
30 104
30 90
91 132
91 8
91 213
91 40
91 26
91 133
91 162
91 210
91 55
91 136
91 189
91 81
91 41
91 77
91 104
91 82
91 90
132 213
132 40
132 26
132 133
132 162
132 210
132 136
132 189
132 41
132 77
132 82
132 90
8 213
8 133
8 162
8 7
8 189
8 81
8 41
8 178
8 104
8 82
8 90
213 40
213 26
213 133
213 162
213 210
213 55
213 7
213 136
213 189
213 81
213 77
213 178
213 104
213 82
213 90
40 162
40 55
40 130
40 136
40 81
40 178
40 82
26 133
26 162
26 210
26 7
26 136
26 189
26 81
26 77
26 82
26 90
133 162
133 130
133 189
133 178
133 104
162 210
162 55
162 7
162 130
162 189
162 81
162 41
162 77
162 82
162 90
210 55
210 7
210 81
210 41
210 77
210 178
210 82
210 90
55 130
55 136
55 77
55 178
55 104
7 130
7 136
7 189
7 41
7 77
7 178
7 104
130 136
130 189
130 81
130 178
130 104
130 90
136 41
136 77
136 178
136 90
189 81
189 77
189 178
189 104
189 82
81 41
81 77
81 178
81 82
41 77
41 178
41 104
41 82
77 82
77 90
178 104
178 82
104 82
104 90
82 90
