*verties 196
171
170
146
200
59
104
52
2
22
89
3
152
208
188
217
36
50
162
14
49
99
100
79
122
151
115
9
98
80
121
161
51
67
16
20
48
194
112
145
69
97
159
15
82
215
202
163
205
85
131
6
95
198
88
57
120
210
114
125
158
83
18
78
41
209
139
183
91
70
28
127
0
176
54
186
102
111
206
4
134
119
60
31
213
190
136
124
105
193
46
27
118
199
153
73
179
90
21
203
39
216
84
53
64
77
133
132
40
42
165
11
214
74
185
211
160
195
168
142
12
128
116
56
149
173
192
44
135
93
164
109
219
117
71
137
45
167
13
196
143
19
103
189
87
62
55
157
96
68
156
150
155
191
113
129
174
43
138
106
17
130
81
76
218
37
184
47
61
182
63
172
32
175
30
72
212
66
35
144
181
123
5
187
141
26
107
25
140
24
147
23
204
1
34
65
10
*edges 
171 200
171 22
171 89
171 208
171 217
171 100
171 79
171 151
171 9
171 121
171 67
171 20
171 69
171 159
171 82
171 215
171 202
171 205
171 131
171 6
171 198
171 57
171 120
171 210
171 114
171 125
171 78
171 209
171 139
171 183
171 70
171 176
171 186
171 102
171 111
171 134
171 119
171 60
171 213
171 190
171 193
171 118
171 179
171 90
171 216
171 53
171 77
171 132
171 165
171 74
171 211
171 195
171 116
171 173
171 164
171 219
171 117
171 45
171 167
171 13
171 103
171 55
171 157
171 96
171 68
171 155
171 191
171 113
171 129
171 81
171 218
171 47
171 63
171 72
171 66
171 181
171 123
171 5
171 26
171 107
171 147
171 23
171 65
171 10
170 146
170 200
170 104
170 52
170 50
170 14
170 99
170 100
170 122
170 80
170 51
170 67
170 20
170 69
170 97
170 159
170 82
170 202
170 163
170 85
170 95
170 57
170 120
170 125
170 41
170 70
170 28
170 127
170 176
170 102
170 111
170 119
170 60
170 31
170 136
170 124
170 46
170 27
170 199
170 153
170 73
170 90
170 39
170 84
170 53
170 77
170 42
170 11
170 214
170 74
170 160
170 168
170 142
170 12
170 116
170 56
170 93
170 164
170 189
170 87
170 157
170 156
170 150
170 155
170 129
170 81
170 76
170 37
170 172
170 32
170 175
170 30
170 72
170 66
170 181
170 5
170 141
170 107
170 25
170 147
170 204
146 52
146 152
146 188
146 14
146 49
146 100
146 151
146 115
146 9
146 121
146 161
146 20
146 194
146 145
146 69
146 97
146 159
146 215
146 202
146 205
146 85
146 131
146 210
146 125
146 158
146 83
146 78
146 41
146 209
146 139
146 183
146 70
146 28
146 176
146 102
146 111
146 119
146 60
146 31
146 190
146 136
146 124
146 105
146 193
146 27
146 21
146 203
146 39
146 216
146 84
146 53
146 77
146 42
146 11
146 214
146 211
146 160
146 195
146 116
146 56
146 44
146 109
146 13
146 143
146 19
146 103
146 55
146 157
146 96
146 191
146 113
146 129
146 43
146 106
146 184
146 47
146 61
146 66
146 144
146 5
146 107
146 147
146 23
146 65
146 10
200 104
200 22
200 3
200 188
200 162
200 14
200 99
200 79
200 122
200 98
200 80
200 121
200 161
200 16
200 20
200 194
200 112
200 145
200 69
200 97
200 159
200 15
200 82
200 215
200 205
200 85
200 131
200 95
200 210
200 125
200 209
200 139
200 28
200 127
200 176
200 54
200 119
200 190
200 136
200 124
200 193
200 46
200 27
200 153
200 179
200 90
200 133
200 132
200 40
200 214
200 168
200 12
200 116
200 56
200 149
200 173
200 135
200 164
200 109
200 117
200 71
200 137
200 45
200 167
200 103
200 87
200 62
200 191
200 174
200 43
200 81
200 37
200 47
200 182
200 32
200 212
200 66
200 123
200 5
200 26
200 107
200 23
200 204
200 1
200 34
200 65
59 52
59 208
59 217
59 49
59 100
59 122
59 115
59 161
59 51
59 67
59 48
59 194
59 112
59 145
59 97
59 159
59 205
59 85
59 131
59 6
59 88
59 57
59 114
59 125
59 158
59 83
59 18
59 78
59 41
59 28
59 0
59 176
59 102
59 206
59 134
59 60
59 31
59 193
59 27
59 153
59 73
59 179
59 21
59 39
59 84
59 77
59 132
59 42
59 214
59 211
59 195
59 168
59 142
59 56
59 173
59 192
59 44
59 135
59 93
59 109
59 117
59 71
59 137
59 13
59 196
59 143
59 103
59 157
59 68
59 156
59 150
59 113
59 129
59 174
59 43
59 138
59 106
59 37
59 184
59 47
59 182
59 172
59 32
59 30
59 72
59 212
59 66
59 35
59 144
59 141
59 107
59 140
59 147
59 65
59 10
104 52
104 152
104 188
104 217
104 99
104 100
104 79
104 115
104 9
104 98
104 121
104 67
104 16
104 20
104 48
104 145
104 97
104 159
104 15
104 82
104 131
104 88
104 57
104 120
104 114
104 125
104 18
104 78
104 41
104 139
104 70
104 28
104 127
104 186
104 111
104 206
104 4
104 134
104 119
104 136
104 105
104 193
104 179
104 216
104 53
104 77
104 133
104 132
104 42
104 214
104 211
104 160
104 142
104 12
104 128
104 116
104 56
104 173
104 192
104 109
104 117
104 71
104 137
104 189
104 87
104 55
104 157
104 191
104 129
104 130
104 81
104 76
104 218
104 37
104 47
104 182
104 66
104 35
104 123
104 187
104 141
104 26
104 25
104 140
104 23
104 1
104 65
104 10
52 2
52 22
52 89
52 3
52 152
52 208
52 188
52 217
52 14
52 49
52 99
52 9
52 121
52 51
52 16
52 20
52 48
52 194
52 112
52 145
52 69
52 159
52 15
52 215
52 202
52 163
52 131
52 6
52 95
52 198
52 120
52 210
52 18
52 41
52 70
52 127
52 0
52 186
52 206
52 4
52 31
52 190
52 136
52 124
52 27
52 179
52 203
52 39
52 64
52 133
52 214
52 211
52 168
52 116
52 149
52 44
52 219
52 71
52 45
52 167
52 196
52 143
52 19
52 87
52 155
52 191
52 113
52 129
52 174
52 138
52 17
52 130
52 184
52 47
52 172
52 175
52 30
52 72
52 35
52 144
52 181
52 123
52 141
52 140
52 24
52 1
2 22
2 3
2 152
2 208
2 36
2 50
2 14
2 100
2 79
2 122
2 151
2 115
2 9
2 161
2 51
2 67
2 16
2 145
2 97
2 205
2 85
2 198
2 88
2 57
2 210
2 125
2 41
2 139
2 91
2 28
2 206
2 4
2 60
2 31
2 46
2 27
2 73
2 84
2 64
2 132
2 165
2 214
2 168
2 142
2 12
2 164
2 117
2 13
2 196
2 143
2 87
2 157
2 155
2 129
2 138
2 106
2 130
2 81
2 76
2 182
2 172
2 72
2 212
2 66
2 5
2 107
2 25
2 147
2 23
2 204
2 1
2 65
2 10
22 89
22 36
22 50
22 162
22 14
22 49
22 99
22 151
22 15
22 215
22 163
22 205
22 95
22 57
22 125
22 158
22 83
22 139
22 91
22 28
22 186
22 102
22 206
22 4
22 60
22 190
22 124
22 105
22 90
22 21
22 203
22 39
22 216
22 133
22 42
22 11
22 74
22 185
22 195
22 142
22 116
22 149
22 173
22 192
22 44
22 135
22 219
22 13
22 196
22 19
22 62
22 156
22 155
22 113
22 129
22 43
22 106
22 17
22 130
22 81
22 76
22 218
22 37
22 47
22 182
22 172
22 175
22 30
22 212
22 66
22 35
22 123
22 107
22 140
22 147
22 204
22 1
22 65
89 208
89 36
89 50
89 162
89 49
89 100
89 79
89 122
89 161
89 67
89 194
89 69
89 159
89 215
89 202
89 163
89 205
89 131
89 198
89 120
89 114
89 158
89 41
89 139
89 91
89 127
89 0
89 176
89 54
89 186
89 111
89 206
89 134
89 60
89 213
89 105
89 193
89 46
89 199
89 73
89 179
89 216
89 84
89 77
89 133
89 132
89 165
89 214
89 185
89 211
89 12
89 149
89 173
89 135
89 93
89 164
89 219
89 117
89 13
89 196
89 19
89 103
89 157
89 156
89 113
89 129
89 43
89 138
89 130
89 218
89 37
89 184
89 47
89 32
89 72
89 212
89 66
89 35
89 181
89 187
89 26
89 107
89 24
89 147
89 23
89 204
3 208
3 188
3 14
3 99
3 100
3 79
3 80
3 51
3 67
3 145
3 97
3 159
3 15
3 215
3 163
3 205
3 85
3 131
3 6
3 88
3 57
3 210
3 114
3 209
3 139
3 91
3 70
3 127
3 0
3 186
3 102
3 134
3 119
3 213
3 190
3 136
3 124
3 27
3 153
3 73
3 179
3 90
3 203
3 39
3 132
3 11
3 185
3 160
3 128
3 116
3 56
3 173
3 192
3 164
3 117
3 55
3 157
3 96
3 68
3 156
3 150
3 129
3 174
3 43
3 17
3 81
3 76
3 218
3 47
3 182
3 63
3 172
3 32
3 175
3 30
3 72
3 212
3 66
3 181
3 141
3 26
3 25
3 65
3 10
152 36
152 50
152 99
152 151
152 9
152 80
152 51
152 67
152 16
152 145
152 159
152 15
152 215
152 202
152 85
152 131
152 95
152 198
152 57
152 210
152 114
152 158
152 41
152 209
152 183
152 70
152 28
152 102
152 4
152 60
152 213
152 105
152 193
152 118
152 90
152 39
152 84
152 132
152 42
152 74
152 160
152 168
152 142
152 128
152 56
152 173
152 192
152 135
152 93
152 109
152 45
152 13
152 103
152 156
152 155
152 129
152 106
152 81
152 76
152 47
152 61
152 172
152 32
152 212
152 66
152 144
152 181
152 123
152 5
152 140
152 23
152 1
152 34
152 65
152 10
208 188
208 36
208 49
208 99
208 122
208 9
208 80
208 161
208 48
208 145
208 69
208 97
208 159
208 15
208 85
208 131
208 6
208 95
208 198
208 114
208 125
208 18
208 78
208 41
208 139
208 183
208 91
208 70
208 0
208 176
208 54
208 186
208 111
208 60
208 190
208 136
208 105
208 193
208 46
208 199
208 179
208 21
208 39
208 84
208 53
208 77
208 133
208 132
208 11
208 74
208 160
208 195
208 168
208 12
208 128
208 173
208 44
208 135
208 164
208 109
208 219
208 117
208 71
208 167
208 87
208 62
208 157
208 96
208 150
208 113
208 129
208 138
208 106
208 17
208 130
208 81
208 218
208 37
208 184
208 47
208 61
208 182
208 35
208 187
208 26
208 107
208 25
208 147
208 23
208 34
208 65
208 10
188 36
188 50
188 99
188 79
188 122
188 115
188 121
188 161
188 51
188 67
188 48
188 69
188 97
188 15
188 215
188 205
188 85
188 131
188 88
188 120
188 158
188 83
188 41
188 139
188 127
188 54
188 186
188 102
188 60
188 105
188 27
188 153
188 73
188 179
188 90
188 203
188 39
188 216
188 77
188 132
188 40
188 165
188 214
188 211
188 160
188 142
188 12
188 116
188 149
188 192
188 93
188 109
188 117
188 167
188 196
188 143
188 19
188 87
188 62
188 157
188 156
188 150
188 155
188 191
188 113
188 129
188 174
188 138
188 76
188 182
188 63
188 172
188 175
188 212
188 144
188 123
188 25
188 140
188 24
188 204
188 1
188 65
217 50
217 162
217 49
217 99
217 100
217 79
217 115
217 98
217 80
217 16
217 48
217 69
217 97
217 15
217 163
217 131
217 6
217 198
217 88
217 210
217 158
217 83
217 18
217 41
217 183
217 70
217 127
217 54
217 102
217 206
217 4
217 134
217 119
217 213
217 124
217 105
217 193
217 46
217 27
217 199
217 153
217 73
217 179
217 21
217 203
217 39
217 216
217 84
217 53
217 185
217 160
217 168
217 12
217 128
217 56
217 149
217 135
217 93
217 164
217 109
217 219
217 117
217 45
217 167
217 196
217 143
217 87
217 62
217 156
217 150
217 155
217 191
217 113
217 43
217 106
217 81
217 76
217 218
217 184
217 182
217 63
217 172
217 32
217 175
217 212
217 187
217 24
217 147
217 23
36 100
36 122
36 151
36 9
36 121
36 67
36 16
36 112
36 97
36 82
36 163
36 205
36 85
36 6
36 198
36 57
36 18
36 78
36 139
36 183
36 28
36 54
36 186
36 102
36 111
36 206
36 134
36 119
36 60
36 31
36 190
36 136
36 124
36 118
36 199
36 153
36 73
36 21
36 203
36 39
36 132
36 214
36 160
36 128
36 116
36 56
36 173
36 192
36 93
36 109
36 117
36 13
36 19
36 189
36 62
36 157
36 68
36 156
36 113
36 174
36 81
36 182
36 63
36 175
36 212
36 144
36 181
36 187
36 26
36 107
36 25
36 23
36 34
36 10
50 14
50 49
50 99
50 100
50 122
50 151
50 115
50 98
50 80
50 51
50 16
50 20
50 194
50 112
50 82
50 215
50 163
50 6
50 95
50 198
50 57
50 120
50 114
50 158
50 83
50 41
50 209
50 139
50 70
50 28
50 127
50 0
50 111
50 206
50 31
50 136
50 105
50 46
50 27
50 118
50 199
50 153
50 179
50 90
50 133
50 40
50 214
50 195
50 142
50 116
50 149
50 192
50 135
50 93
50 109
50 117
50 71
50 137
50 45
50 103
50 55
50 96
50 156
50 155
50 113
50 129
50 174
50 43
50 138
50 76
50 184
50 61
50 182
50 32
50 175
50 30
50 66
50 144
50 181
50 123
50 147
50 23
50 204
50 34
50 65
162 14
162 9
162 98
162 121
162 161
162 16
162 112
162 145
162 82
162 215
162 202
162 163
162 205
162 6
162 198
162 88
162 120
162 210
162 114
162 125
162 41
162 209
162 139
162 91
162 127
162 176
162 54
162 119
162 60
162 31
162 213
162 190
162 136
162 124
162 193
162 153
162 179
162 21
162 216
162 133
162 132
162 40
162 42
162 165
162 11
162 74
162 211
162 160
162 168
162 116
162 173
162 167
162 13
162 143
162 19
162 103
162 189
162 87
162 96
162 68
162 156
162 150
162 113
162 129
162 43
162 76
162 37
162 47
162 32
162 66
162 35
162 144
162 181
162 141
162 25
162 24
162 204
162 65
162 10
14 99
14 122
14 115
14 9
14 121
14 16
14 48
14 194
14 159
14 15
14 215
14 202
14 205
14 6
14 198
14 57
14 78
14 139
14 0
14 176
14 54
14 206
14 4
14 134
14 119
14 60
14 213
14 190
14 136
14 118
14 199
14 153
14 90
14 21
14 53
14 77
14 40
14 42
14 165
14 11
14 74
14 142
14 56
14 149
14 173
14 192
14 135
14 71
14 13
14 196
14 19
14 55
14 156
14 113
14 129
14 174
14 43
14 130
14 81
14 37
14 184
14 47
14 182
14 175
14 30
14 72
14 212
14 144
14 181
14 5
14 187
14 141
14 26
14 107
14 140
14 24
14 147
14 204
14 1
14 34
49 99
49 151
49 115
49 80
49 51
49 48
49 145
49 69
49 82
49 202
49 205
49 85
49 6
49 95
49 57
49 120
49 210
49 158
49 83
49 18
49 78
49 41
49 139
49 28
49 54
49 186
49 102
49 111
49 4
49 119
49 60
49 31
49 213
49 136
49 105
49 27
49 118
49 90
49 39
49 77
49 133
49 132
49 40
49 42
49 160
49 195
49 168
49 128
49 173
49 192
49 44
49 135
49 93
49 109
49 219
49 117
49 71
49 13
49 103
49 55
49 157
49 68
49 156
49 155
49 113
49 129
49 43
49 106
49 17
49 76
49 218
49 37
49 61
49 32
49 30
49 72
49 66
49 35
49 144
49 181
49 141
49 140
49 147
49 23
49 1
49 34
49 65
49 10
99 151
99 115
99 9
99 80
99 121
99 51
99 67
99 112
99 145
99 69
99 97
99 15
99 215
99 202
99 163
99 205
99 85
99 6
99 198
99 57
99 125
99 158
99 83
99 78
99 209
99 139
99 91
99 70
99 28
99 54
99 111
99 60
99 31
99 213
99 190
99 136
99 105
99 153
99 21
99 39
99 84
99 40
99 42
99 165
99 11
99 214
99 211
99 195
99 168
99 173
99 192
99 44
99 45
99 167
99 13
99 103
99 55
99 155
99 113
99 43
99 17
99 130
99 76
99 47
99 172
99 144
99 181
99 123
99 5
99 187
99 26
99 1
99 34
99 10
100 79
100 9
100 98
100 161
100 51
100 16
100 20
100 194
100 112
100 69
100 97
100 15
100 215
100 163
100 205
100 95
100 120
100 125
100 78
100 127
100 176
100 54
100 102
100 111
100 134
100 119
100 31
100 213
100 190
100 136
100 27
100 73
100 39
100 216
100 84
100 53
100 64
100 77
100 132
100 165
100 214
100 160
100 168
100 149
100 173
100 109
100 219
100 196
100 19
100 103
100 189
100 87
100 62
100 55
100 96
100 68
100 113
100 106
100 130
100 81
100 76
100 184
100 47
100 175
100 72
100 35
100 181
100 187
100 26
100 25
100 24
100 23
100 1
100 10
79 122
79 80
79 121
79 161
79 67
79 112
79 15
79 215
79 163
79 205
79 85
79 95
79 198
79 88
79 57
79 120
79 158
79 83
79 18
79 78
79 209
79 183
79 127
79 0
79 54
79 102
79 4
79 134
79 119
79 213
79 105
79 193
79 46
79 153
79 73
79 179
79 84
79 77
79 133
79 132
79 74
79 160
79 149
79 173
79 135
79 109
79 117
79 137
79 45
79 13
79 143
79 19
79 103
79 87
79 55
79 157
79 156
79 150
79 191
79 113
79 43
79 130
79 76
79 37
79 61
79 63
79 32
79 175
79 72
79 212
79 35
79 181
79 187
79 26
79 25
79 24
79 23
79 34
79 10
122 9
122 67
122 48
122 194
122 112
122 69
122 159
122 15
122 202
122 95
122 198
122 88
122 18
122 78
122 41
122 209
122 139
122 70
122 127
122 0
122 186
122 102
122 206
122 213
122 136
122 124
122 27
122 199
122 153
122 179
122 21
122 203
122 39
122 216
122 77
122 42
122 11
122 214
122 168
122 142
122 128
122 116
122 192
122 135
122 93
122 137
122 45
122 167
122 13
122 196
122 143
122 189
122 87
122 157
122 68
122 150
122 155
122 174
122 43
122 76
122 184
122 30
122 72
122 212
122 181
122 26
122 107
122 140
122 23
122 65
122 10
151 115
151 121
151 161
151 20
151 159
151 202
151 131
151 198
151 120
151 210
151 158
151 18
151 78
151 139
151 91
151 102
151 213
151 199
151 73
151 90
151 21
151 203
151 39
151 216
151 84
151 53
151 77
151 133
151 40
151 11
151 214
151 211
151 168
151 142
151 12
151 116
151 56
151 173
151 44
151 117
151 71
151 137
151 45
151 143
151 19
151 87
151 55
151 156
151 150
151 129
151 174
151 43
151 138
151 106
151 37
151 47
151 61
151 182
151 172
151 175
151 30
151 144
151 187
151 25
151 147
151 204
151 65
151 10
115 98
115 80
115 121
115 161
115 51
115 16
115 20
115 48
115 159
115 15
115 82
115 205
115 95
115 88
115 210
115 125
115 158
115 83
115 18
115 78
115 41
115 139
115 54
115 186
115 4
115 119
115 60
115 213
115 105
115 46
115 118
115 199
115 153
115 73
115 90
115 21
115 203
115 39
115 216
115 84
115 64
115 42
115 165
115 214
115 185
115 160
115 168
115 142
115 128
115 116
115 149
115 44
115 135
115 109
115 219
115 71
115 167
115 13
115 196
115 189
115 62
115 55
115 96
115 106
115 81
115 218
115 184
115 47
115 63
115 172
115 30
115 72
115 5
115 187
115 107
115 140
115 24
115 34
115 10
9 80
9 161
9 16
9 20
9 112
9 145
9 97
9 215
9 205
9 95
9 125
9 83
9 18
9 0
9 176
9 54
9 186
9 102
9 111
9 206
9 119
9 60
9 31
9 213
9 46
9 27
9 199
9 153
9 73
9 179
9 90
9 21
9 203
9 39
9 84
9 133
9 165
9 11
9 214
9 185
9 160
9 12
9 128
9 173
9 109
9 117
9 137
9 196
9 103
9 62
9 55
9 96
9 156
9 150
9 155
9 113
9 17
9 218
9 37
9 32
9 212
9 35
9 144
9 181
9 187
9 141
9 26
9 107
9 25
9 140
9 147
9 23
9 65
9 10
98 121
98 161
98 20
98 48
98 145
98 69
98 215
98 202
98 95
98 198
98 88
98 120
98 114
98 158
98 83
98 18
98 78
98 139
98 183
98 70
98 0
98 186
98 134
98 31
98 190
98 124
98 105
98 27
98 118
98 199
98 153
98 90
98 203
98 39
98 53
98 64
98 77
98 40
98 11
98 74
98 211
98 168
98 142
98 128
98 56
98 149
98 173
98 44
98 93
98 164
98 117
98 71
98 157
98 156
98 150
98 155
98 191
98 174
98 138
98 106
98 17
98 130
98 81
98 37
98 47
98 61
98 182
98 63
98 30
98 66
98 144
98 181
98 123
98 5
98 141
98 107
98 10
80 121
80 51
80 48
80 194
80 145
80 69
80 97
80 159
80 82
80 215
80 202
80 205
80 6
80 95
80 198
80 57
80 114
80 18
80 41
80 139
80 70
80 127
80 0
80 176
80 54
80 186
80 102
80 111
80 134
80 119
80 60
80 213
80 190
80 136
80 118
80 179
80 90
80 21
80 39
80 84
80 132
80 165
80 214
80 185
80 211
80 195
80 142
80 116
80 56
80 135
80 219
80 137
80 167
80 13
80 196
80 19
80 103
80 189
80 55
80 157
80 96
80 174
80 106
80 130
80 76
80 218
80 37
80 47
80 182
80 63
80 175
80 66
80 144
80 123
80 5
80 187
80 141
80 107
80 24
80 23
80 10
121 51
121 20
121 69
121 202
121 205
121 131
121 6
121 57
121 125
121 18
121 183
121 91
121 28
121 54
121 102
121 4
121 119
121 60
121 190
121 136
121 124
121 193
121 46
121 90
121 84
121 53
121 77
121 133
121 132
121 42
121 214
121 211
121 12
121 149
121 173
121 135
121 93
121 164
121 71
121 167
121 13
121 196
121 143
121 103
121 189
121 62
121 55
121 157
121 138
121 106
121 17
121 130
121 76
121 184
121 61
121 182
121 63
121 172
121 175
121 72
121 212
121 66
121 181
121 187
121 141
121 140
121 24
121 147
121 23
121 204
121 1
161 51
161 20
161 194
161 97
161 15
161 215
161 202
161 131
161 88
161 120
161 210
161 125
161 158
161 18
161 41
161 70
161 28
161 127
161 0
161 176
161 186
161 111
161 134
161 60
161 31
161 105
161 193
161 46
161 153
161 179
161 21
161 203
161 84
161 53
161 77
161 40
161 165
161 11
161 74
161 185
161 211
161 160
161 142
161 56
161 219
161 117
161 71
161 137
161 13
161 196
161 87
161 55
161 96
161 156
161 113
161 129
161 174
161 43
161 106
161 130
161 81
161 76
161 61
161 182
161 72
161 181
161 123
161 187
161 141
161 26
161 107
161 25
161 140
161 147
161 10
51 20
51 48
51 112
51 69
51 97
51 205
51 85
51 131
51 95
51 88
51 120
51 158
51 18
51 209
51 139
51 91
51 28
51 127
51 176
51 102
51 60
51 118
51 199
51 153
51 64
51 77
51 133
51 214
51 74
51 160
51 142
51 12
51 128
51 116
51 56
51 173
51 109
51 117
51 71
51 167
51 13
51 196
51 143
51 189
51 62
51 157
51 96
51 68
51 156
51 150
51 155
51 129
51 174
51 130
51 81
51 76
51 47
51 61
51 182
51 172
51 32
51 30
51 66
51 35
51 141
51 26
51 23
51 204
51 65
67 48
67 69
67 97
67 15
67 205
67 85
67 131
67 6
67 95
67 88
67 57
67 125
67 83
67 209
67 139
67 183
67 28
67 186
67 206
67 31
67 105
67 118
67 199
67 73
67 179
67 39
67 53
67 42
67 74
67 185
67 211
67 195
67 142
67 12
67 128
67 116
67 149
67 192
67 44
67 164
67 109
67 45
67 196
67 143
67 55
67 150
67 155
67 113
67 174
67 43
67 17
67 130
67 81
67 76
67 37
67 61
67 175
67 30
67 35
67 181
67 5
67 141
67 25
67 24
67 23
67 204
67 1
67 10
16 48
16 145
16 159
16 82
16 163
16 205
16 85
16 131
16 6
16 95
16 57
16 120
16 158
16 18
16 78
16 41
16 139
16 183
16 0
16 176
16 186
16 102
16 206
16 4
16 134
16 213
16 105
16 46
16 153
16 179
16 90
16 21
16 39
16 216
16 84
16 53
16 64
16 133
16 132
16 40
16 74
16 185
16 211
16 195
16 168
16 142
16 12
16 116
16 149
16 44
16 164
16 109
16 117
16 71
16 143
16 19
16 103
16 189
16 87
16 55
16 157
16 156
16 150
16 191
16 129
16 43
16 17
16 130
16 76
16 218
16 37
16 47
16 63
16 32
16 72
16 144
16 123
16 187
16 141
16 25
16 24
16 204
20 48
20 112
20 69
20 97
20 159
20 163
20 205
20 95
20 198
20 57
20 120
20 114
20 125
20 78
20 209
20 139
20 183
20 91
20 0
20 176
20 54
20 186
20 102
20 111
20 134
20 119
20 60
20 31
20 190
20 136
20 193
20 27
20 118
20 73
20 90
20 21
20 203
20 84
20 132
20 40
20 42
20 165
20 214
20 211
20 160
20 12
20 128
20 173
20 192
20 219
20 167
20 13
20 196
20 103
20 189
20 62
20 157
20 68
20 156
20 150
20 155
20 113
20 129
20 174
20 43
20 138
20 106
20 218
20 184
20 47
20 30
20 66
20 144
20 123
20 187
20 26
20 107
20 25
20 24
20 23
20 1
20 65
20 10
48 194
48 145
48 97
48 15
48 82
48 215
48 163
48 131
48 6
48 95
48 198
48 88
48 114
48 125
48 41
48 70
48 28
48 54
48 186
48 206
48 134
48 31
48 213
48 190
48 136
48 124
48 193
48 46
48 27
48 118
48 199
48 39
48 64
48 77
48 42
48 11
48 160
48 12
48 128
48 56
48 149
48 44
48 93
48 164
48 109
48 219
48 137
48 13
48 143
48 19
48 103
48 189
48 62
48 96
48 150
48 113
48 129
48 43
48 17
48 81
48 218
48 37
48 47
48 61
48 172
48 30
48 72
48 212
48 35
48 144
48 181
48 5
48 26
48 107
48 140
48 24
48 1
48 34
48 10
194 69
194 215
194 205
194 85
194 131
194 6
194 95
194 198
194 57
194 120
194 114
194 158
194 83
194 78
194 139
194 91
194 0
194 54
194 186
194 102
194 111
194 206
194 134
194 119
194 190
194 136
194 46
194 118
194 179
194 90
194 21
194 77
194 132
194 165
194 214
194 185
194 12
194 116
194 56
194 173
194 192
194 135
194 93
194 109
194 219
194 117
194 137
194 167
194 196
194 19
194 62
194 157
194 96
194 150
194 191
194 174
194 138
194 106
194 17
194 130
194 76
194 184
194 47
194 61
194 30
194 35
194 144
194 181
194 5
194 187
194 141
194 107
194 204
194 65
194 10
112 159
112 15
112 82
112 215
112 95
112 120
112 210
112 158
112 78
112 209
112 139
112 183
112 28
112 127
112 176
112 54
112 102
112 4
112 134
112 213
112 190
112 136
112 124
112 193
112 46
112 90
112 203
112 216
112 84
112 64
112 77
112 132
112 40
112 165
112 11
112 74
112 128
112 116
112 56
112 149
112 192
112 44
112 93
112 219
112 117
112 137
112 143
112 19
112 87
112 62
112 55
112 96
112 68
112 156
112 155
112 129
112 174
112 43
112 138
112 76
112 218
112 184
112 61
112 182
112 63
112 30
112 212
112 35
112 144
112 26
112 107
112 140
112 204
145 215
145 6
145 95
145 57
145 210
145 125
145 41
145 209
145 183
145 127
145 0
145 206
145 4
145 60
145 31
145 190
145 136
145 193
145 153
145 73
145 179
145 21
145 39
145 216
145 64
145 40
145 11
145 214
145 185
145 195
145 168
145 56
145 149
145 44
145 93
145 109
145 117
145 45
145 13
145 196
145 19
145 62
145 155
145 174
145 130
145 81
145 76
145 184
145 63
145 172
145 66
145 35
145 181
145 107
145 25
145 24
145 147
69 82
69 95
69 198
69 88
69 120
69 210
69 114
69 158
69 83
69 209
69 183
69 91
69 0
69 111
69 206
69 4
69 134
69 119
69 136
69 193
69 153
69 179
69 90
69 203
69 39
69 84
69 64
69 77
69 165
69 11
69 74
69 195
69 12
69 128
69 116
69 173
69 135
69 109
69 219
69 117
69 137
69 13
69 196
69 143
69 55
69 157
69 68
69 150
69 191
69 129
69 174
69 43
69 106
69 17
69 218
69 37
69 47
69 61
69 182
69 30
69 72
69 212
69 123
69 5
69 187
69 141
69 25
69 147
69 23
69 204
69 65
69 10
97 15
97 82
97 163
97 205
97 85
97 6
97 95
97 198
97 88
97 120
97 114
97 83
97 18
97 41
97 139
97 28
97 0
97 102
97 4
97 134
97 119
97 190
97 136
97 124
97 199
97 90
97 39
97 84
97 64
97 165
97 214
97 74
97 12
97 128
97 173
97 192
97 135
97 109
97 219
97 71
97 45
97 13
97 196
97 143
97 19
97 103
97 87
97 68
97 150
97 129
97 43
97 138
97 106
97 130
97 81
97 76
97 37
97 63
97 172
97 32
97 175
97 72
97 181
97 123
97 5
97 187
97 26
97 25
97 23
97 204
97 1
97 10
159 15
159 215
159 205
159 6
159 95
159 125
159 83
159 78
159 209
159 183
159 70
159 28
159 127
159 0
159 54
159 102
159 119
159 31
159 190
159 46
159 27
159 153
159 179
159 90
159 21
159 84
159 53
159 64
159 132
159 40
159 42
159 214
159 74
159 56
159 173
159 93
159 109
159 137
159 167
159 189
159 62
159 55
159 157
159 96
159 68
159 155
159 191
159 129
159 174
159 106
159 130
159 81
159 76
159 37
159 184
159 47
159 182
159 175
159 72
159 66
159 181
159 187
159 26
159 147
159 23
159 204
159 10
15 82
15 202
15 163
15 205
15 131
15 6
15 198
15 120
15 158
15 18
15 41
15 183
15 70
15 54
15 206
15 4
15 134
15 60
15 31
15 213
15 124
15 105
15 46
15 27
15 118
15 179
15 90
15 21
15 77
15 133
15 132
15 40
15 42
15 165
15 214
15 74
15 211
15 56
15 173
15 44
15 93
15 164
15 219
15 117
15 137
15 45
15 13
15 143
15 19
15 55
15 96
15 68
15 150
15 155
15 113
15 129
15 174
15 138
15 106
15 130
15 76
15 218
15 37
15 63
15 32
15 175
15 66
15 144
15 123
15 5
15 141
15 26
15 107
15 25
15 24
15 23
15 1
15 34
82 202
82 85
82 131
82 198
82 57
82 120
82 114
82 158
82 209
82 139
82 91
82 206
82 4
82 60
82 190
82 136
82 124
82 105
82 27
82 118
82 199
82 153
82 179
82 90
82 21
82 203
82 39
82 216
82 133
82 132
82 42
82 11
82 214
82 74
82 168
82 142
82 116
82 149
82 192
82 164
82 109
82 117
82 45
82 167
82 13
82 196
82 103
82 189
82 87
82 55
82 68
82 150
82 113
82 106
82 130
82 218
82 47
82 61
82 172
82 32
82 175
82 212
82 66
82 35
82 144
82 5
82 187
82 26
82 107
82 25
82 140
82 147
82 1
82 10
215 85
215 95
215 198
215 88
215 125
215 18
215 78
215 209
215 183
215 91
215 28
215 102
215 119
215 213
215 105
215 118
215 199
215 73
215 179
215 90
215 203
215 39
215 77
215 11
215 214
215 74
215 168
215 116
215 149
215 44
215 135
215 167
215 196
215 103
215 189
215 87
215 55
215 156
215 150
215 174
215 81
215 218
215 184
215 47
215 61
215 182
215 63
215 30
215 72
215 66
215 187
215 25
215 147
215 23
215 65
215 10
202 205
202 6
202 95
202 198
202 57
202 120
202 125
202 78
202 91
202 70
202 28
202 127
202 176
202 54
202 111
202 134
202 136
202 105
202 199
202 153
202 90
202 21
202 203
202 84
202 64
202 132
202 165
202 11
202 195
202 128
202 149
202 173
202 192
202 219
202 117
202 45
202 167
202 143
202 19
202 103
202 55
202 150
202 155
202 113
202 174
202 138
202 106
202 37
202 184
202 32
202 30
202 72
202 35
202 187
202 141
202 26
202 107
202 140
202 24
202 204
202 1
202 10
163 85
163 6
163 95
163 198
163 88
163 57
163 120
163 114
163 125
163 78
163 41
163 28
163 0
163 4
163 134
163 60
163 31
163 190
163 105
163 46
163 73
163 179
163 216
163 77
163 133
163 214
163 185
163 211
163 160
163 195
163 116
163 56
163 192
163 44
163 164
163 109
163 71
163 143
163 103
163 55
163 157
163 96
163 68
163 156
163 150
163 155
163 191
163 43
163 138
163 17
163 76
163 37
163 182
163 63
163 172
163 32
163 212
163 181
163 187
163 25
163 140
163 24
163 23
205 85
205 95
205 88
205 120
205 210
205 114
205 158
205 83
205 18
205 78
205 41
205 102
205 206
205 134
205 60
205 31
205 190
205 136
205 105
205 193
205 153
205 203
205 216
205 84
205 53
205 77
205 133
205 40
205 42
205 165
205 214
205 185
205 168
205 12
205 56
205 135
205 109
205 117
205 71
205 137
205 143
205 19
205 96
205 156
205 150
205 155
205 113
205 138
205 106
205 17
205 81
205 76
205 218
205 61
205 63
205 212
205 181
205 123
205 5
205 141
205 26
205 107
205 25
205 147
205 23
205 204
205 1
205 34
85 131
85 6
85 57
85 114
85 125
85 158
85 83
85 41
85 183
85 91
85 28
85 0
85 176
85 186
85 102
85 31
85 213
85 190
85 193
85 46
85 27
85 179
85 21
85 203
85 216
85 53
85 132
85 40
85 11
85 74
85 211
85 160
85 195
85 168
85 128
85 116
85 149
85 173
85 135
85 93
85 137
85 45
85 167
85 143
85 103
85 87
85 62
85 55
85 157
85 68
85 156
85 155
85 129
85 174
85 106
85 130
85 81
85 37
85 61
85 182
85 172
85 32
85 175
85 212
85 35
85 181
85 141
85 24
85 204
85 1
85 34
85 65
131 120
131 210
131 114
131 125
131 83
131 78
131 41
131 139
131 183
131 91
131 28
131 0
131 176
131 102
131 111
131 134
131 119
131 31
131 213
131 190
131 136
131 27
131 118
131 153
131 73
131 21
131 39
131 64
131 77
131 132
131 42
131 11
131 214
131 74
131 185
131 211
131 168
131 142
131 12
131 116
131 149
131 192
131 44
131 164
131 219
131 71
131 167
131 196
131 103
131 189
131 55
131 68
131 150
131 155
131 191
131 113
131 138
131 106
131 76
131 218
131 37
131 47
131 32
131 175
131 66
131 144
131 181
131 187
131 107
131 140
131 24
131 147
131 23
6 198
6 57
6 120
6 18
6 28
6 111
6 4
6 134
6 119
6 213
6 124
6 27
6 118
6 199
6 90
6 203
6 216
6 165
6 74
6 185
6 160
6 195
6 168
6 12
6 128
6 149
6 192
6 44
6 135
6 71
6 45
6 13
6 143
6 19
6 103
6 62
6 55
6 150
6 174
6 43
6 138
6 81
6 76
6 37
6 184
6 182
6 32
6 212
6 144
6 123
6 107
6 24
6 23
6 65
95 198
95 88
95 120
95 18
95 41
95 209
95 91
95 70
95 127
95 54
95 102
95 111
95 124
95 193
95 73
95 203
95 39
95 216
95 64
95 133
95 132
95 40
95 42
95 165
95 185
95 211
95 168
95 12
95 128
95 135
95 93
95 164
95 109
95 117
95 45
95 167
95 13
95 196
95 19
95 87
95 62
95 55
95 157
95 96
95 68
95 156
95 150
95 155
95 191
95 113
95 174
95 43
95 138
95 106
95 76
95 184
95 47
95 61
95 32
95 66
95 144
95 181
95 123
95 187
95 141
95 24
95 65
95 10
198 88
198 57
198 120
198 210
198 83
198 18
198 91
198 28
198 127
198 176
198 54
198 186
198 206
198 134
198 119
198 60
198 213
198 190
198 136
198 105
198 193
198 27
198 118
198 153
198 90
198 203
198 39
198 84
198 132
198 40
198 11
198 74
198 185
198 195
198 116
198 149
198 173
198 164
198 13
198 196
198 143
198 19
198 103
198 62
198 55
198 157
198 156
198 155
198 113
198 43
198 138
198 17
198 81
198 37
198 61
198 172
198 72
198 212
198 66
198 144
198 5
198 141
198 26
198 204
198 65
88 57
88 210
88 158
88 18
88 41
88 183
88 91
88 70
88 54
88 111
88 206
88 213
88 136
88 46
88 118
88 199
88 179
88 203
88 53
88 64
88 133
88 40
88 214
88 185
88 142
88 128
88 116
88 56
88 173
88 192
88 44
88 135
88 164
88 109
88 117
88 137
88 167
88 196
88 19
88 103
88 189
88 87
88 68
88 156
88 155
88 129
88 43
88 130
88 81
88 76
88 37
88 175
88 72
88 66
88 35
88 144
88 123
88 187
88 107
88 140
88 24
88 23
88 65
88 10
57 114
57 83
57 78
57 91
57 70
57 176
57 4
57 119
57 60
57 31
57 213
57 190
57 124
57 193
57 46
57 199
57 21
57 203
57 64
57 132
57 40
57 74
57 185
57 195
57 168
57 142
57 135
57 93
57 164
57 117
57 45
57 143
57 19
57 103
57 157
57 96
57 156
57 150
57 191
57 113
57 129
57 174
57 138
57 37
57 47
57 61
57 63
57 172
57 30
57 5
57 187
57 24
57 1
57 10
120 210
120 114
120 125
120 158
120 18
120 41
120 127
120 0
120 4
120 134
120 119
120 31
120 213
120 190
120 124
120 105
120 193
120 27
120 118
120 153
120 179
120 90
120 21
120 64
120 133
120 165
120 195
120 142
120 149
120 173
120 192
120 44
120 135
120 93
120 109
120 219
120 117
120 45
120 196
120 143
120 62
120 55
120 157
120 96
120 68
120 150
120 155
120 113
120 130
120 76
120 47
120 61
120 32
120 30
120 35
120 144
120 123
120 25
120 147
120 1
210 125
210 158
210 83
210 18
210 91
210 70
210 28
210 127
210 0
210 176
210 102
210 4
210 190
210 124
210 193
210 118
210 199
210 153
210 73
210 21
210 39
210 216
210 77
210 132
210 11
210 214
210 74
210 160
210 173
210 192
210 44
210 135
210 93
210 117
210 71
210 137
210 45
210 167
210 13
210 196
210 143
210 19
210 189
210 62
210 96
210 156
210 155
210 191
210 129
210 43
210 130
210 81
210 218
210 37
210 47
210 172
210 175
210 30
210 212
210 144
210 181
210 123
210 187
210 107
210 24
210 204
210 65
210 10
114 125
114 158
114 83
114 78
114 41
114 139
114 28
114 127
114 0
114 176
114 206
114 4
114 134
114 60
114 190
114 136
114 105
114 193
114 46
114 27
114 118
114 73
114 179
114 90
114 21
114 203
114 77
114 133
114 132
114 185
114 211
114 195
114 142
114 128
114 56
114 149
114 173
114 219
114 117
114 71
114 196
114 19
114 87
114 68
114 138
114 81
114 76
114 218
114 184
114 47
114 32
114 30
114 72
114 212
114 66
114 144
114 123
114 187
114 141
114 107
114 140
114 147
114 34
114 65
114 10
125 158
125 127
125 0
125 54
125 186
125 60
125 31
125 190
125 136
125 46
125 27
125 199
125 153
125 73
125 39
125 84
125 77
125 133
125 42
125 74
125 211
125 160
125 168
125 142
125 12
125 128
125 116
125 149
125 173
125 93
125 219
125 117
125 167
125 19
125 157
125 68
125 156
125 113
125 129
125 17
125 76
125 61
125 32
125 212
125 66
125 35
125 144
125 123
125 141
125 25
125 140
125 24
125 147
125 204
125 1
125 34
125 65
158 18
158 176
158 111
158 206
158 119
158 190
158 136
158 118
158 153
158 73
158 179
158 90
158 203
158 84
158 53
158 64
158 77
158 133
158 132
158 40
158 165
158 11
158 74
158 211
158 195
158 168
158 128
158 56
158 135
158 109
158 219
158 117
158 45
158 13
158 189
158 157
158 96
158 68
158 155
158 129
158 43
158 138
158 106
158 17
158 76
158 218
158 182
158 63
158 212
158 107
158 25
158 140
158 24
158 147
158 34
158 65
83 18
83 183
83 91
83 28
83 134
83 31
83 213
83 190
83 105
83 46
83 118
83 179
83 203
83 216
83 53
83 77
83 133
83 165
83 214
83 211
83 160
83 168
83 128
83 116
83 149
83 44
83 117
83 137
83 45
83 167
83 196
83 19
83 103
83 55
83 157
83 96
83 150
83 129
83 174
83 43
83 138
83 81
83 76
83 218
83 37
83 184
83 182
83 63
83 32
83 175
83 212
83 123
83 187
83 141
83 26
83 107
83 24
83 23
83 1
83 34
18 78
18 41
18 209
18 28
18 186
18 206
18 119
18 31
18 213
18 193
18 27
18 118
18 73
18 179
18 90
18 216
18 133
18 40
18 165
18 74
18 185
18 160
18 195
18 12
18 128
18 116
18 56
18 149
18 173
18 135
18 117
18 137
18 45
18 196
18 103
18 87
18 55
18 96
18 156
18 155
18 113
18 17
18 130
18 76
18 37
18 61
18 63
18 72
18 212
18 66
18 141
18 107
18 25
18 140
18 23
18 65
78 209
78 91
78 70
78 127
78 102
78 206
78 4
78 134
78 119
78 60
78 213
78 27
78 73
78 90
78 21
78 203
78 39
78 216
78 84
78 53
78 64
78 42
78 11
78 214
78 185
78 211
78 195
78 173
78 135
78 93
78 164
78 117
78 71
78 19
78 103
78 189
78 68
78 191
78 113
78 138
78 17
78 130
78 81
78 218
78 184
78 175
78 72
78 144
78 181
78 5
78 141
78 140
78 24
78 147
78 204
78 1
41 139
41 127
41 0
41 186
41 206
41 4
41 134
41 60
41 31
41 213
41 136
41 193
41 118
41 199
41 73
41 21
41 53
41 77
41 133
41 42
41 165
41 214
41 74
41 211
41 195
41 12
41 128
41 116
41 173
41 44
41 135
41 164
41 117
41 167
41 13
41 196
41 19
41 87
41 62
41 55
41 157
41 156
41 150
41 155
41 113
41 43
41 138
41 106
41 130
41 81
41 218
41 47
41 61
41 182
41 32
41 175
41 30
41 72
41 144
41 123
41 5
41 26
41 1
41 34
41 65
209 183
209 28
209 54
209 186
209 111
209 206
209 4
209 31
209 213
209 124
209 105
209 193
209 46
209 27
209 199
209 73
209 179
209 21
209 216
209 133
209 40
209 11
209 214
209 128
209 149
209 192
209 44
209 135
209 164
209 219
209 71
209 137
209 45
209 13
209 196
209 143
209 19
209 103
209 189
209 62
209 96
209 156
209 150
209 155
209 113
209 138
209 17
209 37
209 184
209 47
209 182
209 63
209 30
209 72
209 212
209 35
209 181
209 187
209 26
209 147
209 23
209 204
209 1
209 65
139 183
139 28
139 127
139 176
139 186
139 206
139 4
139 134
139 119
139 60
139 31
139 190
139 124
139 105
139 118
139 73
139 216
139 84
139 64
139 40
139 214
139 160
139 195
139 12
139 192
139 93
139 71
139 137
139 13
139 196
139 143
139 19
139 55
139 113
139 138
139 106
139 130
139 81
139 61
139 182
139 63
139 172
139 32
139 72
139 35
139 144
139 141
139 26
139 140
139 23
139 204
139 10
183 28
183 127
183 54
183 186
183 111
183 4
183 134
183 60
183 31
183 118
183 153
183 179
183 21
183 84
183 133
183 132
183 40
183 42
183 165
183 74
183 195
183 12
183 116
183 173
183 192
183 135
183 93
183 109
183 117
183 137
183 143
183 189
183 157
183 96
183 156
183 43
183 138
183 17
183 130
183 81
183 76
183 37
183 184
183 61
183 182
183 63
183 172
183 32
183 30
183 35
183 144
183 5
183 187
183 26
183 147
183 204
183 1
91 70
91 28
91 186
91 206
91 134
91 31
91 124
91 105
91 199
91 153
91 73
91 90
91 39
91 84
91 53
91 77
91 133
91 11
91 214
91 74
91 185
91 211
91 195
91 168
91 142
91 192
91 44
91 93
91 117
91 71
91 167
91 157
91 96
91 68
91 155
91 129
91 43
91 138
91 106
91 17
91 130
91 81
91 218
91 184
91 61
91 172
91 32
91 66
91 5
91 141
91 26
91 25
91 24
91 147
91 65
70 28
70 127
70 102
70 206
70 31
70 190
70 105
70 193
70 27
70 199
70 153
70 179
70 39
70 64
70 77
70 133
70 42
70 214
70 211
70 195
70 168
70 142
70 12
70 116
70 56
70 149
70 135
70 45
70 167
70 196
70 143
70 19
70 103
70 189
70 68
70 150
70 155
70 191
70 174
70 43
70 138
70 81
70 76
70 218
70 184
70 47
70 61
70 182
70 63
70 172
70 32
70 72
70 35
70 187
70 107
70 65
28 54
28 186
28 4
28 119
28 31
28 193
28 46
28 27
28 153
28 179
28 21
28 203
28 39
28 216
28 53
28 77
28 165
28 11
28 74
28 185
28 160
28 195
28 142
28 12
28 173
28 71
28 167
28 189
28 87
28 157
28 150
28 155
28 113
28 129
28 174
28 43
28 106
28 17
28 76
28 37
28 47
28 30
28 72
28 212
28 144
28 5
28 25
28 147
28 1
28 65
28 10
127 0
127 176
127 186
127 102
127 111
127 206
127 4
127 134
127 190
127 136
127 124
127 46
127 27
127 73
127 39
127 84
127 133
127 132
127 40
127 42
127 214
127 74
127 211
127 195
127 168
127 12
127 128
127 149
127 135
127 93
127 164
127 219
127 13
127 19
127 103
127 87
127 62
127 55
127 96
127 68
127 156
127 150
127 155
127 129
127 174
127 130
127 81
127 218
127 182
127 144
127 187
127 107
127 25
127 204
127 34
127 65
127 10
0 176
0 54
0 206
0 213
0 136
0 105
0 193
0 46
0 118
0 199
0 153
0 90
0 21
0 216
0 84
0 53
0 133
0 132
0 40
0 11
0 185
0 160
0 195
0 142
0 128
0 173
0 44
0 135
0 93
0 167
0 196
0 143
0 103
0 87
0 96
0 150
0 155
0 174
0 43
0 130
0 76
0 218
0 184
0 63
0 172
0 175
0 72
0 212
0 144
0 181
0 123
0 5
0 26
0 25
0 140
0 147
0 204
0 1
0 65
0 10
176 54
176 186
176 102
176 4
176 134
176 213
176 136
176 124
176 46
176 118
176 153
176 73
176 203
176 39
176 53
176 64
176 165
176 185
176 160
176 195
176 168
176 12
176 116
176 135
176 109
176 117
176 71
176 196
176 143
176 189
176 55
176 96
176 150
176 81
176 184
176 175
176 30
176 212
176 35
176 181
176 123
176 187
176 107
176 140
176 24
176 147
176 204
176 1
176 65
176 10
54 186
54 206
54 4
54 60
54 190
54 136
54 124
54 46
54 118
54 73
54 203
54 39
54 216
54 84
54 53
54 64
54 40
54 42
54 165
54 214
54 74
54 195
54 168
54 142
54 12
54 128
54 116
54 56
54 173
54 44
54 135
54 93
54 164
54 71
54 137
54 143
54 19
54 62
54 68
54 155
54 113
54 129
54 174
54 17
54 130
54 81
54 218
54 37
54 182
54 32
54 30
54 144
54 181
54 123
54 5
54 26
54 25
54 140
54 24
54 23
54 204
54 1
54 34
54 65
54 10
186 102
186 4
186 31
186 190
186 136
186 105
186 27
186 118
186 73
186 90
186 21
186 216
186 84
186 53
186 64
186 77
186 132
186 211
186 195
186 116
186 149
186 44
186 93
186 109
186 71
186 45
186 167
186 13
186 103
186 189
186 62
186 55
186 157
186 68
186 191
186 174
186 43
186 138
186 17
186 130
186 81
186 61
186 72
186 35
186 123
186 187
186 204
186 65
102 134
102 190
102 136
102 46
102 153
102 73
102 39
102 216
102 84
102 64
102 133
102 132
102 214
102 74
102 149
102 164
102 109
102 117
102 45
102 13
102 19
102 87
102 157
102 96
102 156
102 150
102 155
102 113
102 129
102 138
102 106
102 130
102 218
102 184
102 63
102 32
102 175
102 30
102 72
102 66
102 35
102 144
102 123
102 5
102 187
102 140
102 147
102 23
102 34
102 65
102 10
111 134
111 119
111 60
111 190
111 105
111 46
111 179
111 90
111 203
111 39
111 216
111 53
111 64
111 77
111 133
111 132
111 214
111 74
111 211
111 160
111 195
111 168
111 44
111 135
111 219
111 117
111 71
111 45
111 13
111 196
111 143
111 19
111 103
111 87
111 96
111 68
111 113
111 129
111 138
111 81
111 172
111 212
111 123
111 187
111 140
111 34
206 4
206 119
206 60
206 31
206 190
206 193
206 46
206 27
206 199
206 90
206 21
206 203
206 39
206 53
206 77
206 133
206 132
206 185
206 195
206 168
206 12
206 128
206 56
206 173
206 192
206 93
206 137
206 13
206 103
206 189
206 62
206 157
206 96
206 68
206 155
206 113
206 43
206 81
206 76
206 218
206 63
206 175
206 35
206 187
206 141
206 26
206 107
206 140
206 23
206 34
206 10
4 60
4 213
4 124
4 193
4 118
4 73
4 179
4 21
4 39
4 216
4 132
4 40
4 214
4 74
4 160
4 195
4 168
4 142
4 12
4 116
4 149
4 173
4 192
4 135
4 219
4 45
4 13
4 196
4 19
4 157
4 113
4 43
4 138
4 17
4 130
4 81
4 76
4 47
4 63
4 72
4 66
4 35
4 123
4 187
4 141
4 107
4 23
4 204
4 1
4 65
134 31
134 105
134 27
134 118
134 199
134 73
134 39
134 77
134 133
134 40
134 165
134 11
134 74
134 195
134 168
134 12
134 44
134 135
134 93
134 117
134 71
134 45
134 167
134 13
134 196
134 143
134 19
134 103
134 189
134 87
134 62
134 68
134 150
134 155
134 191
134 113
134 129
134 174
134 43
134 138
134 63
134 172
134 30
134 72
134 66
134 35
134 144
134 123
134 5
134 141
134 147
134 34
134 65
134 10
119 31
119 213
119 190
119 136
119 105
119 46
119 118
119 179
119 21
119 203
119 216
119 64
119 77
119 132
119 40
119 11
119 160
119 12
119 56
119 173
119 164
119 71
119 196
119 143
119 19
119 189
119 87
119 157
119 96
119 156
119 155
119 113
119 129
119 174
119 106
119 76
119 218
119 61
119 63
119 32
119 175
119 212
119 66
119 35
119 5
119 187
119 25
119 140
119 147
119 23
119 204
119 34
119 65
60 190
60 136
60 124
60 105
60 193
60 46
60 118
60 73
60 179
60 90
60 21
60 53
60 64
60 11
60 185
60 211
60 168
60 12
60 128
60 149
60 173
60 192
60 135
60 93
60 164
60 219
60 71
60 45
60 167
60 103
60 189
60 157
60 96
60 156
60 113
60 43
60 138
60 106
60 130
60 184
60 47
60 175
60 30
60 212
60 66
60 5
60 141
60 10
31 213
31 46
31 153
31 179
31 90
31 21
31 203
31 39
31 216
31 77
31 133
31 132
31 165
31 74
31 12
31 116
31 56
31 44
31 135
31 164
31 109
31 137
31 13
31 143
31 62
31 157
31 68
31 113
31 174
31 43
31 138
31 106
31 17
31 81
31 76
31 218
31 47
31 61
31 63
31 172
31 32
31 175
31 72
31 35
31 181
31 187
31 141
31 26
31 24
31 23
31 1
31 34
31 10
213 124
213 105
213 193
213 46
213 118
213 90
213 203
213 84
213 53
213 77
213 40
213 42
213 11
213 185
213 211
213 128
213 173
213 44
213 93
213 109
213 71
213 143
213 19
213 55
213 96
213 191
213 138
213 17
213 81
213 218
213 37
213 182
213 30
213 35
213 181
213 123
213 107
213 24
213 23
213 1
213 34
190 124
190 193
190 199
190 90
190 84
190 53
190 77
190 132
190 40
190 165
190 11
190 160
190 142
190 12
190 128
190 173
190 192
190 44
190 164
190 109
190 117
190 71
190 137
190 196
190 143
190 103
190 189
190 62
190 157
190 96
190 138
190 106
190 76
190 218
190 37
190 61
190 182
190 63
190 32
190 175
190 212
190 66
190 144
190 141
190 26
190 24
190 147
190 204
136 124
136 105
136 193
136 46
136 27
136 199
136 153
136 84
136 53
136 40
136 214
136 74
136 185
136 211
136 195
136 142
136 128
136 116
136 56
136 173
136 44
136 135
136 93
136 109
136 219
136 45
136 13
136 196
136 143
136 103
136 55
136 157
136 96
136 68
136 156
136 150
136 155
136 191
136 113
136 43
136 138
136 17
136 130
136 182
136 63
136 72
136 212
136 144
136 123
136 107
136 140
136 24
136 204
136 34
136 65
136 10
124 193
124 27
124 153
124 179
124 21
124 39
124 84
124 133
124 132
124 42
124 165
124 11
124 74
124 128
124 149
124 192
124 93
124 137
124 167
124 196
124 103
124 189
124 156
124 191
124 129
124 174
124 43
124 106
124 17
124 130
124 81
124 218
124 184
124 63
124 30
124 66
124 123
124 5
124 187
124 141
124 26
124 25
124 23
124 1
124 65
124 10
105 193
105 46
105 27
105 118
105 153
105 216
105 84
105 64
105 40
105 165
105 214
105 185
105 160
105 168
105 56
105 173
105 44
105 164
105 117
105 71
105 13
105 196
105 19
105 103
105 189
105 96
105 156
105 150
105 155
105 129
105 43
105 138
105 106
105 17
105 130
105 81
105 76
105 184
105 63
105 172
105 175
105 72
105 66
105 144
105 181
105 107
105 24
105 34
105 65
105 10
193 46
193 153
193 179
193 90
193 21
193 203
193 216
193 84
193 64
193 77
193 132
193 214
193 211
193 160
193 168
193 128
193 116
193 56
193 192
193 44
193 135
193 167
193 196
193 143
193 103
193 87
193 62
193 96
193 156
193 155
193 113
193 138
193 106
193 130
193 81
193 218
193 37
193 184
193 182
193 63
193 32
193 30
193 212
193 107
193 25
193 140
193 23
193 204
193 1
193 34
193 10
46 153
46 179
46 90
46 39
46 84
46 132
46 42
46 11
46 214
46 211
46 168
46 142
46 12
46 56
46 149
46 173
46 192
46 44
46 135
46 109
46 71
46 19
46 87
46 55
46 157
46 68
46 150
46 155
46 191
46 43
46 106
46 17
46 76
46 37
46 184
46 47
46 182
46 175
46 72
46 212
46 66
46 35
46 181
46 123
46 5
46 26
46 107
46 25
46 24
46 23
46 1
46 10
27 118
27 199
27 73
27 90
27 39
27 53
27 77
27 132
27 40
27 74
27 211
27 195
27 168
27 128
27 149
27 173
27 135
27 164
27 109
27 71
27 137
27 189
27 62
27 55
27 96
27 68
27 113
27 174
27 106
27 17
27 130
27 81
27 76
27 218
27 37
27 172
27 30
27 72
27 212
27 181
27 26
27 25
27 140
27 24
27 147
27 23
27 1
27 34
27 65
118 153
118 73
118 179
118 21
118 77
118 133
118 132
118 165
118 74
118 185
118 160
118 195
118 12
118 116
118 56
118 173
118 192
118 219
118 71
118 45
118 167
118 196
118 143
118 103
118 189
118 156
118 113
118 174
118 17
118 184
118 47
118 172
118 175
118 30
118 66
118 123
118 5
118 141
118 24
118 23
118 1
118 65
118 10
199 153
199 179
199 39
199 84
199 53
199 64
199 133
199 40
199 42
199 11
199 214
199 185
199 195
199 168
199 142
199 12
199 128
199 135
199 93
199 109
199 219
199 117
199 167
199 196
199 143
199 19
199 189
199 87
199 55
199 96
199 68
199 156
199 113
199 129
199 174
199 43
199 138
199 218
199 37
199 47
199 61
199 182
199 32
199 175
199 72
199 212
199 66
199 144
199 181
199 5
199 187
199 141
199 26
199 25
199 140
199 24
199 204
153 21
153 203
153 39
153 216
153 77
153 132
153 11
153 211
153 168
153 12
153 149
153 173
153 44
153 164
153 109
153 137
153 196
153 103
153 189
153 157
153 150
153 43
153 17
153 130
153 81
153 76
153 184
153 61
153 182
153 30
153 66
153 181
153 123
153 5
153 26
153 25
153 24
153 147
153 23
153 204
153 1
153 65
153 10
73 39
73 216
73 84
73 132
73 74
73 211
73 56
73 149
73 192
73 93
73 117
73 71
73 137
73 196
73 143
73 103
73 55
73 157
73 68
73 150
73 113
73 174
73 81
73 218
73 182
73 63
73 32
73 212
73 66
73 144
73 181
73 5
73 187
73 141
73 107
73 25
73 23
73 204
73 34
73 65
73 10
179 90
179 21
179 203
179 216
179 53
179 133
179 214
179 185
179 56
179 149
179 192
179 93
179 164
179 137
179 13
179 143
179 87
179 62
179 68
179 150
179 191
179 113
179 129
179 174
179 138
179 17
179 81
179 37
179 47
179 175
179 212
179 144
179 107
179 25
179 23
179 1
179 34
179 10
90 21
90 84
90 64
90 77
90 133
90 42
90 165
90 160
90 12
90 116
90 173
90 192
90 44
90 135
90 93
90 164
90 117
90 137
90 167
90 13
90 19
90 189
90 62
90 96
90 150
90 155
90 191
90 113
90 174
90 43
90 138
90 106
90 81
90 37
90 47
90 61
90 182
90 30
90 144
90 187
90 26
90 107
90 34
90 65
21 203
21 39
21 216
21 84
21 132
21 42
21 165
21 11
21 185
21 160
21 168
21 128
21 116
21 149
21 192
21 44
21 164
21 109
21 117
21 137
21 13
21 19
21 189
21 157
21 156
21 191
21 17
21 81
21 37
21 184
21 61
21 172
21 32
21 30
21 72
21 66
21 5
21 187
21 141
21 25
21 140
21 24
21 23
21 34
21 65
21 10
203 53
203 132
203 42
203 11
203 214
203 74
203 211
203 192
203 135
203 164
203 117
203 71
203 137
203 19
203 103
203 62
203 157
203 150
203 191
203 129
203 174
203 138
203 130
203 184
203 61
203 182
203 63
203 30
203 212
203 66
203 35
203 144
203 123
203 5
203 187
203 26
203 107
203 23
203 204
203 65
39 64
39 133
39 40
39 11
39 74
39 185
39 168
39 12
39 128
39 173
39 135
39 164
39 109
39 219
39 117
39 19
39 155
39 191
39 113
39 174
39 138
39 130
39 81
39 76
39 218
39 182
39 172
39 32
39 30
39 35
39 144
39 141
39 25
39 24
39 34
39 65
39 10
216 132
216 165
216 11
216 185
216 211
216 160
216 168
216 142
216 12
216 128
216 56
216 173
216 44
216 135
216 164
216 109
216 117
216 71
216 167
216 196
216 68
216 43
216 17
216 130
216 47
216 182
216 32
216 175
216 30
216 72
216 35
216 181
216 123
216 5
216 141
216 23
84 77
84 133
84 132
84 42
84 165
84 74
84 185
84 168
84 142
84 12
84 128
84 56
84 149
84 44
84 135
84 93
84 109
84 137
84 45
84 13
84 189
84 157
84 150
84 113
84 129
84 174
84 138
84 106
84 130
84 81
84 218
84 184
84 47
84 61
84 182
84 63
84 32
84 212
84 66
84 35
84 144
84 181
84 5
84 26
84 107
84 24
84 1
84 34
84 65
53 77
53 40
53 165
53 168
53 12
53 128
53 173
53 44
53 164
53 109
53 45
53 13
53 143
53 19
53 103
53 87
53 62
53 55
53 157
53 96
53 68
53 156
53 129
53 138
53 81
53 76
53 37
53 47
53 61
53 172
53 32
53 175
53 30
53 66
53 35
53 187
53 141
53 107
53 25
53 140
53 24
53 23
53 204
53 1
53 65
64 132
64 42
64 11
64 74
64 142
64 12
64 149
64 44
64 164
64 219
64 45
64 13
64 19
64 103
64 189
64 68
64 156
64 155
64 129
64 43
64 17
64 37
64 47
64 63
64 32
64 175
64 35
64 144
64 123
64 5
64 187
64 141
64 26
64 107
64 140
64 24
64 204
64 34
64 10
77 132
77 40
77 214
77 211
77 160
77 195
77 12
77 56
77 149
77 173
77 93
77 109
77 117
77 71
77 137
77 196
77 189
77 87
77 62
77 55
77 96
77 129
77 174
77 106
77 130
77 81
77 76
77 47
77 182
77 32
77 212
77 144
77 181
77 123
77 26
77 204
77 1
77 34
133 165
133 74
133 195
133 168
133 116
133 56
133 93
133 109
133 167
133 196
133 143
133 19
133 87
133 62
133 96
133 68
133 156
133 150
133 155
133 191
133 129
133 43
133 17
133 37
133 47
133 172
133 72
133 181
133 123
133 5
133 187
133 107
133 140
133 204
133 10
132 40
132 214
132 74
132 185
132 195
132 168
132 142
132 12
132 128
132 56
132 173
132 44
132 93
132 219
132 45
132 13
132 143
132 19
132 189
132 68
132 156
132 150
132 191
132 113
132 174
132 218
132 37
132 184
132 47
132 175
132 30
132 72
132 144
132 5
132 187
132 107
132 24
132 147
40 11
40 214
40 74
40 160
40 168
40 142
40 149
40 173
40 192
40 135
40 219
40 71
40 137
40 143
40 62
40 55
40 96
40 155
40 113
40 174
40 17
40 218
40 47
40 172
40 72
40 35
40 144
40 187
40 107
40 140
40 24
40 204
40 34
40 65
42 165
42 74
42 185
42 211
42 195
42 168
42 116
42 56
42 149
42 173
42 44
42 135
42 219
42 137
42 167
42 196
42 143
42 19
42 103
42 189
42 55
42 157
42 155
42 113
42 129
42 138
42 130
42 76
42 184
42 47
42 61
42 212
42 35
42 5
42 141
42 140
42 1
42 34
165 214
165 74
165 195
165 168
165 142
165 12
165 128
165 44
165 137
165 45
165 196
165 143
165 189
165 55
165 68
165 156
165 191
165 113
165 129
165 43
165 106
165 17
165 81
165 76
165 218
165 172
165 175
165 212
165 66
165 5
165 141
165 140
165 147
165 204
165 65
11 160
11 12
11 128
11 116
11 192
11 44
11 93
11 109
11 117
11 137
11 196
11 19
11 189
11 156
11 113
11 43
11 138
11 106
11 130
11 218
11 184
11 47
11 61
11 182
11 63
11 32
11 175
11 30
11 72
11 66
11 123
11 187
11 141
11 26
11 24
11 34
214 74
214 211
214 195
214 116
214 56
214 192
214 135
214 93
214 137
214 45
214 167
214 196
214 103
214 87
214 62
214 55
214 155
214 129
214 174
214 138
214 106
214 130
214 76
214 218
214 37
214 184
214 47
214 61
214 182
214 32
214 175
214 30
214 72
214 212
214 66
214 123
214 5
214 24
214 204
214 34
214 10
74 195
74 168
74 12
74 116
74 173
74 192
74 164
74 109
74 117
74 45
74 19
74 87
74 96
74 68
74 150
74 155
74 191
74 43
74 17
74 130
74 81
74 76
74 218
74 37
74 61
74 72
74 66
74 144
74 181
74 141
74 26
74 107
74 24
74 34
74 10
185 211
185 168
185 142
185 12
185 56
185 149
185 192
185 135
185 93
185 219
185 71
185 196
185 55
185 157
185 96
185 155
185 113
185 138
185 106
185 17
185 130
185 218
185 182
185 172
185 32
185 144
185 181
185 141
185 140
185 24
185 23
185 1
211 160
211 168
211 142
211 12
211 56
211 149
211 173
211 192
211 135
211 109
211 71
211 137
211 167
211 143
211 19
211 189
211 87
211 55
211 157
211 96
211 156
211 191
211 113
211 129
211 106
211 130
211 81
211 218
211 37
211 184
211 47
211 61
211 63
211 32
211 72
211 212
211 66
211 144
211 5
211 107
211 25
211 24
211 23
211 204
160 195
160 116
160 173
160 192
160 71
160 137
160 167
160 196
160 143
160 19
160 103
160 189
160 55
160 157
160 150
160 155
160 113
160 138
160 17
160 130
160 76
160 218
160 37
160 184
160 61
160 182
160 172
160 30
160 181
160 5
160 26
160 107
160 25
160 24
160 23
195 142
195 12
195 128
195 56
195 93
195 109
195 117
195 167
195 13
195 19
195 103
195 189
195 157
195 96
195 156
195 150
195 129
195 174
195 43
195 106
195 130
195 81
195 218
195 47
195 61
195 182
195 172
195 175
195 212
195 66
195 144
195 5
195 25
195 24
195 34
195 65
168 12
168 116
168 149
168 44
168 135
168 117
168 71
168 45
168 13
168 196
168 143
168 19
168 189
168 55
168 157
168 150
168 138
168 106
168 130
168 47
168 32
168 175
168 212
168 181
168 187
168 141
168 107
168 140
168 147
168 23
168 204
168 1
168 34
168 65
142 128
142 173
142 44
142 117
142 45
142 13
142 189
142 62
142 157
142 96
142 156
142 150
142 155
142 191
142 130
142 76
142 37
142 184
142 47
142 172
142 175
142 72
142 212
142 66
142 35
142 5
142 187
142 25
142 140
142 147
142 23
142 1
142 10
12 128
12 116
12 56
12 192
12 44
12 135
12 164
12 71
12 137
12 103
12 189
12 87
12 157
12 150
12 155
12 43
12 81
12 218
12 184
12 47
12 182
12 175
12 30
12 72
12 35
12 107
12 25
12 140
12 147
12 23
12 204
12 1
12 34
12 10
128 56
128 135
128 93
128 117
128 71
128 137
128 45
128 167
128 13
128 143
128 19
128 103
128 87
128 55
128 96
128 68
128 156
128 150
128 155
128 191
128 113
128 43
128 138
128 81
128 76
128 218
128 37
128 184
128 61
128 182
128 63
128 32
128 212
128 181
128 5
128 187
128 23
128 204
128 1
128 34
128 65
116 56
116 149
116 173
116 44
116 167
116 13
116 196
116 19
116 103
116 189
116 157
116 96
116 113
116 106
116 17
116 81
116 76
116 184
116 47
116 63
116 32
116 175
116 35
116 26
116 107
116 25
116 140
116 24
116 147
116 204
116 1
56 149
56 44
56 164
56 109
56 219
56 137
56 167
56 13
56 196
56 19
56 103
56 87
56 62
56 157
56 96
56 68
56 155
56 113
56 129
56 174
56 106
56 218
56 184
56 172
56 32
56 30
56 212
56 66
56 181
56 123
56 5
56 187
56 107
56 24
56 147
56 34
56 10
149 173
149 192
149 44
149 135
149 93
149 109
149 219
149 71
149 45
149 13
149 196
149 143
149 189
149 62
149 68
149 156
149 150
149 155
149 129
149 130
149 37
149 47
149 61
149 182
149 172
149 30
149 72
149 212
149 144
149 181
149 26
149 25
149 24
149 23
149 204
149 1
149 34
149 65
173 44
173 135
173 45
173 167
173 196
173 143
173 189
173 55
173 157
173 96
173 68
173 155
173 113
173 43
173 138
173 17
173 184
173 47
173 61
173 182
173 32
173 30
173 66
173 123
173 187
173 107
173 147
173 23
173 204
173 65
173 10
192 93
192 164
192 109
192 219
192 117
192 137
192 45
192 196
192 143
192 19
192 103
192 189
192 87
192 96
192 156
192 150
192 191
192 129
192 174
192 138
192 130
192 184
192 47
192 182
192 172
192 32
192 175
192 212
192 144
192 187
192 26
192 140
192 24
192 23
192 1
192 10
44 135
44 93
44 219
44 117
44 196
44 143
44 19
44 87
44 62
44 157
44 96
44 156
44 191
44 113
44 174
44 17
44 218
44 37
44 184
44 47
44 63
44 172
44 32
44 175
44 30
44 72
44 66
44 35
44 181
44 187
44 141
44 140
44 24
44 147
44 204
44 10
135 164
135 109
135 219
135 167
135 196
135 143
135 103
135 87
135 55
135 150
135 191
135 174
135 43
135 130
135 76
135 37
135 182
135 63
135 172
135 175
135 72
135 26
135 25
135 140
135 23
135 1
135 34
135 10
93 164
93 71
93 45
93 13
93 143
93 19
93 87
93 62
93 68
93 155
93 191
93 113
93 129
93 81
93 76
93 37
93 61
93 72
93 212
93 35
93 144
93 123
93 187
93 26
93 25
93 23
93 1
93 65
93 10
164 117
164 137
164 167
164 13
164 143
164 87
164 55
164 96
164 191
164 130
164 76
164 218
164 47
164 63
164 172
164 32
164 175
164 30
164 72
164 66
164 144
164 5
164 187
164 141
164 26
164 107
164 25
164 24
164 147
164 23
164 204
109 117
109 167
109 13
109 55
109 157
109 96
109 68
109 156
109 150
109 155
109 138
109 106
109 17
109 76
109 218
109 47
109 61
109 182
109 32
109 30
109 72
109 35
109 26
109 25
109 140
109 24
109 23
109 65
219 196
219 103
219 62
219 55
219 96
219 68
219 113
219 174
219 43
219 106
219 17
219 218
219 47
219 182
219 172
219 72
219 212
219 66
219 123
219 187
219 26
219 25
219 24
219 23
219 65
117 71
117 167
117 13
117 143
117 19
117 103
117 55
117 157
117 68
117 150
117 113
117 43
117 138
117 106
117 130
117 218
117 184
117 47
117 61
117 32
117 175
117 30
117 72
117 212
117 66
117 144
117 123
117 187
117 26
117 107
117 140
117 24
117 204
117 65
71 45
71 167
71 13
71 103
71 87
71 62
71 55
71 191
71 113
71 129
71 106
71 17
71 61
71 182
71 63
71 35
71 144
71 123
71 5
71 187
71 107
71 24
71 23
71 204
71 1
71 10
137 45
137 19
137 103
137 189
137 55
137 157
137 68
137 174
137 138
137 17
137 130
137 76
137 218
137 184
137 32
137 175
137 30
137 72
137 212
137 66
137 181
137 123
137 26
137 24
137 147
137 65
45 143
45 189
45 55
45 157
45 68
45 150
45 155
45 113
45 129
45 174
45 138
45 17
45 76
45 37
45 184
45 72
45 212
45 35
45 123
45 187
45 26
45 107
45 25
45 24
167 196
167 143
167 189
167 62
167 96
167 43
167 218
167 63
167 32
167 30
167 66
167 35
167 123
167 141
167 25
167 140
167 24
167 204
167 34
167 10
13 196
13 143
13 19
13 87
13 62
13 157
13 150
13 155
13 191
13 174
13 138
13 106
13 17
13 130
13 81
13 218
13 37
13 61
13 182
13 30
13 72
13 212
13 66
13 144
13 181
13 123
13 26
13 107
13 24
13 147
13 204
13 65
13 10
196 103
196 87
196 62
196 157
196 96
196 156
196 150
196 113
196 76
196 47
196 182
196 32
196 212
196 181
196 123
196 5
196 187
196 141
196 140
196 24
196 23
196 204
196 1
196 34
196 65
143 19
143 103
143 87
143 156
143 191
143 43
143 138
143 17
143 76
143 184
143 182
143 63
143 212
143 181
143 123
143 187
143 107
143 24
143 23
143 34
143 10
19 87
19 55
19 157
19 68
19 150
19 129
19 138
19 81
19 76
19 63
19 32
19 175
19 30
19 72
19 66
19 35
19 181
19 107
19 25
19 147
19 1
19 65
103 189
103 55
103 113
103 129
103 106
103 17
103 130
103 81
103 76
103 37
103 184
103 61
103 212
103 181
103 5
103 141
103 25
103 23
103 34
103 65
189 55
189 150
189 191
189 113
189 129
189 174
189 43
189 106
189 17
189 37
189 184
189 47
189 61
189 32
189 30
189 72
189 66
189 35
189 144
189 181
189 123
189 187
189 141
189 25
189 23
189 204
189 10
87 62
87 68
87 150
87 113
87 129
87 138
87 81
87 37
87 184
87 47
87 61
87 32
87 175
87 30
87 72
87 5
87 141
87 26
87 107
87 25
87 24
87 23
87 10
62 155
62 191
62 174
62 106
62 17
62 130
62 47
62 61
62 182
62 63
62 172
62 32
62 72
62 35
62 123
62 5
62 187
62 26
62 140
62 147
62 1
62 34
62 10
55 68
55 150
55 113
55 129
55 43
55 17
55 76
55 218
55 47
55 182
55 172
55 32
55 175
55 30
55 66
55 35
55 144
55 123
55 107
55 25
55 204
55 10
157 68
157 150
157 191
157 113
157 43
157 138
157 17
157 76
157 218
157 37
157 47
157 61
157 175
157 66
157 35
157 123
157 5
157 187
157 141
157 26
157 107
157 140
157 24
157 147
157 23
157 204
157 1
157 65
157 10
96 156
96 150
96 155
96 191
96 113
96 106
96 130
96 218
96 37
96 61
96 172
96 32
96 175
96 30
96 72
96 66
96 181
96 5
96 141
96 26
96 25
96 23
96 204
96 1
96 34
96 10
68 174
68 43
68 81
68 76
68 37
68 184
68 61
68 182
68 63
68 172
68 175
68 72
68 212
68 66
68 35
68 123
68 5
68 187
68 141
68 107
68 25
68 204
68 1
68 34
156 150
156 113
156 129
156 174
156 106
156 76
156 218
156 47
156 32
156 35
156 181
156 123
156 141
156 107
156 24
156 147
156 23
156 34
150 191
150 129
150 174
150 43
150 106
150 81
150 47
150 61
150 63
150 32
150 175
150 66
150 144
150 181
150 123
150 5
150 141
150 25
150 140
150 204
150 1
150 10
155 113
155 174
155 43
155 106
155 17
155 218
155 182
155 172
155 72
155 66
155 144
155 107
155 24
155 147
155 1
155 34
155 65
155 10
191 113
191 129
191 43
191 17
191 218
191 184
191 182
191 172
191 30
191 35
191 144
191 123
191 187
191 26
191 24
191 147
191 204
191 34
113 129
113 174
113 43
113 138
113 106
113 17
113 130
113 218
113 47
113 35
113 123
113 187
113 141
113 26
113 204
113 34
129 43
129 130
129 218
129 37
129 184
129 47
129 61
129 172
129 32
129 175
129 212
129 66
129 35
129 144
129 181
129 123
129 141
129 107
129 25
129 140
129 204
129 1
129 34
129 10
174 43
174 138
174 106
174 130
174 76
174 218
174 61
174 172
174 175
174 30
174 72
174 212
174 35
174 144
174 123
174 5
174 187
174 141
174 107
174 140
174 23
174 1
174 65
43 17
43 81
43 76
43 37
43 184
43 47
43 61
43 182
43 63
43 32
43 66
43 35
43 181
43 5
43 107
43 24
43 204
43 34
138 17
138 218
138 184
138 61
138 32
138 72
138 35
138 144
138 123
138 5
138 187
138 26
138 107
138 147
138 1
138 10
106 17
106 76
106 184
106 47
106 182
106 63
106 175
106 72
106 212
106 5
106 141
106 107
106 25
106 24
106 23
106 65
106 10
17 218
17 37
17 63
17 32
17 72
17 66
17 35
17 144
17 181
17 5
17 141
17 24
17 23
17 204
17 1
17 65
17 10
130 81
130 37
130 47
130 61
130 175
130 30
130 66
130 35
130 181
130 5
130 187
130 141
130 26
130 204
130 1
130 34
130 65
130 10
81 61
81 182
81 175
81 212
81 181
81 107
81 24
81 34
81 10
76 184
76 61
76 182
76 32
76 30
76 141
76 26
76 204
76 1
218 37
218 172
218 32
218 175
218 212
218 35
218 123
218 5
218 187
218 107
218 25
218 147
218 1
218 34
218 10
37 47
37 32
37 35
37 144
37 187
37 141
37 26
37 107
37 25
37 24
37 23
37 204
37 1
184 47
184 61
184 182
184 32
184 212
184 66
184 144
184 5
184 187
184 25
184 24
184 147
184 204
184 1
184 34
47 72
47 35
47 144
47 181
47 5
47 26
47 107
47 25
47 140
47 147
47 204
61 172
61 32
61 30
61 72
61 212
61 66
61 123
61 187
61 141
61 26
61 25
61 140
61 147
61 1
61 34
61 65
182 32
182 30
182 212
182 66
182 35
182 181
182 5
182 107
182 25
182 140
182 147
182 23
182 34
182 65
63 172
63 30
63 144
63 181
63 187
63 26
63 23
63 1
63 34
172 32
172 175
172 72
172 144
172 181
172 5
172 26
172 107
172 25
172 140
172 24
172 23
172 204
172 34
172 65
172 10
32 175
32 30
32 72
32 212
32 66
32 5
32 187
32 141
32 25
32 140
32 24
32 147
32 34
32 65
175 30
175 212
175 144
175 123
175 141
175 107
175 25
175 140
175 1
175 34
175 65
175 10
30 181
30 123
30 187
30 26
30 107
30 140
30 147
30 34
30 10
72 212
72 66
72 123
72 141
72 24
72 204
72 1
72 34
72 65
72 10
212 66
212 5
212 187
212 26
212 107
212 25
212 140
212 34
212 65
212 10
66 35
66 181
66 123
66 5
66 26
66 107
66 24
66 147
66 23
35 123
35 107
35 140
35 24
35 147
35 23
144 181
144 123
144 107
144 25
144 147
144 23
144 1
144 34
181 141
181 24
181 34
181 65
123 5
123 187
123 204
123 1
123 34
123 10
5 141
5 26
5 140
5 147
5 23
5 34
5 10
187 141
187 26
187 25
187 147
187 23
187 204
187 65
187 10
141 25
141 204
141 34
26 25
26 140
26 147
26 23
26 204
107 25
107 24
107 34
25 24
25 204
25 34
25 65
25 10
140 24
140 147
140 204
140 1
140 10
24 147
24 204
24 1
24 34
24 10
147 65
147 10
23 65
23 10
204 1
1 65
34 65
34 10
65 10
