*verties 199
1
93
52
110
127
3
172
150
94
0
185
35
31
12
24
174
107
136
145
62
43
143
100
176
219
214
196
29
72
54
181
210
74
30
10
116
155
64
89
44
117
184
86
67
128
16
148
66
14
199
112
149
78
48
205
111
177
161
79
51
217
200
137
41
202
98
211
55
71
83
49
95
192
142
140
17
13
113
21
186
187
203
138
180
178
2
163
77
201
69
109
61
131
65
99
154
63
18
34
19
58
191
23
146
75
104
59
7
139
167
87
115
144
118
50
190
40
81
197
193
120
204
15
105
159
102
42
164
106
57
147
53
141
218
88
162
158
73
168
171
76
5
173
92
175
97
47
68
28
38
22
165
45
126
209
195
152
129
6
207
39
90
194
198
183
103
119
213
134
166
84
108
156
130
157
70
60
80
170
4
11
153
124
96
160
46
114
125
122
82
9
37
25
32
121
101
33
169
26
*edges 
1 52
1 110
1 3
1 0
1 43
1 54
1 181
1 210
1 10
1 67
1 128
1 16
1 148
1 205
1 111
1 177
1 79
1 51
1 217
1 137
1 41
1 202
1 211
1 55
1 71
1 83
1 95
1 142
1 17
1 203
1 138
1 178
1 2
1 163
1 201
1 61
1 131
1 99
1 154
1 18
1 104
1 87
1 115
1 50
1 81
1 197
1 105
1 42
1 164
1 57
1 218
1 168
1 171
1 76
1 5
1 175
1 97
1 68
1 38
1 209
1 6
1 194
1 119
1 84
1 157
1 70
1 170
1 4
1 153
1 124
1 96
1 160
1 9
1 121
93 3
93 94
93 185
93 174
93 136
93 145
93 62
93 100
93 176
93 219
93 29
93 181
93 210
93 74
93 10
93 155
93 64
93 44
93 117
93 86
93 148
93 199
93 112
93 149
93 78
93 48
93 205
93 177
93 79
93 200
93 41
93 98
93 192
93 142
93 17
93 113
93 187
93 163
93 77
93 201
93 69
93 109
93 131
93 65
93 154
93 63
93 18
93 34
93 19
93 58
93 146
93 104
93 139
93 115
93 190
93 102
93 53
93 141
93 218
93 158
93 168
93 171
93 173
93 22
93 45
93 129
93 39
93 90
93 194
93 183
93 103
93 119
93 213
93 156
93 157
93 80
93 170
93 160
93 82
93 37
93 33
52 110
52 94
52 35
52 174
52 107
52 136
52 143
52 72
52 30
52 64
52 89
52 44
52 117
52 184
52 86
52 67
52 128
52 199
52 149
52 177
52 79
52 51
52 200
52 202
52 98
52 192
52 140
52 13
52 21
52 186
52 187
52 178
52 2
52 201
52 65
52 18
52 19
52 146
52 75
52 104
52 59
52 7
52 167
52 115
52 50
52 190
52 81
52 197
52 120
52 204
52 105
52 159
52 164
52 106
52 53
52 218
52 88
52 158
52 168
52 171
52 5
52 92
52 165
52 45
52 209
52 129
52 6
52 207
52 103
52 119
52 134
52 84
52 108
52 70
52 124
52 160
52 46
52 125
52 122
52 82
52 25
52 121
52 101
52 33
52 26
110 127
110 94
110 24
110 174
110 136
110 62
110 214
110 196
110 30
110 10
110 64
110 117
110 67
110 128
110 14
110 149
110 48
110 177
110 202
110 98
110 211
110 83
110 49
110 17
110 21
110 187
110 203
110 138
110 180
110 201
110 69
110 65
110 99
110 63
110 34
110 58
110 23
110 146
110 104
110 139
110 40
110 193
110 105
110 159
110 218
110 168
110 76
110 173
110 38
110 45
110 6
110 207
110 183
110 103
110 119
110 108
110 156
110 130
110 60
110 80
110 46
110 114
110 122
110 82
110 101
127 3
127 172
127 185
127 174
127 107
127 145
127 43
127 143
127 176
127 29
127 54
127 210
127 74
127 30
127 116
127 89
127 44
127 86
127 67
127 16
127 148
127 199
127 177
127 79
127 200
127 202
127 211
127 55
127 71
127 95
127 192
127 142
127 13
127 113
127 187
127 77
127 201
127 61
127 65
127 18
127 23
127 139
127 87
127 40
127 204
127 15
127 105
127 159
127 164
127 218
127 162
127 158
127 73
127 168
127 76
127 92
127 38
127 22
127 45
127 152
127 6
127 194
127 183
127 103
127 119
127 134
127 166
127 60
127 4
127 96
127 114
127 125
127 32
127 169
127 26
3 94
3 185
3 35
3 107
3 100
3 219
3 72
3 181
3 210
3 74
3 30
3 44
3 117
3 184
3 128
3 16
3 148
3 66
3 78
3 111
3 177
3 161
3 79
3 51
3 200
3 41
3 98
3 17
3 13
3 113
3 138
3 180
3 178
3 2
3 163
3 77
3 201
3 69
3 61
3 146
3 104
3 139
3 87
3 118
3 50
3 204
3 106
3 141
3 218
3 73
3 168
3 92
3 175
3 68
3 28
3 38
3 165
3 152
3 6
3 207
3 183
3 103
3 108
3 156
3 4
3 124
3 32
3 121
3 101
3 169
172 0
172 31
172 145
172 62
172 143
172 29
172 74
172 116
172 86
172 67
172 16
172 79
172 217
172 137
172 202
172 83
172 192
172 140
172 17
172 113
172 187
172 163
172 201
172 131
172 65
172 154
172 63
172 58
172 104
172 7
172 139
172 167
172 87
172 118
172 50
172 81
172 197
172 193
172 15
172 42
172 164
172 106
172 53
172 88
172 162
172 158
172 76
172 5
172 173
172 92
172 97
172 38
172 45
172 126
172 152
172 39
172 194
172 198
172 183
172 119
172 213
172 134
172 156
172 80
172 96
172 125
172 82
172 9
172 121
172 169
150 0
150 31
150 174
150 107
150 145
150 62
150 43
150 196
150 29
150 74
150 30
150 10
150 116
150 184
150 86
150 14
150 112
150 78
150 205
150 51
150 41
150 211
150 83
150 140
150 113
150 186
150 138
150 178
150 163
150 201
150 61
150 65
150 18
150 34
150 58
150 191
150 23
150 75
150 104
150 115
150 144
150 50
150 81
150 197
150 15
150 164
150 57
150 141
150 162
150 158
150 73
150 168
150 171
150 76
150 5
150 173
150 92
150 97
150 165
150 45
150 195
150 129
150 6
150 207
150 39
150 183
150 103
150 134
150 108
150 156
150 70
150 170
150 160
150 46
150 114
150 125
150 122
150 82
150 9
150 37
150 26
94 35
94 31
94 12
94 24
94 62
94 43
94 143
94 100
94 196
94 54
94 181
94 30
94 117
94 184
94 86
94 67
94 148
94 199
94 111
94 200
94 137
94 98
94 71
94 95
94 192
94 13
94 113
94 21
94 203
94 138
94 180
94 2
94 163
94 69
94 61
94 18
94 34
94 19
94 104
94 144
94 190
94 40
94 197
94 193
94 120
94 15
94 105
94 147
94 218
94 162
94 73
94 168
94 171
94 5
94 38
94 165
94 152
94 129
94 39
94 134
94 84
94 108
94 157
94 60
94 170
94 153
94 124
94 160
94 125
94 9
94 33
0 35
0 31
0 24
0 62
0 100
0 214
0 30
0 89
0 117
0 184
0 14
0 112
0 78
0 205
0 177
0 161
0 217
0 200
0 71
0 83
0 49
0 95
0 192
0 113
0 21
0 186
0 163
0 77
0 69
0 109
0 18
0 19
0 23
0 146
0 139
0 115
0 118
0 106
0 147
0 53
0 158
0 47
0 68
0 22
0 45
0 209
0 195
0 207
0 90
0 198
0 103
0 213
0 134
0 84
0 70
0 60
0 4
0 153
0 122
0 9
0 121
0 101
0 169
185 12
185 24
185 174
185 107
185 136
185 145
185 62
185 43
185 176
185 29
185 30
185 10
185 116
185 44
185 117
185 67
185 148
185 112
185 48
185 51
185 41
185 211
185 55
185 142
185 186
185 138
185 201
185 69
185 65
185 18
185 34
185 19
185 23
185 75
185 139
185 87
185 115
185 144
185 120
185 15
185 105
185 106
185 141
185 162
185 168
185 76
185 175
185 47
185 45
185 129
185 183
185 119
185 213
185 156
185 130
185 157
185 60
185 80
185 153
185 46
185 82
185 9
185 121
185 33
185 169
185 26
35 24
35 43
35 143
35 100
35 210
35 64
35 148
35 66
35 149
35 111
35 79
35 137
35 211
35 71
35 83
35 140
35 17
35 113
35 203
35 138
35 180
35 178
35 69
35 109
35 131
35 154
35 34
35 58
35 23
35 146
35 75
35 139
35 87
35 120
35 15
35 159
35 102
35 42
35 164
35 158
35 76
35 5
35 173
35 175
35 165
35 45
35 129
35 194
35 198
35 103
35 213
35 166
35 84
35 156
35 157
35 70
35 60
35 80
35 4
35 11
35 124
35 82
35 9
35 37
35 101
35 169
35 26
31 12
31 62
31 43
31 176
31 196
31 54
31 210
31 30
31 155
31 117
31 148
31 66
31 112
31 149
31 78
31 205
31 177
31 41
31 202
31 55
31 83
31 95
31 140
31 13
31 77
31 131
31 65
31 99
31 154
31 146
31 104
31 87
31 144
31 197
31 193
31 15
31 102
31 57
31 218
31 88
31 162
31 168
31 5
31 28
31 45
31 126
31 207
31 39
31 103
31 166
31 108
31 157
31 70
31 80
31 125
31 82
31 9
31 25
31 101
31 33
31 169
31 26
12 107
12 136
12 145
12 176
12 214
12 196
12 29
12 54
12 210
12 74
12 10
12 116
12 44
12 117
12 86
12 67
12 66
12 14
12 112
12 149
12 48
12 217
12 41
12 83
12 49
12 192
12 140
12 17
12 21
12 187
12 203
12 138
12 180
12 178
12 2
12 163
12 201
12 61
12 131
12 65
12 154
12 63
12 18
12 58
12 23
12 104
12 40
12 120
12 42
12 53
12 218
12 158
12 28
12 45
12 126
12 195
12 6
12 39
12 90
12 198
12 183
12 213
12 166
12 84
12 108
12 156
12 130
12 170
12 4
12 11
12 125
12 122
12 25
12 169
12 26
24 107
24 136
24 145
24 219
24 210
24 74
24 10
24 44
24 117
24 184
24 86
24 128
24 14
24 199
24 48
24 161
24 79
24 51
24 200
24 98
24 192
24 140
24 17
24 113
24 203
24 178
24 163
24 77
24 154
24 63
24 18
24 34
24 19
24 146
24 59
24 7
24 87
24 144
24 190
24 159
24 57
24 53
24 141
24 168
24 171
24 76
24 5
24 22
24 45
24 152
24 90
24 198
24 183
24 103
24 166
24 108
24 156
24 130
24 157
24 80
24 96
24 160
24 114
24 125
24 169
24 26
174 145
174 214
174 196
174 54
174 74
174 30
174 64
174 86
174 128
174 14
174 199
174 48
174 205
174 161
174 217
174 137
174 41
174 202
174 71
174 49
174 192
174 142
174 13
174 21
174 187
174 178
174 109
174 61
174 65
174 99
174 18
174 7
174 40
174 197
174 193
174 204
174 15
174 105
174 42
174 164
174 106
174 57
174 147
174 218
174 88
174 158
174 73
174 168
174 76
174 5
174 68
174 22
174 209
174 152
174 129
174 198
174 119
174 166
174 156
174 70
174 60
174 170
174 11
174 124
174 122
174 9
174 101
107 136
107 143
107 100
107 176
107 10
107 116
107 44
107 117
107 184
107 86
107 67
107 16
107 148
107 199
107 112
107 149
107 205
107 177
107 79
107 51
107 200
107 41
107 55
107 142
107 140
107 13
107 21
107 178
107 2
107 77
107 154
107 34
107 146
107 75
107 59
107 7
107 139
107 167
107 87
107 118
107 50
107 193
107 204
107 164
107 106
107 53
107 141
107 162
107 73
107 175
107 97
107 47
107 38
107 22
107 165
107 209
107 152
107 129
107 194
107 198
107 213
107 156
107 157
107 60
107 4
107 153
107 124
107 82
107 25
107 121
107 101
107 169
107 26
136 62
136 143
136 176
136 29
136 72
136 54
136 74
136 64
136 89
136 184
136 67
136 48
136 205
136 161
136 79
136 137
136 202
136 95
136 192
136 142
136 13
136 113
136 186
136 203
136 178
136 163
136 69
136 154
136 63
136 18
136 34
136 75
136 104
136 7
136 87
136 115
136 118
136 50
136 190
136 81
136 197
136 15
136 105
136 159
136 106
136 57
136 141
136 88
136 162
136 168
136 76
136 28
136 38
136 209
136 195
136 129
136 6
136 207
136 90
136 183
136 119
136 166
136 157
136 70
136 80
136 4
136 153
136 124
136 96
136 114
136 122
136 37
136 25
136 121
136 101
136 26
145 43
145 143
145 100
145 181
145 74
145 116
145 64
145 86
145 67
145 66
145 199
145 149
145 78
145 48
145 111
145 161
145 79
145 41
145 211
145 71
145 83
145 49
145 17
145 113
145 21
145 186
145 187
145 203
145 77
145 201
145 65
145 99
145 34
145 75
145 167
145 50
145 190
145 197
145 15
145 102
145 42
145 53
145 88
145 158
145 76
145 5
145 68
145 22
145 6
145 90
145 134
145 84
145 156
145 157
145 70
145 60
145 4
145 153
145 124
145 160
145 114
145 125
145 9
145 32
145 121
145 33
145 169
62 143
62 100
62 214
62 196
62 29
62 181
62 210
62 30
62 10
62 44
62 117
62 86
62 67
62 66
62 112
62 205
62 161
62 137
62 41
62 83
62 95
62 192
62 142
62 140
62 21
62 138
62 2
62 201
62 69
62 109
62 131
62 65
62 63
62 18
62 34
62 19
62 191
62 104
62 59
62 139
62 167
62 87
62 115
62 118
62 50
62 40
62 81
62 15
62 105
62 106
62 57
62 53
62 218
62 162
62 73
62 171
62 173
62 92
62 38
62 165
62 129
62 6
62 39
62 194
62 103
62 213
62 108
62 156
62 130
62 70
62 60
62 80
62 153
62 96
62 114
62 9
62 121
62 169
43 143
43 176
43 196
43 72
43 181
43 10
43 184
43 86
43 67
43 66
43 14
43 199
43 205
43 111
43 177
43 161
43 217
43 200
43 202
43 211
43 55
43 71
43 49
43 95
43 13
43 138
43 180
43 2
43 163
43 63
43 58
43 23
43 146
43 167
43 115
43 144
43 50
43 40
43 120
43 204
43 159
43 102
43 164
43 106
43 57
43 53
43 88
43 162
43 158
43 73
43 168
43 173
43 92
43 68
43 165
43 126
43 209
43 194
43 134
43 166
43 130
43 124
43 96
43 114
43 9
43 37
43 25
43 169
143 100
143 219
143 214
143 210
143 74
143 155
143 64
143 128
143 66
143 14
143 199
143 112
143 78
143 79
143 51
143 202
143 98
143 55
143 83
143 95
143 192
143 17
143 113
143 187
143 178
143 163
143 201
143 69
143 99
143 154
143 63
143 18
143 191
143 75
143 104
143 7
143 139
143 115
143 144
143 118
143 193
143 204
143 15
143 159
143 42
143 164
143 158
143 168
143 171
143 76
143 173
143 92
143 97
143 47
143 28
143 165
143 209
143 195
143 207
143 90
143 198
143 213
143 166
143 84
143 108
143 156
143 170
143 4
143 153
143 160
143 122
143 9
143 37
143 101
143 33
100 176
100 219
100 54
100 210
100 74
100 155
100 89
100 66
100 199
100 112
100 78
100 48
100 161
100 217
100 137
100 41
100 202
100 55
100 71
100 49
100 140
100 13
100 113
100 21
100 138
100 2
100 69
100 65
100 154
100 63
100 19
100 23
100 7
100 50
100 190
100 40
100 197
100 193
100 15
100 159
100 102
100 42
100 141
100 218
100 162
100 171
100 5
100 92
100 28
100 165
100 152
100 6
100 39
100 90
100 194
100 198
100 84
100 108
100 130
100 4
100 124
100 114
100 125
100 37
100 32
176 54
176 10
176 64
176 117
176 67
176 128
176 149
176 111
176 177
176 51
176 98
176 55
176 71
176 17
176 21
176 186
176 138
176 178
176 2
176 201
176 69
176 61
176 131
176 99
176 63
176 19
176 191
176 59
176 118
176 50
176 105
176 159
176 164
176 147
176 88
176 168
176 171
176 76
176 5
176 92
176 175
176 68
176 38
176 22
176 165
176 126
176 6
176 90
176 194
176 103
176 119
176 213
176 166
176 156
176 157
176 60
176 11
176 124
176 160
176 114
176 82
176 121
176 33
219 196
219 29
219 72
219 54
219 10
219 116
219 155
219 64
219 89
219 44
219 184
219 128
219 14
219 112
219 78
219 111
219 161
219 51
219 217
219 41
219 98
219 55
219 71
219 95
219 192
219 142
219 17
219 21
219 187
219 203
219 178
219 163
219 77
219 69
219 131
219 99
219 154
219 75
219 7
219 139
219 167
219 118
219 50
219 190
219 81
219 159
219 42
219 106
219 57
219 53
219 141
219 88
219 162
219 158
219 73
219 168
219 171
219 175
219 28
219 38
219 22
219 165
219 45
219 126
219 209
219 195
219 129
219 198
219 103
219 119
219 134
219 166
219 157
219 170
219 4
219 11
219 96
219 160
219 46
219 125
219 25
219 101
219 26
214 29
214 210
214 117
214 86
214 67
214 16
214 66
214 199
214 78
214 48
214 205
214 161
214 41
214 140
214 17
214 113
214 186
214 180
214 201
214 65
214 99
214 18
214 23
214 40
214 204
214 159
214 102
214 164
214 88
214 168
214 5
214 92
214 175
214 38
214 165
214 129
214 39
214 103
214 119
214 84
214 108
214 157
214 11
214 96
214 46
214 125
214 82
214 9
214 37
214 169
214 26
196 29
196 116
196 64
196 184
196 67
196 16
196 78
196 205
196 161
196 200
196 137
196 211
196 71
196 49
196 95
196 140
196 17
196 77
196 201
196 61
196 131
196 65
196 154
196 191
196 146
196 75
196 104
196 59
196 7
196 87
196 81
196 204
196 105
196 42
196 164
196 57
196 147
196 53
196 88
196 162
196 158
196 73
196 92
196 68
196 38
196 45
196 126
196 195
196 39
196 194
196 103
196 119
196 134
196 84
196 108
196 156
196 130
196 80
196 170
196 4
196 153
196 96
196 46
196 122
196 82
196 37
196 25
196 101
196 33
196 26
29 181
29 210
29 10
29 155
29 117
29 184
29 86
29 67
29 128
29 66
29 199
29 112
29 78
29 48
29 79
29 51
29 217
29 137
29 202
29 13
29 203
29 138
29 180
29 2
29 201
29 61
29 99
29 154
29 63
29 34
29 146
29 139
29 167
29 115
29 144
29 50
29 190
29 42
29 53
29 141
29 218
29 162
29 158
29 168
29 5
29 173
29 97
29 47
29 38
29 45
29 209
29 194
29 134
29 157
29 70
29 11
29 153
29 96
29 122
29 25
29 101
29 33
29 26
72 181
72 74
72 64
72 117
72 184
72 86
72 66
72 199
72 149
72 78
72 48
72 111
72 51
72 41
72 202
72 98
72 49
72 95
72 140
72 21
72 187
72 178
72 201
72 99
72 18
72 58
72 23
72 75
72 59
72 7
72 115
72 190
72 40
72 81
72 204
72 159
72 57
72 147
72 53
72 218
72 158
72 168
72 76
72 47
72 209
72 207
72 39
72 198
72 213
72 4
72 11
72 96
72 114
72 125
72 122
72 82
72 25
72 121
54 30
54 10
54 89
54 117
54 184
54 148
54 112
54 149
54 217
54 200
54 137
54 98
54 140
54 113
54 187
54 138
54 180
54 69
54 61
54 99
54 34
54 23
54 146
54 75
54 59
54 87
54 144
54 50
54 197
54 204
54 15
54 105
54 159
54 102
54 42
54 106
54 57
54 53
54 218
54 162
54 73
54 76
54 5
54 173
54 175
54 47
54 28
54 38
54 165
54 126
54 209
54 152
54 129
54 90
54 166
54 84
54 108
54 156
54 70
54 4
54 153
54 114
54 125
54 37
54 101
181 210
181 155
181 89
181 184
181 14
181 199
181 112
181 149
181 48
181 205
181 111
181 51
181 217
181 200
181 41
181 55
181 49
181 95
181 17
181 13
181 113
181 138
181 2
181 65
181 99
181 154
181 63
181 58
181 23
181 146
181 75
181 104
181 167
181 190
181 40
181 159
181 102
181 53
181 218
181 162
181 171
181 68
181 22
181 165
181 126
181 195
181 152
181 39
181 90
181 194
181 103
181 166
181 130
181 80
181 170
181 4
181 11
181 122
181 9
181 37
181 25
181 33
181 169
181 26
210 74
210 116
210 89
210 44
210 67
210 128
210 66
210 199
210 112
210 149
210 111
210 161
210 79
210 202
210 211
210 83
210 140
210 13
210 21
210 186
210 187
210 138
210 2
210 163
210 201
210 65
210 99
210 34
210 19
210 58
210 7
210 167
210 144
210 40
210 15
210 164
210 88
210 162
210 158
210 173
210 92
210 175
210 97
210 45
210 126
210 195
210 6
210 207
210 39
210 90
210 194
210 84
210 108
210 70
210 4
210 96
210 160
210 122
210 9
210 121
210 33
74 30
74 44
74 184
74 148
74 14
74 112
74 149
74 48
74 79
74 202
74 98
74 95
74 17
74 113
74 180
74 178
74 2
74 77
74 69
74 61
74 131
74 65
74 58
74 191
74 146
74 104
74 59
74 167
74 144
74 190
74 193
74 15
74 105
74 102
74 164
74 53
74 171
74 76
74 5
74 47
74 68
74 38
74 129
74 39
74 198
74 183
74 166
74 130
74 70
74 60
74 4
74 11
74 125
74 122
74 37
74 33
74 169
74 26
30 10
30 155
30 89
30 44
30 117
30 184
30 67
30 16
30 66
30 48
30 137
30 202
30 55
30 83
30 49
30 95
30 140
30 138
30 178
30 109
30 131
30 65
30 63
30 34
30 75
30 59
30 7
30 139
30 144
30 118
30 190
30 40
30 197
30 193
30 120
30 204
30 218
30 162
30 158
30 73
30 168
30 171
30 5
30 92
30 28
30 38
30 22
30 152
30 6
30 207
30 39
30 90
30 119
30 134
30 166
30 108
30 156
30 60
30 124
30 96
30 125
30 37
30 32
30 26
10 155
10 64
10 117
10 184
10 66
10 14
10 199
10 78
10 205
10 177
10 161
10 200
10 41
10 211
10 55
10 142
10 17
10 13
10 113
10 21
10 186
10 203
10 138
10 180
10 163
10 77
10 201
10 34
10 58
10 191
10 23
10 75
10 139
10 118
10 50
10 204
10 15
10 102
10 106
10 147
10 218
10 88
10 162
10 73
10 92
10 47
10 68
10 28
10 22
10 165
10 209
10 207
10 198
10 134
10 166
10 84
10 130
10 157
10 70
10 60
10 4
10 153
10 124
10 160
10 114
10 125
10 122
10 9
10 25
10 101
10 33
10 169
10 26
116 155
116 64
116 67
116 14
116 199
116 205
116 177
116 98
116 71
116 49
116 95
116 192
116 142
116 140
116 13
116 113
116 187
116 178
116 2
116 109
116 154
116 19
116 191
116 139
116 118
116 50
116 40
116 81
116 197
116 193
116 120
116 204
116 15
116 159
116 218
116 162
116 158
116 73
116 92
116 97
116 68
116 45
116 209
116 195
116 6
116 207
116 103
116 84
116 70
116 170
116 160
116 125
116 101
155 64
155 86
155 128
155 148
155 66
155 14
155 78
155 111
155 161
155 79
155 217
155 41
155 98
155 55
155 113
155 21
155 138
155 180
155 77
155 201
155 69
155 109
155 65
155 34
155 58
155 23
155 75
155 87
155 144
155 118
155 50
155 190
155 40
155 15
155 105
155 164
155 106
155 57
155 218
155 88
155 73
155 5
155 173
155 92
155 47
155 126
155 152
155 6
155 207
155 198
155 119
155 166
155 156
155 157
155 80
155 153
155 124
155 46
155 114
155 122
155 25
155 32
155 121
155 101
155 169
64 44
64 67
64 148
64 14
64 205
64 161
64 79
64 202
64 211
64 55
64 13
64 203
64 163
64 109
64 191
64 23
64 146
64 104
64 167
64 87
64 118
64 40
64 81
64 193
64 120
64 204
64 15
64 159
64 102
64 164
64 57
64 53
64 162
64 158
64 168
64 76
64 5
64 92
64 47
64 28
64 22
64 45
64 126
64 195
64 207
64 39
64 194
64 198
64 183
64 103
64 134
64 166
64 157
64 11
64 124
64 96
64 114
64 9
64 32
64 101
89 117
89 128
89 112
89 48
89 111
89 161
89 79
89 211
89 83
89 13
89 113
89 180
89 77
89 69
89 109
89 154
89 63
89 18
89 58
89 75
89 139
89 87
89 144
89 190
89 197
89 120
89 105
89 102
89 106
89 57
89 53
89 141
89 218
89 88
89 168
89 76
89 5
89 38
89 165
89 195
89 152
89 129
89 103
89 108
89 157
89 153
89 96
89 82
89 25
89 33
44 117
44 184
44 128
44 16
44 148
44 66
44 48
44 161
44 211
44 71
44 95
44 192
44 13
44 113
44 186
44 180
44 178
44 2
44 77
44 201
44 61
44 63
44 34
44 19
44 23
44 146
44 75
44 7
44 139
44 115
44 118
44 81
44 120
44 204
44 164
44 106
44 57
44 53
44 141
44 88
44 97
44 38
44 22
44 209
44 152
44 207
44 194
44 183
44 213
44 134
44 108
44 130
44 70
44 80
44 170
44 96
44 46
44 82
44 9
44 37
117 86
117 67
117 128
117 14
117 199
117 112
117 149
117 48
117 161
117 202
117 98
117 211
117 55
117 71
117 83
117 49
117 17
117 186
117 187
117 178
117 163
117 201
117 69
117 99
117 18
117 19
117 59
117 167
117 115
117 144
117 118
117 190
117 197
117 193
117 120
117 204
117 105
117 42
117 164
117 57
117 53
117 218
117 162
117 158
117 73
117 168
117 171
117 76
117 5
117 97
117 38
117 209
117 195
117 39
117 183
117 103
117 213
117 108
117 70
117 80
117 4
117 153
117 46
117 122
117 25
117 32
117 33
117 26
184 149
184 111
184 161
184 200
184 202
184 98
184 71
184 95
184 192
184 186
184 187
184 180
184 163
184 109
184 154
184 63
184 18
184 34
184 191
184 146
184 167
184 40
184 197
184 204
184 105
184 159
184 102
184 57
184 147
184 53
184 141
184 162
184 158
184 76
184 5
184 173
184 22
184 45
184 126
184 209
184 6
184 207
184 39
184 90
184 213
184 108
184 156
184 157
184 60
184 170
184 153
184 124
184 160
184 125
184 82
184 9
184 25
184 32
184 121
184 101
184 169
86 67
86 128
86 16
86 148
86 199
86 78
86 205
86 111
86 137
86 211
86 142
86 113
86 187
86 138
86 163
86 69
86 109
86 61
86 99
86 154
86 18
86 19
86 58
86 167
86 87
86 115
86 144
86 118
86 40
86 81
86 197
86 204
86 159
86 42
86 57
86 53
86 141
86 218
86 162
86 5
86 173
86 175
86 68
86 45
86 126
86 195
86 207
86 103
86 213
86 84
86 108
86 46
86 114
86 169
67 128
67 148
67 66
67 14
67 149
67 78
67 48
67 205
67 217
67 137
67 98
67 71
67 192
67 142
67 138
67 178
67 77
67 69
67 131
67 58
67 146
67 139
67 87
67 50
67 190
67 40
67 159
67 102
67 57
67 141
67 88
67 171
67 76
67 5
67 92
67 175
67 47
67 68
67 38
67 22
67 126
67 209
67 194
67 213
67 134
67 166
67 108
67 156
67 157
67 160
67 122
67 37
67 25
67 32
67 33
67 169
128 14
128 149
128 205
128 177
128 161
128 79
128 71
128 83
128 95
128 192
128 21
128 186
128 178
128 163
128 77
128 69
128 109
128 191
128 146
128 75
128 104
128 115
128 144
128 118
128 50
128 40
128 120
128 204
128 15
128 106
128 57
128 147
128 141
128 73
128 5
128 68
128 38
128 6
128 198
128 183
128 119
128 156
128 130
128 80
128 170
128 124
128 96
128 160
128 46
128 125
128 122
128 82
128 9
128 101
16 66
16 14
16 78
16 48
16 161
16 79
16 51
16 137
16 98
16 211
16 95
16 140
16 17
16 13
16 187
16 203
16 163
16 131
16 65
16 154
16 63
16 58
16 75
16 115
16 118
16 50
16 40
16 81
16 197
16 141
16 88
16 162
16 158
16 168
16 76
16 173
16 97
16 38
16 22
16 165
16 207
16 183
16 119
16 213
16 134
16 156
16 130
16 157
16 60
16 80
16 11
16 124
16 125
16 122
16 37
16 25
16 33
16 26
148 199
148 48
148 79
148 200
148 137
148 41
148 140
148 13
148 186
148 187
148 178
148 163
148 131
148 99
148 63
148 18
148 191
148 23
148 104
148 7
148 167
148 87
148 144
148 81
148 197
148 193
148 204
148 164
148 106
148 53
148 76
148 173
148 92
148 175
148 97
148 47
148 22
148 45
148 195
148 152
148 119
148 156
148 157
148 60
148 80
148 170
148 11
148 124
148 46
148 32
148 101
148 33
148 169
66 14
66 112
66 79
66 200
66 41
66 98
66 211
66 71
66 83
66 95
66 113
66 21
66 186
66 203
66 180
66 178
66 163
66 77
66 61
66 131
66 99
66 191
66 23
66 59
66 7
66 139
66 87
66 115
66 40
66 197
66 15
66 42
66 106
66 57
66 147
66 141
66 162
66 168
66 76
66 92
66 28
66 38
66 126
66 195
66 129
66 207
66 198
66 84
66 156
66 130
66 60
66 80
66 46
66 122
66 121
66 33
14 112
14 78
14 48
14 205
14 161
14 51
14 217
14 200
14 202
14 98
14 95
14 142
14 17
14 186
14 203
14 138
14 163
14 77
14 109
14 61
14 18
14 34
14 146
14 59
14 139
14 87
14 115
14 118
14 50
14 190
14 40
14 81
14 193
14 204
14 106
14 57
14 147
14 88
14 162
14 158
14 76
14 175
14 97
14 68
14 38
14 45
14 126
14 195
14 152
14 207
14 90
14 194
14 103
14 119
14 108
14 130
14 60
14 11
14 121
14 33
14 169
14 26
199 149
199 205
199 161
199 51
199 217
199 137
199 41
199 211
199 83
199 192
199 140
199 17
199 21
199 138
199 2
199 69
199 109
199 154
199 63
199 18
199 34
199 58
199 23
199 146
199 7
199 167
199 115
199 50
199 159
199 42
199 164
199 57
199 147
199 141
199 218
199 162
199 158
199 168
199 76
199 173
199 28
199 38
199 22
199 126
199 209
199 152
199 207
199 183
199 213
199 84
199 108
199 70
199 60
199 80
199 170
199 4
199 124
199 96
199 46
199 122
199 37
199 32
199 33
199 26
112 78
112 205
112 79
112 217
112 200
112 202
112 192
112 142
112 17
112 178
112 109
112 61
112 131
112 63
112 18
112 75
112 104
112 87
112 115
112 40
112 197
112 193
112 15
112 102
112 57
112 53
112 218
112 88
112 158
112 171
112 76
112 92
112 175
112 165
112 207
112 90
112 198
112 108
112 157
112 60
112 11
112 153
112 160
112 82
112 37
112 32
149 177
149 79
149 200
149 41
149 202
149 98
149 71
149 83
149 49
149 95
149 142
149 140
149 113
149 21
149 138
149 178
149 201
149 69
149 99
149 18
149 118
149 50
149 40
149 81
149 197
149 193
149 15
149 159
149 102
149 57
149 53
149 141
149 158
149 73
149 5
149 175
149 97
149 165
149 195
149 152
149 129
149 6
149 207
149 90
149 198
149 103
149 213
149 166
149 156
149 130
149 70
149 60
149 4
149 114
149 122
149 82
149 25
149 33
149 26
78 111
78 51
78 217
78 137
78 98
78 211
78 71
78 17
78 186
78 187
78 138
78 180
78 2
78 163
78 77
78 69
78 131
78 65
78 154
78 63
78 18
78 34
78 146
78 7
78 139
78 167
78 87
78 144
78 190
78 197
78 193
78 120
78 204
78 15
78 105
78 141
78 218
78 171
78 173
78 22
78 45
78 129
78 6
78 39
78 198
78 183
78 134
78 156
78 157
78 70
78 80
78 4
78 96
78 160
78 114
78 122
78 82
78 37
78 33
78 169
48 200
48 98
48 211
48 71
48 192
48 17
48 21
48 186
48 187
48 138
48 2
48 163
48 77
48 61
48 131
48 154
48 191
48 23
48 146
48 75
48 139
48 167
48 87
48 50
48 190
48 40
48 81
48 197
48 204
48 102
48 53
48 141
48 218
48 88
48 162
48 158
48 76
48 5
48 175
48 68
48 28
48 22
48 129
48 213
48 108
48 157
48 60
48 80
48 11
48 153
48 37
48 25
48 101
48 33
205 111
205 98
205 211
205 71
205 49
205 13
205 138
205 61
205 131
205 65
205 154
205 34
205 146
205 104
205 59
205 167
205 115
205 144
205 50
205 190
205 40
205 193
205 120
205 204
205 159
205 164
205 57
205 141
205 173
205 175
205 97
205 47
205 38
205 45
205 126
205 209
205 39
205 90
205 70
205 60
205 80
205 170
205 4
205 124
205 46
205 114
205 125
205 9
205 101
111 79
111 51
111 217
111 211
111 71
111 83
111 192
111 142
111 140
111 113
111 21
111 186
111 203
111 178
111 2
111 61
111 131
111 18
111 19
111 23
111 7
111 118
111 50
111 193
111 120
111 159
111 42
111 147
111 88
111 92
111 175
111 68
111 28
111 22
111 45
111 209
111 152
111 129
111 207
111 194
111 198
111 183
111 166
111 84
111 108
111 156
111 60
111 170
111 4
111 11
111 153
111 124
111 122
111 82
111 9
177 51
177 200
177 137
177 41
177 202
177 211
177 71
177 140
177 13
177 113
177 21
177 187
177 77
177 201
177 61
177 131
177 65
177 99
177 63
177 191
177 146
177 104
177 190
177 40
177 81
177 15
177 105
177 102
177 42
177 73
177 168
177 76
177 175
177 47
177 28
177 38
177 22
177 195
177 129
177 207
177 198
177 103
177 134
177 130
177 60
177 170
177 96
177 82
177 101
161 79
161 200
161 202
161 211
161 55
161 142
161 140
161 21
161 186
161 77
161 131
161 99
161 154
161 19
161 191
161 23
161 139
161 167
161 144
161 50
161 40
161 197
161 159
161 57
161 88
161 162
161 73
161 76
161 92
161 175
161 97
161 45
161 6
161 39
161 194
161 103
161 213
161 166
161 108
161 130
161 170
161 4
161 153
161 96
161 114
161 9
161 37
161 121
161 26
79 51
79 137
79 202
79 98
79 211
79 55
79 192
79 140
79 186
79 203
79 138
79 77
79 201
79 69
79 61
79 65
79 63
79 146
79 59
79 139
79 167
79 144
79 50
79 120
79 42
79 164
79 106
79 53
79 218
79 171
79 76
79 47
79 68
79 28
79 165
79 195
79 198
79 183
79 103
79 119
79 130
79 60
79 153
79 96
79 114
79 122
79 82
79 37
79 32
79 101
79 33
51 217
51 202
51 98
51 49
51 95
51 142
51 140
51 13
51 187
51 203
51 178
51 69
51 61
51 131
51 18
51 19
51 58
51 146
51 104
51 59
51 139
51 167
51 87
51 50
51 197
51 193
51 120
51 15
51 159
51 102
51 57
51 53
51 141
51 88
51 162
51 173
51 92
51 68
51 38
51 22
51 195
51 129
51 39
51 183
51 108
51 60
51 4
51 11
51 124
51 46
51 114
51 125
51 32
51 101
51 169
217 41
217 71
217 17
217 186
217 178
217 2
217 69
217 109
217 65
217 99
217 63
217 18
217 58
217 191
217 139
217 167
217 190
217 40
217 81
217 159
217 102
217 106
217 57
217 53
217 141
217 168
217 76
217 92
217 38
217 22
217 165
217 45
217 209
217 152
217 6
217 103
217 213
217 134
217 166
217 80
217 170
217 11
217 153
217 46
217 125
217 82
217 37
217 101
217 26
200 137
200 211
200 71
200 49
200 95
200 142
200 17
200 113
200 138
200 180
200 2
200 201
200 109
200 131
200 99
200 154
200 63
200 18
200 191
200 146
200 104
200 59
200 7
200 87
200 118
200 159
200 42
200 164
200 57
200 147
200 53
200 218
200 88
200 158
200 73
200 168
200 92
200 175
200 97
200 28
200 22
200 126
200 195
200 194
200 198
200 183
200 134
200 166
200 84
200 70
200 170
200 124
200 96
200 46
200 114
200 9
200 37
200 33
200 169
137 202
137 71
137 83
137 49
137 113
137 21
137 186
137 203
137 2
137 77
137 201
137 61
137 131
137 65
137 18
137 58
137 191
137 23
137 146
137 104
137 139
137 144
137 190
137 81
137 193
137 204
137 15
137 218
137 88
137 158
137 5
137 173
137 97
137 28
137 38
137 22
137 152
137 39
137 194
137 183
137 213
137 134
137 166
137 108
137 157
137 60
137 80
137 170
137 4
137 11
137 114
137 125
137 82
137 9
137 121
137 33
41 202
41 49
41 142
41 140
41 13
41 113
41 138
41 77
41 69
41 61
41 63
41 18
41 58
41 191
41 23
41 59
41 144
41 120
41 164
41 57
41 147
41 141
41 162
41 73
41 168
41 76
41 173
41 47
41 38
41 22
41 45
41 209
41 195
41 129
41 207
41 194
41 198
41 213
41 84
41 70
41 60
41 80
41 4
41 153
41 124
41 96
41 37
41 25
41 32
41 121
41 169
41 26
202 211
202 55
202 2
202 201
202 154
202 18
202 19
202 191
202 23
202 104
202 59
202 167
202 87
202 40
202 197
202 204
202 105
202 164
202 106
202 141
202 162
202 158
202 47
202 28
202 165
202 126
202 195
202 152
202 39
202 198
202 103
202 213
202 166
202 84
202 170
202 11
202 153
202 124
202 96
202 82
202 37
202 32
202 169
98 55
98 95
98 192
98 142
98 203
98 2
98 77
98 69
98 109
98 131
98 65
98 99
98 154
98 18
98 19
98 58
98 23
98 104
98 7
98 50
98 190
98 193
98 105
98 102
98 158
98 73
98 68
98 38
98 45
98 126
98 195
98 129
98 84
98 157
98 70
98 80
98 170
98 124
98 96
98 114
98 125
98 82
98 37
98 32
98 121
98 33
211 55
211 192
211 21
211 186
211 187
211 138
211 180
211 77
211 109
211 154
211 63
211 34
211 75
211 104
211 59
211 139
211 167
211 118
211 50
211 81
211 197
211 193
211 120
211 15
211 106
211 57
211 53
211 218
211 162
211 171
211 5
211 92
211 97
211 68
211 38
211 165
211 45
211 126
211 195
211 207
211 103
211 156
211 80
211 153
211 37
211 25
211 101
55 71
55 83
55 142
55 140
55 113
55 21
55 178
55 109
55 99
55 18
55 34
55 58
55 191
55 23
55 104
55 139
55 50
55 120
55 204
55 105
55 102
55 164
55 57
55 147
55 53
55 218
55 88
55 158
55 168
55 171
55 76
55 5
55 175
55 97
55 22
55 209
55 166
55 156
55 157
55 60
55 80
55 4
55 11
55 153
55 25
55 101
71 142
71 140
71 113
71 138
71 163
71 201
71 69
71 131
71 154
71 19
71 58
71 146
71 7
71 81
71 193
71 120
71 159
71 102
71 57
71 147
71 141
71 88
71 158
71 168
71 171
71 97
71 47
71 22
71 195
71 152
71 207
71 39
71 90
71 183
71 213
71 134
71 84
71 130
71 157
71 60
71 170
71 124
71 160
71 82
71 32
71 26
83 142
83 140
83 13
83 113
83 186
83 203
83 2
83 163
83 77
83 201
83 131
83 154
83 63
83 58
83 104
83 139
83 167
83 118
83 190
83 81
83 193
83 105
83 159
83 102
83 42
83 106
83 57
83 141
83 218
83 88
83 73
83 173
83 92
83 97
83 68
83 22
83 165
83 126
83 6
83 39
83 198
83 183
83 156
83 70
83 60
83 80
83 96
83 160
83 114
83 125
83 122
83 82
83 101
49 192
49 142
49 140
49 113
49 186
49 178
49 163
49 69
49 131
49 146
49 7
49 139
49 87
49 50
49 190
49 197
49 204
49 159
49 164
49 106
49 147
49 53
49 88
49 175
49 97
49 68
49 22
49 165
49 45
49 209
49 195
49 6
49 213
49 166
49 108
49 130
49 157
49 70
49 60
49 80
49 153
49 124
49 96
49 160
49 114
49 125
49 9
49 25
49 32
49 33
49 26
95 192
95 186
95 131
95 65
95 63
95 34
95 19
95 58
95 75
95 7
95 139
95 167
95 115
95 40
95 81
95 193
95 105
95 102
95 42
95 106
95 53
95 88
95 162
95 158
95 92
95 175
95 47
95 28
95 38
95 165
95 129
95 207
95 90
95 198
95 183
95 103
95 166
95 157
95 170
95 153
95 160
95 114
95 82
95 9
95 121
192 17
192 186
192 180
192 178
192 163
192 77
192 201
192 61
192 131
192 154
192 18
192 34
192 191
192 75
192 7
192 167
192 50
192 120
192 164
192 57
192 147
192 141
192 88
192 175
192 97
192 28
192 22
192 45
192 152
192 129
192 207
192 39
192 198
192 183
192 119
192 213
192 166
192 156
192 130
192 60
192 170
192 11
192 124
192 96
192 160
192 46
192 125
192 82
192 9
192 101
142 138
142 2
142 131
142 154
142 34
142 58
142 191
142 23
142 7
142 167
142 50
142 190
142 40
142 81
142 193
142 204
142 15
142 159
142 42
142 141
142 162
142 73
142 168
142 76
142 5
142 173
142 92
142 22
142 45
142 126
142 209
142 195
142 152
142 129
142 207
142 183
142 119
142 213
142 84
142 130
142 157
142 60
142 80
142 11
142 124
142 96
142 160
142 46
142 122
142 9
142 37
142 32
142 101
140 13
140 113
140 21
140 203
140 2
140 77
140 201
140 69
140 63
140 19
140 191
140 23
140 75
140 139
140 190
140 40
140 204
140 102
140 42
140 57
140 147
140 53
140 73
140 171
140 76
140 97
140 68
140 126
140 195
140 152
140 129
140 6
140 207
140 194
140 103
140 119
140 213
140 130
140 157
140 70
140 80
140 153
140 82
140 37
140 32
140 121
140 26
17 13
17 180
17 178
17 163
17 109
17 154
17 18
17 34
17 58
17 191
17 146
17 75
17 104
17 59
17 144
17 118
17 190
17 40
17 81
17 193
17 42
17 147
17 218
17 73
17 168
17 76
17 5
17 173
17 92
17 175
17 45
17 207
17 39
17 90
17 198
17 183
17 103
17 119
17 213
17 166
17 156
17 70
17 4
17 153
17 124
17 96
17 122
17 9
17 121
17 101
17 33
13 113
13 187
13 203
13 178
13 109
13 99
13 154
13 18
13 19
13 58
13 191
13 23
13 146
13 75
13 59
13 7
13 139
13 144
13 118
13 190
13 197
13 15
13 102
13 42
13 164
13 147
13 53
13 141
13 218
13 88
13 162
13 168
13 173
13 175
13 97
13 47
13 28
13 38
13 165
13 45
13 126
13 209
13 195
13 152
13 207
13 90
13 194
13 198
13 166
13 108
13 130
13 60
13 80
13 170
13 96
13 114
13 101
13 33
113 21
113 186
113 203
113 180
113 61
113 131
113 154
113 63
113 104
113 87
113 115
113 190
113 81
113 193
113 105
113 102
113 53
113 218
113 162
113 73
113 171
113 76
113 5
113 92
113 175
113 28
113 38
113 207
113 90
113 198
113 103
113 166
113 60
113 124
113 9
113 25
113 121
113 26
21 203
21 138
21 180
21 178
21 77
21 201
21 61
21 131
21 65
21 99
21 154
21 18
21 34
21 19
21 191
21 146
21 59
21 118
21 81
21 197
21 120
21 159
21 147
21 141
21 218
21 88
21 162
21 73
21 47
21 28
21 45
21 152
21 90
21 108
21 130
21 80
21 153
21 46
21 122
21 82
21 25
186 187
186 203
186 180
186 77
186 61
186 65
186 154
186 63
186 18
186 58
186 75
186 59
186 204
186 15
186 102
186 164
186 106
186 57
186 53
186 141
186 218
186 158
186 73
186 171
186 76
186 5
186 173
186 175
186 97
186 68
186 38
186 22
186 126
186 195
186 152
186 129
186 6
186 90
186 194
186 166
186 84
186 108
186 80
186 170
186 11
186 82
186 26
187 138
187 180
187 163
187 77
187 131
187 65
187 99
187 63
187 139
187 87
187 50
187 40
187 120
187 15
187 102
187 106
187 53
187 218
187 162
187 158
187 73
187 173
187 175
187 47
187 38
187 22
187 45
187 129
187 207
187 183
187 103
187 166
187 156
187 130
187 11
187 46
187 122
187 37
187 25
187 121
187 101
187 169
203 138
203 180
203 99
203 154
203 18
203 34
203 19
203 146
203 139
203 87
203 144
203 197
203 193
203 204
203 105
203 159
203 42
203 164
203 147
203 218
203 73
203 76
203 5
203 47
203 38
203 165
203 209
203 152
203 129
203 207
203 198
203 103
203 157
203 80
203 170
203 11
203 153
203 96
203 160
203 46
203 125
203 122
203 25
203 101
203 26
138 178
138 99
138 19
138 58
138 75
138 7
138 87
138 190
138 120
138 204
138 57
138 218
138 88
138 158
138 5
138 173
138 92
138 175
138 47
138 45
138 126
138 152
138 90
138 198
138 183
138 84
138 4
138 11
138 153
138 160
138 25
138 121
138 26
180 178
180 109
180 131
180 99
180 154
180 18
180 34
180 75
180 104
180 7
180 167
180 81
180 15
180 159
180 164
180 106
180 57
180 53
180 141
180 218
180 73
180 168
180 5
180 173
180 47
180 68
180 22
180 165
180 45
180 209
180 129
180 207
180 39
180 198
180 103
180 119
180 213
180 134
180 108
180 130
180 70
180 170
180 11
180 160
180 46
180 114
180 9
180 25
180 121
180 101
178 77
178 131
178 63
178 18
178 34
178 58
178 23
178 146
178 75
178 59
178 7
178 144
178 50
178 190
178 40
178 204
178 105
178 42
178 164
178 106
178 57
178 147
178 162
178 158
178 73
178 76
178 175
178 97
178 22
178 126
178 152
178 90
178 194
178 103
178 130
178 80
178 4
178 11
178 153
178 46
178 114
178 125
178 122
178 9
178 37
178 101
178 33
178 169
2 163
2 109
2 61
2 131
2 65
2 99
2 154
2 63
2 34
2 146
2 104
2 139
2 87
2 115
2 50
2 190
2 81
2 193
2 120
2 15
2 57
2 73
2 171
2 47
2 68
2 38
2 165
2 209
2 152
2 129
2 207
2 194
2 183
2 213
2 166
2 156
2 130
2 153
2 46
2 114
2 82
2 25
2 33
2 26
163 77
163 61
163 131
163 99
163 63
163 34
163 19
163 23
163 87
163 118
163 50
163 197
163 193
163 15
163 159
163 42
163 164
163 53
163 218
163 88
163 76
163 5
163 92
163 97
163 47
163 68
163 28
163 22
163 209
163 195
163 6
163 207
163 39
163 90
163 108
163 130
163 70
163 60
163 124
163 96
163 160
163 46
163 122
163 25
163 32
163 33
163 169
77 65
77 99
77 154
77 34
77 104
77 59
77 7
77 167
77 50
77 40
77 81
77 193
77 204
77 15
77 106
77 57
77 218
77 88
77 5
77 173
77 97
77 47
77 68
77 45
77 126
77 152
77 194
77 103
77 108
77 156
77 160
77 46
77 114
77 37
77 121
77 101
77 33
201 69
201 63
201 34
201 19
201 58
201 23
201 115
201 144
201 118
201 190
201 40
201 204
201 159
201 106
201 57
201 147
201 53
201 141
201 88
201 168
201 171
201 76
201 5
201 92
201 175
201 195
201 6
201 90
201 183
201 103
201 213
201 166
201 156
201 157
201 80
201 46
201 82
201 37
201 25
201 32
201 121
201 101
201 26
69 61
69 99
69 23
69 104
69 167
69 87
69 50
69 190
69 120
69 204
69 15
69 105
69 42
69 164
69 57
69 53
69 158
69 73
69 5
69 92
69 97
69 22
69 165
69 126
69 209
69 195
69 183
69 103
69 156
69 153
69 124
69 96
69 46
69 125
69 82
69 9
69 25
69 121
69 33
69 169
109 61
109 65
109 99
109 154
109 63
109 19
109 23
109 104
109 167
109 87
109 144
109 50
109 190
109 81
109 120
109 102
109 42
109 147
109 53
109 141
109 88
109 92
109 47
109 28
109 45
109 126
109 209
109 152
109 129
109 103
109 119
109 156
109 170
109 11
109 153
109 124
109 160
109 46
109 114
109 125
109 101
109 33
61 65
61 99
61 154
61 63
61 18
61 19
61 58
61 191
61 23
61 104
61 167
61 118
61 50
61 40
61 197
61 120
61 105
61 159
61 102
61 164
61 73
61 168
61 76
61 92
61 28
61 165
61 45
61 209
61 90
61 194
61 103
61 213
61 134
61 166
61 156
61 130
61 124
61 160
61 125
61 122
61 32
61 101
61 33
61 26
131 99
131 154
131 63
131 19
131 139
131 87
131 115
131 144
131 50
131 190
131 164
131 106
131 57
131 147
131 218
131 162
131 168
131 5
131 175
131 68
131 38
131 22
131 209
131 195
131 39
131 183
131 119
131 84
131 108
131 156
131 170
131 11
131 124
131 46
131 82
131 9
131 32
131 121
131 101
131 169
131 26
65 154
65 34
65 58
65 75
65 104
65 139
65 87
65 118
65 190
65 81
65 197
65 193
65 120
65 105
65 164
65 53
65 141
65 218
65 158
65 76
65 175
65 97
65 28
65 22
65 165
65 45
65 126
65 195
65 129
65 6
65 103
65 134
65 130
65 170
65 4
65 153
65 124
65 46
65 114
65 125
65 122
65 25
65 101
65 33
65 169
65 26
99 63
99 18
99 19
99 75
99 59
99 139
99 87
99 118
99 204
99 159
99 106
99 147
99 53
99 141
99 97
99 68
99 22
99 126
99 152
99 6
99 39
99 90
99 183
99 119
99 134
99 84
99 130
99 157
99 70
99 170
99 4
99 11
99 153
99 125
99 9
99 32
99 101
99 169
99 26
154 34
154 19
154 146
154 75
154 104
154 87
154 118
154 50
154 197
154 193
154 159
154 102
154 164
154 106
154 218
154 88
154 173
154 92
154 68
154 165
154 126
154 195
154 152
154 207
154 39
154 194
154 198
154 108
154 130
154 70
154 4
154 11
154 124
154 114
154 82
154 25
154 32
154 121
63 34
63 59
63 139
63 144
63 50
63 190
63 40
63 81
63 120
63 204
63 15
63 106
63 57
63 53
63 141
63 162
63 168
63 76
63 175
63 47
63 68
63 28
63 38
63 22
63 165
63 126
63 195
63 6
63 183
63 103
63 134
63 84
63 108
63 130
63 157
63 60
63 80
63 114
63 125
63 9
63 121
18 191
18 23
18 75
18 139
18 40
18 193
18 120
18 147
18 162
18 73
18 168
18 76
18 173
18 92
18 175
18 47
18 68
18 22
18 126
18 209
18 195
18 207
18 183
18 213
18 134
18 108
18 130
18 157
18 80
18 170
18 153
18 114
18 125
18 122
18 37
18 101
18 33
34 19
34 58
34 59
34 40
34 193
34 120
34 42
34 147
34 141
34 218
34 88
34 162
34 158
34 73
34 5
34 173
34 97
34 28
34 165
34 126
34 183
34 103
34 119
34 213
34 134
34 84
34 156
34 130
34 157
34 80
34 153
34 124
34 82
34 37
34 25
34 32
34 101
19 58
19 191
19 146
19 59
19 139
19 190
19 197
19 105
19 159
19 102
19 164
19 218
19 162
19 158
19 5
19 68
19 22
19 209
19 152
19 207
19 90
19 198
19 183
19 103
19 134
19 166
19 84
19 130
19 70
19 153
19 124
19 160
19 46
19 122
19 82
19 37
19 25
19 26
58 75
58 7
58 139
58 167
58 40
58 81
58 159
58 53
58 88
58 162
58 158
58 73
58 171
58 5
58 173
58 22
58 165
58 45
58 194
58 198
58 183
58 103
58 119
58 213
58 166
58 108
58 156
58 60
58 170
58 125
58 82
58 25
58 121
58 101
58 169
58 26
191 23
191 104
191 59
191 139
191 87
191 40
191 81
191 193
191 204
191 15
191 105
191 106
191 57
191 53
191 141
191 162
191 158
191 171
191 76
191 5
191 173
191 92
191 47
191 28
191 129
191 39
191 90
191 194
191 84
191 157
191 80
191 160
191 125
191 122
191 37
191 25
191 121
191 33
191 26
23 104
23 59
23 50
23 190
23 81
23 120
23 15
23 105
23 106
23 147
23 141
23 218
23 171
23 173
23 97
23 165
23 126
23 6
23 39
23 90
23 183
23 103
23 213
23 166
23 108
23 156
23 130
23 157
23 80
23 11
23 153
23 96
23 46
23 114
23 125
23 122
23 82
23 32
23 101
146 7
146 115
146 144
146 190
146 81
146 197
146 204
146 42
146 164
146 106
146 57
146 147
146 53
146 141
146 158
146 76
146 22
146 209
146 129
146 6
146 103
146 119
146 166
146 108
146 70
146 96
146 46
146 125
146 9
146 25
146 121
75 7
75 139
75 167
75 50
75 197
75 120
75 15
75 105
75 106
75 57
75 53
75 141
75 173
75 175
75 47
75 68
75 22
75 45
75 6
75 207
75 39
75 90
75 103
75 108
75 156
75 130
75 157
75 70
75 80
75 170
75 124
75 96
75 160
75 46
75 114
75 122
75 9
75 32
75 33
75 169
104 139
104 81
104 197
104 42
104 147
104 141
104 73
104 173
104 47
104 38
104 22
104 129
104 90
104 198
104 183
104 103
104 119
104 166
104 108
104 130
104 157
104 60
104 170
104 4
104 11
104 153
104 124
104 125
104 121
104 26
59 139
59 115
59 81
59 197
59 193
59 15
59 159
59 102
59 106
59 57
59 53
59 141
59 88
59 162
59 73
59 171
59 76
59 175
59 97
59 28
59 22
59 165
59 152
59 129
59 207
59 90
59 194
59 198
59 183
59 103
59 119
59 134
59 166
59 156
59 130
59 70
59 11
59 153
59 96
59 82
59 25
59 32
59 169
59 26
7 139
7 167
7 118
7 50
7 40
7 81
7 193
7 120
7 204
7 15
7 42
7 57
7 147
7 218
7 158
7 73
7 76
7 175
7 38
7 22
7 152
7 194
7 198
7 183
7 134
7 108
7 157
7 170
7 46
7 125
7 32
139 167
139 144
139 50
139 190
139 42
139 164
139 106
139 53
139 158
139 73
139 168
139 173
139 47
139 38
139 22
139 152
139 129
139 39
139 198
139 183
139 103
139 213
139 134
139 108
139 157
139 70
139 80
139 170
139 4
139 11
139 153
139 124
139 96
139 160
139 46
139 114
139 125
139 122
139 9
139 33
139 169
167 87
167 118
167 190
167 197
167 193
167 15
167 105
167 164
167 53
167 141
167 88
167 162
167 73
167 171
167 5
167 97
167 68
167 28
167 22
167 152
167 129
167 90
167 194
167 198
167 183
167 119
167 213
167 166
167 84
167 108
167 156
167 130
167 60
167 80
167 153
167 124
167 96
167 46
167 114
167 9
167 25
167 26
87 50
87 40
87 120
87 15
87 102
87 164
87 147
87 53
87 158
87 168
87 173
87 92
87 175
87 97
87 38
87 152
87 39
87 194
87 103
87 134
87 108
87 156
87 70
87 170
87 124
87 96
87 114
87 122
87 82
87 9
87 37
87 26
115 144
115 50
115 190
115 40
115 81
115 120
115 159
115 102
115 42
115 141
115 162
115 5
115 173
115 47
115 165
115 126
115 209
115 195
115 39
115 119
115 130
115 157
115 70
115 60
115 170
115 9
115 37
115 32
115 33
115 26
144 190
144 81
144 15
144 105
144 106
144 147
144 218
144 162
144 73
144 173
144 175
144 97
144 47
144 28
144 209
144 195
144 6
144 207
144 90
144 198
144 183
144 103
144 213
144 134
144 108
144 60
144 11
144 153
144 96
144 125
144 37
144 121
144 169
144 26
118 190
118 81
118 197
118 193
118 120
118 204
118 15
118 147
118 141
118 168
118 171
118 68
118 28
118 126
118 39
118 194
118 183
118 119
118 166
118 130
118 170
118 153
118 160
118 114
118 125
118 101
118 33
118 169
50 190
50 197
50 193
50 204
50 102
50 42
50 164
50 141
50 218
50 162
50 168
50 171
50 5
50 173
50 92
50 97
50 47
50 45
50 209
50 152
50 6
50 194
50 198
50 134
50 166
50 84
50 156
50 4
50 153
50 124
50 160
50 122
50 82
50 37
50 32
50 121
190 81
190 204
190 15
190 105
190 164
190 57
190 147
190 53
190 141
190 88
190 73
190 76
190 173
190 175
190 47
190 165
190 45
190 126
190 152
190 129
190 6
190 207
190 90
190 213
190 84
190 157
190 70
190 170
190 153
190 46
190 125
190 122
190 37
190 121
190 33
190 169
190 26
40 81
40 197
40 120
40 15
40 105
40 102
40 42
40 106
40 141
40 158
40 168
40 76
40 5
40 47
40 22
40 45
40 209
40 195
40 129
40 6
40 207
40 183
40 119
40 134
40 166
40 84
40 157
40 70
40 60
40 170
40 4
40 46
40 125
40 122
40 82
40 9
40 25
40 33
40 169
81 197
81 105
81 53
81 141
81 218
81 73
81 97
81 68
81 22
81 152
81 129
81 6
81 90
81 183
81 60
81 80
81 4
81 11
81 153
81 82
81 37
197 120
197 42
197 164
197 106
197 57
197 147
197 162
197 168
197 76
197 175
197 97
197 28
197 45
197 126
197 195
197 90
197 119
197 213
197 157
197 80
197 4
197 124
197 96
197 46
197 114
197 122
197 9
197 37
197 25
197 32
197 121
197 101
197 33
197 26
193 204
193 164
193 106
193 57
193 147
193 88
193 168
193 5
193 173
193 92
193 68
193 22
193 45
193 126
193 209
193 195
193 6
193 90
193 198
193 183
193 134
193 166
193 108
193 157
193 60
193 11
193 96
193 160
193 125
193 122
193 37
193 25
193 121
193 169
120 15
120 105
120 42
120 106
120 147
120 218
120 171
120 47
120 68
120 38
120 165
120 45
120 6
120 39
120 90
120 194
120 183
120 119
120 134
120 166
120 156
120 130
120 70
120 80
120 160
120 46
120 114
120 125
120 122
120 9
120 37
120 25
120 121
204 15
204 164
204 106
204 53
204 218
204 158
204 76
204 173
204 165
204 126
204 195
204 129
204 207
204 39
204 90
204 194
204 198
204 103
204 119
204 213
204 166
204 4
204 124
204 122
204 82
204 9
204 25
204 32
204 26
15 105
15 57
15 53
15 141
15 168
15 175
15 47
15 152
15 207
15 39
15 198
15 103
15 108
15 157
15 70
15 60
15 80
15 4
15 153
15 96
15 160
15 46
15 122
15 37
15 25
15 121
15 101
15 26
105 159
105 42
105 164
105 106
105 147
105 158
105 73
105 168
105 173
105 38
105 45
105 126
105 152
105 84
105 156
105 70
105 80
105 170
105 11
105 153
105 124
105 96
105 160
105 125
105 25
105 32
159 42
159 164
159 106
159 218
159 171
159 5
159 92
159 47
159 68
159 22
159 165
159 152
159 194
159 198
159 84
159 156
159 153
159 124
159 96
159 160
159 125
159 122
159 32
159 101
159 26
102 57
102 162
102 158
102 168
102 171
102 76
102 173
102 47
102 38
102 195
102 152
102 129
102 198
102 134
102 70
102 124
102 46
102 9
102 37
102 32
102 101
42 141
42 168
42 76
42 5
42 22
42 195
42 207
42 84
42 157
42 11
42 160
42 114
42 82
42 37
42 25
42 32
164 162
164 92
164 97
164 165
164 209
164 207
164 39
164 194
164 103
164 213
164 134
164 130
164 157
164 70
164 124
164 96
164 160
164 114
164 125
164 25
164 32
164 121
106 57
106 53
106 88
106 162
106 73
106 168
106 76
106 5
106 173
106 97
106 47
106 38
106 22
106 45
106 126
106 209
106 129
106 207
106 103
106 156
106 130
106 70
106 80
106 170
106 4
106 122
106 82
106 9
106 37
106 32
106 121
106 101
106 169
106 26
57 141
57 162
57 47
57 22
57 165
57 126
57 195
57 90
57 194
57 119
57 134
57 166
57 84
57 156
57 130
57 157
57 4
57 153
57 124
57 96
57 160
57 46
57 114
57 125
57 82
57 9
57 169
147 53
147 218
147 158
147 73
147 171
147 5
147 173
147 92
147 175
147 47
147 45
147 39
147 194
147 103
147 119
147 130
147 157
147 11
147 124
147 160
147 9
147 32
147 26
53 88
53 73
53 168
53 171
53 76
53 173
53 92
53 175
53 47
53 28
53 209
53 195
53 152
53 6
53 207
53 90
53 194
53 198
53 108
53 70
53 80
53 11
53 124
53 96
53 9
53 25
53 32
53 101
53 26
141 88
141 158
141 73
141 168
141 76
141 5
141 173
141 92
141 175
141 97
141 38
141 165
141 126
141 209
141 129
141 6
141 194
141 198
141 183
141 103
141 134
141 108
141 157
141 70
141 80
141 170
141 153
141 124
141 46
141 122
218 158
218 92
218 47
218 68
218 22
218 165
218 126
218 209
218 129
218 39
218 198
218 119
218 213
218 84
218 157
218 60
218 80
218 96
218 46
218 122
218 9
218 32
218 121
218 101
218 26
88 162
88 158
88 73
88 168
88 175
88 47
88 38
88 22
88 165
88 129
88 207
88 39
88 134
88 166
88 84
88 157
88 70
88 60
88 80
88 170
88 4
88 11
88 46
88 125
88 37
88 25
88 32
88 121
88 169
88 26
162 73
162 171
162 5
162 173
162 68
162 38
162 22
162 126
162 195
162 152
162 6
162 103
162 119
162 213
162 84
162 156
162 157
162 60
162 170
162 153
162 124
162 96
162 160
162 122
162 25
162 32
158 73
158 76
158 175
158 28
158 22
158 195
158 152
158 6
158 103
158 119
158 157
158 70
158 80
158 4
158 11
158 153
158 124
158 96
158 125
158 9
158 25
158 32
158 33
158 26
73 168
73 92
73 97
73 28
73 22
73 126
73 209
73 207
73 194
73 134
73 84
73 108
73 157
73 60
73 80
73 153
73 160
73 46
73 125
73 82
73 32
73 33
73 169
168 76
168 5
168 175
168 38
168 22
168 165
168 45
168 209
168 195
168 152
168 129
168 207
168 198
168 183
168 119
168 166
168 108
168 70
168 60
168 170
168 4
168 11
168 124
168 114
168 82
168 9
168 32
171 5
171 175
171 47
171 68
171 22
171 45
171 195
171 152
171 198
171 183
171 213
171 134
171 166
171 156
171 130
171 157
171 70
171 60
171 80
171 153
171 160
171 122
171 82
171 9
171 121
171 169
171 26
76 173
76 97
76 47
76 28
76 165
76 45
76 126
76 209
76 134
76 156
76 60
76 80
76 4
76 11
76 153
76 122
76 82
76 9
76 25
76 26
5 175
5 97
5 47
5 45
5 195
5 152
5 129
5 90
5 103
5 134
5 157
5 170
5 4
5 160
5 46
5 114
5 125
5 122
5 121
5 101
5 169
173 92
173 47
173 68
173 28
173 22
173 165
173 126
173 39
173 183
173 108
173 130
173 157
173 60
173 170
173 11
173 124
173 114
173 32
173 101
173 33
173 26
92 175
92 97
92 28
92 22
92 165
92 195
92 6
92 39
92 198
92 103
92 213
92 130
92 11
92 160
92 125
92 82
92 9
175 68
175 28
175 22
175 129
175 6
175 207
175 194
175 183
175 213
175 108
175 70
175 80
175 4
175 153
175 124
175 96
175 46
175 122
175 9
175 37
175 121
175 33
97 47
97 68
97 28
97 38
97 165
97 126
97 209
97 152
97 129
97 90
97 194
97 183
97 213
97 134
97 166
97 84
97 108
97 156
97 130
97 157
97 70
97 60
97 80
97 4
97 11
97 124
97 96
97 46
97 125
97 82
97 37
97 32
97 33
47 28
47 38
47 165
47 126
47 195
47 207
47 103
47 119
47 213
47 134
47 108
47 130
47 70
47 60
47 80
47 124
47 125
47 25
47 32
47 101
68 45
68 152
68 207
68 39
68 90
68 194
68 103
68 134
68 156
68 130
68 157
68 70
68 4
68 160
68 122
68 37
68 101
68 33
68 169
68 26
28 38
28 165
28 126
28 209
28 152
28 6
28 207
28 90
28 198
28 119
28 213
28 156
28 60
28 4
28 124
28 114
28 82
28 37
28 25
28 169
28 26
38 126
38 195
38 129
38 194
38 134
38 166
38 84
38 70
38 60
38 11
38 96
38 122
38 82
38 9
38 37
38 25
38 101
38 33
38 169
38 26
22 45
22 126
22 195
22 129
22 39
22 198
22 183
22 103
22 166
22 156
22 130
22 170
22 4
22 153
22 124
22 96
22 160
22 114
22 125
22 37
22 25
22 32
22 26
165 209
165 152
165 6
165 90
165 183
165 103
165 213
165 84
165 60
165 80
165 114
165 122
165 9
165 37
165 25
165 32
45 209
45 129
45 39
45 90
45 183
45 119
45 166
45 108
45 156
45 130
45 70
45 4
45 124
45 160
45 114
45 125
45 121
45 26
126 209
126 195
126 129
126 6
126 39
126 194
126 103
126 119
126 157
126 70
126 60
126 170
126 4
126 96
126 46
126 125
126 122
126 121
126 169
209 195
209 129
209 207
209 194
209 103
209 119
209 84
209 156
209 70
209 60
209 80
209 4
209 11
209 124
209 114
209 9
209 32
209 101
209 33
209 169
195 6
195 103
195 134
195 166
195 108
195 156
195 130
195 70
195 170
195 11
195 153
195 124
195 114
195 122
195 82
195 9
195 25
195 101
195 169
152 6
152 103
152 119
152 134
152 166
152 70
152 153
152 124
152 125
152 82
152 9
152 25
152 32
152 26
129 207
129 198
129 103
129 134
129 108
129 124
129 96
129 125
129 9
129 33
6 198
6 213
6 134
6 84
6 70
6 170
6 4
6 96
6 160
6 125
6 82
6 37
6 25
6 33
6 26
207 39
207 90
207 103
207 119
207 134
207 108
207 157
207 70
207 60
207 80
207 170
207 4
207 124
207 9
207 121
207 169
39 213
39 70
39 60
39 80
39 82
39 9
39 37
39 26
90 194
90 198
90 119
90 213
90 84
90 156
90 157
90 153
90 96
90 160
90 125
90 82
90 121
90 33
194 103
194 213
194 166
194 84
194 156
194 130
194 70
194 60
194 124
194 160
194 46
194 125
194 9
194 121
194 33
194 169
198 183
198 213
198 166
198 130
198 157
198 80
198 153
198 96
198 160
198 46
198 125
198 82
198 32
198 121
198 101
198 33
183 103
183 157
183 70
183 4
183 124
183 25
183 32
183 101
103 166
103 108
103 156
103 60
103 80
103 4
103 96
103 46
103 122
103 33
103 26
119 134
119 156
119 60
119 4
119 11
119 96
119 122
119 25
119 32
119 121
119 26
213 134
213 60
213 170
213 124
213 96
213 160
213 46
213 82
213 9
213 32
213 121
213 101
134 166
134 130
134 157
134 60
134 4
134 153
134 160
134 46
134 114
134 125
134 9
134 121
134 101
134 169
166 70
166 80
166 170
166 11
166 124
166 82
166 9
166 25
166 32
166 121
166 169
84 130
84 60
84 80
84 4
84 37
84 25
84 101
108 156
108 130
108 60
108 124
108 96
108 46
108 82
108 169
156 4
156 11
156 124
156 82
156 25
156 26
130 157
130 80
130 170
130 4
130 153
130 114
130 9
130 25
130 26
157 70
157 170
157 4
157 96
157 82
157 37
157 121
157 101
157 33
157 169
70 60
70 124
70 46
70 122
70 82
70 9
70 37
70 25
70 32
70 169
60 80
60 170
60 4
60 11
60 124
60 160
60 125
60 82
60 9
60 32
60 101
60 33
60 26
80 11
80 153
80 46
80 9
80 32
80 101
80 33
80 26
170 96
170 46
170 125
170 122
170 82
170 37
170 169
170 26
4 96
4 46
4 114
4 125
4 37
4 25
4 32
4 121
4 26
11 124
11 160
11 46
11 114
11 122
11 82
11 9
11 32
11 101
153 96
153 114
153 125
153 122
153 82
153 9
153 101
124 160
124 46
124 82
124 25
124 32
96 82
96 37
96 25
96 26
160 46
160 125
160 25
160 26
46 114
46 125
46 122
46 37
46 33
46 169
114 122
114 82
114 9
114 169
125 122
125 37
125 32
125 121
125 169
125 26
122 25
122 32
122 101
122 26
82 169
82 26
9 25
9 32
9 33
9 169
9 26
37 32
37 121
37 169
25 169
32 33
32 169
121 169
121 26
33 169
