*verties 200
30
197
66
67
203
115
92
216
9
27
122
191
59
81
83
91
130
117
208
149
20
210
175
44
187
125
171
165
180
73
60
35
123
109
190
202
134
132
209
135
155
193
90
105
70
107
138
75
98
14
178
192
24
143
95
12
114
16
25
64
146
19
153
65
116
26
152
112
212
147
34
173
145
37
4
53
15
106
84
87
80
94
157
55
172
78
133
50
22
158
21
110
161
185
96
88
170
163
183
101
104
120
195
204
140
214
176
43
51
119
219
42
211
126
177
76
28
164
144
113
148
150
17
103
38
184
1
97
77
124
56
45
72
8
33
166
201
10
58
118
99
63
5
57
213
159
48
49
128
7
154
36
74
196
142
137
167
69
52
199
141
129
108
31
217
111
2
85
200
218
102
68
89
29
182
93
198
61
82
215
194
188
79
0
86
3
6
54
174
13
136
156
189
151
207
62
160
71
18
39
*edges 
30 66
30 115
30 9
30 59
30 83
30 130
30 117
30 208
30 20
30 210
30 187
30 125
30 109
30 90
30 138
30 143
30 95
30 12
30 19
30 153
30 152
30 212
30 53
30 15
30 87
30 80
30 94
30 50
30 158
30 110
30 88
30 120
30 204
30 140
30 214
30 51
30 119
30 42
30 177
30 76
30 144
30 150
30 38
30 1
30 77
30 124
30 33
30 5
30 57
30 48
30 128
30 74
30 196
30 142
30 137
30 167
30 108
30 217
30 218
30 68
30 29
30 198
30 188
30 86
30 6
30 136
30 189
30 207
30 62
30 71
197 66
197 115
197 122
197 83
197 208
197 149
197 210
197 175
197 44
197 125
197 171
197 165
197 180
197 73
197 60
197 109
197 190
197 202
197 209
197 90
197 138
197 178
197 114
197 16
197 25
197 64
197 19
197 153
197 80
197 94
197 55
197 78
197 133
197 110
197 96
197 170
197 163
197 183
197 104
197 204
197 43
197 219
197 126
197 113
197 148
197 103
197 184
197 77
197 45
197 8
197 10
197 57
197 159
197 154
197 74
197 199
197 108
197 2
197 85
197 200
197 61
197 0
197 86
197 6
197 174
197 156
197 189
197 151
197 207
197 160
197 18
197 39
66 122
66 149
66 44
66 125
66 171
66 109
66 132
66 209
66 155
66 70
66 138
66 75
66 14
66 178
66 192
66 143
66 64
66 116
66 152
66 112
66 173
66 37
66 15
66 106
66 84
66 87
66 172
66 88
66 101
66 120
66 43
66 42
66 211
66 126
66 28
66 148
66 103
66 1
66 124
66 45
66 72
66 10
66 128
66 154
66 142
66 199
66 141
66 108
66 217
66 111
66 200
66 89
66 93
66 82
66 0
66 6
66 54
66 160
66 71
67 115
67 216
67 9
67 27
67 91
67 208
67 149
67 210
67 175
67 44
67 60
67 190
67 202
67 134
67 132
67 135
67 107
67 75
67 178
67 12
67 114
67 64
67 116
67 152
67 112
67 212
67 147
67 173
67 145
67 53
67 84
67 157
67 133
67 158
67 110
67 161
67 88
67 163
67 101
67 195
67 43
67 42
67 126
67 177
67 28
67 144
67 77
67 56
67 45
67 33
67 166
67 201
67 5
67 213
67 49
67 154
67 36
67 74
67 142
67 137
67 167
67 199
67 141
67 129
67 111
67 200
67 68
67 198
67 61
67 215
67 79
67 13
67 136
67 160
67 39
203 27
203 191
203 91
203 130
203 171
203 73
203 109
203 190
203 134
203 209
203 193
203 90
203 75
203 98
203 178
203 192
203 143
203 12
203 114
203 16
203 64
203 153
203 53
203 15
203 80
203 94
203 157
203 50
203 110
203 185
203 163
203 120
203 214
203 51
203 219
203 126
203 28
203 144
203 17
203 184
203 124
203 72
203 201
203 48
203 7
203 154
203 142
203 167
203 69
203 31
203 217
203 85
203 68
203 61
203 188
203 3
203 6
203 54
203 174
203 13
203 136
203 62
203 39
115 216
115 130
115 117
115 20
115 210
115 175
115 187
115 125
115 171
115 165
115 73
115 35
115 123
115 105
115 75
115 143
115 12
115 64
115 19
115 153
115 116
115 112
115 147
115 34
115 173
115 145
115 80
115 55
115 158
115 161
115 88
115 170
115 104
115 120
115 195
115 140
115 214
115 43
115 42
115 211
115 177
115 113
115 38
115 184
115 1
115 33
115 201
115 63
115 5
115 159
115 49
115 128
115 74
115 69
115 52
115 199
115 108
115 31
115 217
115 111
115 85
115 218
115 89
115 93
115 79
115 86
115 3
115 54
115 174
115 13
115 136
115 207
115 62
115 160
92 9
92 191
92 59
92 208
92 149
92 44
92 73
92 193
92 70
92 107
92 138
92 75
92 14
92 192
92 24
92 143
92 95
92 12
92 146
92 152
92 173
92 145
92 53
92 15
92 50
92 158
92 96
92 101
92 195
92 204
92 176
92 51
92 119
92 28
92 148
92 184
92 1
92 124
92 56
92 45
92 8
92 166
92 201
92 118
92 63
92 213
92 49
92 128
92 154
92 196
92 142
92 52
92 141
92 129
92 111
92 218
92 102
92 89
92 182
92 93
92 198
92 61
92 174
92 13
92 156
92 160
92 39
216 27
216 191
216 83
216 208
216 20
216 175
216 125
216 165
216 180
216 73
216 60
216 35
216 123
216 109
216 135
216 105
216 70
216 138
216 98
216 178
216 24
216 143
216 25
216 64
216 146
216 19
216 65
216 116
216 112
216 34
216 37
216 53
216 157
216 172
216 158
216 21
216 110
216 185
216 163
216 120
216 195
216 140
216 43
216 119
216 126
216 177
216 28
216 144
216 97
216 56
216 201
216 10
216 58
216 118
216 5
216 57
216 213
216 48
216 7
216 74
216 137
216 167
216 52
216 141
216 129
216 31
216 102
216 89
216 93
216 198
216 215
216 188
216 0
216 86
216 3
216 174
216 207
216 18
9 191
9 130
9 117
9 187
9 165
9 60
9 35
9 109
9 202
9 135
9 193
9 90
9 105
9 107
9 98
9 14
9 178
9 192
9 95
9 12
9 114
9 16
9 146
9 153
9 65
9 152
9 212
9 145
9 37
9 4
9 53
9 15
9 106
9 84
9 94
9 157
9 172
9 78
9 133
9 50
9 158
9 21
9 110
9 161
9 88
9 170
9 163
9 183
9 101
9 104
9 204
9 140
9 214
9 43
9 119
9 148
9 97
9 124
9 58
9 118
9 63
9 159
9 7
9 154
9 36
9 52
9 108
9 31
9 217
9 200
9 198
9 215
9 194
9 188
9 86
9 136
9 189
9 207
9 71
9 18
27 191
27 81
27 83
27 91
27 130
27 208
27 180
27 60
27 190
27 134
27 132
27 155
27 193
27 70
27 75
27 98
27 95
27 12
27 16
27 19
27 65
27 152
27 34
27 15
27 106
27 84
27 21
27 161
27 185
27 170
27 183
27 204
27 140
27 214
27 119
27 144
27 17
27 103
27 38
27 77
27 56
27 45
27 72
27 33
27 166
27 201
27 58
27 5
27 159
27 49
27 7
27 154
27 196
27 137
27 167
27 69
27 141
27 31
27 217
27 111
27 102
27 68
27 182
27 93
27 54
27 189
27 151
27 71
27 39
122 59
122 81
122 130
122 117
122 44
122 125
122 171
122 165
122 180
122 73
122 190
122 202
122 209
122 107
122 75
122 192
122 24
122 143
122 95
122 12
122 114
122 25
122 146
122 26
122 112
122 147
122 4
122 53
122 106
122 84
122 55
122 172
122 78
122 21
122 183
122 120
122 43
122 119
122 126
122 164
122 144
122 113
122 150
122 56
122 45
122 72
122 8
122 33
122 58
122 5
122 48
122 49
122 128
122 7
122 36
122 74
122 142
122 167
122 52
122 199
122 108
122 2
122 85
122 218
122 102
122 89
122 29
122 182
122 93
122 198
122 82
122 215
122 79
122 174
122 156
122 151
122 160
191 81
191 91
191 130
191 210
191 44
191 125
191 73
191 60
191 123
191 209
191 105
191 107
191 75
191 95
191 114
191 16
191 25
191 19
191 26
191 152
191 147
191 145
191 15
191 80
191 157
191 172
191 21
191 161
191 185
191 88
191 170
191 120
191 195
191 214
191 176
191 119
191 76
191 144
191 148
191 150
191 103
191 38
191 184
191 8
191 33
191 118
191 63
191 5
191 213
191 159
191 48
191 128
191 7
191 36
191 142
191 167
191 69
191 141
191 129
191 108
191 85
191 68
191 89
191 61
191 82
191 215
191 194
191 79
191 3
191 174
191 156
191 207
191 62
191 160
59 130
59 117
59 20
59 132
59 193
59 90
59 14
59 192
59 24
59 143
59 95
59 114
59 16
59 25
59 65
59 116
59 26
59 112
59 212
59 147
59 37
59 15
59 80
59 157
59 172
59 78
59 133
59 50
59 161
59 163
59 183
59 101
59 120
59 204
59 43
59 51
59 119
59 219
59 42
59 211
59 177
59 148
59 150
59 97
59 124
59 56
59 45
59 72
59 8
59 33
59 58
59 63
59 159
59 7
59 154
59 137
59 69
59 108
59 111
59 102
59 182
59 93
59 198
59 194
59 0
59 6
59 174
59 156
59 151
59 71
59 18
81 130
81 208
81 149
81 180
81 73
81 123
81 202
81 209
81 155
81 107
81 75
81 178
81 24
81 143
81 16
81 64
81 19
81 147
81 34
81 145
81 4
81 15
81 161
81 185
81 96
81 88
81 101
81 51
81 219
81 177
81 76
81 144
81 17
81 103
81 38
81 184
81 97
81 124
81 8
81 213
81 74
81 196
81 142
81 137
81 167
81 69
81 141
81 111
81 200
81 89
81 29
81 198
81 82
81 194
81 79
81 6
81 54
81 189
81 151
81 207
81 62
81 71
83 149
83 175
83 171
83 165
83 180
83 73
83 35
83 155
83 70
83 75
83 98
83 178
83 24
83 143
83 95
83 12
83 114
83 16
83 64
83 153
83 26
83 112
83 212
83 172
83 161
83 163
83 183
83 104
83 120
83 195
83 51
83 42
83 126
83 177
83 150
83 97
83 56
83 72
83 166
83 10
83 99
83 5
83 57
83 213
83 48
83 49
83 128
83 74
83 142
83 167
83 199
83 108
83 217
83 111
83 2
83 200
83 68
83 89
83 29
83 61
83 82
83 215
83 86
83 174
83 13
83 189
83 207
83 18
91 208
91 175
91 44
91 73
91 60
91 109
91 190
91 134
91 155
91 193
91 105
91 107
91 95
91 146
91 19
91 116
91 145
91 15
91 87
91 80
91 94
91 157
91 55
91 50
91 21
91 185
91 163
91 104
91 120
91 195
91 204
91 176
91 43
91 51
91 219
91 211
91 126
91 28
91 113
91 148
91 17
91 184
91 72
91 166
91 99
91 63
91 57
91 159
91 154
91 74
91 196
91 137
91 141
91 31
91 217
91 2
91 68
91 29
91 198
91 61
91 86
91 6
91 54
91 174
91 13
91 62
91 39
130 149
130 20
130 175
130 44
130 180
130 35
130 132
130 135
130 105
130 70
130 107
130 14
130 24
130 143
130 95
130 25
130 64
130 19
130 153
130 152
130 87
130 94
130 157
130 22
130 21
130 110
130 185
130 183
130 101
130 195
130 211
130 126
130 177
130 76
130 148
130 103
130 38
130 184
130 1
130 33
130 166
130 63
130 5
130 57
130 213
130 49
130 128
130 36
130 74
130 196
130 142
130 137
130 52
130 199
130 129
130 111
130 85
130 68
130 29
130 93
130 215
130 188
130 86
130 54
130 136
130 151
130 160
130 18
117 210
117 125
117 165
117 123
117 202
117 134
117 90
117 70
117 107
117 178
117 24
117 143
117 12
117 114
117 25
117 64
117 65
117 147
117 34
117 173
117 4
117 53
117 106
117 84
117 94
117 172
117 21
117 185
117 88
117 163
117 195
117 214
117 43
117 42
117 211
117 177
117 150
117 103
117 38
117 77
117 45
117 8
117 58
117 118
117 99
117 159
117 128
117 196
117 142
117 137
117 167
117 69
117 52
117 199
117 108
117 217
117 85
117 200
117 218
117 68
117 198
117 188
117 0
117 3
117 6
117 174
117 156
117 71
117 18
208 210
208 187
208 125
208 60
208 35
208 155
208 70
208 98
208 14
208 24
208 143
208 95
208 114
208 16
208 153
208 65
208 212
208 147
208 145
208 15
208 94
208 55
208 78
208 110
208 161
208 170
208 163
208 195
208 204
208 214
208 211
208 76
208 164
208 17
208 38
208 1
208 97
208 124
208 56
208 45
208 72
208 166
208 118
208 99
208 63
208 5
208 57
208 159
208 48
208 69
208 141
208 111
208 2
208 68
208 29
208 93
208 198
208 86
208 3
208 54
208 174
208 189
208 151
208 71
149 210
149 44
149 187
149 171
149 202
149 90
149 105
149 98
149 178
149 12
149 114
149 25
149 19
149 153
149 116
149 4
149 53
149 15
149 172
149 50
149 21
149 161
149 96
149 88
149 170
149 183
149 101
149 195
149 140
149 211
149 126
149 148
149 17
149 103
149 33
149 10
149 57
149 49
149 128
149 7
149 154
149 36
149 196
149 137
149 69
149 52
149 199
149 108
149 31
149 111
149 85
149 102
149 89
149 29
149 182
149 198
149 61
149 215
149 188
149 79
149 86
149 13
149 136
149 189
149 151
149 160
149 71
149 18
149 39
20 175
20 44
20 187
20 171
20 180
20 60
20 35
20 123
20 109
20 132
20 135
20 193
20 105
20 107
20 138
20 75
20 98
20 14
20 143
20 12
20 64
20 152
20 112
20 173
20 53
20 106
20 55
20 172
20 78
20 22
20 88
20 183
20 101
20 120
20 204
20 43
20 51
20 119
20 219
20 126
20 177
20 164
20 17
20 103
20 184
20 124
20 45
20 201
20 10
20 213
20 49
20 142
20 69
20 141
20 129
20 31
20 200
20 218
20 102
20 89
20 29
20 182
20 188
20 79
20 86
20 3
20 156
20 62
20 18
210 44
210 187
210 125
210 171
210 60
210 35
210 135
210 155
210 105
210 98
210 192
210 143
210 114
210 16
210 25
210 64
210 153
210 112
210 173
210 145
210 4
210 84
210 87
210 80
210 94
210 157
210 78
210 22
210 21
210 161
210 170
210 183
210 120
210 204
210 176
210 51
210 119
210 177
210 28
210 144
210 113
210 148
210 17
210 38
210 184
210 56
210 166
210 201
210 118
210 99
210 5
210 213
210 159
210 49
210 74
210 196
210 108
210 31
210 111
210 85
210 218
210 182
210 198
210 61
210 194
210 0
210 6
210 54
210 174
210 13
210 136
210 189
210 151
210 62
210 71
210 18
175 187
175 125
175 165
175 35
175 202
175 132
175 70
175 14
175 178
175 192
175 12
175 64
175 153
175 34
175 173
175 37
175 53
175 15
175 84
175 87
175 80
175 157
175 55
175 78
175 133
175 22
175 110
175 161
175 96
175 163
175 183
175 104
175 120
175 140
175 43
175 211
175 76
175 148
175 184
175 1
175 97
175 8
175 33
175 58
175 57
175 159
175 48
175 128
175 154
175 36
175 74
175 69
175 52
175 108
175 31
175 85
175 200
175 215
175 3
175 6
175 54
175 156
175 207
175 160
175 18
175 39
44 187
44 171
44 165
44 180
44 73
44 60
44 123
44 109
44 190
44 202
44 135
44 193
44 70
44 98
44 14
44 24
44 95
44 25
44 64
44 19
44 112
44 212
44 37
44 106
44 84
44 55
44 22
44 158
44 21
44 185
44 96
44 163
44 183
44 101
44 104
44 204
44 140
44 119
44 28
44 148
44 38
44 184
44 1
44 97
44 124
44 33
44 166
44 10
44 58
44 57
44 128
44 142
44 137
44 52
44 199
44 129
44 108
44 111
44 218
44 102
44 29
44 182
44 198
44 61
44 82
44 188
44 79
44 86
44 3
44 174
44 189
44 151
44 207
44 71
44 39
187 125
187 171
187 180
187 35
187 190
187 135
187 138
187 12
187 16
187 64
187 153
187 26
187 34
187 37
187 53
187 87
187 80
187 133
187 88
187 170
187 104
187 204
187 214
187 43
187 119
187 126
187 76
187 113
187 148
187 150
187 124
187 72
187 201
187 213
187 159
187 48
187 154
187 74
187 196
187 137
187 69
187 52
187 199
187 129
187 2
187 85
187 218
187 102
187 29
187 61
187 215
187 6
187 174
187 136
187 189
187 151
187 62
187 18
187 39
125 165
125 35
125 109
125 190
125 202
125 134
125 155
125 138
125 75
125 95
125 16
125 25
125 64
125 146
125 65
125 212
125 147
125 173
125 37
125 106
125 94
125 133
125 21
125 96
125 183
125 101
125 120
125 43
125 219
125 211
125 164
125 148
125 17
125 38
125 1
125 5
125 57
125 159
125 196
125 137
125 167
125 141
125 2
125 85
125 102
125 89
125 182
125 198
125 0
125 3
125 6
125 54
125 156
171 60
171 109
171 134
171 155
171 90
171 143
171 95
171 114
171 25
171 64
171 153
171 116
171 4
171 53
171 55
171 172
171 22
171 158
171 21
171 96
171 101
171 204
171 219
171 211
171 126
171 177
171 28
171 144
171 113
171 150
171 38
171 97
171 77
171 33
171 201
171 118
171 99
171 48
171 49
171 128
171 74
171 142
171 199
171 141
171 129
171 108
171 217
171 2
171 68
171 29
171 182
171 93
171 61
171 194
171 188
171 0
171 86
171 174
171 151
171 71
171 18
165 180
165 73
165 123
165 109
165 202
165 134
165 155
165 90
165 105
165 98
165 192
165 24
165 153
165 212
165 147
165 34
165 173
165 145
165 37
165 106
165 94
165 157
165 55
165 172
165 50
165 96
165 101
165 204
165 214
165 219
165 42
165 211
165 126
165 113
165 148
165 103
165 38
165 1
165 97
165 77
165 56
165 45
165 33
165 166
165 201
165 10
165 57
165 49
165 7
165 74
165 69
165 52
165 199
165 108
165 2
165 68
165 89
165 93
165 198
165 82
165 215
165 189
165 207
165 160
165 71
180 60
180 123
180 109
180 202
180 155
180 105
180 70
180 107
180 138
180 75
180 98
180 178
180 192
180 24
180 95
180 19
180 153
180 26
180 152
180 212
180 145
180 37
180 4
180 15
180 157
180 133
180 50
180 21
180 96
180 88
180 183
180 195
180 211
180 126
180 164
180 144
180 113
180 148
180 150
180 17
180 103
180 97
180 77
180 56
180 8
180 201
180 10
180 118
180 99
180 5
180 213
180 159
180 48
180 154
180 74
180 52
180 217
180 2
180 102
180 93
180 61
180 215
180 0
180 6
180 174
180 156
180 151
180 62
180 160
180 18
73 60
73 132
73 155
73 193
73 105
73 98
73 14
73 24
73 146
73 65
73 116
73 212
73 34
73 173
73 145
73 15
73 106
73 84
73 94
73 157
73 50
73 96
73 88
73 170
73 195
73 140
73 214
73 43
73 51
73 219
73 42
73 211
73 126
73 76
73 144
73 17
73 38
73 1
73 97
73 45
73 72
73 201
73 10
73 63
73 213
73 74
73 167
73 141
73 129
73 217
73 2
73 200
73 93
73 61
73 82
73 0
73 6
73 174
73 13
73 156
73 189
73 207
60 35
60 123
60 190
60 134
60 135
60 193
60 90
60 105
60 70
60 107
60 98
60 14
60 178
60 192
60 24
60 143
60 95
60 12
60 146
60 19
60 65
60 116
60 34
60 53
60 106
60 84
60 157
60 158
60 88
60 104
60 120
60 204
60 140
60 214
60 176
60 219
60 76
60 164
60 113
60 148
60 103
60 38
60 77
60 45
60 72
60 8
60 201
60 99
60 5
60 154
60 36
60 142
60 52
60 199
60 129
60 217
60 111
60 2
60 218
60 68
60 89
60 29
60 93
60 54
60 207
60 160
60 71
60 18
60 39
35 209
35 135
35 70
35 14
35 192
35 114
35 65
35 212
35 173
35 37
35 4
35 15
35 106
35 84
35 80
35 94
35 172
35 133
35 96
35 170
35 163
35 183
35 101
35 195
35 204
35 219
35 144
35 148
35 103
35 38
35 97
35 77
35 124
35 56
35 45
35 8
35 166
35 201
35 63
35 57
35 49
35 7
35 154
35 36
35 137
35 69
35 199
35 129
35 108
35 218
35 29
35 198
35 61
35 79
35 0
35 13
35 136
35 151
35 207
35 160
35 71
123 202
123 105
123 70
123 107
123 98
123 192
123 114
123 25
123 112
123 173
123 145
123 15
123 84
123 87
123 157
123 172
123 133
123 22
123 21
123 161
123 170
123 163
123 140
123 214
123 176
123 119
123 42
123 177
123 144
123 113
123 148
123 103
123 38
123 77
123 56
123 72
123 166
123 10
123 63
123 213
123 7
123 154
123 74
123 167
123 129
123 85
123 200
123 218
123 102
123 68
123 29
123 182
123 93
123 82
123 79
123 6
123 189
123 151
109 190
109 202
109 105
109 138
109 14
109 12
109 114
109 16
109 153
109 112
109 147
109 173
109 53
109 87
109 80
109 133
109 158
109 110
109 96
109 101
109 104
109 120
109 204
109 119
109 219
109 211
109 177
109 76
109 144
109 148
109 184
109 72
109 8
109 33
109 166
109 10
109 99
109 63
109 57
109 159
109 128
109 154
109 137
109 69
109 52
109 129
109 31
109 2
109 200
109 218
109 102
109 182
109 82
109 0
109 54
109 151
109 71
109 39
190 134
190 193
190 105
190 70
190 107
190 14
190 178
190 192
190 24
190 95
190 114
190 25
190 64
190 153
190 173
190 53
190 80
190 22
190 21
190 110
190 185
190 88
190 183
190 101
190 140
190 51
190 219
190 126
190 28
190 150
190 17
190 184
190 97
190 124
190 72
190 8
190 201
190 58
190 48
190 154
190 74
190 167
190 52
190 199
190 141
190 31
190 217
190 2
190 200
190 218
190 102
190 68
190 93
190 82
190 79
190 3
190 6
190 151
190 207
190 39
202 134
202 132
202 90
202 14
202 192
202 24
202 114
202 64
202 65
202 26
202 152
202 212
202 145
202 37
202 106
202 84
202 87
202 50
202 21
202 96
202 88
202 183
202 120
202 195
202 214
202 42
202 126
202 177
202 76
202 113
202 17
202 103
202 38
202 184
202 97
202 77
202 124
202 45
202 72
202 57
202 48
202 128
202 196
202 129
202 217
202 111
202 218
202 102
202 68
202 182
202 61
202 82
202 215
202 188
202 3
202 6
202 174
202 156
202 189
202 62
134 132
134 105
134 14
134 178
134 192
134 143
134 25
134 146
134 112
134 212
134 147
134 173
134 37
134 15
134 87
134 55
134 172
134 22
134 110
134 88
134 163
134 183
134 120
134 195
134 176
134 144
134 148
134 184
134 1
134 97
134 77
134 124
134 72
134 8
134 33
134 166
134 201
134 58
134 99
134 63
134 5
134 159
134 49
134 7
134 36
134 74
134 69
134 52
134 108
134 85
134 200
134 215
134 79
134 86
134 6
134 54
134 174
134 189
134 62
134 71
134 18
134 39
132 209
132 90
132 70
132 138
132 75
132 14
132 178
132 143
132 16
132 65
132 26
132 152
132 112
132 34
132 173
132 4
132 15
132 94
132 22
132 110
132 101
132 120
132 119
132 219
132 42
132 76
132 28
132 164
132 150
132 1
132 45
132 8
132 201
132 58
132 118
132 57
132 48
132 196
132 142
132 108
132 217
132 111
132 200
132 102
132 68
132 29
132 93
132 82
132 215
132 194
132 79
132 0
132 3
132 174
132 13
132 156
132 151
132 207
132 160
132 18
209 155
209 70
209 98
209 178
209 192
209 12
209 114
209 146
209 19
209 153
209 65
209 116
209 152
209 212
209 145
209 37
209 4
209 106
209 84
209 80
209 172
209 133
209 50
209 22
209 21
209 110
209 161
209 101
209 104
209 195
209 204
209 140
209 51
209 42
209 177
209 113
209 103
209 97
209 77
209 33
209 166
209 10
209 58
209 63
209 5
209 213
209 48
209 7
209 74
209 196
209 142
209 52
209 199
209 2
209 89
209 182
209 93
209 188
209 0
209 6
209 189
135 193
135 105
135 107
135 178
135 95
135 12
135 64
135 65
135 112
135 147
135 34
135 4
135 15
135 106
135 84
135 87
135 55
135 50
135 22
135 158
135 185
135 96
135 104
135 120
135 195
135 204
135 119
135 42
135 126
135 28
135 150
135 97
135 77
135 72
135 33
135 118
135 99
135 159
135 48
135 128
135 7
135 36
135 196
135 167
135 52
135 129
135 31
135 217
135 111
135 2
135 89
135 29
135 215
135 79
135 86
135 3
135 54
135 136
135 156
135 151
135 71
155 70
155 98
155 14
155 95
155 12
155 114
155 25
155 153
155 116
155 212
155 34
155 173
155 4
155 84
155 80
155 94
155 157
155 21
155 170
155 163
155 120
155 204
155 43
155 51
155 211
155 148
155 38
155 184
155 201
155 118
155 63
155 49
155 128
155 74
155 142
155 52
155 199
155 31
155 217
155 218
155 68
155 89
155 188
155 79
155 86
155 3
155 13
155 136
155 156
155 151
155 62
155 71
155 39
193 138
193 14
193 95
193 16
193 25
193 146
193 19
193 153
193 26
193 152
193 112
193 147
193 34
193 15
193 94
193 157
193 172
193 78
193 22
193 21
193 161
193 88
193 170
193 163
193 101
193 120
193 140
193 219
193 126
193 76
193 113
193 17
193 103
193 1
193 97
193 124
193 166
193 10
193 7
193 154
193 167
193 52
193 199
193 129
193 31
193 200
193 182
193 93
193 215
193 3
193 13
193 189
193 151
193 18
90 138
90 98
90 25
90 152
90 173
90 106
90 55
90 78
90 163
90 120
90 140
90 176
90 219
90 126
90 76
90 164
90 148
90 17
90 38
90 184
90 77
90 56
90 72
90 8
90 33
90 10
90 5
90 213
90 48
90 49
90 7
90 74
90 137
90 52
90 199
90 129
90 111
90 218
90 102
90 89
90 182
90 0
90 86
90 6
90 136
90 156
90 189
90 151
90 207
90 62
90 18
105 70
105 138
105 98
105 95
105 16
105 106
105 80
105 94
105 172
105 133
105 50
105 158
105 21
105 161
105 96
105 170
105 163
105 183
105 104
105 204
105 140
105 51
105 219
105 211
105 144
105 113
105 148
105 17
105 184
105 124
105 56
105 72
105 118
105 99
105 213
105 159
105 196
105 52
105 2
105 85
105 200
105 218
105 102
105 68
105 198
105 82
105 188
105 79
105 86
105 174
105 13
105 136
105 62
105 39
70 138
70 75
70 178
70 192
70 24
70 143
70 114
70 16
70 19
70 153
70 26
70 152
70 212
70 147
70 53
70 15
70 84
70 87
70 157
70 172
70 78
70 21
70 110
70 161
70 101
70 104
70 195
70 51
70 219
70 76
70 148
70 17
70 103
70 38
70 124
70 45
70 72
70 33
70 166
70 118
70 5
70 57
70 213
70 128
70 36
70 74
70 196
70 137
70 69
70 199
70 108
70 31
70 182
70 61
70 82
70 86
70 3
70 6
70 156
70 62
70 18
70 39
107 75
107 98
107 14
107 114
107 64
107 153
107 26
107 173
107 37
107 4
107 53
107 106
107 87
107 157
107 172
107 50
107 22
107 158
107 21
107 161
107 163
107 140
107 214
107 43
107 51
107 219
107 42
107 211
107 76
107 164
107 113
107 148
107 184
107 124
107 56
107 45
107 8
107 33
107 58
107 57
107 213
107 154
107 196
107 52
107 199
107 141
107 129
107 108
107 217
107 111
107 2
107 200
107 68
107 198
107 194
107 188
107 79
107 6
107 54
107 174
107 136
107 151
107 18
107 39
138 75
138 98
138 178
138 143
138 12
138 64
138 65
138 26
138 152
138 212
138 87
138 55
138 172
138 78
138 133
138 50
138 22
138 21
138 96
138 170
138 183
138 195
138 204
138 176
138 42
138 211
138 164
138 150
138 1
138 45
138 33
138 166
138 99
138 159
138 48
138 49
138 128
138 7
138 142
138 69
138 52
138 199
138 129
138 31
138 2
138 85
138 200
138 218
138 102
138 68
138 82
138 188
138 0
138 3
138 6
138 54
138 136
138 189
138 207
75 192
75 143
75 112
75 212
75 84
75 172
75 50
75 22
75 163
75 101
75 104
75 120
75 140
75 176
75 43
75 76
75 28
75 148
75 150
75 77
75 56
75 63
75 57
75 159
75 142
75 167
75 52
75 141
75 108
75 31
75 2
75 200
75 218
75 182
75 194
75 79
75 86
75 3
75 6
75 174
75 13
75 156
75 189
75 62
75 71
75 39
98 95
98 152
98 147
98 145
98 37
98 4
98 87
98 78
98 133
98 158
98 161
98 163
98 214
98 176
98 43
98 219
98 177
98 76
98 148
98 17
98 38
98 184
98 1
98 124
98 45
98 72
98 8
98 99
98 57
98 48
98 74
98 196
98 137
98 167
98 69
98 141
98 31
98 2
98 85
98 200
98 218
98 89
98 29
98 182
98 93
98 198
98 61
98 82
98 194
98 0
98 3
98 6
98 136
98 156
98 151
14 192
14 12
14 114
14 16
14 25
14 146
14 153
14 65
14 116
14 112
14 212
14 34
14 173
14 4
14 53
14 157
14 133
14 22
14 110
14 161
14 185
14 96
14 163
14 120
14 204
14 140
14 51
14 211
14 177
14 164
14 17
14 103
14 38
14 184
14 1
14 77
14 72
14 33
14 201
14 10
14 118
14 99
14 57
14 213
14 49
14 128
14 154
14 36
14 74
14 108
14 111
14 200
14 102
14 182
14 61
14 215
14 188
14 174
14 156
14 62
14 18
14 39
178 64
178 146
178 153
178 65
178 26
178 112
178 145
178 15
178 84
178 55
178 158
178 21
178 110
178 185
178 88
178 170
178 104
178 120
178 195
178 140
178 214
178 42
178 76
178 113
178 150
178 184
178 124
178 45
178 166
178 58
178 99
178 159
178 48
178 69
178 199
178 141
178 129
178 31
178 111
178 2
178 85
178 200
178 218
178 102
178 68
178 89
178 215
178 0
178 86
178 6
178 54
178 174
178 136
178 156
178 207
192 95
192 12
192 65
192 116
192 26
192 152
192 173
192 4
192 53
192 94
192 157
192 78
192 133
192 21
192 88
192 120
192 140
192 43
192 42
192 177
192 164
192 113
192 1
192 97
192 56
192 72
192 8
192 33
192 10
192 58
192 118
192 63
192 57
192 159
192 49
192 7
192 167
192 52
192 199
192 129
192 108
192 102
192 89
192 198
192 61
192 215
192 194
192 0
192 3
192 136
192 156
192 71
192 18
192 39
24 95
24 12
24 64
24 153
24 65
24 116
24 26
24 212
24 147
24 34
24 53
24 106
24 80
24 55
24 172
24 78
24 133
24 50
24 22
24 158
24 110
24 88
24 170
24 183
24 101
24 204
24 214
24 176
24 119
24 219
24 76
24 28
24 113
24 150
24 97
24 124
24 45
24 72
24 8
24 33
24 201
24 10
24 58
24 63
24 5
24 57
24 213
24 48
24 154
24 69
24 141
24 129
24 108
24 31
24 29
24 198
24 215
24 13
24 156
24 151
24 62
143 16
143 146
143 116
143 152
143 112
143 145
143 106
143 84
143 172
143 50
143 22
143 158
143 21
143 161
143 183
143 120
143 195
143 204
143 176
143 51
143 219
143 211
143 126
143 177
143 28
143 148
143 184
143 97
143 124
143 56
143 8
143 33
143 10
143 118
143 99
143 57
143 159
143 7
143 154
143 142
143 167
143 199
143 129
143 217
143 85
143 89
143 29
143 198
143 215
143 0
143 54
143 13
143 189
143 151
143 207
143 62
143 160
95 12
95 25
95 146
95 152
95 212
95 147
95 173
95 145
95 37
95 4
95 106
95 87
95 80
95 172
95 50
95 21
95 185
95 43
95 51
95 119
95 126
95 76
95 164
95 150
95 38
95 184
95 1
95 97
95 72
95 33
95 201
95 10
95 58
95 63
95 74
95 196
95 142
95 137
95 167
95 69
95 199
95 217
95 200
95 102
95 89
95 93
95 188
95 54
95 136
95 156
95 62
95 160
95 39
12 114
12 146
12 19
12 65
12 116
12 152
12 106
12 87
12 80
12 55
12 172
12 158
12 21
12 185
12 88
12 170
12 195
12 140
12 214
12 119
12 211
12 177
12 76
12 144
12 17
12 38
12 124
12 8
12 201
12 10
12 118
12 57
12 159
12 48
12 49
12 36
12 167
12 199
12 217
12 111
12 2
12 102
12 68
12 93
12 198
12 61
12 194
12 0
12 3
12 54
12 13
12 136
12 189
12 151
12 62
12 71
114 16
114 146
114 19
114 153
114 65
114 152
114 212
114 34
114 173
114 37
114 4
114 53
114 106
114 94
114 157
114 22
114 21
114 101
114 104
114 214
114 43
114 177
114 144
114 113
114 38
114 1
114 97
114 124
114 56
114 45
114 72
114 166
114 201
114 118
114 5
114 57
114 49
114 74
114 196
114 142
114 199
114 141
114 129
114 217
114 200
114 218
114 102
114 68
114 89
114 29
114 182
114 93
114 82
114 194
114 79
114 3
114 6
114 54
114 13
114 39
16 64
16 146
16 26
16 152
16 212
16 34
16 84
16 157
16 55
16 133
16 158
16 88
16 163
16 101
16 214
16 176
16 51
16 211
16 126
16 177
16 148
16 150
16 38
16 1
16 124
16 56
16 45
16 8
16 10
16 58
16 118
16 63
16 49
16 196
16 137
16 167
16 69
16 199
16 31
16 217
16 2
16 85
16 68
16 29
16 61
16 82
16 194
16 188
16 13
16 136
16 156
16 189
16 18
16 39
25 64
25 146
25 19
25 153
25 65
25 152
25 212
25 147
25 34
25 145
25 87
25 80
25 78
25 158
25 96
25 88
25 183
25 101
25 104
25 140
25 51
25 219
25 76
25 113
25 148
25 38
25 184
25 1
25 56
25 45
25 5
25 213
25 49
25 36
25 142
25 137
25 167
25 52
25 108
25 31
25 111
25 200
25 102
25 68
25 93
25 61
25 82
25 188
25 0
25 86
25 3
25 6
25 189
25 18
64 26
64 152
64 212
64 145
64 37
64 4
64 106
64 87
64 80
64 94
64 157
64 133
64 50
64 158
64 21
64 185
64 96
64 170
64 163
64 101
64 120
64 195
64 214
64 43
64 51
64 177
64 28
64 144
64 113
64 17
64 103
64 97
64 77
64 56
64 45
64 8
64 33
64 10
64 58
64 118
64 63
64 5
64 48
64 7
64 142
64 199
64 141
64 129
64 217
64 111
64 2
64 200
64 182
64 93
64 79
64 86
64 3
64 6
64 160
146 19
146 65
146 212
146 147
146 34
146 173
146 145
146 106
146 94
146 157
146 158
146 88
146 204
146 176
146 43
146 42
146 211
146 28
146 164
146 113
146 184
146 56
146 45
146 72
146 58
146 48
146 154
146 36
146 196
146 52
146 31
146 200
146 218
146 68
146 182
146 61
146 215
146 188
146 79
146 54
146 151
146 62
146 18
19 65
19 26
19 112
19 173
19 4
19 157
19 133
19 22
19 158
19 96
19 101
19 120
19 195
19 140
19 214
19 176
19 43
19 51
19 219
19 42
19 211
19 126
19 177
19 28
19 164
19 113
19 103
19 56
19 33
19 166
19 58
19 99
19 63
19 5
19 159
19 128
19 7
19 154
19 36
19 74
19 196
19 167
19 52
19 129
19 111
19 2
19 200
19 102
19 89
19 29
19 182
19 93
19 82
19 79
19 0
19 86
19 6
19 54
19 39
153 26
153 212
153 34
153 53
153 106
153 94
153 172
153 50
153 21
153 183
153 104
153 195
153 204
153 214
153 51
153 42
153 211
153 177
153 28
153 113
153 148
153 103
153 1
153 72
153 201
153 58
153 118
153 99
153 57
153 213
153 159
153 49
153 128
153 196
153 142
153 137
153 108
153 89
153 182
153 79
153 3
153 6
153 156
153 207
153 62
153 160
153 39
65 152
65 173
65 37
65 15
65 87
65 80
65 94
65 157
65 172
65 133
65 50
65 158
65 161
65 170
65 183
65 120
65 119
65 219
65 28
65 144
65 113
65 103
65 184
65 97
65 124
65 72
65 8
65 33
65 10
65 58
65 63
65 213
65 7
65 137
65 167
65 199
65 31
65 68
65 182
65 198
65 82
65 194
65 0
65 13
65 136
65 207
65 62
65 160
116 26
116 152
116 112
116 173
116 37
116 80
116 55
116 78
116 133
116 50
116 161
116 96
116 88
116 195
116 176
116 51
116 126
116 164
116 144
116 97
116 77
116 8
116 166
116 58
116 48
116 167
116 69
116 108
116 31
116 111
116 85
116 200
116 182
116 198
116 215
116 79
116 156
116 160
116 18
26 152
26 34
26 37
26 15
26 87
26 94
26 157
26 55
26 158
26 185
26 88
26 163
26 195
26 219
26 76
26 28
26 164
26 150
26 17
26 38
26 56
26 45
26 72
26 10
26 118
26 57
26 48
26 49
26 128
26 154
26 52
26 199
26 31
26 85
26 218
26 182
26 93
26 215
26 188
26 79
26 54
26 174
26 136
152 112
152 212
152 173
152 15
152 50
152 185
152 88
152 183
152 101
152 120
152 195
152 204
152 176
152 219
152 76
152 113
152 97
152 124
152 8
152 33
152 166
152 201
152 58
152 118
152 213
152 128
152 7
152 142
152 199
152 108
152 31
152 217
152 111
152 102
152 93
152 194
152 0
152 3
152 6
152 54
152 13
152 151
152 160
152 71
112 37
112 53
112 106
112 84
112 87
112 80
112 55
112 172
112 78
112 133
112 22
112 110
112 161
112 185
112 96
112 163
112 120
112 214
112 43
112 164
112 184
112 1
112 97
112 77
112 45
112 166
112 58
112 213
112 7
112 196
112 142
112 167
112 69
112 52
112 129
112 108
112 111
112 200
112 68
112 89
112 198
112 61
112 82
112 79
112 54
112 136
112 151
112 62
112 18
212 147
212 34
212 87
212 21
212 88
212 219
212 126
212 144
212 38
212 184
212 1
212 77
212 45
212 33
212 58
212 57
212 48
212 49
212 7
212 36
212 74
212 196
212 141
212 129
212 108
212 85
212 68
212 82
212 0
212 3
212 136
212 151
212 160
212 71
212 18
147 37
147 53
147 15
147 87
147 80
147 157
147 172
147 158
147 21
147 183
147 120
147 51
147 126
147 76
147 144
147 113
147 150
147 184
147 1
147 124
147 45
147 201
147 10
147 99
147 63
147 57
147 154
147 36
147 196
147 142
147 167
147 199
147 141
147 217
147 111
147 85
147 200
147 61
147 215
147 188
147 0
147 86
147 3
147 6
147 54
147 13
147 156
147 207
147 62
147 18
147 39
34 145
34 94
34 157
34 78
34 50
34 158
34 110
34 101
34 176
34 43
34 51
34 219
34 211
34 177
34 76
34 28
34 144
34 113
34 148
34 103
34 77
34 72
34 33
34 166
34 201
34 99
34 48
34 128
34 154
34 69
34 31
34 217
34 2
34 200
34 102
34 68
34 198
34 82
34 79
34 0
34 86
34 3
34 54
34 189
34 151
34 207
34 71
34 39
173 53
173 55
173 78
173 133
173 22
173 185
173 88
173 183
173 195
173 204
173 214
173 176
173 42
173 177
173 76
173 28
173 164
173 103
173 97
173 56
173 45
173 8
173 201
173 10
173 58
173 99
173 213
173 48
173 128
173 154
173 74
173 196
173 142
173 167
173 69
173 141
173 108
173 111
173 188
173 79
173 0
173 174
173 156
173 189
173 39
145 87
145 157
145 55
145 172
145 133
145 22
145 158
145 96
145 163
145 120
145 140
145 219
145 42
145 28
145 113
145 17
145 103
145 1
145 166
145 99
145 154
145 142
145 137
145 69
145 52
145 141
145 217
145 111
145 102
145 29
145 182
145 82
145 215
145 194
145 0
145 3
145 174
145 13
145 136
145 207
145 62
145 160
145 18
145 39
37 4
37 22
37 110
37 185
37 101
37 195
37 214
37 176
37 177
37 150
37 17
37 103
37 184
37 97
37 56
37 45
37 33
37 166
37 10
37 5
37 57
37 159
37 48
37 128
37 7
37 142
37 69
37 52
37 199
37 108
37 200
37 218
37 68
37 29
37 198
37 82
37 215
37 79
37 86
37 6
37 174
37 156
37 189
37 151
4 53
4 15
4 84
4 87
4 157
4 172
4 22
4 185
4 170
4 183
4 195
4 51
4 119
4 42
4 164
4 144
4 113
4 148
4 38
4 184
4 77
4 166
4 10
4 99
4 5
4 213
4 159
4 48
4 49
4 36
4 196
4 142
4 137
4 69
4 52
4 199
4 141
4 129
4 108
4 31
4 200
4 89
4 82
4 194
4 188
4 0
4 86
4 54
53 106
53 87
53 94
53 55
53 133
53 185
53 163
53 104
53 195
53 140
53 176
53 43
53 119
53 177
53 113
53 103
53 184
53 1
53 8
53 58
53 99
53 5
53 213
53 48
53 49
53 7
53 52
53 111
53 218
53 102
53 68
53 89
53 198
53 215
53 0
53 6
53 54
53 136
53 189
53 151
15 84
15 87
15 94
15 78
15 110
15 161
15 96
15 183
15 101
15 204
15 140
15 214
15 43
15 219
15 42
15 126
15 177
15 28
15 144
15 113
15 150
15 38
15 184
15 1
15 97
15 56
15 72
15 58
15 118
15 63
15 213
15 159
15 154
15 74
15 196
15 137
15 69
15 52
15 199
15 31
15 85
15 218
15 68
15 82
15 215
15 0
15 136
15 160
106 80
106 172
106 133
106 158
106 88
106 163
106 183
106 120
106 140
106 176
106 51
106 219
106 126
106 28
106 164
106 103
106 38
106 97
106 77
106 124
106 56
106 8
106 33
106 166
106 10
106 99
106 5
106 57
106 159
106 48
106 7
106 196
106 69
106 108
106 2
106 29
106 215
106 194
106 86
106 136
106 207
106 18
106 39
84 80
84 157
84 110
84 88
84 163
84 183
84 120
84 195
84 204
84 140
84 214
84 219
84 126
84 177
84 148
84 103
84 56
84 8
84 166
84 58
84 63
84 5
84 36
84 196
84 167
84 69
84 141
84 31
84 111
84 218
84 68
84 29
84 198
84 61
84 82
84 3
84 54
84 174
84 207
84 160
84 18
87 94
87 55
87 172
87 78
87 133
87 21
87 185
87 163
87 204
87 176
87 43
87 51
87 219
87 42
87 177
87 76
87 113
87 150
87 17
87 103
87 38
87 184
87 97
87 77
87 56
87 72
87 8
87 201
87 48
87 49
87 154
87 199
87 141
87 31
87 217
87 85
87 200
87 218
87 29
87 182
87 0
87 86
87 6
87 54
87 189
87 71
80 157
80 172
80 78
80 133
80 21
80 110
80 96
80 88
80 170
80 101
80 104
80 195
80 140
80 214
80 176
80 119
80 177
80 164
80 144
80 113
80 17
80 45
80 33
80 166
80 10
80 5
80 213
80 48
80 49
80 128
80 36
80 74
80 199
80 141
80 108
80 217
80 111
80 85
80 218
80 29
80 93
80 61
80 82
80 0
80 3
80 189
80 207
94 78
94 88
94 101
94 104
94 140
94 43
94 119
94 42
94 76
94 148
94 17
94 1
94 72
94 10
94 99
94 48
94 154
94 36
94 74
94 196
94 137
94 69
94 31
94 89
94 182
94 79
94 0
94 54
94 13
94 189
94 151
94 71
157 22
157 161
157 185
157 170
157 104
157 204
157 176
157 43
157 51
157 119
157 219
157 177
157 113
157 148
157 184
157 56
157 45
157 72
157 8
157 166
157 58
157 118
157 63
157 213
157 36
157 74
157 142
157 137
157 167
157 69
157 108
157 217
157 2
157 85
157 89
157 61
157 82
157 188
157 0
157 6
157 54
157 174
157 136
157 156
157 189
157 151
157 62
157 160
55 133
55 21
55 96
55 204
55 214
55 176
55 51
55 177
55 28
55 144
55 113
55 150
55 97
55 124
55 8
55 10
55 63
55 5
55 154
55 74
55 137
55 69
55 52
55 199
55 217
55 111
55 102
55 68
55 89
55 188
55 0
55 3
55 13
55 189
55 207
55 71
172 133
172 161
172 96
172 101
172 120
172 176
172 43
172 51
172 103
172 38
172 184
172 97
172 124
172 45
172 8
172 33
172 166
172 154
172 36
172 74
172 137
172 69
172 52
172 129
172 108
172 31
172 85
172 218
172 89
172 182
172 188
172 3
172 6
172 54
172 136
172 39
78 21
78 183
78 101
78 104
78 204
78 176
78 51
78 119
78 219
78 126
78 177
78 164
78 113
78 103
78 38
78 184
78 77
78 8
78 201
78 10
78 159
78 128
78 7
78 196
78 137
78 199
78 141
78 108
78 31
78 217
78 111
78 85
78 68
78 93
78 54
78 174
78 156
78 189
78 62
78 160
78 18
133 22
133 158
133 21
133 161
133 88
133 170
133 104
133 120
133 204
133 51
133 211
133 113
133 148
133 150
133 97
133 56
133 45
133 72
133 99
133 63
133 48
133 49
133 128
133 36
133 142
133 52
133 31
133 111
133 85
133 89
133 182
133 93
133 215
133 0
133 13
133 189
133 151
133 160
133 18
50 21
50 161
50 183
50 195
50 119
50 219
50 211
50 28
50 113
50 150
50 17
50 8
50 33
50 201
50 99
50 63
50 5
50 213
50 128
50 154
50 36
50 74
50 137
50 141
50 31
50 217
50 200
50 218
50 182
50 93
50 198
50 61
50 194
50 188
50 79
50 6
50 136
50 156
50 207
50 160
50 71
50 39
22 110
22 185
22 96
22 88
22 170
22 183
22 120
22 140
22 214
22 176
22 113
22 103
22 1
22 45
22 10
22 5
22 57
22 48
22 74
22 167
22 52
22 199
22 108
22 31
22 2
22 218
22 102
22 182
22 215
22 188
22 79
22 0
22 174
22 151
22 71
158 21
158 161
158 185
158 96
158 88
158 163
158 104
158 204
158 214
158 176
158 219
158 76
158 113
158 148
158 150
158 38
158 1
158 97
158 77
158 56
158 8
158 33
158 10
158 58
158 99
158 63
158 57
158 159
158 36
158 196
158 69
158 199
158 129
158 31
158 111
158 85
158 89
158 0
158 54
158 13
158 156
158 189
158 151
158 62
158 160
158 71
158 39
21 110
21 96
21 204
21 176
21 126
21 177
21 28
21 164
21 144
21 148
21 150
21 17
21 1
21 56
21 45
21 72
21 10
21 58
21 99
21 213
21 48
21 7
21 36
21 74
21 142
21 217
21 111
21 85
21 218
21 102
21 82
21 215
21 194
21 79
21 86
21 174
21 136
21 156
21 189
21 160
110 161
110 96
110 170
110 163
110 183
110 104
110 204
110 43
110 119
110 28
110 17
110 38
110 184
110 45
110 118
110 5
110 57
110 159
110 49
110 199
110 129
110 2
110 200
110 29
110 182
110 82
110 215
110 194
110 79
110 86
110 136
110 207
161 104
161 140
161 43
161 119
161 42
161 76
161 164
161 144
161 103
161 97
161 77
161 124
161 72
161 10
161 49
161 7
161 154
161 74
161 142
161 167
161 141
161 31
161 102
161 215
161 86
161 6
161 54
161 62
161 18
185 96
185 88
185 170
185 163
185 101
185 120
185 214
185 176
185 211
185 76
185 28
185 148
185 184
185 124
185 72
185 10
185 213
185 48
185 74
185 142
185 69
185 52
185 199
185 141
185 129
185 108
185 31
185 217
185 2
185 102
185 29
185 182
185 194
185 54
185 174
185 136
185 156
185 62
185 160
185 71
185 18
185 39
96 163
96 183
96 101
96 104
96 120
96 195
96 204
96 140
96 176
96 51
96 119
96 42
96 164
96 148
96 97
96 124
96 56
96 72
96 33
96 118
96 48
96 49
96 128
96 7
96 36
96 137
96 69
96 199
96 141
96 217
96 111
96 2
96 200
96 102
96 68
96 89
96 29
96 215
96 188
96 79
96 3
96 6
96 174
96 156
96 160
96 71
96 18
88 195
88 214
88 176
88 219
88 211
88 144
88 103
88 184
88 77
88 124
88 45
88 8
88 10
88 58
88 118
88 213
88 128
88 142
88 69
88 199
88 31
88 217
88 111
88 85
88 102
88 89
88 93
88 194
88 79
88 86
88 136
88 156
88 189
88 207
88 160
88 71
88 39
170 163
170 101
170 104
170 204
170 214
170 176
170 42
170 177
170 76
170 144
170 184
170 1
170 45
170 58
170 99
170 63
170 5
170 57
170 49
170 128
170 154
170 196
170 52
170 199
170 141
170 111
170 218
170 68
170 89
170 182
170 93
170 194
170 6
170 174
170 13
170 156
170 189
170 151
170 62
170 160
163 101
163 204
163 140
163 176
163 119
163 211
163 126
163 76
163 28
163 164
163 113
163 17
163 103
163 38
163 97
163 33
163 166
163 10
163 63
163 57
163 213
163 159
163 128
163 154
163 196
163 142
163 137
163 129
163 108
163 2
163 85
163 89
163 182
163 61
163 215
163 188
163 0
163 86
163 136
163 151
163 62
163 18
163 39
183 101
183 204
183 214
183 211
183 144
183 148
183 17
183 97
183 77
183 56
183 72
183 166
183 10
183 58
183 5
183 213
183 7
183 154
183 74
183 196
183 167
183 69
183 129
183 108
183 85
183 200
183 218
183 102
183 89
183 198
183 61
183 82
183 215
183 188
183 79
183 86
183 71
101 120
101 204
101 119
101 211
101 177
101 76
101 28
101 113
101 148
101 17
101 77
101 45
101 72
101 118
101 63
101 57
101 48
101 154
101 36
101 196
101 167
101 199
101 141
101 108
101 2
101 85
101 102
101 13
101 136
101 189
101 207
101 62
101 39
104 120
104 195
104 51
104 126
104 164
104 148
104 38
104 184
104 10
104 58
104 128
104 74
104 196
104 52
104 199
104 217
104 102
104 68
104 89
104 82
104 86
104 136
104 151
104 207
104 160
104 71
104 18
120 204
120 51
120 113
120 38
120 184
120 77
120 124
120 56
120 166
120 58
120 118
120 5
120 48
120 36
120 196
120 137
120 69
120 199
120 141
120 108
120 217
120 68
120 89
120 182
120 198
120 61
120 188
120 79
120 0
120 86
120 3
120 174
120 156
120 189
120 160
195 51
195 119
195 76
195 17
195 97
195 33
195 10
195 58
195 118
195 99
195 63
195 5
195 213
195 159
195 154
195 36
195 167
195 52
195 199
195 141
195 217
195 2
195 218
195 68
195 182
195 194
195 0
195 54
195 174
195 13
195 136
195 71
195 18
195 39
204 140
204 219
204 126
204 164
204 144
204 97
204 77
204 56
204 45
204 166
204 201
204 118
204 99
204 5
204 57
204 159
204 7
204 74
204 142
204 167
204 141
204 108
204 217
204 2
204 215
204 188
204 136
204 156
204 151
204 207
204 18
204 39
140 119
140 219
140 164
140 150
140 1
140 33
140 63
140 57
140 48
140 7
140 167
140 69
140 199
140 217
140 200
140 102
140 68
140 61
140 82
140 194
140 188
140 79
140 0
140 3
140 13
140 136
140 189
140 151
140 71
140 39
214 51
214 119
214 211
214 126
214 144
214 113
214 148
214 184
214 97
214 166
214 58
214 118
214 63
214 57
214 213
214 159
214 48
214 7
214 154
214 36
214 196
214 167
214 69
214 52
214 129
214 31
214 217
214 2
214 102
214 68
214 29
214 182
214 215
214 188
214 0
214 86
214 6
214 54
214 151
214 62
214 71
214 39
176 219
176 211
176 177
176 1
176 124
176 72
176 166
176 10
176 63
176 128
176 154
176 36
176 74
176 196
176 137
176 167
176 141
176 108
176 217
176 218
176 102
176 68
176 93
176 61
176 79
176 86
176 3
176 6
176 151
176 207
176 160
176 71
176 18
43 51
43 119
43 126
43 177
43 76
43 28
43 164
43 144
43 113
43 17
43 103
43 184
43 1
43 77
43 45
43 72
43 33
43 118
43 57
43 213
43 159
43 154
43 36
43 196
43 137
43 167
43 141
43 217
43 85
43 218
43 102
43 29
43 182
43 198
43 82
43 215
43 194
43 188
43 79
43 174
43 156
43 151
43 207
43 71
51 42
51 211
51 126
51 28
51 164
51 148
51 1
51 72
51 8
51 58
51 63
51 5
51 159
51 48
51 49
51 154
51 74
51 196
51 137
51 69
51 52
51 217
51 218
51 102
51 89
51 29
51 93
51 198
51 188
51 3
51 156
51 160
119 42
119 28
119 144
119 103
119 72
119 8
119 166
119 118
119 99
119 48
119 49
119 128
119 7
119 154
119 196
119 142
119 199
119 141
119 129
119 108
119 217
119 2
119 200
119 218
119 0
119 86
119 3
119 54
119 189
119 151
119 18
119 39
219 42
219 126
219 77
219 56
219 72
219 33
219 201
219 10
219 58
219 118
219 159
219 49
219 196
219 142
219 199
219 108
219 31
219 111
219 2
219 68
219 89
219 29
219 82
219 215
219 194
219 79
219 0
219 3
219 6
219 13
219 189
219 207
42 211
42 126
42 28
42 17
42 103
42 184
42 124
42 72
42 10
42 58
42 118
42 57
42 36
42 137
42 69
42 129
42 108
42 85
42 200
42 102
42 68
42 93
42 61
42 194
42 188
42 0
42 54
42 174
42 156
42 62
42 71
42 39
211 76
211 28
211 144
211 148
211 150
211 38
211 184
211 1
211 97
211 124
211 56
211 33
211 63
211 5
211 159
211 48
211 74
211 196
211 52
211 129
211 111
211 29
211 93
211 188
211 79
211 0
211 156
211 189
211 62
211 160
126 144
126 113
126 148
126 150
126 17
126 1
126 97
126 56
126 45
126 72
126 8
126 33
126 201
126 10
126 118
126 63
126 57
126 7
126 74
126 196
126 137
126 199
126 141
126 129
126 217
126 111
126 218
126 68
126 182
126 61
126 215
126 188
126 79
126 6
126 54
126 174
126 189
126 62
126 71
126 39
177 150
177 184
177 97
177 77
177 56
177 33
177 166
177 201
177 10
177 99
177 63
177 57
177 213
177 159
177 48
177 128
177 36
177 74
177 31
177 111
177 2
177 85
177 200
177 218
177 29
177 93
177 86
177 54
177 174
177 136
177 207
177 62
177 39
76 28
76 144
76 113
76 17
76 184
76 97
76 77
76 56
76 45
76 8
76 33
76 201
76 63
76 213
76 49
76 154
76 196
76 137
76 167
76 69
76 52
76 199
76 217
76 218
76 102
76 182
76 79
76 0
76 54
76 174
76 136
76 207
76 18
76 39
28 164
28 144
28 113
28 148
28 150
28 103
28 184
28 97
28 56
28 45
28 58
28 99
28 57
28 159
28 7
28 154
28 196
28 142
28 69
28 217
28 111
28 200
28 68
28 29
28 198
28 82
28 194
28 3
28 54
28 13
28 136
28 62
28 71
164 148
164 97
164 56
164 45
164 33
164 201
164 118
164 49
164 36
164 142
164 167
164 69
164 52
164 108
164 217
164 89
164 198
164 215
164 194
164 188
164 79
164 3
164 6
164 13
164 151
164 207
164 62
144 113
144 150
144 17
144 97
144 45
144 72
144 8
144 166
144 10
144 58
144 118
144 159
144 49
144 128
144 154
144 167
144 199
144 129
144 108
144 31
144 111
144 2
144 68
144 61
144 82
144 79
144 13
144 156
144 71
113 150
113 38
113 97
113 124
113 56
113 72
113 33
113 166
113 201
113 99
113 5
113 128
113 69
113 52
113 199
113 2
113 89
113 194
113 188
113 156
113 151
113 207
113 39
148 150
148 38
148 124
148 8
148 33
148 58
148 118
148 213
148 49
148 74
148 167
148 108
148 217
148 2
148 85
148 200
148 29
148 198
148 82
148 79
148 86
148 6
148 136
148 156
148 189
148 160
148 39
150 77
150 166
150 201
150 118
150 99
150 63
150 5
150 154
150 196
150 69
150 141
150 217
150 200
150 89
150 29
150 182
150 61
150 79
150 3
150 13
150 156
150 207
150 160
17 1
17 124
17 8
17 33
17 10
17 5
17 213
17 159
17 128
17 7
17 74
17 167
17 52
17 199
17 129
17 68
17 29
17 215
17 79
17 3
17 54
17 174
17 189
17 71
17 18
17 39
103 184
103 1
103 124
103 56
103 72
103 166
103 201
103 10
103 63
103 213
103 137
103 199
103 31
103 111
103 85
103 218
103 68
103 89
103 29
103 93
103 215
103 188
103 0
103 3
103 6
103 174
103 151
103 160
103 18
38 184
38 97
38 77
38 45
38 72
38 8
38 33
38 99
38 57
38 213
38 128
38 74
38 142
38 129
38 108
38 217
38 2
38 85
38 102
38 68
38 182
38 93
38 215
38 194
38 86
38 3
38 6
38 174
38 156
38 207
38 160
38 71
184 124
184 8
184 166
184 118
184 99
184 63
184 7
184 154
184 137
184 167
184 69
184 199
184 108
184 200
184 102
184 68
184 29
184 182
184 93
184 215
184 188
184 79
184 86
184 54
184 13
184 189
184 207
184 71
1 77
1 124
1 8
1 33
1 166
1 201
1 10
1 58
1 63
1 57
1 213
1 48
1 74
1 137
1 69
1 199
1 108
1 31
1 217
1 85
1 68
1 89
1 29
1 182
1 61
1 194
1 79
1 0
1 3
1 13
1 136
1 156
1 71
97 77
97 8
97 33
97 166
97 99
97 159
97 48
97 49
97 154
97 74
97 199
97 129
97 108
97 31
97 217
97 111
97 2
97 89
97 29
97 93
97 215
97 194
97 0
97 86
97 3
97 6
97 54
97 136
97 156
97 189
97 151
97 18
77 45
77 201
77 58
77 99
77 57
77 48
77 49
77 128
77 7
77 167
77 69
77 141
77 111
77 85
77 61
77 194
77 79
77 0
77 54
77 174
77 189
77 151
77 39
124 56
124 8
124 201
124 10
124 58
124 5
124 48
124 128
124 154
124 196
124 137
124 167
124 69
124 129
124 85
124 218
124 182
124 215
124 188
124 3
124 6
124 54
124 174
124 136
124 207
124 160
56 45
56 166
56 201
56 118
56 57
56 48
56 154
56 36
56 74
56 69
56 199
56 141
56 129
56 218
56 182
56 93
56 198
56 215
56 79
56 0
56 6
56 54
56 62
56 18
45 33
45 5
45 57
45 213
45 159
45 49
45 7
45 36
45 74
45 137
45 167
45 69
45 129
45 31
45 111
45 200
45 102
45 68
45 182
45 198
45 61
45 82
45 215
45 79
45 0
45 156
45 71
72 8
72 201
72 99
72 128
72 7
72 36
72 74
72 69
72 141
72 111
72 85
72 102
72 68
72 198
72 215
72 0
72 3
72 6
72 174
72 62
72 71
8 10
8 99
8 63
8 48
8 49
8 128
8 74
8 137
8 52
8 199
8 141
8 31
8 2
8 85
8 200
8 68
8 89
8 79
8 86
8 6
8 136
8 156
8 160
8 71
8 39
33 166
33 201
33 58
33 118
33 99
33 5
33 213
33 154
33 196
33 137
33 141
33 108
33 85
33 102
33 68
33 29
33 182
33 93
33 198
33 215
33 194
33 86
33 3
33 18
33 39
166 58
166 118
166 213
166 142
166 167
166 69
166 199
166 108
166 102
166 61
166 215
166 188
166 86
166 3
166 54
166 13
166 136
166 156
166 18
166 39
201 10
201 118
201 5
201 159
201 7
201 74
201 142
201 69
201 129
201 108
201 218
201 102
201 68
201 89
201 182
201 93
201 61
201 188
201 6
201 54
201 156
201 189
10 118
10 99
10 48
10 49
10 154
10 196
10 167
10 199
10 129
10 108
10 31
10 217
10 200
10 102
10 68
10 182
10 93
10 61
10 215
10 194
10 6
10 54
10 189
10 71
10 18
58 99
58 74
58 196
58 142
58 137
58 167
58 129
58 31
58 218
58 68
58 89
58 29
58 93
58 215
58 194
58 6
58 54
58 174
58 207
58 71
118 5
118 159
118 49
118 128
118 7
118 154
118 74
118 69
118 199
118 141
118 31
118 217
118 111
118 102
118 89
118 82
118 188
118 3
118 6
118 54
118 156
118 151
99 5
99 57
99 213
99 128
99 36
99 196
99 52
99 199
99 141
99 129
99 111
99 85
99 29
99 61
99 215
99 54
99 13
99 136
99 189
99 207
99 71
99 18
63 5
63 57
63 49
63 128
63 7
63 154
63 137
63 69
63 199
63 141
63 31
63 2
63 200
63 29
63 198
63 215
63 188
63 79
63 6
63 174
63 136
63 151
63 71
5 213
5 159
5 7
5 154
5 74
5 142
5 52
5 199
5 141
5 108
5 85
5 68
5 198
5 82
5 194
5 0
5 6
5 174
5 62
5 160
5 71
57 159
57 36
57 142
57 137
57 167
57 69
57 108
57 111
57 200
57 218
57 68
57 182
57 198
57 194
57 188
57 174
57 13
57 62
57 160
57 39
213 48
213 49
213 7
213 74
213 52
213 141
213 2
213 68
213 89
213 93
213 198
213 82
213 188
213 54
213 174
213 136
213 160
159 128
159 36
159 69
159 129
159 200
159 61
159 82
159 215
159 188
159 13
159 189
159 71
48 7
48 74
48 167
48 69
48 141
48 108
48 217
48 85
48 68
48 89
48 182
48 198
48 61
48 82
48 194
48 79
48 54
48 136
48 189
48 39
49 36
49 142
49 137
49 108
49 85
49 102
49 61
49 194
49 188
49 0
49 6
49 156
49 151
128 74
128 196
128 142
128 167
128 199
128 129
128 31
128 85
128 89
128 29
128 182
128 93
128 61
128 82
128 194
128 3
128 136
128 156
128 151
128 160
128 71
7 196
7 142
7 52
7 141
7 108
7 217
7 2
7 85
7 200
7 218
7 102
7 68
7 182
7 198
7 215
7 79
7 54
7 13
7 151
7 71
7 18
7 39
154 142
154 108
154 31
154 217
154 85
154 200
154 102
154 198
154 215
154 194
154 79
154 71
154 39
36 196
36 142
36 167
36 129
36 31
36 218
36 89
36 29
36 198
36 82
36 215
36 188
36 79
36 3
36 156
36 189
36 62
74 196
74 142
74 137
74 52
74 141
74 129
74 108
74 200
74 102
74 68
74 29
74 182
74 93
74 61
74 3
74 174
74 136
74 71
196 167
196 199
196 141
196 217
196 200
196 89
196 82
196 174
196 13
196 156
196 189
196 71
196 39
142 167
142 199
142 129
142 31
142 217
142 2
142 102
142 68
142 93
142 61
142 215
142 79
142 86
142 54
142 13
142 136
142 151
142 207
142 71
137 167
137 129
137 217
137 111
137 200
137 102
137 93
137 198
137 61
137 82
137 215
137 194
137 79
137 0
137 54
137 136
137 156
137 189
137 62
137 160
137 71
137 18
137 39
167 69
167 141
167 31
167 217
167 102
167 68
167 198
167 61
167 194
167 188
167 0
167 86
167 54
167 174
167 156
167 207
167 71
69 141
69 108
69 217
69 2
69 218
69 68
69 29
69 182
69 93
69 198
69 82
69 215
69 194
69 188
69 79
69 86
69 3
69 6
69 54
69 174
69 13
69 189
69 207
69 160
69 71
52 199
52 141
52 108
52 2
52 68
52 182
52 61
52 215
52 86
52 6
52 54
52 13
52 136
52 189
52 151
52 62
52 18
52 39
199 31
199 111
199 85
199 200
199 218
199 89
199 215
199 6
199 189
199 207
199 160
141 102
141 29
141 198
141 61
141 215
141 194
141 54
141 174
141 13
141 136
141 151
141 160
141 71
129 217
129 2
129 85
129 200
129 102
129 29
129 61
129 215
129 79
129 3
129 151
129 207
129 62
129 18
108 217
108 111
108 2
108 85
108 102
108 182
108 93
108 188
108 0
108 86
108 54
108 13
108 136
108 156
108 62
108 160
108 39
31 111
31 200
31 68
31 198
31 188
31 79
31 86
31 3
31 6
31 136
31 160
31 71
31 18
217 85
217 218
217 68
217 29
217 93
217 198
217 215
217 0
217 6
217 13
217 156
217 189
217 62
111 2
111 85
111 89
111 182
111 198
111 61
111 82
111 215
111 188
111 6
111 156
111 189
111 151
2 218
2 102
2 29
2 198
2 61
2 215
2 194
2 79
2 6
2 54
2 13
2 62
2 71
2 18
85 218
85 68
85 89
85 29
85 182
85 93
85 198
85 61
85 194
85 188
85 79
85 54
85 174
85 136
85 156
85 62
85 160
200 218
200 102
200 29
200 198
200 61
200 82
200 0
200 136
200 62
200 71
218 182
218 93
218 198
218 61
218 215
218 188
218 0
218 6
218 54
218 156
218 71
218 18
218 39
102 89
102 194
102 188
102 79
102 86
102 3
102 54
102 174
102 207
102 62
102 39
68 89
68 182
68 93
68 198
68 61
68 215
68 194
68 0
68 86
68 6
68 13
68 156
68 151
68 207
68 160
89 93
89 198
89 82
89 194
89 188
89 79
89 54
89 174
89 13
89 151
29 93
29 198
29 61
29 215
29 194
29 6
29 13
29 136
29 156
29 151
29 207
29 39
182 93
182 61
182 82
182 215
182 188
182 79
182 86
182 3
182 6
182 174
182 151
182 207
182 62
93 198
93 61
93 215
93 194
93 3
93 174
93 136
93 156
93 189
93 151
93 207
93 18
198 61
198 194
198 79
198 86
198 3
198 156
198 71
61 6
61 54
61 174
61 13
61 189
61 151
61 207
61 62
61 18
61 39
82 0
82 86
82 3
82 54
82 174
82 13
82 136
82 189
82 151
82 160
82 71
82 18
215 194
215 188
215 0
215 86
215 156
215 189
215 62
215 160
194 3
194 6
194 156
194 160
194 18
188 79
188 156
188 207
188 62
188 71
188 18
188 39
79 0
79 3
79 156
79 189
79 151
79 160
79 18
0 86
0 3
0 6
0 189
0 207
0 71
0 18
86 6
86 54
86 174
86 207
86 160
3 6
3 54
3 136
3 156
3 207
3 62
3 71
6 136
6 18
6 39
54 174
54 13
54 151
54 62
54 18
174 13
174 156
174 151
174 18
174 39
13 156
13 189
13 62
13 71
13 18
136 189
136 207
136 71
156 151
156 207
189 151
189 207
189 62
189 71
151 62
151 71
151 18
151 39
207 62
207 71
207 18
160 71
160 18
160 39
71 39
