*verties 203
153
51
192
126
100
96
196
42
187
52
195
80
217
133
216
147
206
134
77
21
99
19
138
1
81
166
50
181
157
5
29
33
154
140
162
116
88
102
34
23
183
155
128
58
11
115
7
172
161
152
101
197
40
87
3
203
0
47
156
214
207
48
108
10
75
117
91
129
78
82
65
97
107
109
46
202
191
189
212
20
199
173
94
49
84
25
208
215
190
135
158
45
39
205
146
148
68
150
132
54
16
201
210
185
27
180
186
60
103
111
79
145
4
38
61
110
209
149
171
74
41
15
13
55
59
35
118
211
93
114
170
141
6
163
26
92
36
143
64
63
174
76
90
85
218
70
104
219
67
160
113
137
125
177
193
8
122
188
28
213
169
119
56
32
165
194
71
184
182
200
9
53
12
31
105
136
159
124
62
66
22
106
176
151
73
121
83
57
123
144
178
18
167
127
43
44
142
198
24
69
164
30
2
*edges 
153 192
153 216
153 81
153 181
153 102
153 34
153 128
153 152
153 3
153 78
153 107
153 46
153 20
153 199
153 94
153 49
153 158
153 68
153 150
153 4
153 38
153 149
153 55
153 163
153 63
153 76
153 218
153 67
153 125
153 193
153 188
153 169
153 71
153 136
153 159
153 22
153 176
153 151
153 123
153 167
153 24
153 2
51 192
51 100
51 217
51 133
51 206
51 50
51 181
51 88
51 7
51 101
51 87
51 129
51 46
51 191
51 20
51 94
51 208
51 215
51 190
51 39
51 103
51 61
51 110
51 209
51 171
51 41
51 141
51 143
51 63
51 70
51 125
51 177
51 169
51 182
51 53
51 83
51 57
51 123
51 167
51 127
51 2
192 196
192 133
192 216
192 77
192 1
192 181
192 157
192 5
192 116
192 183
192 155
192 58
192 7
192 48
192 75
192 91
192 78
192 212
192 173
192 84
192 135
192 45
192 146
192 201
192 60
192 145
192 110
192 171
192 74
192 141
192 6
192 36
192 218
192 160
192 137
192 122
192 200
192 105
192 159
192 176
192 151
192 121
192 144
192 127
192 198
126 96
126 196
126 217
126 77
126 99
126 19
126 138
126 5
126 154
126 23
126 115
126 152
126 197
126 40
126 3
126 156
126 214
126 108
126 97
126 202
126 199
126 94
126 84
126 215
126 148
126 27
126 180
126 103
126 79
126 61
126 13
126 118
126 93
126 163
126 26
126 90
126 218
126 104
126 67
126 137
126 125
126 177
126 188
126 28
126 119
126 32
126 165
126 200
126 124
126 62
126 83
100 147
100 157
100 5
100 29
100 162
100 116
100 128
100 58
100 7
100 172
100 197
100 40
100 3
100 203
100 47
100 207
100 48
100 10
100 129
100 78
100 65
100 46
100 215
100 39
100 16
100 210
100 27
100 103
100 110
100 55
100 170
100 141
100 90
100 85
100 218
100 70
100 160
100 177
100 188
100 32
100 200
100 22
100 106
100 151
100 30
96 216
96 81
96 154
96 162
96 34
96 155
96 40
96 3
96 0
96 207
96 78
96 189
96 45
96 205
96 146
96 148
96 150
96 201
96 38
96 110
96 149
96 171
96 211
96 141
96 6
96 26
96 63
96 174
96 218
96 104
96 125
96 165
96 182
96 200
96 9
96 12
96 136
96 22
96 73
96 43
96 69
96 164
196 42
196 147
196 77
196 166
196 5
196 29
196 33
196 140
196 88
196 34
196 23
196 172
196 3
196 203
196 91
196 191
196 189
196 199
196 94
196 215
196 39
196 146
196 150
196 54
196 16
196 201
196 27
196 180
196 103
196 111
196 79
196 110
196 211
196 170
196 90
196 218
196 104
196 113
196 125
196 119
196 182
196 200
196 9
196 53
196 105
196 136
196 22
196 176
196 151
196 73
196 123
196 43
196 30
42 80
42 217
42 216
42 138
42 33
42 34
42 7
42 161
42 101
42 0
42 48
42 129
42 65
42 202
42 189
42 150
42 201
42 61
42 13
42 35
42 92
42 143
42 90
42 85
42 218
42 113
42 122
42 188
42 213
42 56
42 106
42 178
42 24
42 30
187 19
187 181
187 162
187 102
187 155
187 197
187 87
187 0
187 47
187 117
187 78
187 65
187 107
187 202
187 212
187 208
187 215
187 135
187 146
187 54
187 145
187 4
187 61
187 149
187 74
187 41
187 13
187 36
187 90
187 125
187 122
187 28
187 169
187 165
187 200
187 53
187 159
187 124
187 66
187 121
187 83
187 123
187 178
187 18
187 44
187 142
187 24
52 133
52 77
52 19
52 140
52 34
52 161
52 197
52 40
52 156
52 108
52 10
52 129
52 78
52 189
52 20
52 199
52 49
52 208
52 190
52 205
52 16
52 185
52 180
52 103
52 111
52 4
52 209
52 118
52 170
52 6
52 163
52 219
52 193
52 122
52 188
52 169
52 71
52 184
52 53
52 12
52 31
52 136
52 73
52 121
52 178
52 127
52 142
52 2
195 217
195 206
195 21
195 1
195 166
195 5
195 162
195 116
195 34
195 101
195 197
195 3
195 10
195 75
195 117
195 82
195 65
195 97
195 109
195 202
195 191
195 189
195 190
195 158
195 45
195 205
195 148
195 201
195 180
195 186
195 103
195 61
195 209
195 74
195 93
195 170
195 141
195 36
195 90
195 85
195 104
195 182
195 9
195 105
195 66
195 22
195 106
195 73
195 83
195 57
195 18
195 198
195 30
80 217
80 5
80 154
80 88
80 34
80 23
80 58
80 161
80 197
80 203
80 0
80 156
80 75
80 117
80 82
80 189
80 212
80 199
80 208
80 146
80 148
80 68
80 27
80 180
80 60
80 111
80 79
80 38
80 61
80 149
80 15
80 170
80 36
80 137
80 213
80 165
80 71
80 184
80 53
80 22
80 73
80 167
80 127
80 24
80 30
217 133
217 21
217 99
217 116
217 88
217 155
217 58
217 152
217 0
217 47
217 156
217 91
217 129
217 78
217 82
217 202
217 199
217 94
217 49
217 84
217 25
217 146
217 132
217 27
217 145
217 4
217 171
217 74
217 41
217 35
217 211
217 26
217 92
217 63
217 76
217 90
217 104
217 177
217 122
217 188
217 28
217 12
217 136
217 159
217 66
217 22
217 83
217 127
217 43
217 44
217 142
217 198
133 19
133 166
133 34
133 23
133 115
133 7
133 101
133 197
133 10
133 78
133 97
133 107
133 94
133 49
133 25
133 208
133 132
133 27
133 111
133 4
133 55
133 35
133 211
133 6
133 76
133 90
133 218
133 104
133 219
133 160
133 177
133 119
133 165
133 71
133 66
133 57
133 178
133 198
133 69
133 164
133 2
216 138
216 81
216 166
216 5
216 116
216 128
216 58
216 3
216 129
216 20
216 49
216 190
216 39
216 205
216 201
216 185
216 180
216 171
216 74
216 141
216 85
216 70
216 104
216 193
216 122
216 188
216 119
216 56
216 194
216 12
216 123
216 44
216 142
216 198
216 164
216 30
147 99
147 138
147 81
147 154
147 162
147 183
147 128
147 203
147 47
147 207
147 48
147 75
147 97
147 109
147 46
147 202
147 20
147 84
147 25
147 208
147 190
147 54
147 186
147 60
147 79
147 171
147 55
147 59
147 35
147 141
147 92
147 36
147 174
147 70
147 67
147 160
147 113
147 188
147 119
147 194
147 53
147 12
147 31
147 136
147 159
147 124
147 106
147 73
147 121
147 24
147 164
147 30
206 134
206 138
206 166
206 181
206 154
206 88
206 58
206 11
206 7
206 40
206 87
206 91
206 78
206 65
206 97
206 202
206 189
206 84
206 215
206 190
206 158
206 150
206 186
206 60
206 74
206 118
206 114
206 26
206 174
206 90
206 85
206 70
206 119
206 165
206 53
206 151
206 167
206 44
206 142
206 164
206 30
134 29
134 154
134 116
134 102
134 40
134 65
134 97
134 199
134 173
134 205
134 146
134 68
134 150
134 38
134 149
134 171
134 35
134 93
134 6
134 104
134 8
134 213
134 194
134 53
134 159
134 124
134 66
134 121
134 69
134 164
77 19
77 138
77 166
77 157
77 140
77 162
77 23
77 7
77 172
77 40
77 3
77 0
77 214
77 10
77 91
77 78
77 46
77 191
77 94
77 208
77 190
77 45
77 201
77 180
77 79
77 4
77 15
77 59
77 211
77 6
77 36
77 143
77 218
77 70
77 160
77 122
77 56
77 184
77 105
77 66
77 22
77 73
77 123
77 178
77 167
77 24
77 69
77 2
21 50
21 5
21 154
21 116
21 34
21 115
21 172
21 3
21 47
21 129
21 78
21 65
21 109
21 202
21 212
21 20
21 173
21 190
21 45
21 39
21 205
21 146
21 150
21 185
21 111
21 110
21 13
21 55
21 35
21 93
21 6
21 143
21 174
21 85
21 70
21 137
21 188
21 28
21 169
21 165
21 194
21 105
21 124
21 176
21 73
21 83
21 127
21 44
21 142
99 19
99 1
99 157
99 115
99 47
99 75
99 97
99 94
99 180
99 60
99 38
99 171
99 35
99 26
99 143
99 64
99 104
99 219
99 160
99 177
99 188
99 28
99 169
99 182
99 53
99 105
99 62
99 83
99 123
99 127
99 142
99 198
19 138
19 81
19 33
19 140
19 116
19 34
19 11
19 40
19 156
19 48
19 129
19 109
19 191
19 199
19 173
19 94
19 49
19 84
19 208
19 215
19 205
19 146
19 54
19 16
19 15
19 35
19 118
19 211
19 64
19 219
19 193
19 122
19 213
19 200
19 53
19 159
19 106
19 176
19 73
19 178
19 18
19 69
19 2
138 1
138 157
138 29
138 162
138 23
138 11
138 101
138 156
138 48
138 75
138 78
138 46
138 25
138 45
138 68
138 150
138 185
138 180
138 145
138 38
138 74
138 15
138 13
138 114
138 170
138 143
138 76
138 70
138 113
138 188
138 165
138 200
138 53
138 105
138 159
138 151
138 83
138 144
138 18
138 167
1 81
1 154
1 140
1 152
1 48
1 78
1 65
1 97
1 202
1 49
1 68
1 201
1 186
1 103
1 79
1 61
1 149
1 118
1 141
1 26
1 219
1 67
1 113
1 137
1 177
1 8
1 122
1 169
1 56
1 182
1 105
1 22
1 123
1 144
1 30
81 29
81 154
81 116
81 88
81 34
81 155
81 128
81 7
81 101
81 0
81 47
81 214
81 207
81 10
81 78
81 65
81 202
81 49
81 208
81 158
81 146
81 201
81 185
81 180
81 103
81 79
81 4
81 74
81 15
81 211
81 141
81 92
81 90
81 104
81 219
81 113
81 193
81 213
81 136
81 22
81 83
81 123
81 144
81 178
81 43
81 24
81 164
81 2
166 33
166 154
166 102
166 115
166 10
166 75
166 117
166 202
166 212
166 20
166 199
166 84
166 39
166 148
166 132
166 180
166 111
166 79
166 145
166 4
166 38
166 209
166 149
166 163
166 64
166 174
166 90
166 85
166 67
166 193
166 8
166 122
166 188
166 213
166 119
166 32
166 182
166 105
166 66
166 178
166 127
166 198
166 164
50 181
50 29
50 140
50 23
50 7
50 197
50 40
50 156
50 108
50 129
50 78
50 65
50 97
50 109
50 189
50 212
50 20
50 199
50 94
50 84
50 146
50 16
50 145
50 4
50 61
50 171
50 114
50 143
50 63
50 125
50 122
50 119
50 71
50 200
50 9
50 124
50 151
50 198
181 116
181 102
181 34
181 58
181 11
181 101
181 214
181 108
181 75
181 117
181 202
181 84
181 25
181 158
181 68
181 54
181 201
181 60
181 110
181 74
181 41
181 15
181 55
181 35
181 211
181 93
181 6
181 92
181 218
181 137
181 177
181 193
181 32
181 71
181 184
181 105
181 159
181 73
181 83
181 18
181 43
181 164
157 5
157 140
157 102
157 155
157 128
157 58
157 115
157 161
157 47
157 156
157 91
157 78
157 97
157 202
157 191
157 189
157 199
157 49
157 208
157 45
157 150
157 61
157 74
157 41
157 55
157 211
157 76
157 90
157 104
157 160
157 137
157 122
157 188
157 32
157 165
157 184
157 200
157 12
157 159
157 66
157 106
157 176
157 144
157 178
5 154
5 34
5 23
5 11
5 101
5 214
5 108
5 129
5 46
5 202
5 189
5 135
5 158
5 45
5 205
5 132
5 210
5 185
5 27
5 180
5 4
5 110
5 15
5 64
5 76
5 122
5 194
5 184
5 182
5 136
5 62
5 66
5 151
5 73
5 83
5 123
5 144
5 127
5 24
5 164
29 88
29 102
29 23
29 155
29 115
29 75
29 117
29 107
29 20
29 94
29 25
29 208
29 150
29 16
29 13
29 55
29 35
29 170
29 36
29 143
29 218
29 70
29 177
29 193
29 122
29 56
29 184
29 182
29 12
29 22
29 106
29 83
29 144
29 198
29 30
33 154
33 140
33 162
33 88
33 102
33 11
33 7
33 161
33 152
33 40
33 47
33 156
33 108
33 75
33 117
33 97
33 202
33 212
33 199
33 190
33 45
33 146
33 68
33 186
33 38
33 110
33 209
33 149
33 171
33 15
33 13
33 55
33 35
33 170
33 6
33 143
33 174
33 104
33 137
33 125
33 177
33 28
33 56
33 194
33 200
33 53
33 105
33 176
33 198
154 102
154 128
154 7
154 197
154 87
154 91
154 78
154 97
154 109
154 205
154 210
154 27
154 60
154 4
154 35
154 170
154 141
154 163
154 174
154 8
154 122
154 213
154 56
154 165
154 71
154 200
154 9
154 105
154 62
154 22
154 57
154 18
140 183
140 155
140 115
140 152
140 75
140 91
140 129
140 82
140 65
140 107
140 46
140 191
140 189
140 212
140 94
140 135
140 45
140 205
140 68
140 185
140 171
140 211
140 141
140 26
140 92
140 143
140 64
140 125
140 28
140 165
140 136
140 22
140 144
140 127
140 164
162 115
162 197
162 87
162 214
162 207
162 48
162 10
162 75
162 129
162 82
162 97
162 46
162 189
162 94
162 45
162 16
162 185
162 27
162 186
162 60
162 111
162 38
162 110
162 41
162 15
162 59
162 118
162 211
162 114
162 170
162 143
162 64
162 188
162 56
162 71
162 124
162 57
162 167
162 44
162 30
116 88
116 102
116 11
116 115
116 172
116 75
116 117
116 78
116 65
116 199
116 208
116 190
116 135
116 158
116 132
116 201
116 185
116 145
116 38
116 61
116 149
116 41
116 114
116 163
116 26
116 218
116 219
116 113
116 125
116 177
116 122
116 188
116 119
116 184
116 182
116 159
116 124
116 176
116 73
116 127
116 142
116 30
116 2
88 102
88 155
88 58
88 197
88 203
88 156
88 214
88 91
88 78
88 107
88 46
88 189
88 199
88 94
88 49
88 208
88 215
88 201
88 27
88 180
88 111
88 61
88 171
88 41
88 59
88 93
88 163
88 26
88 104
88 219
88 177
88 56
88 32
88 105
88 136
88 151
88 167
88 142
88 69
102 58
102 115
102 197
102 40
102 203
102 0
102 214
102 207
102 107
102 109
102 191
102 20
102 25
102 158
102 39
102 146
102 16
102 180
102 111
102 4
102 110
102 41
102 93
102 36
102 104
102 137
102 8
102 122
102 188
102 28
102 213
102 56
102 200
102 31
102 124
102 151
102 121
102 69
34 7
34 197
34 203
34 156
34 82
34 107
34 202
34 191
34 94
34 215
34 158
34 148
34 132
34 210
34 110
34 59
34 170
34 6
34 92
34 174
34 76
34 90
34 137
34 213
34 32
34 184
34 200
34 31
34 136
34 144
34 30
23 155
23 152
23 197
23 87
23 47
23 214
23 108
23 117
23 91
23 78
23 212
23 132
23 111
23 41
23 15
23 141
23 92
23 174
23 76
23 218
23 104
23 219
23 67
23 137
23 8
23 122
23 169
23 71
23 182
23 200
23 9
23 12
23 62
23 22
23 106
23 43
23 24
183 101
183 197
183 87
183 3
183 156
183 214
183 78
183 94
183 190
183 205
183 148
183 16
183 27
183 180
183 79
183 145
183 4
183 35
183 93
183 6
183 26
183 143
183 90
183 85
183 70
183 67
183 160
183 177
183 122
183 28
183 213
183 169
183 56
183 32
183 182
183 12
183 124
183 106
183 151
183 123
183 178
183 164
183 2
155 58
155 172
155 156
155 214
155 108
155 75
155 202
155 189
155 199
155 94
155 208
155 135
155 39
155 205
155 210
155 180
155 111
155 4
155 149
155 74
155 13
155 55
155 35
155 141
155 6
155 26
155 160
155 8
155 32
155 124
155 22
155 176
155 121
155 123
155 144
155 18
128 172
128 87
128 3
128 47
128 156
128 214
128 91
128 199
128 25
128 39
128 146
128 148
128 132
128 60
128 103
128 79
128 38
128 110
128 209
128 85
128 218
128 193
128 8
128 169
128 12
128 136
128 176
128 123
128 18
128 44
128 198
58 7
58 197
58 87
58 203
58 47
58 207
58 129
58 78
58 82
58 107
58 109
58 212
58 20
58 215
58 146
58 68
58 54
58 27
58 60
58 111
58 4
58 211
58 93
58 143
58 63
58 76
58 70
58 125
58 119
58 71
58 66
58 106
58 176
58 142
11 172
11 3
11 117
11 82
11 107
11 109
11 212
11 208
11 215
11 39
11 148
11 132
11 27
11 149
11 15
11 118
11 163
11 92
11 85
11 113
11 137
11 177
11 193
11 122
11 9
11 31
11 106
11 73
11 142
11 30
11 2
115 101
115 197
115 87
115 214
115 10
115 202
115 191
115 20
115 199
115 49
115 39
115 146
115 150
115 132
115 210
115 110
115 171
115 15
115 59
115 114
115 143
115 218
115 213
115 169
115 194
115 200
115 136
115 124
115 106
115 73
115 178
115 127
115 142
115 198
115 24
115 69
115 2
7 87
7 203
7 0
7 207
7 75
7 117
7 65
7 202
7 191
7 189
7 20
7 173
7 49
7 215
7 158
7 54
7 180
7 38
7 118
7 211
7 114
7 6
7 163
7 85
7 218
7 219
7 177
7 53
7 105
7 151
7 121
7 123
7 69
172 161
172 47
172 156
172 107
172 109
172 191
172 49
172 135
172 45
172 68
172 180
172 209
172 149
172 171
172 74
172 35
172 93
172 85
172 160
172 177
172 193
172 119
172 194
172 136
172 124
172 66
172 18
172 167
172 43
161 40
161 203
161 47
161 82
161 65
161 97
161 109
161 191
161 20
161 94
161 84
161 215
161 60
161 110
161 74
161 41
161 15
161 93
161 6
161 63
161 70
161 125
161 122
161 28
161 119
161 56
161 200
161 53
161 136
161 159
161 124
161 73
161 121
161 83
161 144
161 18
161 43
152 101
152 197
152 40
152 214
152 48
152 117
152 20
152 215
152 45
152 205
152 68
152 103
152 38
152 110
152 209
152 149
152 6
152 26
152 174
152 137
152 8
152 213
152 32
152 71
152 184
152 53
152 83
152 44
152 142
152 164
101 87
101 47
101 108
101 91
101 82
101 46
101 199
101 208
101 190
101 39
101 146
101 68
101 201
101 210
101 185
101 111
101 145
101 171
101 13
101 114
101 141
101 163
101 92
101 143
101 64
101 63
101 90
101 67
101 113
101 125
101 122
101 28
101 165
101 194
101 200
101 53
101 12
101 73
101 178
101 18
101 127
101 142
101 30
197 203
197 0
197 47
197 75
197 117
197 129
197 82
197 97
197 107
197 189
197 20
197 199
197 49
197 205
197 186
197 79
197 4
197 110
197 209
197 149
197 171
197 41
197 59
197 211
197 93
197 141
197 163
197 63
197 85
197 67
197 160
197 177
197 8
197 188
197 31
197 105
197 159
197 124
197 62
197 121
197 57
197 198
40 87
40 156
40 108
40 117
40 202
40 49
40 215
40 135
40 158
40 68
40 150
40 54
40 201
40 27
40 103
40 149
40 171
40 93
40 92
40 63
40 67
40 160
40 188
40 213
40 169
40 32
40 184
40 9
40 53
40 159
40 66
40 176
40 142
87 48
87 78
87 202
87 189
87 25
87 215
87 190
87 146
87 68
87 54
87 201
87 210
87 27
87 180
87 186
87 38
87 59
87 93
87 70
87 104
87 219
87 160
87 125
87 193
87 56
87 31
87 159
87 124
87 66
87 151
3 207
3 108
3 10
3 107
3 191
3 25
3 190
3 158
3 146
3 148
3 132
3 103
3 79
3 61
3 55
3 59
3 211
3 170
3 163
3 70
3 104
3 137
3 8
3 122
3 56
3 165
3 182
3 9
3 159
3 176
3 151
3 83
3 167
203 156
203 117
203 91
203 129
203 189
203 173
203 148
203 68
203 54
203 185
203 186
203 111
203 38
203 118
203 211
203 170
203 92
203 64
203 85
203 104
203 113
203 125
203 193
203 8
203 169
203 56
203 32
203 165
203 194
203 105
203 159
203 124
203 66
203 22
203 121
203 178
203 18
203 142
203 69
0 156
0 108
0 75
0 107
0 94
0 135
0 16
0 145
0 171
0 13
0 93
0 141
0 92
0 90
0 85
0 67
0 122
0 71
0 182
0 53
0 62
0 66
0 22
0 83
0 123
0 178
0 44
0 198
0 30
47 10
47 65
47 202
47 189
47 212
47 199
47 49
47 25
47 135
47 205
47 146
47 148
47 132
47 103
47 111
47 110
47 209
47 141
47 63
47 67
47 125
47 8
47 213
47 32
47 71
47 184
47 105
47 124
47 62
47 57
47 18
47 43
47 69
47 30
156 48
156 129
156 78
156 109
156 191
156 94
156 25
156 132
156 201
156 186
156 4
156 55
156 59
156 35
156 141
156 163
156 26
156 92
156 36
156 63
156 90
156 125
156 177
156 119
156 194
156 184
156 9
156 12
156 31
156 105
156 176
156 151
156 73
156 121
156 83
156 18
156 198
156 24
156 2
214 65
214 97
214 173
214 94
214 25
214 135
214 205
214 27
214 180
214 60
214 111
214 145
214 4
214 61
214 171
214 59
214 170
214 26
214 92
214 63
214 194
214 71
214 182
214 12
214 66
214 167
214 44
214 198
207 48
207 75
207 117
207 91
207 82
207 46
207 191
207 189
207 212
207 94
207 215
207 148
207 210
207 27
207 60
207 145
207 38
207 110
207 209
207 149
207 171
207 74
207 13
207 59
207 118
207 114
207 26
207 92
207 63
207 218
207 119
207 194
207 9
207 159
207 106
207 83
207 57
207 178
48 10
48 91
48 65
48 97
48 107
48 212
48 39
48 150
48 132
48 210
48 186
48 38
48 118
48 26
48 92
48 70
48 104
48 160
48 113
48 137
48 177
48 188
48 28
48 213
48 71
48 12
48 136
48 106
48 167
48 198
108 10
108 97
108 107
108 109
108 46
108 191
108 173
108 94
108 158
108 39
108 150
108 210
108 180
108 41
108 15
108 13
108 59
108 92
108 85
108 177
108 119
108 184
108 31
108 106
108 18
108 167
108 69
108 164
10 91
10 82
10 107
10 199
10 173
10 49
10 135
10 185
10 103
10 111
10 79
10 61
10 209
10 171
10 163
10 92
10 64
10 174
10 76
10 67
10 160
10 193
10 28
10 119
10 32
10 194
10 53
10 62
10 22
10 106
10 176
10 121
10 127
10 43
10 2
75 129
75 189
75 94
75 84
75 45
75 146
75 54
75 201
75 186
75 79
75 145
75 38
75 41
75 59
75 35
75 141
75 36
75 63
75 67
75 8
75 213
75 56
75 182
75 136
75 66
75 22
75 151
75 73
75 167
75 127
75 30
117 202
117 189
117 212
117 173
117 84
117 205
117 68
117 132
117 210
117 38
117 171
117 93
117 63
117 85
117 218
117 104
117 219
117 125
117 213
117 9
117 53
117 105
117 136
117 62
117 151
117 57
117 127
117 43
117 24
91 129
91 65
91 107
91 109
91 46
91 202
91 189
91 212
91 148
91 68
91 185
91 180
91 186
91 103
91 61
91 13
91 118
91 26
91 36
91 143
91 63
91 90
91 70
91 104
91 193
91 122
91 28
91 169
91 184
91 200
91 53
91 136
91 124
91 73
91 123
91 127
91 43
129 78
129 109
129 191
129 212
129 20
129 173
129 190
129 39
129 148
129 150
129 201
129 210
129 186
129 4
129 61
129 13
129 114
129 163
129 92
129 143
129 64
129 218
129 67
129 28
129 169
129 56
129 32
129 184
129 182
129 136
129 62
129 66
129 176
129 151
129 83
129 123
129 144
129 127
129 44
129 198
129 164
78 82
78 109
78 94
78 135
78 39
78 148
78 16
78 27
78 180
78 4
78 41
78 104
78 193
78 32
78 165
78 31
78 106
78 121
78 123
78 18
78 127
78 142
82 65
82 107
82 94
82 84
82 215
82 190
82 158
82 103
82 111
82 15
82 211
82 170
82 36
82 104
82 67
82 125
82 193
82 122
82 28
82 119
82 194
82 71
82 124
82 73
82 18
82 43
65 46
65 202
65 20
65 215
65 135
65 158
65 45
65 132
65 103
65 111
65 79
65 61
65 209
65 171
65 55
65 35
65 76
65 85
65 218
65 160
65 177
65 193
65 122
65 12
65 105
65 136
65 62
65 22
65 83
65 144
65 69
65 164
65 2
97 189
97 20
97 173
97 208
97 190
97 158
97 45
97 205
97 148
97 68
97 201
97 186
97 60
97 79
97 4
97 38
97 59
97 170
97 141
97 92
97 36
97 64
97 113
97 122
97 213
97 32
97 71
97 66
97 22
97 73
97 121
97 144
97 18
97 198
107 212
107 94
107 84
107 16
107 186
107 60
107 103
107 145
107 38
107 61
107 110
107 35
107 170
107 141
107 6
107 36
107 143
107 85
107 122
107 165
107 184
107 136
107 159
107 62
107 66
107 106
107 151
107 57
107 144
107 178
107 167
107 142
107 69
107 164
109 191
109 199
109 94
109 49
109 158
109 205
109 148
109 16
109 27
109 110
109 74
109 15
109 35
109 118
109 114
109 141
109 76
109 90
109 104
109 219
109 32
109 194
109 71
109 9
109 105
109 62
109 106
109 176
109 123
109 167
109 198
46 199
46 49
46 25
46 205
46 150
46 132
46 54
46 210
46 103
46 111
46 79
46 4
46 13
46 55
46 59
46 141
46 174
46 28
46 213
46 56
46 184
46 53
46 105
46 136
46 124
46 66
46 106
46 176
46 30
202 199
202 215
202 135
202 158
202 45
202 54
202 180
202 60
202 79
202 61
202 171
202 13
202 35
202 211
202 114
202 163
202 26
202 174
202 104
202 67
202 119
202 182
202 12
202 66
202 83
202 178
202 142
191 25
191 45
191 39
191 27
191 103
191 4
191 38
191 59
191 170
191 6
191 218
191 70
191 119
191 71
191 184
191 200
191 105
191 62
191 57
191 43
191 69
191 2
189 199
189 173
189 49
189 84
189 208
189 39
189 148
189 27
189 111
189 4
189 110
189 149
189 74
189 118
189 141
189 6
189 26
189 36
189 63
189 76
189 104
189 169
189 200
189 105
189 136
189 62
189 176
189 73
189 121
189 57
189 18
189 44
189 142
189 69
212 199
212 173
212 158
212 54
212 201
212 210
212 185
212 110
212 59
212 163
212 143
212 64
212 160
212 213
212 56
212 12
212 105
212 62
212 73
212 83
212 144
212 24
20 199
20 49
20 158
20 39
20 180
20 79
20 61
20 149
20 74
20 15
20 59
20 211
20 6
20 163
20 64
20 90
20 160
20 177
20 188
20 12
20 62
20 151
20 121
20 57
20 178
20 142
20 24
20 30
199 173
199 94
199 39
199 201
199 185
199 60
199 149
199 41
199 118
199 211
199 170
199 36
199 143
199 174
199 76
199 177
199 122
199 169
199 182
199 53
199 31
199 105
199 136
199 176
199 123
199 144
199 167
199 43
199 44
199 164
173 208
173 135
173 205
173 132
173 186
173 60
173 111
173 79
173 145
173 209
173 13
173 35
173 163
173 26
173 36
173 63
173 85
173 104
173 219
173 113
173 125
173 193
173 8
173 122
173 28
173 213
173 169
173 32
173 165
173 200
173 12
173 124
173 62
173 24
173 2
94 54
94 60
94 103
94 111
94 4
94 38
94 110
94 149
94 15
94 55
94 114
94 141
94 26
94 143
94 63
94 219
94 67
94 8
94 122
94 169
94 119
94 9
94 136
94 66
94 176
94 178
94 18
94 164
49 84
49 208
49 135
49 39
49 205
49 148
49 68
49 201
49 186
49 79
49 110
49 74
49 13
49 59
49 141
49 63
49 174
49 218
49 137
49 122
49 188
49 56
49 9
49 22
49 151
49 73
49 83
49 144
49 24
49 69
84 158
84 205
84 16
84 60
84 38
84 110
84 209
84 149
84 211
84 26
84 64
84 104
84 219
84 113
84 125
84 177
84 193
84 122
84 28
84 56
84 194
84 105
84 106
84 83
84 43
84 198
84 24
84 164
84 30
25 208
25 146
25 148
25 185
25 110
25 149
25 59
25 170
25 6
25 26
25 92
25 143
25 174
25 76
25 194
25 184
25 200
25 12
25 105
25 136
25 159
25 22
25 176
25 57
25 144
25 167
25 43
25 142
208 45
208 39
208 205
208 148
208 54
208 210
208 60
208 38
208 74
208 211
208 6
208 163
208 92
208 64
208 174
208 67
208 113
208 125
208 8
208 122
208 188
208 119
208 56
208 165
208 9
208 53
208 31
208 105
208 73
208 167
208 127
215 135
215 132
215 180
215 38
215 61
215 74
215 35
215 118
215 170
215 64
215 76
215 85
215 104
215 113
215 125
215 119
215 32
215 71
215 124
215 62
215 66
215 73
215 121
215 123
215 144
215 198
215 30
190 39
190 27
190 15
190 35
190 170
190 92
190 218
190 160
190 169
190 119
190 56
190 165
190 184
190 182
190 159
190 124
190 121
190 198
135 205
135 146
135 54
135 16
135 185
135 111
135 38
135 61
135 110
135 118
135 211
135 170
135 143
135 64
135 63
135 113
135 122
135 165
135 9
135 136
135 124
135 176
135 43
135 44
135 24
158 111
158 4
158 209
158 15
158 170
158 6
158 163
158 143
158 64
158 218
158 104
158 160
158 125
158 8
158 122
158 169
158 165
158 182
158 200
158 53
158 22
158 121
158 83
158 167
158 142
158 2
45 205
45 16
45 210
45 186
45 103
45 145
45 61
45 209
45 118
45 93
45 163
45 36
45 143
45 64
45 63
45 70
45 104
45 193
45 28
45 56
45 71
45 159
45 124
45 62
45 151
45 73
45 178
39 146
39 68
39 132
39 16
39 103
39 79
39 145
39 209
39 118
39 6
39 163
39 36
39 85
39 67
39 188
39 169
39 56
39 32
39 165
39 31
39 62
39 176
39 83
39 167
39 127
39 30
205 132
205 201
205 185
205 103
205 111
205 145
205 61
205 171
205 15
205 55
205 93
205 163
205 143
205 63
205 174
205 90
205 70
205 219
205 137
205 125
205 8
205 32
205 194
205 66
205 106
205 176
205 144
205 178
146 150
146 27
146 180
146 4
146 61
146 74
146 15
146 211
146 141
146 26
146 36
146 64
146 63
146 174
146 76
146 70
146 137
146 193
146 32
146 53
146 22
146 151
146 73
146 121
146 83
146 123
146 69
146 164
148 54
148 201
148 103
148 111
148 149
148 59
148 6
148 143
148 174
148 169
148 165
148 194
148 53
148 31
148 105
148 151
148 167
148 43
148 24
68 150
68 16
68 185
68 110
68 209
68 171
68 41
68 55
68 118
68 26
68 92
68 143
68 90
68 85
68 218
68 219
68 160
68 28
68 56
68 194
68 31
68 105
68 22
68 106
68 167
68 43
68 44
68 142
68 198
150 132
150 54
150 16
150 210
150 60
150 103
150 61
150 41
150 55
150 170
150 141
150 26
150 36
150 63
150 85
150 218
150 70
150 160
150 113
150 125
150 8
150 32
150 194
150 9
150 53
150 31
150 105
150 106
150 151
150 121
150 83
150 57
150 44
150 30
132 27
132 186
132 110
132 35
132 92
132 143
132 218
132 28
132 169
132 165
132 194
132 71
132 182
132 9
132 53
132 44
132 142
132 198
132 69
54 79
54 171
54 74
54 41
54 26
54 36
54 143
54 67
54 160
54 113
54 137
54 165
54 105
54 66
54 22
54 151
54 121
54 57
54 18
54 43
54 44
54 142
54 198
54 24
16 201
16 210
16 27
16 60
16 103
16 4
16 110
16 149
16 41
16 211
16 170
16 36
16 143
16 64
16 160
16 188
16 32
16 71
16 182
16 176
16 83
16 127
16 69
201 210
201 38
201 110
201 74
201 13
201 59
201 163
201 85
201 218
201 137
201 188
201 119
201 31
201 22
201 127
201 30
210 38
210 110
210 209
210 55
210 93
210 114
210 218
210 177
210 122
210 188
210 213
210 200
210 53
210 62
210 121
210 83
210 123
210 44
210 24
185 186
185 4
185 110
185 149
185 13
185 55
185 141
185 6
185 143
185 174
185 137
185 177
185 8
185 169
185 71
185 182
185 121
185 57
185 178
185 198
185 24
185 30
185 2
27 180
27 186
27 103
27 111
27 145
27 61
27 110
27 209
27 55
27 35
27 163
27 85
27 218
27 70
27 67
27 113
27 169
27 56
27 165
27 194
27 105
27 136
27 22
27 176
27 127
27 2
180 79
180 15
180 6
180 26
180 63
180 70
180 160
180 193
180 8
180 188
180 71
180 53
180 136
180 106
180 83
180 57
180 164
180 2
186 145
186 59
186 211
186 170
186 92
186 174
186 218
186 104
186 177
186 122
186 169
186 184
186 124
186 106
186 176
186 123
186 18
186 43
186 164
60 209
60 74
60 59
60 211
60 170
60 26
60 64
60 174
60 90
60 160
60 193
60 28
60 165
60 184
60 182
60 200
60 12
60 151
60 73
60 142
60 198
103 61
103 110
103 171
103 118
103 211
103 218
103 219
103 160
103 177
103 213
103 119
103 71
103 9
103 53
103 66
103 106
103 151
103 121
103 144
103 142
111 61
111 149
111 41
111 114
111 6
111 36
111 90
111 104
111 219
111 160
111 177
111 188
111 213
111 184
111 31
111 123
111 24
111 30
79 38
79 61
79 74
79 41
79 13
79 35
79 141
79 92
79 64
79 90
79 70
79 160
79 125
79 177
79 28
79 71
79 12
79 73
79 18
79 167
145 149
145 171
145 41
145 13
145 118
145 170
145 143
145 219
145 177
145 8
145 213
145 182
145 9
145 22
145 106
145 144
145 178
145 164
4 171
4 13
4 35
4 163
4 92
4 143
4 63
4 76
4 90
4 67
4 8
4 188
4 194
4 71
4 12
4 31
4 124
4 66
4 106
4 83
4 123
4 24
38 110
38 163
38 188
38 169
38 105
38 124
38 22
38 106
38 121
38 167
38 142
38 30
61 15
61 35
61 114
61 170
61 163
61 160
61 113
61 137
61 122
61 194
61 200
61 105
61 159
61 62
61 22
61 83
61 167
61 198
61 30
110 149
110 41
110 15
110 35
110 211
110 114
110 170
110 163
110 36
110 63
110 85
110 177
110 122
110 28
110 56
110 71
110 184
110 53
110 12
110 136
110 124
110 176
110 144
110 18
110 164
110 30
209 41
209 15
209 55
209 26
209 63
209 85
209 70
209 219
209 125
209 165
209 53
209 105
209 124
209 66
209 121
209 142
149 171
149 41
149 13
149 59
149 211
149 163
149 113
149 193
149 169
149 182
149 53
149 12
149 105
149 136
149 159
149 106
149 83
149 178
149 167
149 127
149 43
149 24
171 74
171 35
171 118
171 211
171 64
171 90
171 219
171 177
171 188
171 165
171 71
171 9
171 53
171 31
171 66
171 73
171 83
171 44
171 30
74 35
74 218
74 67
74 193
74 28
74 169
74 32
74 184
74 53
74 31
74 167
74 2
41 35
41 93
41 141
41 163
41 63
41 76
41 218
41 125
41 188
41 194
41 71
41 182
41 136
41 121
41 18
41 43
41 198
41 69
41 30
15 93
15 141
15 26
15 92
15 104
15 219
15 188
15 165
15 200
15 9
15 105
15 62
15 22
15 151
15 73
15 121
15 142
15 164
13 55
13 92
13 36
13 143
13 64
13 63
13 76
13 85
13 8
13 213
13 165
13 31
13 136
13 106
13 73
13 2
55 59
55 211
55 170
55 141
55 76
55 193
55 194
55 182
55 9
55 53
55 12
55 105
55 66
55 176
55 178
55 164
59 93
59 92
59 174
59 76
59 70
59 219
59 160
59 28
59 32
59 165
59 71
59 62
59 66
59 121
59 18
59 167
59 43
59 142
59 164
35 93
35 26
35 174
35 76
35 177
35 193
35 122
35 119
35 56
35 194
35 184
35 200
35 12
35 66
35 22
35 121
35 167
118 6
118 36
118 63
118 174
118 137
118 122
118 159
118 106
118 151
118 83
118 57
118 142
118 69
211 114
211 26
211 143
211 63
211 174
211 218
211 177
211 193
211 8
211 71
211 184
211 12
211 31
211 136
211 62
211 176
211 73
211 43
211 142
211 69
211 30
93 114
93 6
93 36
93 64
93 160
93 113
93 137
93 177
93 193
93 194
93 182
93 53
93 105
93 62
93 22
93 106
93 57
93 123
93 178
93 18
114 174
114 76
114 67
114 160
114 113
114 125
114 119
114 136
114 159
114 124
114 106
114 176
114 167
114 69
170 26
170 143
170 64
170 90
170 104
170 219
170 125
170 213
170 169
170 119
170 71
170 53
170 62
170 176
170 178
170 18
170 164
170 2
141 163
141 26
141 36
141 64
141 174
141 137
141 28
141 165
141 200
141 105
141 176
141 151
141 178
141 167
141 69
141 30
6 36
6 63
6 174
6 85
6 104
6 219
6 193
6 122
6 28
6 213
6 119
6 12
6 124
6 123
6 18
163 26
163 92
163 36
163 143
163 76
163 85
163 160
163 8
163 169
163 56
163 32
163 182
163 105
163 22
163 151
163 83
163 44
163 142
26 92
26 36
26 85
26 104
26 67
26 177
26 8
26 188
26 182
26 9
26 159
26 151
26 73
26 83
26 57
26 18
26 2
92 64
92 63
92 218
92 70
92 104
92 122
92 188
92 194
92 12
92 136
92 124
92 62
92 22
92 106
92 73
92 123
92 178
92 198
92 30
36 90
36 218
36 8
36 188
36 213
36 56
36 71
36 53
36 159
36 124
36 176
36 121
36 127
36 198
36 69
36 30
143 76
143 219
143 8
143 188
143 71
143 184
143 53
143 159
143 66
143 176
143 44
64 63
64 32
64 165
64 124
64 62
64 176
64 121
64 44
64 142
64 24
64 30
63 160
63 177
63 188
63 169
63 184
63 62
63 106
63 176
63 73
63 83
63 142
63 198
63 24
63 2
174 76
174 71
174 9
174 66
174 22
174 106
174 43
174 44
174 69
76 67
76 137
76 125
76 193
76 122
76 56
76 194
76 182
76 22
76 106
76 176
76 151
76 73
76 178
76 127
76 44
76 198
76 69
76 30
76 2
90 113
90 125
90 193
90 71
90 62
90 44
90 69
90 164
85 219
85 8
85 122
85 119
85 56
85 200
85 31
85 62
85 151
85 18
85 198
85 2
218 70
218 125
218 122
218 71
218 200
218 9
218 12
218 136
218 124
218 62
218 121
218 144
218 18
218 167
218 127
218 43
218 142
70 219
70 122
70 119
70 182
70 31
70 159
70 124
70 121
70 44
70 142
70 24
104 219
104 113
104 125
104 177
104 56
104 32
104 165
104 9
104 12
104 31
104 105
104 159
104 66
104 127
104 44
104 69
219 67
219 113
219 28
219 119
219 83
219 18
219 198
219 30
219 2
67 160
67 177
67 193
67 122
67 188
67 194
67 12
67 159
67 66
67 18
67 43
67 44
67 198
160 113
160 193
160 165
160 194
160 200
160 9
160 31
160 66
160 176
160 57
160 167
160 142
160 2
113 177
113 28
113 213
113 9
113 22
113 151
113 123
113 167
137 193
137 213
137 71
137 9
137 136
137 124
137 151
137 73
137 18
137 43
137 198
125 188
125 119
125 165
125 184
125 182
125 200
125 53
125 124
125 121
125 144
125 142
125 198
125 24
177 188
177 119
177 165
177 182
177 9
177 106
177 144
177 167
177 127
177 24
193 182
193 9
193 53
193 31
193 105
193 159
193 62
193 66
193 22
193 127
193 142
193 69
8 213
8 200
8 105
8 159
8 62
8 106
8 127
8 44
8 142
8 69
8 2
122 32
122 165
122 194
122 12
122 136
122 57
122 43
122 44
122 198
188 56
188 32
188 194
188 31
188 124
188 62
188 57
188 123
188 178
188 142
188 24
188 69
28 32
28 184
28 124
28 176
28 151
28 57
28 144
28 178
28 43
28 44
28 198
213 165
213 31
213 159
213 62
213 22
213 106
213 151
213 73
213 144
213 167
213 127
213 44
213 142
213 24
213 30
169 165
169 9
169 176
169 164
119 12
119 105
119 121
119 57
119 123
119 144
119 178
119 127
119 69
119 30
119 2
56 31
56 66
56 106
56 176
56 83
56 178
56 127
32 53
32 136
32 176
32 73
32 83
32 57
32 123
32 178
32 127
32 24
32 2
165 200
165 12
165 105
165 123
165 43
165 69
194 12
194 31
194 105
194 83
194 123
194 127
194 142
71 53
71 31
71 124
71 66
71 121
71 57
71 43
71 142
71 198
71 24
71 69
184 182
184 9
184 12
184 136
184 66
184 73
184 83
184 57
184 144
184 178
184 167
184 164
184 30
182 12
182 31
182 105
182 124
182 22
182 176
182 151
182 43
200 159
200 73
200 121
200 83
200 57
200 44
200 69
9 136
9 22
9 151
9 127
9 43
9 142
9 69
9 164
53 105
53 159
53 66
53 73
53 2
12 159
12 151
12 127
12 69
31 62
31 178
31 43
31 198
31 69
105 159
105 22
105 121
105 69
105 164
105 2
136 22
136 176
136 73
136 144
136 167
136 69
159 124
159 62
159 66
159 151
159 121
159 83
159 144
159 178
159 167
159 44
159 198
159 69
124 62
124 106
124 144
124 43
124 30
62 106
62 176
62 151
62 57
62 167
62 127
62 43
62 142
62 69
62 164
62 2
66 151
66 73
66 121
66 144
66 178
66 142
66 198
66 24
66 164
22 106
22 176
22 151
22 121
22 83
22 127
22 24
106 176
106 151
106 121
106 30
176 178
151 121
151 57
151 123
151 18
73 121
73 178
73 30
121 83
121 57
121 178
121 18
121 24
121 30
121 2
83 144
83 178
83 167
83 30
57 144
57 142
57 30
123 127
123 44
144 167
144 43
144 142
144 24
144 30
144 2
178 167
178 44
18 44
18 24
18 30
18 2
167 43
167 142
167 198
167 69
167 30
127 43
127 198
43 69
43 2
44 24
142 24
142 164
142 2
198 2
24 69
24 30
