*verties 205
89
102
0
155
98
209
86
169
193
88
46
208
202
188
52
179
118
91
21
219
83
62
199
96
142
174
136
18
164
198
185
55
24
148
57
145
68
34
170
216
25
176
120
60
132
156
154
146
67
166
64
11
106
22
133
200
123
104
167
110
1
206
139
16
84
175
48
69
217
189
105
36
94
186
70
203
66
32
149
92
53
143
135
215
28
173
33
31
210
162
126
161
112
113
181
108
165
39
150
131
26
54
29
15
95
205
172
5
124
23
80
13
7
93
14
211
218
30
194
117
159
201
61
41
158
178
114
192
129
38
43
116
141
44
103
77
153
37
50
187
49
144
184
163
119
27
40
182
171
195
90
127
51
140
152
42
20
75
85
213
160
79
125
157
137
59
74
177
214
122
107
115
134
4
190
138
9
47
58
180
12
73
100
191
2
196
76
130
101
17
212
204
63
6
10
81
45
128
19
71
121
72
147
183
56
*edges 
89 102
89 155
89 86
89 88
89 208
89 179
89 219
89 83
89 174
89 164
89 198
89 185
89 148
89 57
89 145
89 34
89 216
89 25
89 120
89 132
89 156
89 154
89 166
89 64
89 133
89 200
89 104
89 110
89 1
89 139
89 16
89 84
89 48
89 217
89 189
89 36
89 94
89 70
89 149
89 53
89 143
89 215
89 28
89 33
89 31
89 210
89 162
89 112
89 108
89 39
89 124
89 23
89 7
89 14
89 211
89 117
89 61
89 178
89 114
89 129
89 43
89 116
89 141
89 44
89 77
89 37
89 49
89 184
89 40
89 171
89 90
89 127
89 51
89 85
89 213
89 160
89 79
89 157
89 137
89 214
89 122
89 107
89 190
89 58
89 180
89 12
89 73
89 100
89 191
89 2
89 76
89 130
89 17
89 204
89 63
89 6
89 10
89 81
89 45
89 128
89 71
89 147
102 0
102 155
102 98
102 209
102 86
102 88
102 46
102 83
102 199
102 96
102 142
102 18
102 164
102 55
102 24
102 57
102 145
102 146
102 64
102 22
102 133
102 123
102 104
102 206
102 84
102 175
102 48
102 69
102 217
102 36
102 94
102 70
102 203
102 66
102 32
102 53
102 135
102 215
102 28
102 210
102 162
102 126
102 161
102 113
102 181
102 150
102 131
102 29
102 15
102 95
102 205
102 80
102 13
102 7
102 93
102 14
102 211
102 30
102 117
102 159
102 201
102 41
102 178
102 192
102 43
102 116
102 44
102 77
102 153
102 37
102 119
102 40
102 182
102 90
102 140
102 75
102 160
102 125
102 59
102 134
102 4
102 9
102 180
102 12
102 73
102 100
102 191
102 2
102 76
102 130
102 101
102 17
102 212
102 204
102 10
102 81
102 128
102 121
102 72
102 183
102 56
0 98
0 169
0 193
0 88
0 46
0 208
0 202
0 188
0 52
0 179
0 21
0 219
0 83
0 62
0 199
0 96
0 142
0 136
0 18
0 198
0 185
0 148
0 57
0 68
0 34
0 216
0 25
0 120
0 60
0 132
0 166
0 11
0 106
0 22
0 123
0 167
0 110
0 16
0 84
0 175
0 69
0 217
0 189
0 70
0 66
0 32
0 92
0 53
0 143
0 135
0 215
0 31
0 210
0 126
0 161
0 112
0 165
0 150
0 26
0 15
0 95
0 205
0 5
0 124
0 23
0 80
0 13
0 218
0 194
0 117
0 201
0 61
0 41
0 158
0 114
0 129
0 43
0 116
0 141
0 44
0 77
0 153
0 37
0 49
0 184
0 163
0 119
0 40
0 182
0 171
0 195
0 90
0 152
0 42
0 20
0 75
0 85
0 213
0 79
0 137
0 59
0 74
0 214
0 122
0 107
0 115
0 134
0 190
0 138
0 9
0 47
0 180
0 100
0 76
0 212
0 10
0 45
0 128
0 71
155 209
155 169
155 188
155 179
155 199
155 142
155 136
155 18
155 164
155 198
155 185
155 148
155 57
155 145
155 170
155 60
155 132
155 156
155 146
155 166
155 106
155 22
155 200
155 123
155 104
155 1
155 206
155 16
155 84
155 69
155 105
155 94
155 66
155 149
155 53
155 135
155 215
155 33
155 31
155 162
155 112
155 113
155 181
155 108
155 39
155 131
155 26
155 205
155 172
155 124
155 23
155 80
155 14
155 30
155 117
155 159
155 201
155 61
155 41
155 178
155 114
155 192
155 129
155 43
155 116
155 77
155 153
155 37
155 49
155 119
155 90
155 127
155 140
155 152
155 42
155 20
155 85
155 137
155 59
155 74
155 177
155 107
155 4
155 9
155 58
155 180
155 12
155 100
155 191
155 2
155 130
155 17
155 212
155 204
155 63
155 6
155 81
155 45
155 121
155 72
155 147
155 183
98 209
98 86
98 169
98 193
98 208
98 52
98 118
98 91
98 21
98 96
98 142
98 174
98 136
98 18
98 198
98 55
98 24
98 145
98 34
98 216
98 25
98 120
98 132
98 156
98 64
98 11
98 22
98 200
98 167
98 206
98 84
98 175
98 48
98 217
98 105
98 186
98 70
98 66
98 32
98 149
98 92
98 53
98 143
98 135
98 28
98 173
98 33
98 31
98 162
98 126
98 161
98 112
98 165
98 39
98 150
98 131
98 26
98 54
98 15
98 95
98 172
98 5
98 124
98 23
98 80
98 7
98 211
98 194
98 117
98 159
98 61
98 41
98 114
98 129
98 38
98 43
98 116
98 103
98 77
98 153
98 37
98 50
98 49
98 184
98 119
98 27
98 171
98 195
98 140
98 20
98 85
98 213
98 79
98 125
98 157
98 59
98 177
98 214
98 107
98 134
98 4
98 9
98 47
98 180
98 100
98 191
98 2
98 196
98 76
98 130
98 101
98 204
98 63
98 6
98 10
98 45
98 128
98 19
98 71
98 183
98 56
209 193
209 46
209 208
209 202
209 188
209 179
209 118
209 91
209 21
209 219
209 83
209 62
209 199
209 96
209 18
209 198
209 185
209 55
209 24
209 148
209 68
209 34
209 132
209 156
209 166
209 11
209 106
209 22
209 200
209 104
209 110
209 1
209 139
209 48
209 69
209 189
209 36
209 186
209 70
209 92
209 135
209 215
209 28
209 33
209 161
209 112
209 113
209 181
209 165
209 39
209 131
209 15
209 95
209 205
209 172
209 5
209 23
209 93
209 14
209 218
209 194
209 41
209 158
209 178
209 129
209 38
209 141
209 103
209 77
209 37
209 184
209 163
209 119
209 40
209 195
209 90
209 127
209 51
209 140
209 20
209 85
209 213
209 125
209 157
209 137
209 59
209 74
209 107
209 115
209 190
209 138
209 9
209 47
209 180
209 73
209 100
209 2
209 196
209 76
209 130
209 101
209 17
209 212
209 204
209 63
209 6
209 10
209 45
209 19
209 121
209 72
209 147
209 56
86 169
86 46
86 208
86 52
86 91
86 21
86 83
86 62
86 96
86 142
86 198
86 24
86 148
86 57
86 34
86 170
86 25
86 176
86 120
86 60
86 132
86 154
86 146
86 67
86 166
86 64
86 11
86 106
86 133
86 200
86 123
86 110
86 1
86 206
86 16
86 217
86 189
86 94
86 70
86 32
86 149
86 143
86 135
86 173
86 162
86 113
86 181
86 108
86 39
86 150
86 26
86 54
86 29
86 205
86 7
86 14
86 211
86 218
86 30
86 117
86 61
86 41
86 178
86 129
86 44
86 153
86 37
86 50
86 144
86 163
86 171
86 195
86 127
86 51
86 140
86 152
86 42
86 85
86 160
86 125
86 157
86 74
86 177
86 122
86 107
86 115
86 138
86 9
86 47
86 58
86 180
86 73
86 100
86 191
86 2
86 196
86 130
86 101
86 17
86 204
86 6
86 19
86 71
86 121
86 183
169 202
169 91
169 21
169 219
169 96
169 142
169 174
169 198
169 185
169 55
169 68
169 216
169 25
169 176
169 156
169 154
169 146
169 166
169 11
169 200
169 123
169 104
169 167
169 139
169 16
169 217
169 94
169 203
169 66
169 32
169 92
169 53
169 173
169 31
169 210
169 162
169 126
169 161
169 112
169 113
169 181
169 108
169 165
169 131
169 26
169 15
169 205
169 172
169 5
169 80
169 14
169 211
169 194
169 117
169 159
169 201
169 41
169 114
169 129
169 44
169 103
169 77
169 37
169 49
169 144
169 184
169 119
169 27
169 40
169 171
169 90
169 51
169 140
169 152
169 20
169 75
169 213
169 160
169 79
169 125
169 157
169 177
169 214
169 107
169 138
169 9
169 47
169 73
169 100
169 101
169 17
169 212
169 204
169 6
169 81
169 45
169 128
169 19
169 71
169 72
169 147
169 183
169 56
193 88
193 208
193 118
193 21
193 219
193 83
193 199
193 18
193 185
193 55
193 24
193 57
193 68
193 170
193 216
193 25
193 176
193 60
193 132
193 154
193 146
193 67
193 64
193 11
193 22
193 133
193 123
193 104
193 167
193 1
193 16
193 175
193 217
193 105
193 94
193 70
193 203
193 66
193 149
193 53
193 143
193 28
193 126
193 108
193 165
193 150
193 29
193 15
193 13
193 14
193 211
193 30
193 194
193 117
193 201
193 61
193 41
193 178
193 114
193 192
193 116
193 141
193 44
193 103
193 77
193 187
193 49
193 163
193 119
193 27
193 195
193 90
193 20
193 160
193 157
193 214
193 122
193 134
193 190
193 138
193 9
193 47
193 12
193 73
193 100
193 191
193 2
193 76
193 130
193 17
193 204
193 63
193 10
193 81
193 128
193 19
193 71
193 121
193 147
193 183
88 46
88 208
88 202
88 179
88 21
88 62
88 199
88 96
88 174
88 18
88 164
88 198
88 24
88 148
88 57
88 68
88 34
88 170
88 216
88 25
88 176
88 132
88 154
88 146
88 166
88 64
88 11
88 106
88 133
88 123
88 167
88 110
88 1
88 206
88 16
88 84
88 69
88 217
88 105
88 94
88 186
88 70
88 203
88 66
88 32
88 143
88 135
88 215
88 33
88 31
88 126
88 181
88 108
88 39
88 150
88 131
88 26
88 54
88 29
88 95
88 5
88 124
88 23
88 7
88 93
88 14
88 218
88 30
88 159
88 201
88 41
88 178
88 129
88 38
88 43
88 116
88 141
88 103
88 77
88 153
88 50
88 49
88 184
88 163
88 182
88 195
88 90
88 127
88 140
88 20
88 75
88 160
88 177
88 107
88 115
88 134
88 190
88 9
88 47
88 58
88 180
88 191
88 2
88 130
88 101
88 212
88 204
88 6
88 81
46 52
46 118
46 91
46 21
46 219
46 83
46 199
46 142
46 136
46 185
46 24
46 148
46 57
46 145
46 68
46 170
46 176
46 132
46 154
46 146
46 67
46 106
46 133
46 200
46 123
46 167
46 110
46 1
46 139
46 84
46 175
46 48
46 186
46 70
46 203
46 66
46 149
46 92
46 143
46 135
46 215
46 33
46 31
46 210
46 126
46 161
46 113
46 181
46 108
46 39
46 131
46 26
46 54
46 15
46 95
46 205
46 172
46 5
46 124
46 23
46 13
46 7
46 93
46 14
46 30
46 117
46 159
46 61
46 158
46 114
46 129
46 38
46 43
46 116
46 103
46 37
46 144
46 184
46 27
46 182
46 171
46 195
46 90
46 127
46 140
46 152
46 85
46 213
46 79
46 137
46 59
46 122
46 107
46 9
46 58
46 180
46 191
46 2
46 196
46 130
46 17
46 63
46 6
46 10
46 71
46 147
46 183
46 56
208 91
208 83
208 199
208 96
208 142
208 174
208 136
208 18
208 185
208 24
208 148
208 57
208 145
208 68
208 34
208 216
208 120
208 132
208 156
208 154
208 67
208 64
208 200
208 123
208 104
208 167
208 139
208 105
208 36
208 203
208 32
208 149
208 53
208 143
208 135
208 28
208 173
208 33
208 31
208 210
208 162
208 161
208 113
208 181
208 165
208 26
208 29
208 15
208 95
208 172
208 124
208 23
208 80
208 7
208 93
208 14
208 211
208 30
208 117
208 61
208 41
208 158
208 178
208 192
208 129
208 43
208 141
208 44
208 103
208 77
208 37
208 50
208 187
208 144
208 184
208 163
208 27
208 182
208 171
208 51
208 152
208 42
208 20
208 85
208 213
208 160
208 79
208 125
208 137
208 59
208 177
208 214
208 122
208 107
208 115
208 9
208 47
208 58
208 12
208 73
208 196
208 76
208 130
208 17
208 204
208 81
208 45
208 72
202 179
202 118
202 83
202 62
202 96
202 142
202 18
202 198
202 185
202 55
202 24
202 57
202 68
202 216
202 25
202 156
202 146
202 67
202 64
202 200
202 104
202 167
202 1
202 206
202 139
202 84
202 175
202 69
202 217
202 189
202 105
202 36
202 186
202 203
202 66
202 32
202 149
202 143
202 215
202 28
202 210
202 162
202 126
202 113
202 108
202 150
202 131
202 54
202 29
202 15
202 205
202 5
202 23
202 93
202 14
202 211
202 30
202 201
202 61
202 178
202 192
202 129
202 38
202 103
202 187
202 49
202 144
202 40
202 171
202 140
202 152
202 85
202 160
202 79
202 125
202 137
202 177
202 214
202 122
202 115
202 134
202 190
202 9
202 58
202 73
202 100
202 2
202 76
202 212
202 204
202 10
202 81
202 128
202 19
202 71
202 72
202 147
202 183
188 179
188 118
188 21
188 62
188 199
188 142
188 136
188 18
188 24
188 148
188 57
188 145
188 68
188 170
188 216
188 25
188 120
188 60
188 132
188 156
188 154
188 64
188 11
188 104
188 1
188 206
188 16
188 175
188 189
188 36
188 94
188 53
188 143
188 33
188 210
188 162
188 112
188 113
188 165
188 39
188 150
188 54
188 15
188 205
188 124
188 93
188 218
188 159
188 41
188 38
188 116
188 103
188 153
188 37
188 50
188 144
188 184
188 119
188 182
188 171
188 195
188 90
188 140
188 75
188 85
188 160
188 125
188 157
188 59
188 177
188 122
188 107
188 115
188 9
188 47
188 58
188 73
188 191
188 2
188 76
188 101
188 212
188 63
188 45
188 71
188 121
188 147
188 183
188 56
52 91
52 21
52 96
52 164
52 198
52 24
52 148
52 68
52 34
52 170
52 25
52 176
52 120
52 64
52 106
52 133
52 200
52 123
52 167
52 110
52 139
52 84
52 175
52 48
52 189
52 105
52 36
52 94
52 186
52 70
52 149
52 92
52 53
52 143
52 135
52 28
52 173
52 162
52 126
52 112
52 181
52 108
52 150
52 131
52 26
52 95
52 205
52 124
52 80
52 13
52 7
52 211
52 218
52 30
52 194
52 41
52 178
52 114
52 192
52 129
52 77
52 37
52 50
52 49
52 184
52 171
52 127
52 51
52 140
52 152
52 20
52 75
52 85
52 79
52 157
52 59
52 74
52 214
52 107
52 115
52 134
52 190
52 138
52 9
52 180
52 73
52 196
52 101
52 212
52 204
52 6
52 81
52 45
52 128
52 19
52 71
52 72
52 147
52 56
179 118
179 174
179 164
179 185
179 55
179 148
179 68
179 60
179 132
179 154
179 146
179 133
179 104
179 1
179 206
179 84
179 69
179 217
179 105
179 94
179 203
179 32
179 149
179 92
179 143
179 215
179 28
179 33
179 31
179 126
179 161
179 112
179 113
179 165
179 39
179 150
179 54
179 95
179 205
179 172
179 5
179 124
179 80
179 93
179 211
179 30
179 61
179 158
179 178
179 192
179 129
179 43
179 116
179 44
179 37
179 50
179 184
179 119
179 171
179 195
179 90
179 51
179 140
179 152
179 42
179 20
179 85
179 213
179 160
179 125
179 137
179 214
179 107
179 115
179 134
179 4
179 190
179 9
179 58
179 73
179 100
179 191
179 2
179 196
179 101
179 63
179 10
179 128
179 19
179 72
179 183
118 219
118 62
118 199
118 174
118 18
118 185
118 55
118 24
118 145
118 34
118 170
118 216
118 25
118 120
118 132
118 146
118 11
118 133
118 200
118 123
118 167
118 110
118 1
118 206
118 16
118 84
118 175
118 217
118 36
118 186
118 70
118 66
118 149
118 135
118 28
118 33
118 31
118 162
118 126
118 112
118 113
118 181
118 108
118 26
118 54
118 29
118 95
118 205
118 172
118 5
118 124
118 23
118 80
118 13
118 93
118 194
118 117
118 201
118 61
118 178
118 114
118 192
118 129
118 38
118 43
118 116
118 141
118 44
118 77
118 153
118 37
118 50
118 49
118 184
118 119
118 182
118 195
118 140
118 152
118 42
118 75
118 85
118 137
118 59
118 74
118 214
118 122
118 115
118 134
118 4
118 190
118 9
118 47
118 180
118 17
118 204
118 63
118 81
118 45
118 128
118 71
118 72
91 83
91 62
91 96
91 142
91 18
91 164
91 198
91 55
91 24
91 148
91 34
91 176
91 120
91 60
91 154
91 166
91 64
91 200
91 104
91 167
91 84
91 217
91 189
91 105
91 36
91 94
91 203
91 66
91 149
91 135
91 215
91 28
91 33
91 126
91 161
91 113
91 150
91 131
91 54
91 29
91 15
91 95
91 205
91 124
91 14
91 218
91 194
91 117
91 159
91 201
91 41
91 158
91 192
91 129
91 38
91 43
91 116
91 44
91 37
91 50
91 49
91 144
91 184
91 163
91 119
91 171
91 195
91 90
91 127
91 140
91 152
91 75
91 85
91 213
91 157
91 74
91 122
91 115
91 134
91 4
91 9
91 12
91 196
91 76
91 130
91 101
91 212
91 204
91 6
91 10
91 45
91 19
91 121
91 72
91 56
21 219
21 83
21 62
21 199
21 96
21 142
21 18
21 164
21 55
21 24
21 145
21 170
21 216
21 25
21 132
21 106
21 22
21 133
21 200
21 123
21 110
21 206
21 139
21 84
21 217
21 189
21 105
21 94
21 70
21 203
21 32
21 149
21 53
21 143
21 215
21 173
21 33
21 162
21 161
21 113
21 181
21 108
21 39
21 26
21 54
21 29
21 205
21 172
21 124
21 23
21 80
21 7
21 211
21 218
21 159
21 201
21 61
21 158
21 178
21 38
21 44
21 103
21 77
21 153
21 37
21 187
21 163
21 119
21 27
21 127
21 152
21 42
21 75
21 213
21 79
21 125
21 59
21 74
21 177
21 122
21 107
21 115
21 134
21 4
21 138
21 9
21 47
21 58
21 100
21 196
21 76
21 130
21 101
21 212
21 63
21 6
21 183
21 56
219 199
219 96
219 174
219 18
219 185
219 24
219 57
219 68
219 34
219 170
219 25
219 176
219 60
219 154
219 146
219 64
219 11
219 22
219 133
219 110
219 1
219 206
219 16
219 48
219 189
219 105
219 36
219 70
219 66
219 32
219 53
219 143
219 215
219 28
219 173
219 33
219 31
219 162
219 126
219 112
219 181
219 108
219 131
219 26
219 205
219 172
219 5
219 124
219 23
219 13
219 7
219 93
219 14
219 218
219 30
219 117
219 61
219 178
219 129
219 38
219 43
219 44
219 103
219 153
219 50
219 184
219 163
219 27
219 40
219 171
219 195
219 127
219 51
219 75
219 85
219 160
219 79
219 125
219 177
219 214
219 122
219 107
219 115
219 134
219 4
219 138
219 9
219 47
219 180
219 12
219 100
219 191
219 196
219 76
219 130
219 17
219 212
219 204
219 63
219 45
219 19
219 71
219 147
219 183
219 56
83 62
83 96
83 142
83 174
83 136
83 18
83 164
83 145
83 68
83 170
83 25
83 176
83 60
83 132
83 154
83 146
83 64
83 22
83 200
83 123
83 104
83 167
83 110
83 206
83 16
83 84
83 217
83 189
83 105
83 36
83 186
83 70
83 203
83 32
83 149
83 143
83 215
83 33
83 162
83 126
83 161
83 113
83 181
83 108
83 39
83 131
83 26
83 54
83 15
83 95
83 124
83 7
83 93
83 14
83 218
83 30
83 61
83 41
83 158
83 114
83 192
83 116
83 141
83 103
83 77
83 153
83 50
83 184
83 119
83 27
83 182
83 171
83 51
83 20
83 85
83 213
83 160
83 137
83 59
83 74
83 177
83 214
83 122
83 107
83 115
83 4
83 190
83 9
83 47
83 180
83 12
83 73
83 2
83 196
83 130
83 101
83 17
83 212
83 204
83 45
83 121
83 147
83 183
62 142
62 136
62 164
62 198
62 57
62 68
62 216
62 25
62 176
62 120
62 156
62 154
62 146
62 11
62 106
62 22
62 123
62 1
62 206
62 16
62 84
62 48
62 189
62 105
62 94
62 186
62 203
62 149
62 53
62 135
62 28
62 173
62 210
62 162
62 126
62 112
62 113
62 181
62 165
62 131
62 124
62 13
62 93
62 14
62 211
62 30
62 194
62 201
62 61
62 41
62 178
62 114
62 129
62 38
62 43
62 116
62 44
62 153
62 50
62 187
62 144
62 184
62 182
62 171
62 195
62 51
62 42
62 213
62 79
62 157
62 214
62 122
62 107
62 134
62 4
62 138
62 9
62 47
62 58
62 180
62 100
62 191
62 76
62 101
62 212
62 204
62 63
62 6
62 19
62 121
62 147
199 142
199 136
199 18
199 198
199 185
199 55
199 24
199 148
199 68
199 34
199 25
199 120
199 60
199 132
199 156
199 146
199 166
199 64
199 11
199 106
199 22
199 133
199 167
199 110
199 206
199 16
199 84
199 175
199 36
199 94
199 186
199 70
199 66
199 135
199 215
199 28
199 33
199 31
199 161
199 112
199 181
199 108
199 39
199 15
199 172
199 124
199 23
199 13
199 7
199 93
199 14
199 218
199 30
199 117
199 159
199 201
199 61
199 41
199 158
199 178
199 114
199 192
199 129
199 141
199 44
199 77
199 153
199 187
199 49
199 144
199 184
199 119
199 27
199 40
199 182
199 90
199 127
199 51
199 140
199 42
199 20
199 75
199 213
199 79
199 125
199 59
199 74
199 214
199 107
199 115
199 190
199 9
199 47
199 58
199 12
199 100
199 2
199 101
199 17
199 212
199 204
199 63
199 6
199 81
199 128
199 19
199 71
199 121
96 142
96 136
96 18
96 164
96 198
96 185
96 55
96 148
96 57
96 68
96 34
96 216
96 120
96 146
96 64
96 106
96 22
96 123
96 110
96 206
96 139
96 84
96 69
96 217
96 189
96 105
96 94
96 32
96 53
96 28
96 162
96 126
96 112
96 113
96 181
96 108
96 165
96 15
96 205
96 172
96 5
96 23
96 80
96 7
96 93
96 14
96 159
96 41
96 129
96 43
96 116
96 141
96 44
96 50
96 184
96 163
96 40
96 90
96 152
96 42
96 85
96 160
96 79
96 125
96 157
96 137
96 59
96 214
96 115
96 134
96 4
96 9
96 12
96 73
96 191
96 76
96 130
96 101
96 17
96 212
96 63
96 6
96 10
96 81
96 45
96 72
96 147
96 183
142 174
142 136
142 24
142 57
142 68
142 25
142 132
142 156
142 67
142 11
142 106
142 133
142 123
142 104
142 167
142 110
142 1
142 84
142 175
142 69
142 217
142 105
142 36
142 94
142 70
142 66
142 32
142 149
142 92
142 53
142 143
142 215
142 173
142 33
142 31
142 162
142 126
142 165
142 39
142 131
142 15
142 95
142 205
142 172
142 5
142 23
142 13
142 14
142 211
142 218
142 159
142 61
142 41
142 114
142 192
142 129
142 38
142 103
142 77
142 50
142 163
142 119
142 27
142 40
142 195
142 127
142 51
142 140
142 152
142 42
142 79
142 125
142 157
142 137
142 59
142 177
142 107
142 134
142 190
142 9
142 47
142 58
142 180
142 12
142 73
142 100
142 196
142 76
142 101
142 17
142 204
142 63
142 10
142 81
142 45
142 128
142 19
142 121
142 72
142 56
174 136
174 18
174 185
174 55
174 57
174 145
174 34
174 170
174 216
174 176
174 60
174 132
174 156
174 154
174 146
174 67
174 11
174 133
174 123
174 167
174 110
174 84
174 175
174 69
174 217
174 105
174 36
174 94
174 70
174 66
174 32
174 149
174 53
174 143
174 135
174 210
174 161
174 112
174 113
174 181
174 108
174 165
174 39
174 150
174 131
174 26
174 54
174 29
174 95
174 172
174 124
174 23
174 13
174 7
174 211
174 158
174 178
174 192
174 129
174 43
174 116
174 141
174 44
174 77
174 37
174 50
174 49
174 27
174 182
174 195
174 51
174 152
174 20
174 75
174 85
174 160
174 125
174 157
174 137
174 214
174 122
174 107
174 115
174 134
174 4
174 190
174 9
174 58
174 180
174 12
174 73
174 191
174 101
174 17
174 212
174 204
174 63
174 10
174 81
174 128
174 19
174 72
174 56
136 164
136 198
136 185
136 57
136 145
136 216
136 120
136 60
136 154
136 146
136 67
136 166
136 64
136 11
136 106
136 22
136 200
136 104
136 167
136 1
136 206
136 69
136 189
136 105
136 36
136 186
136 70
136 203
136 92
136 53
136 215
136 28
136 173
136 162
136 126
136 161
136 112
136 181
136 39
136 150
136 131
136 54
136 95
136 205
136 124
136 80
136 7
136 93
136 14
136 211
136 218
136 117
136 201
136 61
136 41
136 114
136 43
136 44
136 103
136 77
136 49
136 184
136 27
136 40
136 195
136 51
136 140
136 152
136 42
136 20
136 85
136 160
136 79
136 125
136 59
136 107
136 115
136 134
136 4
136 138
136 9
136 58
136 180
136 12
136 100
136 191
136 2
136 196
136 76
136 130
136 101
136 10
136 81
136 121
136 147
136 183
136 56
18 198
18 185
18 55
18 24
18 57
18 145
18 170
18 25
18 60
18 154
18 146
18 67
18 64
18 22
18 104
18 110
18 1
18 206
18 139
18 16
18 84
18 69
18 217
18 105
18 203
18 215
18 28
18 113
18 181
18 165
18 150
18 131
18 26
18 95
18 205
18 172
18 124
18 80
18 13
18 93
18 14
18 211
18 30
18 194
18 201
18 41
18 158
18 178
18 114
18 192
18 43
18 141
18 44
18 77
18 50
18 49
18 144
18 184
18 163
18 119
18 182
18 90
18 140
18 42
18 75
18 85
18 160
18 157
18 137
18 59
18 74
18 177
18 122
18 115
18 9
18 58
18 180
18 12
18 73
18 100
18 17
18 204
18 10
18 81
18 19
18 71
18 121
18 72
18 183
164 185
164 55
164 24
164 68
164 25
164 176
164 120
164 60
164 132
164 156
164 67
164 166
164 133
164 200
164 104
164 167
164 1
164 206
164 16
164 175
164 69
164 217
164 189
164 105
164 94
164 186
164 70
164 203
164 66
164 149
164 53
164 135
164 215
164 28
164 173
164 31
164 162
164 126
164 161
164 112
164 181
164 108
164 165
164 54
164 29
164 95
164 5
164 80
164 14
164 211
164 218
164 30
164 194
164 41
164 158
164 129
164 38
164 43
164 116
164 37
164 50
164 187
164 144
164 163
164 119
164 27
164 182
164 195
164 127
164 152
164 42
164 20
164 85
164 160
164 79
164 157
164 137
164 59
164 74
164 177
164 122
164 107
164 134
164 4
164 190
164 138
164 9
164 47
164 58
164 180
164 12
164 73
164 2
164 130
164 204
164 63
164 81
164 45
164 128
164 72
164 147
164 183
164 56
198 185
198 57
198 68
198 216
198 176
198 120
198 60
198 146
198 67
198 166
198 106
198 133
198 110
198 1
198 139
198 16
198 175
198 69
198 217
198 36
198 94
198 186
198 203
198 53
198 143
198 135
198 28
198 33
198 31
198 113
198 108
198 165
198 39
198 150
198 131
198 54
198 15
198 95
198 23
198 80
198 13
198 7
198 93
198 211
198 218
198 30
198 117
198 201
198 41
198 158
198 178
198 43
198 116
198 141
198 44
198 77
198 37
198 187
198 27
198 40
198 171
198 140
198 152
198 213
198 160
198 79
198 125
198 157
198 59
198 107
198 115
198 134
198 4
198 190
198 58
198 191
198 2
198 76
198 101
198 63
198 6
198 10
198 81
198 19
198 71
198 183
185 145
185 68
185 34
185 216
185 60
185 132
185 154
185 166
185 64
185 11
185 22
185 133
185 167
185 110
185 1
185 139
185 16
185 69
185 94
185 70
185 203
185 143
185 135
185 28
185 173
185 210
185 112
185 113
185 181
185 165
185 39
185 150
185 29
185 95
185 205
185 5
185 124
185 80
185 13
185 7
185 14
185 211
185 218
185 30
185 194
185 117
185 41
185 158
185 178
185 129
185 38
185 43
185 116
185 141
185 103
185 77
185 153
185 37
185 187
185 49
185 163
185 27
185 195
185 127
185 140
185 20
185 75
185 213
185 59
185 74
185 177
185 214
185 122
185 134
185 9
185 47
185 180
185 12
185 73
185 2
185 101
185 17
185 212
185 6
185 45
185 121
185 183
55 24
55 216
55 120
55 60
55 132
55 146
55 67
55 11
55 106
55 167
55 110
55 139
55 16
55 175
55 69
55 217
55 36
55 186
55 70
55 203
55 92
55 53
55 143
55 173
55 33
55 31
55 210
55 162
55 161
55 150
55 26
55 29
55 5
55 23
55 93
55 14
55 211
55 218
55 30
55 117
55 159
55 201
55 61
55 114
55 192
55 38
55 116
55 44
55 77
55 49
55 144
55 163
55 119
55 27
55 171
55 195
55 90
55 127
55 140
55 42
55 20
55 75
55 160
55 125
55 157
55 59
55 74
55 177
55 214
55 134
55 4
55 190
55 9
55 47
55 180
55 12
55 73
55 100
55 191
55 101
55 17
55 212
55 63
55 10
55 19
55 71
55 147
24 145
24 34
24 176
24 120
24 132
24 156
24 154
24 146
24 67
24 166
24 11
24 106
24 22
24 200
24 123
24 110
24 139
24 16
24 175
24 217
24 189
24 186
24 92
24 53
24 143
24 135
24 28
24 126
24 112
24 165
24 39
24 150
24 131
24 29
24 15
24 95
24 172
24 5
24 124
24 23
24 80
24 13
24 93
24 14
24 211
24 117
24 158
24 178
24 114
24 129
24 38
24 43
24 116
24 103
24 77
24 37
24 50
24 49
24 144
24 184
24 27
24 40
24 182
24 90
24 51
24 42
24 20
24 75
24 85
24 213
24 79
24 137
24 59
24 74
24 107
24 115
24 134
24 4
24 190
24 138
24 9
24 58
24 12
24 73
24 100
24 76
24 204
24 63
24 72
24 147
24 183
24 56
148 57
148 216
148 25
148 176
148 120
148 60
148 132
148 156
148 146
148 67
148 64
148 22
148 133
148 200
148 123
148 104
148 167
148 206
148 175
148 48
148 69
148 217
148 189
148 36
148 70
148 149
148 53
148 28
148 173
148 126
148 112
148 39
148 131
148 54
148 95
148 5
148 124
148 23
148 13
148 93
148 14
148 211
148 218
148 30
148 117
148 159
148 192
148 129
148 116
148 141
148 103
148 153
148 50
148 187
148 163
148 119
148 40
148 90
148 127
148 42
148 20
148 85
148 160
148 125
148 59
148 74
148 107
148 134
148 190
148 138
148 9
148 47
148 12
148 73
148 191
148 2
148 76
148 130
148 101
148 63
148 10
148 45
148 19
148 71
148 147
148 183
57 68
57 216
57 25
57 132
57 154
57 146
57 64
57 11
57 106
57 123
57 104
57 167
57 139
57 16
57 84
57 175
57 48
57 69
57 217
57 105
57 36
57 94
57 203
57 66
57 32
57 53
57 143
57 215
57 28
57 33
57 31
57 210
57 162
57 161
57 181
57 108
57 165
57 131
57 54
57 15
57 95
57 205
57 172
57 124
57 23
57 13
57 7
57 14
57 211
57 201
57 61
57 41
57 158
57 178
57 114
57 38
57 43
57 141
57 103
57 77
57 37
57 50
57 184
57 163
57 182
57 171
57 127
57 51
57 42
57 20
57 75
57 85
57 213
57 160
57 79
57 157
57 59
57 74
57 177
57 122
57 115
57 134
57 190
57 138
57 180
57 100
57 2
57 196
57 130
57 212
57 204
57 63
57 6
57 10
57 128
57 71
57 121
57 183
57 56
145 68
145 170
145 120
145 154
145 67
145 166
145 11
145 22
145 133
145 200
145 104
145 167
145 1
145 139
145 16
145 217
145 189
145 105
145 94
145 186
145 203
145 53
145 143
145 135
145 215
145 28
145 33
145 31
145 210
145 162
145 39
145 54
145 29
145 205
145 172
145 13
145 7
145 14
145 211
145 218
145 194
145 201
145 41
145 158
145 178
145 129
145 38
145 103
145 77
145 153
145 49
145 144
145 184
145 195
145 90
145 42
145 20
145 125
145 137
145 122
145 134
145 4
145 190
145 9
145 180
145 73
145 101
145 212
145 63
145 10
145 45
145 19
145 71
145 121
145 147
145 183
145 56
68 216
68 176
68 156
68 146
68 67
68 11
68 106
68 110
68 206
68 16
68 69
68 217
68 189
68 105
68 36
68 186
68 70
68 203
68 66
68 32
68 149
68 92
68 143
68 135
68 215
68 28
68 173
68 31
68 210
68 162
68 126
68 161
68 113
68 108
68 39
68 131
68 29
68 95
68 5
68 124
68 80
68 93
68 218
68 194
68 159
68 201
68 61
68 158
68 114
68 192
68 38
68 103
68 77
68 153
68 37
68 49
68 184
68 163
68 27
68 182
68 171
68 195
68 90
68 51
68 152
68 42
68 75
68 85
68 160
68 125
68 74
68 177
68 122
68 107
68 115
68 134
68 190
68 138
68 47
68 58
68 12
68 100
68 191
68 76
68 212
68 204
68 63
68 6
68 10
68 45
68 128
68 71
68 121
68 72
68 147
68 183
68 56
34 170
34 216
34 25
34 176
34 60
34 156
34 154
34 67
34 166
34 64
34 22
34 133
34 123
34 110
34 139
34 84
34 175
34 69
34 189
34 105
34 36
34 94
34 186
34 70
34 203
34 149
34 92
34 143
34 215
34 28
34 173
34 33
34 31
34 161
34 112
34 181
34 108
34 165
34 150
34 26
34 54
34 15
34 95
34 205
34 172
34 5
34 124
34 80
34 13
34 7
34 218
34 30
34 194
34 117
34 201
34 41
34 158
34 114
34 129
34 38
34 43
34 44
34 50
34 187
34 49
34 163
34 119
34 27
34 171
34 213
34 157
34 59
34 74
34 177
34 214
34 122
34 107
34 190
34 138
34 47
34 58
34 180
34 191
34 196
34 76
34 130
34 212
34 204
34 6
34 45
34 128
34 19
34 71
34 72
34 183
34 56
170 216
170 120
170 60
170 156
170 146
170 67
170 64
170 11
170 200
170 123
170 104
170 167
170 206
170 84
170 48
170 69
170 217
170 189
170 105
170 36
170 70
170 203
170 32
170 92
170 53
170 143
170 215
170 173
170 31
170 161
170 113
170 26
170 29
170 15
170 95
170 124
170 93
170 14
170 211
170 218
170 194
170 117
170 61
170 178
170 192
170 129
170 38
170 43
170 141
170 153
170 50
170 187
170 49
170 144
170 184
170 163
170 119
170 27
170 171
170 195
170 51
170 140
170 152
170 20
170 160
170 79
170 125
170 157
170 137
170 59
170 177
170 214
170 122
170 115
170 190
170 9
170 47
170 58
170 73
170 196
170 76
170 101
170 212
170 6
170 10
170 81
170 128
170 19
170 71
170 72
216 25
216 176
216 120
216 60
216 132
216 67
216 64
216 133
216 200
216 123
216 104
216 167
216 1
216 84
216 69
216 217
216 105
216 94
216 203
216 53
216 143
216 135
216 215
216 28
216 33
216 210
216 162
216 126
216 112
216 113
216 181
216 108
216 165
216 150
216 131
216 54
216 29
216 172
216 23
216 14
216 218
216 30
216 159
216 41
216 178
216 129
216 38
216 43
216 116
216 44
216 37
216 187
216 144
216 184
216 163
216 119
216 27
216 40
216 171
216 90
216 140
216 20
216 75
216 85
216 213
216 157
216 177
216 122
216 107
216 134
216 190
216 138
216 9
216 47
216 58
216 180
216 73
216 191
216 196
216 76
216 130
216 17
216 212
216 6
216 81
216 45
216 121
25 176
25 120
25 132
25 156
25 154
25 146
25 67
25 166
25 64
25 11
25 106
25 22
25 167
25 1
25 206
25 84
25 69
25 217
25 105
25 36
25 94
25 149
25 143
25 135
25 31
25 112
25 113
25 181
25 39
25 131
25 95
25 205
25 23
25 80
25 13
25 7
25 93
25 14
25 218
25 30
25 201
25 158
25 178
25 114
25 44
25 103
25 77
25 153
25 50
25 49
25 144
25 184
25 163
25 27
25 40
25 90
25 127
25 152
25 42
25 20
25 213
25 160
25 125
25 74
25 122
25 134
25 4
25 190
25 58
25 180
25 191
25 76
25 212
25 204
25 63
25 6
25 10
25 128
25 71
25 121
25 72
25 183
176 120
176 60
176 156
176 154
176 146
176 64
176 11
176 106
176 133
176 200
176 123
176 206
176 139
176 84
176 175
176 48
176 69
176 217
176 36
176 70
176 203
176 32
176 92
176 143
176 28
176 33
176 31
176 210
176 162
176 126
176 161
176 112
176 113
176 131
176 54
176 15
176 172
176 23
176 80
176 13
176 93
176 14
176 211
176 218
176 201
176 61
176 43
176 116
176 44
176 77
176 50
176 184
176 163
176 119
176 40
176 182
176 171
176 90
176 85
176 160
176 79
176 125
176 137
176 74
176 107
176 115
176 4
176 190
176 9
176 12
176 100
176 2
176 196
176 101
176 17
176 212
176 204
176 6
176 10
176 81
176 45
176 71
176 121
176 147
176 183
120 132
120 156
120 154
120 146
120 67
120 133
120 123
120 110
120 1
120 139
120 48
120 69
120 105
120 94
120 186
120 149
120 53
120 215
120 33
120 162
120 112
120 113
120 181
120 108
120 165
120 131
120 29
120 15
120 172
120 80
120 13
120 7
120 194
120 159
120 201
120 41
120 158
120 192
120 43
120 116
120 141
120 144
120 163
120 119
120 171
120 90
120 127
120 51
120 152
120 75
120 213
120 160
120 79
120 125
120 157
120 59
120 74
120 177
120 122
120 107
120 115
120 4
120 58
120 12
120 100
120 191
120 2
120 196
120 130
120 17
120 212
120 204
120 10
120 128
120 71
120 121
120 72
120 147
120 183
120 56
60 156
60 154
60 146
60 64
60 11
60 106
60 22
60 200
60 123
60 104
60 167
60 110
60 1
60 16
60 84
60 69
60 217
60 189
60 105
60 36
60 186
60 70
60 203
60 32
60 143
60 215
60 31
60 126
60 161
60 112
60 39
60 150
60 131
60 29
60 15
60 205
60 172
60 5
60 124
60 80
60 7
60 93
60 14
60 194
60 61
60 41
60 158
60 192
60 38
60 43
60 103
60 37
60 49
60 144
60 163
60 27
60 40
60 182
60 195
60 90
60 127
60 51
60 140
60 42
60 20
60 75
60 85
60 79
60 125
60 157
60 137
60 74
60 122
60 107
60 134
60 4
60 190
60 180
60 12
60 2
60 130
60 101
60 17
60 212
60 81
60 19
60 72
60 183
132 154
132 146
132 67
132 166
132 64
132 11
132 22
132 200
132 110
132 1
132 84
132 175
132 48
132 105
132 36
132 149
132 53
132 143
132 135
132 215
132 28
132 173
132 33
132 31
132 162
132 126
132 161
132 112
132 113
132 165
132 39
132 150
132 131
132 54
132 29
132 15
132 95
132 205
132 172
132 5
132 124
132 23
132 80
132 93
132 14
132 211
132 30
132 194
132 61
132 41
132 158
132 38
132 141
132 44
132 103
132 153
132 37
132 50
132 187
132 49
132 163
132 40
132 195
132 140
132 152
132 42
132 20
132 75
132 213
132 79
132 125
132 59
132 177
132 214
132 122
132 107
132 134
132 58
132 12
132 191
132 2
132 196
132 76
132 101
132 17
132 63
132 6
132 10
132 19
132 71
132 147
156 154
156 146
156 166
156 64
156 133
156 200
156 123
156 167
156 1
156 206
156 139
156 16
156 175
156 48
156 69
156 217
156 189
156 94
156 70
156 32
156 149
156 143
156 135
156 215
156 28
156 33
156 210
156 162
156 161
156 112
156 108
156 131
156 54
156 205
156 23
156 7
156 93
156 211
156 218
156 117
156 159
156 201
156 158
156 114
156 192
156 141
156 103
156 77
156 50
156 187
156 49
156 163
156 171
156 195
156 90
156 140
156 152
156 20
156 75
156 213
156 160
156 125
156 157
156 137
156 59
156 177
156 214
156 122
156 107
156 4
156 190
156 58
156 12
156 2
156 196
156 76
156 130
156 101
156 17
156 63
156 6
156 71
156 183
154 67
154 166
154 106
154 22
154 133
154 123
154 104
154 167
154 110
154 1
154 206
154 16
154 84
154 175
154 48
154 69
154 189
154 105
154 36
154 94
154 70
154 66
154 32
154 92
154 143
154 215
154 28
154 33
154 31
154 210
154 39
154 150
154 54
154 29
154 5
154 124
154 80
154 13
154 93
154 218
154 30
154 194
154 159
154 201
154 192
154 116
154 44
154 153
154 50
154 49
154 184
154 119
154 182
154 171
154 195
154 90
154 127
154 140
154 152
154 20
154 85
154 160
154 79
154 157
154 137
154 74
154 214
154 122
154 115
154 134
154 47
154 180
154 12
154 191
154 76
154 130
154 101
154 17
154 212
154 10
154 81
154 128
154 71
154 72
154 183
146 166
146 64
146 22
146 200
146 123
146 104
146 1
146 206
146 16
146 84
146 175
146 69
146 217
146 189
146 94
146 70
146 66
146 149
146 92
146 143
146 135
146 28
146 173
146 31
146 126
146 112
146 113
146 108
146 26
146 54
146 29
146 95
146 205
146 172
146 5
146 13
146 93
146 14
146 218
146 30
146 201
146 61
146 178
146 43
146 116
146 141
146 44
146 103
146 77
146 50
146 187
146 49
146 144
146 184
146 163
146 40
146 182
146 171
146 195
146 90
146 127
146 51
146 152
146 42
146 20
146 85
146 79
146 137
146 59
146 74
146 214
146 107
146 115
146 4
146 9
146 12
146 73
146 100
146 191
146 76
146 130
146 204
146 6
146 81
146 19
146 121
146 72
146 183
67 64
67 11
67 22
67 133
67 123
67 110
67 139
67 84
67 69
67 217
67 186
67 203
67 32
67 92
67 53
67 143
67 135
67 215
67 173
67 31
67 162
67 126
67 161
67 165
67 39
67 54
67 29
67 15
67 205
67 80
67 13
67 7
67 93
67 14
67 218
67 194
67 117
67 159
67 201
67 41
67 178
67 114
67 192
67 38
67 44
67 153
67 37
67 49
67 163
67 119
67 40
67 182
67 195
67 51
67 140
67 75
67 85
67 213
67 79
67 157
67 137
67 59
67 214
67 107
67 134
67 4
67 9
67 73
67 100
67 191
67 2
67 76
67 101
67 17
67 6
67 81
67 45
67 19
67 71
67 121
67 56
166 64
166 11
166 106
166 123
166 1
166 48
166 69
166 189
166 66
166 32
166 149
166 53
166 135
166 215
166 28
166 173
166 33
166 162
166 126
166 113
166 108
166 39
166 150
166 54
166 29
166 95
166 205
166 172
166 23
166 7
166 93
166 211
166 194
166 61
166 41
166 178
166 114
166 38
166 43
166 44
166 77
166 153
166 37
166 49
166 144
166 163
166 119
166 27
166 171
166 195
166 90
166 51
166 20
166 85
166 137
166 59
166 74
166 177
166 214
166 115
166 134
166 190
166 180
166 12
166 100
166 76
166 130
166 212
166 204
166 81
166 45
166 71
166 72
166 147
166 183
166 56
64 11
64 106
64 133
64 104
64 167
64 110
64 1
64 69
64 217
64 189
64 186
64 70
64 32
64 92
64 135
64 215
64 31
64 112
64 181
64 150
64 131
64 54
64 29
64 205
64 80
64 211
64 201
64 158
64 192
64 43
64 116
64 141
64 103
64 37
64 50
64 187
64 49
64 144
64 163
64 40
64 171
64 195
64 90
64 127
64 51
64 152
64 42
64 20
64 75
64 85
64 213
64 157
64 74
64 177
64 214
64 107
64 115
64 134
64 4
64 190
64 138
64 9
64 58
64 12
64 191
64 196
64 76
64 101
64 17
64 63
64 45
64 19
64 71
64 121
64 72
11 106
11 200
11 123
11 104
11 175
11 48
11 36
11 186
11 70
11 203
11 66
11 149
11 143
11 135
11 173
11 33
11 31
11 210
11 162
11 181
11 131
11 29
11 95
11 5
11 124
11 13
11 7
11 211
11 218
11 30
11 159
11 201
11 178
11 114
11 192
11 38
11 116
11 103
11 77
11 50
11 49
11 144
11 163
11 195
11 140
11 152
11 75
11 85
11 79
11 157
11 59
11 74
11 177
11 107
11 115
11 134
11 4
11 190
11 47
11 58
11 73
11 100
11 191
11 76
11 130
11 101
11 204
11 63
11 81
11 128
11 19
11 71
11 72
11 183
106 110
106 1
106 206
106 139
106 175
106 69
106 189
106 36
106 94
106 70
106 203
106 66
106 32
106 53
106 215
106 28
106 173
106 126
106 161
106 108
106 29
106 15
106 124
106 23
106 80
106 13
106 7
106 211
106 218
106 194
106 117
106 159
106 201
106 61
106 41
106 158
106 129
106 43
106 116
106 44
106 103
106 77
106 37
106 50
106 144
106 184
106 163
106 119
106 195
106 127
106 140
106 152
106 42
106 75
106 213
106 125
106 157
106 59
106 122
106 134
106 4
106 190
106 47
106 58
106 180
106 100
106 191
106 130
106 101
106 212
106 204
106 81
106 128
106 71
106 72
106 147
22 133
22 123
22 104
22 167
22 1
22 206
22 139
22 16
22 48
22 217
22 94
22 70
22 32
22 149
22 53
22 135
22 215
22 28
22 33
22 31
22 210
22 162
22 161
22 112
22 113
22 181
22 108
22 150
22 26
22 54
22 205
22 5
22 80
22 13
22 7
22 14
22 201
22 158
22 114
22 38
22 141
22 103
22 77
22 37
22 50
22 119
22 40
22 182
22 127
22 51
22 42
22 213
22 160
22 125
22 157
22 214
22 122
22 134
22 190
22 58
22 73
22 191
22 2
22 196
22 130
22 101
22 17
22 10
22 45
22 71
22 121
22 183
133 123
133 104
133 110
133 1
133 84
133 175
133 105
133 94
133 70
133 66
133 32
133 149
133 143
133 135
133 28
133 126
133 112
133 181
133 165
133 39
133 150
133 131
133 29
133 15
133 95
133 205
133 5
133 23
133 218
133 194
133 159
133 201
133 61
133 41
133 158
133 192
133 129
133 38
133 43
133 77
133 37
133 163
133 119
133 195
133 90
133 51
133 140
133 42
133 20
133 75
133 213
133 160
133 79
133 177
133 214
133 122
133 107
133 115
133 134
133 4
133 9
133 47
133 58
133 73
133 191
133 2
133 196
133 76
133 101
133 17
133 212
133 63
133 6
133 81
133 45
133 19
133 71
133 183
133 56
200 123
200 104
200 167
200 1
200 206
200 139
200 84
200 48
200 189
200 36
200 94
200 66
200 149
200 92
200 53
200 215
200 28
200 161
200 112
200 113
200 108
200 165
200 39
200 150
200 131
200 29
200 15
200 205
200 172
200 5
200 124
200 13
200 7
200 30
200 194
200 117
200 159
200 201
200 41
200 178
200 192
200 38
200 116
200 141
200 37
200 187
200 144
200 119
200 171
200 195
200 127
200 51
200 152
200 75
200 85
200 157
200 177
200 4
200 138
200 9
200 73
200 191
200 76
200 17
200 212
200 204
200 63
200 6
200 10
200 81
200 45
200 71
200 121
200 72
200 147
200 56
123 104
123 167
123 1
123 206
123 48
123 69
123 105
123 36
123 94
123 186
123 70
123 203
123 32
123 149
123 143
123 135
123 31
123 113
123 39
123 150
123 131
123 29
123 95
123 172
123 5
123 124
123 23
123 80
123 7
123 93
123 14
123 211
123 30
123 194
123 41
123 158
123 114
123 192
123 129
123 38
123 116
123 44
123 103
123 77
123 37
123 49
123 144
123 119
123 171
123 90
123 127
123 140
123 152
123 213
123 160
123 79
123 125
123 137
123 59
123 74
123 177
123 214
123 122
123 115
123 4
123 47
123 58
123 12
123 191
123 17
123 212
123 63
123 45
123 19
123 183
104 167
104 110
104 206
104 139
104 16
104 175
104 217
104 189
104 105
104 36
104 94
104 186
104 53
104 143
104 28
104 173
104 33
104 210
104 162
104 161
104 112
104 113
104 108
104 150
104 131
104 29
104 205
104 172
104 5
104 80
104 93
104 14
104 211
104 194
104 117
104 159
104 201
104 114
104 192
104 129
104 43
104 116
104 103
104 77
104 50
104 187
104 144
104 163
104 40
104 182
104 127
104 51
104 152
104 42
104 213
104 160
104 79
104 125
104 137
104 74
104 214
104 134
104 190
104 47
104 12
104 191
104 76
104 130
104 101
104 212
104 63
104 6
104 71
104 147
104 56
167 110
167 1
167 139
167 16
167 69
167 186
167 70
167 32
167 92
167 215
167 173
167 33
167 162
167 181
167 165
167 39
167 150
167 29
167 95
167 172
167 23
167 13
167 7
167 30
167 117
167 159
167 201
167 61
167 178
167 192
167 38
167 116
167 141
167 103
167 187
167 119
167 27
167 40
167 90
167 51
167 140
167 152
167 85
167 213
167 160
167 74
167 177
167 214
167 122
167 107
167 115
167 4
167 190
167 138
167 12
167 73
167 100
167 191
167 2
167 196
167 76
167 17
167 212
167 204
167 63
167 45
167 128
167 71
167 121
167 72
110 206
110 16
110 84
110 36
110 186
110 70
110 66
110 53
110 135
110 215
110 28
110 31
110 162
110 126
110 113
110 181
110 165
110 39
110 150
110 26
110 54
110 15
110 23
110 80
110 7
110 14
110 211
110 218
110 30
110 129
110 38
110 77
110 37
110 50
110 49
110 171
110 195
110 51
110 152
110 20
110 125
110 157
110 59
110 74
110 177
110 214
110 122
110 107
110 190
110 138
110 47
110 180
110 12
110 73
110 76
110 130
110 17
110 212
110 204
110 63
110 6
110 81
110 45
110 71
110 121
110 72
110 183
110 56
1 139
1 16
1 84
1 217
1 189
1 36
1 94
1 70
1 203
1 66
1 32
1 149
1 53
1 135
1 215
1 173
1 33
1 31
1 210
1 112
1 108
1 165
1 131
1 29
1 15
1 95
1 5
1 124
1 80
1 13
1 93
1 194
1 117
1 41
1 158
1 178
1 114
1 38
1 116
1 141
1 103
1 77
1 187
1 144
1 184
1 163
1 119
1 27
1 40
1 182
1 195
1 90
1 127
1 140
1 75
1 85
1 160
1 157
1 137
1 59
1 74
1 177
1 214
1 122
1 115
1 4
1 138
1 9
1 47
1 58
1 180
1 12
1 73
1 191
1 2
1 130
1 101
1 212
1 204
1 63
1 6
1 81
1 45
1 19
1 147
206 139
206 16
206 84
206 48
206 36
206 94
206 186
206 70
206 203
206 66
206 32
206 149
206 53
206 135
206 215
206 28
206 210
206 162
206 112
206 181
206 108
206 26
206 54
206 29
206 205
206 5
206 124
206 23
206 80
206 7
206 218
206 30
206 194
206 117
206 201
206 61
206 41
206 114
206 192
206 43
206 116
206 44
206 37
206 50
206 184
206 163
206 27
206 182
206 195
206 51
206 140
206 20
206 213
206 160
206 157
206 137
206 59
206 74
206 177
206 122
206 115
206 190
206 138
206 9
206 47
206 58
206 73
206 76
206 130
206 101
206 17
206 212
206 204
206 63
206 6
206 10
206 81
206 128
206 19
206 71
206 72
206 147
206 183
206 56
139 16
139 175
139 48
139 69
139 189
139 105
139 53
139 143
139 135
139 173
139 126
139 181
139 108
139 39
139 150
139 26
139 54
139 29
139 95
139 5
139 124
139 13
139 7
139 93
139 14
139 211
139 218
139 30
139 194
139 117
139 201
139 41
139 158
139 114
139 129
139 38
139 103
139 77
139 37
139 49
139 144
139 119
139 171
139 51
139 140
139 20
139 75
139 85
139 213
139 157
139 74
139 177
139 214
139 122
139 107
139 115
139 134
139 4
139 47
139 180
139 12
139 191
139 130
139 17
139 63
139 6
139 45
139 128
139 19
139 71
139 121
139 56
16 175
16 217
16 105
16 36
16 94
16 186
16 215
16 28
16 173
16 31
16 112
16 113
16 150
16 131
16 26
16 95
16 7
16 14
16 194
16 117
16 159
16 201
16 158
16 192
16 43
16 116
16 44
16 103
16 153
16 50
16 49
16 184
16 119
16 40
16 171
16 127
16 140
16 152
16 42
16 75
16 85
16 79
16 137
16 214
16 115
16 134
16 4
16 190
16 138
16 9
16 47
16 58
16 12
16 2
16 101
16 17
16 212
16 81
16 45
16 19
16 121
16 72
16 147
84 189
84 186
84 70
84 203
84 32
84 53
84 143
84 173
84 126
84 161
84 113
84 181
84 165
84 150
84 131
84 26
84 172
84 5
84 124
84 13
84 211
84 218
84 194
84 159
84 61
84 158
84 114
84 192
84 38
84 116
84 141
84 44
84 77
84 50
84 187
84 184
84 163
84 119
84 40
84 90
84 140
84 75
84 85
84 213
84 160
84 79
84 137
84 59
84 74
84 177
84 107
84 47
84 100
84 191
84 2
84 196
84 76
84 101
84 17
84 212
84 204
84 63
84 6
84 45
84 72
84 183
175 48
175 69
175 94
175 32
175 92
175 143
175 173
175 210
175 126
175 112
175 108
175 39
175 29
175 15
175 95
175 205
175 172
175 80
175 13
175 7
175 93
175 211
175 218
175 30
175 194
175 159
175 41
175 158
175 178
175 192
175 116
175 141
175 44
175 77
175 153
175 50
175 163
175 119
175 27
175 171
175 90
175 127
175 51
175 152
175 42
175 20
175 79
175 59
175 74
175 177
175 214
175 122
175 115
175 134
175 190
175 138
175 58
175 12
175 100
175 191
175 130
175 204
175 6
175 10
175 45
175 128
175 121
175 72
175 147
175 183
175 56
48 69
48 217
48 189
48 36
48 32
48 92
48 53
48 135
48 28
48 173
48 31
48 210
48 162
48 126
48 112
48 181
48 39
48 29
48 95
48 5
48 23
48 80
48 7
48 93
48 14
48 218
48 194
48 117
48 61
48 158
48 178
48 114
48 192
48 129
48 43
48 116
48 141
48 44
48 77
48 153
48 50
48 49
48 184
48 119
48 40
48 171
48 195
48 90
48 51
48 140
48 152
48 20
48 85
48 160
48 79
48 59
48 74
48 214
48 4
48 190
48 138
48 73
48 130
48 101
48 17
48 212
48 63
48 6
48 10
48 81
48 128
48 71
48 72
48 147
48 183
69 217
69 105
69 94
69 70
69 149
69 92
69 53
69 135
69 215
69 173
69 31
69 162
69 126
69 161
69 112
69 181
69 165
69 150
69 131
69 26
69 54
69 95
69 5
69 13
69 7
69 93
69 14
69 211
69 218
69 159
69 61
69 41
69 43
69 44
69 77
69 153
69 50
69 187
69 144
69 184
69 163
69 40
69 182
69 171
69 127
69 51
69 140
69 42
69 75
69 213
69 160
69 79
69 125
69 157
69 74
69 122
69 115
69 134
69 138
69 9
69 47
69 180
69 12
69 73
69 2
69 76
69 130
69 212
69 63
69 6
69 10
69 45
69 19
69 71
69 121
69 72
69 147
69 183
217 189
217 203
217 149
217 53
217 135
217 215
217 28
217 173
217 210
217 112
217 113
217 181
217 108
217 165
217 131
217 26
217 54
217 29
217 15
217 205
217 5
217 13
217 7
217 218
217 30
217 159
217 61
217 178
217 43
217 37
217 187
217 49
217 144
217 184
217 163
217 119
217 27
217 182
217 171
217 195
217 160
217 79
217 157
217 137
217 59
217 74
217 214
217 107
217 134
217 9
217 47
217 58
217 12
217 73
217 191
217 196
217 76
217 101
217 17
217 204
217 63
217 10
217 19
217 147
217 56
189 94
189 70
189 92
189 53
189 135
189 215
189 28
189 33
189 150
189 26
189 95
189 205
189 172
189 5
189 124
189 80
189 13
189 93
189 14
189 30
189 194
189 117
189 201
189 61
189 41
189 178
189 114
189 129
189 38
189 43
189 116
189 141
189 44
189 103
189 77
189 153
189 37
189 50
189 187
189 49
189 40
189 182
189 195
189 90
189 140
189 20
189 75
189 213
189 125
189 74
189 177
189 214
189 122
189 107
189 115
189 190
189 138
189 9
189 47
189 12
189 191
189 130
189 101
189 204
189 6
189 81
189 45
189 72
189 147
189 183
105 32
105 149
105 53
105 143
105 28
105 173
105 31
105 210
105 126
105 161
105 112
105 108
105 39
105 150
105 131
105 26
105 54
105 15
105 172
105 5
105 124
105 23
105 13
105 14
105 218
105 30
105 201
105 61
105 158
105 114
105 43
105 116
105 103
105 187
105 49
105 144
105 163
105 40
105 182
105 171
105 195
105 90
105 127
105 42
105 20
105 75
105 79
105 125
105 157
105 137
105 177
105 214
105 134
105 190
105 138
105 180
105 73
105 100
105 191
105 2
105 130
105 101
105 63
105 10
105 81
105 45
105 128
105 121
105 72
36 94
36 186
36 70
36 66
36 32
36 149
36 53
36 143
36 135
36 215
36 31
36 210
36 112
36 108
36 165
36 150
36 26
36 15
36 172
36 5
36 124
36 7
36 93
36 14
36 218
36 41
36 158
36 178
36 114
36 116
36 44
36 77
36 37
36 49
36 119
36 171
36 127
36 140
36 152
36 75
36 85
36 213
36 160
36 137
36 177
36 122
36 107
36 115
36 4
36 190
36 138
36 47
36 58
36 180
36 12
36 2
36 196
36 101
36 212
36 204
36 6
36 10
36 81
36 128
36 19
36 71
36 183
36 56
94 70
94 203
94 143
94 135
94 173
94 31
94 210
94 112
94 113
94 181
94 165
94 150
94 131
94 26
94 54
94 95
94 205
94 5
94 124
94 23
94 80
94 13
94 7
94 14
94 211
94 159
94 201
94 61
94 158
94 192
94 43
94 77
94 37
94 49
94 144
94 184
94 119
94 27
94 40
94 171
94 90
94 127
94 140
94 152
94 42
94 20
94 85
94 74
94 214
94 115
94 4
94 138
94 9
94 180
94 73
94 100
94 196
94 76
94 130
94 101
94 17
94 63
94 6
94 128
94 71
94 72
94 147
94 56
186 70
186 32
186 53
186 143
186 135
186 33
186 210
186 113
186 108
186 165
186 39
186 131
186 15
186 124
186 23
186 13
186 30
186 194
186 117
186 159
186 201
186 114
186 192
186 129
186 43
186 49
186 119
186 27
186 40
186 195
186 127
186 140
186 42
186 85
186 213
186 160
186 214
186 122
186 134
186 4
186 190
186 138
186 9
186 47
186 73
186 100
186 191
186 76
186 17
186 212
186 63
186 6
186 10
186 81
186 45
186 71
186 121
186 72
186 147
186 183
70 203
70 66
70 32
70 149
70 143
70 28
70 33
70 31
70 210
70 162
70 113
70 181
70 150
70 15
70 95
70 205
70 172
70 5
70 23
70 80
70 159
70 201
70 61
70 41
70 178
70 114
70 192
70 129
70 43
70 141
70 44
70 103
70 77
70 153
70 50
70 49
70 144
70 184
70 163
70 171
70 90
70 51
70 140
70 152
70 42
70 20
70 213
70 125
70 157
70 137
70 74
70 214
70 134
70 4
70 138
70 9
70 180
70 12
70 73
70 100
70 191
70 2
70 76
70 101
70 17
70 204
70 63
70 128
70 71
70 121
70 72
70 147
70 183
70 56
203 66
203 32
203 149
203 92
203 53
203 143
203 215
203 28
203 173
203 33
203 31
203 210
203 162
203 126
203 161
203 112
203 39
203 150
203 131
203 54
203 15
203 95
203 205
203 5
203 124
203 13
203 7
203 14
203 211
203 159
203 201
203 61
203 178
203 103
203 77
203 153
203 37
203 187
203 144
203 27
203 40
203 182
203 195
203 127
203 51
203 42
203 213
203 160
203 59
203 74
203 177
203 115
203 4
203 180
203 12
203 73
203 100
203 191
203 212
203 6
203 10
203 81
203 45
203 56
66 53
66 143
66 215
66 28
66 33
66 210
66 161
66 181
66 165
66 26
66 54
66 15
66 95
66 205
66 7
66 211
66 218
66 30
66 117
66 159
66 201
66 178
66 192
66 43
66 141
66 103
66 49
66 144
66 90
66 127
66 140
66 152
66 42
66 79
66 125
66 157
66 137
66 74
66 177
66 214
66 122
66 115
66 134
66 4
66 190
66 138
66 47
66 12
66 100
66 76
66 101
66 17
66 10
66 81
66 45
32 149
32 92
32 143
32 173
32 33
32 31
32 126
32 161
32 112
32 108
32 165
32 150
32 131
32 26
32 54
32 95
32 172
32 5
32 124
32 7
32 211
32 30
32 159
32 201
32 61
32 41
32 129
32 43
32 116
32 141
32 103
32 77
32 37
32 50
32 187
32 144
32 184
32 119
32 51
32 152
32 20
32 75
32 160
32 79
32 125
32 137
32 59
32 74
32 214
32 4
32 190
32 138
32 9
32 47
32 58
32 12
32 73
32 191
32 130
32 101
32 17
32 204
32 6
32 10
32 45
32 19
32 71
32 121
32 147
32 183
149 92
149 53
149 143
149 215
149 28
149 33
149 210
149 126
149 112
149 39
149 131
149 29
149 5
149 124
149 23
149 80
149 13
149 7
149 14
149 211
149 194
149 117
149 61
149 41
149 114
149 192
149 129
149 141
149 103
149 153
149 49
149 144
149 119
149 182
149 171
149 195
149 51
149 140
149 42
149 75
149 213
149 160
149 157
149 59
149 74
149 214
149 115
149 134
149 4
149 190
149 9
149 58
149 180
149 2
149 196
149 76
149 130
149 17
149 63
149 45
149 121
149 72
149 56
92 135
92 28
92 173
92 31
92 126
92 161
92 112
92 181
92 108
92 39
92 54
92 29
92 15
92 205
92 80
92 7
92 211
92 30
92 117
92 159
92 178
92 129
92 38
92 116
92 141
92 103
92 77
92 37
92 187
92 49
92 27
92 40
92 182
92 195
92 127
92 140
92 85
92 213
92 125
92 157
92 177
92 214
92 107
92 115
92 190
92 138
92 9
92 58
92 12
92 73
92 191
92 2
92 196
92 130
92 101
92 17
92 204
92 63
92 45
92 121
92 72
53 143
53 135
53 215
53 173
53 162
53 126
53 112
53 108
53 165
53 39
53 131
53 26
53 15
53 172
53 5
53 80
53 7
53 93
53 211
53 218
53 30
53 194
53 117
53 61
53 158
53 178
53 114
53 129
53 38
53 153
53 187
53 144
53 184
53 119
53 171
53 195
53 127
53 140
53 85
53 160
53 79
53 125
53 137
53 59
53 74
53 214
53 122
53 115
53 138
53 9
53 47
53 58
53 12
53 73
53 191
53 2
53 76
53 212
53 6
53 45
53 128
53 19
53 71
53 121
53 72
53 183
53 56
143 215
143 28
143 126
143 165
143 39
143 150
143 54
143 29
143 95
143 5
143 23
143 80
143 93
143 211
143 218
143 117
143 159
143 61
143 158
143 192
143 38
143 43
143 116
143 103
143 77
143 37
143 50
143 187
143 144
143 184
143 163
143 27
143 182
143 171
143 195
143 51
143 213
143 160
143 74
143 214
143 122
143 115
143 138
143 47
143 58
143 100
143 2
143 196
143 76
143 101
143 17
143 204
143 63
143 6
143 81
143 45
143 19
143 121
143 72
143 183
143 56
135 33
135 31
135 161
135 181
135 39
135 150
135 131
135 29
135 95
135 205
135 172
135 124
135 23
135 80
135 7
135 14
135 211
135 218
135 30
135 159
135 201
135 41
135 158
135 129
135 38
135 116
135 141
135 44
135 77
135 50
135 187
135 184
135 40
135 182
135 171
135 51
135 140
135 152
135 42
135 20
135 75
135 79
135 157
135 177
135 4
135 138
135 9
135 58
135 180
135 12
135 100
135 191
135 2
135 196
135 76
135 204
135 63
135 81
135 45
135 19
135 147
215 173
215 33
215 31
215 210
215 162
215 112
215 181
215 150
215 131
215 26
215 15
215 172
215 23
215 80
215 13
215 7
215 93
215 14
215 211
215 30
215 61
215 41
215 158
215 178
215 192
215 116
215 141
215 44
215 153
215 187
215 184
215 163
215 119
215 27
215 40
215 171
215 140
215 75
215 85
215 79
215 125
215 157
215 59
215 122
215 115
215 190
215 138
215 9
215 58
215 73
215 191
215 196
215 130
215 17
215 212
215 45
215 19
215 121
215 72
215 147
28 173
28 31
28 210
28 161
28 112
28 113
28 165
28 150
28 131
28 54
28 29
28 205
28 172
28 5
28 23
28 80
28 13
28 93
28 14
28 211
28 218
28 30
28 201
28 41
28 158
28 192
28 129
28 116
28 141
28 44
28 153
28 50
28 187
28 144
28 163
28 119
28 27
28 40
28 195
28 127
28 20
28 85
28 160
28 125
28 157
28 137
28 59
28 122
28 115
28 47
28 58
28 73
28 191
28 76
28 130
28 17
28 204
28 63
28 6
28 128
28 19
28 121
28 147
173 161
173 112
173 113
173 181
173 108
173 150
173 131
173 26
173 15
173 23
173 13
173 7
173 93
173 14
173 218
173 117
173 201
173 61
173 158
173 178
173 114
173 129
173 141
173 44
173 153
173 37
173 49
173 119
173 182
173 171
173 127
173 140
173 20
173 75
173 85
173 160
173 79
173 157
173 137
173 74
173 214
173 134
173 4
173 190
173 138
173 47
173 180
173 12
173 73
173 2
173 196
173 130
173 17
173 212
173 204
173 10
173 81
173 128
173 19
173 72
173 56
33 31
33 162
33 113
33 165
33 39
33 150
33 131
33 26
33 29
33 15
33 95
33 205
33 5
33 124
33 80
33 7
33 14
33 211
33 30
33 117
33 61
33 41
33 158
33 178
33 114
33 129
33 116
33 141
33 103
33 77
33 153
33 37
33 187
33 49
33 144
33 163
33 27
33 40
33 182
33 127
33 51
33 152
33 42
33 20
33 85
33 79
33 157
33 137
33 74
33 177
33 214
33 134
33 4
33 47
33 58
33 2
33 196
33 130
33 212
33 204
33 63
33 6
33 71
33 147
33 56
31 126
31 112
31 113
31 181
31 165
31 150
31 26
31 54
31 15
31 172
31 5
31 124
31 80
31 13
31 93
31 14
31 218
31 30
31 194
31 117
31 159
31 61
31 158
31 114
31 192
31 43
31 116
31 77
31 37
31 49
31 119
31 40
31 195
31 90
31 127
31 51
31 152
31 42
31 213
31 160
31 79
31 59
31 214
31 122
31 107
31 115
31 134
31 138
31 9
31 47
31 58
31 180
31 12
31 73
31 2
31 196
31 17
31 63
31 81
31 45
31 128
31 71
31 121
31 183
210 126
210 161
210 112
210 113
210 108
210 165
210 39
210 150
210 131
210 26
210 29
210 15
210 95
210 5
210 23
210 93
210 14
210 218
210 30
210 194
210 159
210 201
210 61
210 158
210 114
210 129
210 44
210 103
210 77
210 37
210 50
210 187
210 144
210 163
210 119
210 27
210 40
210 182
210 171
210 195
210 127
210 152
210 42
210 20
210 75
210 85
210 213
210 79
210 125
210 157
210 177
210 214
210 107
210 115
210 134
210 190
210 12
210 73
210 191
210 130
210 17
210 63
210 6
210 10
210 81
210 128
210 71
210 72
210 147
210 183
162 126
162 161
162 113
162 108
162 39
162 26
162 54
162 95
162 205
162 5
162 124
162 23
162 7
162 218
162 30
162 194
162 117
162 159
162 201
162 61
162 41
162 129
162 43
162 103
162 77
162 153
162 184
162 40
162 90
162 127
162 152
162 20
162 75
162 213
162 160
162 79
162 125
162 74
162 177
162 122
162 134
162 4
162 190
162 138
162 47
162 58
162 180
162 12
162 73
162 100
162 191
162 196
162 76
162 17
162 212
162 204
162 63
162 6
162 81
162 128
162 72
162 183
162 56
126 112
126 181
126 108
126 165
126 39
126 131
126 26
126 54
126 95
126 205
126 124
126 23
126 80
126 13
126 93
126 14
126 30
126 117
126 159
126 61
126 158
126 192
126 129
126 43
126 116
126 153
126 50
126 187
126 144
126 184
126 163
126 40
126 182
126 171
126 195
126 160
126 125
126 157
126 137
126 74
126 177
126 214
126 134
126 190
126 138
126 9
126 47
126 58
126 12
126 191
126 2
126 10
126 81
126 128
126 19
126 147
126 56
161 112
161 113
161 108
161 165
161 39
161 150
161 54
161 15
161 205
161 172
161 124
161 23
161 93
161 14
161 30
161 194
161 61
161 41
161 178
161 114
161 192
161 129
161 38
161 43
161 116
161 141
161 103
161 153
161 187
161 184
161 27
161 40
161 182
161 195
161 90
161 51
161 152
161 42
161 85
161 213
161 125
161 157
161 137
161 59
161 74
161 122
161 115
161 134
161 190
161 9
161 47
161 58
161 12
161 191
161 2
161 76
161 101
161 17
161 204
161 63
161 81
161 45
161 128
161 71
161 121
161 147
161 56
112 108
112 39
112 26
112 205
112 172
112 5
112 124
112 13
112 7
112 211
112 30
112 159
112 201
112 61
112 41
112 158
112 141
112 44
112 77
112 153
112 187
112 144
112 184
112 40
112 182
112 171
112 90
112 127
112 51
112 140
112 152
112 42
112 20
112 85
112 213
112 79
112 137
112 59
112 122
112 115
112 134
112 4
112 9
112 58
112 180
112 100
112 191
112 196
112 76
112 130
112 212
112 204
112 63
112 6
112 10
112 81
112 19
112 121
112 72
112 147
112 183
113 108
113 131
113 54
113 15
113 95
113 172
113 5
113 23
113 80
113 14
113 218
113 30
113 194
113 117
113 201
113 61
113 41
113 114
113 192
113 129
113 38
113 43
113 77
113 49
113 184
113 119
113 40
113 182
113 195
113 152
113 20
113 213
113 125
113 157
113 74
113 107
113 115
113 190
113 47
113 12
113 196
113 130
113 17
113 63
113 6
113 10
113 81
113 19
113 121
113 72
113 183
181 108
181 165
181 150
181 131
181 15
181 95
181 172
181 124
181 23
181 13
181 211
181 218
181 194
181 117
181 159
181 201
181 61
181 158
181 178
181 114
181 192
181 38
181 44
181 153
181 37
181 50
181 49
181 144
181 163
181 119
181 171
181 127
181 140
181 42
181 75
181 85
181 160
181 79
181 157
181 137
181 74
181 214
181 122
181 107
181 115
181 134
181 4
181 190
181 138
181 9
181 12
181 100
181 191
181 76
181 212
181 204
181 6
181 121
181 147
181 183
181 56
108 165
108 39
108 150
108 131
108 15
108 124
108 23
108 80
108 211
108 218
108 201
108 61
108 41
108 114
108 192
108 38
108 141
108 44
108 50
108 184
108 119
108 27
108 40
108 195
108 90
108 127
108 85
108 125
108 137
108 122
108 107
108 115
108 134
108 9
108 58
108 12
108 2
108 196
108 130
108 17
108 212
108 63
108 6
108 81
108 45
108 128
108 19
108 71
108 183
165 150
165 26
165 54
165 15
165 172
165 5
165 124
165 23
165 80
165 13
165 7
165 93
165 201
165 61
165 178
165 114
165 43
165 116
165 44
165 103
165 77
165 153
165 37
165 187
165 49
165 144
165 119
165 90
165 127
165 51
165 140
165 152
165 85
165 213
165 59
165 74
165 122
165 107
165 134
165 190
165 138
165 9
165 58
165 180
165 73
165 196
165 130
165 101
165 17
165 212
165 10
165 45
165 71
165 147
165 183
165 56
39 150
39 131
39 26
39 29
39 15
39 5
39 124
39 23
39 80
39 13
39 14
39 218
39 30
39 194
39 159
39 158
39 178
39 114
39 129
39 38
39 44
39 103
39 77
39 153
39 37
39 187
39 163
39 27
39 40
39 182
39 127
39 51
39 140
39 152
39 42
39 75
39 85
39 125
39 137
39 74
39 177
39 214
39 107
39 115
39 134
39 138
39 47
39 58
39 12
39 73
39 196
39 76
39 101
39 17
39 63
39 6
39 10
39 19
39 71
39 121
39 72
39 147
39 183
39 56
150 26
150 15
150 205
150 5
150 23
150 80
150 7
150 14
150 194
150 159
150 61
150 41
150 178
150 114
150 103
150 153
150 50
150 187
150 144
150 163
150 119
150 182
150 90
150 42
150 213
150 160
150 137
150 74
150 177
150 214
150 122
150 107
150 115
150 4
150 190
150 138
150 47
150 73
150 196
150 76
150 17
150 212
150 6
150 19
150 71
150 121
150 72
150 183
150 56
131 26
131 29
131 95
131 23
131 80
131 13
131 7
131 93
131 218
131 194
131 201
131 61
131 114
131 38
131 43
131 116
131 44
131 77
131 49
131 144
131 184
131 119
131 182
131 140
131 152
131 42
131 85
131 213
131 79
131 157
131 214
131 122
131 190
131 9
131 47
131 180
131 12
131 73
131 100
131 196
131 76
131 63
131 10
131 81
131 45
131 128
131 71
131 121
131 72
131 56
26 54
26 205
26 172
26 124
26 80
26 13
26 93
26 211
26 218
26 194
26 159
26 201
26 61
26 158
26 178
26 43
26 116
26 141
26 50
26 187
26 184
26 119
26 27
26 40
26 182
26 195
26 90
26 127
26 51
26 140
26 152
26 125
26 157
26 137
26 59
26 177
26 107
26 115
26 4
26 190
26 180
26 12
26 73
26 191
26 76
26 130
26 17
26 6
26 10
26 81
26 121
26 147
26 183
26 56
54 29
54 95
54 172
54 5
54 23
54 13
54 117
54 159
54 158
54 192
54 38
54 43
54 77
54 50
54 144
54 184
54 163
54 27
54 90
54 127
54 51
54 152
54 20
54 75
54 160
54 79
54 137
54 59
54 214
54 107
54 58
54 12
54 73
54 76
54 130
54 17
54 204
54 63
54 6
54 10
54 81
54 72
54 183
54 56
29 95
29 5
29 80
29 7
29 14
29 211
29 30
29 194
29 117
29 159
29 61
29 178
29 38
29 77
29 37
29 187
29 163
29 119
29 27
29 182
29 51
29 20
29 160
29 79
29 157
29 74
29 177
29 107
29 115
29 190
29 138
29 58
29 180
29 12
29 73
29 2
29 130
29 212
29 204
29 63
29 81
29 45
29 19
29 121
29 56
15 205
15 172
15 23
15 80
15 13
15 7
15 93
15 218
15 30
15 117
15 159
15 41
15 178
15 114
15 129
15 116
15 44
15 37
15 50
15 187
15 184
15 163
15 119
15 27
15 182
15 171
15 127
15 51
15 152
15 42
15 213
15 79
15 125
15 157
15 59
15 74
15 214
15 107
15 115
15 134
15 9
15 47
15 58
15 180
15 12
15 2
15 76
15 130
15 17
15 212
15 63
15 45
15 71
15 72
15 147
15 183
95 205
95 172
95 124
95 7
95 93
95 14
95 30
95 194
95 159
95 201
95 61
95 178
95 114
95 192
95 129
95 38
95 43
95 141
95 103
95 77
95 187
95 49
95 119
95 40
95 90
95 140
95 152
95 79
95 125
95 137
95 74
95 177
95 107
95 115
95 190
95 47
95 58
95 180
95 73
95 2
95 76
95 101
95 204
95 63
95 6
95 10
95 128
95 19
95 72
95 183
205 172
205 23
205 13
205 93
205 14
205 211
205 194
205 117
205 159
205 61
205 41
205 158
205 114
205 192
205 129
205 43
205 116
205 141
205 44
205 103
205 153
205 187
205 184
205 163
205 27
205 182
205 195
205 90
205 51
205 140
205 152
205 20
205 75
205 213
205 160
205 122
205 107
205 115
205 134
205 4
205 190
205 58
205 180
205 12
205 76
205 212
205 63
205 6
205 10
205 45
205 128
205 19
205 71
205 72
205 56
172 5
172 93
172 14
172 218
172 30
172 117
172 159
172 61
172 158
172 178
172 192
172 43
172 116
172 141
172 37
172 50
172 187
172 184
172 119
172 27
172 40
172 90
172 127
172 51
172 152
172 20
172 85
172 59
172 177
172 122
172 107
172 115
172 134
172 190
172 138
172 47
172 58
172 12
172 2
172 196
172 76
172 212
172 204
172 63
172 19
172 121
172 183
172 56
5 124
5 14
5 211
5 218
5 30
5 201
5 61
5 41
5 158
5 178
5 114
5 192
5 129
5 38
5 141
5 44
5 103
5 77
5 153
5 50
5 144
5 184
5 163
5 195
5 90
5 127
5 140
5 20
5 75
5 85
5 160
5 79
5 59
5 122
5 107
5 4
5 190
5 138
5 9
5 47
5 58
5 12
5 73
5 100
5 191
5 196
5 130
5 101
5 212
5 6
5 81
5 45
5 128
5 19
5 121
5 72
124 23
124 80
124 13
124 7
124 211
124 218
124 30
124 117
124 159
124 201
124 61
124 178
124 114
124 192
124 129
124 38
124 43
124 116
124 141
124 153
124 37
124 50
124 187
124 163
124 40
124 182
124 51
124 140
124 152
124 213
124 137
124 59
124 115
124 134
124 190
124 138
124 9
124 58
124 100
124 191
124 76
124 101
124 17
124 212
124 10
124 19
124 121
124 183
23 80
23 93
23 14
23 211
23 30
23 194
23 159
23 201
23 61
23 158
23 178
23 114
23 192
23 129
23 38
23 116
23 141
23 44
23 103
23 50
23 184
23 119
23 171
23 195
23 90
23 51
23 152
23 42
23 75
23 85
23 125
23 157
23 74
23 214
23 122
23 107
23 115
23 4
23 190
23 9
23 58
23 73
23 191
23 101
23 17
23 6
23 10
23 81
23 45
23 128
23 19
23 71
23 121
23 183
80 13
80 14
80 30
80 159
80 201
80 41
80 158
80 38
80 43
80 141
80 50
80 49
80 144
80 184
80 119
80 27
80 40
80 182
80 171
80 195
80 140
80 152
80 20
80 75
80 213
80 79
80 125
80 59
80 74
80 214
80 122
80 134
80 138
80 47
80 191
80 76
80 17
80 212
80 6
80 10
80 45
80 71
80 121
80 72
13 7
13 93
13 211
13 218
13 117
13 159
13 201
13 178
13 192
13 38
13 116
13 44
13 50
13 187
13 49
13 144
13 184
13 119
13 27
13 40
13 182
13 171
13 90
13 127
13 51
13 152
13 213
13 125
13 137
13 177
13 214
13 122
13 107
13 115
13 134
13 47
13 180
13 12
13 100
13 2
13 76
13 212
13 204
13 10
13 81
13 45
13 121
13 183
13 56
7 30
7 117
7 159
7 61
7 158
7 178
7 129
7 38
7 43
7 141
7 44
7 103
7 49
7 163
7 171
7 90
7 51
7 140
7 152
7 20
7 213
7 160
7 125
7 137
7 59
7 74
7 177
7 107
7 4
7 58
7 12
7 73
7 191
7 2
7 76
7 130
7 101
7 204
7 63
7 6
7 45
7 128
7 19
7 121
7 72
7 147
7 183
7 56
93 211
93 218
93 30
93 194
93 117
93 159
93 201
93 158
93 114
93 192
93 38
93 116
93 141
93 44
93 103
93 77
93 153
93 50
93 187
93 144
93 184
93 40
93 171
93 90
93 51
93 152
93 20
93 85
93 79
93 125
93 157
93 74
93 214
93 115
93 4
93 190
93 180
93 73
93 100
93 191
93 2
93 76
93 130
93 101
93 204
93 63
93 6
93 10
93 45
93 121
93 72
93 147
93 183
93 56
14 211
14 194
14 117
14 159
14 201
14 61
14 41
14 158
14 192
14 129
14 43
14 116
14 141
14 77
14 153
14 187
14 49
14 119
14 27
14 182
14 90
14 152
14 42
14 75
14 85
14 79
14 157
14 177
14 107
14 115
14 4
14 9
14 47
14 58
14 12
14 191
14 2
14 101
14 212
14 204
14 6
14 10
14 45
14 128
14 71
14 121
211 117
211 159
211 201
211 61
211 41
211 158
211 192
211 129
211 38
211 43
211 141
211 77
211 153
211 187
211 49
211 184
211 163
211 119
211 27
211 182
211 171
211 195
211 90
211 140
211 152
211 42
211 20
211 213
211 125
211 157
211 59
211 177
211 214
211 122
211 115
211 4
211 190
211 138
211 47
211 180
211 12
211 73
211 191
211 196
211 76
211 130
211 101
211 17
211 212
211 204
211 6
211 81
211 128
211 71
211 121
211 72
211 147
211 183
218 30
218 117
218 159
218 61
218 41
218 158
218 114
218 129
218 38
218 43
218 44
218 103
218 50
218 49
218 184
218 163
218 119
218 40
218 182
218 90
218 127
218 140
218 20
218 85
218 213
218 160
218 125
218 59
218 74
218 177
218 122
218 134
218 190
218 138
218 47
218 58
218 180
218 73
218 100
218 76
218 101
218 17
218 212
218 204
218 10
218 45
218 128
218 19
218 72
218 183
30 194
30 201
30 61
30 41
30 158
30 178
30 114
30 192
30 116
30 141
30 44
30 153
30 187
30 144
30 163
30 119
30 40
30 182
30 171
30 195
30 51
30 140
30 152
30 42
30 20
30 160
30 79
30 137
30 177
30 214
30 122
30 107
30 190
30 138
30 9
30 47
30 58
30 100
30 2
30 196
30 130
30 101
30 204
30 10
30 81
30 45
30 128
30 19
30 71
30 121
30 72
30 147
30 56
194 117
194 61
194 158
194 114
194 192
194 129
194 141
194 103
194 77
194 153
194 187
194 49
194 184
194 163
194 119
194 182
194 171
194 195
194 127
194 42
194 20
194 85
194 213
194 160
194 79
194 125
194 137
194 59
194 177
194 214
194 115
194 134
194 138
194 180
194 191
194 2
194 76
194 130
194 204
194 81
194 45
194 128
194 121
117 159
117 178
117 114
117 192
117 43
117 116
117 141
117 103
117 37
117 187
117 184
117 119
117 27
117 195
117 90
117 127
117 140
117 79
117 157
117 74
117 134
117 4
117 190
117 138
117 9
117 47
117 58
117 12
117 100
117 130
117 17
117 204
117 10
117 81
117 45
117 128
117 147
117 183
159 178
159 192
159 129
159 38
159 116
159 44
159 103
159 153
159 37
159 187
159 184
159 163
159 40
159 171
159 195
159 127
159 51
159 140
159 152
159 75
159 85
159 160
159 137
159 177
159 122
159 134
159 4
159 190
159 180
159 12
159 73
159 100
159 2
159 196
159 130
159 101
159 204
159 6
159 10
159 81
159 45
159 128
159 71
159 147
201 41
201 114
201 116
201 153
201 50
201 49
201 144
201 163
201 119
201 27
201 171
201 51
201 140
201 152
201 42
201 160
201 59
201 74
201 177
201 214
201 122
201 107
201 115
201 134
201 190
201 138
201 47
201 191
201 17
201 81
201 45
201 71
201 121
201 147
201 56
61 41
61 114
61 129
61 38
61 103
61 77
61 153
61 37
61 49
61 184
61 163
61 119
61 27
61 40
61 182
61 171
61 127
61 51
61 140
61 152
61 85
61 79
61 137
61 59
61 74
61 177
61 214
61 122
61 115
61 134
61 4
61 9
61 47
61 12
61 73
61 100
61 191
61 2
61 130
61 6
61 128
61 19
61 71
61 121
61 56
41 178
41 192
41 129
41 38
41 43
41 141
41 44
41 103
41 50
41 144
41 184
41 163
41 119
41 27
41 40
41 195
41 51
41 140
41 125
41 59
41 74
41 177
41 214
41 115
41 134
41 4
41 138
41 9
41 47
41 58
41 180
41 73
41 100
41 191
41 2
41 196
41 76
41 130
41 101
41 17
41 63
41 10
41 72
41 183
41 56
158 178
158 192
158 38
158 116
158 141
158 103
158 153
158 37
158 50
158 144
158 163
158 40
158 182
158 152
158 42
158 160
158 125
158 137
158 59
158 74
158 107
158 115
158 134
158 4
158 138
158 9
158 47
158 58
158 12
158 100
158 191
158 2
158 17
158 212
158 204
158 63
158 10
158 45
158 128
158 19
158 72
158 147
158 183
158 56
178 192
178 129
178 38
178 43
178 103
178 77
178 153
178 37
178 50
178 144
178 119
178 27
178 182
178 171
178 195
178 90
178 127
178 51
178 42
178 20
178 75
178 79
178 125
178 137
178 122
178 107
178 115
178 9
178 180
178 12
178 73
178 100
178 130
178 101
178 63
178 6
178 81
178 183
114 192
114 116
114 44
114 103
114 153
114 27
114 182
114 171
114 140
114 152
114 20
114 85
114 213
114 157
114 137
114 59
114 74
114 214
114 115
114 134
114 4
114 138
114 9
114 47
114 180
114 12
114 100
114 191
114 2
114 76
114 17
114 204
114 81
114 121
114 72
114 147
114 183
114 56
192 43
192 116
192 141
192 44
192 103
192 77
192 37
192 50
192 187
192 49
192 184
192 163
192 119
192 195
192 127
192 140
192 152
192 213
192 160
192 157
192 59
192 122
192 107
192 115
192 190
192 9
192 58
192 73
192 191
192 130
192 101
192 6
192 128
192 121
192 72
192 183
192 56
129 103
129 77
129 153
129 37
129 144
129 27
129 182
129 171
129 195
129 51
129 140
129 152
129 75
129 213
129 137
129 59
129 74
129 214
129 107
129 115
129 9
129 47
129 58
129 196
129 76
129 130
129 101
129 212
129 204
129 63
129 6
129 81
129 45
129 128
129 19
129 72
129 56
38 43
38 116
38 44
38 103
38 77
38 153
38 50
38 49
38 184
38 163
38 119
38 27
38 40
38 182
38 90
38 127
38 140
38 213
38 160
38 125
38 157
38 59
38 74
38 214
38 190
38 58
38 12
38 73
38 100
38 191
38 2
38 76
38 130
38 101
38 17
38 204
38 63
38 45
38 128
38 19
38 71
38 121
38 72
38 147
38 56
43 141
43 103
43 184
43 163
43 119
43 182
43 171
43 195
43 51
43 42
43 20
43 75
43 125
43 137
43 177
43 122
43 4
43 190
43 9
43 47
43 58
43 12
43 76
43 204
43 6
43 128
43 71
43 121
43 147
43 56
116 141
116 50
116 187
116 49
116 184
116 163
116 182
116 90
116 127
116 51
116 42
116 75
116 213
116 79
116 157
116 214
116 122
116 190
116 9
116 58
116 73
116 100
116 2
116 76
116 130
116 101
116 63
116 128
116 19
116 121
116 147
116 56
141 44
141 103
141 153
141 37
141 119
141 182
141 90
141 127
141 140
141 152
141 20
141 125
141 177
141 214
141 122
141 107
141 115
141 4
141 190
141 138
141 47
141 58
141 180
141 73
141 100
141 191
141 196
141 76
141 101
141 212
141 6
141 81
141 45
141 19
141 121
44 103
44 153
44 37
44 50
44 187
44 144
44 184
44 27
44 171
44 195
44 140
44 152
44 42
44 20
44 75
44 213
44 125
44 74
44 4
44 190
44 138
44 58
44 180
44 73
44 100
44 191
44 196
44 76
44 101
44 17
44 204
44 6
44 19
44 121
44 72
44 147
44 183
44 56
103 37
103 49
103 119
103 40
103 182
103 171
103 195
103 140
103 42
103 20
103 75
103 213
103 160
103 79
103 137
103 74
103 177
103 214
103 107
103 134
103 190
103 47
103 58
103 73
103 76
103 17
103 6
103 10
103 19
103 71
103 72
103 56
77 153
77 37
77 50
77 187
77 144
77 184
77 163
77 27
77 171
77 195
77 90
77 51
77 152
77 42
77 75
77 85
77 213
77 125
77 157
77 59
77 122
77 107
77 4
77 47
77 180
77 100
77 191
77 196
77 130
77 17
77 6
77 10
77 81
77 128
77 72
77 183
77 56
153 37
153 50
153 187
153 49
153 144
153 163
153 119
153 182
153 171
153 51
153 140
153 42
153 20
153 85
153 213
153 160
153 125
153 157
153 59
153 122
153 107
153 138
153 58
153 180
153 73
153 191
153 76
153 17
153 63
153 10
153 81
153 71
153 72
153 147
153 183
37 50
37 187
37 49
37 184
37 119
37 27
37 40
37 171
37 127
37 140
37 152
37 20
37 75
37 85
37 213
37 125
37 137
37 122
37 107
37 115
37 134
37 4
37 138
37 47
37 12
37 73
37 100
37 191
37 76
37 130
37 204
37 63
37 6
37 10
37 81
37 45
37 19
37 71
37 121
37 72
37 183
50 49
50 144
50 184
50 40
50 195
50 90
50 20
50 75
50 85
50 160
50 157
50 74
50 177
50 134
50 4
50 9
50 47
50 58
50 180
50 73
50 2
50 130
50 101
50 212
50 204
50 81
50 45
50 19
50 71
50 147
187 49
187 119
187 27
187 40
187 182
187 171
187 90
187 140
187 42
187 75
187 213
187 115
187 134
187 4
187 190
187 138
187 47
187 58
187 180
187 73
187 100
187 196
187 76
187 17
187 63
187 6
187 81
187 45
187 128
187 19
187 71
187 121
187 72
49 163
49 182
49 51
49 140
49 213
49 125
49 59
49 115
49 4
49 190
49 138
49 47
49 58
49 180
49 73
49 196
49 101
49 17
49 204
49 10
49 81
49 19
49 121
49 147
49 56
144 163
144 27
144 171
144 195
144 51
144 152
144 20
144 75
144 213
144 160
144 125
144 137
144 59
144 177
144 214
144 122
144 107
144 115
144 134
144 190
144 138
144 196
144 130
144 101
144 212
144 6
144 10
144 19
144 71
144 121
144 72
144 147
184 119
184 40
184 171
184 90
184 51
184 20
184 213
184 125
184 59
184 214
184 122
184 115
184 134
184 47
184 191
184 196
184 76
184 130
184 101
184 17
184 212
184 204
184 10
184 81
184 45
184 19
184 121
184 72
184 147
184 183
184 56
163 119
163 182
163 51
163 152
163 42
163 157
163 137
163 214
163 107
163 134
163 4
163 190
163 138
163 47
163 100
163 2
163 196
163 130
163 101
163 212
163 63
163 81
163 45
163 72
163 147
163 183
119 27
119 40
119 195
119 90
119 51
119 140
119 42
119 79
119 107
119 115
119 190
119 9
119 73
119 100
119 196
119 101
119 212
119 204
119 81
119 45
119 19
119 121
119 72
119 147
27 182
27 171
27 90
27 127
27 51
27 152
27 75
27 213
27 125
27 157
27 74
27 107
27 190
27 100
27 191
27 196
27 76
27 101
27 17
27 212
27 6
27 45
27 19
27 121
27 72
27 147
27 183
27 56
40 182
40 195
40 20
40 85
40 213
40 125
40 157
40 177
40 214
40 122
40 134
40 190
40 138
40 47
40 58
40 180
40 12
40 73
40 191
40 196
40 17
40 6
40 71
40 72
40 56
182 90
182 42
182 75
182 213
182 74
182 122
182 134
182 4
182 190
182 138
182 47
182 58
182 12
182 100
182 76
182 130
182 101
182 17
182 204
182 81
182 128
182 71
182 121
182 72
182 183
171 90
171 140
171 152
171 42
171 75
171 213
171 160
171 137
171 59
171 74
171 214
171 122
171 107
171 115
171 134
171 4
171 138
171 9
171 58
171 180
171 12
171 100
171 196
171 76
171 130
171 101
171 17
171 212
171 63
171 6
171 10
171 81
171 45
171 71
171 121
171 72
171 183
171 56
195 90
195 127
195 51
195 75
195 85
195 213
195 157
195 137
195 134
195 9
195 47
195 58
195 12
195 100
195 2
195 196
195 76
195 130
195 101
195 17
195 212
195 204
195 63
195 81
195 128
195 19
195 72
195 147
195 183
195 56
90 51
90 140
90 152
90 42
90 213
90 160
90 79
90 157
90 122
90 107
90 115
90 134
90 190
90 138
90 47
90 180
90 12
90 73
90 2
90 196
90 130
90 17
90 45
90 128
90 121
90 72
90 147
90 183
127 51
127 152
127 20
127 157
127 59
127 74
127 177
127 122
127 115
127 4
127 190
127 138
127 9
127 180
127 73
127 191
127 2
127 76
127 17
127 212
127 204
127 45
127 19
127 72
127 183
127 56
51 140
51 160
51 157
51 137
51 74
51 4
51 138
51 9
51 58
51 12
51 73
51 100
51 2
51 76
51 17
51 212
51 6
51 81
51 128
51 121
51 147
51 183
140 152
140 75
140 85
140 160
140 125
140 157
140 74
140 177
140 214
140 122
140 115
140 4
140 190
140 9
140 58
140 180
140 12
140 73
140 191
140 196
140 101
140 17
140 204
140 10
140 81
140 45
140 71
140 121
140 147
152 42
152 75
152 85
152 213
152 79
152 157
152 137
152 177
152 214
152 122
152 107
152 115
152 134
152 4
152 190
152 138
152 9
152 47
152 180
152 12
152 73
152 100
152 196
152 76
152 212
152 6
152 81
152 128
152 71
152 121
152 72
152 147
152 183
152 56
42 20
42 75
42 85
42 213
42 79
42 125
42 157
42 137
42 177
42 107
42 4
42 190
42 9
42 180
42 12
42 100
42 76
42 130
42 101
42 17
42 212
42 63
42 6
42 45
42 128
42 19
42 121
42 72
20 85
20 213
20 160
20 79
20 125
20 157
20 74
20 177
20 214
20 122
20 107
20 4
20 138
20 58
20 2
20 196
20 130
20 17
20 204
20 128
20 19
20 71
20 121
20 147
20 183
75 85
75 213
75 125
75 137
75 74
75 214
75 122
75 115
75 134
75 138
75 9
75 47
75 58
75 100
75 191
75 196
75 76
75 17
75 212
75 63
75 6
75 10
75 81
75 128
75 71
75 72
75 147
85 79
85 115
85 190
85 9
85 47
85 58
85 73
85 100
85 2
85 204
85 128
85 71
85 121
85 72
85 183
85 56
213 59
213 214
213 122
213 115
213 4
213 190
213 73
213 100
213 196
213 130
213 101
213 212
213 204
213 6
213 10
213 81
213 128
213 19
213 121
213 72
213 183
160 79
160 125
160 59
160 177
160 214
160 107
160 4
160 190
160 138
160 12
160 100
160 76
160 101
160 17
160 212
160 6
160 81
160 121
160 183
79 125
79 137
79 59
79 122
79 134
79 4
79 190
79 138
79 12
79 2
79 196
79 17
79 204
79 63
79 45
79 121
79 72
79 147
79 183
79 56
125 157
125 137
125 59
125 177
125 107
125 115
125 4
125 9
125 58
125 12
125 191
125 2
125 196
125 101
125 212
125 45
125 19
125 71
125 121
125 147
125 183
157 137
157 59
157 214
157 122
157 107
157 115
157 4
157 138
157 12
157 191
157 2
157 196
157 17
157 204
157 10
157 128
157 19
157 71
157 72
157 147
137 59
137 122
137 107
137 115
137 134
137 138
137 9
137 180
137 12
137 191
137 2
137 196
137 17
137 63
137 81
137 45
137 19
137 72
137 147
137 183
59 177
59 214
59 4
59 190
59 58
59 180
59 12
59 73
59 191
59 2
59 17
59 212
59 6
59 10
59 81
59 45
59 128
59 19
59 71
59 147
59 183
74 177
74 107
74 134
74 190
74 138
74 9
74 47
74 12
74 100
74 191
74 2
74 196
74 17
74 63
74 6
74 71
74 147
74 56
177 134
177 4
177 138
177 9
177 180
177 73
177 2
177 17
177 212
177 204
177 19
177 121
177 147
177 183
214 122
214 107
214 134
214 4
214 190
214 9
214 47
214 180
214 73
214 100
214 191
214 2
214 76
214 212
214 204
214 63
214 6
214 10
214 81
214 45
214 71
214 72
214 183
214 56
122 107
122 134
122 4
122 138
122 9
122 47
122 58
122 180
122 191
122 196
122 76
122 101
122 63
122 6
122 81
122 45
122 147
107 4
107 190
107 138
107 47
107 58
107 12
107 73
107 100
107 2
107 76
107 17
107 63
107 6
107 10
107 81
107 19
107 72
107 183
115 134
115 4
115 138
115 9
115 58
115 12
115 73
115 191
115 2
115 76
115 101
115 6
115 81
115 45
115 71
115 56
134 47
134 180
134 12
134 100
134 2
134 196
134 130
134 101
134 204
134 6
134 72
134 56
4 190
4 180
4 73
4 191
4 196
4 76
4 101
4 63
4 10
4 121
4 72
4 147
4 56
190 9
190 47
190 58
190 100
190 2
190 76
190 17
190 63
190 10
190 81
190 45
190 128
190 19
190 121
190 72
138 47
138 180
138 73
138 2
138 130
138 17
138 212
138 10
138 81
138 45
138 71
138 147
138 183
138 56
9 58
9 12
9 73
9 100
9 191
9 2
9 76
9 130
9 101
9 17
9 212
9 204
9 63
9 6
9 10
9 81
9 147
9 56
47 58
47 12
47 2
47 196
47 130
47 17
47 6
47 10
47 45
47 128
47 72
47 147
47 183
47 56
58 100
58 191
58 76
58 130
58 101
58 204
58 63
58 6
58 45
58 19
58 71
58 121
58 147
58 183
180 12
180 73
180 191
180 2
180 196
180 76
180 63
180 10
180 81
180 19
180 72
180 56
12 73
12 100
12 191
12 2
12 130
12 63
12 81
12 45
12 128
12 19
12 71
12 121
12 147
12 183
73 100
73 2
73 196
73 130
73 17
73 63
73 6
73 128
73 71
73 72
73 183
73 56
100 196
100 130
100 204
100 63
100 6
100 81
100 71
100 72
100 183
100 56
191 2
191 196
191 101
191 17
191 212
191 204
191 63
191 81
191 19
191 147
191 183
191 56
2 196
2 76
2 130
2 17
2 63
2 10
2 45
2 128
2 71
2 147
2 183
2 56
196 76
196 101
196 17
196 63
196 10
196 81
196 128
196 71
196 121
196 56
76 101
76 212
76 204
76 63
76 10
76 81
76 128
76 19
76 71
76 147
76 56
130 101
130 212
130 63
130 10
130 81
130 45
130 128
130 121
130 72
130 147
101 17
101 212
101 63
101 10
101 81
101 45
101 128
101 71
101 121
101 147
101 183
17 204
17 6
17 10
17 81
17 128
17 19
212 10
212 81
212 128
212 71
212 147
212 56
204 63
204 10
204 81
204 45
204 19
204 71
204 121
204 72
204 183
204 56
63 6
63 10
63 128
63 19
63 121
63 72
63 183
63 56
6 10
6 81
6 147
6 183
10 81
10 45
10 128
10 71
10 121
10 183
81 45
81 19
81 71
81 121
81 72
81 183
81 56
45 19
45 121
45 72
45 183
128 121
128 147
19 71
19 121
19 147
19 56
71 121
71 72
121 72
121 147
121 183
121 56
72 147
72 183
72 56
183 56
