*verties 192
49
57
80
23
213
141
207
28
169
158
1
31
25
171
144
58
128
217
11
200
53
59
132
150
153
151
190
125
219
60
199
208
9
4
136
35
145
26
83
0
84
5
142
149
3
170
174
48
85
203
20
204
212
197
118
51
210
181
138
71
69
173
130
97
8
131
39
105
182
110
143
193
161
93
45
162
62
14
211
55
215
209
156
202
165
70
104
90
65
157
134
46
218
140
47
43
75
64
2
205
123
129
168
30
66
89
187
155
86
74
115
163
146
116
186
114
36
19
120
7
185
22
102
99
32
94
121
147
27
152
180
137
175
206
50
88
192
188
148
24
176
154
103
160
196
127
67
184
101
77
109
29
178
79
21
117
122
10
96
37
201
167
68
177
73
98
194
72
13
41
33
92
183
159
40
17
164
166
52
56
44
6
54
126
214
81
87
78
198
113
15
135
*edges 
49 23
49 213
49 28
49 169
49 158
49 31
49 171
49 128
49 217
49 11
49 53
49 59
49 150
49 190
49 208
49 35
49 26
49 0
49 84
49 5
49 3
49 174
49 203
49 20
49 197
49 118
49 138
49 173
49 97
49 143
49 162
49 14
49 55
49 215
49 209
49 90
49 65
49 157
49 218
49 140
49 47
49 43
49 168
49 187
49 86
49 74
49 186
49 114
49 36
49 185
49 22
49 99
49 121
49 27
49 137
49 188
49 196
49 127
49 184
49 101
49 77
49 109
49 29
49 79
49 122
49 10
49 177
49 73
49 72
49 41
49 33
49 92
49 183
49 40
49 164
49 52
49 56
49 54
49 126
49 214
49 81
57 23
57 141
57 158
57 1
57 144
57 58
57 217
57 153
57 199
57 208
57 145
57 5
57 3
57 170
57 174
57 85
57 20
57 212
57 118
57 51
57 210
57 71
57 173
57 97
57 110
57 143
57 93
57 62
57 14
57 211
57 55
57 209
57 104
57 157
57 140
57 75
57 2
57 66
57 155
57 86
57 146
57 116
57 186
57 36
57 19
57 94
57 152
57 88
57 192
57 24
57 176
57 196
57 127
57 184
57 101
57 77
57 29
57 21
57 96
57 68
57 72
57 33
57 159
57 166
57 54
57 78
57 198
57 15
80 213
80 141
80 1
80 58
80 132
80 153
80 190
80 199
80 208
80 9
80 136
80 35
80 145
80 5
80 149
80 3
80 118
80 210
80 181
80 71
80 69
80 173
80 97
80 105
80 143
80 193
80 45
80 14
80 211
80 209
80 156
80 165
80 104
80 65
80 134
80 46
80 218
80 75
80 2
80 123
80 129
80 168
80 30
80 89
80 74
80 115
80 163
80 146
80 186
80 19
80 120
80 7
80 22
80 102
80 99
80 94
80 121
80 147
80 137
80 206
80 88
80 192
80 148
80 176
80 103
80 184
80 101
80 178
80 117
80 122
80 201
80 73
80 98
80 194
80 13
80 41
80 92
80 183
80 159
80 166
80 6
80 214
80 78
80 113
23 141
23 207
23 28
23 169
23 158
23 31
23 25
23 58
23 59
23 132
23 150
23 153
23 219
23 60
23 199
23 4
23 136
23 35
23 26
23 149
23 3
23 170
23 174
23 48
23 20
23 118
23 181
23 173
23 131
23 110
23 193
23 93
23 55
23 209
23 156
23 90
23 46
23 218
23 140
23 64
23 66
23 155
23 74
23 115
23 186
23 114
23 36
23 120
23 7
23 102
23 99
23 32
23 180
23 175
23 88
23 188
23 24
23 176
23 196
23 67
23 77
23 109
23 117
23 96
23 201
23 73
23 194
23 72
23 13
23 41
23 33
23 52
23 54
23 87
23 78
23 113
213 141
213 169
213 1
213 31
213 25
213 171
213 128
213 151
213 219
213 199
213 9
213 35
213 145
213 83
213 84
213 149
213 170
213 203
213 204
213 212
213 118
213 210
213 39
213 182
213 45
213 14
213 211
213 215
213 209
213 90
213 65
213 157
213 134
213 43
213 187
213 155
213 163
213 146
213 114
213 36
213 7
213 185
213 102
213 99
213 32
213 121
213 27
213 137
213 206
213 88
213 192
213 148
213 103
213 127
213 109
213 29
213 79
213 21
213 10
213 37
213 167
213 73
213 98
213 183
213 166
213 52
213 56
213 6
213 126
213 214
213 81
213 78
141 207
141 158
141 25
141 11
141 200
141 153
141 151
141 190
141 125
141 219
141 199
141 9
141 4
141 26
141 5
141 170
141 48
141 203
141 204
141 51
141 181
141 69
141 130
141 97
141 8
141 182
141 110
141 143
141 161
141 55
141 215
141 209
141 202
141 104
141 157
141 134
141 46
141 2
141 205
141 123
141 129
141 187
141 86
141 115
141 163
141 146
141 116
141 186
141 114
141 120
141 7
141 185
141 27
141 152
141 180
141 175
141 206
141 50
141 192
141 176
141 154
141 184
141 101
141 77
141 178
141 122
141 37
141 194
141 33
141 183
141 159
141 17
141 52
141 56
141 44
141 54
141 126
141 214
141 15
141 135
207 28
207 31
207 171
207 58
207 128
207 200
207 59
207 219
207 60
207 199
207 4
207 136
207 145
207 0
207 142
207 149
207 174
207 204
207 212
207 197
207 181
207 138
207 71
207 69
207 97
207 39
207 105
207 193
207 45
207 55
207 156
207 70
207 65
207 157
207 134
207 218
207 2
207 123
207 129
207 185
207 22
207 27
207 175
207 88
207 192
207 24
207 103
207 160
207 127
207 109
207 79
207 167
207 72
207 92
207 183
207 6
207 126
207 214
207 81
207 78
207 198
207 113
207 135
28 31
28 171
28 144
28 128
28 217
28 53
28 125
28 60
28 199
28 83
28 142
28 174
28 48
28 85
28 203
28 212
28 197
28 118
28 51
28 210
28 138
28 71
28 130
28 97
28 131
28 193
28 161
28 93
28 162
28 211
28 209
28 156
28 202
28 104
28 65
28 157
28 218
28 140
28 75
28 129
28 168
28 89
28 155
28 115
28 146
28 116
28 186
28 114
28 19
28 7
28 185
28 22
28 102
28 32
28 94
28 152
28 180
28 175
28 50
28 88
28 188
28 103
28 67
28 184
28 29
28 178
28 79
28 167
28 68
28 73
28 72
28 13
28 183
28 166
28 52
28 6
28 54
28 81
28 87
28 78
28 15
169 1
169 31
169 25
169 171
169 144
169 11
169 200
169 59
169 153
169 151
169 190
169 219
169 60
169 9
169 145
169 0
169 142
169 170
169 174
169 138
169 131
169 182
169 110
169 143
169 193
169 93
169 45
169 211
169 215
169 156
169 202
169 90
169 64
169 168
169 187
169 74
169 115
169 146
169 116
169 186
169 114
169 7
169 99
169 94
169 121
169 27
169 152
169 175
169 88
169 192
169 24
169 196
169 127
169 67
169 109
169 29
169 122
169 10
169 167
169 68
169 73
169 194
169 72
169 33
169 92
169 183
169 159
169 164
169 52
169 54
169 214
169 87
169 113
158 1
158 31
158 144
158 58
158 217
158 11
158 53
158 59
158 153
158 190
158 219
158 60
158 199
158 4
158 83
158 0
158 5
158 142
158 149
158 3
158 170
158 174
158 85
158 51
158 138
158 130
158 97
158 131
158 105
158 143
158 193
158 161
158 45
158 62
158 14
158 70
158 157
158 218
158 64
158 2
158 30
158 89
158 155
158 86
158 115
158 146
158 186
158 114
158 36
158 19
158 120
158 102
158 94
158 152
158 180
158 175
158 148
158 176
158 160
158 127
158 184
158 109
158 29
158 122
158 10
158 201
158 68
158 177
158 194
158 72
158 13
158 41
158 33
158 183
158 159
158 40
158 17
158 56
158 126
158 198
158 113
158 15
1 25
1 144
1 58
1 200
1 59
1 153
1 151
1 190
1 125
1 219
1 60
1 199
1 208
1 145
1 83
1 0
1 84
1 5
1 212
1 118
1 51
1 71
1 69
1 130
1 97
1 8
1 131
1 182
1 110
1 62
1 14
1 55
1 209
1 165
1 70
1 157
1 46
1 218
1 43
1 75
1 64
1 205
1 123
1 129
1 66
1 89
1 86
1 74
1 163
1 186
1 114
1 36
1 7
1 185
1 32
1 94
1 175
1 154
1 103
1 196
1 127
1 77
1 109
1 29
1 117
1 96
1 41
1 33
1 40
1 17
1 6
1 54
1 81
31 128
31 53
31 59
31 132
31 150
31 153
31 190
31 9
31 4
31 35
31 26
31 83
31 5
31 142
31 3
31 170
31 204
31 51
31 210
31 69
31 130
31 97
31 8
31 39
31 143
31 45
31 62
31 202
31 70
31 104
31 46
31 218
31 140
31 2
31 205
31 129
31 168
31 66
31 187
31 155
31 74
31 115
31 163
31 116
31 19
31 7
31 22
31 99
31 32
31 27
31 152
31 180
31 175
31 192
31 103
31 67
31 184
31 101
31 77
31 177
31 73
31 41
31 92
31 183
31 159
31 17
31 56
31 44
31 214
31 78
31 198
25 58
25 217
25 200
25 132
25 153
25 125
25 136
25 83
25 0
25 5
25 149
25 170
25 174
25 203
25 51
25 210
25 138
25 69
25 131
25 105
25 182
25 110
25 143
25 193
25 161
25 45
25 14
25 156
25 104
25 90
25 134
25 46
25 43
25 75
25 129
25 155
25 86
25 74
25 116
25 19
25 22
25 32
25 94
25 121
25 147
25 152
25 137
25 175
25 50
25 88
25 24
25 196
25 127
25 67
25 101
25 77
25 109
25 29
25 79
25 117
25 122
25 10
25 96
25 37
25 68
25 177
25 194
25 41
25 33
25 159
25 164
25 126
171 58
171 153
171 190
171 125
171 60
171 199
171 4
171 35
171 145
171 5
171 142
171 3
171 170
171 174
171 85
171 51
171 181
171 69
171 173
171 130
171 39
171 110
171 193
171 162
171 14
171 211
171 55
171 209
171 156
171 202
171 165
171 90
171 65
171 134
171 75
171 2
171 205
171 129
171 168
171 89
171 155
171 163
171 36
171 22
171 99
171 206
171 50
171 188
171 148
171 24
171 176
171 154
171 103
171 196
171 127
171 67
171 101
171 77
171 109
171 29
171 21
171 117
171 122
171 37
171 167
171 73
171 92
171 183
171 159
171 40
171 164
171 44
171 54
171 126
171 81
144 58
144 217
144 11
144 59
144 132
144 190
144 219
144 60
144 199
144 26
144 83
144 84
144 3
144 174
144 85
144 203
144 212
144 197
144 118
144 210
144 138
144 69
144 130
144 131
144 39
144 105
144 110
144 143
144 161
144 93
144 45
144 162
144 62
144 14
144 209
144 156
144 70
144 104
144 46
144 140
144 64
144 2
144 168
144 30
144 66
144 89
144 115
144 163
144 7
144 185
144 99
144 147
144 206
144 50
144 192
144 188
144 148
144 24
144 176
144 154
144 127
144 67
144 184
144 77
144 21
144 117
144 122
144 10
144 37
144 68
144 177
144 72
144 41
144 164
144 214
144 81
144 87
144 198
144 113
58 11
58 132
58 151
58 190
58 125
58 60
58 199
58 83
58 0
58 3
58 138
58 131
58 39
58 182
58 193
58 45
58 55
58 156
58 104
58 134
58 46
58 218
58 140
58 205
58 123
58 129
58 30
58 89
58 146
58 116
58 36
58 19
58 7
58 22
58 102
58 32
58 121
58 206
58 24
58 176
58 154
58 160
58 127
58 67
58 29
58 178
58 117
58 167
58 73
58 33
58 17
58 164
58 44
58 6
58 54
58 81
58 198
58 113
128 217
128 53
128 151
128 125
128 219
128 199
128 208
128 4
128 136
128 35
128 145
128 3
128 85
128 20
128 118
128 51
128 71
128 69
128 173
128 97
128 8
128 110
128 193
128 161
128 45
128 162
128 211
128 55
128 209
128 202
128 134
128 140
128 47
128 129
128 30
128 66
128 89
128 155
128 86
128 115
128 146
128 114
128 185
128 99
128 121
128 147
128 137
128 206
128 88
128 24
128 154
128 160
128 184
128 77
128 21
128 117
128 167
128 177
128 73
128 98
128 194
128 33
128 164
128 166
128 52
128 44
128 6
128 54
128 198
128 135
217 11
217 125
217 4
217 26
217 149
217 174
217 203
217 20
217 212
217 51
217 181
217 138
217 71
217 69
217 131
217 182
217 110
217 161
217 93
217 45
217 162
217 62
217 14
217 211
217 215
217 209
217 140
217 75
217 64
217 123
217 129
217 30
217 187
217 74
217 115
217 146
217 186
217 36
217 120
217 27
217 137
217 175
217 50
217 176
217 103
217 196
217 127
217 184
217 77
217 29
217 117
217 96
217 68
217 33
217 92
217 183
217 159
217 17
217 164
217 166
217 6
217 54
217 87
217 113
217 135
11 125
11 219
11 60
11 26
11 83
11 5
11 142
11 170
11 174
11 85
11 203
11 20
11 212
11 197
11 118
11 181
11 71
11 69
11 130
11 131
11 105
11 182
11 110
11 193
11 161
11 93
11 45
11 62
11 211
11 55
11 165
11 218
11 47
11 205
11 123
11 30
11 187
11 74
11 115
11 163
11 146
11 116
11 114
11 22
11 102
11 99
11 192
11 188
11 148
11 196
11 101
11 77
11 29
11 117
11 122
11 10
11 96
11 37
11 201
11 194
11 72
11 13
11 183
11 164
11 6
11 87
11 198
11 113
11 15
200 132
200 199
200 208
200 9
200 136
200 26
200 149
200 174
200 85
200 203
200 20
200 197
200 138
200 69
200 173
200 130
200 97
200 8
200 39
200 110
200 143
200 193
200 162
200 62
200 211
200 55
200 156
200 202
200 104
200 157
200 46
200 218
200 2
200 205
200 129
200 66
200 155
200 116
200 186
200 19
200 7
200 32
200 152
200 180
200 137
200 192
200 188
200 24
200 176
200 196
200 184
200 109
200 79
200 10
200 201
200 177
200 73
200 183
200 159
200 40
200 17
200 166
200 52
200 56
200 6
200 54
200 126
200 214
200 198
200 113
200 15
53 132
53 125
53 60
53 9
53 35
53 26
53 0
53 85
53 197
53 118
53 71
53 69
53 173
53 130
53 143
53 161
53 93
53 62
53 211
53 215
53 165
53 134
53 46
53 140
53 47
53 64
53 129
53 168
53 155
53 114
53 36
53 19
53 94
53 147
53 175
53 188
53 148
53 176
53 154
53 196
53 67
53 184
53 101
53 77
53 178
53 21
53 201
53 68
53 13
53 33
53 183
53 40
53 164
53 44
53 126
53 214
53 78
53 113
53 15
59 132
59 150
59 153
59 190
59 208
59 4
59 136
59 26
59 84
59 142
59 149
59 174
59 204
59 212
59 181
59 173
59 97
59 131
59 39
59 105
59 182
59 193
59 62
59 209
59 202
59 165
59 70
59 104
59 90
59 65
59 218
59 140
59 64
59 2
59 123
59 30
59 66
59 89
59 187
59 86
59 115
59 163
59 186
59 19
59 7
59 185
59 22
59 102
59 99
59 121
59 27
59 180
59 148
59 24
59 176
59 103
59 127
59 67
59 101
59 77
59 178
59 21
59 10
59 177
59 73
59 194
59 72
59 41
59 183
59 40
59 17
59 164
59 52
59 56
59 6
59 113
59 15
59 135
132 190
132 219
132 60
132 199
132 208
132 35
132 26
132 83
132 5
132 149
132 85
132 197
132 51
132 210
132 181
132 138
132 71
132 173
132 130
132 97
132 8
132 131
132 110
132 143
132 162
132 14
132 156
132 202
132 165
132 70
132 157
132 134
132 46
132 43
132 64
132 123
132 129
132 30
132 89
132 187
132 155
132 86
132 74
132 115
132 116
132 186
132 114
132 36
132 120
132 22
132 99
132 121
132 147
132 27
132 137
132 188
132 148
132 160
132 29
132 122
132 37
132 201
132 68
132 194
132 72
132 41
132 92
132 159
132 56
132 6
132 126
132 214
132 81
132 198
132 113
132 15
150 153
150 190
150 219
150 60
150 9
150 4
150 35
150 0
150 170
150 174
150 85
150 204
150 212
150 210
150 181
150 71
150 173
150 130
150 97
150 131
150 105
150 182
150 193
150 45
150 162
150 62
150 211
150 55
150 46
150 218
150 140
150 43
150 75
150 205
150 168
150 66
150 74
150 115
150 163
150 116
150 186
150 19
150 22
150 102
150 99
150 94
150 152
150 175
150 206
150 154
150 127
150 184
150 101
150 77
150 109
150 79
150 122
150 10
150 96
150 194
150 13
150 41
150 33
150 183
150 17
150 52
150 56
150 44
150 81
150 87
150 113
153 151
153 190
153 219
153 199
153 208
153 4
153 136
153 35
153 26
153 5
153 142
153 170
153 174
153 20
153 204
153 212
153 197
153 51
153 210
153 173
153 130
153 131
153 39
153 182
153 161
153 45
153 62
153 55
153 156
153 104
153 90
153 65
153 157
153 218
153 47
153 43
153 64
153 66
153 89
153 187
153 116
153 186
153 185
153 102
153 32
153 147
153 180
153 137
153 175
153 50
153 160
153 184
153 77
153 10
153 96
153 37
153 177
153 73
153 98
153 194
153 72
153 13
153 33
153 164
153 56
153 54
153 214
153 198
153 15
151 125
151 60
151 208
151 4
151 136
151 35
151 145
151 149
151 3
151 203
151 197
151 118
151 51
151 130
151 39
151 110
151 161
151 93
151 62
151 14
151 215
151 202
151 65
151 46
151 140
151 47
151 43
151 64
151 123
151 66
151 89
151 86
151 115
151 163
151 116
151 114
151 185
151 22
151 121
151 175
151 206
151 148
151 24
151 176
151 154
151 103
151 160
151 196
151 127
151 178
151 201
151 73
151 33
151 159
151 40
151 17
151 164
151 52
151 56
151 54
151 126
151 214
151 87
151 113
151 15
190 219
190 4
190 83
190 5
190 142
190 149
190 3
190 85
190 212
190 197
190 51
190 210
190 181
190 138
190 71
190 69
190 130
190 97
190 8
190 39
190 182
190 193
190 211
190 215
190 165
190 104
190 65
190 134
190 46
190 140
190 47
190 129
190 168
190 30
190 187
190 115
190 163
190 146
190 114
190 36
190 19
190 120
190 185
190 99
190 121
190 147
190 180
190 175
190 24
190 103
190 196
190 127
190 101
190 21
190 37
190 68
190 177
190 73
190 98
190 194
190 33
190 92
190 40
190 166
190 56
190 54
190 81
190 198
190 15
125 199
125 208
125 4
125 35
125 145
125 26
125 0
125 5
125 142
125 20
125 212
125 197
125 138
125 130
125 97
125 182
125 45
125 62
125 215
125 156
125 157
125 218
125 47
125 123
125 129
125 187
125 74
125 115
125 146
125 186
125 36
125 19
125 99
125 32
125 147
125 27
125 148
125 24
125 154
125 103
125 160
125 29
125 79
125 37
125 167
125 177
125 183
125 52
125 78
125 113
219 4
219 136
219 35
219 84
219 5
219 142
219 174
219 20
219 204
219 197
219 118
219 181
219 71
219 69
219 97
219 39
219 105
219 110
219 193
219 93
219 62
219 55
219 202
219 104
219 90
219 65
219 134
219 218
219 140
219 47
219 43
219 75
219 2
219 205
219 123
219 168
219 30
219 89
219 86
219 115
219 163
219 146
219 116
219 186
219 36
219 120
219 7
219 32
219 94
219 147
219 27
219 152
219 175
219 50
219 88
219 188
219 103
219 127
219 184
219 101
219 29
219 122
219 10
219 96
219 201
219 177
219 33
219 183
219 159
219 40
219 44
219 6
219 54
219 126
219 81
219 198
219 113
219 15
219 135
60 208
60 9
60 145
60 0
60 3
60 174
60 85
60 203
60 20
60 197
60 118
60 69
60 173
60 130
60 105
60 161
60 162
60 62
60 55
60 215
60 156
60 202
60 165
60 104
60 75
60 123
60 168
60 30
60 187
60 163
60 185
60 22
60 99
60 147
60 152
60 180
60 88
60 24
60 196
60 67
60 77
60 109
60 178
60 122
60 96
60 201
60 68
60 177
60 98
60 92
60 183
60 159
60 166
60 56
60 44
60 6
60 198
199 136
199 35
199 0
199 84
199 142
199 170
199 203
199 20
199 204
199 212
199 197
199 51
199 71
199 173
199 130
199 8
199 131
199 39
199 193
199 161
199 45
199 162
199 215
199 209
199 202
199 134
199 46
199 218
199 205
199 168
199 86
199 163
199 146
199 186
199 114
199 7
199 22
199 102
199 32
199 152
199 137
199 206
199 192
199 188
199 154
199 160
199 196
199 67
199 109
199 201
199 167
199 73
199 98
199 33
199 92
199 40
199 17
199 166
199 56
199 54
199 81
199 87
199 198
208 35
208 26
208 83
208 142
208 149
208 48
208 85
208 212
208 118
208 51
208 138
208 71
208 130
208 8
208 131
208 110
208 193
208 161
208 162
208 14
208 55
208 165
208 104
208 65
208 157
208 218
208 140
208 47
208 75
208 2
208 205
208 123
208 129
208 168
208 66
208 115
208 114
208 36
208 32
208 94
208 121
208 27
208 152
208 175
208 88
208 103
208 160
208 196
208 184
208 101
208 29
208 178
208 79
208 117
208 122
208 10
208 167
208 68
208 73
208 72
208 13
208 33
208 40
208 164
208 56
208 78
208 198
9 35
9 83
9 0
9 170
9 174
9 212
9 138
9 69
9 173
9 110
9 143
9 93
9 162
9 55
9 202
9 90
9 134
9 46
9 218
9 140
9 47
9 43
9 64
9 123
9 168
9 89
9 163
9 116
9 186
9 36
9 185
9 180
9 206
9 50
9 67
9 184
9 77
9 29
9 79
9 21
9 201
9 177
9 73
9 194
9 72
9 33
9 92
9 159
9 17
9 164
9 166
9 6
9 54
9 126
9 214
9 78
4 136
4 145
4 26
4 83
4 0
4 84
4 5
4 142
4 149
4 3
4 48
4 197
4 118
4 181
4 138
4 69
4 131
4 39
4 105
4 161
4 93
4 45
4 215
4 165
4 65
4 134
4 46
4 43
4 64
4 2
4 123
4 129
4 30
4 74
4 115
4 163
4 146
4 186
4 120
4 185
4 22
4 102
4 99
4 121
4 147
4 27
4 180
4 137
4 206
4 50
4 188
4 148
4 24
4 196
4 127
4 109
4 21
4 122
4 96
4 37
4 167
4 177
4 73
4 41
4 33
4 40
4 17
4 52
4 44
4 54
4 87
4 113
4 15
136 145
136 26
136 83
136 85
136 203
136 20
136 204
136 197
136 118
136 138
136 131
136 39
136 182
136 110
136 215
136 156
136 165
136 104
136 157
136 46
136 123
136 129
136 30
136 66
136 155
136 74
136 163
136 116
136 186
136 185
136 32
136 94
136 121
136 137
136 206
136 88
136 148
136 24
136 196
136 67
136 101
136 29
136 178
136 21
136 10
136 201
136 167
136 177
136 194
136 13
136 159
136 40
136 17
136 164
136 52
136 44
136 6
136 54
136 214
136 198
35 5
35 142
35 170
35 174
35 51
35 181
35 138
35 69
35 173
35 39
35 182
35 193
35 161
35 93
35 62
35 211
35 209
35 156
35 70
35 104
35 65
35 46
35 218
35 47
35 43
35 75
35 2
35 205
35 30
35 66
35 89
35 187
35 74
35 163
35 114
35 32
35 94
35 147
35 50
35 24
35 176
35 160
35 67
35 184
35 77
35 109
35 29
35 178
35 117
35 37
35 68
35 98
35 72
35 13
35 92
35 183
35 159
35 164
35 52
35 56
35 6
35 54
35 214
145 5
145 142
145 149
145 3
145 170
145 48
145 85
145 204
145 212
145 197
145 51
145 210
145 181
145 138
145 71
145 69
145 173
145 97
145 182
145 143
145 62
145 14
145 55
145 215
145 165
145 70
145 104
145 90
145 134
145 46
145 218
145 140
145 47
145 75
145 2
145 205
145 30
145 187
145 155
145 115
145 163
145 186
145 185
145 102
145 137
145 50
145 148
145 160
145 127
145 101
145 29
145 178
145 79
145 10
145 96
145 177
145 98
145 72
145 92
145 183
145 159
145 164
145 56
145 44
145 54
145 126
145 214
145 81
145 87
145 198
145 113
145 15
145 135
26 0
26 5
26 3
26 174
26 85
26 212
26 51
26 173
26 130
26 8
26 105
26 182
26 143
26 45
26 162
26 55
26 104
26 157
26 47
26 43
26 75
26 64
26 205
26 123
26 168
26 66
26 89
26 116
26 114
26 7
26 22
26 102
26 32
26 27
26 180
26 175
26 24
26 176
26 196
26 77
26 21
26 117
26 10
26 37
26 98
26 194
26 13
26 92
26 183
26 159
26 44
26 6
26 113
83 0
83 149
83 170
83 203
83 20
83 204
83 51
83 138
83 71
83 173
83 131
83 105
83 182
83 62
83 215
83 156
83 202
83 104
83 65
83 46
83 218
83 47
83 2
83 123
83 129
83 30
83 89
83 155
83 115
83 146
83 116
83 114
83 36
83 22
83 102
83 99
83 32
83 94
83 27
83 152
83 180
83 175
83 50
83 88
83 103
83 160
83 67
83 184
83 77
83 178
83 117
83 37
83 68
83 98
83 72
83 33
83 183
83 159
83 40
83 17
83 164
83 166
83 52
83 44
83 126
83 81
83 87
83 198
83 113
83 135
0 149
0 170
0 174
0 85
0 203
0 20
0 204
0 212
0 197
0 51
0 69
0 130
0 97
0 8
0 193
0 161
0 45
0 62
0 14
0 55
0 165
0 70
0 129
0 187
0 163
0 116
0 114
0 36
0 7
0 94
0 121
0 147
0 175
0 50
0 188
0 148
0 24
0 103
0 160
0 184
0 101
0 109
0 178
0 21
0 117
0 96
0 201
0 167
0 13
0 183
0 52
0 54
0 126
0 81
0 78
0 113
0 15
84 3
84 170
84 85
84 20
84 118
84 138
84 173
84 131
84 39
84 105
84 211
84 55
84 215
84 209
84 165
84 104
84 90
84 65
84 157
84 218
84 47
84 75
84 2
84 168
84 30
84 66
84 89
84 86
84 115
84 146
84 19
84 7
84 99
84 32
84 121
84 206
84 88
84 176
84 154
84 160
84 196
84 67
84 178
84 79
84 117
84 96
84 167
84 13
84 33
84 92
84 52
84 56
84 81
84 78
84 15
84 135
5 142
5 48
5 204
5 51
5 8
5 131
5 105
5 182
5 161
5 62
5 14
5 55
5 202
5 90
5 157
5 140
5 47
5 75
5 2
5 129
5 30
5 187
5 155
5 74
5 115
5 120
5 99
5 121
5 180
5 175
5 88
5 192
5 188
5 24
5 103
5 160
5 196
5 127
5 67
5 184
5 101
5 109
5 29
5 178
5 79
5 21
5 96
5 177
5 73
5 194
5 41
5 33
5 17
5 164
5 56
5 44
5 87
5 198
5 15
5 135
142 149
142 20
142 118
142 69
142 97
142 39
142 182
142 193
142 162
142 215
142 156
142 165
142 104
142 90
142 157
142 43
142 2
142 123
142 30
142 66
142 187
142 155
142 120
142 7
142 102
142 94
142 27
142 50
142 88
142 192
142 176
142 178
142 122
142 68
142 73
142 92
142 164
142 166
142 54
142 81
142 87
142 113
142 15
142 135
149 170
149 174
149 48
149 212
149 197
149 118
149 51
149 210
149 181
149 71
149 173
149 97
149 143
149 193
149 14
149 215
149 202
149 165
149 70
149 90
149 65
149 46
149 140
149 75
149 168
149 66
149 187
149 86
149 115
149 163
149 146
149 36
149 19
149 32
149 94
149 147
149 88
149 192
149 188
149 154
149 103
149 160
149 196
149 127
149 67
149 184
149 29
149 79
149 21
149 117
149 10
149 201
149 177
149 98
149 72
149 13
149 33
149 159
149 44
149 54
149 81
149 87
149 135
3 174
3 85
3 20
3 204
3 210
3 181
3 138
3 8
3 39
3 105
3 182
3 193
3 161
3 93
3 162
3 215
3 209
3 70
3 65
3 157
3 218
3 140
3 43
3 2
3 30
3 89
3 114
3 19
3 120
3 7
3 22
3 99
3 32
3 121
3 180
3 192
3 24
3 103
3 127
3 101
3 178
3 79
3 21
3 10
3 96
3 37
3 177
3 194
3 13
3 92
3 183
3 159
3 6
3 54
3 87
170 48
170 85
170 181
170 173
170 105
170 182
170 110
170 143
170 161
170 14
170 211
170 209
170 202
170 90
170 46
170 140
170 47
170 75
170 30
170 66
170 86
170 115
170 163
170 146
170 116
170 102
170 27
170 152
170 175
170 206
170 50
170 192
170 148
170 24
170 196
170 67
170 184
170 101
170 77
170 109
170 29
170 79
170 117
170 122
170 96
170 201
170 98
170 72
170 41
170 33
170 183
170 159
170 17
170 164
170 52
170 56
170 126
170 87
170 15
174 85
174 20
174 204
174 212
174 118
174 51
174 138
174 173
174 8
174 39
174 143
174 45
174 162
174 62
174 211
174 215
174 165
174 70
174 104
174 90
174 65
174 134
174 46
174 218
174 140
174 64
174 123
174 168
174 155
174 74
174 116
174 186
174 7
174 102
174 32
174 121
174 152
174 180
174 50
174 88
174 192
174 188
174 154
174 103
174 160
174 109
174 178
174 96
174 37
174 201
174 167
174 98
174 194
174 41
174 183
174 159
174 17
174 166
174 56
174 44
174 126
174 81
174 113
48 204
48 212
48 210
48 181
48 173
48 8
48 105
48 143
48 193
48 93
48 45
48 14
48 55
48 209
48 202
48 70
48 65
48 46
48 140
48 64
48 205
48 123
48 168
48 187
48 155
48 74
48 116
48 186
48 120
48 102
48 99
48 94
48 121
48 147
48 180
48 137
48 148
48 67
48 101
48 77
48 29
48 37
48 73
48 72
48 41
48 183
48 159
48 166
48 6
48 126
48 81
48 78
48 198
48 135
85 204
85 118
85 181
85 97
85 8
85 45
85 162
85 70
85 65
85 47
85 2
85 205
85 129
85 168
85 66
85 187
85 163
85 19
85 7
85 185
85 22
85 102
85 206
85 50
85 148
85 176
85 154
85 196
85 184
85 101
85 117
85 10
85 201
85 177
85 194
85 72
85 183
85 159
85 40
85 17
85 164
85 44
85 6
85 78
85 198
85 113
203 204
203 212
203 197
203 97
203 8
203 39
203 182
203 143
203 93
203 62
203 211
203 70
203 104
203 65
203 134
203 46
203 64
203 2
203 123
203 168
203 66
203 187
203 74
203 115
203 163
203 146
203 114
203 36
203 7
203 32
203 121
203 27
203 152
203 137
203 188
203 196
203 127
203 101
203 178
203 10
203 37
203 201
203 177
203 73
203 98
203 72
203 13
203 41
203 159
203 164
203 54
203 126
203 214
203 198
203 113
203 15
20 210
20 97
20 131
20 182
20 143
20 45
20 162
20 215
20 209
20 202
20 165
20 46
20 218
20 47
20 75
20 2
20 123
20 30
20 66
20 115
20 116
20 114
20 19
20 22
20 99
20 32
20 94
20 147
20 137
20 50
20 88
20 188
20 160
20 127
20 184
20 101
20 77
20 109
20 37
20 167
20 177
20 194
20 52
20 44
20 54
20 126
20 87
20 78
20 15
204 197
204 118
204 210
204 181
204 97
204 8
204 39
204 105
204 193
204 161
204 93
204 62
204 14
204 211
204 156
204 202
204 70
204 90
204 157
204 134
204 46
204 140
204 47
204 123
204 129
204 30
204 66
204 86
204 115
204 116
204 7
204 102
204 32
204 94
204 121
204 175
204 206
204 192
204 176
204 154
204 103
204 160
204 196
204 127
204 101
204 29
204 21
204 201
204 68
204 73
204 98
204 194
204 13
204 41
204 52
204 56
204 44
204 6
204 78
204 198
204 15
204 135
212 118
212 210
212 181
212 71
212 173
212 97
212 131
212 105
212 193
212 161
212 93
212 162
212 14
212 55
212 215
212 165
212 70
212 104
212 90
212 47
212 75
212 205
212 129
212 187
212 155
212 116
212 36
212 7
212 185
212 22
212 102
212 32
212 180
212 206
212 148
212 176
212 196
212 67
212 184
212 178
212 117
212 96
212 37
212 201
212 177
212 73
212 98
212 194
212 72
212 41
212 159
212 40
212 17
212 166
212 44
212 214
212 78
212 113
197 51
197 181
197 97
197 39
197 14
197 55
197 215
197 70
197 104
197 65
197 157
197 134
197 218
197 140
197 43
197 75
197 64
197 123
197 129
197 168
197 187
197 155
197 115
197 163
197 146
197 116
197 114
197 120
197 22
197 32
197 94
197 152
197 180
197 206
197 188
197 148
197 24
197 154
197 103
197 160
197 127
197 101
197 77
197 178
197 21
197 96
197 37
197 201
197 167
197 68
197 177
197 73
197 98
197 194
197 13
197 92
197 183
197 159
197 40
197 17
197 166
197 52
197 44
197 6
197 54
197 214
197 198
197 113
197 15
197 135
118 51
118 138
118 71
118 69
118 130
118 131
118 105
118 143
118 45
118 162
118 14
118 215
118 218
118 140
118 47
118 43
118 2
118 187
118 155
118 115
118 146
118 186
118 114
118 7
118 102
118 99
118 94
118 137
118 88
118 192
118 148
118 176
118 154
118 196
118 184
118 77
118 109
118 29
118 79
118 122
118 10
118 194
118 72
118 13
118 41
118 92
118 183
118 17
118 164
118 44
118 54
118 126
118 214
118 78
118 198
118 113
118 15
118 135
51 138
51 69
51 173
51 130
51 105
51 182
51 161
51 162
51 62
51 14
51 209
51 156
51 70
51 65
51 134
51 43
51 129
51 168
51 66
51 74
51 146
51 116
51 186
51 114
51 36
51 19
51 22
51 94
51 121
51 137
51 206
51 50
51 88
51 188
51 148
51 154
51 103
51 196
51 184
51 109
51 178
51 79
51 96
51 37
51 201
51 177
51 73
51 98
51 13
51 159
51 164
51 44
51 126
51 214
51 78
51 198
210 71
210 69
210 173
210 182
210 110
210 143
210 93
210 62
210 211
210 165
210 104
210 134
210 46
210 140
210 43
210 75
210 205
210 123
210 129
210 89
210 155
210 86
210 74
210 115
210 116
210 186
210 114
210 19
210 120
210 22
210 102
210 147
210 27
210 152
210 137
210 175
210 88
210 192
210 148
210 196
210 127
210 67
210 101
210 29
210 79
210 21
210 122
210 37
210 201
210 167
210 73
210 194
210 72
210 13
210 33
210 183
210 40
210 164
210 166
210 56
210 44
210 87
210 198
181 138
181 69
181 97
181 131
181 143
181 161
181 93
181 162
181 62
181 211
181 215
181 209
181 202
181 165
181 70
181 104
181 90
181 157
181 134
181 218
181 47
181 43
181 64
181 123
181 129
181 168
181 30
181 187
181 74
181 115
181 146
181 116
181 186
181 114
181 120
181 99
181 121
181 27
181 152
181 175
181 24
181 154
181 127
181 77
181 109
181 79
181 21
181 201
181 73
181 33
181 159
181 164
181 166
181 56
181 44
181 6
181 54
181 214
181 81
181 135
138 131
138 182
138 110
138 161
138 162
138 55
138 209
138 156
138 202
138 165
138 104
138 157
138 140
138 205
138 123
138 89
138 155
138 163
138 116
138 22
138 102
138 147
138 180
138 88
138 148
138 160
138 127
138 21
138 117
138 122
138 10
138 201
138 177
138 72
138 41
138 159
138 17
138 164
138 44
138 6
138 126
138 81
138 87
138 198
138 135
71 69
71 173
71 130
71 97
71 8
71 39
71 105
71 110
71 193
71 161
71 162
71 14
71 55
71 156
71 202
71 90
71 134
71 205
71 30
71 86
71 115
71 186
71 19
71 7
71 185
71 22
71 102
71 32
71 121
71 147
71 27
71 50
71 196
71 67
71 77
71 29
71 21
71 201
71 68
71 194
71 72
71 33
71 183
71 159
71 164
71 6
71 126
71 81
71 198
71 113
71 15
69 8
69 131
69 39
69 105
69 182
69 110
69 193
69 161
69 93
69 14
69 156
69 70
69 104
69 157
69 134
69 43
69 75
69 2
69 168
69 89
69 155
69 74
69 186
69 19
69 120
69 7
69 32
69 94
69 147
69 180
69 24
69 176
69 103
69 160
69 67
69 29
69 117
69 10
69 96
69 167
69 73
69 98
69 13
69 33
69 183
69 159
69 40
69 17
69 52
69 113
69 15
173 97
173 8
173 39
173 110
173 143
173 93
173 45
173 211
173 215
173 70
173 134
173 46
173 64
173 205
173 168
173 30
173 86
173 115
173 116
173 7
173 185
173 22
173 102
173 32
173 94
173 121
173 27
173 152
173 137
173 206
173 192
173 176
173 103
173 160
173 196
173 67
173 184
173 109
173 21
173 117
173 122
173 10
173 37
173 73
173 194
173 13
173 92
173 52
173 6
173 126
173 81
173 198
173 113
173 15
130 97
130 105
130 182
130 93
130 45
130 62
130 55
130 165
130 104
130 65
130 47
130 129
130 187
130 86
130 186
130 36
130 19
130 185
130 99
130 94
130 147
130 27
130 152
130 137
130 206
130 103
130 196
130 127
130 29
130 178
130 21
130 122
130 96
130 37
130 68
130 177
130 73
130 72
130 92
130 183
130 159
130 164
130 52
130 56
130 87
130 135
97 105
97 143
97 45
97 55
97 209
97 156
97 202
97 70
97 90
97 134
97 43
97 205
97 168
97 155
97 86
97 163
97 186
97 36
97 19
97 7
97 185
97 22
97 102
97 99
97 94
97 152
97 180
97 50
97 192
97 188
97 176
97 160
97 67
97 184
97 77
97 178
97 96
97 201
97 68
97 177
97 73
97 98
97 41
97 92
97 166
97 52
97 54
97 81
97 78
97 198
97 15
97 135
8 131
8 182
8 93
8 62
8 211
8 209
8 156
8 202
8 104
8 157
8 134
8 46
8 205
8 129
8 66
8 89
8 74
8 163
8 146
8 186
8 36
8 120
8 185
8 22
8 99
8 27
8 180
8 137
8 50
8 88
8 188
8 148
8 176
8 154
8 196
8 67
8 77
8 109
8 29
8 178
8 21
8 122
8 10
8 96
8 201
8 72
8 41
8 183
8 164
8 56
8 87
8 78
131 39
131 105
131 182
131 143
131 193
131 93
131 45
131 162
131 62
131 165
131 70
131 65
131 134
131 46
131 47
131 64
131 129
131 89
131 155
131 116
131 114
131 19
131 7
131 32
131 121
131 147
131 27
131 152
131 175
131 206
131 88
131 192
131 176
131 154
131 103
131 160
131 67
131 178
131 79
131 21
131 117
131 10
131 96
131 167
131 33
131 40
131 166
131 44
131 6
131 214
131 198
39 161
39 62
39 55
39 70
39 104
39 65
39 134
39 43
39 64
39 187
39 155
39 86
39 163
39 146
39 116
39 120
39 7
39 185
39 32
39 147
39 180
39 137
39 50
39 148
39 24
39 176
39 103
39 160
39 196
39 127
39 67
39 29
39 37
39 201
39 167
39 73
39 98
39 13
39 33
39 183
39 159
39 40
39 6
39 126
39 214
39 113
39 135
105 182
105 143
105 55
105 215
105 209
105 202
105 104
105 157
105 134
105 140
105 64
105 2
105 129
105 168
105 30
105 89
105 74
105 115
105 163
105 116
105 186
105 114
105 7
105 185
105 99
105 121
105 147
105 152
105 137
105 206
105 50
105 188
105 176
105 154
105 103
105 184
105 21
105 117
105 68
105 194
105 92
105 17
105 52
105 56
105 6
105 54
105 126
105 81
105 78
105 198
105 15
182 161
182 45
182 62
182 55
182 215
182 156
182 202
182 65
182 46
182 218
182 75
182 64
182 205
182 123
182 168
182 30
182 187
182 74
182 163
182 146
182 186
182 22
182 99
182 27
182 206
182 50
182 88
182 154
182 77
182 29
182 117
182 122
182 10
182 96
182 37
182 167
182 177
182 33
182 92
182 183
182 17
182 164
182 54
182 214
182 87
182 135
110 143
110 93
110 14
110 202
110 70
110 90
110 47
110 64
110 205
110 89
110 86
110 116
110 19
110 102
110 32
110 121
110 152
110 180
110 175
110 192
110 24
110 176
110 103
110 127
110 101
110 77
110 29
110 79
110 21
110 117
110 10
110 37
110 201
110 177
110 98
110 194
110 13
110 41
110 183
110 17
110 6
110 126
110 214
110 198
143 93
143 62
143 211
143 215
143 156
143 202
143 165
143 65
143 157
143 46
143 140
143 47
143 43
143 75
143 64
143 30
143 187
143 155
143 86
143 74
143 115
143 116
143 114
143 19
143 185
143 22
143 99
143 94
143 121
143 147
143 27
143 180
143 137
143 192
143 154
143 184
143 77
143 109
143 29
143 21
143 117
143 201
143 167
143 177
143 98
143 194
143 72
143 33
143 183
143 17
143 164
143 166
143 44
143 54
143 214
143 81
143 198
193 162
193 209
193 156
193 202
193 165
193 70
193 134
193 218
193 43
193 64
193 205
193 30
193 89
193 86
193 74
193 186
193 7
193 22
193 102
193 99
193 94
193 147
193 152
193 180
193 175
193 206
193 88
193 188
193 176
193 103
193 127
193 101
193 77
193 178
193 79
193 21
193 117
193 201
193 167
193 68
193 177
193 73
193 98
193 72
193 92
193 183
193 159
193 17
193 164
193 6
193 81
193 78
193 113
193 135
161 45
161 62
161 55
161 90
161 65
161 134
161 140
161 75
161 2
161 205
161 123
161 168
161 89
161 187
161 74
161 115
161 146
161 186
161 114
161 19
161 120
161 102
161 147
161 180
161 175
161 88
161 148
161 154
161 103
161 160
161 196
161 101
161 178
161 122
161 10
161 167
161 68
161 177
161 73
161 33
161 183
161 159
161 40
161 166
161 56
161 214
161 78
161 135
93 14
93 209
93 90
93 140
93 64
93 2
93 123
93 30
93 89
93 187
93 155
93 115
93 114
93 36
93 7
93 22
93 102
93 152
93 180
93 175
93 206
93 24
93 154
93 103
93 160
93 196
93 127
93 101
93 77
93 10
93 167
93 98
93 194
93 72
93 13
93 92
93 183
93 159
93 17
93 56
93 214
93 81
93 87
93 78
93 198
93 113
45 62
45 211
45 215
45 70
45 90
45 157
45 134
45 46
45 47
45 43
45 2
45 66
45 155
45 74
45 115
45 116
45 114
45 19
45 120
45 102
45 99
45 94
45 27
45 180
45 206
45 50
45 192
45 103
45 184
45 77
45 29
45 79
45 117
45 122
45 10
45 201
45 177
45 73
45 194
45 13
45 92
45 159
45 17
45 52
45 54
45 126
45 214
45 15
162 62
162 211
162 70
162 46
162 64
162 2
162 129
162 168
162 30
162 89
162 187
162 86
162 74
162 115
162 114
162 19
162 7
162 185
162 102
162 32
162 27
162 152
162 137
162 206
162 88
162 192
162 24
162 103
162 67
162 79
162 21
162 117
162 10
162 96
162 37
162 201
162 98
162 13
162 183
162 17
162 164
162 166
162 54
162 81
162 198
162 15
62 211
62 202
62 165
62 90
62 46
62 218
62 43
62 75
62 2
62 30
62 86
62 163
62 36
62 19
62 185
62 32
62 94
62 175
62 50
62 88
62 176
62 67
62 77
62 29
62 178
62 122
62 10
62 37
62 201
62 68
62 73
62 194
62 72
62 13
62 41
62 183
62 159
62 40
62 166
62 56
62 81
62 113
14 211
14 156
14 165
14 70
14 90
14 218
14 47
14 75
14 64
14 2
14 123
14 129
14 89
14 187
14 155
14 86
14 74
14 186
14 120
14 7
14 185
14 22
14 102
14 99
14 121
14 175
14 50
14 188
14 176
14 154
14 103
14 196
14 127
14 67
14 184
14 101
14 77
14 109
14 29
14 79
14 21
14 10
14 37
14 201
14 68
14 177
14 33
14 183
14 17
14 52
14 6
14 113
14 15
211 209
211 165
211 70
211 104
211 90
211 65
211 134
211 46
211 123
211 129
211 89
211 187
211 115
211 114
211 36
211 19
211 120
211 185
211 102
211 121
211 147
211 152
211 180
211 206
211 50
211 188
211 148
211 176
211 154
211 184
211 79
211 21
211 117
211 96
211 37
211 177
211 13
211 41
211 33
211 92
211 159
211 164
211 166
211 44
211 6
211 198
211 135
55 215
55 209
55 202
55 70
55 65
55 46
55 47
55 64
55 123
55 129
55 187
55 86
55 74
55 163
55 114
55 7
55 185
55 102
55 94
55 147
55 27
55 180
55 175
55 88
55 188
55 24
55 154
55 103
55 127
55 101
55 109
55 178
55 21
55 122
55 10
55 167
55 73
55 72
55 13
55 183
55 159
55 44
55 6
55 54
55 126
55 81
55 198
55 15
55 135
215 156
215 202
215 104
215 157
215 134
215 218
215 75
215 2
215 89
215 86
215 114
215 7
215 22
215 102
215 99
215 147
215 27
215 180
215 192
215 188
215 148
215 176
215 154
215 103
215 160
215 127
215 67
215 184
215 101
215 29
215 178
215 79
215 117
215 122
215 98
215 72
215 159
215 17
215 52
215 56
215 6
215 126
215 78
215 135
209 165
209 90
209 65
209 134
209 218
209 47
209 43
209 64
209 123
209 129
209 168
209 30
209 155
209 86
209 115
209 146
209 116
209 186
209 185
209 102
209 94
209 147
209 27
209 152
209 180
209 175
209 50
209 88
209 24
209 176
209 103
209 160
209 196
209 184
209 101
209 77
209 109
209 79
209 122
209 10
209 96
209 201
209 73
209 98
209 92
209 183
209 17
209 164
209 52
209 56
209 54
209 15
156 70
156 104
156 134
156 218
156 43
156 75
156 64
156 2
156 205
156 30
156 187
156 155
156 74
156 115
156 146
156 116
156 114
156 120
156 32
156 94
156 121
156 147
156 152
156 137
156 175
156 188
156 148
156 103
156 196
156 67
156 109
156 178
156 117
156 122
156 10
156 96
156 201
156 68
156 73
156 98
156 194
156 72
156 41
156 33
156 92
156 159
156 164
156 166
156 44
156 6
156 54
156 135
202 70
202 104
202 90
202 65
202 46
202 140
202 47
202 43
202 205
202 129
202 30
202 66
202 86
202 114
202 19
202 120
202 7
202 185
202 99
202 32
202 121
202 147
202 27
202 152
202 175
202 24
202 176
202 160
202 127
202 67
202 184
202 101
202 77
202 29
202 117
202 10
202 37
202 167
202 68
202 72
202 13
202 41
202 33
202 92
202 183
202 164
202 56
202 44
202 54
202 126
202 81
202 87
202 113
165 70
165 65
165 218
165 140
165 64
165 123
165 129
165 168
165 66
165 74
165 163
165 36
165 22
165 102
165 99
165 32
165 94
165 180
165 137
165 50
165 88
165 148
165 154
165 103
165 160
165 196
165 127
165 101
165 77
165 109
165 29
165 21
165 117
165 68
165 177
165 194
165 33
165 159
165 166
165 52
165 56
165 126
165 87
70 90
70 218
70 47
70 64
70 2
70 123
70 168
70 155
70 86
70 163
70 186
70 114
70 120
70 7
70 185
70 22
70 99
70 121
70 152
70 180
70 137
70 175
70 206
70 88
70 192
70 148
70 67
70 101
70 29
70 21
70 117
70 10
70 37
70 201
70 167
70 68
70 98
70 194
70 72
70 13
70 33
70 92
70 166
70 56
70 6
70 126
70 81
70 87
70 113
70 15
70 135
104 43
104 64
104 2
104 168
104 66
104 187
104 115
104 163
104 146
104 36
104 19
104 102
104 32
104 27
104 206
104 50
104 192
104 24
104 160
104 196
104 127
104 101
104 29
104 10
104 96
104 68
104 98
104 194
104 41
104 17
104 166
104 44
104 6
104 81
104 78
104 113
90 65
90 157
90 134
90 64
90 123
90 129
90 30
90 89
90 74
90 163
90 146
90 116
90 114
90 19
90 120
90 7
90 102
90 99
90 94
90 27
90 175
90 50
90 148
90 24
90 154
90 160
90 196
90 127
90 77
90 29
90 21
90 96
90 68
90 177
90 194
90 13
90 33
90 92
90 40
90 17
90 166
90 52
90 56
90 44
90 54
90 214
90 198
90 113
90 15
90 135
65 46
65 218
65 140
65 205
65 123
65 30
65 89
65 187
65 86
65 163
65 146
65 186
65 114
65 36
65 120
65 7
65 185
65 32
65 147
65 180
65 175
65 50
65 192
65 188
65 148
65 154
65 196
65 67
65 21
65 122
65 96
65 201
65 177
65 73
65 98
65 72
65 13
65 41
65 33
65 92
65 183
65 159
65 40
65 164
65 6
65 54
65 198
65 15
157 218
157 47
157 43
157 66
157 187
157 155
157 86
157 163
157 146
157 116
157 186
157 19
157 120
157 22
157 32
157 94
157 147
157 206
157 148
157 24
157 196
157 29
157 21
157 10
157 201
157 167
157 68
157 73
157 194
157 72
157 41
157 159
157 164
157 166
157 6
157 81
157 87
157 198
157 113
157 15
157 135
134 46
134 218
134 47
134 64
134 205
134 123
134 89
134 163
134 36
134 32
134 94
134 147
134 152
134 88
134 192
134 176
134 196
134 127
134 67
134 77
134 122
134 201
134 167
134 177
134 73
134 98
134 72
134 13
134 92
134 183
134 159
134 17
134 166
134 52
134 126
134 81
134 87
134 78
134 198
134 15
46 218
46 140
46 2
46 123
46 66
46 89
46 187
46 155
46 86
46 36
46 7
46 32
46 121
46 147
46 175
46 88
46 192
46 24
46 154
46 103
46 127
46 184
46 101
46 77
46 109
46 29
46 79
46 122
46 10
46 37
46 201
46 72
46 183
46 166
46 52
46 54
46 87
46 113
218 140
218 47
218 2
218 205
218 123
218 129
218 168
218 30
218 66
218 89
218 187
218 155
218 86
218 74
218 115
218 186
218 19
218 120
218 185
218 102
218 99
218 27
218 152
218 180
218 137
218 206
218 50
218 88
218 192
218 188
218 176
218 103
218 160
218 196
218 184
218 101
218 109
218 29
218 178
218 117
218 10
218 96
218 167
218 68
218 73
218 33
218 17
218 164
218 52
218 56
218 44
218 54
218 198
218 113
218 15
218 135
140 64
140 123
140 129
140 89
140 187
140 155
140 146
140 36
140 185
140 99
140 32
140 121
140 152
140 175
140 206
140 192
140 188
140 154
140 127
140 101
140 77
140 109
140 178
140 79
140 21
140 117
140 167
140 68
140 73
140 194
140 72
140 33
140 92
140 183
140 52
140 6
140 54
140 214
140 81
140 87
140 113
47 168
47 66
47 89
47 146
47 116
47 185
47 22
47 99
47 27
47 152
47 180
47 50
47 88
47 192
47 176
47 196
47 127
47 101
47 109
47 178
47 79
47 21
47 117
47 68
47 177
47 73
47 72
47 40
47 164
47 166
47 56
47 214
47 87
47 78
47 15
47 135
43 64
43 2
43 205
43 168
43 86
43 74
43 163
43 146
43 36
43 19
43 120
43 185
43 22
43 102
43 99
43 94
43 147
43 152
43 175
43 192
43 188
43 148
43 24
43 176
43 196
43 67
43 184
43 77
43 122
43 10
43 201
43 167
43 73
43 98
43 194
43 72
43 13
43 159
43 40
43 17
43 164
43 166
43 214
43 78
75 64
75 2
75 123
75 89
75 187
75 155
75 86
75 74
75 114
75 19
75 185
75 32
75 147
75 27
75 137
75 192
75 188
75 148
75 176
75 103
75 127
75 67
75 77
75 10
75 73
75 72
75 33
75 17
75 56
75 126
75 81
75 87
75 78
75 113
64 205
64 123
64 129
64 89
64 187
64 155
64 163
64 146
64 19
64 120
64 7
64 175
64 206
64 24
64 154
64 160
64 196
64 127
64 67
64 101
64 109
64 122
64 10
64 37
64 177
64 194
64 183
64 56
64 6
64 214
64 78
2 123
2 168
2 30
2 66
2 115
2 163
2 116
2 114
2 36
2 19
2 120
2 185
2 99
2 32
2 94
2 121
2 137
2 50
2 192
2 176
2 154
2 160
2 196
2 127
2 109
2 178
2 96
2 37
2 194
2 33
2 40
2 166
2 52
2 56
2 44
2 54
2 78
2 113
2 135
205 168
205 66
205 187
205 115
205 146
205 114
205 36
205 185
205 32
205 94
205 147
205 152
205 180
205 206
205 192
205 154
205 103
205 67
205 101
205 178
205 79
205 177
205 73
205 98
205 194
205 13
205 33
205 92
205 159
205 164
205 166
205 52
205 56
205 78
205 135
123 129
123 30
123 66
123 89
123 86
123 163
123 19
123 94
123 121
123 137
123 175
123 88
123 176
123 103
123 160
123 196
123 67
123 77
123 109
123 21
123 117
123 96
123 194
123 41
123 33
123 164
123 6
123 54
123 126
123 214
129 66
129 74
129 146
129 116
129 7
129 102
129 32
129 94
129 121
129 147
129 27
129 175
129 206
129 88
129 188
129 24
129 176
129 160
129 67
129 101
129 77
129 109
129 29
129 79
129 10
129 37
129 177
129 73
129 98
129 13
129 41
129 33
129 183
129 164
129 166
129 52
129 56
129 44
129 6
129 198
129 15
168 30
168 89
168 187
168 155
168 86
168 115
168 163
168 146
168 19
168 185
168 102
168 32
168 121
168 27
168 152
168 175
168 206
168 50
168 88
168 192
168 176
168 154
168 103
168 77
168 178
168 96
168 167
168 68
168 98
168 72
168 13
168 33
168 17
168 166
168 54
168 214
168 113
168 135
30 187
30 155
30 115
30 146
30 116
30 114
30 185
30 22
30 102
30 94
30 121
30 137
30 175
30 50
30 88
30 192
30 188
30 176
30 154
30 103
30 196
30 67
30 184
30 77
30 109
30 201
30 167
30 177
30 98
30 72
30 92
30 40
30 17
30 164
30 166
30 56
30 44
30 6
30 54
30 126
30 87
30 78
30 113
30 15
66 89
66 187
66 155
66 146
66 114
66 36
66 185
66 22
66 102
66 99
66 32
66 121
66 180
66 137
66 88
66 188
66 109
66 29
66 21
66 117
66 122
66 96
66 37
66 167
66 68
66 73
66 98
66 194
66 13
66 41
66 92
66 40
66 44
66 214
66 81
66 87
66 113
66 15
89 187
89 86
89 74
89 115
89 163
89 116
89 186
89 114
89 22
89 99
89 32
89 27
89 137
89 206
89 50
89 188
89 148
89 24
89 154
89 103
89 160
89 196
89 184
89 77
89 109
89 178
89 79
89 117
89 122
89 10
89 201
89 167
89 73
89 183
89 159
89 40
89 17
89 164
89 44
89 54
89 81
89 135
187 155
187 86
187 115
187 146
187 116
187 7
187 185
187 22
187 102
187 99
187 32
187 94
187 121
187 180
187 137
187 206
187 188
187 24
187 127
187 101
187 29
187 178
187 21
187 122
187 96
187 167
187 68
187 177
187 98
187 41
187 33
187 183
187 159
187 17
187 166
187 44
187 198
187 113
155 74
155 115
155 146
155 114
155 36
155 7
155 22
155 99
155 94
155 27
155 137
155 88
155 188
155 148
155 160
155 127
155 184
155 109
155 29
155 79
155 37
155 167
155 68
155 73
155 33
155 17
155 164
155 166
155 52
155 54
155 214
155 87
155 78
86 115
86 163
86 146
86 116
86 19
86 99
86 32
86 94
86 27
86 175
86 188
86 148
86 103
86 184
86 29
86 79
86 10
86 96
86 37
86 167
86 68
86 72
86 13
86 41
86 92
86 40
86 164
86 166
86 52
86 6
86 214
86 87
86 78
86 198
86 135
74 146
74 186
74 36
74 99
74 152
74 180
74 137
74 206
74 192
74 148
74 176
74 103
74 160
74 196
74 101
74 77
74 96
74 37
74 201
74 68
74 13
74 41
74 183
74 40
74 164
74 44
74 81
74 87
74 113
115 146
115 36
115 185
115 22
115 102
115 121
115 137
115 206
115 50
115 148
115 154
115 196
115 184
115 29
115 21
115 122
115 167
115 98
115 13
115 41
115 33
115 183
115 159
115 17
115 164
115 44
115 6
163 146
163 114
163 36
163 19
163 185
163 102
163 32
163 121
163 147
163 27
163 152
163 175
163 206
163 188
163 24
163 176
163 154
163 160
163 127
163 67
163 29
163 79
163 37
163 201
163 167
163 68
163 73
163 98
163 72
163 41
163 33
163 92
163 159
163 40
163 56
163 6
163 54
163 126
163 81
163 78
163 15
163 135
146 116
146 186
146 114
146 19
146 120
146 102
146 32
146 137
146 50
146 188
146 154
146 160
146 77
146 117
146 96
146 37
146 167
146 194
146 13
146 41
146 33
146 183
146 17
146 44
146 214
146 78
146 198
146 135
116 186
116 36
116 120
116 7
116 32
116 121
116 152
116 137
116 175
116 206
116 24
116 176
116 154
116 196
116 127
116 109
116 79
116 117
116 122
116 37
116 167
116 73
116 194
116 72
116 13
116 56
116 214
116 78
116 15
186 120
186 7
186 32
186 94
186 147
186 27
186 180
186 175
186 188
186 176
186 154
186 103
186 67
186 109
186 29
186 178
186 117
186 122
186 10
186 96
186 201
186 167
186 177
186 73
186 194
186 72
186 33
186 40
186 166
186 56
186 6
186 87
186 15
114 36
114 7
114 22
114 32
114 94
114 121
114 180
114 137
114 50
114 88
114 192
114 148
114 176
114 103
114 67
114 109
114 29
114 122
114 10
114 96
114 201
114 68
114 177
114 98
114 194
114 72
114 33
114 92
114 183
114 159
114 40
114 17
114 164
114 52
114 81
114 87
114 78
114 198
114 135
36 120
36 185
36 22
36 102
36 32
36 121
36 147
36 180
36 137
36 175
36 206
36 50
36 188
36 148
36 24
36 103
36 160
36 196
36 67
36 101
36 77
36 96
36 37
36 201
36 167
36 98
36 194
36 72
36 41
36 33
36 92
36 159
36 40
36 164
36 44
36 54
19 7
19 102
19 99
19 94
19 121
19 147
19 152
19 50
19 192
19 148
19 176
19 154
19 184
19 101
19 79
19 122
19 10
19 96
19 37
19 167
19 68
19 73
19 194
19 41
19 92
19 40
19 17
19 52
19 56
19 126
19 81
19 78
19 113
19 135
120 102
120 99
120 121
120 27
120 152
120 137
120 175
120 192
120 188
120 176
120 160
120 196
120 67
120 101
120 77
120 109
120 79
120 122
120 10
120 37
120 167
120 177
120 73
120 72
120 92
120 183
120 17
120 56
120 6
120 126
120 214
120 81
120 113
120 15
120 135
7 32
7 94
7 121
7 152
7 180
7 137
7 50
7 88
7 160
7 67
7 184
7 77
7 29
7 79
7 21
7 10
7 96
7 201
7 167
7 68
7 33
7 183
7 159
7 40
7 164
7 166
7 56
7 6
7 54
7 78
7 198
7 113
185 99
185 94
185 147
185 27
185 152
185 50
185 148
185 160
185 184
185 109
185 29
185 96
185 68
185 177
185 73
185 72
185 13
185 92
185 183
185 6
185 214
185 81
185 135
22 102
22 99
22 32
22 121
22 152
22 175
22 188
22 148
22 24
22 103
22 160
22 196
22 127
22 101
22 77
22 21
22 122
22 10
22 96
22 201
22 68
22 72
22 33
22 183
22 159
22 17
22 166
22 52
22 81
22 78
102 99
102 32
102 94
102 121
102 147
102 175
102 50
102 88
102 192
102 188
102 103
102 160
102 109
102 178
102 79
102 21
102 117
102 122
102 10
102 68
102 194
102 13
102 92
102 183
102 159
102 17
102 56
102 54
102 126
102 214
102 113
102 15
99 121
99 147
99 180
99 50
99 148
99 103
99 160
99 196
99 184
99 101
99 109
99 29
99 79
99 122
99 201
99 68
99 177
99 194
99 126
99 78
99 113
99 15
99 135
32 121
32 27
32 175
32 206
32 50
32 88
32 192
32 148
32 103
32 160
32 127
32 101
32 109
32 79
32 96
32 201
32 177
32 98
32 72
32 13
32 17
32 166
32 52
32 6
32 214
32 198
32 113
32 15
32 135
94 27
94 206
94 50
94 188
94 148
94 24
94 176
94 103
94 160
94 127
94 67
94 109
94 29
94 79
94 122
94 10
94 201
94 167
94 177
94 98
94 41
94 159
94 166
94 6
94 126
94 78
94 198
94 135
121 27
121 152
121 148
121 24
121 176
121 103
121 196
121 184
121 122
121 37
121 201
121 167
121 177
121 98
121 41
121 33
121 183
121 159
121 40
121 164
121 52
121 44
121 6
121 54
121 87
121 78
121 198
121 135
147 50
147 188
147 176
147 127
147 101
147 10
147 37
147 167
147 194
147 41
147 183
147 159
147 56
147 44
147 54
147 81
147 15
147 135
27 180
27 137
27 175
27 88
27 188
27 148
27 176
27 67
27 184
27 109
27 29
27 178
27 21
27 122
27 10
27 201
27 167
27 98
27 72
27 13
27 92
27 183
27 40
27 52
27 56
27 44
27 87
27 78
27 113
152 175
152 206
152 192
152 148
152 24
152 154
152 160
152 127
152 79
152 117
152 122
152 10
152 177
152 73
152 98
152 72
152 13
152 41
152 33
152 183
152 159
152 17
152 52
152 6
152 214
152 81
152 87
152 78
152 113
180 137
180 206
180 148
180 127
180 77
180 178
180 21
180 10
180 177
180 73
180 13
180 41
180 164
180 52
180 56
180 214
180 87
180 78
180 198
137 50
137 88
137 188
137 24
137 176
137 160
137 127
137 109
137 29
137 79
137 117
137 10
137 96
137 177
137 73
137 41
137 92
137 183
137 159
137 52
137 54
137 126
137 198
137 113
137 15
137 135
175 88
175 24
175 176
175 154
175 160
175 196
175 127
175 184
175 109
175 79
175 21
175 117
175 122
175 10
175 96
175 72
175 33
175 92
175 159
175 40
175 166
175 44
175 126
175 113
206 50
206 88
206 192
206 148
206 24
206 154
206 103
206 160
206 29
206 178
206 21
206 117
206 122
206 96
206 167
206 73
206 194
206 41
206 92
206 40
206 17
206 164
206 166
206 52
206 44
206 126
206 113
50 88
50 192
50 188
50 148
50 127
50 77
50 178
50 79
50 68
50 98
50 72
50 33
50 92
50 159
50 44
50 6
50 54
50 81
50 15
50 135
88 148
88 103
88 160
88 127
88 184
88 109
88 79
88 21
88 117
88 37
88 167
88 68
88 194
88 17
88 164
88 56
88 44
88 54
88 87
88 78
88 198
88 113
192 188
192 24
192 176
192 154
192 196
192 67
192 77
192 29
192 117
192 122
192 37
192 201
192 13
192 41
192 33
192 159
192 40
192 17
192 166
192 52
192 44
192 6
192 54
192 126
192 214
192 81
192 87
192 198
192 113
192 15
192 135
188 176
188 77
188 109
188 96
188 37
188 201
188 68
188 194
188 72
188 41
188 33
188 92
188 40
188 126
188 214
188 87
188 113
148 24
148 176
148 154
148 160
148 127
148 178
148 21
148 117
148 10
148 177
148 98
148 194
148 33
148 56
148 44
148 54
148 214
148 198
148 135
24 154
24 103
24 160
24 196
24 127
24 109
24 178
24 21
24 10
24 37
24 167
24 98
24 41
24 159
24 17
24 166
24 52
24 56
24 214
24 135
176 160
176 196
176 67
176 29
176 21
176 122
176 10
176 96
176 167
176 68
176 13
176 41
176 33
176 92
176 159
176 40
176 17
176 164
176 166
176 54
176 214
176 87
176 198
176 135
154 127
154 184
154 101
154 77
154 29
154 79
154 117
154 96
154 201
154 194
154 41
154 33
154 92
154 159
154 166
154 52
154 6
154 126
154 214
154 81
154 87
154 198
154 135
103 196
103 184
103 77
103 109
103 178
103 79
103 122
103 10
103 201
103 73
103 98
103 72
103 13
103 33
103 183
103 17
103 164
103 52
103 44
103 54
103 198
103 135
160 196
160 127
160 184
160 101
160 10
160 201
160 167
160 98
160 72
160 41
160 92
160 159
160 166
160 52
160 214
160 198
160 113
160 15
160 135
196 127
196 101
196 21
196 117
196 122
196 10
196 201
196 167
196 68
196 13
196 33
196 92
196 40
196 164
196 166
196 44
196 126
196 81
196 87
196 78
196 15
127 109
127 178
127 79
127 21
127 96
127 167
127 68
127 73
127 194
127 72
127 33
127 92
127 159
127 44
127 126
127 113
127 15
127 135
67 77
67 29
67 178
67 96
67 37
67 68
67 98
67 72
67 13
67 183
67 17
67 52
67 44
67 54
67 81
184 101
184 178
184 21
184 10
184 96
184 201
184 68
184 73
184 98
184 194
184 13
184 166
184 52
184 81
184 78
184 198
184 135
101 21
101 117
101 201
101 72
101 13
101 33
101 183
101 159
101 164
101 56
101 44
101 198
101 15
101 135
77 109
77 122
77 10
77 96
77 37
77 201
77 167
77 98
77 194
77 72
77 13
77 33
77 183
77 40
77 166
77 56
77 54
77 126
77 198
77 113
109 178
109 21
109 117
109 37
109 177
109 13
109 41
109 92
109 159
109 17
109 52
109 54
109 87
109 198
29 178
29 201
29 177
29 73
29 98
29 13
29 41
29 92
29 183
29 40
29 17
29 56
29 6
29 54
29 126
29 81
29 198
29 113
29 15
178 79
178 117
178 10
178 96
178 167
178 177
178 98
178 41
178 92
178 159
178 17
178 166
178 56
178 126
178 214
178 87
178 78
178 198
178 15
178 135
79 122
79 10
79 37
79 167
79 68
79 98
79 40
79 17
79 166
79 56
79 54
79 81
79 87
79 198
21 96
21 201
21 68
21 177
21 33
21 92
21 183
21 40
21 126
21 78
117 122
117 201
117 167
117 68
117 177
117 73
117 72
117 13
117 183
117 159
117 40
117 52
117 44
117 126
117 214
117 78
122 10
122 37
122 167
122 177
122 98
122 194
122 41
122 33
122 92
122 183
122 159
122 166
122 52
122 44
122 126
122 78
122 113
122 135
10 96
10 201
10 177
10 33
10 92
10 40
10 44
10 6
10 126
10 214
10 81
10 78
10 113
96 37
96 201
96 98
96 194
96 33
96 17
96 164
96 52
96 126
96 214
96 87
96 113
96 135
37 72
37 13
37 41
37 92
37 40
37 56
37 44
37 54
37 81
37 87
37 78
37 15
201 167
201 98
201 194
201 13
201 41
201 159
201 17
201 52
201 44
201 54
201 126
201 87
201 78
167 41
167 33
167 159
167 40
167 17
167 164
167 166
167 44
167 6
167 126
167 81
167 113
167 15
68 72
68 41
68 33
68 92
68 159
68 17
68 166
68 52
68 54
68 81
68 87
68 78
68 113
68 135
177 194
177 13
177 41
177 92
177 17
177 166
177 56
177 44
177 78
177 15
73 98
73 41
73 33
73 92
73 183
73 159
73 52
73 6
73 214
73 198
73 113
73 15
98 13
98 33
98 40
98 54
98 214
98 87
98 78
98 113
98 15
194 41
194 33
194 183
194 6
194 214
194 78
194 198
194 113
194 135
72 183
72 159
72 164
72 52
72 56
72 6
72 54
72 81
72 198
72 113
13 41
13 33
13 183
13 159
13 44
13 214
13 78
13 198
13 113
13 15
13 135
41 183
41 166
41 44
41 126
41 87
41 78
41 113
33 92
33 56
33 6
33 214
33 198
33 135
92 159
92 40
92 164
92 44
92 6
92 54
92 81
92 87
92 78
92 113
183 52
183 126
183 87
159 17
159 52
159 56
159 44
159 54
159 214
159 87
40 52
40 44
40 54
40 126
40 78
40 198
40 135
17 164
17 166
17 6
17 54
17 126
17 214
17 87
17 78
164 56
164 6
164 126
164 81
164 87
166 52
166 56
166 126
166 81
166 87
166 198
166 15
166 135
52 54
52 126
52 78
52 198
52 15
56 54
56 126
56 81
56 198
56 135
44 15
6 54
6 126
6 87
6 78
6 15
54 81
54 87
54 113
54 15
54 135
214 81
214 78
214 113
81 87
81 78
87 78
78 135
