*verties 207
101
96
63
86
64
125
167
66
119
178
158
186
46
185
115
141
183
33
139
105
79
71
156
29
93
209
53
132
76
90
184
72
18
166
32
160
58
3
80
157
11
43
208
25
150
197
207
38
155
97
187
102
7
127
57
27
163
137
177
37
130
170
165
20
68
99
149
216
67
112
175
218
189
210
49
21
55
107
15
219
193
88
51
50
203
190
0
202
84
205
89
40
13
12
198
44
182
140
52
30
41
109
159
77
34
164
94
116
129
206
133
87
78
108
113
196
195
143
1
136
138
194
4
23
103
212
152
19
148
153
62
135
28
5
39
147
42
217
8
83
123
9
122
65
26
81
61
179
121
213
48
92
173
14
56
6
131
75
22
74
204
169
10
144
161
60
100
188
24
85
162
36
117
180
95
192
45
82
73
151
98
114
124
59
110
120
200
174
214
126
142
118
128
69
111
199
168
176
54
201
171
181
35
91
16
106
104
*edges 
101 119
101 46
101 183
101 33
101 139
101 156
101 72
101 18
101 58
101 3
101 208
101 25
101 150
101 7
101 57
101 37
101 170
101 165
101 149
101 218
101 210
101 203
101 0
101 40
101 13
101 133
101 4
101 152
101 42
101 83
101 123
101 9
101 81
101 56
101 75
101 144
101 188
101 24
101 36
101 114
101 126
101 142
101 118
101 199
101 91
101 106
96 86
96 119
96 46
96 33
96 139
96 93
96 53
96 76
96 157
96 43
96 208
96 38
96 97
96 7
96 57
96 68
96 149
96 112
96 107
96 15
96 50
96 202
96 205
96 12
96 182
96 140
96 30
96 109
96 77
96 94
96 206
96 87
96 195
96 23
96 19
96 148
96 62
96 5
96 42
96 8
96 123
96 65
96 179
96 173
96 56
96 204
96 169
96 10
96 24
96 36
96 117
96 180
96 95
96 174
96 142
96 199
96 168
96 176
96 201
96 171
63 86
63 125
63 178
63 209
63 18
63 166
63 3
63 208
63 207
63 7
63 127
63 99
63 149
63 216
63 67
63 189
63 21
63 107
63 51
63 190
63 84
63 205
63 89
63 13
63 198
63 182
63 41
63 109
63 159
63 34
63 94
63 116
63 206
63 133
63 196
63 195
63 136
63 138
63 194
63 152
63 19
63 148
63 135
63 28
63 39
63 147
63 42
63 8
63 122
63 81
63 61
63 179
63 56
63 6
63 131
63 144
63 162
63 117
63 180
63 45
63 82
63 98
63 114
63 214
63 118
63 128
63 168
63 171
63 16
63 106
86 167
86 66
86 178
86 186
86 115
86 105
86 156
86 53
86 184
86 72
86 58
86 3
86 157
86 43
86 208
86 207
86 127
86 57
86 130
86 99
86 149
86 210
86 21
86 15
86 219
86 190
86 0
86 84
86 12
86 198
86 77
86 87
86 113
86 1
86 136
86 194
86 23
86 152
86 153
86 42
86 122
86 65
86 61
86 121
86 213
86 14
86 204
86 188
86 114
86 124
86 110
86 214
86 126
86 142
86 111
86 201
86 171
86 16
64 178
64 141
64 139
64 156
64 184
64 43
64 208
64 197
64 187
64 57
64 137
64 37
64 130
64 165
64 99
64 218
64 189
64 107
64 203
64 52
64 77
64 116
64 87
64 78
64 108
64 113
64 138
64 152
64 62
64 5
64 121
64 173
64 56
64 204
64 169
64 100
64 85
64 162
64 36
64 45
64 124
64 110
64 174
64 142
64 69
64 111
64 199
64 54
64 106
125 66
125 185
125 139
125 105
125 156
125 132
125 90
125 160
125 25
125 38
125 155
125 27
125 137
125 165
125 20
125 68
125 175
125 210
125 21
125 205
125 44
125 182
125 140
125 52
125 77
125 34
125 116
125 87
125 1
125 136
125 152
125 19
125 123
125 9
125 121
125 213
125 173
125 6
125 22
125 74
125 169
125 144
125 60
125 162
125 192
125 45
125 73
125 98
125 124
125 110
125 200
125 128
125 69
125 106
167 46
167 183
167 105
167 132
167 184
167 72
167 166
167 3
167 80
167 38
167 97
167 187
167 27
167 137
167 149
167 112
167 210
167 21
167 15
167 219
167 193
167 51
167 12
167 52
167 30
167 164
167 206
167 133
167 87
167 196
167 195
167 143
167 1
167 136
167 194
167 4
167 103
167 19
167 28
167 42
167 8
167 123
167 122
167 81
167 179
167 48
167 56
167 131
167 74
167 204
167 169
167 10
167 144
167 188
167 24
167 85
167 192
167 45
167 69
167 54
167 201
167 171
167 16
167 104
66 119
66 178
66 186
66 115
66 141
66 33
66 156
66 29
66 76
66 72
66 157
66 197
66 155
66 7
66 127
66 137
66 177
66 130
66 20
66 149
66 112
66 107
66 193
66 88
66 202
66 40
66 12
66 182
66 52
66 30
66 34
66 206
66 108
66 113
66 136
66 212
66 152
66 28
66 5
66 42
66 123
66 9
66 65
66 61
66 179
66 92
66 144
66 24
66 162
66 36
66 117
66 95
66 82
66 73
66 120
66 142
66 128
66 111
66 168
66 54
66 35
66 106
119 178
119 46
119 79
119 71
119 76
119 184
119 18
119 58
119 208
119 207
119 155
119 57
119 27
119 68
119 216
119 175
119 189
119 50
119 202
119 40
119 206
119 133
119 87
119 143
119 136
119 103
119 148
119 153
119 42
119 83
119 81
119 61
119 48
119 173
119 14
119 131
119 74
119 10
119 161
119 180
119 73
119 124
119 59
119 214
119 126
119 128
119 176
119 171
119 35
119 106
178 46
178 185
178 139
178 105
178 79
178 209
178 90
178 184
178 32
178 160
178 157
178 11
178 25
178 197
178 38
178 137
178 37
178 165
178 67
178 218
178 49
178 55
178 107
178 219
178 84
178 89
178 40
178 13
178 198
178 140
178 109
178 159
178 77
178 164
178 94
178 133
178 196
178 103
178 152
178 153
178 5
178 8
178 9
178 26
178 14
178 56
178 75
178 204
178 169
178 161
178 117
178 151
178 114
178 128
178 111
178 199
178 54
178 91
178 16
158 141
158 33
158 32
158 3
158 43
158 207
158 97
158 163
158 130
158 20
158 49
158 193
158 50
158 205
158 13
158 198
158 182
158 30
158 164
158 129
158 194
158 103
158 8
158 123
158 74
158 100
158 188
158 85
158 117
158 192
158 73
158 120
158 200
158 128
158 199
158 54
158 181
158 91
158 16
158 106
158 104
186 46
186 183
186 139
186 29
186 53
186 132
186 90
186 184
186 160
186 80
186 207
186 155
186 97
186 127
186 57
186 27
186 177
186 130
186 165
186 67
186 175
186 21
186 107
186 0
186 13
186 182
186 30
186 109
186 159
186 34
186 164
186 94
186 108
186 1
186 136
186 103
186 135
186 5
186 217
186 65
186 173
186 56
186 131
186 22
186 74
186 204
186 10
186 60
186 100
186 24
186 85
186 45
186 73
186 151
186 98
186 110
186 126
186 128
186 69
186 176
186 91
186 106
46 115
46 183
46 33
46 139
46 79
46 93
46 132
46 166
46 32
46 160
46 80
46 11
46 25
46 97
46 102
46 130
46 165
46 20
46 68
46 67
46 21
46 55
46 88
46 50
46 203
46 190
46 41
46 109
46 77
46 34
46 116
46 136
46 138
46 23
46 62
46 135
46 5
46 147
46 48
46 92
46 6
46 188
46 24
46 82
46 110
46 120
46 118
46 69
46 168
185 115
185 141
185 93
185 53
185 132
185 76
185 72
185 32
185 80
185 43
185 38
185 155
185 97
185 177
185 99
185 67
185 218
185 219
185 51
185 190
185 202
185 198
185 52
185 30
185 94
185 133
185 87
185 78
185 152
185 153
185 5
185 39
185 123
185 81
185 179
185 56
185 24
185 95
185 73
185 98
185 200
185 176
185 201
185 171
185 35
185 91
185 106
115 93
115 209
115 76
115 72
115 18
115 3
115 157
115 11
115 25
115 197
115 38
115 155
115 163
115 137
115 37
115 165
115 99
115 175
115 210
115 49
115 107
115 190
115 84
115 13
115 140
115 34
115 94
115 116
115 129
115 108
115 4
115 103
115 62
115 5
115 42
115 123
115 9
115 92
115 14
115 56
115 131
115 144
115 192
115 45
115 82
115 73
115 151
115 200
115 214
115 69
115 111
115 106
141 33
141 139
141 79
141 156
141 29
141 132
141 90
141 184
141 72
141 32
141 58
141 80
141 207
141 7
141 137
141 177
141 218
141 219
141 193
141 88
141 205
141 40
141 52
141 109
141 77
141 164
141 206
141 1
141 138
141 148
141 153
141 62
141 147
141 217
141 9
141 122
141 179
141 92
141 173
141 131
141 75
141 144
141 161
141 100
141 188
141 192
141 73
141 59
141 110
141 200
141 214
141 126
141 171
141 91
183 105
183 29
183 76
183 184
183 72
183 166
183 3
183 155
183 187
183 57
183 27
183 137
183 20
183 112
183 189
183 210
183 49
183 55
183 107
183 88
183 13
183 12
183 198
183 77
183 164
183 116
183 129
183 143
183 1
183 194
183 4
183 152
183 28
183 5
183 42
183 9
183 92
183 14
183 6
183 22
183 74
183 204
183 60
183 100
183 24
183 36
183 117
183 73
183 151
183 120
183 111
183 199
183 168
183 171
183 16
183 104
33 105
33 209
33 132
33 76
33 90
33 184
33 32
33 11
33 97
33 177
33 37
33 165
33 20
33 189
33 55
33 219
33 51
33 203
33 84
33 40
33 44
33 182
33 52
33 30
33 159
33 129
33 133
33 78
33 108
33 143
33 1
33 23
33 153
33 39
33 147
33 81
33 179
33 92
33 14
33 56
33 6
33 131
33 75
33 36
33 117
33 180
33 192
33 151
33 114
33 126
33 142
33 128
33 69
33 199
33 35
139 79
139 209
139 160
139 3
139 11
139 25
139 197
139 207
139 38
139 97
139 163
139 137
139 177
139 170
139 99
139 67
139 175
139 218
139 55
139 107
139 190
139 89
139 13
139 44
139 52
139 41
139 77
139 116
139 206
139 113
139 196
139 195
139 138
139 194
139 152
139 148
139 62
139 42
139 217
139 9
139 65
139 213
139 92
139 6
139 74
139 100
139 188
139 36
139 114
139 59
139 126
139 142
139 118
139 69
139 176
139 106
105 71
105 184
105 166
105 43
105 25
105 207
105 38
105 187
105 7
105 163
105 137
105 112
105 189
105 219
105 193
105 88
105 190
105 205
105 12
105 44
105 182
105 140
105 109
105 164
105 94
105 133
105 143
105 136
105 194
105 153
105 135
105 147
105 217
105 83
105 9
105 122
105 179
105 24
105 180
105 95
105 82
105 124
105 59
105 200
105 214
105 199
105 176
105 171
105 181
105 16
79 156
79 93
79 132
79 166
79 80
79 157
79 155
79 187
79 57
79 137
79 130
79 216
79 189
79 21
79 55
79 107
79 219
79 88
79 0
79 202
79 84
79 205
79 40
79 13
79 52
79 159
79 133
79 87
79 23
79 212
79 19
79 153
79 62
79 147
79 42
79 61
79 179
79 92
79 10
79 60
79 162
79 117
79 45
79 98
79 114
79 142
79 128
79 176
79 54
79 171
79 181
79 16
71 29
71 93
71 76
71 72
71 32
71 11
71 208
71 97
71 163
71 170
71 20
71 149
71 112
71 175
71 21
71 107
71 219
71 193
71 0
71 202
71 198
71 44
71 30
71 159
71 116
71 206
71 87
71 113
71 196
71 195
71 1
71 194
71 23
71 153
71 62
71 217
71 65
71 121
71 144
71 100
71 85
71 117
71 45
71 98
71 126
71 118
71 69
71 106
156 166
156 58
156 3
156 157
156 150
156 197
156 207
156 38
156 97
156 187
156 27
156 37
156 165
156 68
156 49
156 21
156 15
156 193
156 0
156 205
156 12
156 78
156 108
156 113
156 19
156 5
156 147
156 42
156 8
156 83
156 9
156 122
156 121
156 173
156 74
156 169
156 10
156 24
156 36
156 95
156 124
156 126
156 142
156 111
29 72
29 58
29 43
29 208
29 38
29 187
29 102
29 7
29 127
29 20
29 68
29 99
29 67
29 218
29 189
29 55
29 107
29 202
29 84
29 205
29 12
29 198
29 182
29 41
29 94
29 116
29 129
29 133
29 87
29 108
29 136
29 212
29 19
29 217
29 83
29 9
29 122
29 81
29 48
29 92
29 173
29 14
29 6
29 22
29 117
29 192
29 114
29 142
29 54
29 16
29 106
29 104
93 72
93 18
93 32
93 160
93 207
93 127
93 137
93 170
93 99
93 15
93 190
93 40
93 13
93 44
93 52
93 159
93 164
93 108
93 195
93 143
93 136
93 4
93 153
93 135
93 28
93 5
93 147
93 8
93 121
93 213
93 48
93 92
93 56
93 174
93 111
93 168
93 106
209 76
209 184
209 160
209 58
209 43
209 25
209 150
209 127
209 165
209 112
209 218
209 210
209 219
209 50
209 0
209 202
209 89
209 40
209 13
209 44
209 30
209 109
209 129
209 196
209 1
209 103
209 152
209 19
209 148
209 135
209 42
209 8
209 83
209 81
209 213
209 48
209 14
209 6
209 169
209 10
209 36
209 95
209 45
209 82
209 73
209 124
209 110
209 200
209 199
209 54
209 106
53 207
53 38
53 187
53 102
53 170
53 20
53 99
53 67
53 210
53 49
53 21
53 219
53 203
53 202
53 13
53 12
53 44
53 41
53 94
53 206
53 133
53 143
53 1
53 194
53 62
53 135
53 83
53 9
53 26
53 75
53 22
53 10
53 60
53 85
53 45
53 73
53 151
53 200
53 69
53 111
53 176
53 181
53 91
132 32
132 157
132 197
132 163
132 130
132 170
132 218
132 210
132 21
132 15
132 190
132 84
132 205
132 198
132 30
132 77
132 34
132 94
132 1
132 4
132 103
132 153
132 39
132 217
132 123
132 9
132 122
132 65
132 179
132 121
132 213
132 60
132 85
132 82
132 73
132 124
132 59
132 120
132 200
132 214
132 118
132 176
132 171
76 157
76 150
76 38
76 102
76 127
76 27
76 37
76 149
76 210
76 21
76 107
76 15
76 219
76 84
76 13
76 198
76 159
76 34
76 133
76 87
76 78
76 108
76 196
76 4
76 152
76 28
76 39
76 147
76 217
76 8
76 26
76 81
76 213
76 48
76 14
76 204
76 45
76 120
76 168
76 181
76 104
90 18
90 58
90 43
90 25
90 97
90 102
90 57
90 137
90 37
90 130
90 170
90 99
90 149
90 67
90 210
90 49
90 55
90 51
90 205
90 198
90 182
90 77
90 129
90 206
90 196
90 1
90 19
90 153
90 28
90 9
90 92
90 75
90 161
90 60
90 95
90 82
90 98
90 110
90 120
90 111
90 168
90 54
90 201
90 35
90 106
184 166
184 160
184 58
184 11
184 43
184 208
184 25
184 197
184 97
184 187
184 57
184 137
184 165
184 210
184 49
184 21
184 55
184 107
184 15
184 51
184 40
184 12
184 198
184 140
184 52
184 41
184 164
184 116
184 87
184 138
184 212
184 83
184 122
184 81
184 121
184 48
184 75
184 10
184 144
184 117
184 180
184 95
184 73
184 124
184 110
184 214
184 142
184 199
184 168
184 106
72 166
72 58
72 80
72 11
72 208
72 197
72 187
72 7
72 99
72 175
72 218
72 189
72 202
72 13
72 12
72 52
72 109
72 77
72 108
72 195
72 136
72 138
72 194
72 5
72 147
72 217
72 83
72 122
72 65
72 61
72 48
72 173
72 131
72 10
72 161
72 60
72 85
72 95
72 192
72 126
72 142
72 118
72 111
72 106
18 32
18 43
18 208
18 150
18 207
18 187
18 57
18 137
18 177
18 170
18 165
18 216
18 189
18 88
18 89
18 40
18 13
18 44
18 182
18 94
18 78
18 195
18 194
18 103
18 5
18 39
18 42
18 65
18 26
18 81
18 213
18 56
18 75
18 22
18 10
18 85
18 45
18 82
18 151
18 98
18 59
18 110
18 69
18 199
18 181
18 35
18 91
166 58
166 80
166 157
166 208
166 150
166 97
166 102
166 7
166 127
166 37
166 20
166 149
166 67
166 112
166 175
166 218
166 107
166 193
166 88
166 50
166 203
166 190
166 202
166 205
166 40
166 140
166 94
166 116
166 108
166 194
166 23
166 148
166 62
166 39
166 217
166 26
166 179
166 92
166 56
166 131
166 74
166 10
166 100
166 162
166 36
166 117
166 180
166 110
166 120
166 200
166 214
166 126
166 168
166 176
32 3
32 80
32 25
32 102
32 7
32 127
32 149
32 216
32 112
32 218
32 189
32 210
32 55
32 193
32 88
32 205
32 44
32 182
32 109
32 159
32 77
32 206
32 78
32 108
32 196
32 195
32 1
32 136
32 23
32 153
32 135
32 42
32 48
32 75
32 169
32 144
32 24
32 114
32 174
32 214
32 126
32 142
32 168
32 54
32 181
160 58
160 3
160 11
160 150
160 38
160 155
160 97
160 102
160 27
160 112
160 55
160 107
160 51
160 203
160 190
160 205
160 12
160 44
160 30
160 34
160 94
160 116
160 78
160 195
160 1
160 136
160 4
160 152
160 19
160 148
160 153
160 28
160 42
160 65
160 26
160 121
160 213
160 173
160 204
160 144
160 100
160 188
160 36
160 95
160 59
160 200
160 111
160 176
160 54
160 181
160 16
58 150
58 197
58 187
58 37
58 170
58 20
58 68
58 99
58 149
58 67
58 189
58 49
58 21
58 15
58 219
58 88
58 51
58 202
58 205
58 109
58 159
58 77
58 34
58 129
58 196
58 143
58 194
58 103
58 212
58 217
58 8
58 83
58 61
58 213
58 48
58 92
58 56
58 144
58 161
58 100
58 24
58 117
58 114
58 142
58 128
58 199
58 181
58 106
3 80
3 157
3 207
3 38
3 155
3 37
3 20
3 216
3 88
3 84
3 205
3 89
3 13
3 140
3 41
3 77
3 133
3 78
3 1
3 136
3 42
3 83
3 122
3 65
3 81
3 61
3 14
3 6
3 74
3 204
3 169
3 10
3 60
3 188
3 162
3 95
3 45
3 151
3 98
3 114
3 120
3 174
3 142
3 128
3 69
3 199
3 54
3 171
3 181
80 25
80 197
80 155
80 187
80 177
80 20
80 149
80 67
80 218
80 189
80 15
80 88
80 205
80 198
80 182
80 52
80 109
80 159
80 77
80 94
80 129
80 87
80 113
80 1
80 194
80 62
80 173
80 14
80 56
80 131
80 75
80 22
80 10
80 60
80 188
80 192
80 98
80 114
80 59
80 126
80 168
80 54
80 171
80 91
157 197
157 97
157 102
157 7
157 127
157 27
157 175
157 189
157 55
157 219
157 88
157 51
157 190
157 205
157 40
157 12
157 44
157 52
157 30
157 94
157 133
157 108
157 113
157 196
157 195
157 194
157 4
157 152
157 148
157 5
157 39
157 217
157 8
157 26
157 48
157 131
157 75
157 204
157 169
157 144
157 60
157 24
157 192
157 82
157 200
157 214
157 118
157 69
157 168
157 176
157 106
157 104
11 25
11 150
11 197
11 38
11 187
11 102
11 7
11 216
11 175
11 210
11 107
11 15
11 193
11 88
11 51
11 205
11 30
11 129
11 133
11 108
11 4
11 28
11 217
11 123
11 9
11 179
11 48
11 56
11 22
11 60
11 100
11 188
11 36
11 45
11 82
11 73
11 114
11 124
11 128
11 111
11 199
11 168
11 181
11 91
11 104
43 150
43 207
43 38
43 7
43 57
43 170
43 149
43 175
43 218
43 193
43 88
43 203
43 190
43 198
43 182
43 52
43 30
43 159
43 34
43 94
43 129
43 195
43 1
43 23
43 152
43 153
43 147
43 123
43 122
43 14
43 204
43 144
43 100
43 45
43 174
43 142
43 118
43 111
43 168
43 176
43 201
43 171
43 91
43 16
208 38
208 187
208 163
208 37
208 165
208 99
208 149
208 67
208 112
208 175
208 210
208 51
208 203
208 190
208 0
208 198
208 140
208 30
208 41
208 94
208 78
208 1
208 136
208 4
208 212
208 19
208 153
208 62
208 8
208 123
208 65
208 61
208 92
208 56
208 6
208 75
208 100
208 117
208 180
208 95
208 82
208 126
208 118
208 69
208 181
208 106
25 150
25 38
25 187
25 102
25 37
25 165
25 20
25 189
25 49
25 15
25 88
25 50
25 12
25 182
25 140
25 206
25 87
25 78
25 113
25 1
25 136
25 194
25 148
25 8
25 213
25 14
25 56
25 6
25 75
25 204
25 169
25 144
25 24
25 36
25 82
25 73
25 151
25 59
25 110
25 200
25 118
25 168
25 54
25 35
25 104
150 197
150 207
150 177
150 165
150 68
150 149
150 112
150 218
150 49
150 15
150 89
150 182
150 30
150 109
150 195
150 1
150 136
150 138
150 19
150 62
150 39
150 147
150 42
150 9
150 26
150 173
150 22
150 117
150 126
150 118
150 69
150 168
150 171
150 16
197 97
197 57
197 177
197 149
197 216
197 67
197 112
197 218
197 49
197 55
197 203
197 0
197 202
197 89
197 40
197 30
197 159
197 164
197 94
197 206
197 133
197 87
197 195
197 194
197 148
197 217
197 123
197 26
197 81
197 121
197 213
197 144
197 188
197 36
197 192
197 82
197 73
197 151
197 126
197 168
197 201
197 171
207 155
207 137
207 177
207 149
207 49
207 21
207 107
207 15
207 51
207 40
207 77
207 34
207 196
207 195
207 143
207 138
207 4
207 23
207 103
207 135
207 28
207 123
207 65
207 26
207 121
207 213
207 48
207 56
207 204
207 188
207 117
207 180
207 73
207 124
207 214
207 142
207 201
207 171
38 187
38 7
38 57
38 27
38 137
38 170
38 67
38 218
38 210
38 49
38 107
38 219
38 193
38 88
38 40
38 159
38 34
38 206
38 133
38 113
38 196
38 143
38 1
38 153
38 28
38 217
38 122
38 65
38 81
38 121
38 173
38 56
38 6
38 169
38 161
38 192
38 45
38 98
38 120
38 200
38 214
38 142
38 111
38 199
38 168
38 176
38 201
38 171
38 106
38 104
155 7
155 57
155 163
155 37
155 165
155 216
155 189
155 49
155 51
155 89
155 40
155 13
155 44
155 182
155 109
155 78
155 196
155 143
155 138
155 103
155 152
155 148
155 147
155 83
155 123
155 179
155 121
155 92
155 6
155 75
155 74
155 162
155 114
155 126
155 118
155 128
155 199
155 181
155 104
97 187
97 7
97 177
97 170
97 68
97 99
97 149
97 67
97 189
97 55
97 50
97 190
97 202
97 84
97 205
97 40
97 13
97 109
97 159
97 87
97 108
97 138
97 194
97 212
97 19
97 153
97 62
97 5
97 217
97 121
97 213
97 173
97 74
97 144
97 60
97 85
97 36
97 117
97 45
97 174
97 214
97 142
97 128
97 168
97 181
97 35
97 91
187 7
187 57
187 27
187 137
187 15
187 40
187 198
187 182
187 30
187 164
187 94
187 116
187 129
187 206
187 196
187 195
187 1
187 152
187 5
187 9
187 26
187 81
187 121
187 14
187 56
187 75
187 22
187 74
187 10
187 161
187 100
187 73
187 176
102 170
102 165
102 112
102 189
102 0
102 52
102 159
102 133
102 4
102 153
102 28
102 5
102 39
102 147
102 42
102 8
102 65
102 61
102 173
102 131
102 204
102 161
102 117
102 180
102 45
102 82
102 174
102 118
102 69
102 111
102 168
102 35
102 104
7 127
7 57
7 137
7 170
7 165
7 99
7 112
7 49
7 21
7 193
7 51
7 203
7 190
7 40
7 13
7 44
7 34
7 164
7 206
7 108
7 196
7 136
7 194
7 212
7 42
7 9
7 65
7 26
7 179
7 131
7 74
7 10
7 144
7 161
7 60
7 36
7 95
7 45
7 151
7 114
7 124
7 110
7 174
7 142
7 69
7 111
7 199
7 168
7 54
7 171
7 91
7 106
127 27
127 37
127 68
127 99
127 149
127 67
127 112
127 175
127 218
127 189
127 21
127 15
127 51
127 50
127 0
127 205
127 159
127 196
127 19
127 62
127 135
127 42
127 83
127 26
127 61
127 48
127 173
127 14
127 131
127 144
127 60
127 162
127 124
127 174
127 118
127 128
127 168
127 181
127 16
57 163
57 137
57 68
57 112
57 210
57 51
57 50
57 205
57 89
57 40
57 44
57 30
57 164
57 94
57 116
57 206
57 143
57 103
57 212
57 148
57 62
57 28
57 147
57 42
57 123
57 61
57 48
57 131
57 75
57 10
57 161
57 60
57 180
57 95
57 151
57 124
57 120
57 200
57 174
57 128
57 111
57 171
57 181
57 16
27 137
27 177
27 170
27 99
27 112
27 189
27 219
27 88
27 0
27 84
27 40
27 12
27 198
27 182
27 30
27 41
27 109
27 206
27 108
27 113
27 195
27 1
27 138
27 194
27 212
27 147
27 42
27 217
27 213
27 173
27 22
27 74
27 10
27 188
27 85
27 162
27 180
27 98
27 59
27 110
27 120
27 200
27 118
27 128
27 168
27 16
27 106
27 104
163 165
163 68
163 99
163 67
163 55
163 15
163 203
163 190
163 84
163 13
163 198
163 44
163 109
163 87
163 78
163 113
163 196
163 1
163 136
163 138
163 212
163 152
163 19
163 135
163 39
163 147
163 217
163 26
163 173
163 6
163 24
163 36
163 117
163 95
163 45
163 151
163 124
163 174
163 214
163 111
163 176
163 104
137 37
137 99
137 149
137 67
137 175
137 210
137 107
137 88
137 203
137 89
137 44
137 140
137 30
137 159
137 77
137 34
137 138
137 23
137 147
137 92
137 56
137 131
137 22
137 24
137 95
137 73
137 151
137 59
137 200
137 126
137 142
137 111
137 168
137 176
137 201
177 37
177 130
177 170
177 112
177 21
177 193
177 88
177 0
177 84
177 13
177 198
177 140
177 30
177 109
177 159
177 164
177 116
177 138
177 103
177 5
177 147
177 123
177 9
177 61
177 121
177 173
177 74
177 169
177 10
177 144
177 100
177 24
177 36
177 192
177 110
177 118
177 111
177 199
177 181
177 91
177 104
37 130
37 165
37 112
37 175
37 189
37 55
37 89
37 13
37 12
37 52
37 34
37 164
37 129
37 78
37 196
37 195
37 1
37 138
37 103
37 212
37 19
37 135
37 147
37 42
37 217
37 9
37 14
37 10
37 60
37 24
37 36
37 180
37 95
37 192
37 73
37 151
37 114
37 59
37 142
37 199
37 181
37 106
130 170
130 165
130 68
130 210
130 55
130 88
130 50
130 203
130 190
130 40
130 12
130 44
130 159
130 164
130 206
130 133
130 78
130 108
130 113
130 1
130 136
130 103
130 212
130 152
130 19
130 28
130 42
130 9
130 122
130 61
130 48
130 92
130 173
130 14
130 56
130 204
130 169
130 144
130 100
130 188
130 36
130 114
130 59
130 110
130 214
130 118
130 69
130 168
130 54
130 35
130 104
170 68
170 149
170 67
170 189
170 15
170 219
170 193
170 190
170 182
170 41
170 159
170 133
170 195
170 1
170 4
170 103
170 152
170 148
170 217
170 83
170 121
170 48
170 92
170 173
170 204
170 60
170 162
170 36
170 117
170 95
170 45
170 82
170 151
170 124
170 200
170 174
170 214
170 126
170 69
170 199
170 176
170 171
170 91
170 104
165 20
165 68
165 149
165 216
165 67
165 49
165 51
165 190
165 0
165 84
165 41
165 133
165 113
165 143
165 23
165 212
165 152
165 19
165 153
165 135
165 217
165 26
165 131
165 204
165 60
165 100
165 188
165 180
165 73
165 98
165 110
165 214
165 201
165 104
20 68
20 218
20 49
20 107
20 109
20 77
20 116
20 129
20 206
20 195
20 143
20 136
20 153
20 8
20 122
20 61
20 213
20 48
20 92
20 173
20 6
20 75
20 22
20 100
20 24
20 162
20 45
20 124
20 59
20 174
20 118
20 111
20 171
20 35
68 99
68 149
68 189
68 49
68 21
68 13
68 12
68 182
68 41
68 164
68 94
68 133
68 87
68 113
68 143
68 136
68 4
68 103
68 212
68 147
68 42
68 83
68 123
68 9
68 65
68 179
68 121
68 56
68 75
68 22
68 169
68 188
68 162
68 180
68 98
68 114
68 59
68 120
68 214
68 126
68 118
68 176
68 35
68 91
99 189
99 88
99 190
99 34
99 129
99 206
99 133
99 78
99 143
99 138
99 103
99 212
99 153
99 62
99 39
99 147
99 8
99 9
99 92
99 131
99 22
99 10
99 161
99 100
99 85
99 162
99 117
99 192
99 73
99 98
99 200
99 174
99 214
99 142
99 199
99 201
149 216
149 49
149 21
149 219
149 193
149 13
149 12
149 52
149 159
149 94
149 108
149 113
149 136
149 19
149 148
149 153
149 135
149 48
149 14
149 56
149 204
149 24
149 73
149 98
149 126
149 142
149 111
149 54
149 106
149 104
216 175
216 55
216 193
216 51
216 40
216 13
216 12
216 198
216 30
216 94
216 116
216 129
216 133
216 78
216 194
216 103
216 212
216 135
216 28
216 147
216 8
216 6
216 74
216 85
216 36
216 180
216 82
216 174
216 214
216 126
216 111
216 171
67 218
67 210
67 21
67 55
67 107
67 193
67 0
67 89
67 12
67 140
67 109
67 94
67 206
67 133
67 195
67 143
67 152
67 83
67 65
67 48
67 173
67 14
67 75
67 169
67 10
67 60
67 24
67 45
67 110
67 174
67 118
67 91
67 104
112 175
112 218
112 0
112 205
112 89
112 198
112 44
112 140
112 109
112 206
112 196
112 143
112 1
112 103
112 152
112 19
112 147
112 81
112 48
112 131
112 161
112 45
112 120
112 174
112 201
175 218
175 210
175 21
175 15
175 193
175 88
175 50
175 203
175 44
175 52
175 159
175 133
175 113
175 143
175 136
175 138
175 194
175 4
175 153
175 217
175 48
175 92
175 131
175 144
175 117
175 180
175 82
175 98
175 59
175 214
175 168
175 104
218 21
218 190
218 202
218 13
218 44
218 182
218 140
218 52
218 159
218 164
218 78
218 23
218 212
218 28
218 42
218 8
218 123
218 122
218 179
218 173
218 56
218 74
218 10
218 161
218 100
218 188
218 36
218 95
218 192
218 151
218 98
218 124
218 214
218 35
218 91
218 16
218 104
189 210
189 51
189 50
189 0
189 84
189 13
189 182
189 140
189 41
189 34
189 164
189 116
189 129
189 108
189 195
189 138
189 4
189 103
189 148
189 147
189 83
189 26
189 179
189 92
189 14
189 10
189 161
189 85
189 117
189 82
189 98
189 114
189 200
189 199
189 168
189 91
189 106
210 21
210 55
210 219
210 88
210 40
210 30
210 77
210 34
210 164
210 129
210 206
210 133
210 143
210 136
210 23
210 103
210 212
210 135
210 39
210 42
210 9
210 65
210 26
210 81
210 179
210 48
210 92
210 56
210 75
210 74
210 114
210 124
210 214
210 128
210 69
210 168
210 54
210 91
49 21
49 219
49 88
49 51
49 0
49 202
49 205
49 89
49 140
49 52
49 116
49 206
49 1
49 136
49 194
49 103
49 153
49 28
49 42
49 8
49 123
49 9
49 122
49 61
49 92
49 131
49 75
49 74
49 169
49 100
49 45
49 174
49 214
49 126
49 201
49 16
21 88
21 51
21 203
21 190
21 0
21 202
21 84
21 12
21 140
21 159
21 77
21 94
21 113
21 5
21 83
21 122
21 26
21 61
21 179
21 213
21 14
21 6
21 131
21 74
21 144
21 60
21 100
21 24
21 162
21 180
21 200
21 126
21 142
21 168
21 54
21 16
55 15
55 190
55 89
55 41
55 94
55 116
55 129
55 133
55 138
55 4
55 23
55 153
55 5
55 147
55 83
55 26
55 213
55 92
55 75
55 10
55 60
55 188
55 162
55 36
55 117
55 82
55 73
55 110
55 120
55 118
55 111
55 54
55 201
55 171
55 35
55 91
55 104
107 202
107 89
107 12
107 44
107 140
107 41
107 34
107 94
107 116
107 87
107 78
107 195
107 135
107 5
107 39
107 42
107 83
107 9
107 65
107 61
107 48
107 6
107 75
107 161
107 162
107 117
107 192
107 82
107 142
107 128
107 69
107 199
107 176
15 193
15 190
15 13
15 159
15 206
15 196
15 195
15 136
15 138
15 212
15 148
15 153
15 62
15 5
15 42
15 81
15 61
15 204
15 188
15 162
15 180
15 95
15 73
15 124
15 214
15 69
15 111
15 168
15 201
15 171
15 35
15 16
219 193
219 50
219 190
219 0
219 84
219 30
219 41
219 159
219 34
219 206
219 136
219 194
219 103
219 19
219 148
219 135
219 39
219 42
219 217
219 9
219 122
219 81
219 61
219 179
219 48
219 56
219 144
219 180
219 45
219 73
219 124
219 59
219 174
219 214
219 168
219 201
219 91
193 205
193 89
193 40
193 12
193 44
193 182
193 41
193 206
193 133
193 87
193 78
193 108
193 113
193 143
193 1
193 194
193 4
193 23
193 19
193 28
193 147
193 75
193 60
193 85
193 117
193 95
193 73
193 98
193 142
193 69
193 111
193 171
88 51
88 190
88 0
88 205
88 44
88 140
88 52
88 109
88 77
88 78
88 103
88 9
88 26
88 121
88 92
88 14
88 204
88 24
88 85
88 162
88 180
88 45
88 82
88 73
88 151
88 98
88 114
88 200
88 199
88 176
88 171
51 203
51 198
51 140
51 52
51 41
51 159
51 116
51 206
51 78
51 194
51 4
51 19
51 148
51 28
51 217
51 8
51 123
51 81
51 61
51 213
51 48
51 131
51 161
51 100
51 151
51 174
51 214
51 176
51 35
51 16
50 0
50 13
50 52
50 41
50 77
50 34
50 164
50 108
50 143
50 103
50 19
50 135
50 65
50 179
50 48
50 14
50 22
50 169
50 10
50 144
50 24
50 36
50 117
50 95
50 73
50 151
50 124
50 214
50 126
50 118
50 104
203 0
203 89
203 182
203 140
203 109
203 34
203 116
203 129
203 136
203 194
203 152
203 153
203 135
203 147
203 217
203 83
203 122
203 81
203 179
203 213
203 48
203 92
203 75
203 144
203 161
203 60
203 85
203 162
203 36
203 124
203 142
203 199
203 176
203 54
203 201
203 171
203 181
203 16
203 106
190 30
190 41
190 159
190 164
190 116
190 87
190 196
190 195
190 143
190 1
190 138
190 152
190 62
190 122
190 81
190 92
190 6
190 75
190 204
190 60
190 162
190 180
190 192
190 73
190 59
190 214
190 142
190 176
190 181
190 91
190 16
190 104
0 205
0 182
0 140
0 52
0 109
0 77
0 34
0 133
0 113
0 196
0 195
0 1
0 212
0 148
0 5
0 83
0 122
0 213
0 48
0 14
0 74
0 169
0 10
0 24
0 82
0 151
0 200
0 142
0 128
0 69
0 16
0 106
202 84
202 89
202 13
202 198
202 182
202 140
202 41
202 109
202 206
202 133
202 196
202 143
202 1
202 136
202 135
202 147
202 213
202 48
202 14
202 6
202 74
202 169
202 144
202 100
202 180
202 95
202 151
202 124
202 120
202 126
202 128
202 91
84 40
84 13
84 44
84 182
84 140
84 41
84 34
84 116
84 87
84 78
84 108
84 196
84 143
84 136
84 138
84 4
84 23
84 153
84 62
84 147
84 217
84 8
84 83
84 65
84 179
84 213
84 48
84 92
84 56
84 6
84 22
84 24
84 180
84 73
84 114
84 59
84 110
84 128
84 176
84 91
84 106
84 104
205 13
205 52
205 159
205 116
205 87
205 108
205 138
205 212
205 19
205 62
205 5
205 39
205 122
205 81
205 121
205 131
205 169
205 10
205 161
205 100
205 24
205 180
205 45
205 73
205 151
205 98
205 114
205 110
205 120
205 176
205 35
205 106
89 77
89 34
89 129
89 4
89 19
89 148
89 153
89 62
89 5
89 147
89 213
89 48
89 92
89 173
89 75
89 74
89 169
89 85
89 36
89 151
89 124
89 110
89 200
89 142
89 69
89 111
89 176
89 54
89 106
40 13
40 182
40 52
40 41
40 159
40 206
40 108
40 19
40 153
40 62
40 147
40 8
40 123
40 81
40 61
40 179
40 121
40 213
40 173
40 56
40 131
40 22
40 161
40 180
40 45
40 73
40 114
40 124
40 110
40 120
40 126
40 128
40 201
40 171
40 35
40 91
40 16
13 12
13 198
13 116
13 129
13 108
13 113
13 196
13 143
13 1
13 138
13 4
13 23
13 103
13 28
13 42
13 8
13 61
13 121
13 173
13 22
13 204
13 180
13 45
13 151
13 59
13 174
13 128
13 69
13 111
13 199
13 176
13 54
13 35
13 104
12 182
12 109
12 116
12 133
12 1
12 62
12 122
12 61
12 213
12 6
12 131
12 74
12 161
12 24
12 36
12 45
12 114
12 120
12 126
12 128
12 111
12 54
12 91
12 106
198 140
198 52
198 159
198 94
198 116
198 129
198 113
198 195
198 138
198 4
198 103
198 212
198 42
198 123
198 179
198 92
198 6
198 22
198 169
198 144
198 60
198 162
198 95
198 192
198 73
198 98
198 114
198 110
198 126
198 118
198 69
198 54
44 182
44 140
44 109
44 77
44 94
44 129
44 133
44 87
44 108
44 138
44 212
44 152
44 19
44 39
44 217
44 123
44 65
44 26
44 92
44 6
44 74
44 204
44 100
44 24
44 36
44 192
44 82
44 151
44 114
44 120
44 126
44 142
44 168
44 176
44 54
44 35
44 104
182 94
182 116
182 108
182 136
182 194
182 103
182 152
182 83
182 9
182 122
182 65
182 26
182 81
182 61
182 121
182 92
182 131
182 75
182 144
182 161
182 60
182 45
182 98
182 124
182 59
182 110
182 174
182 199
182 171
182 16
182 104
140 30
140 164
140 129
140 136
140 138
140 194
140 212
140 152
140 19
140 148
140 153
140 8
140 9
140 65
140 56
140 22
140 204
140 169
140 144
140 85
140 192
140 118
140 35
140 16
52 206
52 78
52 143
52 138
52 19
52 148
52 62
52 135
52 28
52 39
52 147
52 61
52 100
52 24
52 117
52 124
52 110
52 120
52 118
52 54
52 181
52 35
52 91
52 16
52 106
52 104
30 34
30 164
30 94
30 129
30 195
30 136
30 194
30 103
30 153
30 28
30 123
30 9
30 65
30 26
30 61
30 213
30 48
30 75
30 74
30 161
30 188
30 85
30 36
30 95
30 192
30 151
30 98
30 114
30 69
30 199
30 35
30 91
30 16
30 104
41 159
41 116
41 133
41 196
41 143
41 23
41 135
41 147
41 8
41 83
41 123
41 81
41 121
41 173
41 131
41 100
41 117
41 45
41 82
41 151
41 120
41 214
41 199
41 176
41 201
41 181
41 16
41 106
109 34
109 116
109 129
109 133
109 195
109 136
109 103
109 148
109 217
109 26
109 81
109 92
109 10
109 85
109 36
109 192
109 114
109 124
109 110
109 120
109 200
109 214
109 54
109 35
109 91
159 77
159 164
159 94
159 129
159 108
159 196
159 195
159 143
159 194
159 4
159 103
159 212
159 153
159 62
159 5
159 39
159 123
159 122
159 121
159 14
159 74
159 204
159 10
159 100
159 24
159 82
159 110
159 142
159 199
159 16
159 106
77 94
77 129
77 108
77 113
77 194
77 212
77 152
77 19
77 148
77 39
77 147
77 42
77 83
77 213
77 56
77 169
77 144
77 85
77 162
77 95
77 192
77 45
77 82
77 151
77 98
77 118
77 176
77 171
77 91
77 106
34 133
34 78
34 143
34 194
34 212
34 19
34 148
34 153
34 62
34 28
34 5
34 39
34 123
34 65
34 121
34 14
34 56
34 6
34 74
34 169
34 10
34 60
34 100
34 24
34 85
34 114
34 59
34 120
34 200
34 142
34 69
34 199
34 54
34 201
34 181
34 35
34 91
164 129
164 1
164 103
164 135
164 42
164 217
164 83
164 123
164 122
164 14
164 6
164 75
164 22
164 169
164 144
164 161
164 60
164 24
164 85
164 95
164 82
164 110
164 214
164 69
164 176
164 54
164 171
164 181
164 106
94 113
94 195
94 143
94 103
94 212
94 28
94 39
94 8
94 9
94 61
94 213
94 92
94 173
94 22
94 74
94 188
94 24
94 85
94 36
94 45
94 110
94 214
94 142
94 168
94 16
116 133
116 108
116 113
116 196
116 143
116 136
116 138
116 4
116 23
116 212
116 153
116 62
116 28
116 42
116 8
116 123
116 9
116 121
116 92
116 6
116 74
116 161
116 36
116 192
116 73
116 114
116 174
116 199
116 176
116 54
116 35
129 133
129 78
129 194
129 4
129 212
129 19
129 148
129 135
129 147
129 123
129 81
129 179
129 213
129 48
129 56
129 131
129 144
129 36
129 73
129 124
129 59
129 174
129 142
129 171
129 104
206 133
206 136
206 194
206 153
206 26
206 213
206 173
206 169
206 161
206 180
206 45
206 124
206 200
206 174
206 126
206 128
206 168
206 54
206 201
206 104
133 87
133 143
133 4
133 212
133 147
133 217
133 123
133 9
133 121
133 213
133 92
133 14
133 22
133 161
133 100
133 24
133 180
133 192
133 73
133 59
133 120
133 200
133 142
133 201
87 78
87 196
87 195
87 136
87 152
87 148
87 62
87 42
87 83
87 179
87 56
87 6
87 131
87 100
87 24
87 85
87 162
87 151
87 114
87 124
87 110
87 200
87 142
87 128
87 111
87 201
87 171
87 181
87 104
78 108
78 194
78 103
78 148
78 28
78 5
78 147
78 9
78 48
78 56
78 75
78 22
78 74
78 161
78 60
78 24
78 95
78 82
78 73
78 151
78 59
78 126
78 69
78 199
78 168
78 201
78 181
78 16
78 106
108 195
108 136
108 138
108 194
108 212
108 152
108 148
108 62
108 5
108 83
108 123
108 65
108 81
108 179
108 213
108 48
108 14
108 56
108 73
108 59
108 200
108 142
108 118
108 199
108 181
108 91
108 16
108 106
113 195
113 212
113 148
113 39
113 83
113 123
113 100
113 95
113 45
113 98
113 110
113 120
113 200
113 128
113 168
113 176
113 181
113 16
113 106
113 104
196 143
196 28
196 5
196 39
196 42
196 217
196 8
196 83
196 123
196 26
196 81
196 121
196 14
196 161
196 188
196 45
196 124
196 128
196 176
196 54
196 171
196 181
195 1
195 103
195 19
195 39
195 147
195 8
195 123
195 26
195 81
195 179
195 213
195 56
195 6
195 22
195 161
195 85
195 45
195 98
195 59
195 126
195 142
195 128
195 111
195 199
195 176
195 35
195 106
143 1
143 19
143 28
143 65
143 81
143 14
143 56
143 188
143 24
143 117
143 114
143 124
143 120
143 200
143 174
143 214
143 69
143 111
143 168
143 104
1 103
1 212
1 153
1 62
1 135
1 28
1 39
1 42
1 217
1 83
1 122
1 65
1 81
1 48
1 131
1 22
1 188
1 117
1 180
1 95
1 192
1 151
1 110
1 120
1 200
1 126
1 142
1 54
1 181
1 16
1 106
136 138
136 148
136 62
136 5
136 42
136 217
136 8
136 9
136 179
136 92
136 173
136 56
136 6
136 131
136 22
136 74
136 204
136 169
136 100
136 85
136 59
136 200
136 142
136 118
136 128
136 168
136 171
136 181
138 23
138 103
138 152
138 42
138 123
138 9
138 81
138 121
138 92
138 56
138 131
138 204
138 10
138 100
138 85
138 117
138 192
138 114
138 174
138 126
138 142
138 176
138 35
138 106
194 212
194 19
194 8
194 61
194 179
194 6
194 131
194 161
194 85
194 36
194 180
194 110
194 214
194 142
194 111
194 91
194 104
4 23
4 212
4 152
4 28
4 147
4 217
4 83
4 123
4 122
4 65
4 81
4 179
4 121
4 56
4 144
4 60
4 24
4 174
4 214
4 128
4 104
23 39
23 147
23 42
23 217
23 123
23 61
23 121
23 74
23 144
23 188
23 85
23 162
23 36
23 151
23 98
23 114
23 124
23 200
23 214
23 118
23 128
23 201
23 181
23 91
23 106
103 152
103 28
103 39
103 9
103 65
103 81
103 61
103 121
103 213
103 56
103 10
103 188
103 36
103 117
103 180
103 45
103 114
103 124
103 200
103 142
103 168
103 201
212 152
212 19
212 135
212 42
212 83
212 123
212 61
212 121
212 56
212 6
212 204
212 161
212 95
212 192
212 73
212 98
212 120
212 111
212 168
212 54
212 16
212 106
152 135
152 28
152 147
152 42
152 123
152 26
152 213
152 14
152 56
152 180
152 73
152 98
152 200
152 174
152 142
152 168
152 181
152 91
152 104
19 39
19 42
19 8
19 83
19 26
19 81
19 121
19 92
19 173
19 6
19 169
19 10
19 60
19 100
19 162
19 117
19 199
19 176
19 181
19 91
19 104
148 153
148 62
148 39
148 83
148 9
148 65
148 26
148 48
148 173
148 14
148 75
148 204
148 161
148 60
148 85
148 95
148 82
148 73
148 120
148 200
148 214
148 199
148 201
148 181
148 35
148 91
148 16
148 104
153 39
153 26
153 61
153 92
153 14
153 144
153 161
153 45
153 73
153 120
153 174
153 69
153 106
62 42
62 8
62 83
62 123
62 81
62 48
62 131
62 10
62 60
62 162
62 82
62 114
62 124
62 120
62 200
62 126
62 168
62 181
62 35
135 5
135 147
135 123
135 9
135 81
135 61
135 213
135 56
135 74
135 144
135 100
135 24
135 162
135 45
135 120
135 200
135 214
135 126
135 181
135 106
135 104
28 217
28 83
28 123
28 121
28 213
28 92
28 131
28 204
28 60
28 188
28 85
28 117
28 95
28 192
28 82
28 98
28 59
28 126
28 142
28 111
28 171
5 217
5 9
5 213
5 173
5 204
5 60
5 24
5 180
5 73
5 98
5 118
5 199
5 176
5 171
5 35
5 16
5 106
39 8
39 123
39 122
39 61
39 121
39 213
39 48
39 6
39 131
39 169
39 162
39 36
39 192
39 151
39 124
39 110
39 111
39 106
147 217
147 8
147 122
147 179
147 92
147 14
147 6
147 22
147 169
147 10
147 144
147 60
147 162
147 82
147 124
147 110
147 69
147 111
147 201
147 16
42 65
42 81
42 56
42 131
42 75
42 204
42 161
42 24
42 162
42 95
42 82
42 151
42 98
42 174
42 142
42 69
217 83
217 9
217 92
217 56
217 6
217 74
217 204
217 10
217 117
217 180
217 95
217 200
217 199
217 176
217 201
217 171
217 181
217 91
8 83
8 9
8 92
8 173
8 56
8 74
8 169
8 36
8 45
8 73
8 114
8 59
8 110
8 142
8 104
83 123
83 122
83 65
83 56
83 144
83 100
83 162
83 180
83 98
83 124
83 110
83 200
83 174
83 126
83 128
83 168
83 201
83 181
83 35
83 91
123 9
123 122
123 65
123 213
123 48
123 92
123 173
123 14
123 56
123 22
123 144
123 151
123 98
123 120
123 128
123 35
9 48
9 92
9 131
9 169
9 10
9 188
9 85
9 117
9 192
9 126
9 69
9 35
122 65
122 213
122 56
122 131
122 75
122 10
122 82
122 151
122 199
122 201
122 171
122 91
122 16
122 104
65 81
65 121
65 56
65 161
65 24
65 36
65 180
65 151
65 98
65 200
65 174
65 69
65 111
65 176
65 54
65 104
26 81
26 121
26 48
26 6
26 22
26 169
26 10
26 60
26 100
26 85
26 162
26 36
26 192
26 45
26 82
26 151
26 200
26 174
26 214
26 128
26 54
26 171
26 35
81 61
81 121
81 48
81 173
81 6
81 74
81 10
81 144
81 161
81 180
81 151
81 200
81 174
81 214
81 168
81 181
81 35
61 121
61 213
61 14
61 75
61 22
61 10
61 188
61 36
61 117
61 95
61 192
61 120
61 168
61 181
61 35
61 16
61 106
179 213
179 92
179 74
179 10
179 100
179 24
179 180
179 192
179 114
179 214
179 91
179 106
121 173
121 14
121 6
121 131
121 169
121 10
121 144
121 161
121 24
121 85
121 180
121 192
121 45
121 174
121 214
121 199
121 201
121 181
121 106
121 104
213 48
213 131
213 22
213 161
213 100
213 162
213 95
213 110
213 118
213 199
213 54
213 106
48 14
48 6
48 75
48 74
48 204
48 144
48 161
48 24
48 85
48 162
48 95
48 192
48 114
48 110
48 214
48 118
48 111
48 54
48 181
48 16
92 173
92 131
92 75
92 10
92 36
92 82
92 98
92 174
92 69
92 111
92 199
92 168
92 176
92 181
92 16
92 106
173 14
173 56
173 22
173 169
173 144
173 188
173 36
173 95
173 192
173 59
173 110
173 120
173 174
173 214
173 126
173 118
173 128
173 201
173 35
173 91
173 106
14 22
14 204
14 169
14 144
14 100
14 24
14 151
14 128
14 111
14 199
14 54
14 201
14 35
56 75
56 10
56 60
56 162
56 45
56 73
56 151
56 114
56 200
56 142
56 69
56 91
6 100
6 36
6 95
6 192
6 45
6 120
6 200
6 174
6 214
6 126
6 142
6 128
6 176
6 201
131 144
131 24
131 162
131 45
131 82
131 73
131 120
131 200
131 214
131 142
131 69
131 91
131 106
131 104
75 22
75 188
75 36
75 95
75 82
75 98
75 114
75 174
75 214
75 142
75 128
75 111
75 201
75 35
75 91
22 204
22 10
22 144
22 180
22 59
22 200
22 142
22 118
22 128
22 168
22 176
22 181
22 35
22 91
22 106
74 10
74 100
74 180
74 114
74 124
74 120
74 126
74 128
74 111
74 199
74 176
74 54
74 181
74 104
204 85
204 192
204 151
204 128
204 171
169 161
169 162
169 82
169 124
169 142
169 128
169 69
169 111
169 168
169 16
10 60
10 180
10 95
10 59
10 120
10 200
10 174
10 214
10 142
10 69
10 176
10 171
10 35
10 91
144 161
144 60
144 100
144 162
144 110
144 174
144 128
144 35
144 106
161 188
161 180
161 95
161 124
161 59
161 174
161 142
161 128
161 69
161 176
161 201
161 91
60 24
60 117
60 180
60 95
60 192
60 45
60 73
60 124
60 110
60 120
60 214
60 126
60 201
60 181
60 35
100 24
100 85
100 180
100 95
100 98
100 59
100 214
100 126
100 142
100 128
100 111
100 168
100 176
100 16
100 106
188 24
188 192
188 151
188 59
188 126
188 118
188 69
188 199
188 168
24 82
24 151
24 59
24 110
24 120
24 174
24 69
24 199
24 54
24 201
24 104
85 192
85 73
85 151
85 114
85 174
85 214
85 126
85 69
85 199
85 171
85 106
162 117
162 95
162 45
162 82
162 98
162 124
162 110
162 174
162 126
162 69
162 111
162 176
162 171
162 181
162 104
36 117
36 180
36 95
36 82
36 124
36 214
36 126
36 128
36 69
36 199
36 181
36 16
117 192
117 73
117 114
117 91
180 95
180 82
180 174
180 126
180 168
180 171
180 16
95 114
95 142
95 118
95 128
95 69
95 35
95 91
192 82
192 59
192 120
192 69
192 168
192 176
192 54
45 59
45 110
45 200
45 126
45 69
45 54
45 181
82 200
82 214
82 118
82 168
82 176
82 201
82 181
82 91
82 16
73 151
73 98
73 124
73 59
73 120
73 200
73 118
73 69
73 199
73 168
73 201
73 106
151 114
151 124
151 110
151 214
151 181
151 35
151 91
151 104
98 118
98 91
98 16
114 200
114 118
114 54
114 201
114 171
114 181
114 106
124 59
124 126
124 111
124 16
59 110
59 118
59 54
110 174
110 214
110 171
110 181
110 35
110 91
110 104
120 126
120 128
120 69
120 168
200 128
200 168
200 176
200 201
200 181
200 91
174 128
174 199
174 176
174 181
174 91
174 106
214 128
214 201
214 104
126 142
126 111
126 199
126 176
126 104
142 69
142 111
142 168
142 106
142 104
118 168
118 171
118 35
118 16
118 104
128 168
128 91
69 168
69 176
69 201
69 91
111 176
111 181
111 35
199 35
199 91
168 176
168 106
176 54
176 16
54 171
54 16
201 181
201 16
201 104
171 35
171 16
171 106
181 91
35 91
91 16
91 106
