*verties 204
157
175
11
84
167
93
60
13
117
108
209
89
120
21
81
86
55
19
188
186
170
39
200
199
64
77
47
90
76
66
57
124
75
142
182
146
5
80
92
126
127
82
144
0
20
202
192
217
33
204
85
56
65
171
160
74
123
166
50
169
129
147
32
8
143
41
174
61
106
59
211
101
159
44
148
193
100
52
158
121
102
112
190
212
71
162
178
138
37
45
1
133
96
99
23
150
189
122
27
25
173
22
88
87
208
94
125
140
69
70
214
58
72
3
10
164
176
177
35
131
119
109
31
43
149
163
132
49
111
213
135
2
104
203
107
7
201
68
48
134
15
40
16
187
184
54
156
83
4
210
46
97
29
139
95
53
14
206
34
152
183
128
115
179
38
218
136
17
195
185
28
67
161
9
18
205
36
98
91
168
181
216
51
24
30
215
172
42
137
196
79
155
105
194
114
153
130
110
118
207
197
145
6
141
*edges 
157 117
157 81
157 55
157 66
157 0
157 217
157 33
157 204
157 65
157 171
157 123
157 169
157 211
157 159
157 212
157 37
157 23
157 189
157 22
157 140
157 164
157 177
157 109
157 149
157 135
157 203
157 107
157 68
157 16
157 54
157 46
157 183
157 128
157 179
157 136
157 9
157 172
157 42
157 196
157 155
157 145
157 141
175 108
175 86
175 90
175 57
175 75
175 182
175 144
175 171
175 74
175 106
175 193
175 52
175 112
175 1
175 96
175 150
175 122
175 173
175 140
175 72
175 10
175 31
175 201
175 68
175 48
175 54
175 4
175 95
175 53
175 34
175 115
175 17
175 185
175 161
175 205
175 155
175 153
175 130
175 145
11 84
11 60
11 13
11 117
11 209
11 89
11 39
11 77
11 90
11 75
11 5
11 127
11 192
11 204
11 85
11 65
11 50
11 41
11 61
11 101
11 148
11 193
11 190
11 138
11 189
11 94
11 69
11 214
11 72
11 3
11 164
11 177
11 149
11 132
11 49
11 111
11 187
11 4
11 97
11 95
11 53
11 28
11 18
11 205
11 36
11 42
11 153
11 145
11 141
84 13
84 108
84 90
84 124
84 127
84 202
84 192
84 217
84 85
84 74
84 129
84 8
84 61
84 59
84 159
84 148
84 121
84 102
84 37
84 1
84 87
84 125
84 176
84 35
84 109
84 104
84 54
84 83
84 46
84 14
84 152
84 179
84 136
84 18
84 205
84 91
84 216
84 30
84 172
84 105
84 110
84 141
167 209
167 120
167 21
167 81
167 19
167 75
167 142
167 5
167 80
167 192
167 204
167 65
167 129
167 32
167 100
167 102
167 162
167 25
167 22
167 87
167 94
167 140
167 35
167 119
167 43
167 213
167 201
167 134
167 16
167 83
167 53
167 115
167 17
167 185
167 205
167 98
167 168
167 216
167 51
167 24
167 153
167 110
167 6
93 60
93 89
93 120
93 81
93 64
93 90
93 76
93 57
93 20
93 56
93 160
93 129
93 193
93 212
93 37
93 45
93 96
93 173
93 88
93 125
93 70
93 3
93 10
93 35
93 119
93 109
93 43
93 163
93 7
93 83
93 152
93 17
93 185
93 168
93 141
60 13
60 90
60 92
60 82
60 144
60 56
60 171
60 169
60 129
60 106
60 59
60 101
60 44
60 148
60 100
60 52
60 102
60 112
60 190
60 178
60 45
60 173
60 88
60 94
60 214
60 58
60 10
60 176
60 131
60 43
60 149
60 111
60 48
60 97
60 95
60 53
60 34
60 183
60 115
60 38
60 98
60 168
60 215
60 79
60 155
60 130
60 110
60 197
13 117
13 108
13 19
13 199
13 90
13 5
13 80
13 202
13 56
13 61
13 59
13 212
13 162
13 133
13 96
13 150
13 122
13 25
13 87
13 208
13 69
13 214
13 35
13 163
13 2
13 48
13 184
13 4
13 46
13 29
13 95
13 206
13 179
13 218
13 91
13 79
13 105
117 89
117 21
117 77
117 146
117 126
117 65
117 166
117 8
117 143
117 59
117 101
117 1
117 25
117 87
117 72
117 109
117 111
117 2
117 68
117 187
117 184
117 156
117 14
117 179
117 9
117 205
117 36
117 215
117 137
117 196
117 114
117 207
117 141
108 19
108 66
108 57
108 146
108 92
108 20
108 123
108 166
108 169
108 52
108 121
108 112
108 162
108 96
108 189
108 27
108 94
108 70
108 35
108 131
108 135
108 184
108 54
108 95
108 128
108 185
108 216
108 24
108 196
108 105
108 207
108 145
108 6
209 170
209 47
209 66
209 146
209 126
209 171
209 41
209 174
209 159
209 44
209 193
209 52
209 121
209 71
209 178
209 138
209 96
209 122
209 25
209 88
209 214
209 58
209 164
209 131
209 163
209 104
209 134
209 187
209 53
209 206
209 34
209 183
209 38
209 185
209 18
209 205
209 216
209 194
209 6
89 21
89 186
89 39
89 77
89 47
89 57
89 92
89 126
89 144
89 20
89 202
89 204
89 74
89 123
89 147
89 8
89 41
89 59
89 159
89 193
89 52
89 45
89 1
89 140
89 72
89 176
89 163
89 132
89 49
89 213
89 48
89 134
89 40
89 184
89 83
89 95
89 14
89 206
89 115
89 38
89 195
89 161
89 216
89 51
89 79
89 105
89 118
89 6
120 19
120 170
120 77
120 90
120 57
120 75
120 80
120 160
120 61
120 211
120 101
120 148
120 100
120 52
120 138
120 37
120 96
120 122
120 70
120 164
120 111
120 213
120 135
120 2
120 104
120 48
120 83
120 4
120 46
120 14
120 152
120 183
120 115
120 179
120 136
120 161
120 18
120 205
120 30
120 79
120 155
120 145
21 39
21 64
21 57
21 124
21 5
21 126
21 20
21 192
21 204
21 123
21 50
21 101
21 44
21 121
21 112
21 212
21 178
21 1
21 133
21 94
21 140
21 70
21 119
21 43
21 132
21 104
21 201
21 68
21 83
21 29
21 14
21 152
21 38
21 136
21 161
21 9
21 18
21 168
21 24
21 172
21 79
81 55
81 19
81 200
81 199
81 77
81 47
81 90
81 57
81 124
81 126
81 144
81 123
81 50
81 129
81 174
81 59
81 211
81 44
81 112
81 190
81 1
81 23
81 87
81 69
81 72
81 10
81 109
81 31
81 43
81 49
81 135
81 203
81 54
81 29
81 152
81 128
81 161
81 168
81 114
81 153
81 130
81 197
81 141
86 19
86 188
86 186
86 170
86 90
86 76
86 124
86 142
86 182
86 146
86 80
86 82
86 0
86 20
86 85
86 8
86 41
86 193
86 158
86 212
86 178
86 23
86 189
86 22
86 94
86 140
86 69
86 176
86 43
86 7
86 40
86 152
86 183
86 17
86 9
86 205
86 98
86 181
86 215
86 196
86 194
86 114
55 170
55 199
55 90
55 5
55 80
55 20
55 217
55 85
55 171
55 74
55 169
55 143
55 59
55 52
55 158
55 102
55 133
55 99
55 189
55 122
55 27
55 88
55 140
55 70
55 177
55 35
55 131
55 109
55 31
55 132
55 68
55 40
55 156
55 83
55 29
55 95
55 128
55 179
55 17
55 205
55 91
55 30
55 105
55 207
55 197
19 188
19 186
19 90
19 182
19 85
19 56
19 74
19 123
19 166
19 159
19 121
19 190
19 45
19 99
19 88
19 214
19 163
19 132
19 213
19 104
19 15
19 184
19 210
19 195
19 28
19 91
19 168
19 51
19 172
19 79
19 118
188 170
188 47
188 90
188 80
188 127
188 82
188 20
188 217
188 166
188 129
188 32
188 143
188 41
188 101
188 100
188 102
188 138
188 96
188 150
188 189
188 27
188 125
188 70
188 3
188 164
188 176
188 31
188 43
188 163
188 111
188 213
188 135
188 184
188 97
188 53
188 14
188 206
188 152
188 183
188 128
188 28
188 181
188 137
188 79
188 105
188 114
188 130
186 199
186 77
186 142
186 144
186 123
186 41
186 148
186 100
186 71
186 189
186 25
186 87
186 208
186 214
186 3
186 176
186 131
186 111
186 68
186 134
186 40
186 184
186 156
186 210
186 95
186 218
186 17
186 216
186 24
186 30
186 172
186 79
186 155
186 114
186 207
170 39
170 199
170 47
170 90
170 66
170 124
170 75
170 80
170 127
170 33
170 65
170 74
170 129
170 32
170 61
170 44
170 100
170 102
170 190
170 162
170 189
170 122
170 140
170 69
170 31
170 43
170 7
170 187
170 54
170 139
170 34
170 152
170 115
170 161
170 36
170 98
170 30
170 215
170 155
170 153
39 124
39 142
39 202
39 217
39 50
39 147
39 211
39 52
39 71
39 1
39 99
39 23
39 22
39 87
39 94
39 125
39 140
39 3
39 177
39 35
39 131
39 31
39 163
39 132
39 104
39 16
39 54
39 156
39 83
39 46
39 152
39 179
39 17
39 28
39 36
39 196
39 114
200 75
200 146
200 80
200 82
200 144
200 0
200 202
200 85
200 160
200 74
200 123
200 159
200 190
200 178
200 99
200 23
200 69
200 214
200 58
200 3
200 10
200 164
200 135
200 2
200 107
200 7
200 68
200 48
200 40
200 184
200 4
200 46
200 53
200 128
200 115
200 38
200 98
200 91
200 168
200 30
200 130
200 207
199 90
199 124
199 92
199 127
199 0
199 171
199 74
199 50
199 8
199 52
199 102
199 112
199 71
199 138
199 122
199 173
199 72
199 3
199 177
199 49
199 213
199 135
199 2
199 104
199 201
199 40
199 4
199 97
199 53
199 206
199 36
199 168
199 51
199 24
199 215
199 79
199 207
199 197
64 5
64 80
64 126
64 202
64 192
64 33
64 65
64 171
64 8
64 41
64 211
64 101
64 138
64 150
64 189
64 122
64 109
64 163
64 132
64 213
64 68
64 156
64 206
64 115
64 179
64 195
64 18
64 98
64 51
64 30
64 42
64 105
64 207
64 197
64 6
77 47
77 90
77 66
77 146
77 80
77 127
77 0
77 56
77 123
77 166
77 50
77 129
77 100
77 52
77 121
77 112
77 212
77 37
77 122
77 25
77 94
77 70
77 131
77 109
77 163
77 49
77 203
77 107
77 48
77 184
77 115
77 179
77 218
77 185
77 9
77 91
77 216
77 215
77 137
77 196
77 155
77 110
77 145
47 57
47 124
47 126
47 82
47 0
47 171
47 160
47 74
47 169
47 147
47 143
47 121
47 102
47 45
47 133
47 150
47 122
47 173
47 88
47 135
47 104
47 203
47 68
47 15
47 184
47 54
47 46
47 14
47 34
47 17
47 185
47 67
47 161
47 51
47 215
47 105
47 194
47 141
90 182
90 5
90 56
90 65
90 171
90 74
90 50
90 169
90 147
90 143
90 41
90 101
90 100
90 1
90 122
90 25
90 87
90 125
90 164
90 131
90 31
90 49
90 15
90 156
90 4
90 29
90 183
90 128
90 98
90 30
90 196
90 118
90 197
76 57
76 124
76 85
76 160
76 32
76 193
76 121
76 212
76 71
76 1
76 133
76 23
76 122
76 25
76 173
76 208
76 125
76 177
76 119
76 49
76 213
76 203
76 134
76 187
76 83
76 210
76 46
76 97
76 183
76 128
76 179
76 218
76 136
76 161
76 91
76 30
76 79
76 155
76 114
66 75
66 142
66 171
66 50
66 147
66 61
66 106
66 211
66 101
66 148
66 158
66 71
66 1
66 96
66 27
66 87
66 58
66 43
66 53
66 195
66 9
66 36
66 181
66 30
66 194
66 114
66 145
66 6
57 142
57 20
57 56
57 166
57 147
57 61
57 159
57 112
57 162
57 150
57 173
57 140
57 58
57 10
57 119
57 43
57 49
57 213
57 2
57 203
57 7
57 187
57 184
57 54
57 83
57 4
57 34
57 179
57 181
57 137
57 110
57 197
57 145
124 80
124 192
124 169
124 32
124 143
124 211
124 101
124 112
124 190
124 37
124 189
124 25
124 22
124 125
124 3
124 10
124 164
124 104
124 203
124 40
124 95
124 206
124 34
124 185
124 67
124 18
124 205
124 36
124 98
124 216
124 24
124 172
124 42
124 194
124 114
75 146
75 5
75 126
75 144
75 166
75 169
75 32
75 41
75 174
75 59
75 211
75 101
75 52
75 121
75 112
75 190
75 71
75 133
75 69
75 214
75 10
75 31
75 213
75 2
75 201
75 187
75 184
75 210
75 14
75 206
75 152
75 179
75 38
75 17
75 195
75 67
75 36
75 181
75 110
75 118
142 80
142 33
142 171
142 123
142 61
142 211
142 101
142 100
142 45
142 1
142 22
142 69
142 214
142 58
142 3
142 176
142 109
142 149
142 163
142 213
142 135
142 2
142 203
142 7
142 48
142 83
142 210
142 29
142 152
142 128
142 38
142 218
142 36
142 51
142 145
182 5
182 166
182 61
182 59
182 44
182 148
182 112
182 212
182 162
182 37
182 23
182 150
182 189
182 27
182 25
182 70
182 72
182 3
182 164
182 176
182 132
182 111
182 213
182 15
182 16
182 97
182 206
182 179
182 185
182 9
182 168
182 172
182 155
182 194
182 130
182 110
182 197
182 6
146 204
146 169
146 8
146 143
146 41
146 106
146 159
146 100
146 112
146 71
146 87
146 125
146 70
146 10
146 176
146 177
146 111
146 7
146 97
146 29
146 206
146 34
146 152
146 67
146 9
146 18
146 205
146 215
146 42
146 105
146 153
146 207
146 145
5 92
5 144
5 0
5 171
5 74
5 123
5 50
5 129
5 32
5 106
5 59
5 211
5 52
5 178
5 27
5 140
5 214
5 3
5 164
5 131
5 49
5 53
5 115
5 38
5 218
5 17
5 28
5 161
5 18
5 91
5 168
5 24
5 30
5 172
5 196
5 79
5 155
5 194
5 130
5 110
5 207
80 92
80 127
80 82
80 144
80 85
80 171
80 160
80 74
80 123
80 211
80 101
80 44
80 193
80 52
80 190
80 162
80 37
80 99
80 23
80 25
80 173
80 22
80 87
80 208
80 125
80 140
80 58
80 3
80 164
80 177
80 163
80 132
80 104
80 134
80 156
80 210
80 34
80 152
80 38
80 195
80 28
80 215
80 42
80 105
80 114
80 6
92 127
92 82
92 20
92 202
92 192
92 33
92 169
92 129
92 8
92 174
92 61
92 159
92 193
92 102
92 162
92 138
92 37
92 69
92 176
92 163
92 213
92 2
92 7
92 16
92 218
92 17
92 9
92 36
92 216
92 110
92 141
126 144
126 192
126 123
126 143
126 41
126 174
126 101
126 44
126 52
126 102
126 178
126 45
126 1
126 22
126 140
126 58
126 109
126 31
126 43
126 107
126 4
126 97
126 183
126 38
126 17
126 18
126 98
126 181
126 196
126 155
126 110
126 207
126 141
127 144
127 20
127 192
127 65
127 160
127 166
127 50
127 61
127 59
127 44
127 52
127 158
127 71
127 138
127 189
127 173
127 22
127 87
127 140
127 69
127 164
127 43
127 111
127 213
127 68
127 156
127 206
127 38
127 195
127 185
127 28
127 51
127 196
127 79
127 207
127 145
127 141
82 144
82 0
82 166
82 44
82 100
82 52
82 158
82 190
82 71
82 37
82 45
82 23
82 25
82 22
82 94
82 69
82 72
82 176
82 35
82 68
82 15
82 40
82 184
82 156
82 83
82 53
82 179
82 136
82 17
82 161
82 98
82 51
82 215
82 172
82 114
82 153
82 197
82 145
82 141
144 202
144 74
144 166
144 32
144 100
144 158
144 121
144 178
144 208
144 125
144 10
144 176
144 109
144 43
144 149
144 16
144 46
144 29
144 179
144 9
144 205
144 98
144 216
144 215
144 196
144 130
144 118
144 207
144 145
0 217
0 169
0 32
0 8
0 143
0 59
0 211
0 159
0 52
0 138
0 45
0 133
0 96
0 23
0 27
0 22
0 208
0 10
0 109
0 132
0 107
0 184
0 97
0 206
0 115
0 195
0 9
0 181
0 51
0 215
0 194
20 217
20 160
20 147
20 143
20 41
20 174
20 61
20 59
20 101
20 148
20 158
20 25
20 22
20 88
20 72
20 164
20 35
20 109
20 43
20 163
20 135
20 107
20 7
20 201
20 16
20 184
20 4
20 46
20 97
20 95
20 38
20 185
20 98
20 91
20 194
20 153
20 145
20 141
202 217
202 204
202 171
202 74
202 123
202 50
202 129
202 101
202 52
202 121
202 162
202 96
202 87
202 125
202 70
202 72
202 31
202 203
202 107
202 83
202 210
202 46
202 95
202 185
202 28
202 36
202 181
202 216
202 137
202 153
202 207
202 197
192 50
192 169
192 106
192 102
192 178
192 1
192 133
192 25
192 88
192 87
192 125
192 69
192 214
192 177
192 35
192 109
192 49
192 7
192 48
192 16
192 139
192 53
192 195
192 18
192 168
192 51
192 155
192 118
192 6
192 141
217 33
217 166
217 147
217 32
217 143
217 59
217 211
217 44
217 100
217 23
217 122
217 27
217 173
217 22
217 208
217 125
217 214
217 10
217 35
217 149
217 132
217 213
217 210
217 97
217 179
217 218
217 17
217 161
217 98
217 30
217 42
217 130
217 110
217 207
217 145
33 65
33 171
33 74
33 166
33 106
33 101
33 158
33 133
33 189
33 214
33 58
33 72
33 43
33 49
33 111
33 213
33 135
33 107
33 7
33 16
33 54
33 195
33 28
33 98
33 181
33 130
33 207
204 123
204 129
204 41
204 106
204 148
204 190
204 138
204 45
204 150
204 125
204 140
204 72
204 49
204 111
204 213
204 104
204 203
204 4
204 46
204 139
204 95
204 183
204 218
204 67
204 18
204 205
204 98
204 91
204 51
204 42
204 196
204 114
204 153
204 130
85 74
85 129
85 147
85 61
85 44
85 148
85 158
85 162
85 138
85 37
85 1
85 88
85 87
85 72
85 10
85 176
85 149
85 111
85 135
85 7
85 40
85 156
85 83
85 97
85 139
85 95
85 14
85 206
85 183
85 38
85 136
85 17
85 67
85 9
85 205
85 36
85 172
85 137
85 114
85 153
85 197
56 171
56 160
56 123
56 166
56 169
56 174
56 1
56 96
56 23
56 150
56 87
56 140
56 214
56 31
56 132
56 135
56 104
56 203
56 134
56 40
56 184
56 29
56 206
56 128
56 218
56 91
56 181
56 216
56 30
56 153
56 130
65 123
65 166
65 169
65 147
65 174
65 101
65 148
65 133
65 22
65 70
65 214
65 119
65 49
65 2
65 203
65 15
65 40
65 184
65 210
65 179
65 218
65 185
65 28
65 67
65 24
65 137
65 153
65 118
65 141
171 74
171 32
171 174
171 61
171 59
171 121
171 150
171 122
171 27
171 94
171 125
171 140
171 58
171 35
171 31
171 213
171 135
171 104
171 97
171 14
171 206
171 115
171 38
171 17
171 161
171 181
171 51
171 42
171 196
171 79
171 194
171 207
160 123
160 193
160 100
160 52
160 102
160 45
160 133
160 70
160 214
160 58
160 164
160 176
160 163
160 132
160 2
160 134
160 15
160 156
160 29
160 14
160 17
160 9
160 181
160 51
160 24
160 42
160 137
160 79
160 197
160 6
74 143
74 61
74 59
74 178
74 1
74 133
74 96
74 208
74 125
74 72
74 176
74 31
74 135
74 134
74 40
74 16
74 4
74 97
74 38
74 17
74 9
74 216
74 137
74 79
74 105
74 194
123 129
123 147
123 41
123 159
123 52
123 190
123 138
123 23
123 173
123 88
123 94
123 164
123 35
123 131
123 43
123 149
123 49
123 111
123 213
123 135
123 104
123 203
123 68
123 48
123 187
123 156
123 14
123 152
123 115
123 17
123 51
123 172
123 79
123 105
123 207
166 50
166 169
166 32
166 106
166 158
166 112
166 178
166 150
166 25
166 94
166 3
166 177
166 119
166 163
166 132
166 111
166 135
166 134
166 14
166 34
166 115
166 218
166 17
166 28
166 91
166 181
166 216
166 105
166 114
166 197
166 145
166 141
50 174
50 112
50 162
50 178
50 138
50 96
50 150
50 22
50 70
50 131
50 31
50 132
50 68
50 134
50 4
50 97
50 29
50 53
50 152
50 28
50 67
50 36
50 51
50 155
50 130
50 110
169 59
169 101
169 44
169 148
169 193
169 112
169 212
169 23
169 173
169 88
169 208
169 35
169 119
169 149
169 2
169 104
169 107
169 48
169 187
169 184
169 54
169 83
169 97
169 14
169 152
169 183
169 179
169 218
169 185
169 18
169 168
169 172
169 137
169 196
169 194
129 147
129 32
129 174
129 106
129 100
129 158
129 190
129 1
129 27
129 208
129 125
129 140
129 69
129 72
129 176
129 149
129 163
129 111
129 135
129 7
129 48
129 187
129 184
129 97
129 14
129 34
129 195
129 28
129 18
129 181
129 196
129 79
129 194
129 130
129 6
147 174
147 106
147 101
147 159
147 148
147 121
147 112
147 138
147 99
147 23
147 150
147 58
147 164
147 35
147 131
147 132
147 54
147 210
147 46
147 29
147 95
147 14
147 195
147 98
147 30
147 105
147 194
147 141
32 59
32 211
32 193
32 100
32 121
32 212
32 37
32 133
32 88
32 94
32 58
32 72
32 10
32 177
32 109
32 31
32 149
32 163
32 49
32 111
32 203
32 7
32 68
32 184
32 179
32 38
32 218
32 17
32 67
32 36
32 98
32 105
32 118
32 145
32 141
8 41
8 174
8 211
8 159
8 52
8 158
8 189
8 173
8 87
8 208
8 125
8 69
8 70
8 58
8 177
8 119
8 109
8 31
8 49
8 2
8 104
8 7
8 134
8 15
8 40
8 184
8 83
8 179
8 38
8 185
8 67
8 161
8 194
143 100
143 52
143 158
143 162
143 37
143 150
143 25
143 125
143 72
143 35
143 31
143 163
143 49
143 68
143 187
143 4
143 210
143 95
143 206
143 34
143 152
143 183
143 179
143 218
143 172
143 196
143 79
143 155
143 207
41 44
41 158
41 102
41 190
41 212
41 178
41 37
41 1
41 133
41 99
41 189
41 94
41 140
41 149
41 49
41 213
41 2
41 134
41 187
41 97
41 53
41 34
41 28
41 18
41 181
41 51
41 24
41 114
41 110
41 207
174 44
174 148
174 71
174 162
174 138
174 45
174 173
174 22
174 70
174 164
174 131
174 109
174 43
174 111
174 184
174 4
174 46
174 97
174 29
174 53
174 34
174 183
174 195
174 18
174 205
174 91
174 168
174 216
174 24
174 137
174 105
174 130
174 141
61 106
61 44
61 100
61 208
61 140
61 214
61 164
61 177
61 131
61 31
61 2
61 107
61 68
61 48
61 4
61 53
61 183
61 17
61 28
61 216
61 51
61 24
61 42
61 6
106 100
106 190
106 138
106 45
106 133
106 88
106 70
106 119
106 109
106 31
106 43
106 203
106 54
106 156
106 46
106 29
106 95
106 53
106 152
106 115
106 38
106 136
106 17
106 161
106 215
106 137
106 196
106 79
106 155
106 114
106 110
106 118
106 207
106 6
106 141
59 101
59 100
59 162
59 138
59 37
59 99
59 23
59 189
59 94
59 69
59 72
59 131
59 109
59 31
59 49
59 213
59 7
59 184
59 210
59 139
59 38
59 218
59 28
59 18
59 215
59 172
59 42
59 137
59 194
59 207
211 190
211 23
211 173
211 125
211 140
211 70
211 58
211 176
211 132
211 107
211 134
211 16
211 54
211 210
211 29
211 28
211 161
211 9
211 24
211 215
211 172
211 79
211 105
211 145
101 121
101 190
101 212
101 178
101 173
101 208
101 72
101 3
101 35
101 119
101 43
101 132
101 213
101 2
101 104
101 7
101 54
101 156
101 29
101 53
101 218
101 168
101 181
101 216
101 141
159 189
159 25
159 70
159 58
159 176
159 49
159 107
159 187
159 139
159 95
159 53
159 161
159 205
159 91
159 216
159 194
159 6
159 141
44 190
44 71
44 133
44 23
44 189
44 22
44 125
44 214
44 10
44 149
44 163
44 134
44 46
44 128
44 38
44 195
44 98
44 30
44 79
44 130
44 110
44 118
44 207
44 141
148 193
148 158
148 121
148 99
148 23
148 150
148 25
148 88
148 87
148 214
148 104
148 68
148 187
148 156
148 4
148 97
148 29
148 95
148 53
148 206
148 183
148 195
148 161
148 205
148 91
148 216
148 30
148 153
148 145
193 52
193 158
193 121
193 102
193 212
193 178
193 1
193 23
193 150
193 173
193 88
193 87
193 94
193 140
193 164
193 177
193 131
193 135
193 2
193 203
193 201
193 210
193 29
193 179
193 9
193 36
193 91
193 168
193 207
100 158
100 112
100 71
100 37
100 99
100 189
100 122
100 25
100 10
100 35
100 131
100 43
100 213
100 2
100 68
100 16
100 184
100 95
100 53
100 115
100 179
100 38
100 181
100 216
100 51
100 30
100 42
100 137
100 155
100 153
100 130
100 118
100 145
52 162
52 37
52 45
52 87
52 214
52 49
52 68
52 48
52 187
52 210
52 53
52 14
52 152
52 128
52 115
52 195
52 67
52 18
52 181
52 216
52 51
52 194
52 6
158 102
158 178
158 37
158 99
158 173
158 22
158 88
158 125
158 214
158 164
158 119
158 149
158 163
158 107
158 68
158 134
158 15
158 16
158 184
158 29
158 95
158 183
158 218
158 17
158 67
158 9
158 168
158 181
158 24
158 215
158 114
158 207
158 197
121 133
121 25
121 208
121 94
121 164
121 35
121 109
121 163
121 104
121 201
121 68
121 15
121 40
121 29
121 139
121 67
121 161
121 215
121 79
121 114
121 197
102 138
102 37
102 1
102 99
102 189
102 140
102 70
102 35
102 109
102 213
102 2
102 15
102 187
102 54
102 156
102 53
102 34
102 152
102 115
102 136
102 161
102 205
102 36
102 216
102 137
102 196
102 155
102 207
112 178
112 1
112 87
112 164
112 109
112 31
112 111
112 213
112 107
112 187
112 184
112 83
112 46
112 29
112 14
112 152
112 38
112 195
112 181
112 155
112 114
112 130
190 212
190 37
190 45
190 1
190 96
190 27
190 208
190 3
190 131
190 119
190 109
190 203
190 107
190 15
190 40
190 184
190 156
190 29
190 139
190 95
190 53
190 218
190 195
190 168
190 51
190 24
190 137
190 79
190 194
190 114
190 110
190 207
190 6
212 99
212 150
212 88
212 208
212 125
212 69
212 214
212 72
212 177
212 31
212 43
212 2
212 203
212 7
212 68
212 187
212 97
212 152
212 183
212 115
212 179
212 205
212 181
212 51
212 24
212 153
212 145
212 6
212 141
71 162
71 88
71 87
71 214
71 10
71 176
71 35
71 111
71 213
71 203
71 201
71 134
71 40
71 187
71 46
71 29
71 115
71 195
71 28
71 18
71 205
71 30
71 215
71 196
71 130
71 110
162 138
162 23
162 22
162 87
162 72
162 164
162 109
162 43
162 132
162 2
162 68
162 15
162 54
162 156
162 4
162 29
162 152
162 179
162 161
162 205
162 172
162 137
162 155
162 194
162 153
162 130
162 110
162 118
178 189
178 88
178 125
178 70
178 72
178 3
178 10
178 163
178 49
178 7
178 48
178 15
178 206
178 179
178 17
178 161
178 9
178 24
178 30
178 42
178 114
178 130
178 207
138 1
138 133
138 189
138 25
138 140
138 214
138 164
138 2
138 104
138 107
138 201
138 54
138 139
138 34
138 115
138 136
138 36
138 172
138 105
138 194
138 118
37 45
37 122
37 173
37 88
37 208
37 125
37 70
37 177
37 132
37 111
37 213
37 7
37 156
37 14
37 152
37 185
37 18
37 36
37 216
37 30
37 118
37 145
37 6
45 1
45 133
45 96
45 25
45 22
45 131
45 109
45 111
45 213
45 135
45 201
45 187
45 4
45 210
45 206
45 128
45 38
45 195
45 161
45 205
45 98
45 215
45 196
45 110
45 6
1 99
1 150
1 214
1 3
1 176
1 177
1 35
1 109
1 31
1 49
1 15
1 54
1 156
1 139
1 14
1 206
1 28
1 205
1 36
1 98
1 181
1 196
1 155
1 110
1 6
1 141
133 99
133 23
133 22
133 208
133 125
133 176
133 131
133 119
133 43
133 163
133 111
133 68
133 15
133 95
133 218
133 185
133 9
133 36
133 114
133 118
133 197
96 99
96 173
96 88
96 208
96 69
96 214
96 177
96 131
96 31
96 213
96 135
96 2
96 179
96 28
96 161
96 18
96 42
96 196
96 155
96 194
96 6
99 122
99 87
99 208
99 94
99 125
99 10
99 119
99 109
99 149
99 132
99 107
99 184
99 183
99 161
99 24
99 79
99 105
99 130
99 110
23 122
23 87
23 125
23 70
23 3
23 10
23 164
23 149
23 111
23 135
23 104
23 203
23 156
23 4
23 14
23 34
23 152
23 183
23 115
23 205
23 98
23 24
23 137
23 79
23 105
150 214
150 164
150 43
150 184
150 54
150 139
150 183
150 38
150 205
150 98
150 196
150 79
150 194
150 114
189 122
189 25
189 22
189 125
189 214
189 119
189 135
189 7
189 15
189 16
189 210
189 29
189 128
189 136
189 185
189 205
189 98
189 181
189 30
189 42
189 153
189 145
189 6
122 27
122 22
122 94
122 69
122 72
122 10
122 119
122 163
122 104
122 68
122 48
122 210
122 97
122 139
122 14
122 183
122 115
122 185
122 28
122 18
122 98
122 181
122 216
122 51
122 30
122 196
122 114
122 110
122 118
27 208
27 69
27 164
27 31
27 111
27 135
27 68
27 29
27 53
27 128
27 218
27 9
27 36
27 137
27 155
27 194
27 153
27 145
27 141
25 173
25 88
25 87
25 58
25 72
25 35
25 119
25 43
25 49
25 107
25 201
25 40
25 16
25 83
25 53
25 14
25 206
25 179
25 38
25 17
25 9
25 18
25 216
25 30
25 137
25 105
25 153
25 118
25 6
173 72
173 35
173 119
173 109
173 132
173 213
173 68
173 156
173 210
173 29
173 139
173 183
173 38
173 136
173 17
173 195
173 67
173 9
173 91
173 24
173 215
173 137
173 110
173 207
173 197
22 208
22 94
22 140
22 72
22 3
22 109
22 107
22 7
22 210
22 97
22 34
22 185
22 161
22 9
22 30
22 105
22 130
22 110
88 58
88 10
88 35
88 131
88 213
88 48
88 134
88 97
88 152
88 183
88 38
88 98
88 30
88 215
88 155
88 110
87 125
87 140
87 72
87 3
87 10
87 35
87 119
87 31
87 49
87 2
87 104
87 107
87 7
87 68
87 184
87 46
87 29
87 53
87 195
87 67
87 36
87 91
87 194
87 130
87 145
87 141
208 3
208 164
208 31
208 43
208 111
208 203
208 95
208 128
208 195
208 28
208 36
208 91
208 137
208 194
208 114
208 153
208 207
208 6
94 70
94 58
94 72
94 177
94 31
94 43
94 7
94 40
94 4
94 95
94 53
94 14
94 179
94 161
94 9
94 205
94 24
94 30
94 196
94 114
94 153
94 110
125 69
125 70
125 176
125 177
125 111
125 203
125 201
125 15
125 40
125 46
125 34
125 128
125 115
125 136
125 30
125 110
125 197
140 109
140 31
140 16
140 184
140 210
140 139
140 14
140 206
140 179
140 195
140 185
140 161
140 42
140 194
140 207
140 197
69 109
69 132
69 49
69 111
69 135
69 201
69 68
69 48
69 156
69 83
69 4
69 97
69 95
69 34
69 128
69 179
69 136
69 17
69 185
69 168
69 24
69 196
69 79
69 130
69 197
70 58
70 3
70 10
70 164
70 31
70 149
70 2
70 48
70 184
70 83
70 210
70 46
70 97
70 128
70 179
70 136
70 9
70 205
70 181
70 110
70 197
214 58
214 43
214 149
214 135
214 2
214 203
214 201
214 16
214 156
214 46
214 29
214 95
214 34
214 183
214 218
214 17
214 168
214 172
214 105
214 145
214 6
58 3
58 49
58 203
58 107
58 201
58 134
58 15
58 40
58 187
58 29
58 95
58 152
58 38
58 205
58 181
58 172
58 79
58 110
58 118
58 141
72 10
72 131
72 119
72 43
72 149
72 132
72 134
72 184
72 210
72 95
72 34
72 183
72 115
72 136
72 18
72 36
72 153
72 110
72 118
72 207
72 197
72 6
3 109
3 49
3 104
3 7
3 201
3 16
3 156
3 4
3 183
3 128
3 136
3 195
3 185
3 215
3 153
3 130
3 145
10 131
10 109
10 43
10 149
10 132
10 111
10 16
10 187
10 4
10 46
10 53
10 218
10 17
10 36
10 51
10 137
10 194
10 145
164 35
164 49
164 213
164 104
164 7
164 48
164 15
164 184
164 210
164 97
164 152
164 183
164 115
164 136
164 17
164 161
164 181
164 172
164 137
164 155
164 153
164 110
164 145
164 6
164 141
176 177
176 35
176 109
176 43
176 2
176 203
176 97
176 29
176 183
176 179
176 136
176 17
176 195
176 185
176 51
176 30
176 215
176 172
176 137
176 196
176 155
176 194
176 114
176 130
177 109
177 31
177 135
177 134
177 184
177 97
177 139
177 14
177 128
177 115
177 195
177 205
177 51
177 24
177 42
177 137
177 105
177 194
177 145
35 111
35 213
35 203
35 68
35 15
35 40
35 16
35 54
35 156
35 83
35 139
35 115
35 195
35 28
35 161
35 205
35 36
35 24
35 215
35 196
35 194
35 130
35 207
35 197
35 141
131 132
131 107
131 48
131 206
131 183
131 67
131 98
131 168
131 137
131 105
131 153
131 130
119 213
119 2
119 201
119 95
119 14
119 152
119 128
119 136
119 195
119 185
119 67
119 18
119 24
119 137
109 49
109 107
109 134
109 95
109 38
109 218
109 185
109 98
109 168
109 215
31 49
31 111
31 104
31 7
31 48
31 40
31 156
31 29
31 14
31 206
31 34
31 183
31 128
31 38
31 205
31 168
31 105
31 110
31 207
43 163
43 111
43 107
43 40
43 187
43 95
43 34
43 152
43 128
43 136
43 161
43 18
43 91
43 30
43 196
43 105
43 110
43 145
149 132
149 111
149 2
149 107
149 201
149 134
149 15
149 16
149 54
149 210
149 53
149 14
149 152
149 183
149 179
149 67
149 205
149 91
149 168
149 153
149 207
149 197
149 6
163 135
163 7
163 134
163 15
163 184
163 210
163 14
163 183
163 128
163 179
163 9
163 205
163 51
163 172
163 79
163 155
163 114
163 118
132 49
132 2
132 104
132 203
132 68
132 205
132 91
132 42
132 137
132 196
132 155
132 153
132 130
49 2
49 107
49 40
49 210
49 115
49 38
49 218
49 136
49 18
49 36
49 98
49 181
49 216
49 42
49 196
49 79
49 194
49 114
49 141
111 68
111 54
111 4
111 29
111 128
111 36
111 98
111 51
111 172
111 194
111 207
213 203
213 16
213 4
213 95
213 152
213 17
213 161
213 216
213 196
213 79
213 155
213 118
213 6
135 104
135 203
135 201
135 48
135 54
135 210
135 29
135 34
135 128
135 179
135 18
135 98
135 24
135 42
135 137
135 79
135 194
135 153
135 110
135 118
2 104
2 203
2 134
2 156
2 83
2 97
2 14
2 128
2 179
2 28
2 161
2 216
2 51
2 30
2 196
2 155
2 194
2 130
104 184
104 97
104 95
104 53
104 195
104 161
104 98
104 137
104 79
104 105
104 194
104 114
104 153
104 110
104 197
104 6
203 107
203 68
203 15
203 16
203 46
203 206
203 34
203 30
203 215
203 137
203 130
203 110
203 207
107 134
107 46
107 139
107 34
107 152
107 179
107 218
107 28
107 18
107 51
107 172
107 137
107 79
107 105
107 194
107 114
107 153
107 207
107 141
7 48
7 16
7 53
7 128
7 179
7 195
7 185
7 24
7 172
7 42
7 196
7 155
7 153
7 207
7 6
7 141
201 15
201 83
201 4
201 46
201 17
201 67
201 51
201 30
201 79
201 153
201 6
68 15
68 187
68 54
68 83
68 206
68 179
68 218
68 136
68 28
68 205
68 181
68 51
68 30
68 215
68 196
68 6
48 16
48 97
48 183
48 38
48 17
48 67
48 9
48 18
48 98
48 181
48 24
48 172
48 153
48 130
48 141
134 16
134 54
134 83
134 4
134 210
134 46
134 29
134 139
134 95
134 34
134 128
134 115
134 38
134 218
134 136
134 17
134 195
134 161
134 215
134 137
134 196
134 105
134 130
134 110
134 207
134 141
15 54
15 156
15 210
15 183
15 115
15 136
15 168
15 216
15 215
15 137
15 79
15 155
15 145
40 46
40 29
40 53
40 152
40 128
40 17
40 28
40 67
40 98
40 168
40 30
40 137
40 118
16 187
16 54
16 4
16 210
16 97
16 206
16 17
16 185
16 98
16 216
16 51
16 137
16 197
16 6
187 139
187 53
187 38
187 28
187 9
187 36
187 24
187 137
187 196
187 114
187 207
187 197
184 139
184 152
184 115
184 9
184 36
184 216
184 30
184 215
184 196
184 79
184 114
184 141
54 139
54 152
54 17
54 195
54 196
54 110
54 197
156 210
156 38
156 67
156 161
156 9
156 153
156 110
156 197
83 4
83 210
83 139
83 53
83 152
83 183
83 17
83 18
83 205
83 91
83 168
83 215
83 79
83 155
83 197
4 206
4 34
4 67
4 205
4 168
4 216
4 24
4 42
4 137
4 153
4 118
4 6
210 46
210 29
210 14
210 206
210 179
210 218
210 67
210 161
210 9
210 215
210 172
210 155
210 114
210 118
210 197
210 6
46 17
46 98
46 91
46 51
46 42
46 137
46 155
46 114
97 29
97 34
97 183
97 179
97 17
97 18
97 205
97 91
97 168
97 51
97 172
97 153
97 207
97 141
29 95
29 38
29 136
29 24
29 215
29 172
29 153
29 207
29 145
139 206
139 115
139 38
139 17
139 185
139 28
139 9
139 205
139 24
139 215
139 42
139 207
139 197
139 141
95 14
95 34
95 152
95 218
95 195
95 168
95 51
95 215
95 155
95 130
95 145
53 128
53 17
53 67
53 161
53 9
53 91
53 181
53 42
53 155
53 105
53 114
53 153
53 197
53 141
14 206
14 128
14 17
14 185
14 36
14 24
14 79
14 153
14 110
14 207
14 197
14 6
206 136
206 24
206 30
206 172
206 42
206 79
206 6
34 152
34 183
34 38
34 185
34 181
34 196
34 155
34 114
34 118
34 197
34 145
152 115
152 9
152 18
152 168
152 51
152 24
152 79
152 105
152 130
152 118
152 197
152 6
183 128
183 218
183 136
183 205
183 36
183 168
183 114
183 207
128 179
128 67
128 36
128 168
128 216
128 215
128 137
128 114
128 130
115 17
115 185
115 28
115 91
115 79
115 155
115 114
115 130
115 6
179 9
179 205
179 24
179 215
179 79
179 105
179 114
179 207
179 197
38 136
38 161
38 51
38 215
38 105
38 194
38 153
218 28
218 9
218 18
218 98
218 51
218 30
218 172
218 114
218 153
136 195
136 67
136 161
136 205
136 215
136 130
136 110
136 207
17 67
17 98
17 91
17 216
17 172
17 42
17 196
17 114
17 130
17 207
17 197
195 205
195 42
195 196
195 105
195 114
195 153
185 205
185 36
185 98
185 215
185 196
185 155
185 153
185 197
28 161
28 9
28 18
28 36
28 98
28 91
28 51
28 79
28 153
67 161
67 9
67 205
67 36
67 98
67 168
67 51
67 172
67 137
67 79
67 155
67 105
67 207
67 6
161 9
161 216
161 215
161 137
161 114
161 141
9 196
9 79
9 153
9 197
18 51
18 137
18 155
18 114
18 110
18 145
18 6
205 168
205 155
205 105
205 153
205 130
205 110
205 118
205 197
205 6
36 98
36 24
36 110
98 91
98 215
98 153
98 6
91 181
91 30
91 114
91 110
91 207
91 197
91 145
91 6
168 42
168 145
181 216
181 215
181 79
216 51
216 30
216 215
216 172
216 105
216 110
216 145
51 24
51 137
51 194
51 153
24 42
24 105
24 114
30 137
30 153
30 145
215 196
215 155
215 105
215 130
215 118
172 137
172 105
172 153
172 141
42 105
42 118
42 145
42 6
137 79
137 194
196 155
196 194
196 110
196 6
79 130
79 110
79 197
79 145
79 141
155 118
155 207
155 6
105 194
194 145
114 110
114 197
114 141
153 110
153 207
130 207
130 6
110 145
118 145
207 197
207 141
6 141
