*verties 193
55
103
62
92
174
167
127
37
178
28
4
1
121
175
34
156
199
138
149
80
204
181
97
58
47
110
188
112
126
59
147
117
116
46
114
206
48
197
207
184
185
106
27
194
3
88
76
104
64
124
19
69
150
45
135
193
171
122
6
152
170
157
75
166
198
176
113
172
63
209
77
143
169
141
54
43
25
190
158
200
179
18
129
14
67
53
208
72
56
33
168
94
9
38
186
29
71
214
102
134
133
137
107
99
123
146
162
173
195
89
109
180
142
183
161
196
215
131
101
86
20
84
118
144
105
108
189
93
0
192
201
139
49
132
216
78
218
22
160
26
83
213
163
164
211
203
120
17
119
205
12
7
8
219
51
115
140
13
81
23
85
98
40
41
153
151
191
36
182
61
11
91
210
82
90
31
95
52
2
35
159
128
148
130
187
39
44
217
70
10
32
79
66
*edges 
55 92
55 127
55 178
55 28
55 4
55 121
55 175
55 34
55 156
55 199
55 149
55 80
55 181
55 58
55 47
55 110
55 188
55 126
55 46
55 114
55 206
55 48
55 197
55 207
55 184
55 106
55 27
55 3
55 88
55 64
55 124
55 69
55 150
55 45
55 135
55 6
55 157
55 166
55 198
55 176
55 172
55 63
55 143
55 141
55 54
55 25
55 190
55 158
55 200
55 129
55 14
55 67
55 208
55 72
55 56
55 33
55 94
55 186
55 71
55 134
55 137
55 123
55 195
55 109
55 180
55 142
55 183
55 131
55 101
55 86
55 20
55 84
55 118
55 144
55 105
55 108
55 189
55 0
55 201
55 49
55 132
55 218
55 160
55 26
55 83
55 213
55 163
55 164
55 211
55 17
55 205
55 12
55 7
55 8
55 219
55 115
55 140
55 13
55 81
55 23
55 85
55 98
55 40
55 41
55 153
55 151
55 61
55 11
55 91
55 210
55 82
55 90
55 95
55 52
55 35
55 128
55 148
55 130
55 187
55 44
55 70
55 32
55 79
55 66
103 92
103 174
103 28
103 4
103 121
103 175
103 34
103 156
103 199
103 138
103 149
103 204
103 97
103 47
103 188
103 112
103 126
103 59
103 147
103 116
103 46
103 114
103 206
103 48
103 197
103 185
103 106
103 27
103 3
103 88
103 76
103 64
103 69
103 150
103 45
103 135
103 171
103 152
103 75
103 166
103 176
103 209
103 77
103 143
103 169
103 54
103 43
103 25
103 190
103 158
103 200
103 18
103 129
103 14
103 67
103 53
103 208
103 72
103 56
103 33
103 168
103 94
103 9
103 186
103 29
103 71
103 214
103 102
103 133
103 137
103 123
103 146
103 162
103 89
103 109
103 142
103 183
103 101
103 86
103 20
103 118
103 144
103 108
103 192
103 201
103 139
103 49
103 216
103 78
103 218
103 22
103 160
103 213
103 163
103 164
103 211
103 120
103 17
103 119
103 12
103 7
103 8
103 51
103 115
103 140
103 13
103 81
103 23
103 85
103 98
103 153
103 151
103 191
103 36
103 91
103 210
103 82
103 90
103 31
103 35
103 159
103 148
103 39
103 44
103 217
103 70
103 10
103 32
103 79
62 92
62 174
62 167
62 127
62 37
62 178
62 28
62 1
62 175
62 34
62 156
62 199
62 149
62 80
62 181
62 47
62 188
62 112
62 126
62 59
62 147
62 117
62 46
62 206
62 48
62 197
62 207
62 184
62 106
62 27
62 194
62 3
62 88
62 76
62 64
62 19
62 69
62 150
62 45
62 135
62 171
62 122
62 6
62 152
62 170
62 75
62 166
62 198
62 176
62 113
62 172
62 63
62 143
62 169
62 141
62 54
62 43
62 190
62 158
62 14
62 53
62 208
62 72
62 56
62 9
62 186
62 71
62 214
62 102
62 107
62 99
62 123
62 162
62 173
62 195
62 161
62 101
62 86
62 20
62 84
62 105
62 108
62 189
62 93
62 0
62 192
62 139
62 49
62 132
62 216
62 78
62 22
62 160
62 83
62 163
62 164
62 211
62 203
62 120
62 17
62 119
62 205
62 12
62 7
62 8
62 219
62 51
62 13
62 81
62 85
62 98
62 41
62 151
62 182
62 61
62 11
62 91
62 210
62 82
62 90
62 52
62 35
62 148
62 130
62 187
62 39
62 44
62 10
92 174
92 127
92 37
92 178
92 28
92 1
92 175
92 34
92 138
92 149
92 204
92 181
92 97
92 47
92 110
92 188
92 126
92 59
92 117
92 116
92 114
92 197
92 207
92 27
92 194
92 3
92 76
92 104
92 64
92 19
92 69
92 150
92 135
92 122
92 6
92 170
92 157
92 75
92 166
92 198
92 176
92 113
92 172
92 63
92 209
92 77
92 143
92 141
92 54
92 43
92 25
92 190
92 179
92 18
92 129
92 14
92 67
92 208
92 72
92 56
92 33
92 186
92 29
92 71
92 102
92 133
92 99
92 123
92 162
92 173
92 195
92 89
92 109
92 180
92 142
92 196
92 20
92 118
92 105
92 0
92 49
92 132
92 216
92 78
92 22
92 26
92 83
92 213
92 163
92 211
92 203
92 17
92 119
92 205
92 12
92 7
92 8
92 219
92 115
92 81
92 85
92 98
92 40
92 151
92 36
92 182
92 61
92 11
92 91
92 82
92 90
92 31
92 95
92 2
92 35
92 128
92 148
92 130
92 187
92 39
92 44
92 217
92 70
92 10
92 32
92 79
92 66
174 167
174 178
174 28
174 4
174 1
174 175
174 34
174 156
174 199
174 80
174 204
174 47
174 110
174 59
174 117
174 116
174 46
174 114
174 206
174 48
174 207
174 184
174 185
174 194
174 3
174 64
174 124
174 69
174 45
174 135
174 193
174 171
174 122
174 6
174 152
174 170
174 157
174 75
174 166
174 176
174 113
174 172
174 63
174 209
174 77
174 143
174 141
174 54
174 43
174 190
174 158
174 200
174 179
174 18
174 129
174 14
174 67
174 53
174 208
174 72
174 56
174 33
174 168
174 94
174 9
174 38
174 186
174 71
174 134
174 133
174 137
174 107
174 173
174 195
174 89
174 109
174 183
174 161
174 131
174 101
174 20
174 84
174 144
174 105
174 108
174 93
174 0
174 192
174 201
174 139
174 216
174 78
174 160
174 26
174 83
174 213
174 163
174 17
174 119
174 205
174 7
174 219
174 51
174 115
174 13
174 81
174 23
174 85
174 98
174 40
174 41
174 153
174 191
174 36
174 182
174 61
174 91
174 90
174 95
174 2
174 35
174 128
174 130
174 187
174 70
174 10
174 32
174 79
167 37
167 4
167 175
167 34
167 156
167 149
167 181
167 58
167 188
167 59
167 116
167 114
167 48
167 207
167 185
167 106
167 27
167 194
167 3
167 88
167 76
167 104
167 124
167 19
167 69
167 150
167 135
167 193
167 122
167 152
167 170
167 157
167 75
167 166
167 198
167 176
167 113
167 172
167 63
167 209
167 77
167 143
167 141
167 54
167 43
167 25
167 158
167 200
167 179
167 14
167 208
167 72
167 56
167 9
167 38
167 186
167 71
167 134
167 133
167 137
167 107
167 123
167 146
167 162
167 89
167 142
167 183
167 196
167 215
167 86
167 20
167 84
167 105
167 108
167 189
167 93
167 0
167 192
167 201
167 139
167 49
167 216
167 78
167 218
167 22
167 26
167 83
167 213
167 163
167 164
167 211
167 203
167 119
167 12
167 7
167 51
167 140
167 13
167 81
167 23
167 98
167 41
167 153
167 191
167 36
167 11
167 82
167 95
167 52
167 2
167 35
167 128
167 148
167 130
167 187
167 44
167 70
167 10
167 32
127 37
127 28
127 1
127 156
127 199
127 138
127 149
127 80
127 204
127 181
127 47
127 110
127 188
127 112
127 126
127 147
127 117
127 116
127 46
127 207
127 184
127 185
127 106
127 76
127 104
127 124
127 150
127 45
127 135
127 193
127 171
127 152
127 170
127 166
127 198
127 113
127 172
127 209
127 169
127 141
127 25
127 190
127 200
127 179
127 18
127 129
127 14
127 67
127 53
127 208
127 72
127 33
127 94
127 9
127 29
127 71
127 214
127 102
127 134
127 133
127 137
127 107
127 123
127 146
127 173
127 195
127 89
127 109
127 180
127 142
127 183
127 196
127 215
127 20
127 84
127 118
127 144
127 108
127 93
127 0
127 192
127 49
127 132
127 216
127 78
127 218
127 160
127 26
127 83
127 213
127 163
127 164
127 211
127 203
127 17
127 7
127 8
127 219
127 115
127 140
127 23
127 85
127 98
127 40
127 153
127 151
127 61
127 11
127 91
127 210
127 82
127 31
127 95
127 159
127 187
127 70
127 32
127 66
37 28
37 1
37 121
37 175
37 34
37 156
37 138
37 149
37 80
37 204
37 181
37 47
37 110
37 112
37 126
37 59
37 147
37 116
37 206
37 197
37 207
37 106
37 27
37 194
37 3
37 88
37 19
37 69
37 150
37 45
37 135
37 193
37 122
37 6
37 152
37 157
37 75
37 166
37 176
37 113
37 172
37 63
37 77
37 54
37 43
37 190
37 200
37 179
37 18
37 129
37 14
37 67
37 53
37 208
37 72
37 56
37 33
37 168
37 94
37 9
37 38
37 186
37 71
37 102
37 134
37 133
37 137
37 107
37 123
37 146
37 162
37 173
37 109
37 142
37 183
37 131
37 101
37 86
37 20
37 144
37 108
37 93
37 192
37 139
37 49
37 216
37 78
37 218
37 22
37 213
37 163
37 203
37 120
37 119
37 205
37 12
37 7
37 219
37 51
37 140
37 13
37 81
37 23
37 98
37 40
37 151
37 191
37 36
37 182
37 11
37 91
37 210
37 82
37 90
37 31
37 52
37 2
37 128
37 148
37 187
37 44
37 217
37 70
37 10
37 32
37 66
178 28
178 1
178 121
178 34
178 156
178 138
178 149
178 80
178 204
178 181
178 58
178 47
178 112
178 126
178 59
178 117
178 46
178 48
178 197
178 207
178 184
178 27
178 194
178 88
178 76
178 104
178 124
178 19
178 69
178 150
178 45
178 135
178 193
178 171
178 6
178 170
178 157
178 75
178 166
178 198
178 176
178 172
178 63
178 143
178 169
178 54
178 43
178 25
178 158
178 200
178 67
178 53
178 56
178 33
178 168
178 94
178 38
178 186
178 71
178 134
178 133
178 137
178 107
178 99
178 123
178 195
178 109
178 142
178 215
178 131
178 84
178 108
178 189
178 93
178 192
178 201
178 139
178 49
178 132
178 78
178 218
178 22
178 160
178 26
178 213
178 163
178 211
178 203
178 17
178 119
178 205
178 12
178 7
178 8
178 219
178 51
178 115
178 13
178 81
178 23
178 85
178 98
178 40
178 153
178 151
178 36
178 210
178 82
178 90
178 95
178 52
178 35
178 128
178 148
178 130
178 39
178 44
178 70
178 10
178 79
28 4
28 1
28 121
28 199
28 97
28 112
28 126
28 59
28 147
28 116
28 46
28 114
28 206
28 48
28 197
28 207
28 184
28 106
28 3
28 88
28 19
28 69
28 45
28 135
28 193
28 171
28 6
28 152
28 170
28 75
28 166
28 176
28 113
28 172
28 209
28 143
28 169
28 141
28 54
28 25
28 190
28 158
28 18
28 129
28 14
28 208
28 56
28 33
28 168
28 94
28 38
28 29
28 71
28 214
28 102
28 134
28 133
28 137
28 107
28 99
28 123
28 162
28 89
28 109
28 180
28 183
28 161
28 196
28 131
28 86
28 20
28 84
28 118
28 144
28 105
28 108
28 189
28 0
28 201
28 132
28 216
28 78
28 218
28 22
28 160
28 26
28 83
28 213
28 163
28 211
28 203
28 120
28 17
28 119
28 205
28 12
28 7
28 219
28 51
28 140
28 13
28 23
28 85
28 98
28 40
28 41
28 151
28 191
28 36
28 182
28 61
28 91
28 82
28 90
28 95
28 2
28 35
28 159
28 128
28 187
28 44
28 217
28 10
28 79
28 66
4 121
4 34
4 156
4 199
4 149
4 80
4 204
4 181
4 97
4 47
4 110
4 188
4 112
4 117
4 114
4 206
4 48
4 197
4 207
4 106
4 27
4 194
4 88
4 76
4 104
4 64
4 124
4 19
4 69
4 150
4 45
4 135
4 193
4 171
4 122
4 152
4 170
4 157
4 75
4 198
4 176
4 113
4 209
4 77
4 143
4 169
4 25
4 190
4 200
4 179
4 18
4 129
4 67
4 53
4 208
4 56
4 94
4 9
4 186
4 29
4 102
4 134
4 133
4 137
4 107
4 123
4 146
4 162
4 195
4 89
4 109
4 180
4 142
4 183
4 196
4 215
4 131
4 101
4 86
4 20
4 84
4 144
4 105
4 108
4 93
4 0
4 192
4 201
4 139
4 132
4 216
4 218
4 26
4 83
4 213
4 163
4 164
4 211
4 120
4 17
4 119
4 12
4 219
4 51
4 115
4 13
4 81
4 23
4 98
4 41
4 153
4 151
4 182
4 61
4 11
4 210
4 90
4 31
4 95
4 52
4 2
4 159
4 148
4 187
4 70
4 10
4 32
4 66
1 121
1 175
1 34
1 156
1 204
1 97
1 47
1 147
1 116
1 46
1 114
1 206
1 197
1 207
1 184
1 106
1 27
1 88
1 104
1 64
1 124
1 150
1 45
1 135
1 193
1 122
1 152
1 170
1 157
1 75
1 166
1 176
1 113
1 172
1 77
1 169
1 141
1 54
1 25
1 190
1 200
1 179
1 129
1 14
1 67
1 53
1 72
1 33
1 168
1 9
1 186
1 29
1 71
1 102
1 134
1 133
1 107
1 99
1 146
1 173
1 195
1 89
1 142
1 183
1 161
1 196
1 215
1 131
1 101
1 20
1 84
1 118
1 108
1 93
1 192
1 201
1 49
1 132
1 78
1 218
1 22
1 160
1 163
1 211
1 203
1 120
1 119
1 205
1 12
1 7
1 8
1 219
1 51
1 140
1 13
1 23
1 85
1 40
1 41
1 153
1 151
1 191
1 36
1 182
1 61
1 11
1 91
1 210
1 82
1 90
1 31
1 95
1 52
1 2
1 35
1 159
1 128
1 130
1 187
1 39
1 79
1 66
121 175
121 34
121 199
121 138
121 149
121 80
121 181
121 97
121 112
121 126
121 59
121 116
121 46
121 48
121 197
121 207
121 185
121 27
121 194
121 3
121 76
121 104
121 124
121 19
121 69
121 150
121 135
121 193
121 171
121 122
121 6
121 170
121 166
121 198
121 113
121 63
121 209
121 77
121 169
121 141
121 54
121 158
121 179
121 18
121 129
121 14
121 67
121 208
121 72
121 56
121 33
121 168
121 38
121 186
121 71
121 214
121 102
121 134
121 137
121 123
121 162
121 173
121 195
121 109
121 180
121 142
121 183
121 161
121 196
121 131
121 101
121 118
121 144
121 93
121 0
121 201
121 139
121 49
121 132
121 216
121 22
121 160
121 26
121 83
121 213
121 163
121 211
121 203
121 17
121 119
121 12
121 7
121 8
121 219
121 115
121 85
121 98
121 40
121 41
121 153
121 36
121 182
121 61
121 11
121 91
121 210
121 90
121 31
121 95
121 52
121 128
121 148
121 130
121 39
121 217
121 70
121 10
121 32
175 156
175 199
175 138
175 204
175 181
175 97
175 58
175 47
175 112
175 147
175 117
175 116
175 46
175 197
175 207
175 27
175 88
175 76
175 104
175 64
175 45
175 135
175 152
175 170
175 157
175 75
175 166
175 176
175 113
175 209
175 77
175 143
175 169
175 54
175 43
175 25
175 158
175 179
175 18
175 129
175 14
175 67
175 208
175 72
175 33
175 94
175 9
175 29
175 71
175 214
175 102
175 134
175 133
175 137
175 107
175 99
175 123
175 146
175 162
175 173
175 109
175 142
175 161
175 196
175 215
175 86
175 20
175 84
175 144
175 108
175 189
175 93
175 0
175 192
175 201
175 49
175 218
175 22
175 26
175 83
175 213
175 163
175 164
175 203
175 120
175 17
175 12
175 7
175 8
175 51
175 140
175 13
175 23
175 85
175 40
175 41
175 153
175 151
175 191
175 36
175 182
175 61
175 11
175 91
175 82
175 90
175 31
175 52
175 2
175 159
175 128
175 187
175 39
175 44
175 10
175 66
34 149
34 204
34 47
34 110
34 188
34 112
34 126
34 59
34 147
34 117
34 116
34 46
34 48
34 197
34 207
34 185
34 106
34 194
34 3
34 104
34 64
34 124
34 19
34 69
34 150
34 45
34 171
34 122
34 6
34 157
34 75
34 113
34 63
34 209
34 77
34 143
34 169
34 141
34 54
34 43
34 25
34 158
34 200
34 179
34 18
34 14
34 67
34 53
34 208
34 72
34 38
34 186
34 29
34 214
34 102
34 134
34 133
34 137
34 107
34 99
34 123
34 146
34 195
34 89
34 109
34 180
34 142
34 183
34 161
34 196
34 215
34 131
34 101
34 86
34 84
34 118
34 144
34 105
34 189
34 0
34 192
34 201
34 49
34 22
34 83
34 213
34 164
34 203
34 120
34 17
34 205
34 12
34 7
34 219
34 51
34 140
34 13
34 81
34 23
34 85
34 40
34 41
34 153
34 191
34 182
34 61
34 11
34 91
34 210
34 82
34 90
34 31
34 95
34 52
34 2
34 35
34 159
34 128
34 148
34 130
34 187
34 39
34 44
34 70
34 10
34 32
34 66
156 199
156 80
156 97
156 58
156 47
156 110
156 188
156 112
156 59
156 147
156 117
156 116
156 114
156 206
156 197
156 207
156 184
156 185
156 27
156 3
156 88
156 104
156 64
156 19
156 69
156 45
156 193
156 122
156 6
156 152
156 170
156 157
156 75
156 166
156 198
156 209
156 169
156 141
156 54
156 43
156 190
156 179
156 129
156 14
156 53
156 208
156 72
156 56
156 33
156 94
156 9
156 186
156 71
156 134
156 133
156 137
156 107
156 99
156 123
156 173
156 89
156 180
156 183
156 161
156 215
156 131
156 86
156 84
156 144
156 93
156 0
156 192
156 201
156 49
156 132
156 78
156 218
156 22
156 160
156 26
156 83
156 213
156 163
156 211
156 120
156 119
156 205
156 7
156 8
156 219
156 51
156 13
156 23
156 85
156 41
156 153
156 151
156 191
156 36
156 182
156 11
156 210
156 90
156 95
156 52
156 2
156 35
156 128
156 130
156 187
156 39
156 44
156 217
156 10
156 32
199 138
199 80
199 181
199 58
199 110
199 112
199 126
199 59
199 147
199 117
199 46
199 114
199 206
199 197
199 184
199 106
199 194
199 64
199 124
199 19
199 69
199 150
199 45
199 135
199 171
199 122
199 6
199 170
199 157
199 75
199 198
199 176
199 63
199 209
199 169
199 141
199 54
199 43
199 25
199 190
199 158
199 200
199 179
199 18
199 129
199 208
199 72
199 56
199 33
199 168
199 94
199 9
199 38
199 71
199 214
199 102
199 133
199 137
199 107
199 99
199 123
199 146
199 173
199 89
199 109
199 180
199 142
199 196
199 20
199 84
199 144
199 189
199 93
199 0
199 201
199 139
199 49
199 132
199 216
199 78
199 218
199 22
199 26
199 83
199 213
199 163
199 164
199 211
199 203
199 120
199 17
199 119
199 12
199 7
199 8
199 51
199 115
199 81
199 23
199 85
199 98
199 40
199 153
199 151
199 191
199 36
199 182
199 61
199 11
199 91
199 210
199 82
199 31
199 95
199 52
199 2
199 35
199 128
199 148
199 130
199 187
199 44
199 10
199 66
138 149
138 80
138 204
138 181
138 97
138 110
138 188
138 147
138 117
138 116
138 206
138 194
138 3
138 88
138 104
138 64
138 19
138 135
138 193
138 122
138 152
138 170
138 157
138 75
138 166
138 198
138 176
138 113
138 63
138 77
138 143
138 141
138 43
138 25
138 190
138 200
138 179
138 14
138 53
138 33
138 168
138 9
138 38
138 214
138 102
138 134
138 133
138 137
138 107
138 123
138 162
138 173
138 195
138 142
138 196
138 131
138 86
138 20
138 0
138 192
138 201
138 139
138 49
138 216
138 78
138 218
138 160
138 26
138 83
138 213
138 163
138 164
138 203
138 120
138 17
138 119
138 205
138 12
138 7
138 140
138 23
138 85
138 98
138 41
138 36
138 61
138 11
138 91
138 210
138 82
138 31
138 2
138 35
138 130
138 187
138 39
138 44
138 217
138 70
138 10
138 79
149 80
149 97
149 110
149 188
149 126
149 147
149 117
149 116
149 46
149 114
149 48
149 197
149 185
149 106
149 27
149 194
149 88
149 64
149 19
149 69
149 150
149 135
149 193
149 171
149 122
149 152
149 170
149 75
149 166
149 198
149 113
149 172
149 63
149 209
149 77
149 169
149 25
149 190
149 18
149 129
149 67
149 168
149 94
149 38
149 186
149 29
149 71
149 102
149 134
149 133
149 137
149 107
149 99
149 123
149 146
149 162
149 173
149 195
149 109
149 183
149 161
149 196
149 131
149 86
149 20
149 84
149 118
149 144
149 105
149 93
149 192
149 201
149 139
149 49
149 132
149 216
149 78
149 218
149 22
149 160
149 83
149 213
149 163
149 164
149 203
149 120
149 119
149 12
149 7
149 8
149 81
149 85
149 98
149 153
149 191
149 36
149 182
149 11
149 91
149 210
149 82
149 90
149 31
149 52
149 128
149 130
149 187
149 39
149 217
149 70
149 10
149 32
149 79
80 204
80 58
80 47
80 188
80 112
80 59
80 147
80 117
80 116
80 46
80 114
80 206
80 48
80 197
80 184
80 185
80 106
80 27
80 3
80 76
80 104
80 69
80 150
80 45
80 135
80 122
80 6
80 170
80 198
80 209
80 77
80 143
80 141
80 54
80 43
80 25
80 158
80 179
80 18
80 129
80 14
80 53
80 56
80 33
80 168
80 94
80 9
80 38
80 186
80 29
80 71
80 214
80 102
80 133
80 137
80 99
80 123
80 146
80 162
80 89
80 180
80 142
80 183
80 161
80 215
80 131
80 101
80 86
80 20
80 84
80 144
80 105
80 108
80 189
80 93
80 0
80 192
80 201
80 139
80 132
80 216
80 78
80 218
80 26
80 83
80 213
80 163
80 164
80 120
80 17
80 7
80 8
80 115
80 140
80 13
80 23
80 85
80 98
80 40
80 191
80 36
80 210
80 90
80 31
80 95
80 159
80 128
80 148
80 187
80 39
80 44
80 70
80 10
80 66
204 181
204 97
204 110
204 188
204 112
204 126
204 59
204 147
204 117
204 46
204 114
204 206
204 185
204 194
204 76
204 104
204 64
204 69
204 45
204 135
204 193
204 171
204 122
204 6
204 152
204 157
204 166
204 198
204 176
204 113
204 172
204 77
204 54
204 43
204 190
204 179
204 18
204 14
204 67
204 53
204 208
204 72
204 56
204 33
204 9
204 29
204 71
204 134
204 137
204 123
204 173
204 195
204 109
204 142
204 183
204 161
204 196
204 215
204 131
204 20
204 118
204 144
204 105
204 189
204 93
204 192
204 201
204 139
204 132
204 78
204 218
204 22
204 160
204 26
204 83
204 213
204 164
204 120
204 205
204 12
204 7
204 219
204 140
204 41
204 153
204 191
204 11
204 91
204 31
204 95
204 2
204 35
204 128
204 148
204 130
204 187
204 44
204 217
204 10
204 32
204 79
181 97
181 58
181 110
181 188
181 112
181 59
181 147
181 117
181 116
181 46
181 114
181 206
181 48
181 207
181 3
181 88
181 76
181 104
181 64
181 19
181 69
181 150
181 171
181 6
181 152
181 170
181 198
181 176
181 113
181 63
181 209
181 77
181 143
181 169
181 141
181 54
181 25
181 190
181 158
181 200
181 179
181 129
181 14
181 67
181 53
181 208
181 72
181 56
181 33
181 94
181 9
181 38
181 71
181 214
181 102
181 134
181 133
181 137
181 107
181 146
181 162
181 173
181 195
181 89
181 109
181 142
181 161
181 196
181 215
181 131
181 101
181 20
181 84
181 118
181 144
181 108
181 189
181 93
181 0
181 49
181 132
181 216
181 78
181 218
181 22
181 83
181 163
181 211
181 203
181 120
181 205
181 12
181 219
181 115
181 140
181 81
181 98
181 40
181 41
181 153
181 36
181 182
181 61
181 11
181 91
181 210
181 90
181 95
181 52
181 2
181 35
181 128
181 130
181 187
181 39
181 217
181 70
181 10
181 32
181 79
97 58
97 47
97 110
97 126
97 59
97 147
97 117
97 116
97 114
97 206
97 207
97 185
97 106
97 27
97 3
97 88
97 76
97 64
97 124
97 19
97 69
97 150
97 193
97 171
97 6
97 75
97 198
97 176
97 113
97 63
97 209
97 77
97 169
97 141
97 54
97 43
97 190
97 158
97 179
97 18
97 129
97 14
97 67
97 53
97 208
97 72
97 56
97 168
97 94
97 9
97 38
97 186
97 71
97 214
97 102
97 134
97 137
97 107
97 99
97 123
97 162
97 173
97 89
97 109
97 142
97 196
97 215
97 131
97 101
97 86
97 20
97 84
97 118
97 144
97 0
97 201
97 139
97 49
97 132
97 78
97 218
97 22
97 160
97 26
97 213
97 163
97 120
97 17
97 12
97 7
97 8
97 115
97 13
97 23
97 85
97 40
97 153
97 191
97 61
97 82
97 90
97 95
97 52
97 128
97 148
97 130
97 44
97 70
97 10
97 79
58 110
58 188
58 112
58 126
58 59
58 117
58 116
58 46
58 114
58 207
58 184
58 27
58 194
58 3
58 76
58 64
58 19
58 69
58 45
58 171
58 122
58 152
58 157
58 75
58 198
58 176
58 113
58 172
58 63
58 77
58 143
58 169
58 141
58 54
58 200
58 179
58 18
58 129
58 67
58 208
58 72
58 56
58 33
58 9
58 38
58 186
58 29
58 214
58 134
58 133
58 137
58 107
58 123
58 162
58 173
58 195
58 89
58 180
58 142
58 183
58 161
58 101
58 86
58 20
58 118
58 144
58 105
58 189
58 93
58 192
58 201
58 139
58 132
58 216
58 160
58 83
58 164
58 120
58 17
58 205
58 7
58 8
58 51
58 140
58 13
58 23
58 85
58 98
58 40
58 151
58 36
58 11
58 91
58 210
58 82
58 95
58 2
58 159
58 130
58 187
58 39
58 217
58 70
47 147
47 117
47 116
47 46
47 114
47 48
47 197
47 207
47 184
47 27
47 88
47 104
47 64
47 124
47 19
47 150
47 135
47 193
47 171
47 122
47 6
47 152
47 170
47 75
47 166
47 113
47 63
47 209
47 77
47 143
47 169
47 141
47 54
47 25
47 158
47 200
47 179
47 18
47 129
47 67
47 53
47 208
47 72
47 33
47 9
47 38
47 186
47 29
47 71
47 214
47 102
47 134
47 133
47 107
47 99
47 162
47 173
47 195
47 180
47 183
47 196
47 215
47 131
47 86
47 20
47 84
47 105
47 108
47 189
47 93
47 192
47 201
47 139
47 49
47 216
47 218
47 22
47 26
47 83
47 213
47 164
47 203
47 120
47 17
47 119
47 12
47 7
47 115
47 13
47 81
47 85
47 98
47 40
47 41
47 153
47 151
47 191
47 36
47 182
47 61
47 11
47 91
47 82
47 90
47 31
47 95
47 52
47 159
47 148
47 39
47 44
47 217
110 188
110 126
110 59
110 147
110 116
110 46
110 114
110 206
110 48
110 197
110 207
110 184
110 185
110 106
110 27
110 194
110 3
110 76
110 104
110 124
110 19
110 69
110 150
110 45
110 193
110 6
110 152
110 170
110 157
110 176
110 113
110 63
110 209
110 143
110 141
110 43
110 25
110 190
110 179
110 18
110 67
110 53
110 208
110 72
110 56
110 33
110 168
110 94
110 9
110 38
110 71
110 102
110 134
110 107
110 99
110 123
110 173
110 195
110 89
110 109
110 180
110 183
110 161
110 196
110 215
110 131
110 101
110 86
110 84
110 118
110 105
110 189
110 0
110 192
110 201
110 139
110 49
110 132
110 216
110 160
110 213
110 163
110 164
110 211
110 120
110 119
110 12
110 7
110 219
110 51
110 115
110 13
110 23
110 85
110 98
110 40
110 151
110 36
110 61
110 82
110 31
110 52
110 2
110 35
110 128
110 130
110 39
110 217
110 70
110 10
110 32
110 79
110 66
188 112
188 59
188 117
188 116
188 46
188 114
188 206
188 184
188 27
188 194
188 88
188 76
188 104
188 64
188 69
188 150
188 45
188 135
188 193
188 6
188 152
188 157
188 166
188 198
188 172
188 63
188 209
188 143
188 169
188 141
188 54
188 43
188 200
188 179
188 18
188 129
188 14
188 67
188 208
188 72
188 33
188 168
188 9
188 38
188 29
188 71
188 214
188 102
188 134
188 133
188 107
188 123
188 146
188 173
188 195
188 180
188 142
188 183
188 161
188 101
188 86
188 84
188 144
188 108
188 189
188 93
188 0
188 192
188 201
188 139
188 132
188 216
188 218
188 22
188 160
188 26
188 83
188 213
188 163
188 164
188 211
188 120
188 17
188 119
188 205
188 12
188 7
188 8
188 51
188 115
188 140
188 13
188 81
188 23
188 85
188 40
188 153
188 151
188 36
188 182
188 61
188 11
188 91
188 210
188 82
188 90
188 95
188 52
188 2
188 128
188 148
188 187
188 39
188 44
188 70
188 10
188 32
188 66
112 126
112 59
112 147
112 46
112 114
112 206
112 48
112 197
112 207
112 184
112 185
112 106
112 27
112 3
112 88
112 64
112 124
112 69
112 150
112 45
112 193
112 171
112 122
112 152
112 170
112 166
112 198
112 176
112 172
112 63
112 209
112 77
112 143
112 141
112 54
112 43
112 25
112 158
112 200
112 179
112 18
112 129
112 33
112 94
112 9
112 29
112 71
112 214
112 102
112 134
112 133
112 137
112 107
112 123
112 146
112 173
112 89
112 109
112 180
112 142
112 183
112 215
112 131
112 86
112 20
112 84
112 144
112 105
112 108
112 189
112 93
112 192
112 201
112 139
112 49
112 132
112 78
112 218
112 26
112 83
112 213
112 163
112 164
112 119
112 205
112 12
112 7
112 219
112 51
112 115
112 140
112 13
112 23
112 98
112 153
112 151
112 191
112 182
112 11
112 91
112 210
112 90
112 95
112 52
112 2
112 35
112 159
112 39
112 44
112 217
112 70
112 10
112 32
112 79
112 66
126 59
126 46
126 114
126 48
126 197
126 185
126 106
126 27
126 194
126 3
126 76
126 104
126 64
126 150
126 45
126 135
126 171
126 122
126 6
126 152
126 170
126 157
126 75
126 198
126 176
126 113
126 209
126 143
126 54
126 43
126 190
126 158
126 179
126 18
126 14
126 67
126 53
126 208
126 72
126 56
126 168
126 9
126 38
126 186
126 29
126 71
126 102
126 137
126 99
126 123
126 146
126 173
126 195
126 180
126 142
126 183
126 161
126 131
126 86
126 84
126 118
126 144
126 189
126 93
126 0
126 192
126 201
126 139
126 218
126 26
126 83
126 213
126 163
126 211
126 203
126 17
126 119
126 205
126 12
126 7
126 8
126 219
126 140
126 13
126 81
126 23
126 85
126 98
126 41
126 153
126 191
126 182
126 11
126 91
126 82
126 90
126 95
126 52
126 2
126 35
126 159
126 148
126 130
126 187
126 217
126 10
126 32
126 79
126 66
59 117
59 46
59 206
59 48
59 197
59 207
59 185
59 106
59 194
59 88
59 76
59 104
59 69
59 150
59 45
59 122
59 6
59 170
59 166
59 172
59 209
59 77
59 54
59 43
59 25
59 190
59 158
59 200
59 179
59 67
59 53
59 56
59 168
59 9
59 38
59 186
59 29
59 71
59 214
59 134
59 133
59 137
59 99
59 146
59 162
59 195
59 89
59 109
59 183
59 161
59 196
59 131
59 101
59 118
59 144
59 93
59 0
59 192
59 201
59 49
59 78
59 160
59 26
59 83
59 213
59 164
59 211
59 203
59 120
59 7
59 8
59 219
59 115
59 140
59 13
59 81
59 85
59 98
59 40
59 41
59 151
59 191
59 182
59 61
59 11
59 91
59 210
59 82
59 31
59 95
59 35
59 128
59 130
59 44
59 70
59 32
59 79
147 116
147 46
147 206
147 48
147 197
147 207
147 184
147 3
147 76
147 104
147 64
147 124
147 69
147 150
147 45
147 135
147 193
147 171
147 152
147 157
147 75
147 166
147 198
147 176
147 63
147 77
147 54
147 25
147 158
147 179
147 18
147 129
147 14
147 53
147 208
147 72
147 33
147 94
147 9
147 186
147 29
147 71
147 102
147 134
147 133
147 137
147 107
147 123
147 146
147 162
147 173
147 195
147 89
147 180
147 183
147 196
147 215
147 86
147 20
147 84
147 118
147 144
147 105
147 189
147 93
147 0
147 192
147 201
147 139
147 49
147 132
147 216
147 78
147 218
147 22
147 83
147 164
147 211
147 203
147 17
147 12
147 8
147 219
147 51
147 140
147 13
147 81
147 23
147 85
147 98
147 40
147 41
147 153
147 191
147 36
147 11
147 91
147 210
147 52
147 35
147 148
147 130
147 187
147 217
147 70
147 10
147 32
147 66
117 116
117 46
117 114
117 206
117 48
117 185
117 106
117 194
117 76
117 104
117 19
117 150
117 135
117 193
117 171
117 122
117 170
117 157
117 75
117 198
117 113
117 172
117 63
117 209
117 77
117 143
117 169
117 141
117 54
117 43
117 25
117 158
117 200
117 179
117 18
117 129
117 14
117 67
117 53
117 208
117 72
117 168
117 94
117 186
117 29
117 71
117 214
117 102
117 133
117 137
117 99
117 146
117 162
117 173
117 89
117 109
117 142
117 161
117 215
117 131
117 101
117 86
117 20
117 84
117 118
117 105
117 108
117 189
117 192
117 201
117 139
117 49
117 216
117 218
117 22
117 160
117 26
117 83
117 213
117 163
117 164
117 211
117 203
117 119
117 205
117 12
117 219
117 51
117 13
117 23
117 85
117 98
117 40
117 41
117 153
117 151
117 36
117 182
117 61
117 91
117 82
117 90
117 31
117 95
117 2
117 35
117 128
117 148
117 39
117 44
117 217
117 10
117 32
117 66
116 114
116 197
116 106
116 194
116 3
116 76
116 104
116 64
116 124
116 19
116 69
116 45
116 135
116 193
116 171
116 6
116 170
116 157
116 198
116 176
116 113
116 172
116 63
116 209
116 143
116 169
116 43
116 25
116 190
116 158
116 200
116 18
116 129
116 14
116 208
116 72
116 56
116 168
116 94
116 29
116 71
116 214
116 102
116 134
116 133
116 137
116 107
116 123
116 162
116 173
116 195
116 89
116 109
116 180
116 142
116 183
116 161
116 196
116 215
116 101
116 20
116 118
116 105
116 108
116 189
116 0
116 192
116 201
116 139
116 132
116 216
116 218
116 160
116 83
116 163
116 211
116 203
116 120
116 17
116 119
116 205
116 8
116 219
116 115
116 140
116 81
116 85
116 40
116 41
116 153
116 151
116 191
116 182
116 61
116 11
116 91
116 90
116 31
116 95
116 52
116 2
116 148
116 130
116 187
116 217
116 70
116 10
116 66
46 206
46 48
46 207
46 184
46 185
46 106
46 27
46 194
46 88
46 76
46 104
46 124
46 19
46 69
46 45
46 135
46 171
46 122
46 6
46 152
46 170
46 157
46 176
46 113
46 77
46 169
46 141
46 54
46 43
46 25
46 190
46 158
46 200
46 179
46 129
46 14
46 53
46 208
46 72
46 56
46 33
46 168
46 38
46 29
46 71
46 102
46 134
46 133
46 99
46 123
46 146
46 162
46 173
46 195
46 109
46 180
46 142
46 161
46 196
46 215
46 131
46 101
46 20
46 84
46 118
46 144
46 105
46 108
46 0
46 192
46 201
46 139
46 49
46 132
46 78
46 218
46 22
46 160
46 83
46 213
46 163
46 203
46 17
46 119
46 205
46 7
46 140
46 81
46 98
46 40
46 153
46 151
46 182
46 61
46 11
46 91
46 210
46 82
46 90
46 31
46 95
46 52
46 35
46 159
46 128
46 148
46 187
46 39
46 10
46 32
46 79
114 206
114 197
114 207
114 185
114 194
114 88
114 64
114 124
114 19
114 150
114 45
114 122
114 170
114 198
114 113
114 172
114 63
114 143
114 141
114 54
114 190
114 158
114 200
114 18
114 129
114 14
114 53
114 208
114 72
114 56
114 168
114 94
114 9
114 29
114 71
114 214
114 102
114 133
114 137
114 107
114 123
114 162
114 173
114 195
114 89
114 109
114 180
114 142
114 183
114 161
114 101
114 20
114 118
114 144
114 108
114 189
114 93
114 0
114 201
114 139
114 49
114 78
114 218
114 22
114 160
114 26
114 213
114 211
114 120
114 17
114 119
114 205
114 12
114 7
114 51
114 115
114 140
114 98
114 41
114 153
114 151
114 191
114 36
114 91
114 210
114 82
114 31
114 95
114 52
114 2
114 159
114 130
114 187
114 39
114 44
114 217
114 10
114 32
114 79
114 66
206 48
206 197
206 207
206 184
206 185
206 106
206 194
206 3
206 88
206 76
206 104
206 64
206 124
206 69
206 135
206 170
206 113
206 172
206 63
206 209
206 77
206 143
206 54
206 43
206 25
206 158
206 200
206 179
206 18
206 129
206 67
206 53
206 72
206 168
206 94
206 9
206 38
206 186
206 29
206 214
206 102
206 134
206 107
206 99
206 146
206 89
206 142
206 183
206 161
206 196
206 215
206 131
206 86
206 118
206 144
206 105
206 0
206 201
206 139
206 49
206 216
206 78
206 22
206 26
206 213
206 164
206 211
206 203
206 120
206 17
206 12
206 8
206 219
206 51
206 140
206 13
206 81
206 23
206 40
206 41
206 153
206 151
206 191
206 36
206 182
206 11
206 95
206 52
206 2
206 159
206 128
206 148
206 187
206 39
206 217
206 32
206 66
48 197
48 207
48 184
48 185
48 106
48 194
48 3
48 88
48 76
48 104
48 64
48 124
48 19
48 69
48 150
48 45
48 135
48 193
48 171
48 122
48 6
48 152
48 170
48 157
48 75
48 166
48 198
48 113
48 172
48 63
48 209
48 77
48 143
48 169
48 141
48 54
48 43
48 25
48 190
48 200
48 179
48 18
48 53
48 208
48 72
48 56
48 33
48 168
48 94
48 38
48 186
48 29
48 134
48 133
48 137
48 107
48 123
48 162
48 173
48 89
48 109
48 180
48 183
48 161
48 196
48 215
48 131
48 86
48 20
48 84
48 118
48 144
48 105
48 189
48 93
48 0
48 192
48 139
48 49
48 132
48 218
48 26
48 83
48 164
48 211
48 203
48 120
48 12
48 8
48 219
48 13
48 81
48 23
48 40
48 41
48 153
48 151
48 191
48 36
48 182
48 11
48 91
48 210
48 82
48 90
48 31
48 159
48 128
48 130
48 44
48 217
48 70
197 207
197 185
197 106
197 27
197 194
197 64
197 69
197 150
197 45
197 135
197 193
197 152
197 170
197 166
197 198
197 113
197 63
197 209
197 77
197 169
197 54
197 25
197 158
197 200
197 179
197 129
197 14
197 67
197 56
197 33
197 168
197 94
197 9
197 38
197 71
197 102
197 134
197 133
197 137
197 107
197 99
197 123
197 146
197 162
197 195
197 89
197 109
197 142
197 183
197 161
197 196
197 131
197 101
197 20
197 84
197 118
197 144
197 108
197 93
197 0
197 192
197 201
197 139
197 216
197 78
197 218
197 160
197 26
197 83
197 163
197 211
197 120
197 17
197 119
197 205
197 12
197 7
197 219
197 51
197 115
197 13
197 81
197 23
197 85
197 153
197 191
197 36
197 182
197 61
197 11
197 91
197 210
197 82
197 95
197 52
197 2
197 148
197 130
197 187
197 44
197 10
197 32
197 79
197 66
207 184
207 185
207 106
207 27
207 194
207 3
207 88
207 76
207 64
207 69
207 45
207 171
207 122
207 170
207 157
207 75
207 198
207 176
207 113
207 172
207 209
207 77
207 143
207 141
207 43
207 25
207 200
207 179
207 129
207 14
207 53
207 208
207 72
207 168
207 38
207 186
207 71
207 133
207 137
207 107
207 99
207 123
207 195
207 89
207 180
207 142
207 161
207 215
207 131
207 86
207 20
207 84
207 118
207 144
207 108
207 189
207 93
207 201
207 139
207 218
207 22
207 160
207 83
207 164
207 119
207 205
207 12
207 7
207 8
207 219
207 51
207 115
207 13
207 81
207 23
207 98
207 41
207 153
207 151
207 36
207 61
207 11
207 210
207 82
207 90
207 95
207 52
207 2
207 159
207 128
207 130
207 44
207 217
207 70
207 10
207 32
207 66
184 185
184 106
184 194
184 3
184 150
184 135
184 171
184 122
184 6
184 152
184 170
184 157
184 75
184 113
184 172
184 77
184 54
184 25
184 200
184 179
184 18
184 14
184 208
184 72
184 56
184 33
184 94
184 9
184 186
184 29
184 71
184 214
184 134
184 107
184 99
184 146
184 195
184 89
184 109
184 180
184 142
184 161
184 196
184 215
184 131
184 101
184 86
184 20
184 84
184 118
184 144
184 108
184 93
184 132
184 216
184 218
184 26
184 83
184 213
184 164
184 211
184 203
184 120
184 119
184 205
184 12
184 8
184 219
184 51
184 140
184 13
184 85
184 40
184 41
184 151
184 191
184 36
184 182
184 61
184 11
184 91
184 82
184 31
184 52
184 2
184 159
184 130
184 187
184 39
184 44
184 217
184 70
184 10
184 32
184 79
185 27
185 194
185 3
185 88
185 76
185 104
185 64
185 150
185 45
185 135
185 193
185 6
185 152
185 170
185 157
185 172
185 63
185 143
185 169
185 141
185 54
185 43
185 25
185 190
185 200
185 18
185 129
185 67
185 53
185 208
185 72
185 56
185 168
185 94
185 38
185 186
185 29
185 71
185 214
185 102
185 134
185 133
185 137
185 107
185 99
185 123
185 146
185 162
185 173
185 109
185 142
185 215
185 131
185 101
185 86
185 84
185 118
185 144
185 105
185 192
185 139
185 49
185 132
185 216
185 218
185 22
185 26
185 213
185 163
185 164
185 211
185 120
185 17
185 119
185 205
185 12
185 219
185 115
185 140
185 13
185 81
185 23
185 98
185 40
185 41
185 151
185 191
185 36
185 11
185 210
185 82
185 95
185 52
185 159
185 128
185 148
185 187
185 217
185 32
185 79
106 194
106 104
106 64
106 124
106 69
106 150
106 193
106 122
106 157
106 75
106 166
106 172
106 63
106 209
106 77
106 143
106 169
106 141
106 54
106 43
106 25
106 190
106 200
106 179
106 18
106 53
106 208
106 72
106 56
106 33
106 168
106 94
106 38
106 186
106 29
106 71
106 214
106 134
106 133
106 137
106 107
106 99
106 123
106 146
106 195
106 89
106 109
106 180
106 183
106 161
106 196
106 215
106 131
106 101
106 86
106 20
106 84
106 105
106 108
106 93
106 0
106 201
106 139
106 132
106 216
106 22
106 26
106 213
106 164
106 17
106 12
106 7
106 219
106 51
106 13
106 81
106 23
106 98
106 40
106 41
106 151
106 11
106 210
106 90
106 95
106 2
106 159
106 148
106 187
106 39
106 217
106 70
106 10
106 32
106 79
27 194
27 3
27 88
27 76
27 104
27 64
27 124
27 19
27 45
27 193
27 122
27 6
27 152
27 170
27 157
27 198
27 176
27 172
27 77
27 143
27 169
27 141
27 54
27 43
27 25
27 158
27 200
27 179
27 18
27 129
27 14
27 53
27 208
27 72
27 56
27 168
27 94
27 38
27 29
27 71
27 214
27 102
27 134
27 133
27 137
27 107
27 99
27 123
27 195
27 109
27 180
27 142
27 183
27 161
27 196
27 215
27 101
27 86
27 20
27 118
27 144
27 108
27 189
27 93
27 192
27 201
27 216
27 78
27 218
27 22
27 160
27 213
27 163
27 211
27 203
27 120
27 17
27 12
27 8
27 219
27 51
27 13
27 85
27 98
27 40
27 41
27 153
27 151
27 36
27 61
27 11
27 91
27 210
27 82
27 159
27 128
27 187
27 39
27 217
27 70
27 10
27 32
27 66
194 3
194 88
194 76
194 64
194 124
194 19
194 69
194 150
194 45
194 135
194 193
194 171
194 122
194 6
194 152
194 170
194 157
194 75
194 176
194 172
194 63
194 209
194 77
194 143
194 169
194 141
194 43
194 25
194 190
194 158
194 129
194 67
194 208
194 56
194 33
194 9
194 38
194 29
194 71
194 214
194 134
194 133
194 137
194 99
194 123
194 146
194 162
194 173
194 195
194 89
194 109
194 180
194 183
194 131
194 101
194 86
194 20
194 84
194 118
194 144
194 108
194 189
194 0
194 201
194 139
194 49
194 132
194 78
194 218
194 22
194 160
194 26
194 83
194 213
194 163
194 164
194 211
194 17
194 51
194 115
194 23
194 98
194 41
194 153
194 36
194 182
194 11
194 91
194 82
194 90
194 31
194 95
194 35
194 159
194 148
194 130
194 187
194 217
194 32
194 66
3 88
3 104
3 64
3 124
3 150
3 45
3 193
3 171
3 6
3 152
3 157
3 166
3 198
3 176
3 113
3 172
3 63
3 77
3 143
3 169
3 141
3 54
3 43
3 25
3 190
3 179
3 18
3 14
3 53
3 72
3 56
3 168
3 94
3 9
3 38
3 186
3 71
3 214
3 133
3 107
3 99
3 123
3 162
3 195
3 89
3 109
3 183
3 161
3 196
3 215
3 131
3 84
3 144
3 105
3 108
3 189
3 0
3 192
3 216
3 78
3 218
3 22
3 160
3 213
3 163
3 164
3 211
3 120
3 17
3 119
3 205
3 7
3 8
3 51
3 140
3 13
3 23
3 85
3 98
3 40
3 41
3 191
3 182
3 11
3 210
3 82
3 90
3 31
3 95
3 52
3 2
3 128
3 187
3 39
3 44
3 217
3 70
3 32
3 79
3 66
88 104
88 64
88 124
88 19
88 69
88 45
88 193
88 122
88 152
88 170
88 157
88 75
88 166
88 176
88 63
88 77
88 169
88 141
88 54
88 43
88 25
88 190
88 158
88 179
88 129
88 14
88 53
88 72
88 9
88 186
88 71
88 214
88 134
88 137
88 123
88 146
88 162
88 173
88 89
88 109
88 183
88 101
88 86
88 20
88 84
88 118
88 144
88 105
88 108
88 189
88 93
88 192
88 201
88 49
88 132
88 78
88 218
88 26
88 83
88 163
88 211
88 120
88 12
88 7
88 51
88 115
88 13
88 81
88 23
88 98
88 153
88 151
88 36
88 182
88 11
88 91
88 210
88 82
88 90
88 52
88 2
88 35
88 159
88 148
88 130
88 39
88 44
88 217
88 32
88 79
88 66
76 64
76 69
76 150
76 171
76 122
76 152
76 75
76 166
76 198
76 176
76 172
76 63
76 209
76 77
76 169
76 141
76 54
76 190
76 158
76 179
76 129
76 14
76 72
76 56
76 33
76 168
76 94
76 9
76 38
76 186
76 214
76 102
76 133
76 137
76 107
76 99
76 146
76 162
76 173
76 109
76 161
76 196
76 86
76 20
76 84
76 118
76 105
76 108
76 189
76 93
76 0
76 192
76 201
76 49
76 132
76 216
76 218
76 22
76 160
76 26
76 83
76 213
76 163
76 164
76 211
76 203
76 120
76 17
76 12
76 7
76 219
76 51
76 115
76 13
76 81
76 23
76 98
76 40
76 191
76 36
76 182
76 11
76 91
76 210
76 82
76 90
76 52
76 35
76 148
76 130
76 187
76 39
76 44
76 70
76 10
76 32
76 79
104 64
104 69
104 150
104 135
104 6
104 152
104 75
104 198
104 176
104 113
104 172
104 141
104 54
104 25
104 190
104 200
104 18
104 14
104 67
104 53
104 72
104 56
104 33
104 168
104 94
104 9
104 38
104 29
104 71
104 214
104 134
104 133
104 137
104 123
104 146
104 109
104 180
104 161
104 196
104 215
104 20
104 84
104 118
104 144
104 108
104 189
104 93
104 0
104 192
104 201
104 139
104 216
104 78
104 22
104 160
104 83
104 203
104 120
104 17
104 119
104 205
104 12
104 7
104 8
104 219
104 140
104 13
104 98
104 153
104 191
104 61
104 11
104 210
104 82
104 31
104 95
104 52
104 35
104 128
104 148
104 130
104 187
104 39
104 44
104 217
104 70
104 79
104 66
64 19
64 150
64 193
64 171
64 6
64 152
64 157
64 166
64 198
64 176
64 172
64 63
64 209
64 143
64 141
64 54
64 43
64 25
64 190
64 158
64 200
64 129
64 14
64 208
64 72
64 56
64 33
64 168
64 38
64 186
64 29
64 71
64 214
64 133
64 107
64 99
64 123
64 146
64 162
64 89
64 109
64 180
64 142
64 183
64 215
64 131
64 101
64 86
64 84
64 118
64 189
64 93
64 0
64 201
64 139
64 49
64 132
64 216
64 78
64 218
64 22
64 160
64 83
64 213
64 163
64 164
64 211
64 203
64 120
64 17
64 119
64 205
64 12
64 7
64 219
64 51
64 115
64 23
64 85
64 40
64 41
64 36
64 182
64 11
64 91
64 82
64 31
64 95
64 52
64 2
64 35
64 159
64 128
64 130
64 187
64 217
64 10
64 32
64 79
124 69
124 45
124 135
124 193
124 171
124 122
124 6
124 152
124 170
124 75
124 166
124 198
124 176
124 113
124 77
124 143
124 169
124 141
124 54
124 43
124 25
124 190
124 158
124 200
124 18
124 14
124 53
124 208
124 72
124 56
124 168
124 94
124 9
124 38
124 186
124 29
124 134
124 133
124 107
124 195
124 89
124 109
124 180
124 142
124 183
124 161
124 215
124 101
124 86
124 20
124 84
124 118
124 144
124 108
124 189
124 93
124 0
124 192
124 201
124 216
124 78
124 22
124 160
124 213
124 164
124 211
124 203
124 120
124 205
124 12
124 219
124 51
124 115
124 81
124 23
124 98
124 40
124 41
124 153
124 151
124 36
124 182
124 210
124 82
124 90
124 95
124 52
124 2
124 159
124 128
124 148
124 130
124 39
124 217
124 10
124 32
124 79
124 66
19 69
19 135
19 122
19 152
19 170
19 157
19 166
19 176
19 172
19 63
19 143
19 169
19 141
19 43
19 25
19 200
19 179
19 18
19 208
19 72
19 56
19 33
19 94
19 9
19 38
19 186
19 102
19 133
19 107
19 99
19 146
19 195
19 89
19 109
19 180
19 183
19 161
19 131
19 86
19 20
19 84
19 105
19 93
19 0
19 201
19 49
19 216
19 78
19 22
19 26
19 83
19 213
19 211
19 17
19 119
19 12
19 7
19 8
19 219
19 51
19 13
19 23
19 98
19 40
19 41
19 153
19 151
19 191
19 36
19 182
19 61
19 11
19 210
19 90
19 52
19 2
19 35
19 159
19 128
19 130
19 187
19 39
19 44
19 217
19 10
19 79
19 66
69 135
69 6
69 157
69 75
69 166
69 176
69 172
69 209
69 77
69 169
69 141
69 54
69 190
69 158
69 179
69 129
69 14
69 67
69 53
69 208
69 72
69 33
69 168
69 94
69 9
69 38
69 186
69 29
69 71
69 214
69 134
69 137
69 99
69 123
69 146
69 173
69 195
69 109
69 142
69 183
69 161
69 196
69 215
69 131
69 101
69 86
69 20
69 84
69 118
69 144
69 105
69 93
69 0
69 192
69 201
69 139
69 49
69 132
69 216
69 22
69 160
69 26
69 213
69 163
69 203
69 119
69 205
69 12
69 8
69 51
69 85
69 98
69 40
69 151
69 191
69 36
69 182
69 61
69 11
69 210
69 82
69 90
69 31
69 95
69 52
69 2
69 130
69 187
69 217
69 70
69 10
69 32
150 45
150 135
150 193
150 6
150 152
150 170
150 75
150 198
150 113
150 172
150 63
150 209
150 77
150 143
150 54
150 43
150 25
150 190
150 158
150 200
150 179
150 18
150 129
150 14
150 67
150 53
150 56
150 94
150 9
150 186
150 29
150 71
150 102
150 134
150 133
150 137
150 107
150 146
150 162
150 173
150 195
150 89
150 109
150 180
150 142
150 183
150 161
150 215
150 101
150 86
150 20
150 84
150 118
150 105
150 189
150 93
150 0
150 192
150 139
150 49
150 216
150 78
150 218
150 22
150 160
150 26
150 83
150 164
150 211
150 203
150 120
150 119
150 205
150 219
150 51
150 115
150 13
150 23
150 85
150 98
150 151
150 36
150 182
150 61
150 11
150 91
150 210
150 90
150 31
150 95
150 52
150 2
150 35
150 159
150 128
150 130
150 44
150 10
150 32
150 66
45 135
45 171
45 6
45 152
45 157
45 166
45 198
45 176
45 113
45 172
45 63
45 77
45 143
45 54
45 43
45 25
45 200
45 129
45 14
45 53
45 72
45 56
45 94
45 9
45 29
45 134
45 137
45 99
45 146
45 195
45 142
45 161
45 215
45 131
45 101
45 86
45 84
45 144
45 105
45 108
45 192
45 201
45 139
45 49
45 78
45 218
45 22
45 83
45 163
45 211
45 120
45 205
45 8
45 219
45 51
45 115
45 140
45 13
45 81
45 23
45 85
45 98
45 41
45 151
45 36
45 182
45 61
45 91
45 210
45 31
45 95
45 52
45 35
45 159
45 148
45 39
45 217
45 10
135 193
135 171
135 122
135 152
135 157
135 75
135 198
135 176
135 113
135 172
135 209
135 77
135 143
135 169
135 43
135 200
135 179
135 18
135 129
135 14
135 67
135 72
135 33
135 168
135 9
135 38
135 29
135 214
135 134
135 133
135 107
135 99
135 123
135 146
135 162
135 195
135 89
135 109
135 180
135 183
135 161
135 131
135 101
135 86
135 20
135 84
135 118
135 144
135 105
135 108
135 189
135 93
135 192
135 139
135 132
135 216
135 78
135 22
135 160
135 26
135 83
135 213
135 163
135 211
135 205
135 12
135 7
135 219
135 115
135 140
135 85
135 98
135 40
135 41
135 153
135 151
135 191
135 36
135 182
135 61
135 11
135 91
135 82
135 2
135 159
135 128
135 148
135 130
135 44
135 70
135 10
135 32
135 66
193 171
193 122
193 6
193 152
193 75
193 166
193 198
193 176
193 113
193 172
193 209
193 77
193 143
193 54
193 190
193 158
193 200
193 129
193 14
193 67
193 53
193 72
193 33
193 168
193 9
193 38
193 29
193 71
193 214
193 102
193 133
193 107
193 123
193 146
193 173
193 109
193 180
193 161
193 196
193 215
193 131
193 101
193 86
193 84
193 144
193 189
193 93
193 0
193 192
193 201
193 49
193 132
193 218
193 22
193 160
193 163
193 164
193 203
193 120
193 17
193 119
193 205
193 12
193 7
193 13
193 81
193 23
193 85
193 98
193 40
193 191
193 182
193 61
193 91
193 210
193 82
193 31
193 52
193 35
193 159
193 128
193 187
193 44
193 217
193 70
193 10
193 32
193 79
171 122
171 6
171 170
171 75
171 166
171 176
171 113
171 172
171 63
171 209
171 143
171 141
171 158
171 179
171 53
171 72
171 56
171 168
171 94
171 9
171 134
171 133
171 137
171 107
171 146
171 162
171 173
171 195
171 109
171 180
171 142
171 183
171 196
171 215
171 101
171 20
171 144
171 108
171 93
171 0
171 192
171 139
171 132
171 216
171 78
171 218
171 22
171 160
171 83
171 211
171 203
171 120
171 17
171 7
171 8
171 51
171 140
171 13
171 81
171 23
171 85
171 98
171 40
171 41
171 191
171 36
171 182
171 11
171 91
171 210
171 82
171 31
171 95
171 52
171 128
171 148
171 130
171 187
171 39
171 44
171 217
171 66
122 6
122 170
122 75
122 63
122 77
122 143
122 169
122 141
122 25
122 190
122 200
122 18
122 129
122 67
122 72
122 33
122 168
122 94
122 29
122 71
122 133
122 99
122 123
122 146
122 162
122 173
122 195
122 89
122 180
122 142
122 196
122 215
122 131
122 101
122 86
122 20
122 84
122 118
122 144
122 108
122 93
122 192
122 201
122 139
122 132
122 160
122 26
122 163
122 164
122 211
122 203
122 120
122 119
122 205
122 7
122 8
122 219
122 115
122 140
122 13
122 85
122 98
122 40
122 151
122 191
122 36
122 182
122 61
122 82
122 95
122 2
122 159
122 128
122 148
122 130
122 187
122 39
122 44
122 70
122 32
122 79
122 66
6 152
6 170
6 157
6 198
6 176
6 172
6 77
6 143
6 169
6 43
6 25
6 158
6 200
6 179
6 18
6 129
6 67
6 53
6 208
6 72
6 168
6 9
6 38
6 186
6 29
6 214
6 102
6 134
6 133
6 99
6 173
6 195
6 180
6 183
6 161
6 196
6 215
6 101
6 86
6 20
6 118
6 144
6 105
6 108
6 0
6 192
6 201
6 139
6 49
6 132
6 78
6 160
6 83
6 163
6 164
6 211
6 203
6 120
6 119
6 205
6 12
6 8
6 219
6 51
6 13
6 81
6 41
6 153
6 151
6 36
6 182
6 61
6 82
6 90
6 31
6 95
6 2
6 159
6 128
6 130
6 187
6 39
6 44
6 70
6 10
6 32
6 79
152 157
152 75
152 198
152 113
152 172
152 209
152 77
152 169
152 141
152 25
152 200
152 129
152 14
152 67
152 53
152 208
152 72
152 56
152 33
152 168
152 9
152 38
152 186
152 29
152 214
152 102
152 134
152 133
152 99
152 123
152 146
152 162
152 173
152 195
152 89
152 109
152 180
152 142
152 183
152 161
152 215
152 101
152 86
152 20
152 144
152 105
152 189
152 0
152 192
152 201
152 139
152 49
152 132
152 216
152 22
152 26
152 83
152 164
152 211
152 203
152 120
152 17
152 119
152 205
152 8
152 51
152 140
152 81
152 23
152 85
152 98
152 40
152 36
152 182
152 11
152 210
152 82
152 31
152 95
152 2
152 35
152 159
152 128
152 148
152 130
152 187
152 39
152 44
152 217
152 70
152 32
152 79
170 198
170 113
170 172
170 63
170 209
170 77
170 143
170 169
170 141
170 43
170 25
170 200
170 179
170 18
170 129
170 14
170 67
170 208
170 72
170 56
170 33
170 94
170 9
170 29
170 214
170 102
170 134
170 133
170 137
170 107
170 146
170 162
170 89
170 109
170 180
170 196
170 215
170 131
170 101
170 86
170 84
170 118
170 144
170 108
170 189
170 201
170 139
170 49
170 216
170 218
170 22
170 160
170 83
170 164
170 203
170 120
170 17
170 12
170 7
170 8
170 140
170 13
170 81
170 23
170 85
170 40
170 153
170 151
170 191
170 36
170 182
170 61
170 91
170 82
170 90
170 31
170 52
170 35
170 128
170 148
170 130
170 187
170 39
170 70
170 10
170 32
170 79
170 66
157 75
157 198
157 176
157 172
157 63
157 209
157 77
157 143
157 54
157 43
157 25
157 158
157 200
157 18
157 129
157 53
157 208
157 72
157 56
157 33
157 9
157 38
157 186
157 71
157 102
157 134
157 133
157 107
157 99
157 123
157 146
157 162
157 89
157 142
157 161
157 196
157 215
157 131
157 20
157 118
157 108
157 93
157 0
157 201
157 139
157 49
157 132
157 216
157 78
157 218
157 22
157 83
157 213
157 164
157 211
157 120
157 119
157 12
157 7
157 8
157 219
157 51
157 115
157 140
157 98
157 41
157 151
157 36
157 11
157 91
157 82
157 90
157 31
157 2
157 35
157 148
157 39
157 44
157 217
157 70
157 10
157 66
75 166
75 198
75 176
75 172
75 63
75 143
75 169
75 43
75 25
75 190
75 158
75 200
75 18
75 129
75 67
75 53
75 208
75 72
75 33
75 168
75 9
75 38
75 29
75 71
75 102
75 134
75 137
75 107
75 123
75 146
75 89
75 180
75 142
75 183
75 161
75 196
75 101
75 86
75 20
75 84
75 118
75 144
75 105
75 93
75 0
75 201
75 139
75 49
75 132
75 218
75 26
75 83
75 213
75 163
75 164
75 203
75 17
75 119
75 205
75 12
75 7
75 8
75 13
75 81
75 23
75 98
75 40
75 41
75 151
75 191
75 36
75 61
75 11
75 91
75 95
75 2
75 35
75 128
75 148
75 130
75 187
75 39
75 44
75 70
75 10
75 79
75 66
166 198
166 176
166 113
166 172
166 63
166 209
166 77
166 143
166 141
166 54
166 25
166 190
166 158
166 200
166 179
166 129
166 53
166 208
166 56
166 33
166 168
166 94
166 9
166 38
166 29
166 214
166 102
166 133
166 107
166 99
166 123
166 89
166 109
166 180
166 183
166 215
166 101
166 20
166 84
166 118
166 105
166 108
166 189
166 93
166 0
166 49
166 216
166 22
166 26
166 83
166 213
166 163
166 211
166 203
166 17
166 119
166 205
166 12
166 8
166 219
166 51
166 115
166 140
166 13
166 81
166 98
166 40
166 41
166 153
166 151
166 182
166 61
166 11
166 210
166 90
166 31
166 52
166 2
166 35
166 128
166 130
166 187
166 39
166 79
198 172
198 63
198 209
198 77
198 141
198 54
198 25
198 190
198 158
198 179
198 129
198 67
198 53
198 72
198 56
198 9
198 186
198 29
198 214
198 134
198 137
198 99
198 123
198 146
198 162
198 173
198 89
198 109
198 142
198 161
198 196
198 215
198 131
198 20
198 118
198 144
198 108
198 189
198 93
198 0
198 192
198 201
198 139
198 49
198 216
198 78
198 26
198 213
198 163
198 211
198 120
198 205
198 12
198 7
198 8
198 140
198 23
198 85
198 40
198 153
198 151
198 191
198 36
198 61
198 91
198 82
198 90
198 31
198 52
198 2
198 35
198 159
198 128
198 148
198 130
198 44
198 217
198 70
198 10
198 32
176 113
176 172
176 63
176 77
176 143
176 54
176 43
176 25
176 190
176 158
176 200
176 14
176 67
176 208
176 33
176 168
176 94
176 9
176 38
176 186
176 29
176 102
176 134
176 137
176 107
176 123
176 146
176 162
176 173
176 195
176 109
176 142
176 131
176 101
176 86
176 20
176 105
176 108
176 189
176 0
176 192
176 201
176 49
176 132
176 216
176 160
176 163
176 164
176 203
176 120
176 17
176 12
176 7
176 8
176 219
176 51
176 140
176 13
176 85
176 98
176 41
176 36
176 182
176 61
176 11
176 91
176 210
176 31
176 95
176 52
176 159
176 128
176 148
176 130
176 187
176 39
176 217
176 70
176 32
176 79
176 66
113 172
113 63
113 209
113 77
113 143
113 169
113 54
113 43
113 200
113 179
113 129
113 67
113 208
113 72
113 56
113 186
113 29
113 214
113 102
113 134
113 137
113 107
113 99
113 123
113 146
113 173
113 195
113 89
113 109
113 180
113 161
113 196
113 215
113 84
113 105
113 189
113 93
113 0
113 201
113 139
113 132
113 216
113 78
113 218
113 22
113 26
113 83
113 213
113 164
113 211
113 203
113 17
113 119
113 12
113 8
113 219
113 51
113 140
113 13
113 81
113 23
113 85
113 98
113 40
113 41
113 191
113 182
113 11
113 90
113 2
113 35
113 159
113 148
113 130
113 39
113 217
113 10
113 32
113 66
172 209
172 169
172 141
172 190
172 158
172 179
172 18
172 14
172 67
172 53
172 208
172 72
172 56
172 33
172 168
172 94
172 186
172 29
172 71
172 102
172 133
172 99
172 146
172 89
172 109
172 180
172 142
172 183
172 196
172 215
172 131
172 20
172 84
172 118
172 144
172 108
172 189
172 93
172 192
172 216
172 78
172 22
172 160
172 26
172 83
172 163
172 164
172 211
172 203
172 120
172 17
172 119
172 205
172 12
172 7
172 8
172 219
172 115
172 140
172 13
172 36
172 61
172 11
172 91
172 90
172 31
172 95
172 52
172 2
172 35
172 148
172 130
172 39
172 44
172 10
172 32
172 79
63 209
63 77
63 143
63 169
63 141
63 54
63 158
63 200
63 179
63 18
63 129
63 67
63 53
63 56
63 33
63 168
63 94
63 38
63 71
63 134
63 133
63 107
63 99
63 123
63 146
63 162
63 195
63 89
63 109
63 180
63 142
63 183
63 196
63 215
63 131
63 20
63 108
63 192
63 49
63 132
63 216
63 78
63 218
63 22
63 26
63 213
63 211
63 203
63 119
63 205
63 219
63 115
63 140
63 13
63 81
63 85
63 40
63 153
63 151
63 191
63 182
63 61
63 91
63 82
63 90
63 31
63 159
63 128
63 39
63 44
63 217
63 70
63 79
63 66
209 77
209 143
209 169
209 141
209 43
209 25
209 200
209 179
209 18
209 14
209 72
209 33
209 168
209 9
209 71
209 214
209 133
209 137
209 107
209 123
209 146
209 162
209 195
209 89
209 109
209 180
209 183
209 161
209 196
209 101
209 86
209 84
209 144
209 105
209 108
209 189
209 93
209 192
209 201
209 139
209 49
209 216
209 26
209 83
209 213
209 163
209 164
209 211
209 203
209 120
209 17
209 119
209 205
209 12
209 8
209 219
209 115
209 140
209 81
209 23
209 85
209 98
209 40
209 41
209 153
209 151
209 182
209 11
209 90
209 31
209 95
209 52
209 148
209 130
209 187
209 44
209 70
209 10
209 79
209 66
77 143
77 169
77 141
77 54
77 25
77 190
77 158
77 179
77 129
77 14
77 67
77 53
77 208
77 72
77 56
77 168
77 94
77 9
77 38
77 186
77 29
77 71
77 102
77 134
77 133
77 99
77 162
77 173
77 195
77 109
77 180
77 183
77 196
77 215
77 101
77 20
77 118
77 105
77 108
77 189
77 93
77 0
77 201
77 49
77 132
77 216
77 78
77 218
77 160
77 164
77 203
77 119
77 12
77 7
77 8
77 219
77 85
77 98
77 41
77 151
77 36
77 61
77 91
77 210
77 31
77 95
77 52
77 159
77 128
77 148
77 130
77 187
77 39
77 44
77 217
77 70
77 10
77 79
77 66
143 169
143 54
143 43
143 25
143 190
143 158
143 18
143 129
143 208
143 72
143 56
143 33
143 168
143 94
143 9
143 38
143 186
143 29
143 71
143 214
143 102
143 133
143 137
143 107
143 99
143 123
143 146
143 162
143 195
143 89
143 109
143 142
143 183
143 196
143 101
143 20
143 84
143 118
143 105
143 108
143 189
143 93
143 0
143 192
143 216
143 78
143 218
143 22
143 160
143 26
143 164
143 203
143 120
143 119
143 12
143 51
143 13
143 81
143 23
143 85
143 41
143 191
143 36
143 182
143 91
143 210
143 90
143 31
143 52
143 2
143 159
143 130
143 187
143 44
143 70
143 10
143 32
143 79
143 66
169 141
169 54
169 43
169 25
169 158
169 200
169 179
169 18
169 129
169 53
169 72
169 168
169 9
169 38
169 186
169 214
169 102
169 134
169 133
169 137
169 107
169 123
169 146
169 162
169 173
169 195
169 89
169 109
169 142
169 183
169 161
169 215
169 131
169 101
169 86
169 84
169 105
169 189
169 93
169 0
169 192
169 201
169 49
169 132
169 78
169 218
169 22
169 26
169 164
169 211
169 203
169 120
169 17
169 119
169 12
169 7
169 115
169 140
169 13
169 81
169 23
169 85
169 98
169 40
169 41
169 153
169 151
169 191
169 36
169 182
169 61
169 11
169 91
169 210
169 90
169 31
169 95
169 52
169 2
169 128
169 148
169 130
169 187
169 39
169 44
169 217
169 70
169 10
169 32
169 79
169 66
141 54
141 25
141 158
141 200
141 179
141 14
141 67
141 53
141 72
141 56
141 33
141 168
141 94
141 9
141 38
141 29
141 71
141 214
141 133
141 137
141 99
141 123
141 146
141 173
141 195
141 89
141 109
141 180
141 142
141 183
141 161
141 215
141 131
141 101
141 84
141 105
141 108
141 189
141 93
141 0
141 192
141 49
141 132
141 78
141 218
141 22
141 26
141 213
141 163
141 211
141 203
141 120
141 17
141 205
141 12
141 51
141 115
141 140
141 13
141 23
141 85
141 98
141 40
141 153
141 191
141 36
141 91
141 210
141 82
141 31
141 95
141 52
141 128
141 148
141 130
141 39
141 217
141 10
141 32
54 43
54 25
54 200
54 179
54 18
54 129
54 67
54 208
54 72
54 56
54 33
54 9
54 38
54 186
54 29
54 71
54 214
54 134
54 99
54 123
54 146
54 162
54 109
54 180
54 142
54 161
54 215
54 131
54 101
54 86
54 20
54 118
54 108
54 189
54 93
54 192
54 201
54 139
54 132
54 216
54 78
54 218
54 83
54 213
54 211
54 203
54 120
54 17
54 119
54 205
54 12
54 7
54 8
54 140
54 13
54 81
54 85
54 98
54 153
54 151
54 36
54 182
54 91
54 82
54 90
54 31
54 95
54 52
54 2
54 35
54 128
54 148
54 130
54 187
54 39
54 44
54 217
54 70
54 10
54 32
54 66
43 190
43 158
43 18
43 14
43 53
43 208
43 72
43 33
43 168
43 94
43 9
43 186
43 71
43 214
43 134
43 137
43 107
43 99
43 123
43 89
43 109
43 180
43 183
43 161
43 196
43 131
43 20
43 84
43 118
43 144
43 105
43 189
43 93
43 0
43 192
43 139
43 49
43 78
43 218
43 160
43 26
43 83
43 213
43 163
43 203
43 120
43 205
43 7
43 8
43 219
43 51
43 140
43 23
43 98
43 40
43 182
43 61
43 11
43 91
43 210
43 82
43 90
43 52
43 2
43 35
43 159
43 128
43 148
43 130
43 39
43 70
43 32
43 79
43 66
25 190
25 158
25 200
25 18
25 129
25 67
25 53
25 208
25 72
25 56
25 168
25 94
25 9
25 38
25 29
25 71
25 102
25 133
25 137
25 107
25 123
25 162
25 173
25 89
25 109
25 180
25 142
25 183
25 196
25 131
25 101
25 20
25 84
25 118
25 144
25 108
25 189
25 0
25 201
25 139
25 132
25 78
25 218
25 22
25 26
25 213
25 164
25 203
25 120
25 17
25 119
25 205
25 12
25 51
25 140
25 13
25 23
25 85
25 153
25 151
25 61
25 11
25 90
25 31
25 2
25 159
25 128
25 148
25 187
25 39
25 44
25 217
25 70
25 10
25 79
25 66
190 158
190 179
190 14
190 53
190 72
190 33
190 9
190 38
190 186
190 214
190 102
190 137
190 107
190 99
190 123
190 173
190 195
190 109
190 180
190 142
190 183
190 161
190 196
190 101
190 86
190 20
190 144
190 108
190 0
190 201
190 139
190 216
190 78
190 218
190 22
190 160
190 26
190 213
190 163
190 120
190 17
190 119
190 205
190 7
190 8
190 219
190 51
190 115
190 140
190 98
190 40
190 153
190 36
190 182
190 61
190 11
190 91
190 210
190 82
190 90
190 31
190 52
190 35
190 148
190 130
190 187
190 44
190 10
190 32
190 66
158 200
158 18
158 129
158 14
158 53
158 208
158 56
158 168
158 94
158 38
158 186
158 29
158 71
158 214
158 102
158 137
158 107
158 123
158 146
158 173
158 195
158 109
158 180
158 183
158 161
158 196
158 215
158 101
158 20
158 84
158 144
158 105
158 108
158 0
158 192
158 201
158 49
158 132
158 216
158 78
158 218
158 22
158 160
158 26
158 213
158 163
158 164
158 211
158 203
158 120
158 119
158 8
158 219
158 51
158 13
158 81
158 85
158 98
158 40
158 41
158 153
158 151
158 191
158 36
158 182
158 61
158 11
158 91
158 210
158 82
158 31
158 52
158 2
158 159
158 128
158 130
158 39
158 217
158 70
158 10
158 32
158 79
158 66
200 18
200 129
200 208
200 72
200 56
200 168
200 94
200 9
200 38
200 71
200 214
200 102
200 134
200 137
200 99
200 123
200 146
200 195
200 89
200 109
200 142
200 101
200 20
200 84
200 118
200 144
200 105
200 108
200 93
200 0
200 192
200 139
200 49
200 132
200 216
200 218
200 22
200 160
200 83
200 213
200 163
200 164
200 203
200 120
200 17
200 119
200 12
200 8
200 51
200 115
200 81
200 23
200 85
200 98
200 40
200 41
200 153
200 191
200 36
200 61
200 11
200 91
200 210
200 82
200 90
200 95
200 52
200 2
200 159
200 128
200 148
200 130
200 187
200 217
200 70
200 10
200 32
179 129
179 14
179 67
179 53
179 72
179 56
179 33
179 168
179 94
179 9
179 38
179 71
179 133
179 107
179 99
179 146
179 173
179 89
179 109
179 180
179 142
179 161
179 215
179 131
179 101
179 20
179 84
179 118
179 189
179 93
179 0
179 192
179 201
179 49
179 132
179 218
179 160
179 26
179 213
179 211
179 203
179 120
179 17
179 205
179 12
179 8
179 115
179 140
179 81
179 23
179 85
179 40
179 41
179 151
179 191
179 182
179 91
179 82
179 90
179 95
179 35
179 128
179 148
179 130
179 187
179 44
179 217
179 10
179 79
179 66
18 129
18 14
18 208
18 72
18 56
18 94
18 9
18 38
18 186
18 29
18 71
18 214
18 102
18 134
18 137
18 107
18 99
18 146
18 173
18 89
18 109
18 180
18 183
18 161
18 196
18 215
18 101
18 20
18 118
18 105
18 108
18 0
18 132
18 78
18 218
18 22
18 26
18 83
18 163
18 211
18 203
18 17
18 205
18 12
18 219
18 51
18 115
18 140
18 13
18 23
18 85
18 98
18 40
18 41
18 151
18 191
18 182
18 61
18 11
18 210
18 82
18 31
18 52
18 2
18 35
18 159
18 39
18 44
18 70
18 32
18 79
18 66
129 67
129 53
129 208
129 56
129 168
129 9
129 186
129 29
129 71
129 102
129 134
129 133
129 107
129 123
129 146
129 162
129 173
129 89
129 180
129 142
129 183
129 161
129 196
129 215
129 101
129 118
129 144
129 105
129 189
129 0
129 192
129 201
129 216
129 78
129 218
129 160
129 26
129 83
129 213
129 163
129 164
129 203
129 120
129 119
129 205
129 7
129 8
129 219
129 51
129 140
129 13
129 81
129 23
129 85
129 40
129 41
129 153
129 151
129 36
129 11
129 91
129 210
129 90
129 31
129 95
129 52
129 2
129 159
129 148
129 130
129 187
129 39
129 44
129 217
129 70
129 32
14 67
14 53
14 208
14 56
14 33
14 168
14 9
14 38
14 186
14 29
14 71
14 214
14 102
14 134
14 133
14 137
14 107
14 195
14 89
14 180
14 183
14 161
14 215
14 131
14 101
14 20
14 144
14 105
14 108
14 189
14 93
14 192
14 49
14 132
14 216
14 218
14 22
14 26
14 164
14 211
14 203
14 120
14 17
14 119
14 205
14 7
14 8
14 51
14 140
14 13
14 81
14 23
14 40
14 191
14 182
14 11
14 91
14 82
14 90
14 31
14 95
14 52
14 2
14 35
14 130
14 44
14 217
14 70
14 66
67 53
67 208
67 72
67 56
67 168
67 94
67 9
67 38
67 186
67 71
67 214
67 102
67 134
67 137
67 99
67 123
67 146
67 162
67 173
67 195
67 89
67 142
67 161
67 196
67 215
67 131
67 86
67 84
67 118
67 144
67 105
67 108
67 189
67 93
67 0
67 192
67 201
67 139
67 49
67 216
67 218
67 26
67 83
67 213
67 164
67 211
67 203
67 120
67 12
67 7
67 8
67 115
67 140
67 13
67 81
67 23
67 85
67 41
67 153
67 191
67 36
67 61
67 11
67 91
67 210
67 31
67 95
67 2
67 159
67 128
67 187
67 39
67 44
67 70
67 10
67 32
67 79
53 208
53 72
53 56
53 168
53 94
53 9
53 29
53 71
53 214
53 102
53 133
53 137
53 107
53 99
53 123
53 146
53 162
53 89
53 180
53 183
53 215
53 131
53 20
53 118
53 108
53 93
53 192
53 201
53 139
53 216
53 78
53 218
53 22
53 26
53 213
53 164
53 120
53 17
53 119
53 205
53 12
53 7
53 8
53 51
53 115
53 140
53 81
53 98
53 40
53 41
53 153
53 151
53 191
53 36
53 61
53 11
53 91
53 210
53 82
53 90
53 95
53 52
53 2
53 159
53 128
53 148
53 187
53 39
53 44
53 70
208 72
208 56
208 168
208 94
208 38
208 186
208 71
208 133
208 137
208 99
208 123
208 146
208 173
208 195
208 89
208 109
208 142
208 183
208 161
208 196
208 215
208 131
208 20
208 144
208 105
208 189
208 93
208 0
208 192
208 201
208 139
208 132
208 216
208 78
208 218
208 26
208 164
208 211
208 203
208 17
208 119
208 205
208 12
208 8
208 219
208 115
208 140
208 81
208 23
208 85
208 153
208 191
208 36
208 61
208 11
208 210
208 82
208 31
208 52
208 2
208 148
208 187
208 39
208 44
208 217
208 10
208 79
208 66
72 56
72 33
72 94
72 38
72 186
72 134
72 133
72 137
72 107
72 99
72 123
72 146
72 162
72 89
72 109
72 180
72 142
72 183
72 131
72 101
72 20
72 144
72 105
72 108
72 93
72 0
72 192
72 139
72 49
72 132
72 216
72 218
72 22
72 160
72 83
72 213
72 163
72 211
72 203
72 120
72 119
72 205
72 12
72 8
72 219
72 51
72 115
72 13
72 81
72 23
72 151
72 11
72 31
72 52
72 2
72 35
72 148
72 39
72 70
72 32
72 79
72 66
56 33
56 9
56 38
56 29
56 71
56 102
56 134
56 133
56 107
56 99
56 173
56 195
56 109
56 180
56 142
56 183
56 215
56 131
56 86
56 20
56 118
56 105
56 93
56 0
56 192
56 201
56 139
56 49
56 22
56 160
56 26
56 83
56 213
56 163
56 211
56 203
56 120
56 17
56 205
56 12
56 8
56 51
56 115
56 23
56 85
56 98
56 40
56 41
56 153
56 36
56 182
56 11
56 82
56 35
56 128
56 39
56 44
56 10
56 32
56 79
56 66
33 168
33 94
33 38
33 214
33 134
33 133
33 137
33 107
33 162
33 173
33 195
33 89
33 109
33 142
33 161
33 196
33 215
33 131
33 20
33 118
33 108
33 189
33 192
33 201
33 49
33 132
33 216
33 218
33 22
33 26
33 83
33 213
33 164
33 211
33 203
33 120
33 17
33 12
33 7
33 8
33 140
33 13
33 81
33 23
33 85
33 98
33 40
33 153
33 151
33 191
33 61
33 11
33 210
33 82
33 90
33 2
33 35
33 159
33 148
33 44
33 217
33 70
33 10
33 32
33 79
33 66
168 9
168 38
168 186
168 102
168 134
168 99
168 146
168 162
168 173
168 195
168 109
168 142
168 161
168 196
168 215
168 131
168 101
168 86
168 84
168 118
168 105
168 189
168 93
168 0
168 192
168 201
168 139
168 49
168 78
168 218
168 83
168 164
168 211
168 120
168 119
168 205
168 12
168 7
168 219
168 115
168 140
168 81
168 85
168 40
168 41
168 153
168 151
168 191
168 36
168 182
168 61
168 11
168 91
168 210
168 82
168 90
168 31
168 2
168 35
168 159
168 128
168 148
168 130
168 79
168 66
94 38
94 186
94 29
94 71
94 133
94 137
94 107
94 123
94 89
94 109
94 180
94 142
94 161
94 196
94 215
94 131
94 86
94 20
94 84
94 118
94 144
94 105
94 189
94 0
94 192
94 139
94 132
94 78
94 22
94 83
94 163
94 164
94 211
94 120
94 17
94 119
94 7
94 8
94 219
94 51
94 140
94 13
94 81
94 23
94 98
94 40
94 41
94 153
94 191
94 36
94 182
94 11
94 91
94 210
94 82
94 90
94 31
94 52
94 2
94 35
94 159
94 128
94 148
94 187
94 39
94 44
94 217
94 10
94 32
94 79
94 66
9 38
9 186
9 29
9 214
9 102
9 134
9 133
9 107
9 123
9 146
9 173
9 195
9 89
9 109
9 161
9 196
9 215
9 20
9 118
9 105
9 93
9 0
9 192
9 139
9 49
9 216
9 78
9 218
9 22
9 160
9 26
9 83
9 213
9 163
9 164
9 211
9 17
9 119
9 205
9 12
9 7
9 8
9 219
9 51
9 115
9 81
9 98
9 40
9 41
9 151
9 191
9 36
9 182
9 61
9 11
9 91
9 210
9 82
9 31
9 52
9 35
9 159
9 128
9 130
9 217
9 10
9 79
9 66
38 29
38 71
38 102
38 134
38 133
38 137
38 99
38 123
38 146
38 162
38 173
38 195
38 109
38 180
38 142
38 183
38 161
38 196
38 131
38 101
38 20
38 84
38 118
38 108
38 189
38 0
38 192
38 201
38 49
38 216
38 78
38 22
38 160
38 26
38 83
38 213
38 163
38 211
38 120
38 17
38 119
38 205
38 12
38 7
38 8
38 219
38 51
38 115
38 23
38 85
38 151
38 191
38 182
38 61
38 11
38 91
38 90
38 31
38 95
38 52
38 2
38 35
38 128
38 148
38 130
38 187
38 39
38 217
38 70
38 79
186 71
186 214
186 102
186 137
186 107
186 99
186 146
186 162
186 173
186 89
186 180
186 142
186 183
186 161
186 196
186 215
186 20
186 84
186 144
186 105
186 108
186 189
186 192
186 139
186 49
186 132
186 216
186 78
186 218
186 22
186 160
186 26
186 163
186 164
186 211
186 203
186 120
186 17
186 119
186 12
186 7
186 8
186 115
186 140
186 13
186 81
186 23
186 85
186 98
186 40
186 41
186 153
186 151
186 191
186 182
186 91
186 210
186 82
186 31
186 95
186 52
186 35
186 128
186 130
186 187
186 39
186 217
186 70
186 10
186 66
29 71
29 214
29 102
29 134
29 133
29 137
29 99
29 123
29 162
29 195
29 109
29 180
29 183
29 196
29 215
29 131
29 84
29 118
29 105
29 108
29 189
29 93
29 0
29 192
29 49
29 132
29 216
29 218
29 22
29 160
29 83
29 163
29 164
29 211
29 203
29 120
29 17
29 119
29 205
29 115
29 140
29 13
29 81
29 23
29 85
29 40
29 41
29 153
29 151
29 191
29 61
29 82
29 31
29 95
29 35
29 128
29 187
29 44
29 217
29 70
29 10
29 32
29 79
71 214
71 102
71 134
71 133
71 137
71 99
71 146
71 162
71 173
71 195
71 180
71 142
71 183
71 161
71 215
71 131
71 101
71 86
71 20
71 84
71 118
71 144
71 105
71 93
71 0
71 49
71 216
71 78
71 218
71 22
71 160
71 26
71 83
71 213
71 163
71 120
71 17
71 119
71 7
71 8
71 51
71 140
71 81
71 23
71 85
71 40
71 41
71 153
71 151
71 191
71 36
71 182
71 61
71 11
71 82
71 90
71 31
71 95
71 52
71 2
71 159
71 148
71 130
71 187
71 10
71 66
214 134
214 133
214 137
214 99
214 123
214 146
214 109
214 183
214 215
214 131
214 86
214 20
214 84
214 144
214 105
214 108
214 189
214 0
214 201
214 49
214 78
214 22
214 160
214 26
214 83
214 213
214 163
214 164
214 211
214 203
214 120
214 205
214 7
214 8
214 219
214 51
214 115
214 81
214 23
214 85
214 98
214 40
214 41
214 153
214 191
214 36
214 61
214 91
214 210
214 82
214 95
214 52
214 2
214 35
214 128
214 39
214 44
214 70
214 10
214 32
214 79
214 66
102 137
102 107
102 99
102 123
102 146
102 162
102 195
102 89
102 109
102 180
102 183
102 161
102 215
102 101
102 86
102 20
102 84
102 118
102 144
102 105
102 189
102 93
102 0
102 139
102 49
102 216
102 78
102 22
102 26
102 213
102 163
102 164
102 211
102 203
102 17
102 119
102 205
102 12
102 7
102 8
102 219
102 51
102 115
102 23
102 98
102 40
102 41
102 153
102 151
102 191
102 61
102 91
102 210
102 90
102 95
102 52
102 2
102 35
102 159
102 128
102 148
102 187
102 44
102 217
102 70
102 10
102 32
102 79
134 133
134 107
134 99
134 123
134 173
134 195
134 89
134 180
134 142
134 161
134 215
134 131
134 86
134 20
134 84
134 144
134 105
134 189
134 93
134 0
134 201
134 139
134 49
134 132
134 216
134 78
134 22
134 160
134 26
134 164
134 211
134 120
134 119
134 12
134 7
134 8
134 219
134 140
134 23
134 85
134 40
134 153
134 151
134 36
134 61
134 11
134 210
134 82
134 159
134 187
134 39
134 44
134 217
134 32
134 79
134 66
133 137
133 107
133 123
133 146
133 162
133 173
133 180
133 183
133 161
133 131
133 86
133 20
133 144
133 105
133 189
133 93
133 0
133 192
133 201
133 49
133 132
133 218
133 22
133 160
133 26
133 83
133 213
133 163
133 211
133 203
133 120
133 17
133 119
133 205
133 12
133 8
133 219
133 51
133 115
133 140
133 13
133 98
133 40
133 41
133 153
133 36
133 182
133 210
133 82
133 31
133 95
133 52
133 35
133 148
133 130
133 44
133 217
133 10
133 32
133 79
133 66
137 123
137 146
137 173
137 109
137 180
137 183
137 161
137 196
137 215
137 131
137 101
137 84
137 118
137 105
137 108
137 93
137 201
137 139
137 49
137 132
137 216
137 78
137 22
137 160
137 163
137 164
137 120
137 119
137 12
137 8
137 115
137 140
137 13
137 23
137 85
137 40
137 41
137 153
137 151
137 191
137 36
137 182
137 61
137 91
137 210
137 90
137 95
137 2
137 35
137 159
137 128
137 148
137 187
137 39
137 44
137 217
137 32
137 79
137 66
107 123
107 146
107 162
107 180
107 142
107 183
107 215
107 86
107 118
107 105
107 108
107 189
107 93
107 0
107 49
107 78
107 22
107 160
107 26
107 211
107 203
107 120
107 119
107 7
107 8
107 115
107 140
107 13
107 23
107 85
107 98
107 40
107 41
107 151
107 182
107 61
107 82
107 31
107 52
107 2
107 35
107 159
107 148
107 130
107 44
107 10
107 32
107 66
99 123
99 162
99 173
99 195
99 89
99 109
99 180
99 142
99 161
99 196
99 215
99 131
99 86
99 20
99 84
99 118
99 144
99 105
99 108
99 93
99 201
99 139
99 49
99 132
99 78
99 160
99 26
99 213
99 163
99 211
99 203
99 120
99 17
99 205
99 12
99 8
99 219
99 51
99 13
99 23
99 85
99 98
99 40
99 41
99 153
99 151
99 36
99 182
99 61
99 210
99 82
99 31
99 52
99 2
99 35
99 159
99 128
99 130
99 187
99 39
99 44
99 70
99 79
123 146
123 162
123 173
123 195
123 89
123 109
123 180
123 183
123 161
123 196
123 215
123 101
123 86
123 20
123 84
123 144
123 108
123 189
123 93
123 192
123 201
123 49
123 78
123 218
123 26
123 213
123 164
123 211
123 120
123 17
123 205
123 12
123 7
123 51
123 115
123 85
123 98
123 40
123 41
123 151
123 182
123 61
123 11
123 91
123 210
123 90
123 52
123 2
123 35
123 159
123 128
123 148
123 187
123 44
123 217
123 70
123 10
123 79
123 66
146 195
146 89
146 109
146 142
146 183
146 131
146 101
146 20
146 144
146 105
146 93
146 0
146 192
146 49
146 216
146 22
146 213
146 164
146 211
146 120
146 119
146 205
146 12
146 7
146 8
146 219
146 51
146 115
146 13
146 98
146 40
146 153
146 191
146 36
146 182
146 11
146 82
146 95
146 2
146 35
146 159
146 148
146 130
146 187
146 44
146 70
146 10
146 32
146 79
146 66
162 173
162 89
162 142
162 183
162 161
162 196
162 215
162 101
162 86
162 118
162 105
162 108
162 189
162 93
162 0
162 201
162 132
162 216
162 22
162 83
162 213
162 164
162 211
162 203
162 120
162 119
162 205
162 12
162 7
162 219
162 115
162 140
162 13
162 81
162 85
162 98
162 40
162 41
162 151
162 191
162 36
162 182
162 61
162 210
162 82
162 90
162 31
162 95
162 52
162 2
162 159
162 148
162 39
162 44
162 70
162 10
162 79
173 195
173 89
173 109
173 180
173 142
173 183
173 161
173 196
173 215
173 131
173 101
173 86
173 84
173 105
173 189
173 93
173 132
173 216
173 78
173 22
173 160
173 26
173 83
173 213
173 163
173 17
173 119
173 205
173 8
173 115
173 140
173 13
173 23
173 85
173 98
173 41
173 153
173 151
173 191
173 36
173 61
173 11
173 210
173 82
173 90
173 31
173 95
173 52
173 2
173 159
173 128
173 187
173 217
173 10
173 32
173 79
173 66
195 109
195 180
195 183
195 161
195 215
195 131
195 101
195 86
195 20
195 84
195 118
195 144
195 105
195 189
195 192
195 201
195 216
195 78
195 218
195 22
195 26
195 83
195 164
195 211
195 203
195 120
195 119
195 205
195 7
195 219
195 115
195 140
195 13
195 81
195 23
195 40
195 153
195 151
195 191
195 36
195 182
195 11
195 210
195 90
195 31
195 95
195 52
195 159
195 148
195 130
195 187
195 39
195 44
195 217
195 70
195 79
195 66
89 109
89 180
89 183
89 196
89 215
89 131
89 101
89 86
89 20
89 118
89 144
89 105
89 108
89 189
89 192
89 201
89 139
89 49
89 216
89 218
89 22
89 160
89 26
89 83
89 163
89 211
89 203
89 120
89 17
89 205
89 12
89 8
89 219
89 115
89 13
89 81
89 23
89 85
89 98
89 41
89 153
89 182
89 61
89 11
89 91
89 210
89 82
89 90
89 95
89 2
89 128
89 148
89 130
89 187
89 44
89 70
89 10
89 79
109 180
109 142
109 161
109 196
109 215
109 86
109 84
109 118
109 144
109 108
109 0
109 192
109 201
109 139
109 132
109 216
109 22
109 160
109 213
109 163
109 211
109 120
109 17
109 119
109 205
109 7
109 219
109 51
109 115
109 81
109 23
109 85
109 191
109 182
109 61
109 11
109 82
109 90
109 31
109 95
109 52
109 159
109 148
109 187
109 44
109 217
109 70
109 10
180 142
180 161
180 131
180 101
180 20
180 118
180 105
180 189
180 93
180 0
180 192
180 201
180 49
180 216
180 78
180 218
180 26
180 213
180 163
180 164
180 211
180 203
180 17
180 119
180 7
180 8
180 219
180 51
180 115
180 81
180 23
180 85
180 98
180 40
180 153
180 151
180 36
180 182
180 61
180 11
180 210
180 82
180 95
180 52
180 35
180 159
180 128
180 148
180 130
180 39
180 32
142 183
142 196
142 131
142 101
142 20
142 84
142 144
142 105
142 108
142 189
142 93
142 0
142 201
142 49
142 132
142 216
142 78
142 22
142 26
142 83
142 163
142 164
142 203
142 120
142 119
142 12
142 7
142 8
142 51
142 115
142 81
142 98
142 40
142 41
142 153
142 61
142 11
142 210
142 82
142 90
142 31
142 95
142 52
142 2
142 39
142 217
142 70
142 32
142 66
183 196
183 215
183 131
183 101
183 86
183 20
183 84
183 118
183 144
183 105
183 108
183 0
183 216
183 78
183 218
183 22
183 160
183 26
183 83
183 163
183 164
183 211
183 120
183 119
183 205
183 12
183 7
183 8
183 51
183 115
183 13
183 81
183 23
183 85
183 98
183 41
183 153
183 151
183 182
183 61
183 11
183 91
183 210
183 82
183 90
183 31
183 52
183 2
183 159
183 128
183 130
183 187
183 39
183 217
183 70
183 10
183 66
161 196
161 215
161 131
161 86
161 20
161 118
161 144
161 108
161 189
161 93
161 0
161 201
161 132
161 218
161 26
161 213
161 163
161 164
161 211
161 120
161 17
161 12
161 7
161 8
161 219
161 51
161 115
161 81
161 23
161 98
161 41
161 191
161 36
161 61
161 11
161 91
161 210
161 2
161 35
161 159
161 128
161 130
161 187
161 39
161 44
161 217
161 70
161 32
161 79
161 66
196 131
196 101
196 86
196 20
196 118
196 144
196 189
196 93
196 192
196 201
196 132
196 216
196 78
196 218
196 22
196 160
196 26
196 213
196 164
196 205
196 219
196 51
196 115
196 23
196 85
196 41
196 153
196 151
196 182
196 61
196 91
196 210
196 90
196 95
196 52
196 2
196 35
196 159
196 130
196 187
196 44
196 217
196 70
196 10
196 66
215 131
215 101
215 20
215 84
215 144
215 105
215 189
215 93
215 192
215 49
215 132
215 216
215 78
215 22
215 83
215 211
215 203
215 120
215 17
215 119
215 205
215 8
215 51
215 140
215 13
215 81
215 23
215 85
215 98
215 40
215 153
215 151
215 36
215 182
215 11
215 210
215 31
215 95
215 2
215 159
215 130
215 39
215 44
215 217
215 10
215 79
215 66
131 101
131 86
131 20
131 84
131 118
131 105
131 189
131 93
131 0
131 192
131 201
131 139
131 49
131 216
131 78
131 26
131 83
131 213
131 163
131 211
131 17
131 119
131 205
131 12
131 8
131 219
131 51
131 115
131 140
131 13
131 81
131 23
131 85
131 98
131 40
131 191
131 36
131 182
131 61
131 11
131 91
131 210
131 82
131 95
131 52
131 2
131 35
131 159
131 130
131 187
131 44
131 217
131 10
131 79
101 84
101 144
101 105
101 108
101 189
101 93
101 0
101 139
101 49
101 132
101 78
101 160
101 26
101 83
101 213
101 163
101 164
101 211
101 203
101 120
101 119
101 12
101 7
101 219
101 140
101 13
101 81
101 23
101 85
101 40
101 191
101 36
101 61
101 91
101 210
101 90
101 31
101 95
101 52
101 35
101 159
101 128
101 148
101 130
101 187
101 39
101 44
101 10
101 79
86 118
86 144
86 105
86 108
86 189
86 93
86 192
86 201
86 49
86 132
86 216
86 78
86 22
86 160
86 26
86 83
86 213
86 164
86 211
86 203
86 17
86 119
86 205
86 219
86 51
86 140
86 13
86 81
86 23
86 98
86 40
86 41
86 153
86 151
86 191
86 61
86 11
86 91
86 210
86 82
86 90
86 95
86 128
86 130
86 187
86 39
86 44
86 217
86 70
86 10
86 32
86 66
20 84
20 118
20 105
20 108
20 93
20 0
20 192
20 201
20 49
20 132
20 218
20 22
20 26
20 213
20 211
20 203
20 120
20 119
20 205
20 12
20 8
20 219
20 51
20 115
20 140
20 23
20 85
20 98
20 40
20 191
20 61
20 11
20 91
20 210
20 82
20 90
20 95
20 52
20 2
20 159
20 128
20 148
20 130
20 187
20 44
20 217
20 70
20 10
20 79
84 144
84 105
84 189
84 93
84 192
84 201
84 139
84 49
84 132
84 216
84 22
84 160
84 26
84 83
84 213
84 163
84 164
84 203
84 120
84 12
84 8
84 219
84 51
84 115
84 140
84 13
84 81
84 23
84 85
84 98
84 151
84 36
84 61
84 11
84 91
84 210
84 82
84 90
84 159
84 128
84 148
84 130
84 187
84 39
84 217
84 70
84 10
84 32
84 79
84 66
118 144
118 189
118 93
118 0
118 192
118 201
118 139
118 132
118 78
118 22
118 160
118 83
118 164
118 211
118 203
118 120
118 17
118 119
118 7
118 8
118 219
118 51
118 115
118 140
118 81
118 23
118 98
118 41
118 153
118 151
118 191
118 182
118 11
118 91
118 210
118 90
118 31
118 52
118 2
118 159
118 128
118 148
118 130
118 187
118 39
118 44
118 217
118 70
118 10
118 32
118 79
144 108
144 0
144 192
144 49
144 78
144 218
144 22
144 160
144 26
144 83
144 164
144 203
144 17
144 12
144 51
144 115
144 81
144 23
144 85
144 98
144 40
144 41
144 151
144 191
144 36
144 61
144 11
144 91
144 90
144 95
144 35
144 159
144 148
144 130
144 187
144 39
144 44
144 217
144 32
105 189
105 192
105 201
105 49
105 132
105 78
105 22
105 160
105 83
105 213
105 163
105 164
105 211
105 203
105 120
105 17
105 205
105 12
105 7
105 8
105 219
105 140
105 13
105 85
105 153
105 151
105 191
105 36
105 61
105 11
105 91
105 82
105 31
105 95
105 52
105 2
105 128
105 130
105 187
105 39
105 70
105 32
105 79
108 189
108 93
108 0
108 192
108 201
108 49
108 132
108 216
108 218
108 22
108 160
108 26
108 213
108 164
108 211
108 203
108 8
108 51
108 115
108 13
108 81
108 98
108 41
108 153
108 191
108 36
108 61
108 11
108 91
108 210
108 82
108 90
108 31
108 2
108 159
108 148
108 130
108 187
108 39
108 10
108 79
108 66
189 93
189 192
189 201
189 139
189 132
189 78
189 218
189 22
189 26
189 83
189 163
189 211
189 120
189 17
189 12
189 7
189 8
189 219
189 115
189 140
189 13
189 81
189 23
189 85
189 41
189 61
189 91
189 82
189 90
189 31
189 52
189 2
189 35
189 159
189 128
189 187
189 39
189 44
189 70
189 10
189 32
189 66
93 0
93 201
93 139
93 49
93 78
93 218
93 22
93 160
93 83
93 213
93 163
93 164
93 211
93 203
93 120
93 119
93 205
93 12
93 7
93 115
93 23
93 85
93 41
93 153
93 151
93 191
93 182
93 82
93 90
93 31
93 95
93 52
93 35
93 159
93 128
93 187
93 39
93 44
93 217
93 70
93 32
93 66
0 192
0 201
0 139
0 218
0 22
0 26
0 213
0 164
0 211
0 203
0 120
0 17
0 119
0 205
0 7
0 8
0 219
0 115
0 140
0 13
0 81
0 85
0 98
0 40
0 151
0 191
0 182
0 11
0 210
0 90
0 95
0 2
0 128
0 148
0 187
0 39
0 44
0 217
0 70
0 10
0 79
0 66
192 139
192 49
192 132
192 216
192 78
192 26
192 83
192 213
192 163
192 211
192 203
192 120
192 119
192 7
192 219
192 115
192 13
192 81
192 85
192 98
192 40
192 41
192 153
192 151
192 191
192 36
192 182
192 11
192 210
192 82
192 90
192 31
192 95
192 52
192 35
192 159
192 128
192 148
192 187
192 10
192 32
192 66
201 49
201 132
201 78
201 218
201 22
201 83
201 213
201 163
201 164
201 120
201 17
201 12
201 7
201 8
201 219
201 51
201 115
201 140
201 13
201 81
201 23
201 85
201 98
201 40
201 41
201 153
201 36
201 182
201 11
201 91
201 210
201 82
201 90
201 31
201 95
201 52
201 2
201 35
201 128
201 148
201 39
201 44
201 10
201 32
201 79
139 49
139 132
139 78
139 218
139 22
139 160
139 83
139 164
139 203
139 120
139 17
139 119
139 205
139 12
139 7
139 8
139 51
139 115
139 140
139 13
139 81
139 23
139 85
139 40
139 41
139 153
139 151
139 191
139 36
139 182
139 61
139 11
139 91
139 210
139 82
139 95
139 52
139 35
139 128
139 148
139 187
139 44
139 217
139 70
139 10
139 79
139 66
49 132
49 216
49 78
49 218
49 22
49 160
49 26
49 213
49 163
49 211
49 203
49 17
49 7
49 8
49 51
49 13
49 81
49 23
49 85
49 40
49 153
49 151
49 191
49 182
49 61
49 11
49 91
49 82
49 90
49 52
49 2
49 128
49 148
49 130
49 187
49 39
49 217
49 32
132 218
132 22
132 26
132 213
132 163
132 211
132 203
132 12
132 8
132 219
132 115
132 140
132 13
132 81
132 23
132 98
132 151
132 61
132 91
132 210
132 82
132 31
132 95
132 52
132 2
132 35
132 159
132 130
132 39
132 217
132 70
132 32
216 78
216 218
216 22
216 160
216 26
216 163
216 164
216 17
216 119
216 205
216 7
216 51
216 140
216 13
216 23
216 40
216 153
216 151
216 191
216 36
216 61
216 11
216 82
216 90
216 31
216 95
216 52
216 2
216 35
216 128
216 148
216 130
216 187
216 39
216 70
216 10
216 79
216 66
78 218
78 22
78 160
78 26
78 83
78 213
78 203
78 120
78 205
78 12
78 7
78 219
78 115
78 140
78 13
78 23
78 40
78 151
78 191
78 36
78 61
78 11
78 91
78 90
78 31
78 95
78 2
78 35
78 159
78 148
78 130
78 44
78 217
78 70
78 10
78 32
78 66
218 160
218 26
218 83
218 213
218 163
218 203
218 120
218 119
218 7
218 8
218 219
218 51
218 115
218 140
218 13
218 23
218 85
218 98
218 40
218 153
218 151
218 191
218 36
218 11
218 91
218 82
218 31
218 95
218 52
218 2
218 159
218 128
218 148
218 130
218 10
218 32
218 79
218 66
22 83
22 163
22 164
22 203
22 120
22 17
22 205
22 12
22 7
22 140
22 13
22 81
22 23
22 85
22 98
22 41
22 191
22 36
22 182
22 61
22 91
22 95
22 52
22 2
22 128
22 187
22 39
22 70
22 79
22 66
160 26
160 83
160 213
160 164
160 120
160 17
160 119
160 205
160 12
160 7
160 8
160 51
160 115
160 81
160 23
160 98
160 40
160 41
160 153
160 36
160 182
160 11
160 210
160 90
160 31
160 52
160 128
160 44
160 70
160 10
160 32
26 83
26 211
26 203
26 120
26 119
26 205
26 12
26 7
26 8
26 51
26 115
26 23
26 98
26 41
26 61
26 11
26 91
26 82
26 31
26 52
26 35
26 148
26 130
26 39
26 10
26 79
83 213
83 163
83 164
83 211
83 203
83 120
83 17
83 119
83 7
83 8
83 219
83 51
83 13
83 81
83 85
83 40
83 41
83 153
83 36
83 182
83 91
83 210
83 90
83 52
83 2
83 128
83 130
83 44
83 217
83 32
83 79
213 163
213 211
213 203
213 120
213 205
213 12
213 219
213 115
213 13
213 81
213 85
213 98
213 40
213 41
213 151
213 191
213 36
213 11
213 91
213 210
213 82
213 90
213 31
213 95
213 52
213 2
213 35
213 159
213 128
213 148
213 187
213 39
213 44
213 70
213 10
213 79
163 164
163 211
163 203
163 119
163 205
163 12
163 51
163 81
163 23
163 85
163 98
163 36
163 182
163 61
163 91
163 90
163 31
163 95
163 35
163 159
163 128
163 130
163 187
163 39
163 44
163 70
164 120
164 119
164 205
164 7
164 51
164 115
164 140
164 13
164 81
164 153
164 151
164 36
164 11
164 210
164 82
164 90
164 31
164 95
164 2
164 35
164 130
164 39
164 44
164 70
164 10
164 32
211 120
211 17
211 205
211 8
211 219
211 51
211 115
211 140
211 13
211 85
211 41
211 153
211 151
211 191
211 182
211 61
211 11
211 91
211 210
211 82
211 90
211 2
211 35
211 159
211 128
211 148
211 39
211 44
211 217
211 70
211 66
203 205
203 12
203 7
203 8
203 219
203 51
203 115
203 140
203 85
203 98
203 40
203 41
203 151
203 191
203 182
203 61
203 11
203 91
203 210
203 82
203 31
203 95
203 35
203 148
203 130
203 39
203 44
203 70
203 10
203 79
203 66
120 119
120 12
120 7
120 8
120 219
120 51
120 140
120 13
120 23
120 98
120 41
120 153
120 151
120 191
120 182
120 11
120 91
120 82
120 31
120 52
120 2
120 35
120 159
120 128
120 148
120 39
120 217
120 70
120 10
120 32
120 66
17 119
17 205
17 7
17 8
17 140
17 13
17 81
17 23
17 85
17 98
17 153
17 151
17 191
17 36
17 182
17 11
17 210
17 82
17 90
17 52
17 2
17 35
17 159
17 128
17 148
17 187
17 39
17 44
17 217
17 70
17 10
17 32
119 205
119 12
119 7
119 51
119 140
119 13
119 23
119 85
119 98
119 40
119 153
119 151
119 191
119 36
119 182
119 91
119 210
119 82
119 95
119 52
119 2
119 159
119 148
119 130
119 70
119 10
205 12
205 7
205 8
205 219
205 51
205 140
205 13
205 23
205 85
205 98
205 41
205 153
205 151
205 191
205 36
205 61
205 91
205 210
205 90
205 35
205 159
205 128
205 148
205 130
205 44
205 217
205 70
205 10
205 79
12 7
12 8
12 115
12 140
12 13
12 81
12 23
12 41
12 153
12 151
12 191
12 182
12 11
12 91
12 82
12 90
12 31
12 95
12 35
12 159
12 128
12 130
12 39
12 44
12 217
12 70
12 10
12 32
12 66
7 219
7 115
7 140
7 13
7 85
7 98
7 41
7 153
7 151
7 191
7 61
7 210
7 31
7 95
7 52
7 2
7 159
7 128
7 148
7 130
7 187
7 39
7 44
7 217
7 70
7 10
7 32
7 79
8 219
8 51
8 140
8 13
8 85
8 40
8 41
8 151
8 182
8 61
8 11
8 91
8 210
8 82
8 31
8 95
8 2
8 35
8 159
8 128
8 130
8 187
8 39
8 44
8 217
8 70
8 66
219 51
219 13
219 81
219 23
219 40
219 153
219 151
219 191
219 36
219 61
219 11
219 91
219 210
219 82
219 2
219 159
219 148
219 130
219 39
219 217
219 10
219 32
219 79
51 140
51 23
51 85
51 98
51 40
51 41
51 153
51 151
51 191
51 36
51 182
51 61
51 11
51 91
51 210
51 82
51 90
51 31
51 95
51 2
51 159
51 128
51 148
51 187
51 39
51 44
51 217
115 140
115 23
115 40
115 41
115 153
115 151
115 191
115 91
115 210
115 90
115 31
115 52
115 35
115 159
115 130
115 187
115 44
115 10
115 79
115 66
140 13
140 81
140 23
140 85
140 98
140 40
140 41
140 153
140 151
140 191
140 182
140 61
140 11
140 91
140 82
140 90
140 31
140 95
140 35
140 159
140 128
140 130
140 187
140 39
140 217
140 10
140 66
13 81
13 23
13 85
13 98
13 40
13 41
13 153
13 191
13 182
13 61
13 11
13 210
13 82
13 90
13 31
13 2
13 35
13 148
13 130
13 44
13 217
13 70
13 32
81 23
81 98
81 40
81 153
81 151
81 191
81 36
81 182
81 61
81 11
81 210
81 82
81 90
81 31
81 95
81 2
81 35
81 128
81 148
81 187
81 39
81 44
81 10
81 32
81 79
81 66
23 98
23 41
23 182
23 11
23 91
23 90
23 31
23 95
23 2
23 128
23 148
23 130
23 187
23 39
23 10
23 66
85 98
85 41
85 153
85 151
85 191
85 61
85 11
85 91
85 210
85 82
85 31
85 95
85 52
85 148
85 130
85 39
85 70
85 10
85 32
85 66
98 40
98 153
98 191
98 36
98 182
98 61
98 11
98 90
98 31
98 95
98 52
98 159
98 128
98 148
98 130
98 44
98 217
98 70
98 10
98 32
98 79
98 66
40 41
40 153
40 61
40 11
40 91
40 82
40 52
40 2
40 35
40 128
40 148
40 187
40 39
40 44
40 70
40 32
40 79
41 151
41 182
41 82
41 90
41 31
41 95
41 2
41 35
41 148
41 187
41 39
41 217
41 70
41 79
41 66
153 151
153 191
153 36
153 61
153 11
153 210
153 82
153 90
153 95
153 52
153 35
153 159
153 128
153 130
153 187
153 44
153 217
153 10
153 32
153 79
151 36
151 182
151 61
151 11
151 210
151 82
151 90
151 31
151 52
151 2
151 130
151 39
151 44
151 217
151 10
151 32
151 79
151 66
191 36
191 11
191 210
191 82
191 90
191 31
191 95
191 52
191 2
191 35
191 128
191 148
191 130
191 187
191 44
191 217
191 70
191 10
191 32
191 79
191 66
36 61
36 91
36 210
36 31
36 95
36 52
36 35
36 159
36 148
36 44
36 217
36 70
36 79
36 66
182 91
182 82
182 90
182 31
182 95
182 52
182 35
182 159
182 128
182 148
182 130
182 70
61 11
61 82
61 31
61 95
61 35
61 159
61 128
61 148
61 130
61 187
61 44
61 217
61 70
61 32
61 79
11 91
11 210
11 82
11 31
11 95
11 52
11 2
11 159
11 148
11 130
11 187
11 39
11 44
11 217
11 10
11 66
91 210
91 90
91 31
91 35
91 148
91 187
91 39
91 44
91 70
91 10
91 32
91 79
210 90
210 31
210 95
210 52
210 2
210 35
210 159
210 128
210 130
210 187
210 39
210 44
210 70
210 10
210 79
210 66
82 95
82 2
82 35
82 128
82 148
82 187
82 39
82 44
82 217
82 32
82 79
82 66
90 95
90 52
90 35
90 159
90 128
90 148
90 130
90 187
90 39
90 44
90 217
90 10
90 79
31 95
31 52
31 128
31 130
31 187
31 39
31 44
31 217
31 70
31 10
31 32
31 79
31 66
95 52
95 2
95 35
95 159
95 128
95 130
95 187
95 39
95 44
95 70
95 10
95 32
95 79
95 66
52 2
52 35
52 128
52 187
52 39
52 217
52 70
52 79
52 66
2 35
2 159
2 148
2 130
2 187
2 39
2 44
2 217
2 70
2 10
2 32
2 79
2 66
35 159
35 128
35 148
35 130
35 39
35 44
35 70
35 32
35 79
159 128
159 130
159 217
159 70
159 10
159 32
159 79
128 148
128 130
128 39
128 44
128 70
128 10
128 32
128 66
148 130
148 187
148 44
148 10
148 32
148 79
148 66
130 187
130 44
130 217
130 70
130 10
130 32
130 79
130 66
187 39
187 44
187 217
187 70
187 10
187 32
39 44
39 217
39 70
39 10
39 32
39 79
44 217
44 70
44 32
44 79
44 66
217 70
217 10
217 32
217 79
217 66
70 10
70 32
70 66
32 79
32 66
79 66
