*verties 191
33
17
79
169
136
20
53
189
75
112
89
92
84
154
74
91
99
183
165
194
70
106
1
64
56
168
48
87
200
160
150
59
214
217
28
47
35
132
4
129
5
142
26
76
117
195
126
207
49
81
13
80
93
51
157
190
152
68
54
130
96
61
159
95
31
172
133
146
188
108
205
15
218
21
149
10
151
78
139
171
141
11
164
203
162
101
198
202
38
166
173
211
175
104
16
102
6
122
127
212
120
186
19
63
125
111
178
201
50
131
196
115
65
208
69
199
42
40
153
71
215
158
25
90
135
128
8
30
44
147
121
138
97
88
86
103
77
32
18
94
219
66
46
114
45
55
118
72
167
123
124
177
204
144
7
134
206
137
187
43
161
140
27
60
37
193
184
39
179
82
36
116
209
182
14
185
29
24
62
98
145
176
210
9
58
216
156
110
41
191
174
*edges 
33 20
33 189
33 84
33 91
33 99
33 183
33 165
33 70
33 106
33 1
33 160
33 47
33 4
33 129
33 76
33 117
33 49
33 93
33 190
33 152
33 15
33 141
33 101
33 38
33 166
33 173
33 104
33 16
33 122
33 212
33 120
33 63
33 125
33 201
33 42
33 25
33 121
33 97
33 86
33 32
33 18
33 114
33 55
33 123
33 204
33 7
33 187
33 140
33 27
33 82
33 62
33 9
33 58
17 20
17 189
17 112
17 89
17 92
17 154
17 91
17 165
17 70
17 200
17 160
17 59
17 214
17 35
17 142
17 26
17 195
17 51
17 68
17 95
17 205
17 151
17 171
17 141
17 164
17 38
17 175
17 102
17 122
17 120
17 201
17 65
17 42
17 153
17 158
17 25
17 90
17 135
17 8
17 88
17 86
17 103
17 18
17 167
17 123
17 177
17 137
17 161
17 27
17 37
17 185
17 210
17 9
17 58
17 216
17 110
17 41
79 20
79 189
79 75
79 92
79 84
79 74
79 99
79 183
79 106
79 56
79 48
79 160
79 150
79 59
79 217
79 5
79 26
79 13
79 80
79 95
79 31
79 172
79 15
79 141
79 202
79 16
79 6
79 120
79 63
79 125
79 111
79 178
79 131
79 69
79 153
79 135
79 121
79 32
79 18
79 45
79 118
79 72
79 204
79 137
79 27
79 179
79 116
79 182
79 185
79 24
79 62
79 145
79 9
79 191
169 136
169 75
169 112
169 154
169 74
169 99
169 106
169 48
169 87
169 4
169 142
169 117
169 126
169 49
169 81
169 13
169 61
169 159
169 31
169 133
169 15
169 10
169 11
169 164
169 203
169 102
169 186
169 178
169 201
169 131
169 199
169 71
169 215
169 158
169 25
169 90
169 135
169 128
169 147
169 219
169 55
169 177
169 206
169 187
169 36
169 14
169 24
169 145
169 58
169 110
169 191
136 53
136 75
136 74
136 106
136 64
136 160
136 132
136 142
136 26
136 117
136 190
136 130
136 172
136 133
136 21
136 139
136 141
136 203
136 173
136 16
136 102
136 127
136 19
136 63
136 201
136 158
136 90
136 128
136 97
136 32
136 94
136 219
136 46
136 114
136 124
136 204
136 134
136 137
136 43
136 37
136 116
136 29
136 98
136 145
136 9
136 41
136 191
20 189
20 89
20 91
20 99
20 106
20 1
20 56
20 168
20 87
20 160
20 214
20 28
20 129
20 81
20 80
20 93
20 51
20 157
20 159
20 146
20 108
20 171
20 141
20 202
20 38
20 211
20 175
20 104
20 16
20 6
20 127
20 212
20 120
20 186
20 199
20 135
20 8
20 97
20 86
20 103
20 18
20 94
20 66
20 45
20 55
20 123
20 177
20 37
20 193
20 39
20 209
20 185
20 24
20 62
20 216
20 41
20 174
53 189
53 84
53 154
53 91
53 99
53 106
53 64
53 56
53 168
53 48
53 28
53 47
53 35
53 26
53 93
53 133
53 108
53 218
53 141
53 11
53 211
53 104
53 16
53 120
53 125
53 111
53 115
53 40
53 215
53 128
53 8
53 30
53 121
53 97
53 88
53 32
53 219
53 114
53 118
53 204
53 206
53 187
53 60
53 193
53 14
53 185
53 24
53 110
53 191
189 112
189 92
189 84
189 165
189 160
189 59
189 214
189 47
189 35
189 132
189 142
189 76
189 81
189 93
189 152
189 130
189 159
189 95
189 133
189 205
189 15
189 21
189 10
189 171
189 164
189 203
189 198
189 202
189 166
189 175
189 127
189 186
189 19
189 63
189 111
189 201
189 131
189 40
189 71
189 128
189 147
189 46
189 118
189 167
189 123
189 177
189 204
189 144
189 27
189 60
189 184
189 185
189 24
189 210
189 216
189 110
189 41
75 92
75 84
75 154
75 91
75 200
75 214
75 47
75 35
75 142
75 76
75 117
75 195
75 126
75 81
75 157
75 152
75 68
75 130
75 188
75 151
75 139
75 11
75 203
75 162
75 202
75 173
75 6
75 120
75 186
75 196
75 65
75 69
75 40
75 215
75 30
75 44
75 86
75 32
75 219
75 114
75 45
75 72
75 124
75 187
75 60
75 179
75 82
75 209
75 176
75 58
75 41
75 191
75 174
112 99
112 183
112 194
112 106
112 1
112 168
112 200
112 214
112 28
112 47
112 35
112 26
112 126
112 49
112 13
112 80
112 157
112 152
112 61
112 159
112 172
112 133
112 188
112 108
112 218
112 10
112 202
112 175
112 19
112 63
112 125
112 178
112 50
112 196
112 199
112 71
112 215
112 158
112 25
112 135
112 30
112 147
112 121
112 86
112 18
112 219
112 114
112 72
112 167
112 124
112 177
112 144
112 134
112 187
112 27
112 184
112 185
112 29
112 176
112 210
112 156
89 84
89 154
89 74
89 91
89 183
89 214
89 5
89 76
89 117
89 80
89 157
89 152
89 68
89 54
89 159
89 172
89 133
89 205
89 171
89 11
89 164
89 101
89 202
89 166
89 211
89 175
89 122
89 212
89 19
89 63
89 201
89 65
89 158
89 135
89 8
89 147
89 138
89 88
89 219
89 46
89 55
89 204
89 144
89 134
89 43
89 98
89 145
89 9
89 58
89 156
89 174
92 183
92 106
92 1
92 64
92 48
92 150
92 59
92 214
92 47
92 35
92 5
92 142
92 76
92 195
92 126
92 80
92 68
92 61
92 159
92 149
92 10
92 151
92 78
92 171
92 162
92 198
92 38
92 166
92 104
92 127
92 120
92 125
92 201
92 131
92 69
92 199
92 40
92 128
92 103
92 77
92 32
92 94
92 219
92 206
92 140
92 37
92 39
92 82
92 24
92 176
92 210
92 191
84 74
84 99
84 183
84 194
84 70
84 64
84 160
84 59
84 35
84 5
84 26
84 207
84 81
84 190
84 152
84 159
84 95
84 188
84 15
84 21
84 149
84 10
84 203
84 101
84 166
84 211
84 212
84 19
84 63
84 196
84 65
84 208
84 42
84 25
84 88
84 77
84 66
84 55
84 177
84 134
84 206
84 137
84 187
84 27
84 193
84 82
84 182
84 62
84 58
84 174
154 91
154 99
154 183
154 70
154 59
154 217
154 47
154 35
154 129
154 117
154 195
154 157
154 68
154 96
154 31
154 172
154 133
154 146
154 205
154 10
154 151
154 78
154 139
154 11
154 203
154 162
154 101
154 211
154 175
154 212
154 186
154 111
154 178
154 131
154 196
154 115
154 65
154 25
154 90
154 44
154 121
154 32
154 114
154 123
154 204
154 206
154 27
154 179
154 29
154 24
154 62
154 98
154 216
154 110
154 41
154 191
74 91
74 183
74 165
74 56
74 217
74 35
74 5
74 26
74 117
74 49
74 80
74 93
74 133
74 149
74 10
74 78
74 139
74 11
74 173
74 16
74 201
74 115
74 40
74 138
74 97
74 18
74 94
74 167
74 123
74 177
74 144
74 137
74 161
74 193
74 184
74 39
74 209
74 182
74 185
74 24
74 58
74 156
74 174
91 56
91 214
91 217
91 28
91 47
91 5
91 26
91 76
91 49
91 157
91 68
91 159
91 95
91 172
91 188
91 21
91 149
91 151
91 171
91 164
91 173
91 211
91 122
91 120
91 186
91 125
91 111
91 208
91 199
91 40
91 158
91 128
91 121
91 97
91 32
91 66
91 167
91 204
91 7
91 206
91 43
91 145
91 210
91 9
91 110
99 165
99 56
99 200
99 150
99 214
99 217
99 28
99 35
99 4
99 129
99 76
99 195
99 126
99 207
99 49
99 190
99 54
99 95
99 31
99 188
99 205
99 15
99 151
99 78
99 141
99 16
99 186
99 19
99 125
99 178
99 42
99 40
99 153
99 135
99 128
99 8
99 121
99 138
99 88
99 77
99 32
99 94
99 219
99 46
99 167
99 124
99 134
99 161
99 184
99 182
99 185
99 176
99 58
99 41
183 70
183 64
183 168
183 48
183 28
183 132
183 49
183 130
183 61
183 159
183 188
183 218
183 10
183 151
183 171
183 11
183 38
183 173
183 104
183 16
183 63
183 125
183 178
183 69
183 90
183 97
183 88
183 86
183 103
183 94
183 66
183 72
183 167
183 177
183 134
183 206
183 161
183 193
183 39
183 82
183 209
183 24
183 9
183 216
183 110
183 174
165 200
165 28
165 47
165 4
165 129
165 195
165 126
165 13
165 51
165 157
165 190
165 152
165 61
165 31
165 172
165 205
165 171
165 141
165 164
165 202
165 173
165 175
165 212
165 186
165 19
165 63
165 178
165 115
165 71
165 158
165 90
165 135
165 44
165 88
165 103
165 118
165 43
165 161
165 179
165 185
165 24
165 145
194 56
194 168
194 87
194 200
194 160
194 150
194 4
194 142
194 76
194 195
194 81
194 13
194 68
194 61
194 159
194 95
194 146
194 205
194 15
194 21
194 171
194 164
194 203
194 202
194 166
194 175
194 104
194 122
194 127
194 186
194 178
194 115
194 69
194 153
194 25
194 135
194 8
194 30
194 103
194 77
194 18
194 114
194 55
194 72
194 124
194 204
194 43
194 140
194 27
194 37
194 184
194 179
194 82
194 116
194 209
194 182
194 14
194 24
194 145
194 58
194 41
194 191
194 174
70 48
70 87
70 200
70 160
70 150
70 129
70 207
70 80
70 190
70 130
70 95
70 31
70 146
70 11
70 164
70 203
70 162
70 101
70 173
70 104
70 16
70 127
70 212
70 186
70 19
70 111
70 201
70 131
70 196
70 208
70 69
70 158
70 135
70 8
70 30
70 121
70 97
70 88
70 86
70 32
70 18
70 219
70 46
70 114
70 118
70 72
70 167
70 134
70 187
70 43
70 39
70 82
70 14
70 24
70 98
70 210
70 9
70 174
106 48
106 150
106 28
106 132
106 129
106 5
106 195
106 49
106 68
106 96
106 95
106 31
106 108
106 10
106 11
106 203
106 101
106 173
106 102
106 6
106 120
106 186
106 19
106 201
106 115
106 71
106 215
106 135
106 128
106 138
106 32
106 18
106 94
106 206
106 161
106 185
106 98
106 9
106 58
106 156
106 41
106 191
106 174
1 48
1 195
1 13
1 51
1 190
1 68
1 54
1 146
1 188
1 108
1 205
1 15
1 10
1 164
1 38
1 173
1 16
1 102
1 127
1 212
1 186
1 19
1 125
1 65
1 199
1 153
1 71
1 215
1 25
1 135
1 44
1 147
1 46
1 45
1 167
1 144
1 134
1 187
1 161
1 140
1 193
1 82
1 116
1 98
1 210
1 9
1 58
1 174
64 87
64 160
64 150
64 59
64 217
64 47
64 132
64 129
64 142
64 207
64 49
64 81
64 51
64 157
64 96
64 172
64 188
64 108
64 21
64 149
64 10
64 151
64 164
64 202
64 212
64 120
64 186
64 63
64 111
64 201
64 208
64 42
64 25
64 128
64 8
64 30
64 121
64 97
64 46
64 118
64 72
64 204
64 206
64 140
64 184
64 36
64 116
64 182
64 185
64 62
64 9
64 110
56 160
56 132
56 4
56 26
56 126
56 49
56 157
56 130
56 95
56 133
56 205
56 15
56 21
56 149
56 11
56 164
56 198
56 166
56 102
56 120
56 19
56 125
56 111
56 131
56 115
56 71
56 25
56 8
56 147
56 114
56 45
56 55
56 123
56 134
56 140
56 37
56 179
56 82
56 36
56 209
56 182
56 24
56 210
56 216
168 28
168 35
168 5
168 76
168 51
168 152
168 68
168 54
168 130
168 159
168 172
168 146
168 205
168 218
168 149
168 171
168 11
168 164
168 203
168 162
168 166
168 104
168 16
168 6
168 212
168 19
168 63
168 111
168 131
168 196
168 25
168 135
168 8
168 30
168 121
168 138
168 88
168 103
168 45
168 124
168 204
168 134
168 206
168 187
168 161
168 27
168 60
168 37
168 82
168 29
168 24
168 62
168 98
168 145
168 191
48 200
48 214
48 132
48 129
48 207
48 49
48 13
48 80
48 68
48 96
48 172
48 171
48 141
48 162
48 211
48 19
48 201
48 50
48 69
48 42
48 215
48 25
48 8
48 94
48 219
48 45
48 123
48 177
48 144
48 7
48 187
48 60
48 193
48 82
48 36
48 98
48 216
48 174
87 160
87 28
87 207
87 51
87 95
87 146
87 205
87 151
87 11
87 164
87 162
87 101
87 202
87 104
87 16
87 102
87 6
87 212
87 120
87 50
87 115
87 65
87 208
87 69
87 40
87 90
87 86
87 114
87 45
87 55
87 123
87 204
87 137
87 187
87 161
87 140
87 193
87 82
87 29
87 9
87 216
87 41
200 214
200 217
200 35
200 5
200 142
200 195
200 93
200 61
200 172
200 133
200 108
200 205
200 149
200 141
200 16
200 6
200 122
200 212
200 63
200 178
200 50
200 199
200 215
200 158
200 30
200 44
200 86
200 114
200 55
200 72
200 123
200 177
200 43
200 161
200 184
200 36
200 29
200 24
200 145
200 176
200 9
200 216
200 110
200 191
160 59
160 217
160 35
160 142
160 13
160 157
160 152
160 96
160 159
160 31
160 172
160 133
160 108
160 10
160 151
160 11
160 162
160 198
160 38
160 127
160 186
160 63
160 178
160 50
160 131
160 196
160 115
160 40
160 71
160 215
160 158
160 135
160 8
160 44
160 147
160 103
160 32
160 94
160 118
160 124
160 177
160 206
160 137
160 43
160 140
160 27
160 37
160 193
160 185
160 191
160 174
150 217
150 28
150 129
150 126
150 207
150 13
150 68
150 96
150 95
150 31
150 205
150 139
150 141
150 203
150 162
150 202
150 212
150 125
150 111
150 178
150 50
150 65
150 69
150 25
150 44
150 121
150 138
150 97
150 86
150 94
150 66
150 45
150 123
150 177
150 204
150 144
150 7
150 134
150 43
150 185
150 29
150 24
150 98
150 145
150 174
59 47
59 35
59 132
59 5
59 76
59 126
59 49
59 81
59 190
59 54
59 159
59 95
59 31
59 146
59 188
59 15
59 218
59 151
59 78
59 11
59 16
59 6
59 127
59 212
59 186
59 19
59 63
59 111
59 201
59 131
59 196
59 115
59 25
59 128
59 30
59 121
59 138
59 86
59 103
59 18
59 123
59 177
59 206
59 140
59 184
59 179
59 182
59 29
59 62
59 145
59 9
59 216
214 28
214 35
214 5
214 126
214 207
214 13
214 96
214 61
214 133
214 188
214 108
214 218
214 171
214 198
214 202
214 38
214 102
214 122
214 127
214 212
214 120
214 19
214 125
214 111
214 115
214 65
214 153
214 71
214 25
214 128
214 147
214 121
214 138
214 88
214 103
214 18
214 114
214 55
214 118
214 72
214 134
214 187
214 37
214 179
214 82
214 36
214 14
214 98
214 145
214 9
214 216
217 4
217 5
217 142
217 195
217 126
217 81
217 68
217 130
217 61
217 31
217 133
217 205
217 149
217 78
217 171
217 11
217 101
217 166
217 16
217 127
217 63
217 125
217 111
217 201
217 196
217 115
217 153
217 215
217 25
217 135
217 44
217 86
217 32
217 94
217 46
217 114
217 167
217 123
217 204
217 134
217 206
217 43
217 60
217 37
217 82
217 209
217 14
217 185
217 24
217 210
217 41
217 174
28 47
28 142
28 117
28 195
28 126
28 49
28 93
28 51
28 157
28 152
28 95
28 172
28 108
28 218
28 149
28 78
28 198
28 16
28 50
28 131
28 196
28 208
28 199
28 8
28 18
28 94
28 72
28 177
28 206
28 27
28 193
28 82
28 29
28 62
28 191
47 132
47 4
47 129
47 5
47 142
47 26
47 76
47 152
47 31
47 15
47 78
47 171
47 198
47 38
47 166
47 104
47 102
47 6
47 50
47 131
47 65
47 69
47 42
47 40
47 25
47 135
47 8
47 147
47 121
47 103
47 77
47 94
47 7
47 134
47 137
47 140
47 27
47 193
47 36
47 209
47 14
47 29
47 145
47 9
47 156
47 110
47 41
35 5
35 142
35 126
35 61
35 95
35 31
35 146
35 188
35 10
35 151
35 141
35 162
35 211
35 122
35 120
35 63
35 178
35 199
35 158
35 25
35 97
35 86
35 18
35 94
35 219
35 45
35 118
35 123
35 206
35 140
35 27
35 60
35 184
35 39
35 179
35 82
35 62
35 145
35 176
35 210
35 41
132 4
132 129
132 142
132 117
132 195
132 51
132 54
132 130
132 61
132 21
132 10
132 139
132 141
132 164
132 101
132 166
132 16
132 102
132 122
132 212
132 19
132 125
132 50
132 71
132 25
132 121
132 88
132 103
132 94
132 66
132 46
132 55
132 7
132 161
132 60
132 37
132 193
132 36
132 209
132 182
132 14
132 24
132 176
132 210
132 58
132 216
132 156
132 110
4 129
4 5
4 76
4 195
4 126
4 51
4 159
4 95
4 133
4 108
4 149
4 10
4 139
4 141
4 164
4 203
4 198
4 202
4 38
4 104
4 122
4 186
4 125
4 201
4 65
4 208
4 199
4 215
4 135
4 97
4 94
4 219
4 66
4 72
4 204
4 137
4 161
4 37
4 179
4 36
4 182
4 58
4 216
4 156
4 110
129 195
129 93
129 157
129 152
129 130
129 61
129 146
129 205
129 21
129 141
129 11
129 38
129 166
129 211
129 186
129 50
129 196
129 208
129 215
129 25
129 8
129 30
129 86
129 32
129 114
129 55
129 118
129 167
129 123
129 134
129 27
129 193
129 36
129 209
129 14
129 216
129 156
129 191
129 174
5 142
5 26
5 117
5 195
5 49
5 13
5 51
5 61
5 159
5 133
5 10
5 78
5 171
5 141
5 11
5 198
5 166
5 175
5 102
5 6
5 122
5 127
5 120
5 63
5 111
5 42
5 40
5 71
5 25
5 135
5 138
5 103
5 32
5 55
5 167
5 177
5 204
5 144
5 187
5 60
5 37
5 184
5 29
5 24
5 145
5 210
5 9
5 156
142 195
142 126
142 81
142 80
142 68
142 96
142 61
142 31
142 133
142 146
142 108
142 205
142 15
142 218
142 171
142 11
142 173
142 16
142 102
142 122
142 186
142 63
142 125
142 178
142 201
142 115
142 65
142 69
142 25
142 30
142 86
142 32
142 219
142 66
142 46
142 114
142 123
142 124
142 204
142 134
142 193
142 184
142 36
142 209
142 29
142 145
142 58
142 41
142 174
26 195
26 81
26 157
26 68
26 54
26 96
26 31
26 172
26 188
26 15
26 78
26 11
26 38
26 166
26 175
26 104
26 16
26 6
26 122
26 127
26 212
26 120
26 111
26 50
26 131
26 196
26 208
26 69
26 199
26 153
26 128
26 138
26 86
26 103
26 77
26 32
26 219
26 46
26 114
26 167
26 123
26 204
26 134
26 137
26 187
26 43
26 161
26 179
26 116
26 209
26 62
26 145
76 207
76 49
76 80
76 51
76 130
76 61
76 133
76 188
76 15
76 151
76 78
76 139
76 203
76 101
76 198
76 166
76 19
76 125
76 199
76 42
76 40
76 8
76 30
76 147
76 77
76 114
76 55
76 167
76 204
76 206
76 60
76 193
76 82
76 36
76 29
76 98
76 176
76 210
76 216
117 207
117 49
117 13
117 157
117 152
117 96
117 188
117 149
117 10
117 102
117 6
117 212
117 186
117 19
117 125
117 50
117 65
117 199
117 158
117 135
117 30
117 86
117 32
117 118
117 124
117 204
117 144
117 7
117 134
117 137
117 140
117 37
117 179
117 36
117 116
117 209
117 29
117 24
117 145
117 176
117 9
117 58
195 126
195 207
195 13
195 68
195 146
195 218
195 21
195 139
195 171
195 203
195 102
195 120
195 19
195 201
195 131
195 208
195 42
195 215
195 90
195 135
195 44
195 121
195 77
195 32
195 46
195 118
195 72
195 177
195 144
195 206
195 161
195 60
195 193
195 209
195 182
195 24
195 98
195 145
195 58
195 110
195 174
126 51
126 157
126 190
126 21
126 171
126 203
126 101
126 198
126 202
126 175
126 104
126 6
126 111
126 178
126 115
126 69
126 215
126 25
126 90
126 135
126 103
126 77
126 94
126 45
126 167
126 144
126 179
126 82
126 209
126 29
126 176
126 58
126 41
126 191
126 174
207 13
207 157
207 152
207 130
207 159
207 108
207 15
207 151
207 164
207 203
207 166
207 173
207 6
207 212
207 178
207 196
207 199
207 42
207 153
207 215
207 128
207 88
207 86
207 94
207 46
207 118
207 167
207 144
207 43
207 161
207 60
207 37
207 193
207 39
207 36
207 176
207 216
207 156
49 80
49 93
49 157
49 190
49 152
49 61
49 159
49 188
49 108
49 218
49 151
49 141
49 11
49 203
49 162
49 211
49 212
49 111
49 178
49 196
49 115
49 65
49 69
49 199
49 153
49 215
49 158
49 25
49 90
49 135
49 138
49 103
49 45
49 55
49 123
49 204
49 206
49 137
49 140
49 179
49 36
49 182
49 29
49 24
49 62
49 145
49 9
49 191
81 13
81 93
81 51
81 190
81 159
81 172
81 133
81 108
81 149
81 151
81 171
81 101
81 38
81 166
81 127
81 19
81 111
81 178
81 65
81 69
81 199
81 42
81 153
81 135
81 97
81 103
81 77
81 32
81 94
81 219
81 46
81 118
81 124
81 144
81 134
81 137
81 187
81 37
81 193
81 39
81 182
81 62
81 145
81 41
81 191
13 80
13 93
13 61
13 159
13 205
13 218
13 21
13 203
13 101
13 198
13 38
13 104
13 102
13 127
13 63
13 178
13 131
13 30
13 147
13 88
13 72
13 7
13 137
13 187
13 179
13 36
13 116
13 182
13 29
13 62
13 145
13 210
13 9
13 41
80 157
80 68
80 54
80 130
80 96
80 95
80 146
80 21
80 151
80 139
80 171
80 141
80 101
80 202
80 38
80 173
80 211
80 175
80 16
80 102
80 178
80 131
80 65
80 199
80 42
80 71
80 215
80 158
80 25
80 86
80 219
80 46
80 177
80 134
80 140
80 27
80 60
80 193
80 179
80 82
80 182
80 14
80 185
80 145
80 58
80 216
80 41
80 191
80 174
93 54
93 96
93 159
93 133
93 218
93 164
93 203
93 198
93 38
93 173
93 175
93 16
93 131
93 196
93 199
93 8
93 138
93 103
93 45
93 72
93 123
93 177
93 206
93 140
93 193
93 39
93 179
93 116
93 185
93 58
93 156
93 191
51 157
51 159
51 31
51 15
51 21
51 151
51 141
51 11
51 164
51 203
51 202
51 166
51 104
51 102
51 127
51 120
51 63
51 178
51 196
51 208
51 69
51 199
51 40
51 153
51 25
51 8
51 121
51 138
51 32
51 18
51 94
51 66
51 46
51 45
51 7
51 206
51 137
51 43
51 161
51 140
51 60
51 39
51 174
157 61
157 31
157 146
157 188
157 21
157 10
157 151
157 11
157 164
157 203
157 198
157 38
157 173
157 211
157 16
157 6
157 122
157 19
157 125
157 115
157 65
157 42
157 40
157 71
157 215
157 158
157 30
157 138
157 103
157 94
157 219
157 46
157 167
157 124
157 144
157 7
157 206
157 140
157 60
157 179
157 36
157 182
157 14
157 29
157 9
157 156
157 110
157 174
190 96
190 61
190 31
190 205
190 15
190 149
190 151
190 78
190 141
190 11
190 203
190 101
190 198
190 212
190 63
190 178
190 50
190 196
190 65
190 69
190 71
190 158
190 44
190 103
190 46
190 118
190 177
190 27
190 184
190 36
190 182
190 24
190 98
190 174
152 96
152 159
152 95
152 31
152 146
152 188
152 139
152 171
152 164
152 203
152 198
152 202
152 38
152 173
152 16
152 102
152 6
152 127
152 212
152 125
152 111
152 50
152 131
152 208
152 69
152 199
152 215
152 25
152 135
152 86
152 18
152 219
152 46
152 118
152 134
152 206
152 27
152 193
152 184
152 209
152 14
152 185
152 29
152 176
152 9
68 130
68 96
68 31
68 146
68 108
68 149
68 151
68 11
68 164
68 38
68 211
68 104
68 16
68 127
68 201
68 50
68 65
68 69
68 135
68 121
68 32
68 94
68 55
68 72
68 204
68 161
68 193
68 82
68 182
68 24
68 58
68 216
68 191
54 61
54 95
54 188
54 108
54 218
54 173
54 104
54 102
54 122
54 127
54 111
54 50
54 196
54 65
54 208
54 215
54 128
54 138
54 77
54 32
54 219
54 118
54 72
54 161
54 184
54 29
54 98
54 110
54 191
130 146
130 205
130 218
130 162
130 38
130 211
130 102
130 6
130 111
130 201
130 42
130 71
130 158
130 128
130 30
130 121
130 86
130 77
130 66
130 46
130 45
130 55
130 118
130 72
130 123
130 134
130 206
130 137
130 43
130 140
130 60
130 37
130 182
130 210
130 156
130 174
96 61
96 172
96 203
96 166
96 175
96 104
96 16
96 102
96 178
96 131
96 196
96 65
96 42
96 153
96 215
96 86
96 72
96 204
96 144
96 137
96 37
96 39
96 179
96 82
96 182
96 14
96 176
96 41
61 31
61 133
61 108
61 15
61 21
61 10
61 151
61 203
61 162
61 101
61 202
61 102
61 63
61 125
61 196
61 90
61 128
61 8
61 30
61 219
61 66
61 114
61 144
61 7
61 134
61 43
61 37
61 193
61 36
61 116
61 98
61 216
61 156
61 174
159 146
159 218
159 139
159 11
159 203
159 101
159 202
159 166
159 175
159 104
159 122
159 127
159 201
159 69
159 199
159 42
159 8
159 147
159 46
159 123
159 177
159 43
159 161
159 27
159 37
159 185
159 29
159 62
159 98
159 176
159 58
159 156
159 110
159 41
95 31
95 172
95 15
95 139
95 171
95 162
95 38
95 173
95 211
95 104
95 16
95 6
95 125
95 111
95 178
95 196
95 65
95 42
95 40
95 153
95 71
95 158
95 25
95 135
95 128
95 121
95 138
95 88
95 86
95 103
95 18
95 66
95 46
95 167
95 124
95 144
95 7
95 134
95 206
95 43
95 179
95 82
95 182
95 98
95 9
95 156
95 110
31 133
31 188
31 205
31 218
31 149
31 139
31 11
31 202
31 38
31 175
31 102
31 122
31 186
31 111
31 115
31 71
31 215
31 158
31 25
31 128
31 138
31 88
31 86
31 103
31 94
31 118
31 7
31 43
31 140
31 39
31 82
31 116
31 185
31 29
31 24
31 145
31 156
31 110
31 191
172 188
172 108
172 78
172 101
172 38
172 16
172 102
172 6
172 127
172 212
172 63
172 111
172 208
172 199
172 153
172 90
172 88
172 219
172 66
172 45
172 118
172 72
172 167
172 124
172 137
172 187
172 39
172 36
172 116
172 209
172 62
172 176
172 210
172 156
133 188
133 78
133 11
133 164
133 162
133 101
133 198
133 202
133 211
133 212
133 120
133 125
133 178
133 201
133 50
133 196
133 208
133 90
133 128
133 30
133 147
133 121
133 88
133 86
133 32
133 177
133 204
133 7
133 39
133 179
133 36
133 182
133 185
133 29
133 24
133 210
133 9
133 110
133 191
146 188
146 108
146 15
146 10
146 151
146 171
146 198
146 166
146 211
146 127
146 212
146 19
146 111
146 178
146 201
146 208
146 69
146 199
146 42
146 25
146 90
146 147
146 97
146 77
146 219
146 66
146 114
146 45
146 206
146 140
146 37
146 193
146 184
146 39
146 82
146 176
146 110
146 174
188 205
188 218
188 139
188 141
188 198
188 104
188 16
188 6
188 127
188 120
188 111
188 201
188 131
188 199
188 153
188 158
188 90
188 88
188 103
188 18
188 219
188 66
188 46
188 72
188 167
188 124
188 7
188 206
188 137
188 193
188 36
188 116
188 29
188 216
188 110
188 174
108 10
108 141
108 38
108 166
108 175
108 127
108 19
108 63
108 111
108 201
108 50
108 196
108 69
108 42
108 128
108 8
108 44
108 138
108 114
108 55
108 124
108 204
108 134
108 43
108 140
108 60
108 37
108 82
108 145
108 210
108 216
108 156
108 41
108 191
108 174
205 151
205 141
205 102
205 127
205 131
205 208
205 69
205 71
205 25
205 147
205 97
205 88
205 18
205 219
205 66
205 46
205 72
205 144
205 134
205 137
205 161
205 179
205 36
205 14
205 176
205 210
205 156
205 41
15 11
15 38
15 166
15 173
15 175
15 16
15 6
15 120
15 111
15 131
15 196
15 208
15 69
15 199
15 153
15 147
15 138
15 88
15 86
15 77
15 94
15 219
15 66
15 46
15 45
15 55
15 204
15 137
15 37
15 179
15 182
15 24
15 145
15 156
15 191
218 21
218 164
218 101
218 198
218 173
218 175
218 104
218 16
218 102
218 186
218 111
218 50
218 131
218 199
218 40
218 153
218 158
218 90
218 128
218 8
218 30
218 44
218 147
218 121
218 138
218 66
218 118
218 144
218 206
218 137
218 43
218 60
218 37
218 179
218 209
218 24
218 98
218 176
218 210
218 156
218 191
21 78
21 164
21 101
21 104
21 102
21 212
21 120
21 63
21 201
21 50
21 196
21 115
21 208
21 25
21 90
21 135
21 30
21 103
21 18
21 94
21 167
21 124
21 7
21 134
21 187
21 184
21 39
21 82
21 182
21 185
21 98
21 145
21 176
21 210
21 58
21 216
21 156
21 191
149 10
149 203
149 38
149 173
149 175
149 102
149 6
149 122
149 127
149 120
149 186
149 42
149 40
149 215
149 158
149 90
149 8
149 147
149 138
149 18
149 177
149 137
149 60
149 37
149 179
149 82
149 116
149 209
149 182
149 185
149 62
149 145
149 210
149 191
10 151
10 141
10 11
10 203
10 175
10 104
10 102
10 122
10 178
10 208
10 69
10 71
10 135
10 121
10 138
10 103
10 32
10 114
10 45
10 55
10 167
10 187
10 43
10 161
10 140
10 27
10 60
10 39
10 36
10 116
10 209
10 24
10 145
10 9
10 216
10 156
10 41
151 78
151 141
151 198
151 202
151 38
151 104
151 127
151 111
151 115
151 208
151 69
151 158
151 25
151 30
151 44
151 147
151 121
151 138
151 103
151 32
151 18
151 114
151 72
151 124
151 7
151 206
151 43
151 161
151 37
151 184
151 39
151 14
151 98
151 210
151 191
78 171
78 141
78 162
78 198
78 38
78 166
78 211
78 104
78 16
78 102
78 120
78 50
78 128
78 30
78 97
78 46
78 45
78 72
78 167
78 137
78 37
78 184
78 36
78 116
78 209
78 185
78 145
78 176
78 58
78 216
78 110
139 141
139 164
139 203
139 211
139 102
139 6
139 127
139 212
139 120
139 19
139 111
139 115
139 69
139 153
139 71
139 25
139 90
139 30
139 94
139 66
139 55
139 204
139 206
139 39
139 179
139 36
139 14
139 185
139 24
139 176
139 9
139 216
139 156
139 110
171 11
171 101
171 202
171 38
171 166
171 211
171 6
171 127
171 212
171 120
171 19
171 178
171 131
171 115
171 199
171 40
171 153
171 90
171 44
171 121
171 18
171 94
171 46
171 114
171 118
171 167
171 43
171 140
171 27
171 184
171 39
171 36
171 209
171 185
171 145
141 162
141 211
141 175
141 102
141 120
141 125
141 178
141 201
141 131
141 196
141 208
141 199
141 153
141 25
141 138
141 18
141 55
141 177
141 187
141 43
141 140
141 37
141 184
141 179
141 82
141 36
141 209
141 182
141 29
141 62
141 9
141 110
11 162
11 202
11 102
11 178
11 201
11 131
11 199
11 42
11 135
11 147
11 138
11 88
11 94
11 45
11 72
11 177
11 7
11 134
11 187
11 161
11 140
11 60
11 184
11 182
11 98
11 156
164 175
164 63
164 111
164 178
164 115
164 42
164 25
164 90
164 135
164 128
164 44
164 138
164 86
164 94
164 167
164 134
164 161
164 184
164 36
164 116
164 98
164 210
164 110
164 41
164 191
203 202
203 166
203 173
203 175
203 122
203 127
203 212
203 186
203 208
203 90
203 8
203 88
203 103
203 46
203 124
203 144
203 82
203 116
203 210
203 9
203 216
203 110
203 174
162 202
162 38
162 211
162 175
162 6
162 120
162 63
162 131
162 65
162 208
162 199
162 40
162 71
162 25
162 90
162 8
162 123
162 7
162 134
162 187
162 43
162 161
162 62
162 9
162 58
162 216
162 156
162 110
101 198
101 104
101 6
101 127
101 212
101 120
101 19
101 63
101 125
101 115
101 199
101 42
101 40
101 153
101 25
101 135
101 30
101 44
101 138
101 18
101 94
101 114
101 55
101 72
101 123
101 124
101 187
101 161
101 116
101 14
101 29
101 156
101 174
198 173
198 104
198 120
198 186
198 63
198 201
198 50
198 131
198 153
198 158
198 25
198 30
198 77
198 219
198 66
198 114
198 72
198 167
198 123
198 7
198 206
198 137
198 161
198 140
198 37
198 82
198 209
198 14
198 24
198 98
198 145
198 210
198 9
198 156
202 111
202 196
202 208
202 40
202 71
202 135
202 44
202 121
202 103
202 55
202 72
202 177
202 144
202 7
202 206
202 187
202 43
202 140
202 193
202 184
202 182
202 14
202 62
202 98
202 145
202 176
202 41
202 191
38 6
38 122
38 120
38 19
38 115
38 208
38 40
38 71
38 158
38 147
38 138
38 97
38 45
38 55
38 167
38 177
38 134
38 137
38 43
38 161
38 184
38 14
38 210
38 174
166 173
166 127
166 186
166 125
166 178
166 201
166 131
166 40
166 153
166 158
166 25
166 30
166 121
166 88
166 94
166 66
166 167
166 43
166 161
166 184
166 39
166 116
166 182
166 14
166 191
166 174
173 16
173 120
173 63
173 111
173 131
173 196
173 208
173 90
173 147
173 121
173 97
173 124
173 7
173 187
173 193
173 39
173 179
173 116
173 62
173 210
173 9
173 216
173 110
211 104
211 6
211 122
211 127
211 186
211 125
211 131
211 115
211 90
211 8
211 30
211 121
211 88
211 103
211 18
211 219
211 66
211 55
211 72
211 204
211 134
211 37
211 179
211 185
211 29
211 145
211 210
211 9
211 58
211 110
175 16
175 125
175 111
175 178
175 201
175 131
175 65
175 208
175 42
175 40
175 153
175 135
175 30
175 44
175 147
175 138
175 167
175 124
175 177
175 204
175 144
175 43
175 36
175 209
175 185
175 29
175 98
175 176
175 9
175 216
175 191
104 16
104 102
104 125
104 208
104 69
104 40
104 25
104 30
104 86
104 94
104 118
104 144
104 179
104 14
104 29
104 62
104 145
104 58
16 19
16 63
16 201
16 131
16 71
16 158
16 25
16 135
16 128
16 138
16 77
16 32
16 45
16 72
16 167
16 124
16 134
16 137
16 187
16 43
16 140
16 184
16 145
16 176
102 125
102 201
102 196
102 65
102 208
102 40
102 215
102 30
102 138
102 97
102 103
102 18
102 94
102 45
102 124
102 137
102 37
102 39
102 14
102 9
102 110
6 178
6 115
6 65
6 208
6 42
6 40
6 71
6 25
6 8
6 77
6 94
6 45
6 144
6 206
6 43
6 60
6 36
6 116
6 209
6 29
6 98
6 9
6 191
6 174
122 212
122 120
122 196
122 65
122 71
122 215
122 158
122 25
122 135
122 18
122 219
122 66
122 45
122 72
122 204
122 144
122 140
122 179
122 36
122 24
122 216
122 156
122 191
127 212
127 186
127 63
127 111
127 178
127 199
127 42
127 153
127 25
127 77
127 94
127 45
127 204
127 7
127 134
127 206
127 137
127 187
127 43
127 60
127 37
127 193
127 82
127 182
127 145
127 174
212 120
212 201
212 131
212 115
212 208
212 69
212 158
212 90
212 121
212 32
212 45
212 55
212 118
212 123
212 124
212 177
212 204
212 134
212 27
212 184
212 179
212 36
212 182
212 14
212 24
212 98
212 176
212 210
212 110
120 19
120 196
120 199
120 40
120 153
120 158
120 90
120 128
120 138
120 97
120 32
120 18
120 94
120 45
120 55
120 118
120 72
120 167
120 123
120 161
120 140
120 39
120 182
120 185
120 29
120 174
186 50
186 131
186 196
186 69
186 42
186 40
186 71
186 215
186 25
186 128
186 8
186 147
186 97
186 86
186 103
186 94
186 219
186 45
186 55
186 72
186 123
186 124
186 204
186 144
186 7
186 206
186 187
186 161
186 37
186 193
186 182
186 185
186 24
186 98
186 41
186 174
19 65
19 71
19 215
19 30
19 44
19 88
19 18
19 66
19 55
19 118
19 204
19 134
19 206
19 43
19 161
19 27
19 39
19 179
19 36
19 29
19 62
19 145
19 216
19 156
19 41
19 191
63 111
63 50
63 196
63 69
63 199
63 135
63 128
63 8
63 147
63 138
63 18
63 114
63 72
63 124
63 204
63 43
63 37
63 39
63 179
63 36
63 182
63 185
63 24
63 176
63 210
63 156
63 174
125 65
125 199
125 42
125 71
125 158
125 90
125 135
125 30
125 44
125 138
125 97
125 88
125 66
125 45
125 118
125 177
125 134
125 187
125 43
125 27
125 184
125 82
125 36
125 182
125 62
125 98
125 145
125 9
125 216
125 41
111 131
111 42
111 71
111 158
111 135
111 128
111 8
111 121
111 138
111 77
111 18
111 118
111 72
111 7
111 206
111 137
111 43
111 36
111 182
111 14
111 24
111 145
111 9
111 58
111 41
111 174
178 50
178 215
178 158
178 135
178 128
178 44
178 138
178 86
178 103
178 55
178 72
178 123
178 7
178 27
178 193
178 39
178 82
178 116
178 182
178 14
178 210
178 191
201 131
201 196
201 69
201 153
201 158
201 8
201 121
201 86
201 77
201 32
201 219
201 66
201 45
201 167
201 124
201 43
201 60
201 193
201 29
201 62
201 176
201 210
201 191
50 196
50 42
50 25
50 90
50 135
50 8
50 86
50 77
50 32
50 18
50 94
50 66
50 45
50 55
50 118
50 204
50 206
50 60
50 193
50 209
50 24
50 62
50 110
131 196
131 65
131 69
131 42
131 40
131 153
131 71
131 215
131 86
131 32
131 18
131 219
131 45
131 55
131 118
131 72
131 123
131 204
131 137
131 187
131 39
131 36
131 24
131 176
131 216
131 110
131 191
196 115
196 199
196 40
196 158
196 90
196 135
196 128
196 138
196 88
196 94
196 45
196 118
196 72
196 124
196 134
196 206
196 137
196 43
196 161
196 60
196 39
196 14
196 145
115 153
115 25
115 90
115 44
115 138
115 97
115 88
115 94
115 219
115 66
115 45
115 167
115 177
115 137
115 161
115 140
115 27
115 24
115 62
115 9
115 216
115 110
115 191
65 69
65 42
65 158
65 25
65 128
65 44
65 147
65 121
65 18
65 66
65 55
65 204
65 137
65 187
65 27
65 60
65 184
65 36
65 116
65 209
65 185
65 62
65 145
65 176
65 210
65 58
65 216
65 156
208 69
208 158
208 128
208 8
208 30
208 97
208 103
208 45
208 55
208 72
208 167
208 123
208 124
208 177
208 144
208 7
208 184
208 39
208 58
208 110
208 174
69 153
69 25
69 8
69 30
69 147
69 88
69 137
69 37
69 184
69 36
69 182
69 14
69 62
69 58
69 110
69 41
199 153
199 71
199 215
199 90
199 128
199 138
199 88
199 66
199 46
199 118
199 72
199 123
199 134
199 206
199 137
199 60
199 39
199 179
199 82
199 182
199 185
199 62
199 176
199 210
199 110
199 191
42 153
42 215
42 158
42 138
42 86
42 103
42 204
42 134
42 206
42 137
42 140
42 179
42 209
42 24
42 98
42 176
42 58
42 110
40 215
40 158
40 103
40 219
40 66
40 46
40 55
40 167
40 7
40 137
40 187
40 36
40 29
40 24
40 62
40 210
40 216
40 41
153 158
153 90
153 44
153 121
153 138
153 66
153 118
153 72
153 177
153 144
153 7
153 134
153 161
153 184
153 82
153 36
153 116
153 185
153 156
153 110
71 215
71 25
71 90
71 8
71 44
71 97
71 88
71 18
71 94
71 45
71 118
71 72
71 167
71 177
71 204
71 187
71 43
71 116
71 185
71 174
215 158
215 90
215 8
215 30
215 121
215 138
215 103
215 18
215 66
215 45
215 204
215 144
215 134
215 137
215 60
215 82
215 145
215 58
158 25
158 97
158 46
158 72
158 123
158 124
158 204
158 7
158 134
158 140
158 27
158 193
158 39
158 82
158 209
158 14
158 29
158 145
158 58
158 156
158 110
25 8
25 30
25 44
25 88
25 103
25 46
25 204
25 206
25 161
25 37
25 184
25 39
25 24
25 9
25 216
90 44
90 121
90 138
90 86
90 94
90 219
90 114
90 45
90 55
90 124
90 204
90 161
90 27
90 37
90 184
90 36
90 185
90 210
135 30
135 138
135 77
135 32
135 18
135 219
135 46
135 118
135 204
135 206
135 137
135 193
135 39
135 14
135 24
135 62
135 176
135 9
135 110
135 191
128 44
128 147
128 97
128 103
128 77
128 94
128 134
128 43
128 161
128 60
128 184
128 39
128 182
128 14
128 62
128 210
128 58
8 44
8 103
8 46
8 114
8 55
8 118
8 134
8 187
8 37
8 179
8 14
8 29
8 145
8 210
8 216
8 110
8 191
30 147
30 138
30 103
30 32
30 55
30 167
30 124
30 144
30 7
30 134
30 43
30 60
30 36
30 182
30 98
30 41
44 138
44 97
44 86
44 103
44 32
44 46
44 45
44 55
44 72
44 123
44 144
44 140
44 39
44 82
44 209
44 14
44 29
44 24
44 62
44 98
44 145
44 176
44 216
44 41
147 66
147 55
147 7
147 206
147 140
147 27
147 60
147 39
147 36
147 116
147 209
147 9
147 110
147 41
121 88
121 18
121 45
121 123
121 204
121 134
121 193
121 184
121 29
121 98
121 145
121 9
121 58
121 216
121 191
121 174
138 88
138 77
138 32
138 18
138 94
138 114
138 45
138 55
138 206
138 161
138 140
138 27
138 60
138 14
138 176
138 210
138 156
138 110
138 174
97 103
97 77
97 32
97 45
97 118
97 72
97 206
97 137
97 187
97 43
97 27
97 37
97 116
97 182
97 14
97 29
97 98
97 110
97 41
88 103
88 77
88 219
88 66
88 114
88 45
88 55
88 167
88 116
88 14
88 24
88 210
88 156
88 41
86 77
86 32
86 18
86 66
86 124
86 204
86 7
86 187
86 161
86 37
86 179
86 82
86 182
86 14
86 145
86 176
86 110
86 41
103 77
103 66
103 45
103 118
103 177
103 144
103 43
103 161
103 37
103 193
103 36
103 209
103 182
103 14
103 29
103 24
103 62
103 98
103 145
103 58
103 110
103 41
77 219
77 118
77 123
77 177
77 144
77 7
77 134
77 206
77 27
77 60
77 36
77 116
77 182
77 185
77 29
77 62
77 176
77 210
77 9
77 58
77 216
77 156
77 110
32 18
32 55
32 167
32 123
32 43
32 140
32 39
32 82
32 36
32 14
32 29
32 191
18 66
18 118
18 144
18 137
18 43
18 184
18 185
18 29
18 62
18 210
18 9
18 191
94 72
94 124
94 7
94 140
94 37
94 193
94 39
94 179
94 185
94 29
94 24
94 62
94 98
94 210
94 58
94 216
94 110
94 191
219 114
219 45
219 124
219 134
219 137
219 161
219 27
219 184
219 209
219 29
219 24
219 98
219 145
219 58
66 114
66 55
66 118
66 187
66 60
66 184
66 39
66 36
66 209
66 24
66 98
66 176
66 174
46 45
46 118
46 177
46 140
46 193
46 39
46 179
46 82
46 209
46 182
46 29
46 145
46 41
114 144
114 134
114 206
114 187
114 161
114 193
114 82
114 209
114 182
114 9
114 216
114 110
114 174
45 55
45 134
45 137
45 187
45 140
45 37
45 184
45 29
45 24
55 72
55 134
55 140
55 27
55 193
55 184
55 39
55 14
55 29
55 24
55 145
55 210
55 191
55 174
118 167
118 144
118 137
118 187
118 140
118 193
118 39
118 185
118 62
118 98
118 145
72 144
72 206
72 137
72 37
72 193
72 82
72 62
72 156
72 110
167 124
167 43
167 161
167 184
167 24
167 62
167 9
167 216
167 110
167 191
123 204
123 7
123 134
123 137
123 187
123 60
123 193
123 184
123 182
123 14
123 185
123 29
123 145
123 176
124 187
124 161
124 116
124 182
124 14
124 29
124 24
124 9
124 216
124 156
124 41
124 174
177 7
177 134
177 187
177 161
177 179
177 116
177 209
177 182
177 29
177 62
177 176
177 191
177 174
204 144
204 7
204 140
204 184
204 82
204 36
204 58
204 191
144 27
144 60
144 184
144 39
144 82
144 29
144 62
144 58
7 206
7 187
7 161
7 37
7 193
7 179
7 82
7 116
7 209
7 176
7 58
7 41
7 191
7 174
134 43
134 193
134 39
134 209
134 14
134 185
134 145
206 161
206 140
206 27
206 193
206 82
206 209
206 185
206 62
206 98
206 210
206 41
137 140
137 60
137 193
137 179
137 145
137 176
137 9
137 41
187 184
187 179
187 24
187 62
187 210
187 156
187 174
43 27
43 37
43 116
43 182
43 14
43 185
43 62
43 9
43 216
43 156
43 110
161 60
161 185
161 24
161 9
161 58
161 156
161 41
140 37
140 39
140 36
140 182
140 14
140 24
140 145
27 37
27 39
27 185
27 29
27 24
27 176
27 216
27 41
60 184
60 39
60 179
60 82
60 116
60 29
60 98
60 176
60 9
60 156
60 110
37 36
37 209
37 14
37 185
37 24
37 210
37 110
37 191
193 179
193 82
193 116
193 185
193 24
184 39
184 36
184 182
184 145
184 176
184 216
184 191
184 174
39 179
39 36
39 62
39 98
39 145
39 9
39 110
39 191
179 116
179 182
179 185
179 62
179 210
179 58
179 216
179 156
179 110
179 41
179 191
82 62
82 210
82 191
36 209
36 14
36 185
36 24
36 191
116 209
116 182
116 14
116 185
116 62
116 98
116 145
209 145
209 176
209 9
209 156
209 41
209 191
182 14
182 62
182 176
182 156
182 41
182 174
14 185
14 29
14 62
14 9
14 216
14 156
14 174
185 29
185 24
185 145
185 58
185 216
29 145
29 9
29 58
29 110
29 41
29 191
24 62
24 191
62 216
62 156
98 9
98 216
98 110
145 174
176 58
176 174
210 9
210 174
9 156
58 156
216 41
216 191
216 174
156 110
110 174
