*verties 219
174
76
166
35
72
10
60
109
125
111
159
124
2
137
126
25
157
186
154
43
202
143
96
63
155
52
158
190
207
150
107
152
191
46
6
119
99
31
67
198
164
86
195
123
163
12
177
40
8
139
48
203
134
91
51
78
214
57
219
45
22
23
209
189
115
184
215
83
216
50
21
85
13
218
187
39
89
5
149
196
66
56
131
33
173
106
81
165
7
144
117
65
201
208
120
38
136
156
54
172
171
41
53
160
11
44
49
100
121
180
169
80
114
101
108
105
181
73
19
75
20
211
36
128
210
135
88
217
161
103
146
71
167
129
82
183
61
15
151
0
110
93
18
94
178
194
153
212
14
182
113
179
32
200
116
162
102
64
69
29
145
141
3
77
9
24
205
112
1
127
17
199
58
74
170
59
133
204
213
4
34
98
92
130
147
197
142
185
26
118
206
104
16
87
175
47
140
68
97
79
138
168
62
42
27
37
55
188
90
193
70
192
30
95
148
122
176
28
132
*edges 
174 76
174 10
174 109
174 124
174 154
174 43
174 202
174 96
174 63
174 107
174 191
174 46
174 86
174 163
174 139
174 48
174 51
174 45
174 22
174 23
174 115
174 50
174 21
174 39
174 196
174 173
174 106
174 144
174 201
174 53
174 11
174 100
174 121
174 180
174 80
174 114
174 105
174 181
174 19
174 211
174 36
174 128
174 88
174 217
174 183
174 61
174 110
174 93
174 94
174 178
174 182
174 32
174 116
174 69
174 145
174 77
174 9
174 24
174 17
174 58
174 98
174 47
174 79
174 168
174 62
174 42
174 37
174 193
174 28
76 166
76 35
76 109
76 125
76 159
76 124
76 25
76 186
76 154
76 43
76 202
76 96
76 155
76 119
76 123
76 139
76 91
76 78
76 219
76 45
76 22
76 23
76 115
76 50
76 85
76 39
76 56
76 173
76 144
76 117
76 65
76 38
76 156
76 41
76 53
76 11
76 180
76 101
76 105
76 211
76 135
76 103
76 146
76 167
76 151
76 110
76 194
76 113
76 32
76 116
76 64
76 29
76 141
76 77
76 199
76 74
76 133
76 204
76 98
76 147
76 87
76 175
76 97
76 138
76 168
76 62
76 37
76 188
76 70
76 30
76 95
76 132
166 35
166 72
166 10
166 159
166 124
166 2
166 126
166 152
166 6
166 31
166 163
166 177
166 48
166 203
166 91
166 214
166 45
166 115
166 184
166 83
166 89
166 196
166 56
166 131
166 117
166 201
166 41
166 53
166 160
166 49
166 80
166 114
166 101
166 105
166 73
166 75
166 20
166 36
166 161
166 103
166 167
166 129
166 183
166 151
166 178
166 179
166 200
166 102
166 69
166 29
166 141
166 112
166 1
166 127
166 58
166 133
166 204
166 213
166 34
166 92
166 104
166 16
166 87
166 47
166 62
166 188
166 90
166 192
35 72
35 109
35 2
35 157
35 154
35 202
35 143
35 52
35 119
35 67
35 164
35 195
35 123
35 163
35 177
35 139
35 91
35 45
35 22
35 189
35 184
35 216
35 21
35 85
35 218
35 89
35 165
35 7
35 136
35 54
35 172
35 53
35 160
35 49
35 101
35 105
35 181
35 19
35 128
35 210
35 146
35 151
35 110
35 93
35 212
35 14
35 182
35 200
35 162
35 64
35 29
35 205
35 204
35 175
35 140
35 68
35 79
35 138
35 62
35 30
35 148
35 122
35 176
72 10
72 60
72 124
72 25
72 63
72 155
72 158
72 190
72 207
72 150
72 46
72 6
72 119
72 99
72 31
72 177
72 48
72 78
72 45
72 22
72 83
72 85
72 13
72 39
72 66
72 131
72 33
72 106
72 81
72 165
72 144
72 120
72 136
72 172
72 53
72 160
72 49
72 100
72 101
72 181
72 211
72 128
72 210
72 88
72 217
72 103
72 146
72 151
72 110
72 93
72 178
72 194
72 212
72 179
72 77
72 205
72 17
72 74
72 170
72 204
72 34
72 98
72 92
72 130
72 206
72 16
72 97
72 138
72 62
72 55
72 90
72 193
72 192
72 122
72 132
10 109
10 159
10 25
10 186
10 154
10 43
10 202
10 143
10 96
10 152
10 46
10 119
10 123
10 40
10 8
10 139
10 134
10 189
10 216
10 50
10 5
10 66
10 33
10 7
10 117
10 54
10 41
10 53
10 160
10 11
10 114
10 101
10 105
10 181
10 75
10 211
10 36
10 217
10 161
10 103
10 146
10 71
10 129
10 0
10 110
10 18
10 94
10 194
10 153
10 182
10 32
10 69
10 3
10 24
10 205
10 127
10 17
10 199
10 58
10 204
10 34
10 98
10 130
10 118
10 206
10 104
10 138
10 42
10 27
10 55
10 70
10 148
60 125
60 159
60 126
60 43
60 202
60 143
60 152
60 119
60 198
60 195
60 40
60 8
60 48
60 91
60 51
60 78
60 57
60 45
60 215
60 83
60 50
60 21
60 39
60 173
60 201
60 11
60 44
60 121
60 108
60 105
60 73
60 75
60 210
60 161
60 146
60 71
60 61
60 15
60 93
60 18
60 153
60 182
60 200
60 116
60 162
60 127
60 199
60 58
60 59
60 34
60 118
60 206
60 87
60 140
60 79
60 138
60 188
60 193
60 95
60 148
60 28
109 126
109 157
109 154
109 43
109 63
109 52
109 190
109 107
109 191
109 67
109 123
109 40
109 8
109 48
109 78
109 219
109 23
109 83
109 216
109 149
109 81
109 7
109 144
109 65
109 201
109 208
109 120
109 136
109 54
109 41
109 53
109 160
109 44
109 121
109 80
109 101
109 108
109 73
109 36
109 217
109 82
109 0
109 212
109 182
109 116
109 102
109 64
109 29
109 141
109 112
109 199
109 58
109 170
109 213
109 34
109 92
109 197
109 142
109 87
109 68
109 42
109 27
109 90
109 193
109 176
125 124
125 154
125 43
125 52
125 207
125 107
125 191
125 86
125 134
125 91
125 78
125 209
125 189
125 218
125 5
125 149
125 196
125 131
125 173
125 7
125 117
125 160
125 11
125 100
125 121
125 169
125 114
125 101
125 108
125 217
125 71
125 61
125 15
125 151
125 110
125 93
125 153
125 212
125 182
125 32
125 200
125 102
125 64
125 141
125 3
125 9
125 24
125 205
125 112
125 17
125 59
125 34
125 147
125 197
125 142
125 26
125 206
125 140
125 68
125 138
125 168
125 62
125 188
125 192
125 30
125 148
125 122
111 124
111 157
111 154
111 52
111 150
111 191
111 6
111 119
111 67
111 86
111 195
111 123
111 40
111 203
111 214
111 219
111 45
111 115
111 50
111 21
111 13
111 218
111 89
111 5
111 149
111 165
111 117
111 65
111 208
111 120
111 53
111 49
111 180
111 169
111 73
111 135
111 217
111 103
111 183
111 18
111 94
111 194
111 14
111 182
111 102
111 69
111 29
111 1
111 58
111 170
111 4
111 34
111 92
111 147
111 197
111 138
111 168
111 42
111 55
111 192
111 30
159 137
159 157
159 186
159 154
159 155
159 150
159 6
159 119
159 198
159 164
159 86
159 195
159 177
159 203
159 214
159 57
159 45
159 22
159 23
159 189
159 215
159 21
159 66
159 81
159 144
159 201
159 208
159 136
159 54
159 171
159 41
159 11
159 121
159 80
159 101
159 105
159 73
159 75
159 20
159 210
159 135
159 15
159 151
159 0
159 110
159 178
159 212
159 14
159 182
159 32
159 116
159 69
159 141
159 3
159 24
159 112
159 1
159 199
159 74
159 133
159 204
159 4
159 34
159 130
159 147
159 197
159 185
159 16
159 87
159 175
159 97
159 168
159 42
159 148
159 176
159 132
124 25
124 186
124 154
124 143
124 63
124 150
124 152
124 119
124 67
124 163
124 139
124 134
124 91
124 78
124 57
124 219
124 22
124 189
124 13
124 218
124 39
124 89
124 149
124 144
124 65
124 201
124 156
124 41
124 49
124 100
124 121
124 169
124 114
124 108
124 161
124 129
124 82
124 110
124 93
124 14
124 113
124 162
124 102
124 29
124 145
124 112
124 4
124 197
124 142
124 185
124 26
124 175
124 140
124 79
124 42
124 95
124 148
124 122
124 28
2 126
2 157
2 43
2 202
2 96
2 52
2 190
2 150
2 119
2 164
2 163
2 8
2 91
2 51
2 214
2 57
2 23
2 83
2 13
2 218
2 5
2 196
2 131
2 33
2 106
2 81
2 117
2 38
2 160
2 11
2 169
2 114
2 105
2 181
2 19
2 211
2 88
2 167
2 0
2 93
2 94
2 194
2 113
2 64
2 145
2 77
2 1
2 74
2 59
2 204
2 213
2 98
2 147
2 16
2 140
2 62
2 37
2 55
2 90
2 95
2 148
2 176
137 157
137 143
137 155
137 46
137 67
137 123
137 139
137 78
137 23
137 115
137 215
137 39
137 89
137 5
137 196
137 56
137 131
137 201
137 53
137 44
137 49
137 121
137 169
137 80
137 20
137 135
137 217
137 161
137 103
137 183
137 61
137 18
137 94
137 178
137 212
137 14
137 113
137 29
137 145
137 24
137 205
137 127
137 170
137 59
137 133
137 4
137 34
137 92
137 130
137 147
137 197
137 142
137 26
137 206
137 16
137 175
137 97
137 79
137 138
137 168
137 42
137 70
137 192
137 176
137 28
137 132
126 43
126 202
126 63
126 158
126 190
126 6
126 119
126 99
126 31
126 67
126 123
126 163
126 40
126 8
126 203
126 78
126 57
126 22
126 209
126 115
126 83
126 21
126 13
126 39
126 66
126 56
126 131
126 33
126 165
126 201
126 208
126 136
126 41
126 53
126 49
126 100
126 180
126 80
126 108
126 181
126 20
126 36
126 135
126 217
126 167
126 129
126 82
126 110
126 18
126 212
126 14
126 116
126 162
126 64
126 69
126 145
126 141
126 9
126 24
126 127
126 17
126 199
126 213
126 4
126 34
126 92
126 142
126 104
126 47
126 42
126 37
126 55
126 193
126 192
126 176
126 28
25 154
25 202
25 207
25 152
25 46
25 6
25 134
25 45
25 83
25 216
25 21
25 187
25 39
25 196
25 173
25 65
25 201
25 172
25 169
25 105
25 181
25 73
25 36
25 210
25 161
25 167
25 183
25 61
25 151
25 110
25 18
25 94
25 153
25 212
25 113
25 179
25 32
25 200
25 69
25 29
25 9
25 205
25 127
25 17
25 199
25 133
25 130
25 142
25 206
25 104
25 79
25 138
25 62
25 27
25 37
25 55
25 188
25 90
157 143
157 63
157 155
157 107
157 191
157 46
157 99
157 31
157 86
157 195
157 177
157 91
157 57
157 23
157 83
157 218
157 89
157 66
157 56
157 33
157 208
157 44
157 100
157 101
157 73
157 19
157 20
157 128
157 217
157 103
157 71
157 167
157 82
157 15
157 151
157 194
157 200
157 116
157 162
157 145
157 9
157 112
157 127
157 199
157 58
157 133
157 204
157 213
157 185
157 118
157 104
157 87
157 47
157 97
157 138
157 168
157 62
157 27
157 193
157 192
157 122
186 43
186 202
186 96
186 190
186 46
186 99
186 31
186 164
186 86
186 195
186 123
186 177
186 78
186 57
186 219
186 23
186 184
186 218
186 39
186 5
186 149
186 196
186 81
186 165
186 144
186 156
186 11
186 180
186 105
186 181
186 36
186 210
186 135
186 88
186 161
186 167
186 61
186 151
186 0
186 194
186 212
186 14
186 182
186 200
186 64
186 4
186 130
186 147
186 197
186 142
186 26
186 118
186 104
186 16
186 87
186 79
186 37
186 70
186 192
186 28
186 132
154 202
154 63
154 190
154 191
154 67
154 164
154 195
154 12
154 8
154 139
154 48
154 91
154 219
154 45
154 184
154 21
154 85
154 39
154 89
154 131
154 33
154 117
154 54
154 172
154 171
154 53
154 100
154 80
154 101
154 108
154 181
154 211
154 128
154 210
154 135
154 15
154 151
154 18
154 153
154 14
154 162
154 64
154 145
154 205
154 1
154 74
154 59
154 4
154 34
154 98
154 147
154 197
154 26
154 118
154 87
154 140
154 168
154 62
154 188
154 176
154 28
154 132
43 202
43 155
43 6
43 67
43 198
43 86
43 123
43 177
43 40
43 139
43 48
43 134
43 51
43 219
43 45
43 22
43 209
43 115
43 184
43 83
43 13
43 218
43 187
43 149
43 66
43 33
43 165
43 201
43 38
43 54
43 171
43 100
43 114
43 181
43 73
43 75
43 36
43 71
43 129
43 151
43 0
43 94
43 212
43 14
43 113
43 179
43 162
43 29
43 145
43 3
43 77
43 9
43 170
43 204
43 4
43 130
43 197
43 142
43 26
43 87
43 62
43 37
43 193
43 70
43 122
43 132
202 52
202 152
202 191
202 46
202 6
202 198
202 164
202 86
202 195
202 12
202 177
202 8
202 203
202 134
202 51
202 78
202 23
202 216
202 50
202 39
202 89
202 7
202 117
202 136
202 54
202 172
202 53
202 100
202 169
202 114
202 101
202 73
202 19
202 135
202 103
202 0
202 113
202 116
202 162
202 64
202 141
202 24
202 127
202 17
202 58
202 170
202 204
202 4
202 98
202 92
202 142
202 87
202 175
202 47
202 168
202 188
202 90
202 70
202 95
202 148
202 122
202 132
143 155
143 191
143 46
143 119
143 198
143 164
143 163
143 214
143 45
143 22
143 23
143 21
143 85
143 13
143 187
143 149
143 66
143 173
143 106
143 117
143 201
143 120
143 38
143 136
143 156
143 121
143 169
143 101
143 181
143 20
143 211
143 128
143 135
143 217
143 82
143 15
143 0
143 110
143 93
143 178
143 194
143 14
143 113
143 116
143 77
143 112
143 127
143 74
143 170
143 213
143 4
143 34
143 98
143 130
143 197
143 26
143 104
143 97
143 138
143 62
143 27
143 55
143 188
143 90
143 70
143 95
96 63
96 207
96 150
96 107
96 152
96 191
96 46
96 6
96 67
96 195
96 203
96 134
96 91
96 219
96 22
96 23
96 189
96 215
96 216
96 131
96 173
96 106
96 165
96 144
96 65
96 136
96 172
96 171
96 41
96 160
96 11
96 44
96 49
96 114
96 108
96 105
96 181
96 36
96 128
96 210
96 135
96 88
96 161
96 103
96 146
96 0
96 18
96 94
96 194
96 14
96 179
96 69
96 141
96 3
96 77
96 9
96 112
96 1
96 199
96 58
96 74
96 133
96 4
96 92
96 142
96 118
96 16
96 87
96 47
96 140
96 97
96 62
96 193
96 70
96 192
96 30
96 95
96 148
96 28
63 155
63 158
63 99
63 31
63 198
63 164
63 177
63 8
63 91
63 51
63 22
63 209
63 184
63 216
63 13
63 218
63 39
63 89
63 196
63 173
63 165
63 65
63 201
63 136
63 11
63 100
63 121
63 169
63 73
63 19
63 20
63 103
63 146
63 71
63 15
63 93
63 94
63 178
63 194
63 14
63 32
63 116
63 102
63 64
63 69
63 29
63 145
63 3
63 24
63 112
63 17
63 199
63 204
63 213
63 130
63 147
63 197
63 26
63 206
63 140
63 68
63 79
63 138
63 62
63 37
63 193
63 30
63 95
63 148
63 122
155 158
155 207
155 46
155 6
155 31
155 198
155 12
155 40
155 139
155 134
155 78
155 57
155 22
155 83
155 21
155 85
155 13
155 39
155 66
155 56
155 81
155 120
155 38
155 156
155 171
155 41
155 53
155 160
155 44
155 49
155 100
155 169
155 108
155 105
155 73
155 75
155 20
155 211
155 210
155 82
155 183
155 110
155 18
155 14
155 182
155 179
155 3
155 24
155 1
155 199
155 58
155 34
155 92
155 130
155 147
155 26
155 118
155 104
155 16
155 175
155 47
155 140
155 97
155 138
155 193
155 30
155 95
155 122
52 150
52 46
52 6
52 8
52 48
52 134
52 51
52 78
52 214
52 23
52 184
52 83
52 21
52 13
52 66
52 33
52 208
52 172
52 171
52 53
52 160
52 44
52 169
52 181
52 73
52 19
52 75
52 20
52 128
52 210
52 135
52 103
52 146
52 71
52 167
52 110
52 94
52 194
52 162
52 69
52 145
52 141
52 112
52 58
52 59
52 133
52 204
52 92
52 147
52 26
52 118
52 16
52 97
52 37
52 55
52 70
52 30
52 95
52 28
158 191
158 46
158 99
158 67
158 198
158 195
158 123
158 177
158 203
158 57
158 45
158 184
158 50
158 187
158 66
158 131
158 173
158 106
158 165
158 117
158 65
158 201
158 156
158 54
158 172
158 121
158 169
158 80
158 105
158 181
158 211
158 128
158 210
158 135
158 103
158 71
158 15
158 151
158 110
158 94
158 32
158 162
158 64
158 141
158 74
158 170
158 133
158 213
158 4
158 98
158 197
158 142
158 206
158 87
158 97
158 42
158 55
158 192
158 30
158 132
190 107
190 152
190 191
190 119
190 99
190 31
190 86
190 163
190 12
190 8
190 134
190 78
190 22
190 189
190 115
190 21
190 85
190 13
190 187
190 89
190 5
190 196
190 131
190 81
190 7
190 117
190 65
190 54
190 41
190 53
190 49
190 101
190 73
190 19
190 128
190 210
190 161
190 103
190 71
190 183
190 61
190 15
190 151
190 18
190 153
190 182
190 200
190 116
190 102
190 64
190 3
190 77
190 24
190 127
190 133
190 130
190 185
190 16
190 47
190 140
190 168
190 42
190 55
190 90
190 192
190 95
190 28
190 132
207 107
207 99
207 164
207 86
207 195
207 123
207 163
207 177
207 203
207 214
207 57
207 22
207 215
207 13
207 5
207 66
207 131
207 201
207 120
207 136
207 53
207 121
207 114
207 19
207 20
207 128
207 135
207 217
207 161
207 82
207 94
207 194
207 200
207 116
207 64
207 69
207 3
207 77
207 9
207 205
207 1
207 74
207 133
207 204
207 213
207 197
207 185
207 104
207 68
207 62
207 42
207 193
207 70
207 30
207 148
207 28
150 191
150 6
150 119
150 67
150 198
150 164
150 12
150 177
150 40
150 203
150 91
150 51
150 184
150 50
150 21
150 218
150 187
150 149
150 196
150 131
150 106
150 81
150 165
150 144
150 117
150 65
150 53
150 11
150 100
150 101
150 105
150 19
150 210
150 217
150 103
150 183
150 15
150 0
150 94
150 153
150 113
150 179
150 32
150 116
150 29
150 141
150 77
150 9
150 24
150 199
150 58
150 133
150 213
150 98
150 92
150 147
150 142
150 185
150 104
150 16
150 87
150 47
150 68
150 138
150 42
150 37
150 188
150 193
150 30
150 95
150 148
150 122
150 176
107 152
107 191
107 99
107 67
107 164
107 195
107 8
107 139
107 189
107 184
107 50
107 56
107 144
107 65
107 120
107 38
107 41
107 160
107 11
107 44
107 36
107 128
107 146
107 167
107 129
107 82
107 183
107 61
107 153
107 212
107 14
107 116
107 29
107 112
107 1
107 127
107 199
107 204
107 213
107 34
107 130
107 185
107 47
107 55
107 193
107 70
152 191
152 6
152 119
152 99
152 67
152 123
152 40
152 48
152 214
152 57
152 219
152 209
152 83
152 218
152 196
152 56
152 131
152 7
152 117
152 65
152 136
152 172
152 41
152 180
152 114
152 108
152 105
152 73
152 75
152 20
152 211
152 36
152 128
152 135
152 161
152 146
152 167
152 129
152 61
152 15
152 110
152 153
152 182
152 179
152 200
152 116
152 64
152 9
152 24
152 170
152 59
152 213
152 4
152 130
152 142
152 118
152 206
152 16
152 175
152 68
152 168
152 55
152 70
152 148
152 122
191 46
191 6
191 99
191 123
191 8
191 91
191 214
191 57
191 115
191 215
191 83
191 50
191 89
191 196
191 66
191 173
191 165
191 7
191 144
191 65
191 156
191 54
191 172
191 169
191 80
191 73
191 75
191 36
191 128
191 217
191 161
191 71
191 129
191 61
191 194
191 116
191 162
191 141
191 9
191 24
191 127
191 74
191 204
191 98
191 92
191 130
191 197
191 118
191 68
191 138
191 168
191 188
191 192
191 28
46 67
46 177
46 40
46 139
46 203
46 134
46 91
46 51
46 78
46 45
46 23
46 50
46 21
46 13
46 218
46 5
46 196
46 56
46 33
46 106
46 165
46 38
46 41
46 44
46 121
46 73
46 19
46 75
46 211
46 135
46 88
46 71
46 167
46 129
46 15
46 93
46 179
46 200
46 29
46 141
46 9
46 24
46 127
46 170
46 213
46 34
46 118
46 104
46 47
46 79
46 168
46 62
46 42
46 37
46 90
46 122
6 31
6 67
6 12
6 203
6 57
6 219
6 184
6 215
6 216
6 39
6 196
6 56
6 131
6 144
6 201
6 208
6 172
6 41
6 160
6 80
6 73
6 19
6 128
6 88
6 103
6 71
6 129
6 82
6 183
6 61
6 0
6 110
6 18
6 94
6 212
6 32
6 200
6 162
6 102
6 64
6 3
6 77
6 9
6 58
6 133
6 98
6 92
6 118
6 104
6 47
6 140
6 79
6 168
6 37
6 55
6 193
6 70
6 95
6 122
6 176
6 132
119 67
119 198
119 164
119 86
119 40
119 8
119 134
119 51
119 45
119 209
119 85
119 39
119 5
119 196
119 165
119 144
119 108
119 105
119 75
119 20
119 211
119 128
119 210
119 217
119 71
119 129
119 183
119 93
119 194
119 182
119 113
119 179
119 200
119 116
119 64
119 69
119 29
119 141
119 3
119 58
119 74
119 170
119 204
119 92
119 26
119 206
119 16
119 140
119 68
119 97
119 138
119 42
119 27
119 37
119 193
119 192
119 148
119 176
99 86
99 40
99 203
99 91
99 209
99 21
99 187
99 66
99 131
99 165
99 7
99 65
99 136
99 49
99 121
99 180
99 169
99 101
99 181
99 20
99 211
99 36
99 128
99 217
99 151
99 93
99 182
99 113
99 32
99 200
99 116
99 64
99 69
99 29
99 9
99 205
99 112
99 1
99 127
99 74
99 204
99 213
99 4
99 34
99 130
99 197
99 142
99 185
99 16
99 168
99 62
99 42
99 37
99 55
99 188
99 90
99 148
99 122
99 28
99 132
31 198
31 164
31 195
31 12
31 22
31 209
31 115
31 83
31 13
31 39
31 66
31 131
31 33
31 173
31 81
31 208
31 120
31 156
31 41
31 169
31 181
31 36
31 128
31 135
31 217
31 161
31 146
31 71
31 129
31 82
31 15
31 0
31 110
31 93
31 194
31 113
31 32
31 116
31 64
31 29
31 3
31 77
31 199
31 74
31 59
31 34
31 92
31 147
31 142
31 16
31 47
31 68
31 138
31 62
31 193
31 192
31 95
31 132
67 86
67 8
67 57
67 219
67 209
67 189
67 115
67 187
67 5
67 33
67 106
67 81
67 201
67 208
67 120
67 38
67 172
67 49
67 121
67 114
67 105
67 181
67 75
67 211
67 128
67 210
67 135
67 161
67 167
67 129
67 82
67 183
67 151
67 110
67 178
67 194
67 182
67 113
67 32
67 116
67 141
67 3
67 77
67 205
67 127
67 199
67 170
67 59
67 34
67 92
67 142
67 185
67 206
67 16
67 87
67 175
67 47
67 97
67 79
67 62
67 42
67 27
67 90
198 164
198 40
198 203
198 91
198 214
198 57
198 219
198 23
198 189
198 184
198 89
198 149
198 66
198 56
198 165
198 144
198 54
198 160
198 121
198 80
198 114
198 101
198 105
198 181
198 73
198 19
198 211
198 210
198 217
198 103
198 71
198 15
198 0
198 93
198 153
198 182
198 32
198 116
198 162
198 145
198 141
198 205
198 112
198 1
198 17
198 199
198 74
198 170
198 59
198 133
198 213
198 4
198 98
198 130
198 147
198 142
198 206
198 79
198 138
198 27
198 90
198 193
198 28
198 132
164 123
164 163
164 40
164 91
164 51
164 214
164 23
164 209
164 83
164 21
164 218
164 187
164 89
164 5
164 56
164 165
164 144
164 121
164 180
164 169
164 101
164 73
164 19
164 128
164 135
164 146
164 183
164 61
164 151
164 110
164 18
164 178
164 32
164 69
164 141
164 9
164 112
164 1
164 17
164 199
164 170
164 147
164 142
164 26
164 118
164 104
164 87
164 175
164 68
164 42
164 27
164 188
164 70
164 148
86 195
86 40
86 8
86 91
86 78
86 45
86 22
86 189
86 184
86 187
86 56
86 173
86 144
86 117
86 208
86 156
86 171
86 41
86 19
86 20
86 211
86 210
86 135
86 103
86 146
86 151
86 110
86 94
86 178
86 179
86 32
86 141
86 1
86 17
86 199
86 204
86 98
86 130
86 26
86 118
86 16
86 175
86 47
86 140
86 138
86 62
86 42
86 27
86 55
86 193
86 192
86 132
195 12
195 8
195 134
195 57
195 115
195 184
195 216
195 85
195 187
195 196
195 66
195 33
195 173
195 81
195 7
195 65
195 208
195 38
195 136
195 156
195 172
195 171
195 160
195 11
195 100
195 114
195 101
195 105
195 128
195 135
195 129
195 183
195 151
195 93
195 18
195 94
195 194
195 14
195 182
195 32
195 162
195 69
195 145
195 141
195 77
195 9
195 24
195 1
195 199
195 170
195 59
195 204
195 213
195 4
195 98
195 130
195 147
195 197
195 142
195 206
195 16
195 47
195 140
195 138
195 168
195 62
195 30
195 95
195 176
195 28
195 132
123 40
123 139
123 134
123 91
123 78
123 214
123 57
123 22
123 21
123 39
123 196
123 66
123 56
123 131
123 106
123 7
123 117
123 208
123 136
123 172
123 41
123 44
123 180
123 80
123 108
123 105
123 181
123 211
123 36
123 210
123 88
123 161
123 167
123 129
123 82
123 15
123 110
123 18
123 94
123 212
123 182
123 113
123 179
123 32
123 64
123 29
123 3
123 205
123 1
123 127
123 199
123 58
123 74
123 59
123 92
123 142
123 118
123 175
123 47
123 68
123 138
123 42
123 27
123 37
123 193
123 192
123 148
123 176
123 28
163 12
163 40
163 203
163 134
163 78
163 219
163 115
163 50
163 85
163 218
163 39
163 33
163 106
163 7
163 201
163 136
163 156
163 171
163 11
163 169
163 80
163 101
163 181
163 135
163 217
163 103
163 146
163 71
163 18
163 14
163 182
163 179
163 116
163 102
163 29
163 17
163 170
163 213
163 185
163 26
163 118
163 104
163 16
163 140
163 27
163 55
163 188
163 148
163 122
12 177
12 40
12 8
12 48
12 203
12 23
12 85
12 13
12 187
12 5
12 66
12 106
12 81
12 144
12 171
12 121
12 169
12 114
12 101
12 181
12 20
12 211
12 135
12 103
12 129
12 18
12 94
12 178
12 194
12 182
12 113
12 179
12 200
12 116
12 162
12 102
12 29
12 145
12 141
12 112
12 1
12 58
12 59
12 133
12 204
12 34
12 16
12 87
12 68
12 168
12 42
12 27
12 37
12 90
12 193
12 192
12 148
12 122
177 8
177 91
177 51
177 78
177 57
177 219
177 23
177 209
177 189
177 115
177 216
177 50
177 21
177 66
177 33
177 173
177 7
177 144
177 65
177 38
177 172
177 171
177 44
177 108
177 105
177 19
177 36
177 71
177 212
177 113
177 3
177 205
177 112
177 1
177 17
177 199
177 170
177 118
177 47
177 140
177 68
177 97
177 62
177 55
177 188
177 193
177 28
177 132
40 139
40 203
40 51
40 214
40 45
40 189
40 184
40 50
40 13
40 149
40 81
40 165
40 7
40 144
40 38
40 136
40 156
40 53
40 11
40 80
40 73
40 211
40 210
40 88
40 103
40 146
40 167
40 129
40 61
40 110
40 93
40 18
40 179
40 102
40 145
40 3
40 1
40 4
40 34
40 98
40 92
40 130
40 142
40 206
40 104
40 87
40 175
40 140
40 79
40 138
40 90
40 30
40 28
8 203
8 51
8 45
8 184
8 83
8 85
8 13
8 81
8 7
8 144
8 117
8 201
8 171
8 41
8 160
8 11
8 80
8 101
8 105
8 181
8 210
8 217
8 161
8 82
8 61
8 15
8 151
8 0
8 110
8 94
8 194
8 153
8 212
8 113
8 32
8 145
8 141
8 3
8 205
8 112
8 1
8 127
8 58
8 133
8 98
8 92
8 130
8 104
8 87
8 175
8 47
8 68
8 90
8 132
139 134
139 91
139 51
139 219
139 184
139 215
139 83
139 50
139 21
139 85
139 66
139 56
139 144
139 41
139 80
139 73
139 19
139 211
139 135
139 88
139 217
139 146
139 129
139 82
139 183
139 15
139 0
139 212
139 14
139 182
139 58
139 74
139 133
139 4
139 92
139 142
139 206
139 104
139 16
139 87
139 97
139 79
139 42
139 37
139 90
139 132
48 203
48 57
48 23
48 115
48 215
48 131
48 173
48 7
48 117
48 201
48 41
48 44
48 121
48 180
48 211
48 135
48 88
48 71
48 129
48 194
48 153
48 212
48 32
48 64
48 29
48 145
48 141
48 205
48 112
48 74
48 59
48 213
48 4
48 34
48 130
48 26
48 87
48 68
48 97
48 27
48 70
48 95
48 148
203 134
203 22
203 189
203 85
203 13
203 5
203 149
203 196
203 131
203 33
203 173
203 81
203 117
203 201
203 156
203 54
203 53
203 11
203 49
203 101
203 105
203 181
203 19
203 75
203 36
203 135
203 217
203 161
203 71
203 129
203 151
203 93
203 194
203 162
203 102
203 145
203 141
203 9
203 24
203 1
203 199
203 58
203 170
203 59
203 204
203 213
203 185
203 26
203 118
203 87
203 68
203 168
203 42
203 37
203 148
134 91
134 78
134 57
134 184
134 50
134 85
134 218
134 89
134 5
134 149
134 131
134 165
134 7
134 65
134 201
134 38
134 41
134 53
134 160
134 100
134 121
134 80
134 114
134 105
134 19
134 20
134 135
134 217
134 167
134 94
134 178
134 14
134 179
134 32
134 29
134 145
134 3
134 77
134 74
134 133
134 213
134 147
134 142
134 16
134 87
134 68
134 62
134 30
134 148
134 122
134 176
134 132
91 78
91 57
91 23
91 209
91 189
91 115
91 184
91 215
91 83
91 216
91 21
91 85
91 218
91 5
91 149
91 66
91 173
91 106
91 165
91 7
91 117
91 65
91 201
91 208
91 120
91 156
91 53
91 160
91 11
91 44
91 169
91 108
91 181
91 73
91 75
91 20
91 210
91 217
91 167
91 129
91 61
91 0
91 93
91 194
91 212
91 113
91 64
91 69
91 145
91 205
91 58
91 74
91 170
91 133
91 213
91 34
91 130
91 142
91 185
91 206
91 140
91 97
91 168
91 62
91 90
91 122
91 176
51 78
51 214
51 216
51 66
51 173
51 38
51 54
51 171
51 41
51 11
51 49
51 101
51 211
51 36
51 210
51 161
51 167
51 129
51 212
51 200
51 162
51 145
51 24
51 112
51 17
51 74
51 170
51 59
51 204
51 197
51 26
51 104
51 87
51 140
51 168
51 62
51 55
51 192
51 30
51 28
51 132
78 209
78 115
78 21
78 85
78 218
78 39
78 196
78 106
78 144
78 208
78 136
78 156
78 54
78 172
78 53
78 44
78 121
78 101
78 20
78 135
78 161
78 146
78 129
78 18
78 94
78 113
78 200
78 116
78 162
78 102
78 145
78 141
78 112
78 17
78 199
78 58
78 74
78 133
78 98
78 147
78 142
78 185
78 140
78 168
78 62
78 27
78 90
78 70
78 95
78 176
214 219
214 22
214 23
214 209
214 189
214 184
214 83
214 50
214 218
214 56
214 131
214 165
214 7
214 144
214 38
214 171
214 53
214 160
214 44
214 49
214 180
214 169
214 105
214 73
214 75
214 20
214 135
214 161
214 103
214 146
214 167
214 15
214 178
214 194
214 212
214 182
214 179
214 32
214 24
214 205
214 127
214 17
214 58
214 92
214 147
214 90
214 192
214 30
214 95
214 122
214 176
214 28
214 132
57 189
57 83
57 50
57 13
57 149
57 196
57 81
57 208
57 38
57 171
57 41
57 114
57 108
57 211
57 217
57 161
57 183
57 15
57 0
57 18
57 212
57 14
57 182
57 113
57 200
57 64
57 145
57 77
57 204
57 213
57 4
57 26
57 118
57 104
57 87
57 175
57 140
57 97
57 138
57 168
57 62
57 70
57 192
57 95
57 148
57 176
219 209
219 215
219 13
219 131
219 173
219 165
219 7
219 117
219 208
219 11
219 49
219 100
219 121
219 180
219 101
219 105
219 75
219 20
219 211
219 128
219 135
219 217
219 146
219 93
219 94
219 14
219 182
219 113
219 32
219 116
219 64
219 69
219 3
219 24
219 205
219 112
219 127
219 17
219 58
219 204
219 98
219 92
219 197
219 142
219 16
219 47
219 97
219 90
219 70
219 28
45 115
45 83
45 218
45 187
45 39
45 196
45 66
45 131
45 7
45 65
45 54
45 171
45 114
45 101
45 108
45 36
45 146
45 82
45 18
45 94
45 212
45 182
45 179
45 32
45 116
45 69
45 145
45 17
45 74
45 204
45 213
45 98
45 197
45 87
45 47
45 68
45 97
45 168
45 62
45 37
45 188
45 70
45 148
45 176
45 28
22 189
22 115
22 215
22 21
22 5
22 131
22 81
22 144
22 208
22 120
22 38
22 136
22 41
22 53
22 49
22 100
22 80
22 19
22 75
22 20
22 135
22 88
22 217
22 103
22 82
22 183
22 15
22 178
22 182
22 162
22 102
22 145
22 3
22 9
22 199
22 133
22 4
22 98
22 92
22 130
22 147
22 206
22 47
22 68
22 138
22 37
22 90
22 193
22 148
22 176
22 132
23 216
23 21
23 218
23 89
23 165
23 144
23 65
23 120
23 41
23 11
23 100
23 114
23 210
23 88
23 103
23 146
23 71
23 183
23 61
23 15
23 0
23 153
23 32
23 3
23 77
23 205
23 17
23 58
23 170
23 59
23 133
23 204
23 4
23 34
23 147
23 185
23 47
23 140
23 27
23 70
23 148
23 122
23 176
209 189
209 115
209 184
209 21
209 13
209 89
209 5
209 149
209 56
209 33
209 117
209 65
209 208
209 136
209 41
209 11
209 49
209 100
209 121
209 180
209 114
209 101
209 108
209 73
209 135
209 71
209 61
209 15
209 0
209 178
209 194
209 153
209 212
209 14
209 179
209 74
209 59
209 204
209 98
209 147
209 197
209 142
209 118
209 140
209 97
209 138
209 55
209 188
209 90
209 193
209 70
209 30
209 95
209 148
209 176
209 28
189 85
189 196
189 56
189 65
189 201
189 208
189 136
189 54
189 160
189 44
189 49
189 114
189 101
189 75
189 20
189 135
189 161
189 71
189 82
189 183
189 15
189 93
189 18
189 94
189 153
189 14
189 32
189 64
189 29
189 3
189 77
189 1
189 58
189 74
189 170
189 213
189 142
189 206
189 47
189 68
189 79
189 138
189 42
189 188
189 192
189 30
189 148
189 122
189 28
115 215
115 83
115 50
115 39
115 89
115 5
115 149
115 165
115 144
115 117
115 201
115 208
115 100
115 121
115 80
115 108
115 73
115 20
115 210
115 161
115 183
115 110
115 18
115 178
115 179
115 116
115 162
115 141
115 9
115 205
115 127
115 133
115 204
115 197
115 185
115 16
115 87
115 175
115 47
115 97
115 79
115 42
115 37
115 193
115 192
115 122
184 215
184 83
184 21
184 85
184 89
184 131
184 173
184 201
184 208
184 120
184 156
184 171
184 53
184 160
184 11
184 44
184 100
184 169
184 101
184 105
184 211
184 217
184 146
184 167
184 129
184 61
184 93
184 14
184 113
184 32
184 200
184 116
184 64
184 141
184 3
184 205
184 112
184 127
184 58
184 74
184 133
184 213
184 98
184 92
184 197
184 142
184 118
184 104
184 97
184 79
184 168
184 37
184 55
184 90
184 70
184 192
215 21
215 187
215 66
215 81
215 165
215 7
215 117
215 208
215 172
215 53
215 160
215 44
215 100
215 169
215 114
215 105
215 75
215 211
215 36
215 210
215 161
215 82
215 0
215 93
215 153
215 179
215 162
215 69
215 145
215 77
215 9
215 112
215 1
215 17
215 204
215 213
215 34
215 92
215 206
215 68
215 97
215 138
215 55
215 70
215 30
215 176
215 28
83 216
83 85
83 218
83 187
83 89
83 131
83 33
83 106
83 117
83 65
83 201
83 120
83 54
83 171
83 100
83 121
83 73
83 75
83 20
83 88
83 82
83 183
83 15
83 182
83 200
83 102
83 141
83 9
83 127
83 17
83 199
83 58
83 4
83 147
83 197
83 142
83 26
83 206
83 104
83 87
83 140
83 68
83 79
83 188
83 192
83 30
83 148
216 5
216 149
216 66
216 81
216 144
216 117
216 120
216 54
216 171
216 160
216 180
216 114
216 101
216 108
216 75
216 128
216 210
216 88
216 217
216 71
216 129
216 82
216 183
216 151
216 194
216 14
216 113
216 200
216 116
216 64
216 69
216 29
216 145
216 1
216 17
216 170
216 59
216 213
216 26
216 206
216 104
216 16
216 47
216 79
216 168
216 55
216 122
216 28
216 132
50 21
50 218
50 39
50 106
50 7
50 65
50 38
50 172
50 41
50 53
50 100
50 108
50 105
50 75
50 211
50 36
50 167
50 61
50 15
50 178
50 212
50 32
50 102
50 29
50 24
50 1
50 127
50 58
50 133
50 34
50 92
50 142
50 26
50 118
50 138
50 168
50 42
50 27
50 37
50 55
50 188
50 70
50 148
21 85
21 187
21 89
21 5
21 196
21 56
21 33
21 7
21 144
21 120
21 171
21 11
21 121
21 169
21 80
21 114
21 211
21 210
21 217
21 161
21 129
21 82
21 183
21 61
21 0
21 18
21 179
21 32
21 162
21 69
21 145
21 141
21 3
21 24
21 1
21 130
21 68
21 97
21 79
21 90
21 148
21 28
85 13
85 89
85 5
85 149
85 196
85 56
85 131
85 33
85 106
85 65
85 120
85 136
85 156
85 41
85 53
85 160
85 11
85 100
85 80
85 114
85 105
85 73
85 211
85 128
85 161
85 103
85 71
85 18
85 212
85 116
85 162
85 3
85 9
85 24
85 112
85 74
85 170
85 213
85 4
85 98
85 147
85 68
85 97
85 192
85 148
85 122
85 132
13 39
13 56
13 131
13 33
13 81
13 117
13 136
13 156
13 11
13 44
13 49
13 121
13 180
13 80
13 75
13 20
13 210
13 161
13 167
13 82
13 61
13 15
13 0
13 93
13 194
13 153
13 200
13 116
13 102
13 145
13 9
13 24
13 74
13 170
13 59
13 133
13 204
13 92
13 130
13 147
13 185
13 118
13 87
13 175
13 140
13 68
13 55
13 28
218 39
218 89
218 149
218 196
218 66
218 33
218 201
218 156
218 171
218 53
218 160
218 44
218 114
218 20
218 211
218 217
218 103
218 146
218 71
218 129
218 61
218 18
218 178
218 194
218 212
218 14
218 113
218 179
218 32
218 29
218 141
218 9
218 199
218 170
218 59
218 133
218 98
218 130
218 147
218 118
218 87
218 140
218 97
218 168
218 37
218 28
187 56
187 131
187 33
187 173
187 65
187 172
187 171
187 160
187 44
187 49
187 180
187 80
187 20
187 211
187 36
187 210
187 135
187 88
187 103
187 146
187 15
187 178
187 3
187 77
187 127
187 204
187 34
187 92
187 206
187 68
187 27
187 188
187 90
39 89
39 149
39 56
39 165
39 144
39 38
39 172
39 53
39 49
39 114
39 181
39 75
39 20
39 135
39 217
39 161
39 167
39 82
39 183
39 61
39 93
39 18
39 194
39 182
39 113
39 179
39 116
39 69
39 29
39 3
39 77
39 59
39 133
39 213
39 4
39 34
39 98
39 142
39 104
39 16
39 87
39 47
39 138
39 168
39 62
39 42
39 90
39 193
39 30
39 148
39 132
89 149
89 196
89 66
89 131
89 33
89 106
89 165
89 156
89 172
89 171
89 53
89 101
89 181
89 73
89 75
89 211
89 88
89 217
89 146
89 61
89 0
89 110
89 194
89 212
89 32
89 116
89 145
89 77
89 24
89 205
89 17
89 204
89 213
89 4
89 98
89 147
89 185
89 16
89 175
89 68
89 42
89 55
89 188
89 90
89 193
89 148
5 56
5 131
5 106
5 117
5 120
5 136
5 172
5 53
5 180
5 80
5 101
5 105
5 181
5 75
5 211
5 128
5 210
5 161
5 103
5 146
5 71
5 167
5 82
5 183
5 15
5 151
5 93
5 18
5 153
5 212
5 179
5 116
5 69
5 29
5 112
5 1
5 199
5 4
5 147
5 118
5 104
5 47
5 68
5 79
5 55
5 192
5 30
5 95
5 148
5 176
5 28
149 196
149 66
149 106
149 117
149 54
149 172
149 11
149 44
149 49
149 180
149 101
149 108
149 73
149 19
149 36
149 128
149 217
149 146
149 167
149 129
149 151
149 93
149 94
149 194
149 14
149 64
149 3
149 9
149 24
149 170
149 204
149 4
149 92
149 147
149 175
149 47
149 79
149 168
149 62
149 42
149 90
149 30
149 95
149 122
149 176
149 28
196 131
196 33
196 165
196 7
196 117
196 136
196 156
196 171
196 53
196 180
196 105
196 73
196 20
196 211
196 217
196 71
196 82
196 183
196 178
196 194
196 153
196 212
196 200
196 116
196 102
196 64
196 29
196 205
196 17
196 74
196 204
196 4
196 98
196 147
196 197
196 16
196 47
196 68
196 79
196 168
196 42
196 55
196 30
196 95
196 148
196 176
196 28
196 132
66 81
66 120
66 38
66 136
66 156
66 54
66 171
66 11
66 180
66 181
66 19
66 75
66 211
66 210
66 88
66 103
66 71
66 129
66 82
66 183
66 110
66 18
66 179
66 162
66 102
66 3
66 77
66 9
66 205
66 112
66 170
66 133
66 34
66 98
66 130
66 142
66 26
66 118
66 206
66 104
66 87
66 175
66 68
66 97
66 138
66 168
66 27
66 37
66 55
66 90
66 193
66 192
66 176
66 28
56 7
56 136
56 160
56 11
56 49
56 100
56 121
56 180
56 108
56 73
56 75
56 20
56 211
56 135
56 129
56 183
56 61
56 93
56 178
56 153
56 14
56 182
56 116
56 162
56 29
56 141
56 77
56 9
56 205
56 127
56 74
56 170
56 4
56 34
56 98
56 197
56 142
56 185
56 26
56 118
56 138
56 62
56 42
56 27
56 37
56 193
56 192
56 148
56 122
56 28
131 7
131 144
131 120
131 38
131 11
131 80
131 108
131 19
131 20
131 36
131 210
131 135
131 103
131 129
131 61
131 0
131 110
131 18
131 194
131 153
131 182
131 113
131 32
131 116
131 69
131 17
131 199
131 58
131 213
131 92
131 130
131 142
131 118
131 97
131 42
131 188
131 193
131 148
33 106
33 7
33 208
33 136
33 156
33 54
33 171
33 53
33 44
33 121
33 169
33 80
33 114
33 19
33 75
33 20
33 211
33 146
33 167
33 82
33 183
33 15
33 0
33 110
33 18
33 194
33 212
33 113
33 32
33 162
33 102
33 64
33 69
33 141
33 3
33 77
33 133
33 204
33 147
33 142
33 206
33 104
33 16
33 47
33 68
33 168
33 42
33 37
33 55
33 193
33 70
33 95
33 122
33 176
173 7
173 201
173 54
173 171
173 41
173 121
173 114
173 108
173 75
173 20
173 217
173 161
173 151
173 0
173 110
173 153
173 14
173 113
173 32
173 116
173 17
173 199
173 58
173 170
173 4
173 98
173 92
173 206
173 140
173 138
173 62
173 42
173 55
173 90
173 193
173 70
173 30
173 95
173 122
173 176
106 165
106 201
106 208
106 38
106 136
106 156
106 100
106 121
106 105
106 181
106 73
106 135
106 82
106 0
106 178
106 182
106 32
106 200
106 162
106 69
106 29
106 77
106 9
106 112
106 74
106 133
106 4
106 92
106 130
106 16
106 175
106 140
106 68
106 138
106 62
106 42
106 37
106 55
106 90
106 193
106 70
106 95
106 148
106 28
106 132
81 144
81 117
81 201
81 172
81 11
81 121
81 114
81 181
81 73
81 36
81 210
81 135
81 161
81 71
81 61
81 15
81 113
81 32
81 200
81 29
81 77
81 9
81 24
81 58
81 74
81 170
81 213
81 185
81 118
81 16
81 175
81 47
81 97
81 62
81 42
81 37
81 193
81 192
81 122
81 176
81 132
165 208
165 41
165 53
165 11
165 44
165 169
165 80
165 105
165 19
165 161
165 167
165 82
165 151
165 18
165 94
165 178
165 194
165 182
165 179
165 32
165 200
165 64
165 141
165 24
165 17
165 199
165 98
165 130
165 147
165 197
165 118
165 16
165 175
165 68
165 97
165 62
165 37
165 192
165 176
165 132
7 144
7 38
7 41
7 11
7 49
7 100
7 121
7 114
7 101
7 105
7 73
7 20
7 36
7 135
7 161
7 103
7 146
7 71
7 129
7 82
7 183
7 153
7 113
7 200
7 116
7 162
7 64
7 145
7 3
7 77
7 1
7 74
7 4
7 130
7 118
7 175
7 140
7 68
7 97
7 168
7 27
7 37
7 90
7 95
7 148
7 176
7 132
144 172
144 41
144 53
144 160
144 100
144 80
144 101
144 105
144 181
144 75
144 20
144 128
144 135
144 161
144 0
144 153
144 14
144 182
144 32
144 162
144 64
144 145
144 77
144 9
144 1
144 199
144 170
144 59
144 98
144 92
144 130
144 147
144 185
144 26
144 118
144 206
144 16
144 47
144 140
144 79
144 168
144 95
144 176
117 65
117 120
117 156
117 41
117 160
117 49
117 121
117 169
117 19
117 20
117 36
117 161
117 167
117 129
117 61
117 0
117 110
117 178
117 113
117 200
117 102
117 29
117 141
117 59
117 213
117 4
117 185
117 118
117 206
117 16
117 47
117 140
117 68
117 188
117 193
117 192
117 30
117 95
117 122
65 120
65 53
65 49
65 181
65 73
65 211
65 217
65 161
65 146
65 71
65 93
65 18
65 14
65 113
65 179
65 116
65 29
65 17
65 74
65 170
65 204
65 130
65 197
65 118
65 206
65 104
65 47
65 68
65 97
65 62
65 188
65 193
65 70
201 136
201 54
201 53
201 11
201 180
201 114
201 108
201 105
201 73
201 75
201 211
201 36
201 128
201 217
201 167
201 129
201 82
201 183
201 151
201 0
201 194
201 212
201 14
201 182
201 113
201 32
201 102
201 64
201 141
201 24
201 205
201 170
201 59
201 204
201 98
201 92
201 118
201 206
201 104
201 168
201 55
201 28
208 120
208 54
208 172
208 171
208 100
208 121
208 101
208 181
208 73
208 210
208 88
208 217
208 103
208 167
208 129
208 82
208 0
208 212
208 116
208 69
208 29
208 3
208 9
208 24
208 199
208 133
208 213
208 4
208 130
208 197
208 185
208 118
208 206
208 175
208 42
208 37
208 55
208 188
208 95
208 176
208 132
120 136
120 54
120 44
120 100
120 121
120 105
120 20
120 135
120 71
120 167
120 129
120 183
120 0
120 94
120 194
120 212
120 14
120 182
120 179
120 32
120 116
120 141
120 3
120 77
120 24
120 205
120 17
120 199
120 204
120 98
120 147
120 142
120 104
120 16
120 47
120 140
120 97
120 42
120 27
120 55
120 90
120 192
120 148
38 53
38 11
38 49
38 121
38 108
38 73
38 20
38 36
38 210
38 71
38 61
38 0
38 93
38 194
38 14
38 32
38 116
38 162
38 102
38 64
38 69
38 145
38 17
38 74
38 170
38 59
38 4
38 92
38 197
38 26
38 118
38 16
38 175
38 68
38 79
38 62
38 27
38 37
38 188
38 193
38 30
136 121
136 169
136 20
136 103
136 129
136 82
136 183
136 110
136 18
136 212
136 14
136 182
136 116
136 162
136 64
136 29
136 3
136 112
136 1
136 58
136 213
136 4
136 92
136 130
136 87
136 140
136 68
136 97
136 55
136 90
136 192
136 176
136 28
136 132
156 172
156 171
156 53
156 44
156 49
156 100
156 180
156 114
156 73
156 36
156 135
156 161
156 103
156 129
156 82
156 183
156 61
156 194
156 14
156 113
156 179
156 32
156 162
156 64
156 69
156 3
156 9
156 24
156 1
156 17
156 74
156 130
156 87
156 175
156 97
156 42
156 27
156 37
156 55
156 188
156 95
156 132
54 171
54 53
54 121
54 169
54 101
54 181
54 20
54 211
54 210
54 161
54 167
54 129
54 82
54 61
54 15
54 179
54 32
54 200
54 69
54 141
54 77
54 112
54 58
54 204
54 4
54 92
54 142
54 185
54 118
54 104
54 16
54 87
54 140
54 188
54 148
172 11
172 121
172 80
172 114
172 20
172 128
172 210
172 135
172 88
172 167
172 82
172 151
172 93
172 194
172 14
172 182
172 113
172 32
172 69
172 29
172 145
172 24
172 112
172 17
172 74
172 170
172 133
172 213
172 4
172 92
172 197
172 142
172 185
172 206
172 140
172 97
172 168
172 62
172 188
172 193
172 70
172 148
172 122
172 176
171 53
171 49
171 100
171 80
171 105
171 36
171 128
171 135
171 88
171 103
171 61
171 15
171 18
171 14
171 113
171 102
171 3
171 9
171 1
171 17
171 199
171 58
171 74
171 170
171 34
171 98
171 92
171 147
171 185
171 118
171 16
171 68
171 138
171 168
171 62
171 55
171 192
41 53
41 160
41 44
41 100
41 80
41 114
41 181
41 20
41 211
41 36
41 135
41 129
41 15
41 151
41 110
41 14
41 32
41 200
41 102
41 69
41 3
41 24
41 204
41 213
41 4
41 34
41 92
41 147
41 26
41 16
41 175
41 140
41 68
41 97
41 37
41 55
41 192
41 30
41 122
53 11
53 180
53 169
53 108
53 181
53 75
53 210
53 103
53 61
53 102
53 64
53 145
53 24
53 205
53 112
53 170
53 213
53 4
53 98
53 130
53 147
53 185
53 206
53 175
53 68
53 138
53 168
53 62
53 27
53 188
53 90
53 70
53 30
53 28
160 44
160 49
160 114
160 108
160 19
160 135
160 88
160 161
160 129
160 151
160 194
160 200
160 69
160 29
160 77
160 24
160 112
160 1
160 199
160 59
160 34
160 98
160 16
160 175
160 79
160 168
160 42
160 27
160 37
160 90
160 192
160 95
11 49
11 180
11 114
11 101
11 108
11 128
11 135
11 71
11 167
11 15
11 178
11 194
11 182
11 113
11 179
11 32
11 200
11 162
11 3
11 1
11 127
11 59
11 213
11 4
11 197
11 118
11 87
11 140
11 79
11 62
11 188
11 70
44 49
44 100
44 121
44 108
44 19
44 75
44 217
44 146
44 167
44 15
44 0
44 18
44 178
44 194
44 14
44 182
44 113
44 179
44 32
44 116
44 162
44 24
44 205
44 112
44 170
44 59
44 133
44 204
44 213
44 4
44 34
44 92
44 142
44 26
44 118
44 206
44 87
44 175
44 193
44 70
44 95
44 148
44 122
44 28
49 121
49 180
49 114
49 105
49 217
49 161
49 103
49 183
49 110
49 94
49 153
49 113
49 179
49 102
49 141
49 112
49 58
49 74
49 59
49 142
49 185
49 118
49 206
49 104
49 175
49 68
49 79
49 138
49 168
49 192
49 148
100 121
100 180
100 101
100 108
100 181
100 73
100 75
100 211
100 128
100 210
100 61
100 15
100 0
100 93
100 153
100 212
100 200
100 145
100 1
100 170
100 59
100 98
100 197
100 16
100 168
100 42
100 37
100 148
100 122
100 28
100 132
121 180
121 80
121 108
121 181
121 19
121 75
121 20
121 151
121 0
121 110
121 93
121 178
121 153
121 102
121 64
121 69
121 1
121 127
121 17
121 204
121 213
121 4
121 147
121 185
121 206
121 104
121 87
121 175
121 68
121 97
121 79
121 37
121 30
121 95
121 176
180 169
180 80
180 105
180 19
180 75
180 36
180 129
180 61
180 15
180 151
180 0
180 94
180 153
180 69
180 141
180 3
180 205
180 17
180 170
180 133
180 98
180 92
180 147
180 197
180 142
180 26
180 206
180 16
180 87
180 47
180 138
180 62
180 42
180 188
180 90
180 70
180 95
180 176
180 132
169 80
169 181
169 73
169 19
169 211
169 88
169 103
169 71
169 151
169 0
169 110
169 178
169 153
169 113
169 32
169 162
169 24
169 112
169 1
169 170
169 34
169 98
169 130
169 16
169 87
169 140
169 97
169 138
169 55
169 192
169 30
169 122
169 132
80 108
80 181
80 75
80 36
80 88
80 217
80 71
80 0
80 18
80 212
80 14
80 29
80 145
80 141
80 77
80 127
80 17
80 199
80 59
80 92
80 197
80 185
80 118
80 104
80 16
80 175
80 140
80 79
80 62
80 188
80 192
80 95
80 176
80 28
114 181
114 73
114 211
114 128
114 217
114 167
114 82
114 61
114 15
114 18
114 182
114 113
114 32
114 200
114 162
114 69
114 141
114 3
114 77
114 9
114 1
114 74
114 170
114 213
114 147
114 118
114 206
114 87
114 37
114 193
114 192
114 30
114 122
114 176
101 105
101 181
101 19
101 20
101 128
101 146
101 15
101 151
101 0
101 93
101 18
101 194
101 14
101 162
101 102
101 145
101 141
101 3
101 77
101 112
101 1
101 199
101 58
101 59
101 4
101 98
101 197
101 142
101 206
101 104
101 16
101 140
101 168
101 193
101 95
108 181
108 217
108 146
108 82
108 15
108 93
108 14
108 179
108 3
108 9
108 24
108 1
108 127
108 4
108 98
108 142
108 185
108 26
108 104
108 47
108 140
108 68
108 168
108 62
108 42
108 27
108 30
108 122
108 28
105 73
105 19
105 128
105 217
105 161
105 129
105 15
105 14
105 29
105 141
105 24
105 112
105 127
105 199
105 130
105 147
105 118
105 16
105 87
105 140
105 138
105 188
105 90
105 192
105 95
105 176
105 28
181 73
181 19
181 88
181 217
181 146
181 167
181 129
181 61
181 110
181 18
181 153
181 212
181 113
181 179
181 200
181 116
181 162
181 64
181 141
181 77
181 1
181 127
181 17
181 74
181 59
181 4
181 92
181 142
181 185
181 26
181 87
181 47
181 68
181 168
181 42
181 55
181 193
181 192
181 122
181 176
73 75
73 211
73 36
73 135
73 161
73 167
73 61
73 151
73 110
73 93
73 94
73 153
73 212
73 14
73 179
73 141
73 9
73 127
73 58
73 59
73 34
73 130
73 197
73 142
73 87
73 47
73 140
73 55
73 70
73 95
73 132
19 20
19 36
19 128
19 161
19 146
19 71
19 167
19 129
19 61
19 151
19 0
19 18
19 94
19 212
19 14
19 182
19 113
19 32
19 116
19 162
19 102
19 69
19 145
19 3
19 9
19 205
19 112
19 133
19 213
19 4
19 34
19 185
19 118
19 104
19 175
19 68
19 97
19 168
19 55
19 90
19 192
19 148
75 210
75 135
75 217
75 161
75 103
75 146
75 71
75 167
75 0
75 14
75 162
75 69
75 29
75 9
75 17
75 199
75 59
75 133
75 213
75 197
75 118
75 206
75 87
75 175
75 97
75 42
75 70
75 30
75 176
75 28
20 36
20 88
20 167
20 82
20 110
20 93
20 18
20 194
20 153
20 200
20 162
20 77
20 17
20 98
20 147
20 197
20 104
20 87
20 47
20 140
20 79
20 188
20 90
20 193
20 192
20 28
20 132
211 36
211 210
211 135
211 161
211 146
211 167
211 82
211 61
211 151
211 94
211 178
211 153
211 113
211 179
211 200
211 69
211 29
211 9
211 112
211 74
211 170
211 59
211 133
211 34
211 118
211 97
211 27
211 37
211 188
211 192
211 30
211 148
36 128
36 135
36 217
36 161
36 103
36 146
36 71
36 167
36 194
36 14
36 182
36 64
36 145
36 141
36 112
36 1
36 199
36 74
36 170
36 213
36 34
36 197
36 185
36 26
36 68
36 97
36 168
36 42
36 55
36 193
36 95
36 132
128 210
128 217
128 146
128 71
128 129
128 0
128 194
128 153
128 212
128 113
128 179
128 102
128 64
128 145
128 1
128 133
128 213
128 34
128 130
128 16
128 47
128 68
128 79
128 42
128 27
128 55
128 70
128 192
128 95
210 88
210 217
210 161
210 103
210 61
210 0
210 178
210 194
210 14
210 32
210 116
210 162
210 24
210 205
210 112
210 58
210 74
210 59
210 133
210 98
210 92
210 118
210 16
210 175
210 47
210 140
210 138
210 168
210 37
210 193
210 192
210 95
210 122
135 217
135 161
135 167
135 183
135 15
135 93
135 178
135 182
135 69
135 77
135 112
135 127
135 58
135 98
135 197
135 185
135 118
135 206
135 104
135 140
135 97
135 138
135 62
135 55
135 188
135 70
135 192
135 30
135 95
88 146
88 71
88 82
88 110
88 94
88 153
88 64
88 69
88 112
88 59
88 130
88 197
88 142
88 185
88 206
88 16
88 87
88 68
88 79
88 138
88 188
88 193
88 122
217 146
217 71
217 167
217 129
217 61
217 110
217 94
217 32
217 200
217 102
217 64
217 141
217 3
217 77
217 9
217 127
217 17
217 199
217 74
217 204
217 4
217 87
217 140
217 97
217 27
217 188
217 70
217 30
217 95
217 28
217 132
161 103
161 71
161 167
161 129
161 82
161 15
161 151
161 110
161 178
161 194
161 14
161 182
161 113
161 64
161 69
161 77
161 112
161 127
161 92
161 130
161 147
161 16
161 87
161 47
161 42
161 193
161 70
161 148
161 176
103 146
103 15
103 0
103 93
103 18
103 179
103 32
103 200
103 116
103 162
103 29
103 145
103 141
103 77
103 24
103 1
103 199
103 58
103 34
103 92
103 26
103 104
103 16
103 87
103 47
103 140
103 68
103 97
103 138
103 168
103 55
103 192
103 95
103 176
146 167
146 129
146 82
146 61
146 15
146 0
146 153
146 182
146 179
146 116
146 64
146 69
146 9
146 205
146 17
146 59
146 133
146 130
146 147
146 26
146 118
146 16
146 87
146 175
146 68
146 37
146 188
146 90
146 192
146 148
146 176
146 28
146 132
71 167
71 15
71 110
71 113
71 32
71 200
71 116
71 102
71 29
71 77
71 9
71 24
71 205
71 1
71 17
71 74
71 92
71 130
71 118
71 206
71 104
71 16
71 87
71 47
71 97
71 55
71 193
71 70
71 148
71 122
167 129
167 82
167 93
167 18
167 178
167 182
167 179
167 32
167 102
167 64
167 24
167 205
167 127
167 204
167 4
167 34
167 98
167 130
167 142
167 104
167 140
167 97
167 62
167 55
167 192
167 28
129 82
129 0
129 110
129 212
129 113
129 32
129 9
129 205
129 199
129 74
129 34
129 98
129 130
129 142
129 185
129 26
129 104
129 16
129 175
129 47
129 79
129 168
129 55
129 188
82 15
82 194
82 113
82 116
82 69
82 29
82 145
82 199
82 213
82 197
82 185
82 26
82 16
82 47
82 97
82 79
82 62
82 55
82 90
82 122
82 28
183 61
183 0
183 153
183 162
183 102
183 145
183 141
183 9
183 1
183 127
183 74
183 170
183 59
183 213
183 34
183 130
183 197
183 185
183 206
183 16
183 175
183 55
183 188
183 95
183 148
183 28
61 93
61 178
61 153
61 212
61 32
61 116
61 141
61 3
61 205
61 1
61 170
61 204
61 4
61 34
61 92
61 142
61 185
61 206
61 68
61 42
61 37
61 70
61 148
61 176
61 28
61 132
15 151
15 0
15 153
15 182
15 113
15 32
15 116
15 69
15 145
15 77
15 24
15 58
15 59
15 204
15 34
15 98
15 92
15 118
15 175
15 168
15 62
15 42
15 55
15 192
15 30
15 148
151 0
151 110
151 194
151 212
151 14
151 162
151 102
151 29
151 141
151 3
151 205
151 1
151 127
151 199
151 74
151 204
151 92
151 130
151 147
151 197
151 142
151 26
151 104
151 16
151 97
151 168
151 37
151 188
151 90
151 70
151 95
151 148
151 122
0 18
0 94
0 116
0 162
0 102
0 29
0 141
0 77
0 199
0 74
0 204
0 213
0 34
0 130
0 142
0 16
0 168
0 62
0 27
0 188
0 193
0 70
0 192
0 122
0 176
110 93
110 94
110 178
110 153
110 212
110 14
110 141
110 3
110 112
110 127
110 17
110 204
110 92
110 142
110 185
110 87
110 79
110 138
110 168
110 37
110 188
110 70
110 30
110 176
93 18
93 94
93 178
93 153
93 162
93 102
93 141
93 112
93 1
93 199
93 74
93 34
93 92
93 130
93 147
93 185
93 104
93 16
93 140
93 168
93 62
93 27
93 37
93 55
93 90
93 95
93 28
18 178
18 194
18 200
18 29
18 17
18 133
18 4
18 147
18 197
18 185
18 16
18 175
18 79
18 62
18 37
18 192
18 122
18 176
94 194
94 113
94 32
94 162
94 102
94 69
94 29
94 141
94 9
94 205
94 199
94 74
94 170
94 4
94 92
94 147
94 175
94 79
94 42
94 27
94 37
94 148
94 176
94 28
94 132
178 153
178 182
178 179
178 200
178 116
178 77
178 24
178 1
178 17
178 199
178 58
178 74
178 213
178 4
178 92
178 130
178 147
178 118
178 16
178 47
178 68
178 79
178 168
178 37
178 28
194 212
194 14
194 182
194 113
194 179
194 32
194 200
194 162
194 24
194 205
194 199
194 133
194 204
194 213
194 142
194 26
194 16
194 175
194 97
194 138
194 168
194 30
194 95
194 122
194 28
153 182
153 179
153 32
153 116
153 102
153 64
153 69
153 29
153 77
153 112
153 170
153 213
153 98
153 147
153 16
153 168
153 27
153 90
153 193
153 122
212 113
212 179
212 200
212 29
212 3
212 204
212 34
212 147
212 185
212 26
212 87
212 175
212 140
212 168
212 37
212 188
212 192
212 95
212 148
212 122
14 179
14 32
14 200
14 116
14 162
14 102
14 69
14 145
14 141
14 3
14 24
14 17
14 199
14 170
14 59
14 133
14 147
14 197
14 185
14 16
14 47
14 97
14 27
14 55
14 188
14 90
14 193
14 70
14 30
14 95
14 176
14 28
14 132
182 74
182 130
182 147
182 142
182 26
182 87
182 140
182 68
182 138
182 42
182 148
182 122
113 32
113 200
113 116
113 102
113 29
113 9
113 199
113 170
113 133
113 213
113 34
113 92
113 26
113 118
113 16
113 47
113 140
113 68
113 62
113 42
113 30
113 148
113 122
113 176
179 162
179 102
179 69
179 145
179 141
179 24
179 205
179 112
179 1
179 127
179 58
179 170
179 59
179 133
179 118
179 104
179 16
179 87
179 47
179 140
179 138
179 42
179 55
179 188
179 132
32 200
32 102
32 64
32 145
32 141
32 3
32 9
32 24
32 205
32 1
32 17
32 74
32 204
32 213
32 4
32 185
32 97
32 27
32 55
32 90
32 70
32 30
32 95
32 148
32 122
32 28
200 102
200 69
200 145
200 127
200 199
200 58
200 74
200 170
200 133
200 204
200 92
200 130
200 142
200 185
200 47
200 79
200 62
200 42
200 188
200 90
200 30
200 148
116 64
116 145
116 77
116 112
116 17
116 199
116 59
116 213
116 4
116 130
116 16
116 87
116 175
116 140
116 97
116 62
116 188
116 193
116 70
116 148
116 122
116 28
162 102
162 64
162 29
162 9
162 24
162 199
162 170
162 133
162 204
162 98
162 130
162 87
162 138
162 62
162 55
162 70
162 95
162 132
102 64
102 3
102 24
102 127
102 199
102 59
102 133
102 213
102 4
102 197
102 142
102 185
102 206
102 97
102 27
102 188
102 176
102 28
64 3
64 77
64 74
64 204
64 92
64 142
64 206
64 87
64 175
64 68
64 188
69 77
69 9
69 17
69 74
69 170
69 204
69 118
69 16
69 97
69 138
69 42
69 55
69 148
29 3
29 9
29 127
29 199
29 74
29 170
29 59
29 92
29 147
29 142
29 185
29 118
29 206
29 140
29 79
29 42
29 27
29 37
29 193
29 70
29 176
145 24
145 205
145 112
145 1
145 170
145 59
145 213
145 34
145 185
145 206
145 87
145 140
145 79
145 168
145 55
145 70
145 148
145 132
141 205
141 127
141 58
141 59
141 4
141 130
141 118
141 206
141 104
141 16
141 87
141 47
141 140
141 97
141 62
141 188
141 70
141 30
141 28
3 77
3 9
3 24
3 1
3 199
3 58
3 34
3 92
3 197
3 118
3 138
3 62
3 37
3 193
3 70
3 95
3 132
77 24
77 127
77 199
77 74
77 4
77 26
77 47
77 27
77 37
77 193
77 192
9 17
9 199
9 58
9 59
9 4
9 34
9 92
9 147
9 140
9 68
9 97
9 79
9 138
9 42
9 27
9 37
9 192
9 132
24 112
24 127
24 17
24 199
24 170
24 133
24 4
24 34
24 92
24 147
24 197
24 26
24 118
24 68
24 62
24 42
24 27
24 55
24 193
24 192
24 30
24 95
24 148
24 132
205 74
205 213
205 4
205 92
205 185
205 206
205 47
205 68
205 79
205 42
205 37
205 188
205 70
205 148
205 132
112 74
112 133
112 213
112 34
112 142
112 118
112 16
112 175
112 140
112 138
112 55
112 188
112 95
112 122
112 176
112 28
1 199
1 170
1 213
1 4
1 34
1 98
1 142
1 206
1 87
1 68
1 79
1 90
1 193
1 70
1 28
127 17
127 58
127 59
127 213
127 130
127 185
127 26
127 118
127 104
127 16
127 168
127 27
127 188
127 90
127 193
127 70
127 176
127 28
127 132
17 199
17 58
17 204
17 4
17 34
17 130
17 147
17 197
17 185
17 26
17 118
17 206
17 87
17 175
17 97
17 30
17 95
17 122
17 28
17 132
199 34
199 130
199 197
199 104
199 16
199 175
199 68
199 138
199 27
199 55
199 188
199 193
199 30
58 74
58 59
58 133
58 185
58 26
58 104
58 138
58 37
58 188
58 70
58 95
74 34
74 98
74 197
74 185
74 118
74 206
74 87
74 175
74 47
74 79
74 138
74 62
74 37
74 188
74 193
74 28
170 133
170 147
170 142
170 185
170 206
170 175
170 47
170 140
170 97
170 168
170 62
170 42
170 188
170 90
170 193
170 192
170 30
170 148
170 132
59 213
59 4
59 34
59 98
59 130
59 197
59 142
59 185
59 118
59 87
59 140
59 68
59 79
59 62
59 55
59 30
133 204
133 4
133 130
133 147
133 118
133 175
133 138
133 27
133 95
133 148
133 122
204 98
204 92
204 147
204 185
204 26
204 118
204 206
204 175
204 47
204 140
204 68
204 42
204 193
204 148
204 28
213 4
213 92
213 197
213 206
213 104
213 16
213 140
213 138
213 55
213 188
213 193
213 176
213 132
4 98
4 197
4 26
4 118
4 206
4 16
4 175
4 47
4 79
4 138
4 62
34 98
34 185
34 140
34 42
34 27
34 55
34 28
34 132
98 130
98 197
98 68
98 97
98 138
98 188
98 176
92 130
92 147
92 185
92 118
92 206
92 16
92 140
92 68
92 97
92 42
92 55
92 188
92 90
92 95
92 148
92 176
92 28
130 185
130 26
130 168
130 42
130 37
130 55
130 188
130 193
130 70
130 30
130 176
130 132
147 118
147 206
147 87
147 47
147 140
147 97
147 79
147 138
147 62
147 27
147 37
147 30
147 176
147 132
197 118
197 175
197 97
197 79
197 62
197 188
197 193
197 30
197 95
197 148
197 28
142 185
142 118
142 16
142 87
142 175
142 138
142 27
142 193
142 95
142 148
142 176
142 28
185 26
185 118
185 206
185 104
185 175
185 140
185 138
185 55
185 90
185 176
185 28
26 104
26 87
26 138
26 37
26 188
26 193
26 70
26 176
118 206
118 16
118 62
118 42
118 37
118 193
118 30
206 16
206 47
206 79
206 138
206 168
206 55
206 90
206 30
206 28
206 132
104 87
104 175
104 42
104 27
104 37
104 55
104 188
104 95
16 175
16 37
16 188
16 148
16 176
87 175
87 79
87 27
87 70
87 95
87 122
87 176
87 132
175 140
175 68
175 79
175 62
175 55
175 70
47 138
47 42
47 90
47 193
47 70
47 30
140 138
140 62
140 42
140 27
140 37
140 193
140 148
140 176
140 28
68 138
68 27
68 193
68 70
68 30
68 148
68 28
68 132
97 138
97 62
97 90
97 70
97 30
97 95
97 148
79 62
79 193
79 122
138 168
138 193
138 70
138 192
138 176
138 132
168 42
168 37
168 55
168 188
168 90
168 193
168 70
168 30
168 122
62 42
62 55
62 70
62 192
62 30
62 28
62 132
42 27
42 37
42 55
42 188
42 90
42 95
42 122
42 176
42 28
27 193
27 192
27 28
37 192
37 176
37 132
55 90
55 193
55 70
55 30
188 70
188 148
188 176
188 132
90 70
90 192
90 30
90 122
90 176
90 132
193 28
193 132
70 30
70 132
192 95
192 176
95 122
95 28
122 28
176 28
176 132
28 132
