*verties 208
48
219
146
203
144
82
8
33
205
1
181
11
183
160
89
91
202
155
103
163
51
134
204
132
177
140
43
162
41
185
135
6
149
159
70
87
120
109
78
60
73
81
76
22
130
173
71
63
169
111
122
114
124
18
192
208
68
102
26
209
97
28
193
79
131
24
142
29
188
100
138
128
200
34
69
80
206
64
90
195
14
108
148
39
113
182
45
47
58
94
143
207
67
201
104
93
37
5
96
121
4
40
77
210
213
171
98
54
32
125
165
13
123
52
191
44
30
156
150
59
170
172
214
21
106
152
147
17
92
141
154
179
56
175
126
36
139
3
83
137
62
133
31
35
212
49
110
218
166
174
15
10
180
178
46
168
61
72
158
189
65
66
99
194
187
136
74
55
88
9
85
186
164
167
115
57
95
23
119
129
211
217
12
127
53
2
145
27
196
112
86
151
190
42
157
38
50
0
118
20
153
117
216
215
184
101
84
107
*edges 
48 205
48 89
48 132
48 185
48 87
48 73
48 81
48 122
48 114
48 208
48 24
48 100
48 34
48 113
48 207
48 98
48 54
48 125
48 13
48 170
48 154
48 137
48 49
48 174
48 168
48 119
48 12
48 145
48 153
48 117
48 216
48 84
219 146
219 22
219 18
219 193
219 79
219 64
219 108
219 113
219 58
219 207
219 5
219 171
219 54
219 52
219 150
219 172
219 36
219 139
219 137
219 10
219 168
219 61
219 72
219 158
219 187
219 136
219 167
219 57
219 129
219 217
219 112
219 190
219 157
219 38
219 0
219 20
219 117
219 216
219 215
219 101
219 107
146 159
146 70
146 120
146 81
146 208
146 102
146 28
146 34
146 80
146 47
146 207
146 37
146 5
146 121
146 4
146 210
146 213
146 98
146 170
146 214
146 152
146 17
146 179
146 139
146 3
146 83
146 31
146 35
146 212
146 49
146 110
146 61
146 66
146 55
146 164
146 57
146 119
146 211
146 112
146 153
146 101
203 8
203 205
203 11
203 202
203 132
203 162
203 78
203 60
203 111
203 114
203 124
203 100
203 200
203 80
203 45
203 67
203 96
203 191
203 214
203 15
203 178
203 61
203 187
203 145
203 117
203 184
144 91
144 132
144 43
144 87
144 78
144 60
144 76
144 22
144 124
144 26
144 142
144 100
144 80
144 90
144 195
144 108
144 39
144 45
144 58
144 93
144 96
144 98
144 32
144 123
144 191
144 156
144 172
144 106
144 17
144 92
144 179
144 83
144 35
144 180
144 178
144 99
144 55
144 85
144 57
144 129
144 12
144 53
144 184
82 11
82 71
82 169
82 114
82 124
82 209
82 79
82 131
82 142
82 128
82 80
82 206
82 64
82 148
82 207
82 201
82 213
82 125
82 191
82 214
82 147
82 141
82 56
82 36
82 3
82 133
82 15
82 178
82 61
82 66
82 194
82 55
82 186
82 129
82 27
82 196
82 215
82 184
8 183
8 177
8 185
8 87
8 173
8 192
8 68
8 102
8 26
8 28
8 131
8 80
8 206
8 148
8 39
8 47
8 58
8 207
8 165
8 191
8 156
8 17
8 56
8 133
8 31
8 189
8 194
8 136
8 85
8 186
8 167
8 53
8 2
8 196
8 118
33 181
33 11
33 160
33 177
33 140
33 162
33 109
33 73
33 169
33 18
33 208
33 102
33 26
33 209
33 24
33 188
33 90
33 14
33 148
33 39
33 32
33 123
33 170
33 172
33 152
33 154
33 137
33 133
33 35
33 158
33 189
33 65
33 74
33 85
33 95
33 127
33 2
33 86
33 157
205 163
205 43
205 6
205 78
205 63
205 122
205 114
205 29
205 14
205 94
205 67
205 104
205 40
205 54
205 150
205 147
205 56
205 133
205 31
205 15
205 180
205 168
205 136
205 55
205 85
205 145
205 112
205 190
205 42
205 50
205 84
1 140
1 60
1 63
1 111
1 122
1 192
1 193
1 138
1 200
1 64
1 14
1 148
1 113
1 94
1 104
1 121
1 52
1 30
1 156
1 170
1 214
1 147
1 141
1 179
1 139
1 133
1 10
1 136
1 74
1 119
1 129
1 145
1 190
1 157
1 84
181 51
181 159
181 76
181 63
181 122
181 18
181 68
181 102
181 28
181 24
181 200
181 69
181 64
181 182
181 67
181 5
181 96
181 172
181 21
181 83
181 10
181 65
181 99
181 136
181 55
181 27
181 112
181 50
11 51
11 177
11 43
11 22
11 208
11 68
11 26
11 28
11 79
11 131
11 24
11 100
11 34
11 206
11 94
11 213
11 125
11 172
11 147
11 3
11 218
11 74
11 55
11 88
11 167
11 119
11 211
11 151
11 50
11 84
183 202
183 162
183 130
183 114
183 18
183 192
183 68
183 34
183 113
183 94
183 207
183 210
183 214
183 147
183 92
183 31
183 110
183 166
183 158
183 194
183 55
183 164
183 211
183 145
183 86
183 20
183 153
183 216
160 155
160 163
160 51
160 177
160 149
160 87
160 60
160 73
160 130
160 63
160 97
160 142
160 128
160 200
160 206
160 195
160 14
160 182
160 67
160 93
160 40
160 210
160 213
160 32
160 30
160 59
160 154
160 139
160 83
160 35
160 212
160 15
160 65
160 194
160 88
160 9
160 85
160 186
160 115
160 129
160 42
160 38
160 50
160 0
160 215
160 101
89 51
89 132
89 162
89 135
89 159
89 70
89 120
89 76
89 130
89 193
89 79
89 47
89 5
89 13
89 141
89 154
89 56
89 175
89 139
89 110
89 194
89 187
89 9
89 164
89 57
89 23
89 27
89 86
89 151
89 20
89 117
89 184
91 204
91 185
91 135
91 159
91 109
91 78
91 81
91 22
91 122
91 124
91 18
91 102
91 193
91 29
91 100
91 128
91 69
91 108
91 47
91 207
91 37
91 210
91 213
91 125
91 92
91 139
91 3
91 83
91 35
91 110
91 218
91 46
91 85
91 167
91 119
91 2
91 145
91 151
91 38
91 50
202 140
202 162
202 149
202 131
202 29
202 188
202 206
202 64
202 108
202 148
202 45
202 94
202 143
202 207
202 67
202 104
202 5
202 210
202 13
202 52
202 214
202 212
202 218
202 168
202 99
202 136
202 88
202 9
202 85
202 186
202 129
202 12
202 127
202 145
155 204
155 140
155 149
155 120
155 63
155 192
155 208
155 102
155 26
155 128
155 113
155 37
155 121
155 77
155 171
155 54
155 32
155 13
155 123
155 156
155 21
155 152
155 92
155 154
155 175
155 212
155 218
155 194
155 167
155 115
155 57
155 211
155 12
155 86
155 151
155 42
155 118
155 184
155 107
103 134
103 162
103 109
103 73
103 81
103 18
103 68
103 209
103 131
103 24
103 142
103 138
103 80
103 206
103 182
103 32
103 165
103 30
103 150
103 147
103 56
103 36
103 139
103 83
103 137
103 62
103 189
103 65
103 55
103 95
103 53
103 196
103 190
103 42
163 140
163 130
163 173
163 114
163 26
163 131
163 24
163 80
163 195
163 47
163 58
163 143
163 207
163 67
163 121
163 77
163 32
163 125
163 13
163 44
163 30
163 214
163 152
163 179
163 139
163 3
163 61
163 189
163 164
163 167
163 115
163 12
163 27
163 112
163 151
163 157
163 216
163 184
51 6
51 109
51 76
51 111
51 28
51 131
51 29
51 200
51 64
51 148
51 207
51 96
51 210
51 175
51 36
51 139
51 62
51 133
51 110
51 174
51 180
51 186
51 95
51 101
134 204
134 43
134 135
134 159
134 81
134 76
134 63
134 131
134 138
134 108
134 182
134 94
134 143
134 93
134 123
134 52
134 44
134 30
134 170
134 172
134 106
134 17
134 154
134 137
134 133
134 110
134 166
134 158
134 189
134 66
134 115
134 95
134 190
134 38
134 216
134 184
204 132
204 43
204 102
204 26
204 142
204 100
204 128
204 200
204 80
204 90
204 195
204 39
204 182
204 143
204 165
204 191
204 156
204 214
204 21
204 92
204 141
204 126
204 139
204 174
204 61
204 158
204 194
204 136
204 88
204 85
204 186
204 129
204 27
204 112
204 86
204 42
204 20
204 117
204 184
132 140
132 162
132 135
132 22
132 173
132 63
132 28
132 79
132 188
132 80
132 39
132 47
132 104
132 98
132 125
132 165
132 123
132 21
132 152
132 218
132 166
132 15
132 10
132 46
132 66
132 187
132 55
132 9
132 95
132 145
132 157
132 0
132 216
132 215
132 101
132 84
132 107
177 162
177 185
177 149
177 73
177 71
177 63
177 122
177 114
177 124
177 102
177 79
177 29
177 188
177 100
177 201
177 37
177 123
177 106
177 179
177 56
177 83
177 15
177 46
177 72
177 136
177 74
177 12
177 145
177 42
177 118
140 43
140 185
140 159
140 70
140 173
140 68
140 128
140 34
140 58
140 104
140 125
140 123
140 147
140 139
140 166
140 174
140 194
140 187
140 164
140 23
140 119
140 211
140 145
140 190
140 157
140 118
140 216
140 84
43 162
43 185
43 81
43 76
43 68
43 26
43 131
43 142
43 188
43 100
43 113
43 93
43 54
43 13
43 191
43 170
43 172
43 133
43 15
43 66
43 187
43 115
43 2
43 50
43 216
162 135
162 78
162 71
162 63
162 169
162 28
162 79
162 188
162 100
162 206
162 195
162 39
162 5
162 210
162 13
162 44
162 147
162 133
162 212
162 49
162 174
162 61
162 194
162 217
162 42
162 0
41 159
41 87
41 120
41 173
41 71
41 208
41 24
41 34
41 39
41 113
41 58
41 143
41 67
41 98
41 13
41 123
41 52
41 126
41 3
41 62
41 49
41 110
41 218
41 15
41 10
41 72
41 115
41 107
185 159
185 70
185 73
185 63
185 111
185 114
185 192
185 34
185 90
185 39
185 45
185 93
185 13
185 191
185 156
185 214
185 3
185 31
185 10
185 46
185 65
185 66
185 136
185 85
185 115
185 95
185 2
185 145
185 190
185 117
185 107
135 78
135 81
135 22
135 130
135 124
135 100
135 182
135 45
135 67
135 104
135 32
135 147
135 175
135 3
135 83
135 133
135 31
135 212
135 194
135 9
135 186
135 27
135 112
135 157
135 101
6 149
6 70
6 120
6 76
6 130
6 26
6 209
6 28
6 24
6 142
6 69
6 206
6 195
6 113
6 94
6 4
6 98
6 125
6 52
6 191
6 156
6 170
6 106
6 137
6 49
6 166
6 61
6 85
6 95
6 23
6 129
6 53
6 27
6 42
149 159
149 87
149 120
149 173
149 63
149 124
149 18
149 188
149 100
149 128
149 200
149 34
149 69
149 67
149 32
149 44
149 141
149 83
149 133
149 218
149 174
149 10
149 46
149 55
149 9
149 164
149 57
149 23
149 119
149 86
149 38
149 184
159 73
159 130
159 90
159 14
159 108
159 207
159 121
159 191
159 44
159 150
159 172
159 137
159 133
159 31
159 212
159 110
159 166
159 10
159 180
159 136
159 88
159 145
159 157
159 0
159 215
159 107
70 22
70 173
70 208
70 209
70 142
70 138
70 200
70 39
70 47
70 93
70 121
70 77
70 210
70 213
70 32
70 123
70 52
70 44
70 30
70 170
70 175
70 126
70 9
70 164
70 115
70 95
70 217
70 86
70 190
70 107
87 120
87 109
87 22
87 63
87 102
87 79
87 24
87 142
87 188
87 206
87 14
87 148
87 37
87 96
87 213
87 171
87 32
87 191
87 44
87 141
87 83
87 31
87 15
87 189
87 65
87 55
87 186
87 211
87 217
87 112
87 86
87 184
120 81
120 111
120 114
120 209
120 142
120 188
120 206
120 94
120 37
120 32
120 191
120 156
120 31
120 35
120 174
120 15
120 85
120 57
120 23
120 211
120 12
120 2
120 27
120 86
120 151
120 50
120 101
109 60
109 73
109 81
109 76
109 22
109 114
109 208
109 29
109 34
109 14
109 47
109 58
109 94
109 207
109 93
109 213
109 32
109 191
109 44
109 156
109 147
109 126
109 139
109 137
109 10
109 180
109 168
109 158
109 65
109 74
109 9
109 23
109 129
109 157
109 38
78 76
78 192
78 208
78 68
78 188
78 128
78 195
78 108
78 182
78 45
78 143
78 67
78 96
78 77
78 165
78 13
78 191
78 44
78 154
78 179
78 3
78 133
78 174
78 10
78 46
78 61
78 66
78 88
78 186
78 164
78 115
78 129
78 127
78 27
78 86
78 157
78 20
60 169
60 122
60 192
60 209
60 24
60 90
60 121
60 32
60 150
60 172
60 106
60 62
60 61
60 187
60 186
60 211
60 217
60 145
60 27
60 153
60 101
60 107
73 22
73 71
73 124
73 26
73 138
73 200
73 69
73 206
73 64
73 113
73 45
73 143
73 37
73 54
73 32
73 13
73 156
73 59
73 106
73 152
73 141
73 154
73 175
73 3
73 49
73 61
73 158
73 65
73 74
73 55
73 85
73 186
73 23
73 127
73 2
73 196
73 86
73 38
73 153
73 101
73 84
81 22
81 173
81 71
81 122
81 188
81 206
81 108
81 143
81 213
81 171
81 191
81 150
81 17
81 175
81 139
81 218
81 166
81 46
81 65
81 99
81 55
81 186
81 167
81 119
81 145
81 112
81 157
81 50
76 18
76 208
76 102
76 14
76 182
76 207
76 67
76 214
76 141
76 56
76 175
76 10
76 178
76 61
76 187
76 88
76 119
76 217
76 12
76 127
76 27
76 86
76 42
76 157
76 0
76 153
22 131
22 69
22 113
22 67
22 4
22 156
22 62
22 178
22 158
22 66
22 187
22 55
22 186
22 167
22 115
22 23
22 119
22 127
22 53
22 2
22 50
22 107
130 111
130 208
130 97
130 28
130 142
130 29
130 200
130 34
130 90
130 108
130 39
130 113
130 207
130 201
130 93
130 5
130 98
130 52
130 150
130 152
130 56
130 49
130 110
130 10
130 136
130 74
130 85
130 167
130 86
130 84
173 169
173 192
173 208
173 97
173 193
173 188
173 100
173 138
173 113
173 47
173 104
173 93
173 123
173 30
173 150
173 172
173 214
173 179
173 56
173 175
173 139
173 174
173 46
173 168
173 158
173 66
173 194
173 187
173 136
173 164
173 167
173 217
173 27
173 215
173 101
71 111
71 124
71 131
71 29
71 100
71 206
71 90
71 113
71 143
71 40
71 77
71 32
71 125
71 52
71 59
71 170
71 172
71 147
71 17
71 179
71 46
71 168
71 85
71 164
71 27
71 196
71 112
71 118
71 84
63 124
63 97
63 193
63 188
63 100
63 148
63 113
63 47
63 94
63 201
63 104
63 93
63 96
63 213
63 171
63 125
63 44
63 170
63 152
63 92
63 141
63 154
63 133
63 35
63 74
63 55
63 88
63 85
63 164
63 57
63 23
63 119
63 2
63 27
63 190
63 157
63 50
63 215
63 101
169 122
169 114
169 68
169 97
169 100
169 206
169 143
169 207
169 201
169 40
169 123
169 52
169 30
169 214
169 106
169 141
169 179
169 126
169 36
169 139
169 62
169 31
169 218
169 168
169 65
169 187
169 136
169 12
169 127
169 190
169 117
169 216
111 208
111 26
111 34
111 39
111 113
111 93
111 52
111 30
111 106
111 154
111 56
111 3
111 15
111 10
111 61
111 65
111 164
111 23
111 129
111 12
111 27
111 112
111 38
111 216
111 84
122 124
122 192
122 28
122 100
122 148
122 113
122 201
122 5
122 165
122 13
122 123
122 59
122 214
122 17
122 139
122 31
122 110
122 218
122 174
122 178
122 65
122 194
122 55
122 9
122 95
122 119
122 217
122 2
122 27
122 0
122 153
122 84
114 188
114 64
114 14
114 108
114 148
114 39
114 45
114 47
114 143
114 207
114 77
114 213
114 52
114 214
114 3
114 137
114 35
114 218
114 166
114 15
114 168
114 158
114 186
114 27
114 196
114 112
114 84
124 208
124 29
124 69
124 39
124 45
124 94
124 201
124 77
124 213
124 32
124 52
124 44
124 170
124 92
124 141
124 126
124 218
124 178
124 66
124 57
124 129
124 190
124 42
124 157
124 216
124 101
124 84
18 208
18 102
18 64
18 45
18 47
18 143
18 207
18 5
18 4
18 210
18 123
18 52
18 44
18 172
18 147
18 92
18 212
18 180
18 61
18 66
18 211
18 2
18 112
18 86
18 157
18 216
18 84
192 208
192 97
192 79
192 29
192 69
192 80
192 108
192 39
192 113
192 106
192 139
192 218
192 61
192 99
192 55
192 23
192 196
192 101
208 28
208 24
208 100
208 206
208 14
208 182
208 58
208 143
208 67
208 96
208 54
208 165
208 106
208 46
208 72
208 158
208 66
208 74
208 186
208 167
208 115
208 95
208 12
208 157
208 118
208 216
68 26
68 209
68 97
68 131
68 80
68 64
68 195
68 191
68 44
68 59
68 21
68 106
68 92
68 133
68 212
68 178
68 46
68 65
68 99
68 88
68 85
68 57
68 95
68 217
68 153
102 28
102 79
102 206
102 14
102 148
102 94
102 67
102 93
102 5
102 4
102 210
102 165
102 191
102 30
102 172
102 92
102 154
102 175
102 110
102 174
102 187
102 23
102 211
102 127
102 38
26 131
26 24
26 142
26 100
26 201
26 93
26 96
26 171
26 98
26 32
26 56
26 36
26 62
26 49
26 110
26 180
26 178
26 189
26 136
26 55
26 95
26 2
26 196
26 215
209 97
209 193
209 131
209 29
209 100
209 14
209 108
209 213
209 32
209 147
209 126
209 31
209 166
209 10
209 178
209 85
209 164
209 57
209 211
209 127
209 2
209 27
209 38
209 153
97 32
97 179
97 3
97 133
97 35
97 218
97 10
97 61
97 72
97 99
97 194
97 187
97 167
97 95
97 129
97 190
97 157
97 38
97 117
97 107
28 131
28 188
28 94
28 67
28 5
28 213
28 171
28 13
28 52
28 191
28 30
28 59
28 152
28 17
28 141
28 154
28 175
28 126
28 3
28 31
28 187
28 85
28 115
28 57
28 95
28 117
28 216
28 184
193 29
193 188
193 39
193 201
193 77
193 32
193 13
193 17
193 126
193 31
193 212
193 180
193 168
193 186
193 95
193 12
193 2
193 157
193 118
193 101
79 131
79 100
79 206
79 195
79 39
79 45
79 94
79 104
79 210
79 171
79 98
79 54
79 32
79 125
79 123
79 156
79 59
79 147
79 175
79 83
79 49
79 218
79 174
79 10
79 168
79 72
79 65
79 186
79 164
79 27
79 190
79 42
79 38
79 20
79 215
131 142
131 138
131 182
131 5
131 96
131 40
131 32
131 165
131 13
131 30
131 214
131 141
131 154
131 36
131 212
131 49
131 110
131 218
131 72
131 194
131 95
131 211
131 151
131 215
131 84
24 128
24 200
24 80
24 90
24 195
24 14
24 45
24 93
24 96
24 123
24 191
24 150
24 214
24 62
24 133
24 49
24 61
24 167
24 115
24 23
24 20
24 216
24 215
142 29
142 69
142 206
142 64
142 39
142 45
142 104
142 93
142 4
142 54
142 165
142 191
142 30
142 156
142 172
142 214
142 137
142 31
142 178
142 99
142 55
142 167
142 115
142 23
142 211
142 127
142 112
142 86
142 151
142 118
142 117
142 101
29 39
29 113
29 210
29 213
29 13
29 150
29 106
29 158
29 65
29 136
29 186
29 167
29 95
29 129
29 217
29 12
29 53
29 27
29 38
29 84
188 195
188 113
188 182
188 207
188 104
188 93
188 5
188 125
188 165
188 191
188 147
188 56
188 212
188 49
188 174
188 10
188 46
188 168
188 99
188 194
188 186
188 211
188 53
100 90
100 39
100 58
100 4
100 171
100 147
100 154
100 139
100 62
100 31
100 166
100 174
100 15
100 46
100 65
100 88
100 12
100 151
100 216
100 215
100 101
100 107
138 128
138 195
138 14
138 45
138 93
138 4
138 77
138 98
138 13
138 30
138 154
138 56
138 3
138 31
138 49
138 166
138 174
138 180
138 66
138 136
138 55
138 164
138 129
138 12
138 196
138 190
138 118
138 107
128 206
128 108
128 148
128 182
128 45
128 123
128 133
128 212
128 15
128 10
128 46
128 72
128 158
128 55
128 9
128 57
128 129
128 145
128 42
128 38
128 0
200 34
200 195
200 47
200 143
200 207
200 5
200 121
200 77
200 213
200 191
200 170
200 175
200 36
200 133
200 31
200 218
200 10
200 61
200 72
200 55
200 88
200 85
200 129
200 38
200 0
200 20
34 108
34 67
34 201
34 210
34 54
34 13
34 170
34 141
34 36
34 31
34 180
34 55
34 217
34 157
34 153
69 113
69 182
69 214
69 92
69 141
69 83
69 62
69 218
69 168
69 65
69 194
69 55
69 85
69 57
69 119
69 2
69 184
80 64
80 58
80 94
80 201
80 37
80 96
80 77
80 21
80 175
80 3
80 137
80 15
80 66
80 194
80 88
80 186
80 164
80 145
80 27
80 50
80 20
80 216
206 148
206 45
206 201
206 54
206 123
206 156
206 172
206 214
206 147
206 17
206 179
206 36
206 166
206 15
206 23
206 119
206 2
206 86
206 157
206 0
206 118
64 94
64 143
64 104
64 4
64 54
64 191
64 172
64 214
64 141
64 179
64 139
64 31
64 212
64 46
64 194
64 85
64 151
64 38
90 113
90 104
90 150
90 214
90 17
90 175
90 126
90 168
90 158
90 189
90 136
90 9
90 186
90 211
90 2
90 190
90 157
90 50
90 117
90 101
90 84
195 143
195 207
195 104
195 5
195 171
195 98
195 32
195 13
195 150
195 21
195 106
195 92
195 139
195 62
195 49
195 46
195 168
195 65
195 95
195 23
195 127
195 112
195 42
195 153
195 107
14 108
14 67
14 201
14 171
14 52
14 21
14 3
14 83
14 212
14 166
14 178
14 189
14 66
14 186
14 57
14 211
14 151
14 38
14 20
14 215
14 107
108 143
108 77
108 210
108 52
108 44
108 30
108 179
108 137
108 62
108 49
108 61
108 65
108 211
108 127
108 86
108 157
108 0
108 215
148 182
148 47
148 207
148 52
148 30
148 214
148 106
148 92
148 126
148 62
148 212
148 110
148 15
148 180
148 189
148 74
148 164
148 57
148 145
148 112
148 0
148 20
148 101
39 45
39 5
39 96
39 98
39 54
39 13
39 150
39 172
39 21
39 92
39 36
39 83
39 15
39 168
39 99
39 42
39 157
39 50
39 118
39 184
113 58
113 143
113 121
113 150
113 147
113 179
113 35
113 218
113 174
113 180
113 168
113 158
113 65
113 187
113 136
113 88
113 167
113 115
113 119
113 129
113 157
113 216
113 215
182 201
182 37
182 13
182 30
182 141
182 179
182 61
182 187
182 115
182 217
182 127
182 145
182 27
182 157
182 101
45 58
45 94
45 104
45 52
45 56
45 180
45 99
45 55
45 167
45 115
45 95
45 129
45 127
45 86
45 151
45 38
45 0
45 20
45 107
47 58
47 143
47 207
47 77
47 210
47 213
47 32
47 191
47 44
47 56
47 126
47 83
47 180
47 178
47 88
47 27
47 112
58 143
58 207
58 4
58 125
58 191
58 30
58 170
58 172
58 17
58 126
58 3
58 83
58 62
58 133
58 212
58 49
58 46
58 74
58 57
58 119
58 27
58 157
58 107
94 104
94 5
94 77
94 59
94 214
94 21
94 212
94 15
94 178
94 46
94 72
94 167
94 217
94 12
94 196
94 190
94 118
94 107
143 96
143 121
143 170
143 147
143 56
143 212
143 49
143 218
143 46
143 61
143 194
143 129
143 145
143 151
143 0
143 184
207 96
207 77
207 13
207 156
207 106
207 83
207 137
207 31
207 49
207 174
207 178
207 72
207 189
207 85
207 186
207 164
207 2
207 27
207 190
207 107
67 104
67 5
67 121
67 44
67 156
67 214
67 212
67 110
67 180
67 178
67 65
67 187
67 55
67 85
67 216
67 215
201 5
201 4
201 98
201 170
201 106
201 147
201 17
201 92
201 139
201 3
201 35
201 136
201 55
201 85
201 57
201 119
201 129
201 217
104 37
104 32
104 13
104 156
104 172
104 141
104 56
104 139
104 110
104 166
104 174
104 10
104 178
104 65
104 119
104 211
104 53
104 42
104 84
104 107
93 4
93 213
93 54
93 125
93 59
93 172
93 154
93 83
93 212
93 15
93 180
93 72
93 99
93 194
93 164
93 23
93 129
93 127
93 157
93 117
93 101
37 171
37 32
37 172
37 214
37 147
37 17
37 175
37 83
37 166
37 115
37 95
37 27
37 196
37 86
37 157
37 50
37 184
5 121
5 40
5 98
5 165
5 123
5 191
5 44
5 150
5 214
5 152
5 17
5 141
5 3
5 31
5 10
5 88
5 57
5 23
5 217
5 145
5 112
5 151
5 190
5 84
96 40
96 165
96 156
96 214
96 152
96 92
96 141
96 179
96 126
96 3
96 137
96 110
96 10
96 180
96 168
96 61
96 66
96 136
96 55
96 88
96 9
96 57
96 119
96 211
96 27
96 112
96 157
96 50
96 215
121 4
121 44
121 156
121 17
121 92
121 137
121 178
121 72
121 158
121 189
121 187
121 74
121 164
121 145
121 190
121 101
4 123
4 150
4 92
4 141
4 56
4 212
4 10
4 168
4 61
4 66
4 74
4 119
4 2
4 190
4 38
4 50
40 77
40 54
40 13
40 156
40 152
40 133
40 35
40 49
40 168
40 72
40 158
40 65
40 136
40 55
40 88
40 9
40 23
40 217
40 0
77 123
77 44
77 156
77 150
77 139
77 110
77 168
77 65
77 99
77 136
77 55
77 112
77 190
77 50
77 153
77 184
210 213
210 44
210 30
210 106
210 175
210 137
210 46
210 61
210 194
210 136
210 95
210 119
210 127
210 112
210 86
210 215
210 184
210 101
210 107
213 123
213 191
213 150
213 147
213 56
213 175
213 126
213 46
213 61
213 189
213 66
213 194
213 164
213 129
213 112
213 215
171 106
171 147
171 31
171 72
171 9
171 167
171 211
171 127
171 118
171 153
98 125
98 30
98 156
98 150
98 214
98 17
98 137
98 133
98 61
98 99
98 85
98 112
98 157
98 215
98 107
54 125
54 44
54 214
54 83
54 35
54 212
54 49
54 218
54 10
54 46
54 66
54 112
54 216
32 147
32 126
32 36
32 139
32 3
32 83
32 62
32 133
32 212
32 15
32 136
32 88
32 164
32 57
32 129
32 145
32 27
32 196
32 42
32 184
32 101
125 52
125 150
125 59
125 141
125 175
125 36
125 178
125 72
125 189
125 167
125 23
125 211
125 217
125 145
125 86
125 151
125 190
125 118
125 216
165 123
165 30
165 214
165 92
165 56
165 137
165 15
165 72
165 88
165 186
165 23
165 12
165 196
165 216
13 123
13 147
13 56
13 137
13 35
13 166
13 15
13 180
13 99
13 164
13 23
13 217
13 84
123 44
123 30
123 152
123 17
123 154
123 179
123 175
123 46
123 187
123 136
123 85
123 164
123 53
123 2
52 21
52 17
52 141
52 154
52 179
52 133
52 49
52 110
52 168
52 61
52 74
52 85
52 164
52 23
52 119
52 38
52 0
52 117
52 107
191 36
191 3
191 15
191 61
191 194
191 74
191 85
191 217
191 145
191 215
191 101
44 59
44 17
44 179
44 3
44 212
44 10
44 72
44 187
44 55
44 9
44 119
44 86
44 0
44 215
30 156
30 59
30 92
30 154
30 139
30 49
30 15
30 99
30 136
30 88
30 95
30 119
30 217
30 145
30 27
30 151
156 152
156 147
156 3
156 212
156 166
156 72
156 65
156 74
156 9
156 57
156 119
156 12
156 190
156 50
156 0
156 107
150 59
150 212
150 72
150 189
150 164
150 57
150 0
150 215
150 107
59 214
59 36
59 218
59 10
59 189
59 65
59 194
59 9
59 196
59 112
59 84
170 214
170 147
170 17
170 154
170 139
170 137
170 110
170 180
170 61
170 88
170 9
170 57
170 12
170 86
170 151
170 50
170 118
170 184
172 17
172 175
172 36
172 3
172 49
172 15
172 168
172 158
172 194
172 187
172 136
172 164
172 129
172 190
172 0
172 153
172 215
214 17
214 179
214 36
214 166
214 10
214 168
214 158
214 55
214 88
214 167
214 115
214 23
214 2
214 42
214 20
21 106
21 152
21 92
21 3
21 133
21 212
21 110
21 218
21 10
21 168
21 66
21 136
21 74
21 9
21 95
21 211
21 112
21 215
21 107
106 141
106 137
106 62
106 31
106 35
106 166
106 180
106 136
106 57
106 129
106 211
106 86
106 151
106 38
106 50
106 0
106 184
106 107
152 147
152 154
152 62
152 212
152 168
152 99
152 88
152 85
152 42
152 153
152 84
152 107
147 17
147 36
147 62
147 31
147 166
147 178
147 46
147 61
147 66
147 164
147 115
147 119
147 196
147 151
147 216
17 92
17 56
17 126
17 133
17 180
17 66
17 74
17 164
17 57
17 12
17 196
17 190
17 50
17 0
17 184
17 101
92 179
92 133
92 166
92 168
92 72
92 158
92 189
92 99
92 186
92 211
92 53
92 145
92 20
92 153
92 215
141 179
141 56
141 36
141 83
141 133
141 15
141 180
141 46
141 186
141 164
141 167
141 211
141 127
141 196
141 151
141 216
141 101
141 107
154 15
154 72
154 74
154 115
154 2
154 196
154 190
154 118
154 20
154 215
154 184
179 56
179 139
179 137
179 62
179 133
179 15
179 10
179 72
179 136
179 88
179 9
179 186
179 95
179 211
179 151
179 117
179 107
56 175
56 126
56 218
56 10
56 168
56 189
56 129
56 12
56 127
56 196
56 190
56 42
56 184
56 101
175 139
175 110
175 10
175 178
175 46
175 158
175 187
175 115
175 95
175 129
175 211
175 12
175 145
175 153
175 101
175 107
126 3
126 137
126 166
126 10
126 194
126 55
126 119
126 53
126 86
126 20
126 216
126 215
36 139
36 10
36 46
36 61
36 158
36 187
36 136
36 57
36 119
36 12
36 196
36 157
36 118
36 153
36 184
139 83
139 15
139 178
139 168
139 72
139 187
139 85
139 119
139 217
139 27
139 190
139 101
139 107
3 49
3 174
3 27
3 86
3 117
83 62
83 31
83 110
83 178
83 9
83 85
83 57
83 217
83 27
83 196
83 42
83 117
137 62
137 110
137 174
137 189
137 66
137 99
137 167
137 217
137 53
137 112
62 166
62 174
62 65
62 136
62 88
62 23
62 217
62 53
62 112
62 190
62 0
62 20
62 153
62 117
62 101
133 9
133 2
133 27
133 151
133 20
133 153
133 216
133 107
31 110
31 174
31 46
31 168
31 99
31 187
31 55
31 85
31 217
31 196
31 86
31 50
31 118
31 153
31 117
31 215
35 49
35 218
35 88
35 9
35 85
35 119
35 129
35 53
35 27
35 151
35 42
35 50
35 0
35 215
212 110
212 218
212 166
212 15
212 168
212 61
212 136
212 55
212 95
212 211
212 112
212 38
212 118
212 20
212 153
212 117
212 215
212 107
49 218
49 194
49 23
49 53
49 112
49 190
49 117
49 101
110 65
110 9
110 186
110 23
110 53
110 86
110 118
110 184
110 101
110 84
218 15
218 10
218 180
218 178
218 168
218 158
218 66
218 99
218 74
218 186
218 115
218 119
218 217
218 157
218 38
218 0
218 184
218 84
166 10
166 46
166 66
166 55
166 211
166 145
166 38
166 0
166 117
166 216
166 215
166 84
174 15
174 10
174 178
174 158
174 189
174 65
174 88
174 129
174 2
174 42
174 118
174 84
15 178
15 168
15 9
15 27
15 50
15 20
10 65
10 85
10 164
10 167
10 115
10 95
10 129
10 50
10 0
10 20
180 167
180 23
180 145
180 190
180 50
178 46
178 99
178 85
178 57
178 12
178 196
178 86
178 42
178 157
178 216
178 184
178 101
178 107
46 189
46 167
46 145
46 42
46 20
46 117
46 101
168 61
168 65
168 66
168 136
168 74
168 88
168 9
168 186
168 119
168 127
168 157
168 0
168 20
168 153
168 215
168 101
168 84
61 158
61 186
61 95
61 196
61 112
61 86
61 184
72 136
72 74
72 55
72 2
72 86
72 190
72 117
72 216
158 99
158 187
158 136
158 55
158 9
158 23
158 145
158 117
189 86
189 50
189 107
65 66
65 187
65 85
65 95
65 12
65 2
65 157
65 50
65 101
66 187
66 88
66 186
66 23
66 211
66 27
66 190
66 157
99 74
99 88
99 53
99 145
99 27
99 153
99 117
99 215
99 107
194 115
194 57
194 127
194 145
194 27
194 153
194 184
194 107
187 74
187 88
187 9
187 57
187 119
187 12
187 112
187 190
187 157
187 20
136 85
136 119
136 211
136 127
136 27
136 50
136 118
74 88
74 167
74 95
74 211
74 196
74 86
74 157
74 50
74 184
74 84
55 95
55 119
55 20
55 216
55 184
88 186
88 12
88 2
88 86
88 42
88 0
88 153
88 117
9 164
9 167
9 217
9 53
9 2
9 145
9 38
9 20
9 153
9 215
9 101
85 186
85 145
85 151
85 42
85 216
85 84
186 115
186 119
186 129
186 12
186 157
186 0
186 20
186 153
186 216
164 151
164 107
167 129
167 211
167 127
167 53
167 196
167 190
167 0
167 153
167 84
115 217
115 27
115 38
115 118
115 215
57 95
57 53
57 2
57 27
57 190
57 42
57 117
57 184
95 119
95 12
95 86
23 217
23 2
23 42
119 217
119 50
119 20
119 117
119 84
129 217
129 127
129 157
211 145
211 153
211 184
217 2
217 145
217 190
217 153
217 215
217 107
12 151
12 50
127 2
127 86
127 38
53 2
53 157
53 184
53 84
2 145
2 38
2 0
2 101
145 50
145 0
145 117
145 215
145 107
27 42
27 50
27 107
196 118
196 215
196 101
112 42
112 157
112 50
112 216
112 215
112 184
86 190
86 38
86 216
86 215
86 107
151 157
151 118
151 216
151 101
190 38
190 101
42 101
157 153
38 0
38 216
38 184
38 101
38 107
50 153
50 216
0 84
153 101
153 107
