*verties 192
0
124
118
84
191
50
48
47
188
16
31
83
127
203
90
44
20
81
152
131
149
77
62
184
212
194
140
71
93
54
113
89
135
27
130
41
107
78
147
86
76
208
167
219
7
176
210
25
10
171
200
206
156
26
175
18
79
115
137
96
12
110
37
199
116
5
215
87
92
174
182
68
117
190
32
145
63
56
55
19
108
189
216
101
34
112
29
57
42
198
134
28
170
95
33
128
11
121
205
109
125
209
22
70
148
3
99
105
201
36
204
30
139
46
157
154
173
23
218
217
180
163
207
181
65
49
138
123
141
169
159
13
143
52
186
58
155
151
97
165
114
61
192
21
162
91
9
51
14
179
213
59
136
82
64
111
100
69
88
39
187
129
45
195
120
4
75
80
133
150
8
153
193
98
214
144
38
122
178
161
103
197
126
146
160
43
94
196
60
24
164
1
*edges 
0 124
0 118
0 84
0 50
0 16
0 90
0 20
0 81
0 152
0 62
0 140
0 93
0 54
0 107
0 78
0 219
0 176
0 25
0 10
0 156
0 26
0 79
0 96
0 12
0 110
0 215
0 87
0 92
0 174
0 190
0 63
0 56
0 55
0 108
0 29
0 57
0 42
0 198
0 28
0 170
0 33
0 128
0 11
0 205
0 109
0 125
0 209
0 70
0 105
0 36
0 204
0 30
0 154
0 23
0 180
0 207
0 181
0 52
0 58
0 97
0 51
0 14
0 179
0 88
0 39
0 187
0 129
0 120
0 75
0 150
0 153
0 98
0 38
0 178
0 161
0 197
0 160
0 43
0 94
0 164
124 84
124 48
124 188
124 31
124 127
124 203
124 20
124 152
124 149
124 62
124 212
124 194
124 140
124 54
124 135
124 27
124 130
124 41
124 76
124 208
124 167
124 219
124 7
124 25
124 10
124 200
124 26
124 18
124 79
124 137
124 96
124 12
124 199
124 87
124 92
124 117
124 190
124 32
124 145
124 55
124 19
124 42
124 198
124 134
124 28
124 170
124 95
124 70
124 105
124 201
124 36
124 30
124 139
124 154
124 173
124 23
124 218
124 217
124 163
124 65
124 138
124 123
124 169
124 159
124 52
124 186
124 58
124 155
124 165
124 114
124 192
124 21
124 162
124 179
124 59
124 136
124 64
124 111
124 100
124 69
124 88
124 39
124 129
124 4
124 80
124 133
124 193
124 144
124 38
124 122
124 43
124 164
118 84
118 48
118 16
118 203
118 90
118 20
118 81
118 152
118 149
118 77
118 194
118 71
118 113
118 135
118 107
118 147
118 76
118 219
118 176
118 25
118 206
118 156
118 26
118 18
118 79
118 110
118 37
118 5
118 215
118 174
118 182
118 68
118 32
118 63
118 56
118 108
118 189
118 216
118 101
118 29
118 95
118 33
118 128
118 121
118 125
118 22
118 70
118 3
118 99
118 105
118 36
118 30
118 46
118 154
118 173
118 218
118 180
118 65
118 49
118 138
118 141
118 143
118 151
118 97
118 165
118 114
118 192
118 21
118 91
118 9
118 51
118 179
118 213
118 59
118 82
118 88
118 187
118 129
118 4
118 133
118 150
118 8
118 144
118 38
118 122
118 103
118 94
118 196
118 24
118 164
118 1
84 191
84 50
84 16
84 90
84 44
84 152
84 149
84 62
84 184
84 54
84 113
84 135
84 27
84 107
84 78
84 76
84 10
84 206
84 26
84 175
84 18
84 115
84 137
84 96
84 37
84 116
84 215
84 68
84 117
84 63
84 55
84 19
84 189
84 101
84 34
84 112
84 198
84 134
84 28
84 170
84 95
84 33
84 128
84 11
84 121
84 109
84 70
84 105
84 201
84 154
84 173
84 218
84 207
84 181
84 65
84 138
84 141
84 169
84 159
84 52
84 186
84 58
84 97
84 165
84 114
84 61
84 192
84 21
84 162
84 91
84 9
84 51
84 59
84 136
84 64
84 69
84 39
84 129
84 45
84 4
84 75
84 80
84 133
84 150
84 153
84 193
84 98
84 214
84 144
84 38
84 122
84 178
84 197
84 126
84 196
84 24
84 1
191 48
191 188
191 83
191 203
191 152
191 131
191 62
191 212
191 140
191 71
191 54
191 27
191 130
191 78
191 147
191 86
191 76
191 219
191 7
191 25
191 10
191 156
191 175
191 115
191 96
191 12
191 116
191 215
191 87
191 174
191 117
191 190
191 63
191 56
191 55
191 108
191 189
191 112
191 29
191 57
191 28
191 33
191 11
191 205
191 109
191 125
191 209
191 22
191 70
191 148
191 3
191 105
191 154
191 173
191 218
191 65
191 138
191 141
191 159
191 52
191 186
191 58
191 165
191 114
191 192
191 162
191 91
191 59
191 82
191 64
191 69
191 88
191 80
191 133
191 150
191 8
191 153
191 193
191 122
191 126
191 43
191 94
191 164
191 1
50 47
50 20
50 81
50 152
50 62
50 71
50 93
50 89
50 135
50 130
50 107
50 78
50 147
50 208
50 7
50 210
50 25
50 10
50 200
50 156
50 175
50 79
50 137
50 96
50 12
50 110
50 87
50 174
50 68
50 117
50 190
50 32
50 145
50 63
50 19
50 108
50 189
50 216
50 101
50 29
50 57
50 42
50 198
50 128
50 11
50 205
50 209
50 70
50 148
50 3
50 105
50 201
50 36
50 30
50 46
50 173
50 218
50 180
50 163
50 181
50 65
50 169
50 13
50 155
50 151
50 61
50 192
50 21
50 179
50 213
50 64
50 88
50 120
50 4
50 80
50 153
50 193
50 144
50 161
50 146
50 196
50 24
50 1
48 31
48 203
48 90
48 44
48 131
48 77
48 62
48 135
48 27
48 130
48 41
48 76
48 167
48 25
48 171
48 200
48 18
48 79
48 115
48 137
48 96
48 110
48 199
48 116
48 5
48 215
48 117
48 190
48 32
48 63
48 55
48 189
48 101
48 34
48 29
48 42
48 134
48 28
48 128
48 11
48 121
48 205
48 109
48 209
48 105
48 30
48 139
48 46
48 217
48 180
48 163
48 207
48 181
48 123
48 141
48 159
48 13
48 52
48 151
48 97
48 165
48 114
48 21
48 91
48 9
48 82
48 100
48 69
48 88
48 80
48 133
48 193
48 144
48 38
48 178
48 103
48 126
48 146
48 43
48 196
48 164
47 188
47 16
47 31
47 83
47 127
47 44
47 81
47 131
47 184
47 194
47 140
47 71
47 93
47 130
47 107
47 86
47 76
47 219
47 176
47 210
47 10
47 200
47 175
47 79
47 115
47 96
47 110
47 116
47 92
47 174
47 68
47 19
47 216
47 101
47 34
47 29
47 57
47 42
47 95
47 11
47 125
47 209
47 22
47 148
47 3
47 99
47 105
47 36
47 30
47 157
47 23
47 218
47 217
47 207
47 181
47 65
47 138
47 169
47 13
47 52
47 58
47 151
47 97
47 21
47 51
47 213
47 59
47 136
47 111
47 69
47 187
47 129
47 195
47 120
47 4
47 133
47 153
47 144
47 160
47 43
47 94
47 196
47 60
47 24
47 1
188 127
188 90
188 44
188 20
188 81
188 152
188 149
188 194
188 71
188 54
188 135
188 27
188 78
188 147
188 86
188 76
188 176
188 210
188 10
188 171
188 200
188 206
188 156
188 26
188 18
188 96
188 199
188 116
188 215
188 92
188 174
188 182
188 145
188 63
188 55
188 108
188 189
188 34
188 112
188 29
188 42
188 198
188 28
188 170
188 33
188 128
188 121
188 125
188 148
188 30
188 139
188 46
188 23
188 218
188 217
188 180
188 138
188 159
188 143
188 186
188 114
188 61
188 192
188 162
188 91
188 9
188 51
188 179
188 59
188 82
188 100
188 69
188 88
188 129
188 45
188 4
188 80
188 133
188 98
188 214
188 38
188 103
188 197
188 126
188 94
188 60
188 164
16 83
16 127
16 203
16 44
16 20
16 131
16 77
16 212
16 140
16 93
16 89
16 76
16 219
16 7
16 176
16 26
16 79
16 115
16 96
16 12
16 110
16 37
16 5
16 87
16 182
16 68
16 56
16 55
16 19
16 189
16 101
16 34
16 112
16 29
16 57
16 42
16 134
16 95
16 128
16 205
16 109
16 209
16 70
16 148
16 105
16 36
16 204
16 30
16 139
16 46
16 157
16 173
16 23
16 180
16 163
16 181
16 138
16 123
16 169
16 13
16 52
16 186
16 155
16 151
16 165
16 114
16 192
16 91
16 51
16 14
16 213
16 64
16 111
16 88
16 187
16 195
16 120
16 133
16 150
16 98
16 214
16 144
16 161
16 103
16 126
16 43
16 94
31 127
31 44
31 20
31 152
31 131
31 184
31 93
31 54
31 147
31 7
31 176
31 25
31 10
31 171
31 206
31 156
31 137
31 12
31 37
31 5
31 87
31 92
31 174
31 117
31 145
31 56
31 19
31 108
31 189
31 216
31 34
31 112
31 42
31 170
31 95
31 121
31 205
31 109
31 209
31 22
31 70
31 201
31 204
31 139
31 46
31 157
31 173
31 23
31 217
31 207
31 181
31 65
31 49
31 138
31 123
31 186
31 165
31 192
31 9
31 14
31 213
31 59
31 88
31 39
31 195
31 80
31 8
31 153
31 193
31 214
31 144
31 38
31 178
31 197
31 146
31 43
31 60
83 203
83 81
83 149
83 62
83 93
83 54
83 135
83 27
83 78
83 208
83 210
83 10
83 171
83 206
83 156
83 18
83 79
83 115
83 110
83 37
83 199
83 116
83 5
83 215
83 174
83 56
83 198
83 28
83 33
83 11
83 109
83 125
83 209
83 22
83 70
83 99
83 105
83 36
83 204
83 30
83 154
83 173
83 163
83 207
83 49
83 141
83 169
83 159
83 52
83 58
83 97
83 165
83 61
83 14
83 136
83 82
83 88
83 39
83 187
83 129
83 45
83 120
83 98
83 161
83 196
83 60
83 24
83 164
127 44
127 20
127 81
127 62
127 194
127 140
127 54
127 113
127 135
127 130
127 41
127 78
127 147
127 86
127 7
127 176
127 210
127 156
127 18
127 12
127 87
127 92
127 174
127 182
127 68
127 117
127 32
127 63
127 19
127 189
127 29
127 33
127 11
127 121
127 105
127 204
127 30
127 154
127 217
127 207
127 65
127 49
127 123
127 169
127 13
127 58
127 151
127 114
127 91
127 9
127 136
127 64
127 39
127 187
127 129
127 45
127 4
127 80
127 133
127 153
127 98
127 38
127 122
127 103
127 197
127 60
127 24
127 1
203 90
203 44
203 20
203 81
203 131
203 77
203 62
203 184
203 212
203 93
203 54
203 89
203 27
203 41
203 147
203 219
203 7
203 210
203 25
203 206
203 156
203 137
203 12
203 110
203 116
203 5
203 215
203 92
203 182
203 190
203 145
203 63
203 56
203 19
203 101
203 34
203 57
203 170
203 11
203 109
203 125
203 148
203 99
203 201
203 157
203 23
203 163
203 181
203 141
203 169
203 13
203 143
203 52
203 155
203 165
203 192
203 162
203 51
203 14
203 179
203 64
203 129
203 45
203 4
203 75
203 80
203 8
203 98
203 178
90 131
90 149
90 62
90 140
90 93
90 54
90 113
90 135
90 41
90 107
90 78
90 7
90 210
90 25
90 79
90 12
90 116
90 5
90 174
90 190
90 32
90 145
90 63
90 55
90 108
90 189
90 101
90 112
90 42
90 28
90 170
90 95
90 11
90 121
90 205
90 109
90 22
90 70
90 3
90 99
90 204
90 139
90 46
90 154
90 173
90 180
90 181
90 65
90 138
90 141
90 169
90 13
90 143
90 52
90 155
90 151
90 61
90 21
90 162
90 91
90 51
90 179
90 100
90 120
90 75
90 80
90 144
90 122
90 178
90 103
90 197
90 126
90 160
44 77
44 194
44 89
44 135
44 107
44 78
44 147
44 208
44 219
44 176
44 10
44 206
44 115
44 137
44 96
44 199
44 116
44 92
44 174
44 182
44 32
44 63
44 55
44 19
44 189
44 216
44 34
44 57
44 42
44 198
44 95
44 33
44 11
44 121
44 205
44 22
44 105
44 36
44 157
44 217
44 163
44 207
44 52
44 186
44 114
44 21
44 14
44 136
44 82
44 64
44 111
44 100
44 39
44 187
44 45
44 120
44 4
44 80
44 150
44 38
44 122
44 126
44 160
44 94
44 196
44 1
20 152
20 149
20 77
20 62
20 184
20 212
20 113
20 41
20 147
20 208
20 219
20 25
20 171
20 26
20 175
20 79
20 115
20 137
20 37
20 5
20 92
20 68
20 117
20 190
20 32
20 55
20 19
20 189
20 216
20 112
20 29
20 42
20 134
20 170
20 95
20 11
20 205
20 22
20 148
20 3
20 99
20 201
20 36
20 204
20 30
20 139
20 154
20 23
20 207
20 181
20 65
20 49
20 138
20 13
20 52
20 155
20 97
20 165
20 61
20 192
20 21
20 9
20 14
20 82
20 64
20 111
20 69
20 88
20 39
20 129
20 4
20 75
20 80
20 133
20 150
20 8
20 153
20 193
20 98
20 144
20 178
20 103
20 197
20 43
20 196
20 60
20 1
81 152
81 149
81 140
81 71
81 93
81 113
81 135
81 27
81 130
81 147
81 86
81 76
81 208
81 167
81 176
81 210
81 25
81 171
81 156
81 26
81 18
81 137
81 37
81 199
81 92
81 190
81 145
81 63
81 56
81 19
81 216
81 34
81 112
81 29
81 57
81 42
81 198
81 28
81 33
81 128
81 11
81 109
81 125
81 70
81 148
81 3
81 105
81 36
81 30
81 180
81 207
81 181
81 123
81 141
81 159
81 13
81 143
81 52
81 58
81 97
81 114
81 61
81 192
81 91
81 9
81 64
81 69
81 187
81 120
81 4
81 80
81 178
81 146
81 43
81 60
81 24
81 1
152 149
152 77
152 62
152 184
152 194
152 71
152 93
152 54
152 113
152 27
152 130
152 41
152 107
152 78
152 147
152 86
152 208
152 167
152 210
152 10
152 171
152 26
152 175
152 79
152 137
152 96
152 110
152 37
152 5
152 174
152 182
152 68
152 117
152 55
152 108
152 189
152 216
152 101
152 34
152 29
152 42
152 28
152 170
152 95
152 128
152 121
152 109
152 209
152 22
152 99
152 139
152 46
152 23
152 218
152 181
152 65
152 49
152 138
152 169
152 13
152 143
152 52
152 186
152 165
152 114
152 21
152 162
152 9
152 179
152 82
152 64
152 111
152 100
152 88
152 39
152 187
152 129
152 45
152 80
152 153
152 98
152 144
152 38
152 1
131 71
131 89
131 135
131 27
131 41
131 107
131 78
131 76
131 176
131 10
131 171
131 200
131 206
131 156
131 26
131 96
131 116
131 5
131 215
131 92
131 174
131 68
131 190
131 56
131 189
131 216
131 34
131 134
131 28
131 33
131 128
131 11
131 109
131 209
131 148
131 105
131 201
131 30
131 139
131 46
131 157
131 173
131 180
131 163
131 207
131 65
131 49
131 138
131 123
131 13
131 143
131 58
131 155
131 151
131 192
131 21
131 51
131 59
131 136
131 82
131 111
131 100
131 88
131 39
131 187
131 4
131 133
131 8
131 98
131 144
131 38
131 122
131 178
131 197
131 160
131 196
149 77
149 71
149 93
149 113
149 27
149 130
149 41
149 107
149 86
149 167
149 25
149 171
149 26
149 175
149 18
149 79
149 115
149 96
149 37
149 5
149 215
149 174
149 117
149 32
149 108
149 34
149 112
149 57
149 42
149 134
149 28
149 33
149 121
149 125
149 209
149 99
149 105
149 46
149 154
149 173
149 217
149 180
149 163
149 181
149 49
149 141
149 169
149 13
149 143
149 192
149 91
149 9
149 179
149 59
149 100
149 69
149 39
149 129
149 8
149 153
149 193
149 98
149 38
149 178
149 160
149 43
149 1
77 140
77 93
77 54
77 113
77 78
77 86
77 76
77 25
77 156
77 26
77 115
77 96
77 12
77 199
77 116
77 5
77 87
77 182
77 190
77 145
77 63
77 55
77 19
77 108
77 189
77 112
77 198
77 134
77 95
77 33
77 121
77 205
77 109
77 125
77 3
77 201
77 30
77 139
77 173
77 218
77 217
77 180
77 207
77 49
77 138
77 13
77 143
77 58
77 155
77 151
77 97
77 165
77 21
77 9
77 51
77 59
77 64
77 100
77 69
77 88
77 187
77 120
77 4
77 80
77 8
77 193
77 98
77 122
77 161
77 103
77 160
77 196
77 60
77 164
62 184
62 212
62 140
62 135
62 27
62 130
62 107
62 76
62 208
62 219
62 7
62 210
62 10
62 156
62 137
62 96
62 110
62 37
62 199
62 116
62 215
62 174
62 68
62 145
62 56
62 19
62 189
62 216
62 101
62 29
62 57
62 33
62 205
62 209
62 22
62 3
62 201
62 36
62 157
62 154
62 173
62 217
62 180
62 163
62 207
62 181
62 123
62 141
62 143
62 155
62 151
62 97
62 165
62 61
62 162
62 91
62 14
62 179
62 59
62 82
62 39
62 187
62 129
62 120
62 193
62 98
62 122
62 197
62 196
62 164
184 212
184 140
184 71
184 113
184 89
184 27
184 107
184 78
184 167
184 219
184 210
184 25
184 171
184 115
184 137
184 110
184 116
184 215
184 92
184 117
184 32
184 63
184 56
184 55
184 19
184 189
184 216
184 34
184 112
184 57
184 42
184 28
184 95
184 128
184 11
184 121
184 205
184 109
184 125
184 36
184 30
184 157
184 173
184 207
184 138
184 169
184 13
184 143
184 97
184 165
184 61
184 21
184 9
184 51
184 14
184 179
184 213
184 136
184 69
184 88
184 187
184 129
184 80
184 133
184 193
184 38
184 161
184 103
184 94
184 60
184 1
212 194
212 93
212 89
212 41
212 107
212 78
212 86
212 208
212 167
212 10
212 171
212 200
212 79
212 115
212 137
212 12
212 37
212 5
212 92
212 68
212 145
212 63
212 55
212 19
212 189
212 101
212 112
212 29
212 57
212 42
212 198
212 33
212 128
212 205
212 209
212 22
212 70
212 99
212 201
212 30
212 139
212 46
212 217
212 163
212 207
212 65
212 138
212 141
212 169
212 52
212 58
212 114
212 192
212 21
212 162
212 91
212 14
212 179
212 82
212 64
212 111
212 187
212 45
212 195
212 120
212 4
212 150
212 98
212 214
212 144
212 38
212 122
212 126
212 146
212 160
212 196
212 60
194 140
194 71
194 93
194 27
194 208
194 167
194 219
194 210
194 25
194 171
194 206
194 175
194 137
194 96
194 12
194 110
194 37
194 199
194 116
194 215
194 92
194 190
194 145
194 56
194 19
194 112
194 198
194 134
194 28
194 170
194 11
194 121
194 205
194 125
194 22
194 70
194 139
194 154
194 173
194 217
194 207
194 181
194 159
194 58
194 151
194 97
194 91
194 9
194 14
194 179
194 59
194 64
194 111
194 69
194 39
194 187
194 129
194 45
194 195
194 75
194 153
194 98
194 214
194 161
194 103
194 146
194 160
194 60
194 24
194 164
194 1
140 93
140 54
140 89
140 135
140 27
140 41
140 107
140 78
140 147
140 176
140 25
140 10
140 206
140 175
140 18
140 79
140 12
140 110
140 37
140 199
140 87
140 174
140 56
140 55
140 19
140 57
140 42
140 198
140 134
140 33
140 128
140 109
140 125
140 209
140 22
140 148
140 3
140 105
140 36
140 154
140 173
140 218
140 169
140 159
140 143
140 155
140 97
140 114
140 192
140 14
140 179
140 213
140 64
140 75
140 133
140 150
140 98
140 214
140 122
140 126
140 43
140 94
140 24
71 113
71 89
71 27
71 107
71 78
71 147
71 76
71 219
71 7
71 210
71 156
71 26
71 175
71 18
71 115
71 137
71 110
71 199
71 116
71 5
71 215
71 182
71 117
71 32
71 145
71 108
71 216
71 112
71 29
71 57
71 42
71 198
71 134
71 170
71 95
71 121
71 109
71 209
71 22
71 70
71 3
71 201
71 36
71 204
71 46
71 157
71 154
71 217
71 65
71 159
71 52
71 186
71 58
71 165
71 114
71 61
71 162
71 91
71 213
71 64
71 88
71 4
71 75
71 80
71 8
71 153
71 193
71 214
71 144
71 38
71 103
71 126
71 160
71 164
71 1
93 54
93 113
93 89
93 27
93 130
93 41
93 107
93 78
93 147
93 86
93 7
93 210
93 25
93 171
93 200
93 156
93 26
93 175
93 18
93 96
93 12
93 5
93 215
93 87
93 117
93 32
93 145
93 55
93 19
93 216
93 101
93 28
93 170
93 128
93 121
93 109
93 209
93 22
93 70
93 3
93 99
93 36
93 204
93 30
93 46
93 23
93 180
93 207
93 65
93 49
93 138
93 123
93 159
93 143
93 52
93 186
93 58
93 151
93 61
93 192
93 21
93 91
93 9
93 51
93 179
93 213
93 82
93 64
93 69
93 39
93 129
93 45
93 195
93 75
93 80
93 193
93 122
93 161
93 103
93 126
93 146
93 24
54 135
54 27
54 41
54 86
54 76
54 167
54 219
54 7
54 176
54 25
54 10
54 171
54 156
54 18
54 79
54 12
54 68
54 117
54 190
54 32
54 56
54 55
54 19
54 216
54 28
54 33
54 121
54 105
54 201
54 36
54 30
54 46
54 154
54 207
54 49
54 141
54 159
54 13
54 143
54 52
54 186
54 58
54 155
54 151
54 165
54 61
54 21
54 91
54 9
54 51
54 14
54 179
54 213
54 136
54 64
54 69
54 88
54 187
54 129
54 4
54 75
54 133
54 98
54 122
54 178
54 161
54 197
54 126
54 146
54 164
54 1
113 135
113 27
113 130
113 78
113 86
113 76
113 167
113 219
113 25
113 10
113 171
113 206
113 26
113 12
113 110
113 37
113 199
113 116
113 87
113 92
113 174
113 117
113 190
113 55
113 19
113 108
113 189
113 34
113 42
113 128
113 121
113 205
113 22
113 70
113 148
113 3
113 105
113 46
113 157
113 23
113 218
113 217
113 163
113 49
113 138
113 159
113 13
113 52
113 186
113 151
113 192
113 21
113 162
113 91
113 59
113 136
113 100
113 69
113 88
113 187
113 129
113 195
113 120
113 80
113 133
113 8
113 193
113 214
113 38
113 161
113 103
113 146
113 160
113 94
113 196
89 135
89 107
89 147
89 86
89 76
89 167
89 219
89 176
89 210
89 10
89 171
89 200
89 26
89 18
89 110
89 199
89 5
89 215
89 92
89 108
89 101
89 42
89 198
89 134
89 28
89 205
89 109
89 125
89 22
89 3
89 105
89 139
89 157
89 218
89 217
89 180
89 163
89 181
89 123
89 151
89 51
89 14
89 179
89 120
89 4
89 75
89 80
89 150
89 193
89 214
89 38
89 122
89 178
89 146
89 160
89 94
89 196
89 24
89 1
135 107
135 78
135 86
135 167
135 176
135 25
135 200
135 156
135 175
135 18
135 115
135 96
135 110
135 37
135 116
135 215
135 87
135 174
135 68
135 190
135 63
135 108
135 189
135 216
135 101
135 29
135 134
135 170
135 95
135 33
135 121
135 125
135 22
135 70
135 105
135 201
135 36
135 157
135 173
135 180
135 123
135 13
135 58
135 155
135 151
135 97
135 114
135 192
135 91
135 9
135 179
135 136
135 69
135 4
135 150
135 193
135 98
135 122
135 178
135 103
135 197
135 126
135 146
135 43
135 94
135 196
135 60
27 130
27 107
27 147
27 86
27 76
27 208
27 7
27 176
27 25
27 206
27 18
27 79
27 115
27 96
27 110
27 215
27 87
27 92
27 174
27 117
27 145
27 63
27 56
27 112
27 42
27 95
27 33
27 128
27 11
27 121
27 205
27 109
27 3
27 105
27 36
27 30
27 139
27 46
27 218
27 217
27 180
27 181
27 65
27 138
27 123
27 141
27 159
27 13
27 143
27 52
27 186
27 97
27 114
27 14
27 213
27 59
27 136
27 82
27 64
27 100
27 195
27 75
27 80
27 150
27 8
27 193
27 214
27 38
27 122
27 178
27 43
27 24
27 1
130 78
130 147
130 86
130 208
130 167
130 7
130 176
130 200
130 206
130 156
130 26
130 175
130 37
130 116
130 87
130 182
130 68
130 117
130 32
130 63
130 56
130 55
130 108
130 189
130 101
130 29
130 57
130 42
130 134
130 170
130 95
130 121
130 205
130 109
130 125
130 70
130 3
130 99
130 105
130 201
130 36
130 204
130 30
130 139
130 46
130 157
130 217
130 180
130 207
130 141
130 169
130 13
130 186
130 155
130 97
130 165
130 21
130 91
130 9
130 51
130 14
130 179
130 136
130 82
130 111
130 88
130 4
130 80
130 133
130 150
130 8
130 153
130 98
130 214
130 144
130 122
130 161
130 160
130 43
130 94
130 164
130 1
41 78
41 76
41 219
41 176
41 25
41 10
41 206
41 26
41 18
41 79
41 137
41 110
41 116
41 87
41 92
41 182
41 117
41 145
41 63
41 34
41 29
41 28
41 170
41 128
41 11
41 121
41 109
41 3
41 204
41 30
41 157
41 154
41 23
41 218
41 217
41 180
41 123
41 169
41 143
41 58
41 155
41 97
41 114
41 61
41 21
41 91
41 59
41 82
41 64
41 45
41 195
41 120
41 4
41 75
41 80
41 98
41 144
41 38
41 122
41 197
41 126
41 146
41 94
41 196
41 164
41 1
107 76
107 7
107 176
107 25
107 10
107 200
107 206
107 18
107 199
107 215
107 32
107 56
107 19
107 34
107 112
107 29
107 42
107 170
107 128
107 11
107 205
107 125
107 209
107 22
107 148
107 3
107 99
107 105
107 46
107 157
107 154
107 23
107 217
107 138
107 159
107 13
107 52
107 155
107 97
107 21
107 91
107 9
107 213
107 136
107 69
107 39
107 120
107 4
107 80
107 144
107 38
107 103
107 126
107 43
107 24
107 164
78 86
78 76
78 208
78 167
78 7
78 176
78 200
78 206
78 156
78 175
78 18
78 96
78 37
78 5
78 174
78 182
78 68
78 32
78 63
78 189
78 101
78 29
78 28
78 170
78 95
78 205
78 3
78 99
78 36
78 30
78 157
78 173
78 218
78 163
78 181
78 141
78 159
78 13
78 52
78 186
78 151
78 165
78 114
78 61
78 21
78 91
78 9
78 179
78 59
78 136
78 82
78 111
78 100
78 39
78 129
78 120
78 133
78 98
78 214
78 144
78 178
78 103
78 126
78 160
78 43
78 94
78 24
78 164
78 1
147 86
147 208
147 219
147 210
147 200
147 156
147 26
147 175
147 18
147 96
147 110
147 37
147 199
147 116
147 87
147 182
147 32
147 56
147 55
147 19
147 216
147 101
147 198
147 128
147 11
147 70
147 105
147 36
147 46
147 154
147 173
147 180
147 65
147 49
147 141
147 169
147 159
147 52
147 186
147 151
147 61
147 192
147 21
147 162
147 9
147 51
147 14
147 59
147 136
147 100
147 39
147 195
147 120
147 4
147 80
147 153
147 193
147 214
147 197
147 43
147 196
147 24
147 164
147 1
86 167
86 219
86 7
86 10
86 171
86 26
86 79
86 137
86 96
86 12
86 110
86 199
86 215
86 87
86 92
86 174
86 117
86 56
86 55
86 19
86 108
86 112
86 57
86 198
86 28
86 128
86 205
86 125
86 209
86 99
86 36
86 139
86 157
86 23
86 218
86 163
86 207
86 181
86 65
86 49
86 138
86 159
86 13
86 52
86 186
86 151
86 114
86 61
86 14
86 213
86 59
86 111
86 88
86 39
86 129
86 45
86 195
86 80
86 193
86 98
86 214
86 144
86 178
86 161
86 103
86 197
86 146
86 60
86 24
76 167
76 219
76 7
76 176
76 25
76 171
76 200
76 156
76 175
76 79
76 96
76 12
76 110
76 37
76 199
76 5
76 87
76 68
76 145
76 108
76 101
76 112
76 198
76 170
76 95
76 33
76 128
76 109
76 209
76 99
76 105
76 139
76 157
76 173
76 23
76 218
76 217
76 180
76 65
76 49
76 169
76 143
76 155
76 114
76 162
76 51
76 14
76 179
76 213
76 59
76 82
76 64
76 100
76 69
76 39
76 129
76 45
76 80
76 150
76 8
76 153
76 193
76 122
76 178
76 161
76 126
76 146
76 196
76 164
208 176
208 210
208 25
208 206
208 175
208 79
208 115
208 110
208 37
208 215
208 87
208 92
208 174
208 68
208 117
208 145
208 112
208 42
208 134
208 170
208 125
208 70
208 105
208 201
208 36
208 46
208 157
208 173
208 217
208 163
208 49
208 138
208 169
208 143
208 186
208 155
208 151
208 165
208 114
208 61
208 162
208 213
208 136
208 111
208 100
208 69
208 39
208 45
208 120
208 133
208 8
208 38
208 197
208 126
208 60
208 1
167 219
167 7
167 176
167 210
167 25
167 171
167 156
167 175
167 18
167 79
167 115
167 137
167 199
167 116
167 174
167 63
167 189
167 216
167 101
167 57
167 42
167 28
167 128
167 205
167 209
167 36
167 139
167 173
167 180
167 163
167 65
167 138
167 123
167 141
167 159
167 186
167 58
167 155
167 114
167 192
167 21
167 162
167 9
167 179
167 213
167 59
167 100
167 69
167 39
167 129
167 45
167 120
167 4
167 75
167 153
167 193
167 144
167 178
167 161
167 103
167 197
167 126
167 43
167 94
167 196
167 24
219 7
219 210
219 10
219 156
219 26
219 12
219 110
219 37
219 199
219 5
219 92
219 117
219 32
219 63
219 56
219 55
219 108
219 189
219 34
219 42
219 198
219 33
219 128
219 11
219 121
219 205
219 125
219 148
219 105
219 36
219 204
219 139
219 46
219 154
219 23
219 180
219 163
219 181
219 138
219 123
219 143
219 52
219 155
219 151
219 61
219 192
219 21
219 162
219 91
219 14
219 179
219 213
219 59
219 136
219 82
219 64
219 100
219 69
219 129
219 133
219 150
219 193
219 98
219 214
219 144
219 38
219 161
219 103
219 197
219 126
219 146
219 43
219 196
219 60
219 24
219 164
219 1
7 171
7 200
7 206
7 175
7 18
7 79
7 110
7 5
7 87
7 92
7 190
7 55
7 108
7 216
7 57
7 42
7 128
7 205
7 22
7 148
7 3
7 99
7 105
7 201
7 139
7 181
7 65
7 49
7 141
7 169
7 52
7 58
7 21
7 162
7 51
7 213
7 82
7 69
7 45
7 195
7 120
7 80
7 133
7 193
7 122
7 178
7 161
7 103
7 196
7 164
7 1
176 10
176 171
176 200
176 206
176 18
176 79
176 110
176 37
176 199
176 116
176 5
176 174
176 182
176 68
176 117
176 63
176 56
176 108
176 112
176 42
176 198
176 170
176 95
176 125
176 22
176 3
176 201
176 36
176 30
176 139
176 46
176 157
176 154
176 173
176 181
176 138
176 141
176 169
176 58
176 151
176 97
176 21
176 91
176 51
176 14
176 179
176 213
176 59
176 136
176 82
176 88
176 129
176 4
176 75
176 133
176 150
176 193
176 38
176 122
176 103
176 160
176 43
176 94
176 24
210 206
210 156
210 26
210 175
210 115
210 137
210 96
210 12
210 199
210 215
210 87
210 92
210 117
210 32
210 63
210 55
210 19
210 189
210 216
210 101
210 112
210 57
210 95
210 33
210 128
210 121
210 125
210 209
210 36
210 204
210 30
210 46
210 157
210 173
210 217
210 163
210 207
210 181
210 49
210 138
210 123
210 169
210 186
210 58
210 155
210 151
210 61
210 162
210 59
210 82
210 100
210 39
210 129
210 120
210 4
210 75
210 80
210 133
210 150
210 144
210 122
210 178
210 161
210 103
210 197
210 126
210 43
210 196
210 24
25 10
25 171
25 200
25 156
25 175
25 18
25 115
25 96
25 12
25 110
25 174
25 117
25 63
25 55
25 19
25 189
25 216
25 57
25 198
25 134
25 170
25 33
25 121
25 205
25 109
25 125
25 22
25 70
25 148
25 99
25 36
25 30
25 218
25 217
25 163
25 65
25 49
25 123
25 169
25 159
25 143
25 186
25 155
25 61
25 192
25 162
25 91
25 51
25 69
25 88
25 187
25 129
25 45
25 75
25 153
25 193
25 98
25 144
25 38
25 161
25 103
25 197
25 126
25 146
25 94
25 196
25 60
25 24
25 164
10 171
10 200
10 156
10 79
10 137
10 12
10 37
10 5
10 174
10 68
10 117
10 32
10 56
10 19
10 108
10 34
10 57
10 170
10 95
10 128
10 121
10 22
10 99
10 201
10 173
10 23
10 163
10 207
10 65
10 52
10 186
10 155
10 151
10 97
10 165
10 114
10 21
10 162
10 9
10 51
10 179
10 82
10 88
10 39
10 129
10 45
10 4
10 75
10 150
10 8
10 153
10 193
10 214
10 178
10 197
10 60
171 175
171 137
171 96
171 12
171 5
171 87
171 174
171 117
171 190
171 32
171 63
171 189
171 216
171 112
171 57
171 42
171 170
171 205
171 109
171 125
171 209
171 22
171 70
171 99
171 105
171 201
171 204
171 154
171 173
171 218
171 217
171 180
171 207
171 181
171 65
171 138
171 123
171 159
171 13
171 58
171 114
171 61
171 9
171 51
171 179
171 213
171 136
171 82
171 100
171 69
171 39
171 187
171 120
171 80
171 193
171 38
171 122
171 103
171 197
171 126
171 146
171 160
171 196
171 24
171 164
171 1
200 156
200 79
200 37
200 199
200 116
200 215
200 87
200 32
200 145
200 63
200 56
200 55
200 19
200 108
200 189
200 101
200 29
200 57
200 198
200 170
200 128
200 11
200 121
200 205
200 109
200 125
200 209
200 3
200 105
200 201
200 204
200 30
200 139
200 218
200 163
200 181
200 141
200 169
200 58
200 155
200 165
200 114
200 61
200 162
200 179
200 213
200 64
200 39
200 129
200 45
200 195
200 120
200 133
200 150
200 98
200 161
200 160
200 196
200 24
200 1
206 26
206 79
206 137
206 96
206 199
206 215
206 92
206 174
206 182
206 68
206 117
206 190
206 55
206 19
206 108
206 216
206 101
206 34
206 112
206 57
206 121
206 205
206 109
206 209
206 22
206 148
206 3
206 99
206 201
206 139
206 157
206 163
206 49
206 138
206 141
206 169
206 52
206 186
206 155
206 151
206 97
206 114
206 61
206 192
206 162
206 51
206 14
206 179
206 100
206 187
206 120
206 4
206 75
206 80
206 133
206 150
206 98
206 144
206 122
206 197
206 126
206 43
206 196
206 60
206 24
206 164
206 1
156 18
156 115
156 137
156 110
156 199
156 215
156 87
156 92
156 68
156 145
156 56
156 55
156 19
156 205
156 70
156 148
156 3
156 99
156 201
156 46
156 154
156 173
156 218
156 180
156 163
156 181
156 49
156 123
156 141
156 143
156 52
156 186
156 151
156 97
156 165
156 114
156 21
156 162
156 9
156 51
156 179
156 64
156 88
156 39
156 129
156 45
156 120
156 75
156 133
156 98
156 144
156 38
156 161
156 126
156 146
156 43
156 94
156 60
156 164
26 115
26 96
26 199
26 5
26 92
26 174
26 182
26 68
26 117
26 32
26 63
26 56
26 19
26 34
26 112
26 28
26 95
26 128
26 109
26 125
26 209
26 22
26 70
26 148
26 3
26 105
26 201
26 204
26 139
26 173
26 23
26 180
26 138
26 123
26 13
26 143
26 52
26 58
26 97
26 114
26 21
26 162
26 51
26 179
26 213
26 59
26 136
26 64
26 69
26 88
26 39
26 120
26 80
26 133
26 98
26 214
26 144
26 38
26 178
26 103
26 160
26 94
26 196
26 24
26 1
175 18
175 79
175 137
175 110
175 87
175 174
175 182
175 145
175 55
175 19
175 216
175 34
175 112
175 57
175 42
175 205
175 109
175 70
175 148
175 204
175 30
175 157
175 180
175 207
175 181
175 65
175 49
175 123
175 141
175 169
175 143
175 155
175 151
175 165
175 162
175 91
175 9
175 14
175 179
175 213
175 82
175 64
175 111
175 100
175 69
175 39
175 120
175 4
175 80
175 133
175 214
175 38
175 122
175 161
175 103
175 126
175 146
175 160
175 24
18 79
18 110
18 37
18 116
18 5
18 182
18 68
18 145
18 56
18 19
18 216
18 34
18 29
18 57
18 42
18 198
18 134
18 121
18 125
18 22
18 70
18 148
18 3
18 105
18 36
18 30
18 154
18 218
18 163
18 181
18 49
18 123
18 143
18 58
18 155
18 97
18 165
18 192
18 21
18 51
18 179
18 213
18 64
18 111
18 100
18 88
18 187
18 80
18 153
18 178
18 103
18 197
18 126
18 160
18 94
18 60
18 24
18 164
79 110
79 199
79 5
79 174
79 182
79 145
79 56
79 55
79 19
79 108
79 189
79 101
79 34
79 112
79 57
79 134
79 28
79 95
79 33
79 109
79 125
79 209
79 22
79 139
79 46
79 157
79 23
79 163
79 49
79 52
79 97
79 165
79 114
79 192
79 21
79 162
79 91
79 9
79 14
79 179
79 213
79 59
79 82
79 111
79 100
79 69
79 88
79 129
79 45
79 4
79 75
79 133
79 150
79 153
79 193
79 98
79 214
79 197
79 146
79 160
79 43
79 196
79 60
79 164
115 137
115 96
115 12
115 199
115 182
115 117
115 190
115 32
115 145
115 63
115 19
115 108
115 189
115 216
115 101
115 29
115 57
115 11
115 121
115 209
115 22
115 99
115 46
115 173
115 23
115 180
115 163
115 207
115 65
115 49
115 138
115 123
115 169
115 52
115 155
115 21
115 162
115 9
115 51
115 14
115 59
115 136
115 111
115 69
115 88
115 39
115 187
115 45
115 4
115 75
115 133
115 8
115 153
115 144
115 38
115 103
115 197
115 126
115 60
115 24
115 1
137 215
137 87
137 68
137 117
137 190
137 55
137 189
137 101
137 34
137 29
137 57
137 42
137 198
137 28
137 170
137 33
137 99
137 36
137 139
137 180
137 207
137 181
137 13
137 143
137 186
137 58
137 155
137 151
137 97
137 165
137 114
137 61
137 192
137 213
137 82
137 187
137 195
137 80
137 133
137 150
137 98
137 214
137 144
137 38
137 178
137 146
137 94
137 196
137 24
96 12
96 110
96 37
96 116
96 87
96 92
96 68
96 117
96 190
96 145
96 56
96 108
96 101
96 29
96 57
96 198
96 28
96 128
96 109
96 209
96 22
96 105
96 154
96 173
96 217
96 163
96 65
96 49
96 141
96 169
96 159
96 13
96 186
96 165
96 114
96 61
96 21
96 162
96 9
96 51
96 14
96 213
96 82
96 100
96 88
96 187
96 120
96 4
96 80
96 150
96 153
96 178
96 146
96 94
96 196
96 60
96 24
12 110
12 37
12 5
12 87
12 92
12 182
12 56
12 19
12 108
12 189
12 216
12 29
12 57
12 42
12 198
12 134
12 170
12 121
12 205
12 125
12 22
12 70
12 148
12 36
12 204
12 139
12 46
12 157
12 154
12 218
12 217
12 180
12 181
12 49
12 13
12 52
12 58
12 61
12 51
12 14
12 59
12 100
12 39
12 45
12 4
12 80
12 133
12 150
12 144
12 38
12 122
12 178
12 161
12 103
12 197
12 146
12 160
12 94
12 24
12 1
110 37
110 116
110 5
110 87
110 92
110 174
110 117
110 190
110 145
110 63
110 56
110 55
110 34
110 57
110 42
110 198
110 134
110 28
110 33
110 128
110 11
110 121
110 148
110 105
110 36
110 204
110 139
110 46
110 173
110 23
110 217
110 207
110 181
110 65
110 49
110 138
110 141
110 159
110 143
110 58
110 155
110 151
110 21
110 162
110 91
110 9
110 14
110 136
110 82
110 111
110 88
110 187
110 129
110 45
110 75
110 133
110 98
110 214
110 38
110 103
110 160
110 43
110 196
110 60
110 164
37 199
37 116
37 215
37 87
37 174
37 182
37 68
37 117
37 56
37 108
37 189
37 101
37 34
37 112
37 29
37 57
37 33
37 128
37 205
37 109
37 22
37 148
37 3
37 99
37 201
37 36
37 204
37 139
37 157
37 154
37 23
37 217
37 180
37 181
37 49
37 141
37 169
37 143
37 52
37 165
37 21
37 162
37 9
37 14
37 213
37 64
37 111
37 100
37 39
37 195
37 4
37 133
37 153
37 193
37 214
37 161
37 197
37 43
37 60
37 24
37 164
37 1
199 116
199 5
199 215
199 92
199 174
199 117
199 55
199 108
199 101
199 112
199 29
199 42
199 134
199 28
199 128
199 109
199 3
199 204
199 157
199 173
199 217
199 181
199 141
199 169
199 159
199 143
199 58
199 97
199 91
199 9
199 51
199 14
199 179
199 59
199 82
199 64
199 111
199 39
199 45
199 195
199 120
199 4
199 153
199 193
199 214
199 144
199 38
199 103
199 197
199 146
199 160
199 43
199 196
116 92
116 182
116 190
116 145
116 63
116 56
116 55
116 101
116 34
116 29
116 42
116 198
116 134
116 33
116 128
116 11
116 205
116 109
116 209
116 22
116 70
116 148
116 99
116 105
116 30
116 139
116 173
116 141
116 169
116 159
116 97
116 165
116 162
116 9
116 51
116 14
116 213
116 136
116 82
116 69
116 88
116 129
116 120
116 80
116 133
116 150
116 8
116 153
116 214
116 144
116 103
116 197
116 126
116 160
116 43
116 94
116 196
5 87
5 182
5 190
5 145
5 63
5 55
5 19
5 108
5 189
5 112
5 29
5 198
5 134
5 28
5 95
5 11
5 121
5 109
5 125
5 105
5 36
5 46
5 157
5 154
5 173
5 23
5 180
5 123
5 141
5 169
5 143
5 155
5 97
5 114
5 61
5 192
5 162
5 14
5 179
5 213
5 59
5 136
5 111
5 88
5 39
5 187
5 45
5 195
5 75
5 8
5 98
5 144
5 38
5 103
5 197
5 126
5 160
5 43
5 196
5 60
5 24
5 1
215 92
215 68
215 32
215 145
215 56
215 55
215 19
215 216
215 101
215 34
215 112
215 57
215 170
215 95
215 33
215 11
215 148
215 99
215 105
215 36
215 139
215 173
215 217
215 180
215 163
215 207
215 138
215 169
215 186
215 58
215 155
215 151
215 165
215 114
215 192
215 162
215 51
215 213
215 59
215 82
215 111
215 100
215 69
215 39
215 129
215 195
215 214
215 122
215 178
215 126
215 146
215 43
215 24
215 164
87 174
87 190
87 32
87 63
87 19
87 108
87 189
87 101
87 34
87 29
87 170
87 11
87 121
87 209
87 148
87 3
87 99
87 30
87 139
87 46
87 157
87 173
87 23
87 180
87 138
87 141
87 169
87 13
87 186
87 155
87 97
87 165
87 114
87 61
87 21
87 162
87 179
87 213
87 59
87 136
87 82
87 100
87 39
87 187
87 45
87 195
87 120
87 4
87 80
87 8
87 98
87 178
87 161
87 103
87 146
87 43
87 24
87 164
92 68
92 190
92 19
92 101
92 34
92 57
92 42
92 134
92 28
92 170
92 128
92 11
92 121
92 205
92 109
92 125
92 209
92 30
92 173
92 23
92 180
92 181
92 65
92 49
92 138
92 123
92 141
92 159
92 143
92 186
92 114
92 21
92 9
92 51
92 14
92 213
92 136
92 111
92 69
92 88
92 129
92 45
92 195
92 4
92 75
92 80
92 150
92 8
92 193
92 214
92 38
92 178
92 103
92 197
92 146
92 196
92 24
174 182
174 68
174 190
174 56
174 108
174 101
174 57
174 42
174 170
174 121
174 205
174 109
174 22
174 148
174 3
174 201
174 204
174 30
174 139
174 218
174 217
174 180
174 181
174 49
174 123
174 169
174 159
174 13
174 52
174 155
174 151
174 97
174 165
174 114
174 91
174 9
174 51
174 213
174 59
174 111
174 88
174 39
174 187
174 45
174 120
174 80
174 133
174 8
174 153
174 193
174 214
174 38
174 122
174 103
174 126
174 146
174 160
174 43
174 60
174 164
182 68
182 190
182 55
182 189
182 57
182 170
182 33
182 121
182 109
182 70
182 3
182 105
182 201
182 36
182 157
182 154
182 23
182 217
182 180
182 207
182 65
182 138
182 159
182 13
182 52
182 58
182 155
182 165
182 21
182 91
182 51
182 14
182 213
182 82
182 64
182 111
182 88
182 39
182 45
182 80
182 150
182 8
182 98
182 197
182 126
182 146
182 196
182 164
68 55
68 42
68 198
68 33
68 11
68 121
68 22
68 70
68 36
68 46
68 218
68 217
68 163
68 207
68 181
68 65
68 138
68 123
68 141
68 159
68 143
68 52
68 186
68 58
68 155
68 151
68 97
68 165
68 114
68 162
68 91
68 59
68 111
68 88
68 39
68 187
68 129
68 45
68 195
68 120
68 75
68 150
68 214
68 38
68 161
68 103
68 197
68 126
68 146
68 94
68 196
68 60
117 145
117 63
117 55
117 19
117 108
117 189
117 216
117 101
117 112
117 33
117 109
117 125
117 3
117 105
117 36
117 204
117 46
117 154
117 173
117 217
117 207
117 123
117 13
117 143
117 186
117 165
117 162
117 91
117 9
117 14
117 213
117 136
117 64
117 100
117 195
117 120
117 80
117 150
117 8
117 193
117 122
117 178
117 103
117 126
117 146
117 94
117 196
117 60
190 55
190 108
190 101
190 34
190 29
190 57
190 42
190 134
190 95
190 33
190 128
190 11
190 125
190 22
190 99
190 105
190 201
190 204
190 30
190 46
190 173
190 217
190 180
190 181
190 65
190 123
190 169
190 143
190 151
190 97
190 61
190 162
190 91
190 9
190 213
190 136
190 64
190 111
190 100
190 88
190 45
190 120
190 4
190 80
190 150
190 214
190 144
190 178
190 161
190 197
190 126
190 146
190 160
190 164
32 145
32 63
32 56
32 108
32 189
32 216
32 42
32 198
32 28
32 95
32 33
32 11
32 109
32 125
32 148
32 99
32 105
32 36
32 204
32 154
32 173
32 23
32 217
32 181
32 141
32 169
32 13
32 143
32 52
32 186
32 165
32 114
32 61
32 21
32 9
32 14
32 59
32 136
32 82
32 100
32 187
32 129
32 45
32 195
32 120
32 4
32 75
32 80
32 133
32 8
32 153
32 193
32 38
32 122
32 178
32 103
32 197
32 126
32 146
32 160
32 43
32 94
32 196
32 60
145 63
145 108
145 189
145 34
145 112
145 29
145 57
145 198
145 134
145 28
145 95
145 128
145 11
145 121
145 205
145 125
145 209
145 22
145 148
145 99
145 105
145 201
145 46
145 157
145 217
145 207
145 181
145 123
145 159
145 58
145 155
145 165
145 192
145 21
145 162
145 82
145 64
145 100
145 39
145 187
145 195
145 75
145 80
145 150
145 8
145 153
145 193
145 38
145 122
145 178
145 146
145 60
145 24
145 164
145 1
63 19
63 189
63 34
63 57
63 198
63 28
63 170
63 33
63 205
63 125
63 209
63 70
63 3
63 105
63 30
63 173
63 138
63 141
63 159
63 13
63 143
63 97
63 61
63 82
63 64
63 69
63 39
63 187
63 129
63 45
63 120
63 75
63 80
63 133
63 153
63 98
63 122
63 161
63 94
63 60
63 24
63 1
56 19
56 42
56 95
56 121
56 205
56 109
56 125
56 204
56 46
56 173
56 23
56 218
56 217
56 141
56 159
56 143
56 151
56 165
56 21
56 162
56 91
56 9
56 64
56 111
56 69
56 88
56 195
56 75
56 80
56 150
56 144
56 38
56 43
56 60
56 24
56 164
56 1
55 19
55 189
55 134
55 28
55 33
55 205
55 209
55 22
55 70
55 105
55 201
55 36
55 204
55 30
55 173
55 217
55 163
55 123
55 141
55 13
55 186
55 58
55 155
55 151
55 165
55 114
55 61
55 91
55 51
55 82
55 39
55 187
55 129
55 45
55 195
55 4
55 153
55 193
55 214
55 122
55 178
55 161
55 103
55 197
55 126
55 146
55 43
55 60
55 1
19 108
19 189
19 216
19 34
19 42
19 198
19 134
19 28
19 170
19 95
19 128
19 121
19 209
19 36
19 139
19 218
19 163
19 207
19 181
19 138
19 13
19 143
19 151
19 114
19 51
19 59
19 82
19 64
19 111
19 100
19 69
19 39
19 187
19 129
19 75
19 150
19 214
19 144
19 103
108 189
108 216
108 34
108 198
108 134
108 170
108 33
108 11
108 109
108 70
108 148
108 99
108 201
108 46
108 157
108 173
108 217
108 180
108 207
108 181
108 65
108 49
108 141
108 169
108 186
108 58
108 155
108 151
108 61
108 192
108 162
108 9
108 14
108 59
108 136
108 64
108 111
108 100
108 39
108 187
108 129
108 45
108 4
108 75
108 150
108 153
108 193
108 214
108 144
108 122
108 160
108 94
189 34
189 112
189 29
189 57
189 198
189 170
189 33
189 128
189 11
189 121
189 109
189 22
189 99
189 201
189 154
189 218
189 65
189 123
189 141
189 169
189 143
189 52
189 186
189 58
189 151
189 97
189 114
189 61
189 192
189 162
189 91
189 51
189 59
189 64
189 100
189 69
189 39
189 187
189 195
189 120
189 4
189 80
189 8
189 153
189 144
189 38
189 122
189 161
189 43
189 60
189 164
216 34
216 112
216 42
216 198
216 170
216 128
216 205
216 125
216 148
216 46
216 173
216 218
216 217
216 180
216 207
216 181
216 65
216 138
216 123
216 169
216 159
216 52
216 186
216 192
216 91
216 9
216 51
216 213
216 82
216 64
216 100
216 39
216 187
216 129
216 80
216 133
216 8
216 153
216 214
216 144
216 197
216 24
216 164
216 1
101 34
101 112
101 57
101 198
101 170
101 95
101 33
101 128
101 11
101 121
101 205
101 109
101 22
101 70
101 30
101 46
101 157
101 154
101 173
101 23
101 217
101 180
101 163
101 207
101 65
101 49
101 159
101 13
101 155
101 151
101 97
101 61
101 21
101 162
101 179
101 213
101 136
101 82
101 100
101 88
101 39
101 129
101 45
101 75
101 80
101 193
101 178
101 103
101 164
101 1
34 57
34 42
34 170
34 95
34 33
34 128
34 125
34 201
34 36
34 204
34 139
34 157
34 218
34 217
34 181
34 65
34 49
34 138
34 123
34 141
34 13
34 186
34 165
34 21
34 162
34 51
34 179
34 136
34 82
34 100
34 69
34 45
34 195
34 75
34 150
34 193
34 214
34 122
34 178
34 126
34 43
34 164
112 29
112 134
112 128
112 121
112 109
112 209
112 22
112 148
112 99
112 201
112 36
112 46
112 157
112 173
112 23
112 207
112 181
112 138
112 141
112 169
112 159
112 143
112 52
112 155
112 151
112 97
112 165
112 192
112 9
112 51
112 179
112 213
112 59
112 136
112 64
112 111
112 187
112 129
112 45
112 120
112 4
112 75
112 80
112 150
112 193
112 214
112 122
112 161
112 103
112 126
112 160
112 43
112 94
112 196
112 60
112 1
29 57
29 42
29 198
29 134
29 28
29 95
29 33
29 11
29 205
29 109
29 22
29 70
29 148
29 99
29 201
29 36
29 139
29 46
29 173
29 180
29 163
29 123
29 143
29 52
29 21
29 91
29 9
29 82
29 111
29 69
29 129
29 120
29 4
29 75
29 133
29 150
29 193
29 98
29 214
29 122
29 178
29 160
29 60
29 1
57 198
57 95
57 33
57 109
57 22
57 70
57 3
57 105
57 36
57 204
57 46
57 157
57 154
57 218
57 217
57 180
57 163
57 13
57 58
57 155
57 151
57 97
57 165
57 192
57 162
57 9
57 51
57 179
57 213
57 136
57 64
57 100
57 88
57 39
57 195
57 4
57 8
57 153
57 98
57 214
57 144
57 161
57 103
57 146
57 43
57 24
42 33
42 11
42 205
42 109
42 70
42 148
42 105
42 201
42 157
42 23
42 218
42 217
42 163
42 207
42 181
42 65
42 123
42 141
42 169
42 52
42 58
42 151
42 97
42 114
42 61
42 21
42 162
42 14
42 179
42 213
42 59
42 136
42 82
42 100
42 39
42 187
42 120
42 75
42 80
42 8
42 214
42 144
42 178
42 103
42 146
42 160
42 94
42 196
42 164
198 28
198 170
198 95
198 33
198 121
198 109
198 209
198 105
198 46
198 157
198 217
198 207
198 65
198 138
198 169
198 159
198 143
198 52
198 58
198 97
198 192
198 162
198 91
198 51
198 14
198 136
198 64
198 69
198 39
198 187
198 129
198 45
198 4
198 80
198 193
198 38
198 178
198 161
198 197
198 43
198 24
198 164
134 128
134 109
134 125
134 209
134 148
134 105
134 36
134 30
134 157
134 154
134 218
134 207
134 181
134 169
134 13
134 58
134 151
134 97
134 61
134 192
134 9
134 14
134 179
134 213
134 59
134 136
134 88
134 129
134 45
134 4
134 75
134 80
134 153
134 98
134 214
134 38
134 146
134 60
134 24
134 164
28 95
28 128
28 121
28 205
28 109
28 22
28 148
28 3
28 105
28 201
28 204
28 30
28 46
28 157
28 218
28 163
28 207
28 65
28 49
28 138
28 123
28 169
28 159
28 143
28 52
28 186
28 58
28 155
28 97
28 165
28 9
28 59
28 64
28 111
28 100
28 187
28 45
28 120
28 4
28 75
28 133
28 8
28 153
28 193
28 144
28 161
28 103
28 197
28 196
28 164
170 95
170 33
170 128
170 11
170 121
170 205
170 148
170 3
170 105
170 201
170 36
170 30
170 139
170 46
170 157
170 173
170 23
170 163
170 207
170 65
170 138
170 123
170 141
170 159
170 186
170 97
170 165
170 192
170 213
170 59
170 64
170 111
170 100
170 45
170 133
170 8
170 98
170 214
170 103
170 197
170 126
170 146
170 94
170 196
170 24
170 1
95 70
95 148
95 3
95 99
95 201
95 204
95 30
95 139
95 46
95 157
95 154
95 173
95 218
95 207
95 65
95 49
95 169
95 52
95 58
95 151
95 97
95 165
95 61
95 192
95 59
95 82
95 64
95 111
95 100
95 69
95 88
95 129
95 120
95 80
95 133
95 8
95 153
95 214
95 144
95 178
95 146
95 160
95 43
95 196
95 164
33 11
33 109
33 22
33 148
33 99
33 36
33 204
33 30
33 139
33 154
33 23
33 218
33 217
33 180
33 207
33 181
33 49
33 123
33 141
33 159
33 143
33 186
33 155
33 151
33 97
33 61
33 9
33 213
33 59
33 100
33 69
33 39
33 45
33 195
33 80
33 133
33 150
33 153
33 193
33 214
33 38
33 122
33 197
33 146
33 43
33 94
33 196
33 24
128 11
128 121
128 109
128 125
128 70
128 148
128 3
128 99
128 105
128 36
128 204
128 46
128 157
128 173
128 217
128 181
128 141
128 159
128 143
128 186
128 58
128 165
128 114
128 61
128 21
128 91
128 51
128 179
128 213
128 59
128 136
128 82
128 64
128 111
128 69
128 88
128 187
128 129
128 45
128 195
128 4
128 75
128 8
128 193
128 103
128 126
128 160
128 43
128 94
128 196
128 24
128 1
11 121
11 109
11 148
11 99
11 201
11 139
11 173
11 218
11 49
11 141
11 186
11 58
11 97
11 165
11 114
11 192
11 91
11 14
11 179
11 213
11 82
11 111
11 100
11 88
11 187
11 45
11 120
11 4
11 80
11 150
11 153
11 193
11 144
11 38
11 103
11 197
11 126
11 43
11 196
11 24
121 205
121 125
121 209
121 70
121 3
121 99
121 157
121 173
121 218
121 163
121 207
121 49
121 138
121 123
121 169
121 13
121 52
121 155
121 114
121 61
121 162
121 91
121 9
121 51
121 14
121 213
121 59
121 136
121 82
121 100
121 39
121 129
121 45
121 80
121 133
121 153
121 214
121 144
121 122
121 94
121 196
121 60
121 24
121 164
121 1
205 109
205 125
205 209
205 22
205 70
205 105
205 201
205 36
205 30
205 139
205 46
205 154
205 23
205 218
205 217
205 207
205 65
205 49
205 123
205 143
205 155
205 97
205 114
205 61
205 21
205 162
205 91
205 51
205 82
205 39
205 187
205 45
205 75
205 80
205 133
205 8
205 98
205 103
205 197
205 60
205 164
109 125
109 209
109 70
109 148
109 105
109 204
109 46
109 157
109 154
109 23
109 218
109 217
109 163
109 181
109 49
109 141
109 169
109 52
109 186
109 97
109 192
109 21
109 91
109 51
109 179
109 213
109 64
109 69
109 39
109 45
109 195
109 80
109 153
109 214
109 38
109 122
109 178
109 103
109 196
109 1
125 22
125 70
125 99
125 105
125 204
125 30
125 139
125 173
125 217
125 163
125 138
125 123
125 159
125 186
125 155
125 165
125 114
125 162
125 91
125 14
125 179
125 136
125 82
125 69
125 39
125 45
125 195
125 75
125 80
125 133
125 150
125 8
125 153
125 98
125 214
125 178
125 161
125 103
125 94
125 60
125 24
125 164
125 1
209 22
209 70
209 148
209 99
209 105
209 201
209 30
209 139
209 46
209 154
209 23
209 218
209 180
209 181
209 65
209 49
209 123
209 169
209 159
209 151
209 97
209 114
209 192
209 91
209 14
209 213
209 136
209 64
209 111
209 39
209 129
209 195
209 120
209 75
209 150
209 8
209 193
209 144
209 122
209 161
209 94
209 164
22 70
22 99
22 105
22 30
22 139
22 46
22 218
22 181
22 49
22 123
22 155
22 151
22 165
22 114
22 61
22 192
22 179
22 213
22 82
22 100
22 187
22 45
22 4
22 75
22 133
22 193
22 144
22 122
22 178
22 161
22 103
22 146
22 160
22 94
22 60
22 24
70 148
70 105
70 36
70 30
70 46
70 154
70 23
70 218
70 163
70 181
70 65
70 138
70 123
70 169
70 13
70 58
70 151
70 61
70 192
70 136
70 82
70 64
70 111
70 88
70 39
70 187
70 129
70 4
70 80
70 133
70 153
70 98
70 161
70 103
70 197
70 196
70 60
70 164
70 1
148 3
148 157
148 23
148 180
148 181
148 65
148 138
148 123
148 141
148 58
148 151
148 97
148 192
148 21
148 51
148 14
148 59
148 39
148 45
148 195
148 120
148 80
148 133
148 214
148 178
148 161
148 196
148 60
148 24
148 164
3 99
3 201
3 30
3 157
3 173
3 217
3 180
3 207
3 181
3 138
3 13
3 58
3 155
3 151
3 165
3 114
3 9
3 59
3 136
3 82
3 187
3 195
3 120
3 4
3 80
3 150
3 98
3 214
3 38
3 178
3 126
3 146
3 43
3 60
3 164
99 105
99 36
99 204
99 30
99 46
99 217
99 180
99 181
99 123
99 169
99 159
99 143
99 58
99 97
99 114
99 192
99 21
99 51
99 14
99 179
99 213
99 136
99 64
99 69
99 88
99 39
99 129
99 195
99 120
99 8
99 98
99 144
99 38
99 122
99 178
99 161
99 126
99 160
99 196
99 1
105 157
105 173
105 23
105 218
105 141
105 13
105 186
105 114
105 61
105 192
105 14
105 136
105 64
105 88
105 129
105 45
105 98
105 38
105 122
105 146
105 196
105 24
201 36
201 139
201 154
201 180
201 65
201 169
201 159
201 143
201 186
201 58
201 155
201 97
201 192
201 21
201 51
201 14
201 213
201 59
201 136
201 64
201 69
201 88
201 39
201 187
201 45
201 195
201 80
201 122
201 161
201 103
201 197
201 146
201 164
36 30
36 46
36 157
36 173
36 217
36 180
36 163
36 181
36 65
36 141
36 169
36 13
36 58
36 97
36 165
36 114
36 192
36 162
36 91
36 14
36 179
36 59
36 136
36 111
36 100
36 39
36 4
36 75
36 80
36 133
36 193
36 98
36 144
36 122
36 161
36 103
36 197
36 146
36 43
36 60
36 24
36 164
204 46
204 157
204 173
204 180
204 163
204 207
204 181
204 138
204 159
204 13
204 155
204 165
204 114
204 192
204 162
204 179
204 111
204 69
204 187
204 129
204 45
204 4
204 75
204 8
204 193
204 98
204 197
204 126
204 160
204 94
204 60
204 164
204 1
30 46
30 157
30 154
30 173
30 207
30 49
30 138
30 169
30 159
30 13
30 58
30 97
30 165
30 61
30 162
30 51
30 14
30 179
30 136
30 82
30 64
30 100
30 39
30 75
30 133
30 150
30 8
30 153
30 214
30 144
30 38
30 122
30 178
30 161
30 103
30 126
30 160
30 1
139 207
139 123
139 159
139 13
139 143
139 58
139 151
139 97
139 51
139 213
139 136
139 64
139 111
139 195
139 120
139 4
139 75
139 150
139 8
139 153
139 38
139 103
139 197
139 43
139 24
139 1
46 157
46 154
46 217
46 163
46 207
46 65
46 138
46 123
46 141
46 169
46 186
46 151
46 97
46 114
46 21
46 162
46 9
46 14
46 82
46 39
46 45
46 4
46 75
46 153
46 98
46 178
46 197
46 43
46 94
46 196
46 60
46 1
157 154
157 180
157 163
157 65
157 123
157 52
157 165
157 114
157 192
157 21
157 91
157 9
157 59
157 136
157 64
157 111
157 69
157 129
157 120
157 4
157 80
157 133
157 144
157 38
157 178
157 126
157 146
157 43
157 94
154 217
154 207
154 181
154 65
154 49
154 138
154 186
154 151
154 165
154 61
154 91
154 64
154 100
154 39
154 187
154 120
154 4
154 75
154 80
154 133
154 8
154 193
154 161
154 126
154 160
154 94
154 24
173 218
173 163
173 49
173 159
173 13
173 143
173 52
173 186
173 58
173 151
173 165
173 114
173 61
173 192
173 21
173 91
173 9
173 51
173 64
173 111
173 88
173 129
173 195
173 4
173 80
173 133
173 150
173 8
173 98
173 122
173 103
173 146
173 60
173 1
23 163
23 207
23 181
23 65
23 49
23 123
23 13
23 151
23 165
23 114
23 162
23 14
23 82
23 64
23 39
23 45
23 75
23 133
23 193
23 214
23 122
23 103
23 126
23 94
23 196
23 1
218 217
218 180
218 65
218 143
218 52
218 186
218 58
218 114
218 192
218 21
218 9
218 59
218 82
218 100
218 69
218 39
218 187
218 45
218 75
218 80
218 133
218 8
218 98
218 214
218 38
218 122
218 178
218 103
218 197
218 94
218 24
218 164
218 1
217 180
217 207
217 181
217 159
217 143
217 192
217 162
217 14
217 213
217 64
217 100
217 187
217 129
217 153
217 98
217 214
217 144
217 38
217 161
217 146
217 43
217 60
217 24
217 164
180 207
180 49
180 141
180 169
180 52
180 58
180 151
180 97
180 114
180 192
180 162
180 51
180 14
180 179
180 111
180 100
180 39
180 187
180 129
180 45
180 195
180 133
180 8
180 193
180 214
180 38
180 122
180 161
180 197
180 126
180 146
180 43
180 94
180 196
180 60
180 1
163 123
163 169
163 159
163 58
163 155
163 151
163 165
163 61
163 192
163 91
163 9
163 59
163 69
163 39
163 187
163 45
163 195
163 120
163 75
163 80
163 133
163 153
163 122
163 178
163 197
163 146
163 160
163 94
163 24
207 181
207 65
207 49
207 138
207 123
207 141
207 169
207 159
207 13
207 143
207 186
207 58
207 155
207 114
207 21
207 162
207 91
207 14
207 213
207 136
207 82
207 64
207 111
207 88
207 39
207 187
207 129
207 45
207 120
207 75
207 150
207 153
207 193
207 214
207 144
207 38
207 146
207 94
207 164
181 65
181 138
181 159
181 13
181 52
181 58
181 155
181 97
181 61
181 192
181 14
181 64
181 88
181 45
181 195
181 120
181 75
181 133
181 8
181 153
181 193
181 214
181 38
181 122
181 161
181 196
181 24
181 1
65 159
65 13
65 186
65 58
65 114
65 61
65 192
65 91
65 51
65 14
65 59
65 64
65 111
65 100
65 88
65 195
65 120
65 4
65 75
65 133
65 153
65 38
65 122
65 178
65 146
65 164
65 1
49 138
49 123
49 169
49 13
49 52
49 58
49 151
49 165
49 9
49 14
49 64
49 111
49 69
49 88
49 120
49 4
49 80
49 133
49 8
49 193
49 214
49 144
49 38
49 126
49 43
49 94
49 196
49 24
49 164
49 1
138 141
138 169
138 159
138 52
138 151
138 97
138 162
138 91
138 51
138 14
138 179
138 82
138 69
138 39
138 129
138 120
138 75
138 80
138 133
138 150
138 144
138 197
138 146
138 43
138 94
138 60
138 164
123 159
123 52
123 186
123 97
123 165
123 114
123 61
123 179
123 213
123 136
123 82
123 64
123 111
123 69
123 187
123 129
123 45
123 120
123 4
123 133
123 150
123 153
123 144
123 38
123 122
123 178
123 161
123 126
123 160
123 43
141 169
141 159
141 13
141 97
141 114
141 51
141 14
141 45
141 75
141 80
141 153
141 98
141 38
141 178
141 126
141 146
141 160
141 24
141 164
169 159
169 143
169 155
169 165
169 192
169 21
169 91
169 51
169 14
169 179
169 213
169 82
169 100
169 69
169 39
169 187
169 129
169 75
169 80
169 98
169 144
169 38
169 103
169 146
169 160
169 43
169 94
169 1
159 143
159 52
159 186
159 97
159 165
159 61
159 21
159 9
159 51
159 64
159 129
159 45
159 195
159 120
159 75
159 133
159 150
159 193
159 98
159 38
159 103
159 146
159 43
159 94
159 24
159 164
159 1
13 143
13 52
13 58
13 97
13 165
13 114
13 21
13 162
13 9
13 51
13 14
13 213
13 59
13 64
13 100
13 69
13 88
13 45
13 195
13 80
13 133
13 150
13 8
13 197
13 146
13 94
13 196
13 164
143 186
143 58
143 155
143 151
143 61
143 21
143 162
143 91
143 14
143 59
143 136
143 82
143 100
143 69
143 195
143 120
143 150
143 153
143 193
143 98
143 144
143 122
143 178
143 197
143 94
143 196
143 24
52 151
52 114
52 192
52 21
52 91
52 9
52 51
52 14
52 213
52 59
52 136
52 82
52 111
52 100
52 88
52 187
52 45
52 195
52 80
52 150
52 8
52 98
52 214
52 144
52 178
52 161
52 146
52 94
52 60
52 24
52 164
52 1
186 58
186 151
186 114
186 61
186 21
186 91
186 14
186 59
186 64
186 88
186 39
186 187
186 129
186 120
186 133
186 150
186 8
186 153
186 98
186 144
186 197
186 126
186 160
186 94
186 196
186 24
58 114
58 192
58 21
58 91
58 14
58 213
58 136
58 82
58 69
58 187
58 129
58 195
58 4
58 8
58 193
58 144
58 38
58 178
58 161
58 103
58 43
58 24
58 1
155 97
155 165
155 192
155 21
155 9
155 51
155 14
155 179
155 59
155 136
155 82
155 64
155 111
155 129
155 45
155 195
155 120
155 8
155 193
155 122
155 146
155 160
155 94
155 60
155 1
151 114
151 162
151 179
151 213
151 82
151 64
151 111
151 100
151 88
151 187
151 129
151 45
151 195
151 193
151 98
151 126
151 94
151 196
151 164
97 114
97 61
97 9
97 179
97 59
97 82
97 111
97 100
97 69
97 129
97 45
97 195
97 4
97 75
97 80
97 153
97 98
97 144
97 38
97 122
97 43
97 1
165 14
165 213
165 59
165 64
165 111
165 100
165 39
165 195
165 4
165 75
165 80
165 8
165 153
165 214
165 161
165 103
165 60
114 61
114 192
114 21
114 162
114 179
114 111
114 100
114 39
114 187
114 120
114 75
114 122
114 146
114 94
114 60
114 24
61 192
61 9
61 179
61 213
61 136
61 82
61 100
61 75
61 80
61 133
61 153
61 98
61 178
61 161
61 146
61 160
61 60
61 24
192 91
192 179
192 136
192 64
192 111
192 100
192 69
192 88
192 187
192 129
192 80
192 98
192 161
192 197
192 160
192 94
192 60
192 1
21 9
21 64
21 111
21 88
21 129
21 195
21 120
21 4
21 75
21 80
21 153
21 144
21 38
21 178
21 103
21 146
21 60
21 24
21 1
162 9
162 14
162 179
162 100
162 88
162 129
162 195
162 120
162 4
162 80
162 214
162 38
162 103
162 197
162 126
162 146
162 160
162 43
162 164
162 1
91 179
91 82
91 64
91 100
91 187
91 129
91 195
91 133
91 150
91 153
91 193
91 98
91 144
91 103
91 43
91 196
91 60
91 24
91 164
91 1
9 14
9 136
9 64
9 111
9 100
9 69
9 39
9 187
9 195
9 4
9 80
9 214
9 146
9 24
9 1
51 14
51 179
51 59
51 64
51 100
51 88
51 39
51 129
51 195
51 4
51 75
51 193
51 98
51 38
51 122
51 161
51 103
51 126
51 146
51 160
51 164
14 213
14 136
14 82
14 88
14 39
14 129
14 195
14 120
14 4
14 150
14 8
14 122
14 197
14 146
14 43
14 24
179 213
179 136
179 111
179 39
179 187
179 45
179 150
179 153
179 193
179 178
179 161
179 126
179 196
179 60
213 136
213 100
213 39
213 187
213 129
213 120
213 75
213 150
213 153
213 98
213 144
213 38
213 122
213 178
213 161
213 103
213 94
213 60
213 164
213 1
59 136
59 82
59 64
59 111
59 88
59 39
59 129
59 45
59 195
59 120
59 133
59 8
59 153
59 193
59 98
59 214
59 144
59 103
59 126
59 160
59 43
59 94
59 1
136 82
136 111
136 88
136 187
136 129
136 4
136 8
136 153
136 193
136 98
136 214
136 144
136 122
136 178
136 197
136 43
136 60
136 24
82 100
82 187
82 195
82 133
82 150
82 193
82 214
82 144
82 122
82 178
82 103
82 197
82 126
82 146
82 160
82 196
82 60
82 1
64 100
64 88
64 195
64 75
64 80
64 133
64 193
64 214
64 122
64 178
64 160
64 94
64 196
64 1
111 100
111 75
111 133
111 150
111 98
111 103
111 160
111 164
111 1
100 88
100 187
100 45
100 75
100 80
100 153
100 193
100 38
100 178
100 103
100 126
100 146
100 160
100 1
69 187
69 129
69 45
69 195
69 4
69 75
69 80
69 133
69 150
69 8
69 153
69 193
69 144
69 122
69 161
69 103
69 126
69 146
69 43
69 60
69 24
69 164
88 39
88 129
88 45
88 120
88 75
88 80
88 150
88 98
88 144
88 38
88 103
88 197
88 126
88 146
88 160
88 43
88 94
88 60
88 24
39 187
39 195
39 75
39 133
39 178
39 103
39 43
39 94
39 164
187 129
187 120
187 4
187 80
187 133
187 8
187 153
187 98
187 214
187 144
187 178
187 197
187 160
187 94
187 24
187 164
129 80
129 133
129 150
129 8
129 153
129 193
129 214
129 38
129 178
129 161
129 103
129 126
129 146
129 60
45 195
45 4
45 98
45 38
45 122
45 178
45 103
45 160
45 60
45 164
45 1
195 4
195 75
195 80
195 133
195 150
195 214
195 144
195 122
195 161
195 126
195 146
195 164
195 1
120 4
120 75
120 150
120 8
120 153
120 144
120 122
120 178
120 197
120 146
120 60
120 24
4 75
4 80
4 133
4 150
4 153
4 214
4 144
4 122
4 178
4 146
4 24
75 150
75 193
75 98
75 144
75 122
75 103
75 126
75 146
75 160
75 164
75 1
80 193
80 214
80 103
80 160
80 43
80 164
133 8
133 98
133 214
133 197
133 160
133 43
133 94
133 1
150 153
150 193
150 144
150 161
150 197
150 126
150 1
8 193
8 98
8 214
8 122
8 126
8 146
8 160
8 196
8 60
8 164
153 193
153 38
153 103
153 126
153 160
153 94
153 164
193 214
193 38
193 122
193 146
193 60
193 24
193 164
98 214
98 103
98 160
98 43
98 94
98 196
98 1
214 144
214 38
214 197
214 160
214 94
214 196
144 38
144 161
144 103
144 126
144 160
144 94
38 122
38 161
38 197
38 146
38 160
38 60
38 24
122 178
122 126
122 196
122 60
122 24
122 164
122 1
178 161
178 103
178 197
178 160
178 43
178 24
178 164
161 197
161 126
161 146
161 94
161 196
161 60
103 126
103 146
103 160
103 43
103 94
103 196
103 60
103 24
103 1
197 126
197 160
197 196
197 60
197 24
197 1
126 94
126 60
126 1
146 196
146 60
146 164
146 1
160 94
160 196
160 24
43 94
43 24
94 60
94 24
94 164
94 1
196 60
196 1
60 24
60 1
