*verties 196
10
165
185
186
189
100
92
175
135
151
158
124
83
108
142
97
141
25
132
93
112
105
114
43
62
8
0
190
162
140
18
53
159
57
81
76
204
6
56
13
106
184
122
211
197
198
137
173
179
15
201
31
115
129
20
188
163
73
168
90
12
146
79
99
117
74
54
180
84
40
150
82
205
48
89
176
206
64
69
55
195
70
29
103
65
196
200
192
63
38
14
17
32
202
144
41
68
161
191
37
143
50
199
116
42
35
23
7
107
208
72
66
127
170
71
181
4
2
67
178
160
5
136
85
194
209
27
3
96
182
113
21
80
34
52
36
78
167
88
87
138
217
125
218
172
147
148
102
24
51
26
109
75
152
91
128
183
123
215
45
61
156
157
16
11
110
111
212
207
30
39
193
59
155
94
95
22
213
98
149
130
49
174
153
118
177
187
203
101
171
131
58
1
104
120
169
*edges 
10 165
10 186
10 97
10 25
10 105
10 114
10 204
10 106
10 184
10 198
10 115
10 129
10 73
10 54
10 150
10 69
10 65
10 32
10 191
10 37
10 50
10 23
10 7
10 208
10 160
10 194
10 78
10 138
10 148
10 102
10 109
10 91
10 215
10 98
10 177
10 187
10 131
165 100
165 135
165 151
165 132
165 93
165 105
165 43
165 76
165 122
165 211
165 198
165 73
165 74
165 54
165 84
165 200
165 38
165 32
165 161
165 199
165 42
165 23
165 107
165 67
165 160
165 85
165 113
165 34
165 36
165 167
165 87
165 138
165 125
165 51
165 109
165 91
165 11
165 111
165 155
165 213
165 174
165 187
165 58
165 1
165 104
165 169
185 100
185 158
185 112
185 190
185 184
185 198
185 146
185 180
185 29
185 65
185 196
185 63
185 14
185 161
185 191
185 37
185 116
185 23
185 72
185 127
185 160
185 27
185 182
185 36
185 78
185 88
185 218
185 147
185 102
185 152
185 157
185 16
185 110
185 49
185 118
185 177
185 203
186 189
186 175
186 124
186 25
186 132
186 114
186 140
186 56
186 184
186 173
186 179
186 31
186 82
186 55
186 191
186 127
186 4
186 178
186 85
186 209
186 182
186 88
186 217
186 147
186 152
186 128
186 183
186 45
186 110
186 212
186 39
186 94
186 22
186 149
186 49
186 174
186 153
186 118
186 203
186 58
189 175
189 135
189 151
189 62
189 8
189 81
189 6
189 106
189 122
189 211
189 197
189 173
189 179
189 188
189 146
189 117
189 74
189 40
189 38
189 32
189 144
189 41
189 161
189 35
189 107
189 127
189 71
189 181
189 2
189 209
189 27
189 3
189 113
189 80
189 78
189 167
189 88
189 217
189 91
189 156
189 11
189 110
189 212
189 207
189 155
189 213
189 177
189 171
189 120
100 151
100 97
100 25
100 112
100 8
100 162
100 140
100 76
100 204
100 6
100 56
100 184
100 137
100 31
100 129
100 73
100 146
100 99
100 74
100 84
100 82
100 205
100 48
100 65
100 196
100 200
100 32
100 191
100 50
100 23
100 107
100 127
100 136
100 85
100 27
100 96
100 80
100 34
100 147
100 24
100 51
100 26
100 91
100 183
100 123
100 22
100 213
100 118
100 58
100 120
92 135
92 83
92 97
92 132
92 93
92 112
92 0
92 140
92 18
92 159
92 81
92 13
92 211
92 198
92 73
92 12
92 74
92 40
92 82
92 89
92 176
92 206
92 29
92 192
92 63
92 17
92 32
92 144
92 41
92 191
92 37
92 143
92 199
92 107
92 127
92 178
92 27
92 96
92 113
92 52
92 36
92 78
92 125
92 172
92 102
92 26
92 75
92 128
92 110
92 207
92 95
92 213
92 98
92 153
92 118
92 171
92 131
92 1
92 104
92 120
175 151
175 83
175 105
175 57
175 13
175 197
175 129
175 163
175 90
175 54
175 48
175 176
175 64
175 55
175 196
175 192
175 191
175 42
175 66
175 3
175 21
175 52
175 36
175 87
175 217
175 147
175 109
175 152
175 91
175 183
175 16
175 111
175 39
175 213
175 174
175 118
175 177
175 58
175 1
135 83
135 142
135 97
135 105
135 62
135 190
135 159
135 76
135 184
135 173
135 31
135 163
135 54
135 150
135 176
135 69
135 29
135 65
135 196
135 200
135 14
135 32
135 144
135 161
135 37
135 7
135 107
135 72
135 181
135 4
135 209
135 80
135 36
135 78
135 148
135 109
135 152
135 91
135 45
135 11
135 111
135 39
135 94
135 49
135 118
135 203
135 120
135 169
151 25
151 132
151 105
151 0
151 140
151 18
151 57
151 81
151 13
151 184
151 197
151 198
151 129
151 146
151 79
151 54
151 89
151 176
151 55
151 70
151 144
151 161
151 42
151 23
151 85
151 209
151 96
151 167
151 125
151 61
151 157
151 207
151 95
151 22
151 149
151 174
151 177
151 187
151 1
158 114
158 43
158 62
158 57
158 56
158 184
158 211
158 197
158 173
158 179
158 201
158 115
158 188
158 73
158 99
158 74
158 54
158 180
158 69
158 103
158 196
158 200
158 202
158 144
158 35
158 23
158 181
158 4
158 67
158 178
158 182
158 125
158 172
158 102
158 26
158 75
158 123
158 61
158 16
158 110
158 212
158 207
158 30
158 98
158 101
124 105
124 114
124 62
124 190
124 140
124 106
124 184
124 211
124 198
124 173
124 201
124 129
124 188
124 74
124 150
124 82
124 205
124 206
124 69
124 195
124 65
124 196
124 68
124 116
124 71
124 181
124 178
124 209
124 21
124 52
124 147
124 51
124 26
124 61
124 156
124 212
124 155
124 95
124 174
124 177
124 203
124 131
83 108
83 141
83 0
83 162
83 18
83 53
83 81
83 106
83 90
83 79
83 84
83 150
83 64
83 29
83 200
83 192
83 144
83 68
83 161
83 191
83 37
83 7
83 72
83 66
83 170
83 181
83 160
83 85
83 96
83 113
83 88
83 138
83 218
83 26
83 109
83 152
83 215
83 157
83 207
83 94
83 95
83 98
83 174
83 118
83 177
83 203
83 101
108 132
108 62
108 18
108 57
108 6
108 20
108 168
108 48
108 89
108 70
108 29
108 103
108 192
108 202
108 144
108 41
108 68
108 161
108 37
108 23
108 72
108 2
108 209
108 182
108 80
108 36
108 88
108 138
108 125
108 148
108 51
108 75
108 61
108 157
108 30
108 59
108 213
108 98
108 149
108 130
108 118
108 131
108 120
142 112
142 114
142 43
142 62
142 190
142 53
142 57
142 204
142 106
142 137
142 15
142 146
142 99
142 40
142 89
142 29
142 103
142 17
142 32
142 202
142 41
142 68
142 161
142 191
142 42
142 107
142 127
142 71
142 27
142 3
142 21
142 152
142 11
142 110
142 207
142 95
142 22
142 174
142 153
142 171
142 104
97 105
97 18
97 53
97 13
97 211
97 179
97 201
97 163
97 168
97 99
97 54
97 150
97 89
97 176
97 103
97 196
97 14
97 202
97 68
97 199
97 35
97 23
97 107
97 71
97 67
97 80
97 36
97 125
97 218
97 172
97 109
97 91
97 183
97 157
97 118
97 169
141 93
141 112
141 105
141 114
141 159
141 76
141 106
141 184
141 122
141 137
141 173
141 188
141 163
141 99
141 54
141 40
141 48
141 206
141 64
141 14
141 32
141 37
141 143
141 42
141 107
141 66
141 170
141 181
141 5
141 136
141 85
141 21
141 52
141 78
141 102
141 26
141 91
141 110
141 111
141 207
141 155
141 95
141 213
141 187
25 93
25 112
25 0
25 57
25 122
25 31
25 20
25 188
25 168
25 90
25 99
25 117
25 180
25 84
25 82
25 29
25 202
25 191
25 143
25 116
25 72
25 85
25 147
25 148
25 102
25 109
25 75
25 91
25 156
25 157
25 11
25 111
25 30
25 39
25 95
25 130
25 131
25 58
25 1
132 114
132 43
132 8
132 0
132 190
132 18
132 53
132 57
132 81
132 198
132 90
132 146
132 205
132 176
132 64
132 55
132 65
132 196
132 200
132 35
132 23
132 107
132 71
132 2
132 178
132 5
132 136
132 3
132 21
132 167
132 147
132 148
132 24
132 75
132 152
132 16
132 111
132 212
132 193
132 49
132 153
132 118
132 171
132 104
93 8
93 0
93 122
93 211
93 198
93 115
93 129
93 188
93 163
93 168
93 99
93 117
93 192
93 38
93 202
93 68
93 161
93 50
93 199
93 35
93 208
93 66
93 85
93 182
93 21
93 51
93 215
93 155
93 149
93 130
93 177
93 171
93 104
112 0
112 162
112 184
112 179
112 201
112 115
112 168
112 180
112 84
112 48
112 206
112 29
112 192
112 63
112 38
112 32
112 41
112 116
112 42
112 35
112 72
112 4
112 3
112 36
112 78
112 88
112 138
112 217
112 125
112 147
112 51
112 26
112 109
112 75
112 91
112 110
112 207
112 98
112 174
112 118
112 101
112 58
112 169
105 114
105 18
105 204
105 6
105 56
105 198
105 129
105 146
105 99
105 54
105 40
105 82
105 64
105 195
105 41
105 143
105 199
105 42
105 23
105 160
105 194
105 209
105 3
105 36
105 217
105 172
105 147
105 102
105 109
105 75
105 45
105 59
105 155
105 213
105 101
105 120
114 43
114 53
114 81
114 76
114 56
114 122
114 201
114 31
114 115
114 12
114 180
114 205
114 89
114 195
114 200
114 192
114 50
114 199
114 72
114 170
114 181
114 4
114 178
114 5
114 96
114 182
114 34
114 167
114 87
114 218
114 24
114 16
114 11
114 207
114 39
114 155
114 130
114 174
114 118
114 58
114 169
43 8
43 53
43 106
43 211
43 188
43 163
43 146
43 79
43 180
43 82
43 205
43 206
43 195
43 29
43 196
43 17
43 32
43 71
43 181
43 2
43 67
43 34
43 78
43 51
43 128
43 156
43 157
43 16
43 11
43 212
43 155
43 22
43 98
43 49
43 153
43 120
62 204
62 6
62 106
62 122
62 211
62 137
62 179
62 188
62 99
62 29
62 65
62 200
62 17
62 41
62 191
62 143
62 7
62 66
62 127
62 36
62 167
62 88
62 75
62 128
62 11
62 110
62 111
62 39
62 193
62 213
62 49
8 190
8 162
8 140
8 106
8 137
8 31
8 168
8 99
8 55
8 195
8 103
8 65
8 192
8 14
8 32
8 41
8 107
8 71
8 4
8 2
8 67
8 136
8 34
8 36
8 167
8 148
8 109
8 91
8 128
8 123
8 156
8 16
8 11
8 110
8 207
8 30
8 59
8 149
8 130
8 153
8 118
8 58
8 169
0 159
0 57
0 76
0 122
0 198
0 137
0 179
0 31
0 129
0 163
0 73
0 90
0 146
0 54
0 84
0 29
0 63
0 68
0 50
0 199
0 116
0 107
0 208
0 67
0 5
0 194
0 52
0 36
0 138
0 26
0 91
0 157
0 212
0 39
0 193
0 213
0 149
0 49
0 118
0 177
0 171
190 162
190 76
190 56
190 13
190 106
190 211
190 201
190 115
190 129
190 168
190 12
190 79
190 99
190 117
190 82
190 64
190 103
190 65
190 63
190 17
190 144
190 161
190 42
190 127
190 181
190 67
190 160
190 136
190 3
190 36
190 125
190 148
190 75
190 128
190 16
190 193
190 59
190 95
190 213
190 149
190 130
190 187
190 131
190 120
162 140
162 81
162 179
162 115
162 163
162 73
162 168
162 90
162 150
162 48
162 89
162 206
162 64
162 55
162 70
162 65
162 192
162 63
162 38
162 68
162 37
162 7
162 2
162 5
162 194
162 209
162 27
162 96
162 52
162 78
162 138
162 125
162 218
162 172
162 147
162 148
162 51
162 75
162 183
162 156
162 193
162 22
162 153
162 101
162 131
162 58
162 1
162 169
140 76
140 184
140 20
140 206
140 69
140 70
140 192
140 63
140 17
140 144
140 68
140 191
140 35
140 7
140 66
140 4
140 2
140 27
140 96
140 182
140 167
140 138
140 147
140 102
140 75
140 152
140 183
140 45
140 156
140 193
140 95
140 177
140 131
18 57
18 204
18 6
18 106
18 15
18 73
18 168
18 90
18 12
18 117
18 180
18 40
18 150
18 82
18 205
18 89
18 70
18 200
18 38
18 17
18 202
18 41
18 170
18 2
18 96
18 34
18 78
18 138
18 26
18 109
18 45
18 11
18 207
18 95
18 49
18 187
18 171
18 131
18 1
53 6
53 184
53 179
53 129
53 188
53 146
53 54
53 82
53 89
53 64
53 69
53 55
53 195
53 65
53 196
53 200
53 144
53 72
53 178
53 194
53 182
53 34
53 172
53 91
53 123
53 212
53 207
53 94
53 22
53 98
53 149
53 49
53 203
53 58
53 1
159 57
159 106
159 211
159 31
159 129
159 74
159 84
159 82
159 176
159 55
159 195
159 63
159 17
159 32
159 202
159 116
159 107
159 67
159 178
159 27
159 36
159 88
159 51
159 26
159 75
159 123
159 156
159 16
159 11
159 111
159 30
159 39
159 94
159 22
159 49
159 177
159 104
57 81
57 204
57 184
57 201
57 163
57 168
57 90
57 180
57 150
57 29
57 103
57 196
57 200
57 192
57 161
57 143
57 50
57 35
57 66
57 170
57 71
57 181
57 5
57 194
57 27
57 96
57 113
57 78
57 167
57 218
57 24
57 152
57 128
57 110
57 39
57 94
57 98
57 174
57 58
81 13
81 197
81 115
81 20
81 188
81 90
81 74
81 84
81 176
81 64
81 65
81 196
81 192
81 38
81 191
81 199
81 116
81 7
81 67
81 36
81 88
81 218
81 147
81 24
81 26
81 109
81 75
81 152
81 123
81 215
81 16
81 22
81 213
81 187
81 101
81 171
76 56
76 122
76 211
76 15
76 163
76 180
76 40
76 55
76 200
76 14
76 68
76 161
76 50
76 199
76 35
76 7
76 127
76 170
76 71
76 4
76 160
76 5
76 85
76 194
76 21
76 148
76 24
76 26
76 152
76 91
76 215
76 61
76 16
76 11
76 110
76 207
76 39
76 95
76 174
76 153
76 118
76 187
204 56
204 106
204 137
204 179
204 129
204 90
204 12
204 79
204 117
204 180
204 84
204 205
204 89
204 69
204 70
204 65
204 196
204 192
204 63
204 38
204 14
204 41
204 50
204 199
204 116
204 23
204 107
204 208
204 72
204 127
204 178
204 136
204 182
204 113
204 80
204 138
204 183
204 155
204 22
204 174
204 101
204 58
204 1
204 104
6 56
6 198
6 201
6 115
6 73
6 12
6 146
6 54
6 180
6 84
6 150
6 89
6 55
6 103
6 32
6 41
6 127
6 170
6 178
6 96
6 113
6 21
6 80
6 34
6 167
6 217
6 183
6 157
6 193
6 95
6 98
6 49
6 203
6 171
6 131
56 198
56 129
56 163
56 117
56 74
56 180
56 84
56 40
56 205
56 89
56 206
56 69
56 14
56 32
56 68
56 37
56 116
56 7
56 208
56 170
56 2
56 85
56 3
56 24
56 51
56 123
56 215
56 45
56 156
56 157
56 111
56 30
56 59
56 95
56 1
13 184
13 122
13 197
13 137
13 173
13 115
13 129
13 163
13 73
13 12
13 99
13 84
13 82
13 48
13 206
13 192
13 38
13 14
13 32
13 41
13 68
13 161
13 37
13 72
13 66
13 170
13 181
13 67
13 5
13 136
13 85
13 52
13 217
13 51
13 75
13 152
13 91
13 128
13 123
13 45
13 156
13 11
13 111
13 212
13 30
13 39
13 155
13 22
13 49
13 203
106 122
106 211
106 197
106 198
106 15
106 73
106 168
106 146
106 79
106 117
106 180
106 82
106 64
106 192
106 17
106 68
106 191
106 143
106 107
106 208
106 66
106 181
106 2
106 178
106 5
106 85
106 182
106 113
106 21
106 34
106 78
106 88
106 148
106 26
106 75
106 128
106 215
106 156
106 111
106 212
106 39
106 22
106 213
106 149
106 130
106 58
184 197
184 73
184 117
184 40
184 205
184 176
184 64
184 69
184 29
184 65
184 192
184 38
184 32
184 41
184 66
184 160
184 209
184 27
184 21
184 78
184 125
184 218
184 172
184 26
184 91
184 212
184 193
184 59
184 98
184 149
184 177
184 171
184 131
184 1
184 120
184 169
122 198
122 179
122 129
122 73
122 12
122 99
122 180
122 150
122 205
122 206
122 103
122 38
122 17
122 32
122 50
122 35
122 23
122 72
122 66
122 4
122 27
122 21
122 36
122 87
122 125
122 147
122 102
122 91
122 215
122 111
122 30
122 193
122 22
122 153
122 177
122 120
211 198
211 173
211 179
211 15
211 20
211 188
211 12
211 146
211 180
211 40
211 150
211 205
211 206
211 195
211 200
211 192
211 38
211 14
211 161
211 191
211 143
211 199
211 7
211 66
211 160
211 5
211 194
211 27
211 3
211 36
211 78
211 87
211 172
211 24
211 51
211 26
211 45
211 207
211 193
211 59
211 22
211 98
211 187
211 58
211 104
197 198
197 188
197 74
197 82
197 103
197 196
197 14
197 17
197 32
197 144
197 50
197 23
197 107
197 71
197 160
197 5
197 27
197 3
197 80
197 147
197 148
197 51
197 75
197 152
197 123
197 215
197 61
197 16
197 212
197 39
197 193
197 98
197 130
197 101
197 171
197 58
197 1
198 201
198 73
198 146
198 79
198 54
198 180
198 205
198 206
198 64
198 55
198 195
198 144
198 41
198 68
198 161
198 191
198 50
198 199
198 209
198 113
198 52
198 88
198 87
198 26
198 152
198 157
198 212
198 207
198 98
198 58
198 120
137 173
137 201
137 115
137 168
137 180
137 84
137 40
137 82
137 69
137 70
137 14
137 32
137 202
137 41
137 143
137 199
137 23
137 7
137 67
137 136
137 85
137 21
137 52
137 88
137 138
137 217
137 123
137 61
137 212
137 207
137 155
137 94
137 49
137 174
137 101
173 15
173 115
173 129
173 90
173 99
173 54
173 55
173 200
173 17
173 68
173 161
173 143
173 50
173 199
173 42
173 107
173 72
173 127
173 209
173 27
173 96
173 52
173 172
173 51
173 26
173 152
173 91
173 157
173 11
173 111
173 30
173 39
173 213
173 130
173 174
173 104
179 31
179 20
179 73
179 168
179 12
179 79
179 99
179 54
179 176
179 55
179 195
179 29
179 38
179 14
179 32
179 202
179 41
179 199
179 23
179 107
179 66
179 127
179 178
179 160
179 27
179 87
179 123
179 61
179 16
179 11
179 212
179 39
179 94
179 95
179 213
179 130
179 101
179 58
179 169
15 129
15 20
15 188
15 163
15 90
15 12
15 84
15 205
15 48
15 64
15 103
15 65
15 200
15 14
15 144
15 68
15 143
15 35
15 23
15 72
15 66
15 160
15 85
15 209
15 3
15 21
15 34
15 78
15 167
15 88
15 125
15 172
15 147
15 148
15 51
15 152
15 91
15 215
15 45
15 156
15 11
15 110
15 212
15 30
15 94
15 95
15 177
201 31
201 129
201 163
201 90
201 12
201 117
201 40
201 48
201 29
201 65
201 32
201 202
201 41
201 191
201 107
201 208
201 181
201 96
201 113
201 52
201 183
201 61
201 157
201 95
201 98
201 171
201 1
201 104
31 129
31 73
31 99
31 205
31 89
31 195
31 23
31 208
31 71
31 160
31 96
31 113
31 80
31 167
31 217
31 51
31 152
31 128
31 183
31 215
31 45
31 156
31 207
31 39
31 98
31 153
31 118
31 177
31 203
31 101
31 58
31 104
115 129
115 163
115 99
115 69
115 55
115 65
115 38
115 41
115 191
115 37
115 181
115 4
115 160
115 5
115 85
115 194
115 182
115 80
115 52
115 78
115 167
115 88
115 87
115 102
115 51
115 91
115 128
115 215
115 11
115 111
115 39
115 95
115 22
115 98
115 130
115 118
115 58
129 73
129 79
129 99
129 117
129 74
129 180
129 205
129 195
129 70
129 38
129 32
129 41
129 68
129 37
129 143
129 199
129 35
129 66
129 181
129 67
129 160
129 209
129 113
129 78
129 218
129 148
129 51
129 109
129 152
129 45
129 156
129 111
129 212
129 94
129 130
129 187
129 101
20 146
20 79
20 84
20 82
20 48
20 206
20 29
20 17
20 161
20 42
20 35
20 7
20 170
20 3
20 182
20 88
20 138
20 148
20 51
20 128
20 215
20 45
20 156
20 16
20 212
20 207
20 39
20 59
20 22
20 174
20 169
188 79
188 117
188 54
188 180
188 40
188 150
188 205
188 48
188 196
188 38
188 17
188 202
188 68
188 37
188 107
188 72
188 127
188 181
188 3
188 96
188 113
188 34
188 36
188 78
188 167
188 88
188 87
188 172
188 109
188 91
188 45
188 156
188 11
188 110
188 111
188 212
188 30
188 59
188 94
188 149
188 58
188 120
163 90
163 180
163 84
163 176
163 64
163 69
163 65
163 200
163 143
163 35
163 23
163 72
163 2
163 5
163 85
163 182
163 80
163 78
163 167
163 87
163 217
163 218
163 148
163 51
163 109
163 75
163 152
163 30
163 39
163 59
163 22
163 149
163 203
163 58
163 104
73 79
73 54
73 206
73 29
73 68
73 161
73 127
73 170
73 181
73 4
73 209
73 182
73 113
73 80
73 78
73 138
73 125
73 147
73 61
73 212
73 39
73 193
73 59
73 130
73 49
168 146
168 117
168 54
168 40
168 206
168 69
168 192
168 38
168 32
168 202
168 144
168 161
168 191
168 116
168 107
168 208
168 170
168 178
168 194
168 3
168 167
168 87
168 138
168 217
168 218
168 147
168 102
168 26
168 109
168 152
168 91
168 61
168 156
168 207
168 30
168 193
168 95
168 213
168 98
168 49
168 153
168 177
168 131
168 1
168 104
90 99
90 54
90 84
90 82
90 69
90 63
90 202
90 191
90 23
90 66
90 71
90 181
90 5
90 209
90 182
90 21
90 34
90 24
90 75
90 152
90 59
90 155
90 95
90 98
90 118
90 187
90 101
90 1
12 99
12 74
12 180
12 40
12 176
12 103
12 65
12 196
12 38
12 161
12 37
12 7
12 107
12 208
12 127
12 5
12 96
12 34
12 26
12 75
12 128
12 183
12 156
12 157
12 16
12 11
12 59
12 94
12 153
12 118
12 177
12 187
12 131
12 58
146 117
146 150
146 82
146 205
146 176
146 29
146 103
146 32
146 202
146 144
146 191
146 208
146 127
146 209
146 27
146 3
146 113
146 52
146 167
146 218
146 148
146 109
146 183
146 45
146 61
146 156
146 157
146 30
146 39
146 155
146 130
146 174
146 171
79 99
79 54
79 40
79 82
79 205
79 206
79 55
79 103
79 200
79 38
79 17
79 42
79 127
79 2
79 178
79 85
79 96
79 36
79 78
79 167
79 88
79 218
79 172
79 102
79 24
79 212
79 30
79 155
79 95
79 98
79 130
79 177
79 58
99 84
99 40
99 150
99 89
99 195
99 103
99 200
99 32
99 144
99 37
99 199
99 170
99 181
99 67
99 27
99 80
99 52
99 167
99 147
99 102
99 24
99 51
99 45
99 193
99 187
99 203
99 101
99 58
117 180
117 82
117 205
117 103
117 63
117 38
117 32
117 202
117 161
117 191
117 143
117 116
117 42
117 35
117 2
117 136
117 182
117 21
117 36
117 167
117 88
117 138
117 217
117 102
117 91
117 45
117 156
117 11
117 111
117 30
117 177
117 104
74 180
74 40
74 195
74 161
74 170
74 96
74 182
74 21
74 34
74 78
74 148
74 102
74 24
74 123
74 61
74 207
74 39
74 174
74 153
74 101
74 120
54 180
54 206
54 69
54 55
54 192
54 143
54 23
54 107
54 181
54 3
54 96
54 88
54 125
54 172
54 148
54 128
54 183
54 215
54 156
54 212
54 30
54 94
54 22
54 49
54 177
54 187
54 171
54 131
54 169
180 84
180 40
180 150
180 82
180 205
180 89
180 176
180 64
180 55
180 195
180 29
180 65
180 196
180 41
180 68
180 191
180 37
180 143
180 42
180 23
180 72
180 66
180 4
180 160
180 85
180 3
180 138
180 218
180 172
180 155
180 95
180 149
180 118
180 177
180 1
84 48
84 64
84 17
84 144
84 68
84 37
84 50
84 2
84 96
84 36
84 125
84 172
84 148
84 102
84 128
84 183
84 45
84 212
84 30
84 155
84 94
84 98
84 130
84 118
84 131
84 1
40 89
40 69
40 103
40 41
40 191
40 181
40 4
40 178
40 160
40 85
40 138
40 217
40 218
40 148
40 16
40 11
40 212
40 30
40 94
40 213
40 98
40 203
150 82
150 205
150 17
150 161
150 50
150 7
150 127
150 2
150 67
150 209
150 27
150 113
150 21
150 80
150 34
150 88
150 138
150 218
150 91
150 128
150 183
150 215
150 61
150 30
150 59
150 213
150 177
150 131
150 58
150 120
150 169
82 63
82 14
82 17
82 191
82 37
82 116
82 23
82 7
82 170
82 67
82 178
82 5
82 194
82 96
82 113
82 34
82 52
82 36
82 87
82 147
82 24
82 128
82 45
82 39
82 22
82 98
82 153
82 169
205 89
205 200
205 38
205 14
205 17
205 66
205 170
205 4
205 67
205 160
205 5
205 85
205 27
205 3
205 182
205 113
205 36
205 88
205 125
205 183
205 156
205 110
205 111
205 39
205 213
205 149
205 130
205 49
205 174
205 153
205 118
205 177
205 101
205 131
205 1
205 169
48 176
48 64
48 69
48 103
48 65
48 202
48 50
48 80
48 78
48 217
48 125
48 147
48 148
48 109
48 75
48 157
48 16
48 111
48 22
48 130
48 49
48 120
89 69
89 195
89 196
89 200
89 42
89 7
89 107
89 178
89 5
89 136
89 194
89 27
89 113
89 21
89 80
89 78
89 88
89 147
89 109
89 152
89 128
89 157
89 111
89 155
89 153
89 118
89 203
176 69
176 55
176 70
176 29
176 17
176 144
176 41
176 68
176 191
176 50
176 107
176 208
176 170
176 2
176 136
176 209
176 78
176 138
176 148
176 102
176 24
176 26
176 128
176 110
176 111
176 212
176 207
176 59
176 98
176 149
176 49
176 203
176 131
176 1
176 120
206 64
206 195
206 70
206 103
206 196
206 200
206 17
206 37
206 127
206 181
206 5
206 27
206 182
206 34
206 88
206 147
206 24
206 26
206 75
206 123
206 157
206 111
206 207
206 213
206 98
206 101
206 1
64 32
64 202
64 68
64 37
64 199
64 136
64 85
64 194
64 80
64 88
64 218
64 148
64 51
64 75
64 61
64 157
64 110
64 30
64 59
64 95
64 49
64 177
64 101
69 29
69 196
69 32
69 202
69 191
69 143
69 66
69 4
69 2
69 136
69 21
69 34
69 52
69 88
69 102
69 51
69 109
69 91
69 110
69 212
69 59
69 98
69 58
55 14
55 202
55 41
55 68
55 161
55 191
55 143
55 7
55 208
55 66
55 170
55 71
55 160
55 3
55 80
55 52
55 218
55 102
55 51
55 183
55 215
55 11
55 111
55 155
55 22
55 98
55 149
55 130
55 174
55 187
195 103
195 196
195 200
195 192
195 38
195 17
195 41
195 50
195 23
195 107
195 208
195 66
195 181
195 4
195 160
195 85
195 167
195 217
195 148
195 123
195 16
195 110
195 30
195 155
195 95
195 22
195 213
195 177
70 103
70 65
70 38
70 14
70 17
70 144
70 37
70 35
70 107
70 71
70 27
70 96
70 78
70 88
70 102
70 26
70 59
70 213
70 98
70 49
70 187
70 171
29 103
29 14
29 32
29 202
29 50
29 35
29 7
29 72
29 170
29 71
29 67
29 136
29 209
29 3
29 21
29 138
29 217
29 125
29 148
29 102
29 51
29 45
29 157
29 110
29 111
29 39
29 193
29 213
29 153
29 203
29 131
103 65
103 200
103 192
103 38
103 191
103 107
103 66
103 67
103 178
103 85
103 194
103 3
103 96
103 113
103 167
103 87
103 218
103 51
103 91
103 183
103 215
103 156
103 193
103 213
103 118
103 177
103 187
103 101
103 171
103 120
65 17
65 41
65 68
65 50
65 199
65 66
65 127
65 67
65 182
65 80
65 102
65 91
65 183
65 16
65 11
65 213
65 187
65 104
196 38
196 144
196 37
196 143
196 116
196 35
196 23
196 7
196 66
196 4
196 136
196 3
196 34
196 36
196 24
196 51
196 128
196 123
196 16
196 39
196 59
196 149
196 49
196 174
196 177
200 35
200 136
200 85
200 36
200 138
200 125
200 102
200 24
200 51
200 26
200 152
200 212
200 95
200 22
200 98
200 171
200 104
200 120
192 38
192 143
192 199
192 42
192 35
192 72
192 4
192 67
192 5
192 136
192 209
192 27
192 182
192 21
192 52
192 167
192 138
192 217
192 172
192 148
192 75
192 91
192 61
192 156
192 157
192 207
192 94
192 118
192 131
63 202
63 41
63 68
63 37
63 143
63 50
63 170
63 4
63 85
63 209
63 27
63 3
63 96
63 80
63 167
63 217
63 218
63 172
63 123
63 215
63 45
63 11
63 110
63 94
63 213
63 98
63 149
38 14
38 68
38 37
38 170
38 2
38 96
38 113
38 21
38 34
38 138
38 218
38 102
38 24
38 152
38 128
38 61
38 156
38 207
38 193
38 94
38 98
38 187
38 101
38 171
38 104
14 41
14 68
14 161
14 37
14 143
14 127
14 170
14 4
14 160
14 194
14 87
14 138
14 125
14 218
14 148
14 24
14 26
14 45
14 157
14 11
14 111
14 212
14 193
14 94
14 213
14 149
14 130
14 153
14 118
14 203
14 101
14 58
14 104
17 41
17 68
17 66
17 127
17 170
17 181
17 160
17 209
17 96
17 21
17 78
17 167
17 217
17 218
17 102
17 26
17 109
17 128
17 215
17 61
17 16
17 11
17 207
17 39
17 155
17 94
17 95
17 153
17 1
17 169
32 199
32 107
32 170
32 4
32 209
32 182
32 88
32 148
32 102
32 183
32 215
32 61
32 156
32 110
32 207
32 193
32 59
32 95
32 49
32 174
32 177
32 187
32 203
32 1
202 191
202 143
202 50
202 42
202 72
202 66
202 181
202 4
202 2
202 136
202 194
202 209
202 3
202 182
202 113
202 80
202 34
202 87
202 125
202 147
202 24
202 91
202 128
202 45
202 157
202 118
202 203
202 101
202 104
202 169
144 42
144 2
144 136
144 194
144 27
144 96
144 182
144 113
144 80
144 167
144 87
144 138
144 123
144 61
144 156
144 59
144 155
144 95
144 130
144 49
144 120
41 68
41 35
41 7
41 72
41 2
41 178
41 5
41 78
41 88
41 87
41 217
41 218
41 24
41 109
41 75
41 152
41 128
41 183
41 45
41 157
41 212
41 207
41 39
41 59
41 95
41 213
41 98
41 118
41 101
41 58
68 23
68 7
68 72
68 2
68 160
68 194
68 182
68 52
68 217
68 148
68 102
68 26
68 123
68 215
68 61
68 30
68 213
68 49
68 177
68 187
68 101
161 191
161 50
161 42
161 181
161 85
161 113
161 80
161 36
161 88
161 138
161 157
161 11
161 95
161 22
161 213
161 149
161 49
161 101
161 171
161 104
161 169
191 50
191 116
191 107
191 71
191 4
191 27
191 80
191 125
191 156
191 110
191 193
191 22
191 213
191 149
191 153
191 131
37 116
37 42
37 35
37 66
37 170
37 181
37 4
37 2
37 160
37 209
37 27
37 113
37 36
37 147
37 109
37 61
37 157
37 16
37 30
37 193
37 22
37 149
37 130
37 49
37 187
37 101
37 171
37 1
37 104
143 23
143 107
143 127
143 181
143 2
143 160
143 5
143 136
143 209
143 78
143 102
143 26
143 75
143 152
143 183
143 157
143 155
143 94
143 213
143 153
143 177
143 203
143 101
143 1
50 35
50 7
50 127
50 160
50 5
50 209
50 52
50 36
50 88
50 125
50 218
50 147
50 148
50 102
50 152
50 215
50 110
50 213
50 149
50 187
50 101
50 120
199 4
199 2
199 27
199 3
199 96
199 34
199 78
199 217
199 172
199 148
199 102
199 51
199 156
199 111
199 212
199 207
199 155
199 213
199 203
199 169
116 42
116 35
116 7
116 107
116 72
116 178
116 160
116 5
116 194
116 27
116 3
116 182
116 80
116 52
116 36
116 88
116 217
116 125
116 218
116 172
116 109
116 91
116 128
116 123
116 215
116 61
116 157
116 16
116 111
116 212
116 94
116 213
116 98
116 118
116 131
116 169
42 127
42 170
42 96
42 182
42 80
42 34
42 87
42 217
42 26
42 215
42 45
42 11
42 207
42 22
42 118
42 171
42 169
35 71
35 67
35 85
35 194
35 3
35 113
35 80
35 52
35 36
35 138
35 172
35 102
35 26
35 152
35 128
35 61
35 157
35 16
35 111
35 39
35 94
35 213
35 98
35 49
35 1
35 169
23 72
23 66
23 127
23 5
23 194
23 27
23 96
23 78
23 88
23 217
23 125
23 218
23 26
23 183
23 157
23 212
23 118
23 177
23 58
23 120
7 72
7 71
7 4
7 178
7 3
7 96
7 52
7 138
7 218
7 148
7 102
7 26
7 61
7 156
7 157
7 207
7 149
7 174
107 170
107 194
107 3
107 182
107 113
107 34
107 167
107 87
107 11
107 111
107 95
107 98
107 49
107 153
107 118
107 187
107 203
107 131
107 58
107 1
107 104
107 169
208 72
208 127
208 4
208 2
208 85
208 209
208 3
208 113
208 80
208 36
208 78
208 217
208 102
208 51
208 26
208 91
208 123
208 16
208 11
208 59
208 95
208 98
208 49
208 177
208 187
208 203
208 169
72 71
72 181
72 27
72 3
72 21
72 36
72 148
72 102
72 24
72 26
72 109
72 152
72 128
72 123
72 45
72 212
72 207
72 30
72 39
72 94
72 213
72 49
72 153
72 187
72 101
72 171
72 58
72 1
66 67
66 160
66 3
66 80
66 36
66 78
66 138
66 172
66 102
66 24
66 51
66 109
66 183
66 123
66 45
66 61
66 16
66 111
66 30
66 149
66 153
66 118
66 58
66 120
66 169
127 170
127 4
127 160
127 113
127 34
127 52
127 125
127 109
127 16
127 110
127 39
127 155
127 101
127 58
127 120
127 169
170 67
170 85
170 21
170 78
170 88
170 217
170 218
170 215
170 156
170 157
170 212
170 30
170 118
170 171
170 58
71 67
71 27
71 152
71 61
71 111
71 207
71 30
71 193
71 95
71 22
71 98
71 149
71 130
71 153
181 67
181 194
181 78
181 138
181 218
181 183
181 215
181 45
181 61
181 16
181 59
181 94
181 174
181 177
181 120
4 136
4 209
4 27
4 182
4 52
4 88
4 125
4 128
4 123
4 157
4 16
4 94
4 95
4 153
4 171
2 85
2 209
2 182
2 113
2 21
2 80
2 88
2 87
2 147
2 26
2 109
2 75
2 183
2 215
2 61
2 212
2 30
2 39
2 193
2 59
2 213
2 149
2 49
2 174
2 203
67 5
67 96
67 36
67 88
67 87
67 217
67 102
67 26
67 128
67 183
67 215
67 45
67 94
67 213
67 130
67 174
67 153
67 118
178 160
178 113
178 217
178 24
178 26
178 91
178 128
178 183
178 156
178 110
178 111
178 39
178 59
178 95
178 130
178 153
178 203
160 5
160 136
160 3
160 96
160 182
160 36
160 78
160 167
160 87
160 125
160 24
160 26
160 75
160 123
160 215
160 11
160 212
160 39
160 98
160 153
160 177
160 203
160 171
160 131
160 120
5 136
5 3
5 80
5 167
5 123
5 111
5 22
5 213
5 149
5 153
5 118
5 171
5 131
5 169
136 113
136 80
136 87
136 138
136 125
136 147
136 26
136 109
136 91
136 128
136 11
136 155
136 22
136 118
136 177
136 169
85 209
85 113
85 167
85 88
85 87
85 125
85 102
85 26
85 109
85 152
85 111
85 155
85 149
85 118
85 131
85 120
194 209
194 3
194 52
194 125
194 172
194 147
194 75
194 91
194 45
194 157
194 11
194 59
194 94
194 213
194 177
194 187
194 171
194 131
194 58
194 120
194 169
209 113
209 21
209 52
209 138
209 217
209 218
209 147
209 51
209 152
209 215
209 193
209 59
209 155
209 22
209 49
209 153
209 171
209 104
27 182
27 113
27 52
27 88
27 87
27 24
27 109
27 128
27 45
27 156
27 157
27 16
27 39
27 94
27 130
27 49
27 153
27 171
27 131
27 120
3 96
3 52
3 75
3 91
3 11
3 110
3 111
3 207
3 30
3 193
3 22
3 130
3 118
3 104
96 113
96 21
96 80
96 88
96 138
96 217
96 125
96 102
96 128
96 123
96 215
96 61
96 156
96 11
96 95
96 149
96 130
182 80
182 36
182 87
182 125
182 172
182 26
182 109
182 39
182 98
182 149
182 130
182 101
182 104
182 169
113 80
113 78
113 148
113 51
113 109
113 75
113 152
113 91
113 183
113 215
113 193
113 213
113 98
113 177
113 203
21 52
21 138
21 75
21 61
21 16
21 11
21 110
21 207
21 30
21 187
21 169
80 52
80 87
80 125
80 45
80 30
80 59
80 149
80 130
80 49
80 203
34 52
34 167
34 88
34 148
34 51
34 152
34 156
34 111
34 30
34 155
34 98
34 174
34 104
52 36
52 45
52 16
52 30
52 155
52 22
52 101
36 138
36 109
36 75
36 123
36 207
36 30
36 59
36 49
78 87
78 26
78 128
78 157
78 207
78 30
78 94
78 22
78 153
78 58
78 120
167 172
167 147
167 26
167 183
167 215
167 213
167 174
167 187
167 101
167 131
167 104
88 138
88 26
88 75
88 152
88 123
88 16
88 212
88 39
88 59
88 155
88 149
88 153
88 131
87 138
87 217
87 147
87 157
87 16
87 11
87 193
87 59
87 94
87 49
87 174
87 169
138 125
138 218
138 172
138 109
138 75
138 128
138 207
138 30
138 193
138 59
138 155
138 95
138 149
138 49
138 177
138 101
138 1
217 218
217 24
217 51
217 109
217 152
217 16
217 11
217 110
217 39
217 155
217 213
217 98
217 130
217 131
125 147
125 26
125 109
125 207
125 155
125 94
125 22
125 213
125 49
125 153
125 177
125 171
125 1
125 169
218 75
218 152
218 91
218 16
218 212
218 22
218 98
218 187
218 203
218 171
218 131
218 104
172 147
172 102
172 51
172 152
172 91
172 61
172 156
172 110
172 207
172 59
172 94
172 95
172 130
172 49
172 118
172 187
172 104
172 120
147 75
147 91
147 183
147 212
147 30
147 193
147 98
147 118
147 177
147 131
148 26
148 152
148 16
148 212
148 59
148 155
148 174
148 203
148 1
102 24
102 215
102 45
102 156
102 157
102 212
102 30
102 98
102 174
102 118
102 187
102 203
102 101
24 26
24 109
24 91
24 128
24 183
24 45
24 16
24 155
24 95
24 177
24 203
24 1
24 169
51 128
51 183
51 212
51 59
51 95
51 149
51 177
51 171
26 61
26 156
26 11
26 111
26 212
26 193
26 155
26 171
26 58
26 169
109 75
109 183
109 157
109 11
109 212
109 207
109 59
109 213
109 98
109 49
109 174
109 153
109 118
109 101
75 215
75 45
75 155
75 98
75 187
75 203
75 101
75 104
152 128
152 156
152 95
152 174
152 118
152 101
152 1
152 169
91 215
91 61
91 16
91 155
91 153
91 187
91 203
91 131
128 183
128 156
128 157
128 30
128 59
128 22
128 49
183 215
183 61
183 111
183 118
183 177
183 131
183 58
183 104
123 156
123 16
123 212
123 59
123 58
123 1
123 120
215 45
215 61
215 16
215 207
215 39
215 94
215 22
215 49
215 174
215 131
215 58
215 104
45 157
45 16
45 30
45 94
45 213
45 98
45 177
45 187
45 131
45 1
61 156
61 39
61 98
61 49
61 120
156 11
156 98
156 187
156 203
156 171
156 131
156 120
156 169
157 110
157 111
157 207
157 187
157 171
16 207
16 95
16 22
16 149
16 187
16 131
16 120
11 207
11 30
11 155
11 95
11 149
11 187
11 203
11 101
11 131
110 193
110 59
110 94
110 95
110 22
110 49
110 187
110 131
110 58
110 1
111 30
111 155
111 94
111 153
111 120
212 39
212 59
212 94
212 153
212 118
212 1
212 169
207 155
207 95
207 213
207 149
207 130
207 49
207 58
207 104
30 59
30 213
30 49
30 118
30 203
30 131
30 169
39 59
39 94
39 130
39 171
39 131
39 104
39 120
193 155
193 149
193 171
193 1
59 213
59 49
59 174
59 153
59 187
59 171
155 94
155 95
155 1
155 120
94 22
94 153
94 118
94 177
94 171
94 120
95 22
95 213
95 174
95 153
95 118
95 177
95 131
95 1
95 120
22 130
22 177
22 101
22 131
22 58
22 1
22 104
213 174
213 203
213 171
213 131
213 58
98 131
98 169
149 130
149 118
149 203
149 131
149 104
149 120
49 118
49 177
49 203
49 101
49 104
49 120
49 169
174 153
174 118
174 120
153 171
153 120
118 187
118 131
118 120
118 169
177 58
187 120
101 58
171 169
131 1
1 120
104 120
