*verties 208
104
208
174
113
122
59
170
35
176
77
102
190
165
81
65
92
173
70
127
31
171
7
66
123
129
107
140
50
160
105
76
106
119
139
40
28
124
145
101
83
175
45
214
219
98
135
73
144
112
25
206
53
51
132
18
212
116
24
177
166
90
2
141
79
183
193
169
17
138
75
117
64
86
136
103
88
99
39
11
188
9
217
93
158
8
128
91
189
142
19
94
121
89
69
149
215
30
194
155
134
26
204
0
15
29
6
198
87
205
74
22
185
14
154
179
186
218
131
210
63
42
195
126
62
78
32
110
197
3
148
143
199
47
97
150
48
115
71
10
52
125
60
167
207
1
85
120
108
20
56
27
216
152
196
96
163
191
192
46
61
137
157
38
211
16
159
151
95
23
13
21
168
201
5
164
200
12
172
153
49
41
187
84
180
67
54
34
162
36
130
109
44
4
33
55
100
72
82
133
58
161
203
213
181
146
202
156
209
*edges 
104 174
104 113
104 122
104 170
104 176
104 81
104 70
104 31
104 7
104 66
104 123
104 107
104 101
104 214
104 219
104 135
104 144
104 132
104 90
104 2
104 79
104 183
104 193
104 117
104 136
104 103
104 99
104 11
104 91
104 194
104 29
104 87
104 14
104 218
104 131
104 210
104 42
104 126
104 3
104 143
104 199
104 47
104 71
104 60
104 167
104 108
104 152
104 16
104 168
104 201
104 187
104 4
104 33
104 55
104 100
104 146
104 202
208 190
208 65
208 173
208 171
208 76
208 28
208 175
208 45
208 98
208 144
208 25
208 53
208 177
208 166
208 64
208 136
208 9
208 128
208 189
208 89
208 204
208 0
208 29
208 198
208 87
208 154
208 218
208 131
208 210
208 62
208 110
208 197
208 207
208 20
208 152
208 61
208 38
208 16
208 159
208 151
208 95
208 168
208 5
208 164
208 41
208 34
208 36
208 58
208 161
208 181
208 146
174 35
174 81
174 105
174 76
174 106
174 124
174 175
174 98
174 135
174 53
174 166
174 193
174 75
174 117
174 64
174 103
174 39
174 9
174 93
174 8
174 189
174 142
174 69
174 204
174 29
174 87
174 185
174 154
174 218
174 210
174 63
174 3
174 52
174 167
174 108
174 27
174 196
174 46
174 157
174 16
174 13
174 168
174 201
174 5
174 153
174 67
174 109
174 44
174 33
174 55
174 82
174 58
174 181
113 77
113 31
113 107
113 105
113 139
113 145
113 175
113 214
113 219
113 144
113 132
113 79
113 138
113 136
113 103
113 99
113 39
113 217
113 8
113 128
113 19
113 134
113 87
113 63
113 42
113 195
113 78
113 47
113 71
113 52
113 85
113 20
113 191
113 61
113 38
113 16
113 95
113 5
113 172
113 153
113 84
113 203
113 156
122 77
122 65
122 140
122 105
122 76
122 145
122 83
122 45
122 51
122 18
122 166
122 141
122 169
122 138
122 99
122 11
122 217
122 69
122 149
122 215
122 134
122 87
122 14
122 179
122 78
122 110
122 3
122 199
122 207
122 56
122 27
122 157
122 38
122 159
122 23
122 21
122 12
122 153
122 84
122 67
122 162
122 109
122 146
59 102
59 190
59 165
59 129
59 140
59 160
59 124
59 135
59 73
59 144
59 25
59 53
59 132
59 212
59 90
59 2
59 79
59 103
59 121
59 215
59 14
59 154
59 179
59 186
59 195
59 110
59 143
59 115
59 207
59 152
59 46
59 157
59 38
59 5
59 200
59 172
59 49
59 4
59 82
59 133
59 213
170 176
170 7
170 123
170 140
170 106
170 28
170 145
170 83
170 175
170 73
170 112
170 53
170 18
170 24
170 99
170 93
170 158
170 189
170 94
170 69
170 134
170 29
170 198
170 205
170 22
170 179
170 131
170 42
170 110
170 199
170 48
170 115
170 120
170 56
170 27
170 191
170 137
170 151
170 164
170 153
170 41
170 84
170 180
170 54
170 44
170 82
170 133
170 58
170 203
170 181
35 77
35 190
35 165
35 70
35 66
35 160
35 106
35 40
35 83
35 214
35 144
35 112
35 132
35 177
35 90
35 75
35 117
35 64
35 86
35 136
35 99
35 217
35 8
35 149
35 155
35 210
35 63
35 110
35 3
35 47
35 150
35 10
35 125
35 167
35 56
35 216
35 163
35 192
35 61
35 38
35 95
35 13
35 201
35 187
35 84
35 109
35 203
35 213
35 146
176 190
176 81
176 92
176 7
176 107
176 50
176 160
176 135
176 132
176 166
176 90
176 141
176 79
176 193
176 103
176 39
176 9
176 128
176 189
176 19
176 121
176 194
176 155
176 26
176 0
176 29
176 6
176 87
176 14
176 179
176 218
176 63
176 32
176 148
176 143
176 199
176 47
176 71
176 125
176 85
176 120
176 108
176 27
176 191
176 157
176 38
176 21
176 164
176 55
176 100
176 82
176 213
77 173
77 70
77 31
77 171
77 129
77 140
77 119
77 40
77 124
77 145
77 101
77 175
77 98
77 135
77 112
77 132
77 116
77 166
77 138
77 75
77 64
77 86
77 103
77 9
77 217
77 94
77 30
77 194
77 74
77 185
77 179
77 63
77 197
77 3
77 199
77 150
77 71
77 60
77 85
77 137
77 38
77 211
77 159
77 201
77 200
77 187
77 180
77 34
77 36
77 161
77 203
77 213
77 181
77 146
77 156
102 81
102 92
102 66
102 107
102 76
102 40
102 28
102 83
102 175
102 219
102 135
102 51
102 132
102 24
102 177
102 2
102 141
102 193
102 138
102 136
102 88
102 217
102 142
102 89
102 215
102 194
102 26
102 29
102 22
102 131
102 63
102 195
102 150
102 125
102 167
102 20
102 27
102 216
102 152
102 38
102 153
102 54
102 36
102 44
102 72
102 133
102 156
190 81
190 127
190 31
190 171
190 106
190 28
190 124
190 98
190 135
190 112
190 206
190 18
190 166
190 183
190 117
190 136
190 128
190 89
190 194
190 204
190 185
190 154
190 179
190 110
190 3
190 216
190 191
190 38
190 16
190 151
190 168
190 49
190 54
190 34
190 44
190 4
190 82
190 161
165 171
165 7
165 66
165 101
165 45
165 98
165 135
165 25
165 24
165 90
165 79
165 117
165 188
165 217
165 128
165 19
165 198
165 87
165 205
165 74
165 14
165 218
165 210
165 126
165 62
165 148
165 71
165 167
165 207
165 120
165 196
165 163
165 61
165 16
165 95
165 13
165 12
165 41
165 187
165 180
165 67
165 54
165 162
165 109
165 33
165 133
165 161
165 203
165 213
165 146
165 209
81 65
81 173
81 31
81 7
81 123
81 107
81 140
81 145
81 175
81 214
81 73
81 116
81 24
81 169
81 86
81 99
81 158
81 30
81 155
81 29
81 6
81 198
81 185
81 14
81 186
81 218
81 131
81 210
81 110
81 3
81 199
81 47
81 71
81 10
81 52
81 167
81 85
81 108
81 20
81 157
81 38
81 23
81 13
81 172
81 54
81 33
81 133
81 161
81 203
81 209
65 129
65 107
65 140
65 50
65 175
65 219
65 25
65 18
65 116
65 177
65 166
65 90
65 169
65 17
65 138
65 75
65 117
65 64
65 39
65 8
65 128
65 69
65 149
65 155
65 29
65 74
65 179
65 218
65 97
65 48
65 115
65 52
65 125
65 207
65 1
65 196
65 157
65 38
65 16
65 159
65 21
65 49
65 84
65 54
65 130
65 72
65 133
92 31
92 171
92 7
92 107
92 140
92 50
92 106
92 40
92 206
92 51
92 177
92 90
92 79
92 193
92 138
92 75
92 88
92 93
92 91
92 142
92 89
92 149
92 194
92 155
92 26
92 14
92 210
92 197
92 115
92 207
92 216
92 137
92 38
92 16
92 159
92 201
92 164
92 49
92 41
92 180
92 67
92 34
92 130
92 109
92 55
92 181
92 146
92 156
173 127
173 7
173 66
173 140
173 76
173 119
173 219
173 53
173 18
173 212
173 141
173 117
173 11
173 93
173 158
173 121
173 134
173 0
173 218
173 63
173 42
173 126
173 62
173 78
173 125
173 207
173 152
173 96
173 163
173 192
173 46
173 61
173 157
173 95
173 21
173 168
173 201
173 153
173 41
173 34
173 109
173 181
173 146
70 50
70 105
70 139
70 28
70 124
70 73
70 144
70 206
70 51
70 116
70 166
70 90
70 193
70 9
70 217
70 128
70 189
70 121
70 149
70 194
70 134
70 0
70 6
70 87
70 205
70 14
70 154
70 131
70 78
70 197
70 3
70 199
70 115
70 207
70 108
70 152
70 196
70 46
70 13
70 201
70 12
70 49
70 84
70 67
70 130
70 100
70 133
70 203
70 181
70 146
70 202
127 7
127 140
127 50
127 106
127 139
127 145
127 206
127 177
127 138
127 117
127 86
127 11
127 8
127 91
127 189
127 19
127 89
127 6
127 22
127 185
127 210
127 42
127 78
127 97
127 150
127 48
127 71
127 207
127 85
127 108
127 56
127 196
127 61
127 137
127 38
127 153
127 49
127 41
127 187
127 84
127 55
127 100
127 72
127 82
127 213
127 209
31 171
31 129
31 105
31 106
31 124
31 214
31 135
31 73
31 25
31 206
31 212
31 177
31 166
31 79
31 75
31 86
31 103
31 11
31 189
31 142
31 15
31 198
31 14
31 186
31 126
31 199
31 60
31 1
31 96
31 191
31 159
31 95
31 13
31 168
31 164
31 41
31 187
31 54
31 44
31 55
171 7
171 66
171 129
171 119
171 139
171 145
171 98
171 73
171 144
171 51
171 132
171 177
171 17
171 138
171 117
171 88
171 128
171 19
171 121
171 89
171 215
171 26
171 204
171 29
171 198
171 22
171 185
171 131
171 32
171 110
171 197
171 148
171 150
171 48
171 115
171 52
171 60
171 108
171 20
171 46
171 137
171 157
171 201
171 200
171 12
171 187
171 162
171 109
171 55
171 181
171 146
171 202
7 106
7 28
7 83
7 219
7 73
7 112
7 132
7 24
7 177
7 90
7 2
7 141
7 183
7 193
7 169
7 17
7 117
7 88
7 99
7 39
7 217
7 91
7 189
7 30
7 194
7 205
7 14
7 186
7 131
7 63
7 47
7 115
7 71
7 52
7 125
7 60
7 120
7 108
7 27
7 216
7 163
7 46
7 168
7 201
7 180
7 34
7 162
7 130
7 109
7 4
7 33
7 100
7 133
66 129
66 107
66 160
66 106
66 101
66 45
66 73
66 144
66 112
66 90
66 193
66 117
66 64
66 103
66 11
66 188
66 9
66 19
66 6
66 205
66 154
66 218
66 62
66 110
66 197
66 143
66 199
66 150
66 85
66 120
66 196
66 96
66 23
66 21
66 164
66 200
66 49
66 187
66 180
66 36
66 109
66 33
66 100
66 82
66 213
66 202
123 129
123 145
123 98
123 73
123 144
123 53
123 18
123 212
123 24
123 90
123 183
123 103
123 88
123 99
123 188
123 93
123 128
123 91
123 69
123 215
123 194
123 87
123 205
123 179
123 63
123 42
123 195
123 126
123 62
123 32
123 197
123 3
123 10
123 52
123 125
123 60
123 207
123 120
123 216
123 163
123 191
123 61
123 151
123 5
123 172
123 41
123 187
123 44
123 55
123 203
129 50
129 106
129 119
129 83
129 45
129 144
129 112
129 116
129 177
129 166
129 90
129 2
129 79
129 193
129 17
129 138
129 103
129 142
129 194
129 155
129 15
129 74
129 22
129 210
129 195
129 78
129 3
129 148
129 199
129 150
129 71
129 120
129 20
129 216
129 13
129 5
129 130
129 109
129 203
129 146
107 50
107 139
107 40
107 101
107 214
107 219
107 144
107 206
107 51
107 132
107 90
107 183
107 64
107 88
107 128
107 91
107 142
107 121
107 69
107 204
107 6
107 185
107 154
107 110
107 199
107 48
107 71
107 120
107 56
107 96
107 192
107 46
107 61
107 157
107 95
107 13
107 12
107 49
107 84
107 58
140 76
140 139
140 214
140 73
140 112
140 212
140 177
140 183
140 17
140 88
140 39
140 158
140 94
140 89
140 205
140 74
140 185
140 218
140 126
140 62
140 3
140 199
140 47
140 97
140 52
140 85
140 120
140 20
140 196
140 192
140 38
140 23
140 13
140 201
140 5
140 153
140 162
140 130
140 109
140 44
140 55
140 133
140 161
140 146
50 139
50 145
50 214
50 219
50 73
50 25
50 132
50 212
50 24
50 2
50 193
50 169
50 17
50 138
50 136
50 103
50 99
50 188
50 93
50 8
50 91
50 121
50 26
50 204
50 29
50 154
50 179
50 126
50 197
50 143
50 150
50 60
50 108
50 20
50 168
50 5
50 12
50 153
50 84
50 67
50 162
50 55
50 72
50 161
50 146
50 209
160 28
160 145
160 219
160 144
160 112
160 51
160 132
160 18
160 212
160 116
160 169
160 75
160 9
160 8
160 19
160 69
160 134
160 15
160 29
160 87
160 154
160 131
160 126
160 20
160 56
160 27
160 152
160 192
160 46
160 61
160 211
160 151
160 13
160 168
160 200
160 153
160 49
160 72
160 133
160 213
160 202
160 209
105 106
105 119
105 214
105 112
105 53
105 24
105 2
105 117
105 136
105 39
105 188
105 217
105 158
105 19
105 14
105 32
105 85
105 20
105 196
105 96
105 46
105 61
105 211
105 23
105 13
105 164
105 84
105 162
105 36
105 72
105 58
105 181
76 106
76 40
76 83
76 175
76 45
76 219
76 135
76 206
76 51
76 132
76 18
76 24
76 2
76 193
76 117
76 64
76 103
76 88
76 11
76 217
76 93
76 91
76 189
76 215
76 30
76 204
76 6
76 198
76 205
76 185
76 14
76 154
76 131
76 63
76 78
76 199
76 97
76 115
76 10
76 52
76 1
76 108
76 192
76 157
76 211
76 23
76 164
76 153
76 41
76 180
76 34
76 130
76 44
76 55
76 100
76 82
76 202
76 209
106 145
106 135
106 53
106 79
106 17
106 75
106 86
106 9
106 217
106 93
106 158
106 121
106 30
106 194
106 155
106 204
106 0
106 6
106 74
106 14
106 154
106 186
106 195
106 199
106 150
106 48
106 71
106 60
106 167
106 85
106 108
106 20
106 96
106 16
106 21
106 5
106 172
106 67
106 54
106 162
106 109
106 58
106 161
106 213
106 146
106 202
119 124
119 45
119 219
119 144
119 206
119 51
119 212
119 90
119 117
119 64
119 86
119 136
119 188
119 158
119 19
119 194
119 155
119 6
119 154
119 186
119 62
119 143
119 199
119 115
119 10
119 60
119 167
119 56
119 201
119 130
119 109
119 4
119 133
119 203
119 213
119 202
139 40
139 124
139 101
139 214
139 98
139 144
139 25
139 206
139 53
139 132
139 212
139 177
139 193
139 169
139 17
139 117
139 103
139 11
139 188
139 142
139 215
139 194
139 15
139 179
139 195
139 78
139 32
139 143
139 47
139 97
139 150
139 10
139 52
139 60
139 120
139 108
139 56
139 216
139 196
139 38
139 151
139 172
139 49
139 180
139 34
139 109
139 133
139 213
139 181
139 202
40 145
40 73
40 206
40 18
40 212
40 166
40 2
40 141
40 79
40 17
40 75
40 117
40 64
40 9
40 93
40 91
40 189
40 89
40 69
40 215
40 194
40 134
40 0
40 15
40 87
40 205
40 218
40 63
40 32
40 110
40 197
40 148
40 47
40 97
40 60
40 56
40 152
40 96
40 192
40 61
40 38
40 211
40 16
40 23
40 21
40 49
40 41
40 67
40 82
40 58
28 124
28 101
28 175
28 214
28 219
28 206
28 116
28 24
28 90
28 79
28 17
28 75
28 11
28 9
28 142
28 19
28 89
28 149
28 155
28 26
28 204
28 15
28 87
28 186
28 131
28 210
28 42
28 78
28 32
28 150
28 48
28 207
28 85
28 27
28 152
28 192
28 61
28 151
28 23
28 168
28 201
28 153
28 180
28 34
28 36
28 44
28 100
28 161
124 145
124 98
124 132
124 116
124 177
124 166
124 79
124 183
124 193
124 117
124 99
124 39
124 8
124 121
124 89
124 69
124 30
124 26
124 204
124 87
124 205
124 74
124 185
124 179
124 186
124 126
124 148
124 48
124 115
124 71
124 60
124 85
124 56
124 152
124 196
124 192
124 211
124 159
124 168
124 172
124 153
124 84
124 109
124 202
124 156
145 175
145 112
145 141
145 169
145 17
145 117
145 103
145 9
145 217
145 8
145 128
145 91
145 189
145 142
145 94
145 89
145 0
145 15
145 29
145 205
145 179
145 195
145 126
145 199
145 97
145 48
145 108
145 56
145 216
145 96
145 38
145 211
145 16
145 159
145 151
145 5
145 180
145 67
145 109
145 33
101 214
101 219
101 73
101 144
101 132
101 212
101 166
101 90
101 141
101 136
101 88
101 39
101 11
101 188
101 217
101 158
101 128
101 142
101 94
101 121
101 215
101 0
101 15
101 205
101 185
101 218
101 195
101 126
101 197
101 3
101 148
101 115
101 60
101 191
101 157
101 38
101 159
101 168
101 201
101 187
101 84
101 109
101 55
83 175
83 135
83 53
83 90
83 39
83 188
83 93
83 158
83 189
83 89
83 155
83 204
83 6
83 179
83 42
83 143
83 10
83 52
83 167
83 120
83 56
83 46
83 137
83 23
83 168
83 84
83 180
83 54
83 130
83 44
83 55
83 82
175 219
175 135
175 144
175 25
175 132
175 90
175 193
175 169
175 17
175 138
175 88
175 8
175 128
175 94
175 155
175 0
175 29
175 198
175 22
175 186
175 218
175 63
175 42
175 195
175 32
175 110
175 197
175 3
175 148
175 150
175 115
175 167
175 207
175 85
175 56
175 211
175 168
175 200
175 49
175 44
175 100
175 203
45 219
45 24
45 141
45 183
45 169
45 75
45 117
45 39
45 188
45 217
45 93
45 128
45 91
45 142
45 94
45 215
45 30
45 26
45 185
45 197
45 3
45 148
45 47
45 71
45 207
45 108
45 196
45 16
45 151
45 164
45 34
45 162
45 55
45 100
45 133
45 58
45 209
214 25
214 53
214 51
214 24
214 90
214 141
214 193
214 39
214 217
214 158
214 91
214 89
214 149
214 194
214 26
214 0
214 6
214 205
214 185
214 14
214 218
214 126
214 78
214 197
214 143
214 97
214 71
214 207
214 1
214 61
214 211
214 159
214 21
214 67
214 34
214 36
214 109
214 133
214 58
214 146
219 98
219 73
219 144
219 112
219 51
219 18
219 212
219 90
219 138
219 158
219 19
219 69
219 194
219 29
219 6
219 198
219 74
219 22
219 185
219 179
219 210
219 63
219 42
219 197
219 148
219 71
219 52
219 167
219 1
219 196
219 46
219 151
219 168
219 5
219 172
219 153
219 49
219 36
219 33
219 55
219 181
219 202
98 135
98 112
98 206
98 53
98 51
98 24
98 90
98 141
98 17
98 75
98 117
98 103
98 121
98 89
98 30
98 15
98 6
98 87
98 154
98 179
98 63
98 32
98 197
98 148
98 143
98 52
98 125
98 120
98 108
98 20
98 216
98 152
98 163
98 192
98 157
98 172
98 153
98 49
98 162
98 36
98 130
98 109
98 55
98 146
98 209
135 73
135 206
135 116
135 138
135 103
135 88
135 39
135 158
135 142
135 121
135 69
135 215
135 194
135 134
135 6
135 179
135 186
135 131
135 97
135 48
135 71
135 163
135 46
135 137
135 157
135 16
135 151
135 23
135 200
135 12
135 153
135 84
135 180
135 67
135 34
135 109
135 55
135 72
135 82
73 25
73 51
73 132
73 18
73 24
73 2
73 79
73 193
73 17
73 188
73 93
73 19
73 215
73 30
73 155
73 26
73 204
73 0
73 29
73 6
73 185
73 42
73 3
73 199
73 85
73 61
73 137
73 38
73 159
73 168
73 67
73 109
73 44
73 4
73 133
73 181
73 202
73 209
144 51
144 18
144 212
144 116
144 90
144 141
144 183
144 17
144 138
144 64
144 39
144 11
144 188
144 217
144 121
144 89
144 194
144 204
144 205
144 74
144 185
144 14
144 186
144 131
144 195
144 3
144 148
144 199
144 47
144 150
144 60
144 85
144 216
144 192
144 46
144 157
144 16
144 13
144 5
144 200
144 172
144 153
144 41
144 34
144 44
144 100
144 133
144 58
144 181
112 51
112 116
112 141
112 79
112 169
112 64
112 86
112 39
112 11
112 217
112 8
112 189
112 142
112 89
112 69
112 0
112 29
112 87
112 210
112 63
112 197
112 148
112 115
112 10
112 125
112 167
112 1
112 108
112 196
112 191
112 192
112 46
112 38
112 159
112 164
112 12
112 172
112 187
112 180
112 130
112 55
112 100
112 58
112 213
112 181
112 146
112 156
112 209
25 212
25 166
25 9
25 91
25 89
25 30
25 194
25 87
25 126
25 197
25 199
25 97
25 10
25 167
25 207
25 196
25 61
25 38
25 16
25 5
25 67
25 54
25 130
25 109
25 44
25 4
25 82
25 203
25 213
25 146
25 156
25 209
206 212
206 24
206 183
206 17
206 117
206 136
206 99
206 11
206 8
206 189
206 19
206 121
206 69
206 134
206 0
206 29
206 154
206 62
206 199
206 85
206 120
206 56
206 216
206 191
206 192
206 137
206 38
206 95
206 21
206 153
206 41
206 34
206 109
206 82
206 133
206 181
53 212
53 169
53 75
53 86
53 103
53 88
53 189
53 142
53 89
53 149
53 215
53 155
53 15
53 205
53 74
53 179
53 186
53 126
53 110
53 197
53 97
53 150
53 20
53 216
53 96
53 46
53 151
53 21
53 201
53 12
53 49
53 187
53 180
53 67
53 34
53 109
53 213
53 202
53 209
51 24
51 177
51 166
51 2
51 183
51 193
51 86
51 99
51 39
51 11
51 158
51 128
51 94
51 215
51 26
51 204
51 0
51 6
51 14
51 63
51 197
51 148
51 199
51 47
51 115
51 71
51 125
51 207
51 20
51 216
51 96
51 192
51 61
51 21
51 168
51 153
51 84
51 58
51 161
51 203
51 213
51 202
132 2
132 75
132 88
132 158
132 128
132 91
132 189
132 69
132 194
132 155
132 15
132 185
132 154
132 218
132 131
132 63
132 195
132 3
132 148
132 47
132 10
132 216
132 152
132 192
132 46
132 95
132 168
132 5
132 153
132 41
132 162
132 36
132 130
132 55
132 72
132 161
132 181
132 202
18 212
18 177
18 2
18 183
18 17
18 86
18 136
18 39
18 11
18 9
18 217
18 8
18 128
18 91
18 149
18 134
18 15
18 205
18 179
18 48
18 115
18 60
18 108
18 196
18 96
18 192
18 61
18 137
18 211
18 159
18 13
18 168
18 12
18 153
18 187
18 54
18 34
18 4
18 82
18 146
18 209
212 2
212 79
212 193
212 138
212 75
212 99
212 39
212 9
212 8
212 128
212 30
212 6
212 22
212 185
212 14
212 63
212 78
212 3
212 148
212 143
212 47
212 163
212 38
212 211
212 16
212 159
212 151
212 95
212 168
212 164
212 12
212 49
212 187
212 82
212 181
212 146
212 209
116 177
116 90
116 138
116 136
116 9
116 19
116 155
116 198
116 14
116 179
116 218
116 126
116 167
116 20
116 56
116 27
116 163
116 46
116 137
116 16
116 159
116 151
116 168
116 5
116 200
116 172
116 153
116 49
116 41
116 180
116 34
116 44
116 213
116 202
116 156
24 183
24 17
24 75
24 86
24 11
24 9
24 217
24 93
24 8
24 19
24 94
24 89
24 134
24 15
24 6
24 205
24 110
24 197
24 3
24 48
24 115
24 167
24 1
24 20
24 56
24 216
24 96
24 61
24 211
24 16
24 168
24 164
24 187
24 84
24 67
24 54
24 162
24 33
24 100
24 72
24 202
177 90
177 17
177 117
177 99
177 39
177 217
177 158
177 142
177 121
177 149
177 215
177 30
177 6
177 205
177 74
177 22
177 218
177 131
177 210
177 42
177 195
177 62
177 32
177 197
177 3
177 148
177 150
177 108
177 163
177 191
177 157
177 95
177 13
177 21
177 5
177 12
177 49
177 41
177 187
177 180
177 34
177 162
177 202
166 2
166 183
166 138
166 86
166 188
166 91
166 19
166 94
166 121
166 149
166 134
166 204
166 6
166 74
166 185
166 154
166 210
166 42
166 3
166 71
166 207
166 27
166 216
166 46
166 157
166 159
166 5
166 164
166 180
166 109
166 55
166 133
90 141
90 193
90 17
90 9
90 189
90 19
90 215
90 30
90 194
90 204
90 87
90 205
90 74
90 22
90 185
90 154
90 218
90 63
90 42
90 126
90 78
90 197
90 48
90 71
90 52
90 152
90 191
90 46
90 159
90 151
90 95
90 23
90 21
90 5
90 172
90 41
90 187
90 180
90 54
90 36
90 109
90 33
90 133
90 58
90 161
90 213
90 156
2 141
2 75
2 64
2 88
2 128
2 91
2 189
2 94
2 121
2 6
2 74
2 154
2 63
2 62
2 3
2 148
2 115
2 207
2 216
2 163
2 61
2 137
2 157
2 211
2 16
2 159
2 23
2 21
2 164
2 12
2 172
2 187
2 67
2 34
2 44
2 72
2 82
2 133
2 202
141 64
141 88
141 99
141 188
141 217
141 158
141 142
141 89
141 198
141 22
141 32
141 143
141 199
141 10
141 207
141 120
141 56
141 196
141 46
141 157
141 211
141 201
141 5
141 200
141 41
141 180
141 162
141 44
141 4
141 82
141 133
141 146
141 202
141 209
79 183
79 169
79 17
79 64
79 86
79 136
79 9
79 128
79 94
79 30
79 194
79 26
79 218
79 210
79 42
79 126
79 62
79 78
79 143
79 47
79 27
79 216
79 196
79 191
79 192
79 137
79 95
79 13
79 5
79 164
79 200
79 172
79 67
79 54
79 33
79 55
79 82
79 202
79 209
183 86
183 39
183 11
183 188
183 93
183 142
183 30
183 194
183 134
183 204
183 0
183 29
183 205
183 14
183 210
183 63
183 42
183 148
183 199
183 56
183 27
183 196
183 61
183 137
183 211
183 95
183 201
183 164
183 172
183 153
183 41
183 67
193 103
193 11
193 158
193 30
193 204
193 198
193 218
193 63
193 148
193 143
193 97
193 115
193 52
193 125
193 60
193 1
193 20
193 27
193 216
193 151
193 168
193 5
193 164
193 36
193 203
193 146
169 117
169 99
169 188
169 9
169 217
169 158
169 8
169 128
169 189
169 194
169 134
169 26
169 0
169 198
169 87
169 205
169 74
169 185
169 14
169 62
169 150
169 125
169 60
169 216
169 152
169 196
169 61
169 16
169 5
169 200
169 187
169 162
169 36
169 72
169 213
17 64
17 136
17 99
17 39
17 217
17 93
17 91
17 142
17 19
17 94
17 149
17 155
17 204
17 0
17 198
17 74
17 179
17 131
17 210
17 63
17 42
17 62
17 78
17 148
17 47
17 48
17 60
17 56
17 152
17 96
17 46
17 61
17 38
17 16
17 23
17 13
17 180
17 44
17 4
17 133
17 203
17 209
138 188
138 30
138 134
138 0
138 29
138 198
138 22
138 185
138 179
138 42
138 62
138 143
138 199
138 97
138 150
138 115
138 1
138 108
138 191
138 46
138 157
138 159
138 21
138 201
138 12
138 153
138 36
138 33
138 82
138 133
138 161
75 11
75 188
75 93
75 142
75 94
75 149
75 215
75 194
75 6
75 198
75 154
75 179
75 78
75 199
75 97
75 71
75 10
75 125
75 1
75 192
75 211
75 23
75 13
75 21
75 12
75 49
75 84
75 133
75 213
117 86
117 99
117 11
117 9
117 189
117 142
117 215
117 155
117 134
117 0
117 22
117 185
117 154
117 218
117 131
117 42
117 62
117 78
117 197
117 148
117 143
117 199
117 150
117 60
117 196
117 137
117 16
117 200
117 84
117 180
117 34
117 36
117 72
117 181
117 156
64 86
64 11
64 158
64 189
64 19
64 121
64 134
64 26
64 15
64 131
64 197
64 199
64 150
64 71
64 52
64 125
64 60
64 207
64 20
64 27
64 196
64 191
64 61
64 137
64 38
64 16
64 201
64 164
64 34
64 130
64 82
64 181
64 156
86 136
86 99
86 39
86 11
86 188
86 9
86 128
86 189
86 19
86 15
86 74
86 186
86 218
86 63
86 32
86 143
86 47
86 97
86 48
86 125
86 60
86 167
86 207
86 27
86 96
86 61
86 157
86 16
86 168
86 5
86 200
86 34
86 36
86 82
86 58
86 161
86 146
86 202
86 209
136 94
136 121
136 149
136 0
136 15
136 6
136 14
136 197
136 148
136 143
136 97
136 125
136 108
136 96
136 192
136 46
136 159
136 13
136 21
136 200
136 84
136 54
136 162
136 109
136 72
136 58
136 213
136 209
103 11
103 188
103 93
103 158
103 8
103 142
103 121
103 69
103 149
103 215
103 30
103 194
103 204
103 29
103 6
103 87
103 74
103 185
103 32
103 148
103 150
103 48
103 52
103 207
103 163
103 46
103 157
103 200
103 49
103 84
103 180
103 54
103 130
103 44
103 33
103 55
103 72
103 82
88 39
88 8
88 128
88 189
88 121
88 215
88 30
88 134
88 15
88 6
88 198
88 185
88 14
88 150
88 85
88 191
88 38
88 13
88 21
88 200
88 172
88 130
88 44
88 33
88 161
88 202
99 158
99 8
99 189
99 142
99 94
99 149
99 155
99 134
99 15
99 87
99 74
99 218
99 42
99 126
99 78
99 148
99 199
99 47
99 48
99 115
99 125
99 167
99 85
99 216
99 191
99 21
99 44
99 72
99 58
99 209
39 11
39 93
39 30
39 134
39 204
39 6
39 198
39 179
39 218
39 210
39 63
39 195
39 126
39 62
39 197
39 125
39 207
39 1
39 85
39 163
39 192
39 157
39 211
39 16
39 168
39 5
39 200
39 172
39 41
39 67
39 36
39 109
39 33
39 133
39 146
11 9
11 217
11 158
11 91
11 69
11 149
11 215
11 204
11 87
11 74
11 22
11 179
11 78
11 150
11 167
11 27
11 46
11 137
11 157
11 38
11 95
11 21
11 164
11 200
11 172
11 54
11 162
11 44
11 4
11 209
188 93
188 158
188 128
188 142
188 94
188 121
188 89
188 194
188 26
188 6
188 87
188 205
188 74
188 185
188 179
188 210
188 110
188 47
188 97
188 150
188 52
188 167
188 85
188 163
188 137
188 157
188 23
188 201
188 5
188 49
188 187
188 130
188 55
188 203
188 213
9 149
9 155
9 134
9 198
9 74
9 14
9 179
9 218
9 42
9 32
9 97
9 150
9 10
9 20
9 211
9 16
9 159
9 151
9 5
9 200
9 49
9 41
9 67
9 54
9 162
9 36
9 130
9 109
9 55
9 100
9 202
9 209
217 128
217 19
217 69
217 149
217 134
217 0
217 6
217 218
217 210
217 42
217 195
217 62
217 78
217 197
217 148
217 97
217 52
217 108
217 27
217 152
217 196
217 163
217 192
217 38
217 23
217 21
217 5
217 172
217 84
217 54
217 130
217 72
217 133
217 209
93 158
93 8
93 128
93 189
93 94
93 121
93 134
93 26
93 29
93 6
93 198
93 32
93 110
93 3
93 115
93 71
93 125
93 207
93 108
93 27
93 46
93 16
93 21
93 168
93 12
93 153
93 49
93 187
93 36
93 130
93 4
93 72
93 181
93 156
158 91
158 142
158 149
158 155
158 87
158 14
158 195
158 78
158 32
158 199
158 97
158 125
158 60
158 120
158 108
158 20
158 56
158 163
158 172
158 153
158 41
158 84
158 67
158 54
158 34
158 36
158 4
158 33
8 189
8 19
8 0
8 29
8 6
8 198
8 74
8 22
8 218
8 63
8 78
8 110
8 3
8 148
8 199
8 115
8 120
8 96
8 61
8 137
8 159
8 95
8 168
8 153
8 41
8 187
8 130
8 109
8 44
8 181
8 209
128 91
128 89
128 149
128 134
128 26
128 131
128 32
128 97
128 48
128 10
128 207
128 27
128 152
128 196
128 61
128 211
128 151
128 153
128 67
128 54
128 109
128 44
128 203
128 202
128 156
128 209
91 121
91 149
91 30
91 204
91 29
91 198
91 87
91 22
91 179
91 210
91 78
91 110
91 3
91 150
91 115
91 52
91 1
91 120
91 216
91 196
91 163
91 191
91 157
91 38
91 16
91 23
91 164
91 49
91 41
91 34
91 33
91 58
91 203
91 146
189 215
189 194
189 26
189 29
189 87
189 154
189 186
189 195
189 126
189 78
189 197
189 3
189 115
189 71
189 108
189 56
189 216
189 196
189 192
189 61
189 157
189 38
189 151
189 95
189 23
189 13
189 21
189 168
189 153
189 41
189 34
189 36
189 130
189 133
189 58
189 146
189 202
142 30
142 155
142 204
142 29
142 87
142 74
142 22
142 218
142 32
142 143
142 97
142 52
142 60
142 1
142 56
142 196
142 96
142 46
142 137
142 38
142 13
142 21
142 153
142 41
142 187
142 34
142 162
142 130
142 109
142 44
142 100
142 72
142 146
19 204
19 29
19 6
19 205
19 154
19 210
19 126
19 78
19 110
19 97
19 167
19 85
19 216
19 196
19 191
19 61
19 95
19 168
19 5
19 164
19 187
19 67
19 130
19 55
94 89
94 134
94 0
94 29
94 154
94 179
94 210
94 62
94 78
94 32
94 199
94 47
94 10
94 52
94 196
94 96
94 163
94 16
94 23
94 13
94 201
94 49
94 41
94 54
94 44
94 4
94 55
94 161
94 213
121 149
121 30
121 194
121 26
121 204
121 29
121 154
121 179
121 218
121 131
121 63
121 126
121 62
121 110
121 3
121 199
121 48
121 108
121 152
121 96
121 192
121 5
121 41
121 130
121 100
121 133
121 202
121 156
89 30
89 155
89 204
89 29
89 198
89 74
89 185
89 197
89 207
89 108
89 20
89 152
89 163
89 192
89 21
89 168
89 5
89 49
89 84
89 180
89 34
89 4
89 55
89 100
89 72
89 161
89 213
89 202
69 30
69 194
69 205
69 22
69 14
69 179
69 126
69 197
69 85
69 108
69 20
69 56
69 216
69 196
69 159
69 95
69 21
69 168
69 164
69 41
69 36
69 109
69 44
69 72
69 82
149 204
149 198
149 74
149 179
149 218
149 60
149 85
149 20
149 196
149 192
149 16
149 159
149 5
149 49
149 67
149 58
149 203
149 213
149 146
149 202
215 194
215 134
215 198
215 74
215 185
215 14
215 154
215 186
215 131
215 63
215 62
215 32
215 197
215 47
215 71
215 52
215 108
215 27
215 196
215 163
215 61
215 137
215 201
215 55
215 181
215 202
215 156
30 204
30 6
30 210
30 60
30 120
30 20
30 56
30 27
30 191
30 13
30 5
30 164
30 41
30 109
30 33
30 55
30 72
30 82
30 161
194 26
194 0
194 205
194 22
194 63
194 42
194 195
194 110
194 3
194 148
194 47
194 56
194 27
194 191
194 192
194 61
194 151
194 5
194 172
194 54
194 162
194 100
194 58
194 161
194 213
194 202
155 6
155 185
155 42
155 197
155 143
155 48
155 1
155 85
155 120
155 196
155 192
155 157
155 211
155 34
155 162
155 36
155 100
155 146
155 202
155 156
134 204
134 6
134 179
134 218
134 210
134 97
134 10
134 52
134 56
134 61
134 137
134 157
134 16
134 159
134 95
134 168
134 49
134 84
134 67
134 55
134 72
134 133
134 58
134 156
26 29
26 205
26 14
26 179
26 210
26 42
26 126
26 148
26 115
26 10
26 52
26 167
26 85
26 96
26 163
26 191
26 157
26 211
26 151
26 168
26 5
26 41
26 54
26 44
26 4
26 55
26 72
26 146
204 29
204 198
204 205
204 74
204 186
204 210
204 126
204 32
204 110
204 197
204 3
204 115
204 125
204 207
204 120
204 46
204 137
204 23
204 41
204 180
204 34
204 130
204 44
204 55
204 181
204 146
204 209
0 6
0 22
0 218
0 62
0 32
0 48
0 52
0 60
0 167
0 85
0 120
0 20
0 56
0 27
0 16
0 159
0 200
0 187
0 130
0 100
0 82
0 58
15 198
15 205
15 185
15 14
15 154
15 218
15 42
15 195
15 32
15 110
15 197
15 115
15 52
15 125
15 120
15 27
15 216
15 163
15 46
15 137
15 16
15 159
15 13
15 21
15 201
15 187
15 180
15 67
15 130
15 44
15 33
15 133
15 146
29 198
29 185
29 210
29 62
29 32
29 143
29 199
29 48
29 71
29 125
29 108
29 152
29 211
29 16
29 23
29 180
29 162
29 36
29 82
29 146
29 202
6 205
6 74
6 154
6 63
6 195
6 10
6 216
6 157
6 38
6 200
6 172
6 49
6 187
6 4
6 82
6 209
198 154
198 131
198 210
198 195
198 47
198 115
198 10
198 207
198 120
198 20
198 152
198 96
198 163
198 191
198 192
198 46
198 61
198 201
198 12
198 84
198 4
198 55
198 100
198 72
198 181
87 74
87 22
87 126
87 62
87 3
87 143
87 199
87 48
87 115
87 71
87 125
87 60
87 20
87 56
87 192
87 95
87 23
87 201
87 200
87 187
87 4
87 100
87 213
205 218
205 131
205 148
205 167
205 207
205 152
205 96
205 163
205 61
205 157
205 151
205 21
205 201
205 5
205 172
205 153
205 41
205 187
205 84
205 130
205 44
205 203
205 181
205 202
74 154
74 186
74 126
74 62
74 110
74 3
74 148
74 199
74 71
74 10
74 125
74 120
74 20
74 61
74 16
74 21
74 41
74 180
74 162
74 109
74 44
74 33
74 100
74 203
74 213
22 179
22 186
22 131
22 110
22 3
22 143
22 52
22 1
22 108
22 27
22 216
22 152
22 46
22 61
22 137
22 13
22 200
22 12
22 49
22 41
22 67
22 34
22 109
22 100
22 72
22 133
22 202
22 209
185 210
185 42
185 78
185 32
185 197
185 199
185 10
185 52
185 125
185 1
185 163
185 192
185 46
185 137
185 16
185 23
185 12
185 153
185 187
185 109
185 33
185 58
185 213
14 186
14 218
14 42
14 197
14 10
14 52
14 125
14 167
14 1
14 20
14 163
14 137
14 38
14 95
14 5
14 67
14 54
14 36
14 109
14 55
14 213
14 202
154 186
154 131
154 63
154 42
154 195
154 126
154 148
154 48
154 71
154 10
154 52
154 125
154 108
154 56
154 196
154 61
154 157
154 23
154 168
154 201
154 54
154 162
154 36
154 130
154 4
154 58
154 181
154 146
179 63
179 42
179 62
179 78
179 148
179 47
179 97
179 71
179 85
179 108
179 56
179 192
179 61
179 157
179 159
179 168
179 5
179 41
179 34
179 36
179 130
179 203
179 202
186 218
186 63
186 126
186 32
186 10
186 167
186 216
186 152
186 163
186 192
186 61
186 211
186 21
186 168
186 200
186 12
186 153
186 49
186 41
186 84
186 44
186 156
186 209
218 131
218 210
218 78
218 32
218 148
218 47
218 150
218 48
218 52
218 125
218 196
218 96
218 191
218 61
218 157
218 95
218 23
218 13
218 21
218 5
218 164
218 12
218 187
218 67
218 100
218 161
218 146
218 202
218 209
131 42
131 126
131 110
131 3
131 167
131 85
131 216
131 152
131 96
131 163
131 191
131 137
131 211
131 21
131 5
131 164
131 200
131 187
131 67
131 130
131 109
131 203
210 63
210 126
210 3
210 143
210 97
210 48
210 71
210 207
210 108
210 152
210 196
210 163
210 191
210 61
210 157
210 21
210 5
210 172
210 49
210 187
210 67
210 54
210 4
210 58
210 203
210 181
210 156
63 110
63 148
63 199
63 196
63 96
63 163
63 191
63 46
63 61
63 38
63 95
63 168
63 164
63 200
63 180
63 54
63 36
63 109
63 33
42 32
42 197
42 143
42 199
42 150
42 10
42 85
42 196
42 157
42 151
42 13
42 201
42 12
42 172
42 49
42 180
42 67
42 109
42 82
42 161
42 156
195 115
195 71
195 52
195 207
195 1
195 20
195 152
195 196
195 96
195 163
195 191
195 137
195 211
195 151
195 21
195 187
195 180
195 34
195 100
195 161
195 213
126 143
126 199
126 48
126 71
126 60
126 1
126 20
126 56
126 27
126 216
126 196
126 159
126 201
126 5
126 200
126 54
126 34
126 100
126 133
126 213
126 146
62 197
62 199
62 47
62 10
62 52
62 60
62 120
62 96
62 191
62 157
62 38
62 16
62 95
62 12
62 49
62 41
62 130
62 44
62 33
62 100
62 213
62 146
78 32
78 148
78 10
78 125
78 207
78 1
78 120
78 56
78 216
78 137
78 157
78 38
78 151
78 95
78 23
78 13
78 168
78 201
78 12
78 34
78 162
78 109
78 100
78 58
78 203
32 97
32 150
32 167
32 85
32 216
32 152
32 191
32 192
32 95
32 21
32 5
32 164
32 200
32 187
32 180
32 67
32 54
32 34
32 36
32 55
32 72
110 148
110 48
110 115
110 125
110 20
110 56
110 163
110 38
110 159
110 200
110 172
110 49
110 187
110 130
110 72
110 82
110 58
110 203
110 181
110 156
110 209
197 150
197 125
197 60
197 1
197 108
197 27
197 152
197 137
197 23
197 5
197 34
197 100
197 213
197 146
3 48
3 71
3 10
3 167
3 207
3 85
3 96
3 163
3 192
3 61
3 137
3 157
3 159
3 164
3 180
3 162
3 156
3 209
148 143
148 47
148 115
148 85
148 56
148 27
148 152
148 191
148 192
148 46
148 38
148 211
148 95
148 21
148 172
148 49
148 130
148 109
148 44
148 4
148 72
148 82
148 156
143 97
143 125
143 207
143 120
143 108
143 137
143 157
143 151
143 95
143 23
143 168
143 201
143 5
143 41
143 34
143 130
143 58
143 156
199 10
199 60
199 27
199 96
199 137
199 157
199 38
199 168
199 67
199 36
199 33
199 55
47 60
47 167
47 120
47 20
47 152
47 96
47 163
47 192
47 46
47 137
47 38
47 211
47 151
47 5
47 164
47 172
47 84
47 67
47 54
47 100
47 203
47 202
47 209
97 150
97 71
97 52
97 20
97 96
97 163
97 192
97 38
97 151
97 95
97 23
97 172
97 153
97 109
97 44
150 52
150 56
150 216
150 96
150 192
150 46
150 157
150 151
150 172
150 49
150 180
150 34
150 33
150 82
150 181
48 52
48 167
48 1
48 120
48 108
48 191
48 157
48 211
48 159
48 151
48 13
48 164
48 41
48 187
48 130
48 100
48 58
48 203
115 71
115 10
115 125
115 60
115 167
115 120
115 192
115 157
115 151
115 13
115 164
115 12
115 172
115 153
115 187
115 54
115 130
115 109
115 33
115 181
115 209
71 10
71 1
71 20
71 163
71 191
71 137
71 159
71 21
71 201
71 172
71 49
71 67
71 54
71 130
71 44
71 4
71 33
71 100
71 133
71 58
10 125
10 60
10 120
10 20
10 191
10 38
10 151
10 168
10 5
10 164
10 12
10 172
10 36
10 130
10 44
10 133
10 146
52 125
52 60
52 85
52 120
52 20
52 96
52 163
52 192
52 164
52 200
52 180
52 36
52 100
52 203
52 146
52 202
125 1
125 216
125 96
125 191
125 157
125 38
125 159
125 95
125 5
125 164
125 12
125 41
125 67
125 36
125 130
125 4
125 33
125 82
60 1
60 85
60 120
60 27
60 46
60 137
60 157
60 211
60 159
60 151
60 200
60 153
60 49
60 34
60 162
60 130
60 44
60 100
60 133
60 181
167 1
167 85
167 216
167 192
167 46
167 211
167 95
167 201
167 153
167 84
167 180
167 33
167 58
207 108
207 196
207 192
207 157
207 151
207 23
207 12
207 172
207 49
207 34
207 109
207 33
207 133
207 58
207 161
207 156
207 209
1 120
1 108
1 96
1 16
1 151
1 200
1 172
1 49
1 187
1 84
1 180
1 130
1 55
1 58
1 161
1 202
85 216
85 196
85 95
85 13
85 201
85 41
85 84
85 54
85 162
85 36
85 109
85 44
85 72
85 82
85 133
85 58
85 156
85 209
120 56
120 96
120 192
120 61
120 157
120 5
120 164
120 200
120 12
120 41
120 180
120 67
120 34
120 4
120 55
120 72
120 213
120 181
120 209
108 196
108 163
108 61
108 38
108 172
108 67
108 109
108 55
20 152
20 163
20 16
20 13
20 21
20 201
20 164
20 172
20 4
20 55
20 72
20 58
20 161
20 181
20 156
56 192
56 23
56 5
56 164
56 84
56 34
56 130
56 100
56 133
56 161
56 156
27 137
27 157
27 16
27 159
27 23
27 13
27 201
27 49
27 34
27 36
27 100
27 58
27 146
27 202
27 156
216 152
216 46
216 38
216 16
216 164
216 200
216 172
216 153
216 41
216 34
216 162
216 130
216 133
216 58
216 203
216 213
152 196
152 96
152 191
152 192
152 46
152 157
152 159
152 201
152 41
152 67
152 162
152 36
152 130
152 109
152 4
152 55
152 82
152 133
152 58
152 161
196 137
196 157
196 16
196 13
196 168
196 41
196 54
196 162
196 44
196 161
196 146
96 61
96 157
96 211
96 16
96 23
96 13
96 168
96 201
96 49
96 180
96 34
96 109
96 44
96 33
96 58
96 213
96 181
96 146
163 151
163 23
163 21
163 201
163 164
163 12
163 172
163 49
163 44
163 82
163 133
163 209
191 38
191 13
191 201
191 200
191 153
191 49
191 180
191 67
191 36
191 4
191 33
191 72
191 82
191 203
192 157
192 211
192 23
192 172
192 187
192 180
192 67
192 162
192 36
192 4
192 203
192 181
192 146
46 16
46 151
46 95
46 21
46 49
46 180
46 36
46 44
46 161
46 202
61 151
61 95
61 21
61 172
61 49
61 109
61 4
61 55
61 213
61 181
61 146
61 156
137 211
137 13
137 21
137 168
137 49
137 41
137 84
137 67
137 34
137 82
137 181
137 146
157 159
157 95
157 13
157 164
157 49
157 187
157 84
157 67
157 162
157 36
157 44
157 161
157 213
157 146
157 209
38 201
38 5
38 200
38 172
38 67
38 162
38 36
38 33
38 55
38 100
38 82
38 161
38 146
211 16
211 13
211 172
211 153
211 49
211 84
211 34
211 109
211 55
211 133
211 213
211 181
211 146
211 202
211 209
16 159
16 151
16 23
16 168
16 41
16 187
16 84
16 109
16 55
16 58
16 203
16 213
16 209
159 95
159 21
159 164
159 153
159 180
159 44
159 55
159 213
159 202
151 5
151 130
151 4
151 213
151 181
151 202
95 13
95 168
95 164
95 200
95 49
95 41
95 180
95 34
95 36
95 130
95 44
95 33
95 58
95 213
23 153
23 34
23 133
23 146
23 156
23 209
13 5
13 130
13 109
13 33
13 133
13 213
13 156
21 168
21 12
21 153
21 180
21 34
21 82
168 5
168 12
168 153
168 49
168 54
168 4
168 72
168 213
168 202
168 156
201 49
201 187
201 67
201 34
201 36
201 33
201 82
201 58
201 161
201 213
201 181
5 41
5 84
5 180
5 54
5 162
5 36
5 109
5 133
5 58
5 156
164 12
164 153
164 180
164 44
200 12
200 49
200 84
200 67
200 54
200 34
200 100
200 72
200 133
200 58
200 213
200 181
200 146
12 34
12 36
12 181
172 187
172 36
172 72
172 146
172 156
153 187
153 54
153 202
49 34
49 130
49 44
49 55
49 72
49 213
49 181
49 156
41 187
41 67
41 162
41 130
41 109
41 44
41 72
41 58
41 213
41 146
41 209
187 109
187 33
187 161
187 181
187 202
84 162
84 130
84 109
84 44
84 33
84 55
84 82
180 36
180 109
180 100
180 82
180 161
180 203
67 54
67 34
67 44
67 133
67 161
67 213
67 181
67 146
67 202
54 109
54 33
54 133
54 58
54 181
34 72
34 82
162 130
162 109
162 55
162 58
162 213
162 209
36 130
36 44
36 72
130 44
130 4
130 55
130 213
130 181
130 146
109 4
109 82
109 58
109 161
109 181
44 4
44 72
44 146
4 55
4 100
4 58
4 156
33 213
33 202
55 100
55 82
55 133
55 161
55 209
100 161
100 202
100 209
72 161
72 202
82 213
133 161
58 203
58 181
161 213
161 146
213 181
213 202
181 209
202 156
156 209
