*verties 200
72
162
174
34
182
198
126
136
196
17
177
98
129
1
69
83
138
97
84
217
183
95
156
204
210
164
42
37
145
171
192
85
117
44
180
79
82
170
152
26
78
99
128
13
46
216
115
131
18
193
121
202
188
67
168
213
158
96
25
146
7
137
194
104
94
140
169
153
114
214
88
160
47
11
105
142
75
16
122
127
150
70
9
5
22
149
100
81
190
181
21
207
200
49
124
133
103
55
15
60
184
33
166
66
155
80
92
65
35
77
58
109
116
3
125
197
27
132
218
206
167
86
45
208
209
71
191
111
110
54
90
141
176
4
189
64
52
10
43
63
147
12
50
148
219
102
154
41
31
175
215
123
108
62
106
151
93
178
118
186
173
36
135
179
203
199
29
134
76
6
87
172
205
91
23
143
212
159
61
74
119
0
89
130
38
24
39
161
157
53
51
107
101
2
185
32
68
139
56
14
*edges 
72 182
72 83
72 84
72 217
72 156
72 204
72 79
72 26
72 115
72 131
72 18
72 121
72 96
72 25
72 194
72 104
72 214
72 11
72 122
72 127
72 100
72 49
72 133
72 184
72 92
72 109
72 116
72 132
72 167
72 71
72 54
72 64
72 52
72 147
72 102
72 154
72 123
72 151
72 29
72 134
72 6
72 91
72 212
72 74
72 130
162 182
162 156
162 210
162 180
162 170
162 152
162 121
162 213
162 158
162 146
162 47
162 105
162 142
162 127
162 150
162 70
162 81
162 207
162 200
162 184
162 92
162 35
162 116
162 3
162 125
162 197
162 132
162 141
162 176
162 10
162 63
162 102
162 41
162 123
162 178
162 203
162 29
162 23
162 143
162 0
162 89
162 130
162 24
162 51
162 2
174 34
174 177
174 98
174 97
174 217
174 156
174 42
174 117
174 44
174 82
174 170
174 26
174 99
174 96
174 194
174 94
174 153
174 16
174 150
174 9
174 5
174 149
174 81
174 181
174 21
174 207
174 49
174 103
174 184
174 155
174 92
174 58
174 218
174 206
174 208
174 111
174 189
174 63
174 147
174 175
174 179
174 6
174 91
174 212
174 74
174 161
174 53
174 185
174 32
174 68
174 56
34 83
34 217
34 204
34 192
34 82
34 170
34 99
34 46
34 115
34 121
34 202
34 158
34 94
34 75
34 103
34 66
34 80
34 77
34 58
34 116
34 209
34 71
34 90
34 50
34 154
34 41
34 215
34 108
34 134
34 205
34 143
34 74
34 130
34 185
34 56
182 198
182 126
182 17
182 129
182 1
182 138
182 217
182 156
182 192
182 170
182 152
182 99
182 216
182 115
182 131
182 96
182 137
182 105
182 5
182 149
182 100
182 133
182 33
182 92
182 65
182 58
182 116
182 125
182 197
182 218
182 45
182 209
182 110
182 176
182 4
182 10
182 43
182 12
182 148
182 219
182 102
182 151
182 76
182 87
182 172
182 91
182 23
182 212
182 159
182 53
182 107
182 2
182 14
198 1
198 83
198 97
198 84
198 204
198 210
198 42
198 37
198 117
198 79
198 82
198 170
198 99
198 216
198 18
198 7
198 137
198 169
198 142
198 190
198 21
198 207
198 184
198 155
198 35
198 77
198 116
198 27
198 218
198 111
198 90
198 4
198 10
198 31
198 123
198 76
198 205
198 91
198 212
198 130
198 24
198 53
198 51
126 83
126 156
126 204
126 42
126 37
126 180
126 170
126 78
126 128
126 193
126 202
126 188
126 168
126 104
126 214
126 75
126 190
126 124
126 15
126 184
126 116
126 27
126 206
126 86
126 71
126 111
126 64
126 43
126 50
126 148
126 102
126 175
126 93
126 178
126 118
126 203
126 29
126 134
126 205
126 23
126 143
126 159
126 0
126 24
126 185
136 98
136 138
136 97
136 183
136 95
136 210
136 164
136 42
136 37
136 180
136 79
136 82
136 78
136 128
136 13
136 216
136 131
136 202
136 213
136 158
136 140
136 214
136 160
136 11
136 142
136 122
136 190
136 181
136 35
136 206
136 111
136 4
136 64
136 52
136 41
136 31
136 123
136 151
136 93
136 135
136 76
136 159
136 74
136 119
136 89
136 107
136 185
136 14
196 17
196 217
196 183
196 156
196 145
196 171
196 85
196 117
196 44
196 180
196 82
196 78
196 13
196 216
196 121
196 67
196 168
196 158
196 153
196 114
196 105
196 16
196 150
196 70
196 207
196 15
196 60
196 65
196 3
196 45
196 111
196 43
196 63
196 175
196 215
196 123
196 62
196 151
196 29
196 6
196 205
196 91
196 23
196 143
196 212
196 24
196 39
196 157
196 107
196 101
196 2
17 1
17 69
17 138
17 97
17 145
17 192
17 117
17 180
17 13
17 115
17 131
17 121
17 25
17 137
17 169
17 142
17 122
17 70
17 5
17 100
17 190
17 49
17 133
17 60
17 184
17 191
17 52
17 43
17 63
17 148
17 41
17 215
17 93
17 178
17 203
17 76
17 23
17 159
17 24
17 157
17 101
17 14
177 129
177 1
177 42
177 37
177 152
177 78
177 46
177 216
177 115
177 193
177 121
177 67
177 213
177 158
177 194
177 94
177 169
177 114
177 214
177 160
177 142
177 16
177 122
177 127
177 70
177 9
177 49
177 133
177 166
177 80
177 35
177 116
177 197
177 132
177 110
177 43
177 147
177 102
177 41
177 175
177 36
177 29
177 91
177 23
177 159
177 89
177 24
177 185
177 56
98 217
98 95
98 42
98 171
98 180
98 13
98 18
98 213
98 96
98 25
98 194
98 169
98 114
98 150
98 190
98 181
98 21
98 103
98 55
98 15
98 166
98 66
98 77
98 58
98 109
98 132
98 45
98 191
98 111
98 54
98 90
98 176
98 43
98 12
98 62
98 186
98 23
98 61
98 74
98 185
98 56
129 83
129 97
129 95
129 37
129 117
129 82
129 152
129 26
129 158
129 47
129 142
129 75
129 122
129 150
129 149
129 207
129 133
129 55
129 184
129 116
129 27
129 218
129 45
129 208
129 191
129 50
129 154
129 108
129 93
129 186
129 212
129 0
129 24
129 39
129 161
129 53
129 185
129 32
129 68
1 97
1 183
1 164
1 42
1 85
1 180
1 79
1 152
1 99
1 13
1 216
1 115
1 131
1 193
1 96
1 25
1 194
1 94
1 140
1 88
1 160
1 142
1 127
1 181
1 21
1 133
1 55
1 80
1 3
1 27
1 132
1 218
1 206
1 167
1 71
1 111
1 189
1 147
1 12
1 219
1 31
1 175
1 123
1 106
1 93
1 186
1 36
1 179
1 29
1 134
1 91
1 212
1 61
1 74
1 130
1 24
1 107
1 2
1 32
1 14
69 183
69 95
69 37
69 85
69 117
69 180
69 79
69 170
69 78
69 216
69 202
69 213
69 7
69 169
69 127
69 150
69 70
69 9
69 149
69 81
69 21
69 15
69 60
69 33
69 65
69 116
69 209
69 110
69 189
69 64
69 147
69 50
69 151
69 93
69 118
69 173
69 135
69 29
69 87
69 172
69 119
69 161
69 107
83 183
83 210
83 192
83 44
83 180
83 79
83 13
83 115
83 193
83 188
83 137
83 104
83 153
83 47
83 75
83 200
83 49
83 80
83 65
83 77
83 58
83 109
83 3
83 125
83 208
83 191
83 102
83 154
83 175
83 215
83 93
83 178
83 118
83 173
83 36
83 199
83 6
83 87
83 23
83 159
83 51
83 185
83 139
138 183
138 156
138 171
138 128
138 121
138 202
138 25
138 7
138 137
138 140
138 114
138 142
138 127
138 5
138 81
138 181
138 207
138 49
138 55
138 60
138 66
138 65
138 35
138 58
138 218
138 206
138 86
138 71
138 90
138 141
138 4
138 50
138 175
138 178
138 6
138 91
138 159
138 89
138 38
138 161
138 157
138 51
138 107
97 217
97 95
97 164
97 79
97 82
97 78
97 99
97 115
97 131
97 67
97 214
97 88
97 160
97 142
97 127
97 22
97 81
97 190
97 181
97 49
97 15
97 184
97 33
97 166
97 77
97 116
97 209
97 54
97 176
97 219
97 31
97 175
97 123
97 62
97 36
97 179
97 29
97 91
97 23
97 143
97 61
97 119
97 53
97 107
97 101
97 185
97 56
84 217
84 210
84 192
84 85
84 180
84 82
84 170
84 128
84 13
84 115
84 131
84 213
84 104
84 169
84 88
84 47
84 142
84 127
84 21
84 184
84 66
84 155
84 80
84 92
84 58
84 27
84 45
84 209
84 71
84 189
84 52
84 10
84 12
84 50
84 31
84 108
84 118
84 173
84 199
84 91
84 159
84 74
84 130
84 38
84 101
84 2
84 185
84 32
217 183
217 204
217 37
217 171
217 192
217 117
217 79
217 170
217 193
217 188
217 213
217 140
217 47
217 181
217 133
217 184
217 166
217 80
217 35
217 58
217 109
217 125
217 197
217 27
217 208
217 43
217 50
217 106
217 186
217 135
217 179
217 6
217 205
217 89
217 39
217 161
217 157
217 51
217 107
217 2
217 185
183 156
183 210
183 180
183 82
183 99
183 18
183 188
183 213
183 158
183 7
183 160
183 105
183 127
183 150
183 149
183 81
183 190
183 124
183 133
183 77
183 58
183 109
183 3
183 132
183 167
183 86
183 45
183 71
183 90
183 4
183 219
183 108
183 93
183 118
183 23
183 212
183 0
183 53
183 107
183 101
183 185
183 68
95 42
95 37
95 145
95 121
95 213
95 158
95 96
95 137
95 140
95 153
95 70
95 5
95 100
95 133
95 55
95 155
95 80
95 92
95 109
95 116
95 125
95 208
95 191
95 111
95 43
95 154
95 31
95 186
95 173
95 199
95 29
95 76
95 205
95 89
95 38
95 161
95 53
95 139
156 204
156 85
156 26
156 128
156 13
156 46
156 115
156 213
156 96
156 169
156 114
156 214
156 160
156 11
156 70
156 5
156 149
156 21
156 200
156 124
156 133
156 55
156 166
156 77
156 116
156 86
156 208
156 90
156 43
156 50
156 219
156 102
156 175
156 123
156 62
156 29
156 6
156 87
156 172
156 23
156 159
156 74
156 157
156 185
204 42
204 37
204 171
204 85
204 117
204 18
204 153
204 88
204 142
204 122
204 22
204 149
204 100
204 81
204 181
204 133
204 15
204 66
204 92
204 58
204 109
204 167
204 209
204 111
204 54
204 141
204 64
204 12
204 175
204 215
204 123
204 108
204 36
204 29
204 134
204 205
204 89
204 39
204 101
204 2
204 185
210 37
210 85
210 44
210 79
210 170
210 13
210 202
210 67
210 213
210 137
210 104
210 140
210 214
210 160
210 16
210 150
210 9
210 5
210 49
210 55
210 60
210 184
210 33
210 66
210 65
210 3
210 191
210 54
210 141
210 176
210 52
210 148
210 62
210 143
210 212
210 159
210 61
210 74
210 130
210 38
210 24
210 161
210 101
210 2
164 42
164 192
164 180
164 82
164 99
164 128
164 121
164 188
164 140
164 114
164 11
164 127
164 150
164 9
164 100
164 190
164 200
164 133
164 55
164 35
164 77
164 218
164 45
164 209
164 191
164 110
164 4
164 52
164 12
164 151
164 118
164 173
164 36
164 199
164 76
164 6
164 172
164 205
164 23
164 61
164 89
164 51
164 101
164 2
164 185
164 139
164 14
42 37
42 44
42 82
42 99
42 13
42 46
42 115
42 168
42 7
42 160
42 127
42 100
42 81
42 190
42 181
42 155
42 92
42 116
42 125
42 86
42 90
42 219
42 154
42 31
42 175
42 93
42 118
42 134
42 76
42 172
42 61
42 74
42 38
42 24
42 53
42 107
42 2
42 32
42 68
37 85
37 82
37 152
37 46
37 131
37 194
37 114
37 160
37 47
37 75
37 22
37 149
37 103
37 60
37 33
37 77
37 3
37 110
37 141
37 147
37 148
37 151
37 135
37 134
37 6
37 0
37 89
37 68
37 139
37 14
145 85
145 180
145 82
145 128
145 46
145 202
145 137
145 194
145 94
145 153
145 16
145 9
145 124
145 60
145 3
145 110
145 52
145 63
145 50
145 148
145 215
145 62
145 106
145 135
145 205
145 23
145 143
145 159
145 74
145 130
145 24
145 53
145 107
145 185
145 32
171 85
171 170
171 99
171 128
171 13
171 46
171 131
171 193
171 188
171 168
171 96
171 153
171 114
171 11
171 105
171 22
171 181
171 21
171 207
171 49
171 60
171 184
171 33
171 167
171 71
171 191
171 176
171 4
171 64
171 12
171 148
171 219
171 154
171 123
171 151
171 178
171 118
171 186
171 203
171 6
171 172
171 212
171 74
171 89
171 24
171 56
192 85
192 180
192 128
192 13
192 121
192 202
192 67
192 146
192 94
192 114
192 214
192 16
192 122
192 127
192 150
192 9
192 100
192 124
192 55
192 15
192 33
192 80
192 58
192 197
192 218
192 209
192 191
192 4
192 64
192 50
192 219
192 154
192 108
192 173
192 36
192 179
192 199
192 76
192 212
192 0
192 139
85 117
85 78
85 13
85 46
85 18
85 193
85 121
85 146
85 194
85 140
85 169
85 214
85 105
85 122
85 127
85 70
85 22
85 149
85 190
85 200
85 15
85 65
85 77
85 109
85 218
85 208
85 191
85 189
85 64
85 52
85 43
85 63
85 148
85 41
85 108
85 62
85 93
85 173
85 135
85 199
85 29
85 205
85 91
85 143
85 130
85 24
85 39
85 185
117 82
117 128
117 46
117 216
117 158
117 25
117 114
117 214
117 160
117 142
117 75
117 127
117 190
117 21
117 207
117 200
117 124
117 166
117 92
117 65
117 109
117 116
117 111
117 141
117 43
117 148
117 154
117 135
117 179
117 6
117 143
117 61
117 119
117 0
117 39
117 161
117 157
117 51
117 185
117 14
44 78
44 13
44 216
44 115
44 67
44 88
44 11
44 105
44 142
44 70
44 22
44 149
44 100
44 81
44 190
44 60
44 80
44 65
44 35
44 3
44 132
44 45
44 209
44 111
44 176
44 4
44 189
44 43
44 154
44 41
44 123
44 62
44 93
44 173
44 179
44 203
44 29
44 143
44 212
44 159
44 61
44 39
44 157
44 51
44 107
44 68
44 139
44 56
180 152
180 99
180 131
180 193
180 121
180 188
180 158
180 7
180 104
180 169
180 153
180 214
180 160
180 150
180 5
180 22
180 100
180 207
180 49
180 15
180 184
180 92
180 132
180 218
180 191
180 111
180 64
180 63
180 12
180 148
180 219
180 175
180 215
180 106
180 199
180 134
180 76
180 23
180 74
180 2
180 68
180 14
79 82
79 152
79 78
79 13
79 121
79 67
79 168
79 25
79 137
79 169
79 122
79 190
79 181
79 21
79 133
79 55
79 66
79 155
79 218
79 206
79 167
79 71
79 111
79 110
79 90
79 176
79 147
79 102
79 123
79 62
79 106
79 151
79 178
79 173
79 179
79 6
79 87
79 212
79 130
79 161
79 101
79 185
79 68
82 115
82 121
82 168
82 213
82 25
82 146
82 47
82 105
82 100
82 124
82 133
82 55
82 60
82 166
82 58
82 197
82 191
82 10
82 148
82 41
82 108
82 62
82 87
82 61
82 74
82 119
82 2
82 56
82 14
170 78
170 99
170 128
170 13
170 213
170 140
170 11
170 142
170 127
170 81
170 200
170 133
170 60
170 33
170 65
170 109
170 3
170 197
170 218
170 45
170 71
170 191
170 54
170 4
170 63
170 147
170 154
170 123
170 93
170 118
170 135
170 179
170 6
170 107
170 185
170 14
152 99
152 193
152 188
152 213
152 94
152 140
152 214
152 150
152 100
152 124
152 103
152 60
152 33
152 80
152 92
152 208
152 141
152 10
152 41
152 108
152 106
152 178
152 199
152 29
152 143
152 61
152 74
152 119
152 0
152 89
152 53
152 32
26 128
26 188
26 25
26 146
26 137
26 140
26 114
26 214
26 88
26 105
26 122
26 149
26 100
26 190
26 124
26 55
26 33
26 80
26 77
26 58
26 109
26 116
26 3
26 27
26 218
26 167
26 86
26 208
26 111
26 189
26 64
26 52
26 12
26 41
26 175
26 215
26 108
26 62
26 106
26 151
26 203
26 199
26 76
26 212
26 159
26 130
78 99
78 115
78 121
78 67
78 158
78 104
78 153
78 114
78 150
78 70
78 81
78 55
78 80
78 116
78 125
78 27
78 132
78 71
78 110
78 90
78 4
78 63
78 148
78 102
78 41
78 31
78 173
78 199
78 205
78 61
78 51
78 185
78 32
78 56
78 14
99 121
99 188
99 137
99 114
99 11
99 9
99 22
99 21
99 133
99 60
99 155
99 92
99 35
99 141
99 176
99 189
99 102
99 31
99 36
99 135
99 179
99 172
99 23
99 143
99 212
99 74
99 39
99 53
99 101
99 68
99 56
128 13
128 131
128 193
128 121
128 67
128 146
128 75
128 181
128 133
128 55
128 166
128 92
128 65
128 58
128 109
128 197
128 218
128 167
128 110
128 54
128 41
128 175
128 215
128 123
128 36
128 203
128 76
128 23
128 212
128 61
128 161
128 157
128 68
128 56
128 14
13 46
13 18
13 121
13 67
13 146
13 140
13 214
13 75
13 9
13 22
13 149
13 49
13 166
13 155
13 92
13 125
13 197
13 206
13 45
13 208
13 209
13 64
13 10
13 63
13 147
13 102
13 41
13 31
13 123
13 6
13 212
13 74
13 38
13 24
13 39
13 51
13 14
46 202
46 188
46 168
46 137
46 194
46 153
46 114
46 88
46 16
46 100
46 21
46 55
46 60
46 155
46 35
46 58
46 109
46 197
46 218
46 167
46 86
46 208
46 54
46 141
46 41
46 175
46 186
46 179
46 76
46 172
46 23
46 212
46 119
46 38
46 24
46 161
46 185
46 14
216 18
216 193
216 67
216 213
216 25
216 104
216 88
216 142
216 150
216 5
216 207
216 15
216 35
216 27
216 132
216 167
216 86
216 208
216 209
216 90
216 63
216 147
216 106
216 178
216 173
216 135
216 203
216 76
216 6
216 91
216 143
216 39
216 157
216 51
216 107
216 68
216 14
115 193
115 202
115 25
115 146
115 47
115 122
115 70
115 207
115 200
115 55
115 60
115 33
115 155
115 92
115 3
115 197
115 218
115 86
115 45
115 189
115 64
115 10
115 147
115 12
115 50
115 102
115 175
115 215
115 106
115 143
115 212
115 74
115 157
115 56
131 67
131 168
131 213
131 7
131 94
131 140
131 169
131 153
131 214
131 88
131 142
131 5
131 81
131 55
131 184
131 92
131 132
131 191
131 111
131 4
131 43
131 63
131 219
131 102
131 154
131 93
131 186
131 199
131 76
131 6
131 87
131 205
131 61
131 24
131 157
131 53
131 107
18 168
18 213
18 158
18 169
18 214
18 88
18 105
18 142
18 16
18 150
18 184
18 155
18 80
18 65
18 71
18 176
18 52
18 102
18 123
18 108
18 93
18 178
18 36
18 179
18 199
18 29
18 74
18 0
18 89
18 38
18 157
193 202
193 188
193 96
193 137
193 169
193 114
193 214
193 160
193 105
193 22
193 207
193 200
193 49
193 103
193 184
193 166
193 80
193 65
193 77
193 58
193 218
193 167
193 64
193 12
193 175
193 215
193 178
193 173
193 36
193 61
193 74
193 119
193 39
193 161
193 53
193 56
121 188
121 67
121 194
121 140
121 153
121 127
121 22
121 149
121 100
121 81
121 21
121 124
121 33
121 80
121 58
121 132
121 208
121 71
121 54
121 90
121 189
121 64
121 43
121 63
121 102
121 106
121 151
121 93
121 36
121 203
121 29
121 91
121 23
121 119
121 89
121 38
121 157
121 107
121 32
121 68
202 188
202 137
202 194
202 140
202 153
202 114
202 11
202 142
202 122
202 9
202 22
202 100
202 190
202 207
202 49
202 55
202 15
202 184
202 166
202 66
202 80
202 65
202 77
202 109
202 3
202 132
202 45
202 110
202 52
202 148
202 102
202 215
202 151
202 93
202 118
202 135
202 179
202 134
202 61
202 68
188 213
188 146
188 137
188 194
188 169
188 214
188 88
188 122
188 150
188 100
188 81
188 190
188 15
188 66
188 109
188 3
188 197
188 191
188 111
188 189
188 52
188 10
188 102
188 154
188 123
188 134
188 205
188 119
188 89
188 107
188 32
188 139
188 56
188 14
67 7
67 194
67 214
67 142
67 16
67 22
67 100
67 207
67 184
67 33
67 155
67 197
67 27
67 218
67 45
67 209
67 189
67 43
67 63
67 219
67 102
67 154
67 215
67 151
67 93
67 118
67 179
67 172
67 130
67 38
67 24
67 101
168 213
168 137
168 104
168 94
168 105
168 16
168 181
168 49
168 124
168 60
168 184
168 166
168 66
168 155
168 80
168 92
168 65
168 77
168 116
168 3
168 197
168 132
168 167
168 208
168 111
168 141
168 176
168 147
168 148
168 31
168 215
168 108
168 118
168 135
168 91
168 212
168 159
168 61
168 161
168 51
168 68
213 158
213 96
213 25
213 194
213 104
213 140
213 214
213 88
213 16
213 150
213 70
213 207
213 15
213 35
213 77
213 197
213 45
213 209
213 110
213 90
213 189
213 43
213 50
213 219
213 102
213 41
213 215
213 123
213 62
213 178
213 118
213 186
213 36
213 29
213 91
213 130
213 39
213 161
213 107
213 14
158 146
158 94
158 75
158 149
158 49
158 124
158 55
158 166
158 92
158 58
158 116
158 125
158 71
158 176
158 4
158 219
158 31
158 93
158 199
158 29
158 6
158 87
158 172
158 205
158 23
158 89
158 51
158 139
96 25
96 47
96 105
96 16
96 70
96 100
96 181
96 15
96 33
96 66
96 116
96 218
96 110
96 54
96 176
96 10
96 43
96 147
96 12
96 50
96 154
96 31
96 175
96 123
96 151
96 118
96 135
96 6
96 91
96 23
96 74
96 39
96 161
96 157
96 185
96 68
96 139
96 56
25 7
25 88
25 142
25 70
25 100
25 190
25 207
25 200
25 124
25 133
25 15
25 184
25 166
25 65
25 77
25 58
25 3
25 125
25 218
25 191
25 176
25 64
25 10
25 63
25 147
25 93
25 186
25 203
25 29
25 76
25 6
25 172
25 91
25 143
25 53
25 101
25 2
25 185
25 68
25 56
146 7
146 160
146 105
146 75
146 122
146 150
146 70
146 22
146 81
146 133
146 33
146 155
146 80
146 3
146 125
146 27
146 132
146 206
146 71
146 110
146 189
146 10
146 63
146 219
146 31
146 215
146 151
146 186
146 203
146 134
146 143
146 212
146 89
146 32
7 94
7 169
7 88
7 47
7 127
7 9
7 22
7 149
7 55
7 33
7 155
7 80
7 77
7 206
7 54
7 189
7 43
7 63
7 12
7 106
7 151
7 93
7 178
7 6
7 212
7 24
7 161
7 157
7 51
7 107
7 2
137 104
137 94
137 153
137 114
137 160
137 47
137 11
137 21
137 49
137 133
137 55
137 35
137 116
137 3
137 197
137 27
137 218
137 45
137 191
137 111
137 90
137 12
137 31
137 175
137 91
137 39
137 107
137 101
194 140
194 11
194 16
194 127
194 70
194 81
194 190
194 181
194 200
194 55
194 155
194 80
194 65
194 77
194 109
194 116
194 45
194 141
194 63
194 108
194 93
194 36
194 179
194 203
194 199
194 76
194 87
194 91
194 212
194 159
194 61
194 130
104 100
104 200
104 133
104 103
104 77
104 116
104 218
104 54
104 41
104 173
104 135
104 6
104 172
104 23
104 24
104 39
104 101
104 32
104 56
94 140
94 11
94 122
94 81
94 49
94 133
94 15
94 66
94 80
94 116
94 45
94 110
94 54
94 176
94 189
94 52
94 63
94 147
94 219
94 134
94 76
94 87
94 205
94 23
94 212
94 157
94 51
94 101
94 14
140 153
140 88
140 47
140 11
140 142
140 75
140 127
140 5
140 149
140 100
140 181
140 66
140 77
140 3
140 125
140 27
140 206
140 86
140 111
140 110
140 54
140 141
140 10
140 147
140 50
140 31
140 215
140 62
140 151
140 36
140 179
140 134
140 76
140 172
140 91
140 51
140 101
140 185
169 214
169 160
169 22
169 181
169 21
169 200
169 15
169 60
169 80
169 35
169 77
169 58
169 109
169 197
169 27
169 218
169 45
169 71
169 191
169 4
169 52
169 43
169 12
169 148
169 219
169 102
169 175
169 93
169 178
169 186
169 87
169 91
169 212
169 159
169 74
169 119
169 24
169 53
169 2
169 139
153 160
153 127
153 9
153 5
153 149
153 100
153 133
153 55
153 33
153 166
153 66
153 80
153 77
153 218
153 167
153 86
153 45
153 141
153 50
153 219
153 41
153 175
153 62
153 106
153 173
153 135
153 143
153 74
153 0
153 39
153 53
114 150
114 70
114 9
114 22
114 200
114 60
114 184
114 166
114 92
114 35
114 58
114 109
114 197
114 27
114 208
114 111
114 176
114 4
114 31
114 108
114 62
114 93
114 36
114 135
114 134
114 23
114 212
114 159
114 61
114 89
114 130
114 24
114 53
114 107
114 101
114 68
114 14
214 122
214 70
214 22
214 190
214 200
214 124
214 133
214 15
214 92
214 65
214 35
214 109
214 125
214 132
214 45
214 208
214 209
214 71
214 189
214 147
214 219
214 41
214 151
214 93
214 186
214 179
214 134
214 87
214 61
214 74
214 130
214 51
214 68
214 56
214 14
88 142
88 75
88 100
88 190
88 181
88 92
88 77
88 109
88 3
88 125
88 27
88 167
88 86
88 45
88 209
88 110
88 141
88 189
88 64
88 63
88 154
88 31
88 175
88 108
88 118
88 36
88 179
88 6
88 38
88 161
88 157
88 51
160 47
160 105
160 127
160 5
160 190
160 55
160 166
160 66
160 80
160 116
160 125
160 86
160 90
160 63
160 147
160 12
160 148
160 154
160 36
160 76
160 6
160 212
160 89
160 130
160 185
160 32
160 139
47 122
47 127
47 200
47 49
47 60
47 155
47 109
47 125
47 132
47 206
47 71
47 191
47 52
47 43
47 63
47 12
47 175
47 123
47 151
47 93
47 178
47 134
47 205
47 212
47 159
47 130
47 39
47 107
47 185
47 68
47 14
11 105
11 122
11 207
11 200
11 133
11 103
11 33
11 166
11 77
11 116
11 3
11 197
11 167
11 86
11 111
11 54
11 90
11 4
11 189
11 10
11 43
11 50
11 148
11 102
11 123
11 108
11 178
11 118
11 135
11 203
11 6
11 23
11 61
11 74
11 119
11 0
11 89
11 161
11 107
11 101
105 142
105 122
105 9
105 100
105 190
105 55
105 155
105 3
105 132
105 71
105 141
105 52
105 147
105 12
105 31
105 108
105 36
105 135
105 199
105 29
105 76
105 205
105 130
105 39
105 161
105 53
105 32
105 68
105 56
142 75
142 150
142 9
142 190
142 181
142 133
142 166
142 80
142 58
142 116
142 132
142 218
142 208
142 63
142 147
142 31
142 123
142 62
142 93
142 173
142 29
142 91
142 74
142 130
142 51
142 2
142 185
142 56
75 127
75 22
75 184
75 33
75 166
75 197
75 132
75 86
75 209
75 191
75 54
75 64
75 43
75 12
75 148
75 31
75 175
75 106
75 118
75 135
75 199
75 87
75 205
75 23
75 212
75 74
75 119
75 161
75 53
75 51
75 68
16 70
16 9
16 22
16 81
16 55
16 155
16 65
16 116
16 141
16 176
16 50
16 154
16 108
16 178
16 186
16 135
16 76
16 6
16 172
16 143
16 130
16 24
16 161
16 53
16 2
122 9
122 15
122 60
122 166
122 155
122 80
122 92
122 65
122 77
122 125
122 218
122 86
122 208
122 191
122 64
122 63
122 50
122 148
122 219
122 154
122 186
122 179
122 29
122 6
122 172
122 205
122 74
122 119
122 130
122 53
127 150
127 9
127 22
127 21
127 80
127 77
127 109
127 116
127 197
127 167
127 110
127 64
127 148
127 108
127 62
127 151
127 93
127 173
127 36
127 135
127 76
127 87
127 172
127 205
127 159
127 119
127 24
127 39
127 157
127 107
127 139
150 22
150 81
150 49
150 166
150 116
150 27
150 132
150 167
150 111
150 90
150 52
150 147
150 148
150 102
150 215
150 93
150 186
150 36
150 29
150 134
150 91
150 23
150 119
150 39
150 185
150 56
70 22
70 149
70 100
70 190
70 124
70 103
70 92
70 58
70 27
70 167
70 208
70 71
70 54
70 90
70 50
70 148
70 102
70 31
70 215
70 151
70 118
70 203
70 6
70 172
70 91
70 212
70 61
70 119
70 24
70 53
70 2
9 149
9 21
9 49
9 124
9 103
9 15
9 184
9 33
9 166
9 155
9 77
9 116
9 125
9 197
9 132
9 208
9 141
9 52
9 148
9 219
9 102
9 123
9 108
9 178
9 118
9 135
9 179
9 29
9 87
9 205
9 143
9 74
9 0
9 157
9 32
5 22
5 100
5 21
5 207
5 200
5 60
5 33
5 80
5 109
5 116
5 197
5 27
5 191
5 90
5 189
5 52
5 63
5 102
5 108
5 62
5 135
5 203
5 6
5 172
5 143
5 212
5 0
5 130
5 24
5 161
5 101
5 2
5 56
22 149
22 100
22 81
22 181
22 21
22 49
22 103
22 3
22 125
22 218
22 167
22 45
22 209
22 111
22 110
22 176
22 4
22 52
22 43
22 31
22 175
22 108
22 134
22 76
22 6
22 205
22 130
22 39
22 51
22 107
22 185
22 56
149 207
149 49
149 133
149 80
149 27
149 132
149 218
149 167
149 86
149 45
149 141
149 176
149 4
149 52
149 63
149 102
149 31
149 175
149 118
149 179
149 199
149 134
149 205
149 212
149 61
149 89
149 39
149 53
149 2
149 185
149 68
100 21
100 124
100 60
100 184
100 33
100 80
100 92
100 58
100 116
100 218
100 167
100 86
100 110
100 54
100 141
100 176
100 63
100 50
100 106
100 93
100 173
100 29
100 76
100 91
100 212
100 159
100 119
100 24
100 68
100 139
81 181
81 133
81 55
81 60
81 35
81 125
81 27
81 218
81 86
81 191
81 110
81 176
81 147
81 50
81 148
81 31
81 108
81 151
81 178
81 186
81 36
81 179
81 172
81 205
81 91
81 212
81 159
81 119
81 24
81 157
190 207
190 55
190 15
190 60
190 80
190 65
190 77
190 58
190 3
190 27
190 132
190 208
190 102
190 41
190 123
190 108
190 106
190 178
190 186
190 179
190 172
190 91
190 23
190 143
190 74
190 101
190 2
190 14
181 103
181 60
181 33
181 155
181 111
181 90
181 64
181 219
181 106
181 151
181 76
181 172
181 119
181 161
21 49
21 124
21 15
21 184
21 166
21 80
21 92
21 27
21 132
21 206
21 71
21 191
21 111
21 110
21 54
21 4
21 189
21 10
21 148
21 219
21 175
21 215
21 178
21 173
21 36
21 179
21 203
21 199
21 76
21 6
21 212
21 89
21 130
21 107
21 101
21 185
21 56
207 49
207 15
207 155
207 58
207 197
207 132
207 218
207 86
207 111
207 110
207 90
207 189
207 50
207 31
207 215
207 123
207 106
207 118
207 205
207 143
207 212
207 159
207 39
207 101
207 2
207 68
207 14
200 49
200 80
200 125
200 197
200 27
200 208
200 71
200 111
200 110
200 90
200 4
200 189
200 52
200 12
200 148
200 41
200 31
200 175
200 215
200 108
200 135
200 29
200 6
200 74
200 119
200 89
200 24
200 39
200 161
200 53
200 107
200 2
200 56
200 14
49 124
49 55
49 33
49 66
49 155
49 116
49 45
49 209
49 110
49 4
49 52
49 43
49 12
49 50
49 148
49 102
49 123
49 151
49 118
49 36
49 134
49 172
49 91
49 212
49 61
49 74
49 157
49 185
49 68
49 139
124 55
124 66
124 80
124 35
124 58
124 3
124 125
124 27
124 206
124 167
124 191
124 110
124 54
124 90
124 4
124 50
124 102
124 154
124 135
124 29
124 134
124 76
124 74
124 0
124 130
124 39
124 157
124 53
133 33
133 166
133 92
133 77
133 116
133 125
133 197
133 167
133 54
133 176
133 63
133 50
133 148
133 62
133 151
133 178
133 134
133 76
133 87
133 143
133 74
133 119
133 130
133 157
133 101
133 68
133 139
133 56
103 66
103 92
103 65
103 116
103 218
103 45
103 111
103 64
103 52
103 154
103 41
103 215
103 108
103 106
103 178
103 118
103 186
103 134
103 6
103 24
103 107
55 60
55 66
55 3
55 125
55 167
55 209
55 54
55 4
55 52
55 102
55 154
55 108
55 151
55 203
55 199
55 29
55 23
55 143
55 130
55 24
55 53
55 107
55 2
55 139
15 92
15 58
15 27
15 54
15 141
15 189
15 63
15 12
15 148
15 31
15 175
15 108
15 62
15 106
15 135
15 179
15 91
15 61
15 130
15 38
15 24
15 53
15 139
15 14
60 184
60 125
60 197
60 218
60 206
60 86
60 111
60 63
60 147
60 148
60 219
60 154
60 41
60 31
60 123
60 62
60 151
60 93
60 178
60 118
60 135
60 179
60 6
60 212
60 159
60 24
60 157
60 185
60 68
184 33
184 155
184 80
184 65
184 116
184 71
184 191
184 111
184 141
184 4
184 43
184 63
184 175
184 123
184 118
184 186
184 203
184 199
184 6
184 172
184 23
184 143
184 212
184 0
184 89
184 185
33 27
33 218
33 206
33 167
33 208
33 111
33 176
33 50
33 148
33 219
33 41
33 31
33 108
33 62
33 173
33 179
33 29
33 76
33 6
33 205
33 0
33 130
33 139
33 14
166 80
166 65
166 35
166 27
166 86
166 209
166 141
166 4
166 43
166 147
166 154
166 123
166 62
166 178
166 173
166 203
166 134
166 23
166 212
166 119
166 89
166 107
166 2
66 35
66 109
66 116
66 132
66 167
66 86
66 71
66 54
66 148
66 219
66 154
66 93
66 118
66 173
66 203
66 29
66 87
66 61
66 74
66 38
66 24
66 39
66 157
66 53
66 101
155 65
155 86
155 45
155 191
155 54
155 90
155 4
155 10
155 147
155 102
155 31
155 215
155 123
155 178
155 179
155 203
155 172
155 91
155 212
155 159
155 119
155 130
155 24
155 39
155 161
155 2
155 139
80 65
80 116
80 27
80 208
80 54
80 141
80 189
80 10
80 108
80 62
80 151
80 178
80 186
80 199
80 29
80 91
80 0
80 130
80 68
92 77
92 116
92 191
92 111
92 4
92 189
92 52
92 147
92 219
92 102
92 31
92 123
92 173
92 76
92 87
92 172
92 212
92 89
92 56
65 35
65 58
65 132
65 167
65 45
65 208
65 209
65 191
65 111
65 90
65 141
65 176
65 64
65 12
65 123
65 108
65 106
65 36
65 135
65 199
65 29
65 134
65 172
65 159
65 51
65 101
65 2
65 68
65 14
35 58
35 27
35 132
35 218
35 191
35 110
35 54
35 141
35 43
35 63
35 151
35 173
35 179
35 203
35 87
35 101
77 109
77 27
77 45
77 209
77 111
77 54
77 141
77 63
77 12
77 219
77 102
77 31
77 106
77 173
77 36
77 134
77 205
77 91
77 74
77 119
77 89
77 130
77 24
77 39
77 51
77 101
77 68
58 197
58 208
58 71
58 141
58 52
58 63
58 31
58 186
58 135
58 203
58 23
58 143
58 212
58 68
58 56
109 3
109 197
109 132
109 167
109 45
109 111
109 189
109 64
109 52
109 63
109 148
109 102
109 175
109 118
109 36
109 29
109 6
109 87
109 205
109 91
109 212
109 56
116 27
116 218
116 86
116 141
116 147
116 62
116 106
116 179
116 203
116 172
116 61
116 119
116 89
116 38
116 107
116 101
116 32
3 71
3 176
3 52
3 63
3 102
3 175
3 123
3 106
3 151
3 93
3 118
3 29
3 159
3 119
3 39
3 161
3 2
3 68
3 139
3 56
125 27
125 132
125 218
125 206
125 86
125 209
125 141
125 64
125 50
125 123
125 178
125 36
125 179
125 203
125 23
125 143
125 159
125 61
125 119
125 89
125 39
125 161
125 157
125 2
125 185
125 139
197 86
197 111
197 90
197 176
197 4
197 148
197 175
197 106
197 173
197 36
197 135
197 179
197 29
197 91
197 157
197 107
197 139
197 14
27 191
27 111
27 54
27 141
27 43
27 102
27 154
27 31
27 175
27 123
27 173
27 29
27 134
27 6
27 205
27 23
27 119
27 38
27 161
27 32
132 206
132 167
132 208
132 10
132 148
132 154
132 31
132 151
132 135
132 203
132 29
132 76
132 87
132 172
132 61
132 0
132 89
132 130
132 38
132 53
132 56
132 14
218 206
218 208
218 209
218 71
218 54
218 52
218 63
218 102
218 154
218 62
218 151
218 93
218 186
218 6
218 87
218 205
218 91
218 143
218 61
218 74
218 0
218 89
218 161
218 53
218 51
218 107
206 209
206 189
206 64
206 147
206 12
206 50
206 154
206 123
206 108
206 199
206 134
206 91
206 74
206 38
206 39
206 157
167 45
167 111
167 90
167 141
167 4
167 52
167 147
167 123
167 186
167 173
167 135
167 203
167 29
167 134
167 159
167 161
167 101
167 185
167 32
167 14
86 54
86 90
86 4
86 63
86 12
86 215
86 108
86 62
86 93
86 173
86 76
86 91
86 159
86 74
86 119
86 130
86 24
86 161
86 185
45 191
45 111
45 110
45 10
45 102
45 215
45 123
45 178
45 186
45 203
45 199
45 87
45 143
45 61
45 0
45 53
45 107
45 2
45 56
208 111
208 12
208 175
208 123
208 62
208 118
208 186
208 203
208 61
208 51
208 185
208 56
209 4
209 52
209 43
209 63
209 147
209 148
209 219
209 41
209 173
209 119
209 89
209 51
209 107
209 2
209 68
209 139
209 14
71 111
71 54
71 64
71 10
71 43
71 12
71 219
71 154
71 41
71 175
71 215
71 62
71 186
71 173
71 135
71 76
71 6
71 87
71 212
71 74
71 130
71 39
71 32
71 56
71 14
191 110
191 41
191 123
191 135
191 199
191 134
191 6
191 143
191 61
191 161
191 139
191 14
111 147
111 12
111 108
111 151
111 135
111 199
111 29
111 87
111 0
111 89
111 24
111 161
111 53
111 2
111 68
111 139
110 54
110 141
110 10
110 62
110 178
110 118
110 135
110 29
110 76
110 87
110 172
110 23
110 159
110 38
110 107
110 101
110 2
54 52
54 12
54 154
54 31
54 215
54 123
54 62
54 93
54 118
54 173
54 61
54 0
54 130
54 24
54 39
54 157
54 53
54 2
54 185
54 32
54 68
90 52
90 10
90 31
90 175
90 215
90 123
90 62
90 151
90 135
90 203
90 76
90 143
90 212
90 61
90 74
90 0
90 107
90 2
90 68
90 56
90 14
141 176
141 189
141 52
141 43
141 147
141 102
141 175
141 108
141 62
141 135
141 29
141 212
141 24
141 107
141 139
176 43
176 219
176 154
176 41
176 123
176 62
176 93
176 36
176 179
176 29
176 172
176 61
176 74
176 51
176 185
176 32
176 139
176 14
4 52
4 147
4 148
4 154
4 41
4 31
4 108
4 36
4 159
4 24
4 39
4 161
4 2
4 68
189 10
189 50
189 154
189 31
189 175
189 108
189 62
189 151
189 178
189 173
189 179
189 199
189 134
189 76
189 205
189 23
189 212
189 159
189 61
189 0
189 24
189 107
189 32
189 14
64 154
64 41
64 215
64 108
64 151
64 178
64 186
64 36
64 179
64 91
64 24
64 51
64 56
52 10
52 63
52 50
52 219
52 102
52 41
52 108
52 106
52 151
52 118
52 179
52 205
52 212
52 61
52 130
52 24
52 51
10 147
10 12
10 102
10 118
10 134
10 159
10 61
10 161
10 157
10 51
10 107
10 2
10 32
10 14
43 63
43 148
43 219
43 173
43 199
43 91
43 61
43 39
43 161
43 53
43 2
43 185
43 56
63 147
63 12
63 50
63 148
63 154
63 41
63 118
63 36
63 199
63 134
63 76
63 172
63 143
63 119
63 0
63 39
63 157
63 51
63 2
63 32
147 151
147 203
147 87
147 159
147 0
147 89
147 24
12 50
12 41
12 175
12 123
12 106
12 143
12 212
12 89
12 24
12 51
12 185
50 148
50 41
50 31
50 175
50 106
50 179
50 203
50 205
50 143
50 0
50 24
50 2
50 139
148 154
148 41
148 108
148 135
148 76
148 87
148 23
148 61
148 89
148 24
148 53
148 68
148 56
148 14
219 41
219 215
219 108
219 106
219 118
219 173
219 29
219 87
219 205
219 74
219 130
219 24
219 157
219 53
219 68
219 139
219 56
219 14
102 41
102 215
102 106
102 36
102 135
102 199
102 29
102 76
102 172
102 143
102 61
102 89
102 139
154 41
154 175
154 215
154 108
154 62
154 135
154 203
154 199
154 29
154 134
154 87
154 205
154 23
154 38
154 24
154 157
154 107
154 101
154 185
154 56
41 31
41 108
41 118
41 134
41 6
41 89
41 130
41 2
41 14
31 199
31 76
31 87
31 212
31 61
31 130
31 53
175 108
175 62
175 199
175 29
175 172
175 23
175 119
175 38
175 53
175 107
215 186
215 36
215 29
215 134
215 76
215 205
215 159
215 61
215 74
215 119
215 157
215 51
215 185
215 68
123 106
123 151
123 173
123 135
123 179
123 134
123 6
123 91
123 212
123 130
123 39
123 157
123 68
123 56
108 178
108 118
108 173
108 29
108 134
108 87
108 205
108 91
108 212
108 61
108 119
108 39
108 185
108 32
108 56
108 14
62 151
62 118
62 173
62 38
62 24
62 39
62 161
62 157
62 51
62 2
62 68
62 139
106 93
106 186
106 173
106 36
106 179
106 89
106 39
106 157
106 53
106 2
151 93
151 6
151 87
151 91
151 0
151 24
151 161
151 107
151 2
93 205
93 91
93 159
93 89
93 130
93 24
93 185
178 173
178 179
178 203
178 199
178 29
178 134
178 172
178 91
178 89
178 39
178 139
118 173
118 135
118 29
118 134
118 143
118 130
118 24
118 39
118 161
118 157
118 107
118 68
118 139
186 173
186 179
186 76
186 172
186 23
186 39
186 157
186 51
186 101
186 185
186 139
186 56
186 14
173 36
173 179
173 203
173 134
173 205
173 159
173 61
173 0
173 161
173 157
173 53
173 51
173 107
173 2
173 14
36 135
36 203
36 76
36 172
36 23
36 212
36 159
36 61
36 119
36 0
36 89
36 130
36 38
36 107
36 2
36 68
135 6
135 91
135 143
135 38
135 157
135 185
135 32
135 56
179 134
179 76
179 6
179 172
179 205
179 159
179 61
179 74
179 119
179 24
203 172
203 143
203 74
203 89
203 24
203 2
203 185
203 139
203 14
199 6
199 172
199 91
199 159
199 53
199 56
199 14
29 76
29 87
29 205
29 143
29 0
29 157
134 76
134 172
134 89
134 24
134 107
134 101
134 185
76 91
76 212
76 74
76 0
76 38
76 24
76 157
76 101
76 2
76 32
6 91
6 38
6 157
6 51
6 101
6 185
6 139
87 172
87 143
87 61
87 38
87 53
87 32
172 38
172 161
172 157
172 53
172 56
205 91
205 212
205 119
205 107
205 185
91 143
91 212
91 119
91 0
91 2
91 68
91 56
91 14
23 130
23 161
23 157
23 101
23 139
143 61
143 161
143 157
143 53
143 56
212 161
212 51
159 74
159 119
159 130
159 38
159 24
159 101
159 2
159 32
159 56
61 0
61 89
61 130
61 14
74 119
74 56
119 157
119 101
119 185
119 68
119 139
0 89
0 107
0 101
0 139
89 24
89 161
89 107
89 185
89 32
89 68
130 38
130 39
130 161
130 2
38 53
38 107
38 2
24 157
24 107
24 68
24 56
39 157
39 53
39 51
161 157
161 53
161 101
161 32
157 185
157 68
51 32
107 101
107 2
107 139
101 32
185 14
32 68
68 139
68 56
68 14
139 14
