*verties 190
191
161
75
104
99
29
188
3
141
17
162
126
91
123
193
107
95
218
186
194
49
163
89
200
128
90
183
86
216
207
106
169
92
174
34
2
130
148
164
135
195
21
41
71
24
131
152
4
155
112
201
209
199
6
7
15
217
62
213
168
156
77
157
170
121
58
205
127
140
11
203
25
35
98
16
93
5
118
129
8
48
110
139
143
96
158
1
136
50
31
12
81
133
119
150
149
13
146
202
147
64
159
154
83
208
117
68
215
102
103
74
72
204
189
36
211
120
55
73
80
66
69
111
109
165
60
45
181
113
53
84
115
124
172
185
22
18
14
134
167
27
176
65
171
51
19
61
197
0
23
87
179
138
173
28
46
175
88
125
137
67
105
190
212
97
114
210
177
54
153
85
76
47
82
184
178
10
151
43
20
79
33
206
116
198
44
196
52
108
94
*edges 
191 141
191 95
191 89
191 170
191 12
191 113
191 185
191 14
191 190
191 114
191 153
191 178
161 218
161 186
161 41
161 213
161 93
161 8
161 48
161 110
161 119
161 146
161 124
161 137
161 10
75 90
75 199
75 127
75 5
75 143
75 31
75 81
75 149
75 159
75 72
75 189
75 18
75 23
75 87
75 175
75 105
104 162
104 194
104 195
104 201
104 168
104 12
104 68
104 211
104 19
104 97
99 128
99 135
99 62
99 156
99 58
99 83
99 55
99 124
99 167
99 97
99 54
99 178
29 126
29 123
29 186
29 194
29 163
29 90
29 174
29 34
29 209
29 11
29 139
29 69
29 84
29 175
29 43
188 186
188 49
188 169
188 62
188 77
188 16
188 50
188 55
188 124
188 167
188 23
188 173
3 89
3 135
3 4
3 118
3 202
3 117
3 66
3 53
3 19
3 61
3 210
141 107
141 183
141 24
141 6
141 118
141 13
141 185
141 19
141 197
141 28
141 33
17 91
17 21
17 71
17 77
17 11
17 158
17 146
17 105
17 85
17 94
162 135
162 58
162 50
162 81
162 119
162 73
162 60
162 125
162 212
162 54
162 85
162 178
162 94
126 194
126 128
126 92
126 71
126 201
126 209
126 98
126 136
126 50
126 117
126 120
126 55
126 115
126 0
126 97
126 43
126 108
91 121
91 110
91 150
91 159
91 204
91 120
91 181
91 53
91 198
123 200
123 128
123 86
123 164
123 24
123 170
123 140
123 143
123 159
123 103
123 72
123 55
123 84
123 19
123 23
123 138
193 186
193 163
193 200
193 207
193 106
193 4
193 25
193 143
193 36
193 61
193 197
193 0
107 186
107 135
107 6
107 217
107 170
107 98
107 13
107 204
107 113
107 185
107 134
107 179
107 88
107 76
95 183
95 112
95 62
95 81
95 64
95 73
95 66
95 115
95 173
218 169
218 24
218 152
218 6
218 62
218 127
218 81
218 68
218 60
218 53
218 124
218 185
218 54
186 15
186 5
186 158
186 204
186 55
186 165
186 179
186 67
186 114
186 47
186 184
194 148
194 16
194 110
194 12
194 14
194 206
194 198
49 148
49 164
49 209
49 213
49 77
49 93
49 118
49 143
49 154
49 115
49 176
49 46
49 97
49 33
49 44
49 52
163 1
163 12
163 146
163 147
163 55
163 53
163 134
163 27
163 138
89 200
89 216
89 207
89 41
89 6
89 217
89 168
89 77
89 170
89 58
89 140
89 5
89 143
89 13
89 189
89 80
89 124
89 27
89 47
89 196
200 34
200 35
200 147
200 64
200 189
200 36
200 120
200 66
200 45
200 181
200 172
200 61
200 0
200 46
200 88
200 105
200 47
128 90
128 207
128 135
128 131
128 62
128 16
128 13
128 53
128 22
128 176
128 138
128 190
128 212
90 34
90 155
90 15
90 205
90 203
90 48
90 96
90 31
90 119
90 36
90 55
90 179
90 43
90 20
90 196
183 4
183 15
183 25
183 98
183 119
183 197
183 67
183 114
86 62
86 121
86 35
86 98
86 93
86 136
86 146
86 83
86 208
86 204
86 84
86 61
86 76
86 151
216 92
216 135
216 71
216 140
216 203
216 50
216 13
216 147
216 53
216 197
216 28
216 190
216 79
207 2
207 201
207 157
207 170
207 118
207 96
207 136
207 50
207 175
207 82
106 135
106 131
106 168
106 170
106 81
106 73
106 60
106 124
106 185
106 14
106 167
106 27
106 23
106 138
106 198
169 164
169 93
169 64
169 113
169 61
169 138
169 175
92 157
92 98
92 8
92 147
92 134
92 51
92 0
92 97
92 54
92 198
174 2
174 16
174 110
174 202
174 189
174 181
174 176
174 125
174 198
174 52
34 130
34 135
34 127
34 98
34 31
34 149
34 54
34 76
34 184
34 43
2 135
2 213
2 96
2 136
2 83
2 36
2 211
2 167
2 87
2 153
2 76
2 108
130 6
130 62
130 168
130 205
130 139
130 119
130 149
130 64
130 74
130 167
130 27
130 23
130 190
130 198
148 41
148 152
148 98
148 64
148 208
148 109
148 22
148 23
148 190
164 199
164 168
164 133
164 13
164 189
164 211
164 111
164 109
164 167
164 27
164 212
164 97
164 184
135 131
135 4
135 203
135 93
135 154
135 215
135 69
135 137
135 210
195 131
195 168
195 48
195 96
195 83
195 73
195 22
195 18
195 19
195 153
195 33
21 213
21 156
21 77
21 121
21 205
21 93
21 119
21 146
21 147
21 111
21 109
21 60
21 87
21 20
21 33
21 94
41 16
41 13
41 202
41 66
41 60
41 125
41 105
41 33
71 155
71 50
71 208
71 181
71 14
71 167
71 19
71 88
71 67
71 52
24 7
24 170
24 58
24 25
24 65
24 97
24 43
131 152
131 4
131 129
131 83
131 36
131 60
131 181
131 115
131 28
131 46
131 212
131 184
131 151
152 62
152 8
152 139
152 66
152 27
152 94
4 155
4 7
4 213
4 121
4 205
4 140
4 48
4 138
4 28
4 177
4 44
155 81
155 83
155 117
155 60
155 27
155 82
155 43
155 196
155 94
112 5
112 118
112 12
112 13
112 189
112 111
112 165
112 137
112 97
112 52
201 203
201 139
201 31
201 12
201 202
201 80
201 69
201 87
201 88
201 54
209 25
209 5
209 118
209 146
209 208
209 102
209 74
209 80
209 66
209 19
209 175
209 85
209 33
199 121
199 35
199 146
199 45
199 115
199 167
199 27
199 87
199 97
199 85
199 184
199 43
6 205
6 11
6 35
6 120
6 45
6 115
6 179
6 28
6 137
6 97
7 129
7 8
7 208
7 74
7 204
7 120
7 55
7 109
7 113
7 167
7 97
7 114
7 47
7 151
15 11
15 81
15 208
15 103
15 211
15 53
15 52
217 170
217 121
217 127
217 74
217 120
217 14
217 0
217 85
217 206
62 203
62 98
62 129
62 143
62 83
62 189
62 80
62 84
62 0
62 54
213 140
213 50
213 150
213 64
213 27
213 179
213 67
213 210
213 177
213 43
168 118
168 12
168 105
168 20
156 121
156 74
156 66
156 113
156 175
156 184
156 79
77 110
77 1
77 136
77 154
77 80
77 66
77 172
77 27
77 173
77 28
77 198
157 48
157 181
157 113
157 19
157 54
157 47
157 178
157 116
170 11
170 129
170 110
170 202
170 74
170 55
170 113
170 134
170 87
170 137
170 47
170 10
170 44
170 94
121 203
121 81
121 69
121 111
121 109
121 181
121 22
121 134
121 138
121 175
121 54
121 153
121 76
121 184
121 79
58 35
58 81
58 119
58 154
58 165
58 51
58 175
58 137
58 97
58 114
58 85
58 76
58 20
58 33
205 203
205 139
205 50
205 12
205 154
205 60
205 45
205 124
205 65
205 46
205 105
205 79
127 140
127 25
127 48
127 158
127 66
127 165
127 197
127 173
127 212
127 177
127 116
140 69
140 84
140 22
140 167
140 190
140 33
11 133
11 171
11 212
203 16
203 50
203 103
203 113
203 65
203 138
203 212
203 196
25 143
25 136
25 149
25 120
25 185
25 22
25 67
25 190
25 114
25 76
25 52
35 98
35 158
35 50
35 159
35 117
35 103
35 211
35 73
35 22
35 173
35 46
98 119
98 208
98 69
98 45
98 172
98 65
98 212
98 82
98 44
98 52
16 96
16 50
16 149
16 13
16 65
16 171
16 175
16 114
16 47
16 79
93 158
93 50
93 133
93 149
93 68
93 189
93 45
93 171
93 179
93 67
93 184
5 48
5 12
5 81
5 72
5 111
5 114
5 52
118 133
118 119
118 146
118 103
118 72
118 211
118 84
118 61
118 87
118 105
129 154
129 74
129 80
129 69
129 28
129 46
129 206
8 120
8 45
8 18
8 46
48 139
48 204
48 66
48 109
48 53
48 84
48 124
48 138
48 97
48 198
110 158
110 189
110 73
110 185
110 176
110 171
110 125
110 82
110 79
110 33
110 94
139 143
139 45
139 65
139 82
139 198
139 196
143 136
143 102
143 204
143 151
96 215
96 72
96 181
96 53
96 61
96 0
96 138
96 97
96 54
96 151
158 136
158 31
158 150
158 73
158 80
158 84
158 14
158 27
158 19
158 114
158 52
1 113
1 87
1 28
1 137
1 184
1 178
1 116
1 108
136 119
136 150
136 149
136 146
136 147
136 83
136 68
136 211
136 73
136 134
136 171
136 105
136 177
136 76
136 82
50 119
50 204
50 120
50 22
50 88
50 212
31 159
31 80
31 69
31 53
31 82
12 154
12 120
12 111
12 165
12 45
12 173
12 67
12 54
12 82
12 108
81 69
81 111
81 165
81 23
81 87
81 190
81 184
81 44
81 108
133 165
133 167
133 137
133 52
133 108
119 215
119 204
119 165
119 172
119 18
119 0
119 190
119 212
119 85
119 184
150 103
150 72
150 55
150 109
150 27
150 171
150 51
150 87
150 28
150 46
150 212
150 114
150 47
149 204
149 211
149 60
149 113
149 124
149 134
13 211
13 27
13 61
13 197
13 173
13 67
13 97
13 33
146 181
146 185
146 97
146 79
202 64
202 159
202 154
202 181
202 18
202 67
202 43
147 83
147 215
147 66
147 111
147 185
147 114
64 80
64 60
64 171
64 114
64 108
159 111
159 181
159 171
159 51
159 19
159 88
159 196
154 124
154 14
154 190
154 33
83 189
83 36
83 211
83 73
83 176
83 88
83 47
83 79
208 69
208 53
208 114
208 108
117 36
117 138
117 43
68 204
68 69
68 22
68 65
68 88
68 190
68 108
215 36
215 69
215 60
215 197
215 125
215 151
102 72
102 80
102 18
102 65
102 210
102 153
103 74
103 66
103 124
103 176
103 65
103 19
103 0
74 55
74 60
72 153
72 10
204 113
204 177
204 10
189 124
189 22
189 171
189 197
189 151
36 45
36 171
36 125
36 76
36 196
211 80
211 111
211 65
211 0
211 46
211 105
211 97
211 151
211 198
120 84
120 115
120 54
120 47
55 111
55 109
55 185
55 76
55 108
73 124
73 172
73 61
73 179
73 198
80 0
80 10
80 43
80 20
80 44
80 52
66 111
66 60
66 53
66 173
66 82
69 124
69 167
69 175
69 114
69 79
111 177
111 54
111 178
111 33
109 124
109 87
109 114
109 54
165 138
165 97
165 52
60 172
60 28
60 210
60 108
45 115
45 61
45 97
45 52
181 185
181 97
181 47
181 196
181 52
113 84
113 197
113 125
113 97
53 185
53 173
53 67
53 153
53 94
84 27
84 137
84 178
115 124
115 185
115 176
115 61
115 175
115 177
115 206
124 210
124 76
124 151
124 44
124 52
172 171
172 105
172 54
172 153
172 79
185 65
185 190
185 108
22 125
22 105
22 85
22 82
22 196
18 175
18 178
14 173
14 94
167 171
27 151
27 196
176 97
176 177
176 206
176 44
65 171
65 87
65 10
65 116
65 52
171 137
171 116
51 197
51 173
51 47
51 20
51 206
19 87
19 190
19 116
61 210
61 54
61 47
197 175
0 88
0 125
0 212
0 85
23 47
23 184
23 151
23 116
87 138
87 46
87 52
179 44
138 125
138 190
138 54
138 198
173 175
173 114
173 10
28 47
28 178
28 43
46 177
46 47
46 178
46 33
175 212
175 97
88 79
88 196
125 190
125 47
125 44
137 212
137 54
137 85
137 43
137 94
67 178
67 108
105 190
105 114
105 85
105 178
190 54
190 198
190 52
212 20
97 20
97 198
97 108
114 116
177 196
54 151
153 196
85 196
76 178
76 44
76 108
82 116
184 43
10 94
43 33
43 44
20 116
206 198
116 44
116 52
