*verties 218
18
71
116
203
133
168
198
72
50
159
75
147
207
36
209
65
122
23
90
0
96
61
215
169
66
167
204
2
145
14
135
175
140
99
166
38
35
139
128
131
183
143
161
4
73
79
83
202
29
26
60
174
56
21
177
186
195
208
112
172
191
68
25
103
41
156
173
63
182
125
160
40
155
157
67
33
89
57
59
130
141
189
134
39
43
124
13
78
206
180
115
8
151
28
121
45
81
153
212
205
49
210
84
214
58
76
87
101
9
142
55
184
32
218
85
64
47
15
27
211
179
7
105
197
190
146
119
109
127
54
52
176
113
201
171
162
194
5
92
48
30
136
164
114
138
152
117
51
137
53
199
91
196
34
6
3
17
106
163
22
11
95
20
123
107
192
129
219
150
24
132
44
216
149
31
93
12
144
102
97
77
16
178
80
69
10
19
148
98
154
213
82
104
126
46
181
193
108
74
111
86
100
165
187
200
88
62
37
158
42
188
185
110
1
217
94
70
118
*edges 
18 133
18 198
18 159
18 147
18 207
18 36
18 122
18 23
18 169
18 66
18 204
18 14
18 175
18 140
18 166
18 35
18 83
18 60
18 21
18 186
18 172
18 25
18 156
18 155
18 33
18 89
18 59
18 141
18 78
18 206
18 115
18 151
18 49
18 210
18 58
18 32
18 47
18 109
18 52
18 113
18 201
18 171
18 30
18 136
18 164
18 137
18 6
18 129
18 24
18 216
18 178
18 69
18 98
18 154
18 104
18 126
18 193
18 74
18 165
18 187
18 200
18 37
18 158
18 110
71 116
71 168
71 50
71 75
71 207
71 36
71 65
71 215
71 66
71 204
71 2
71 145
71 166
71 38
71 139
71 128
71 4
71 83
71 26
71 60
71 174
71 56
71 177
71 172
71 25
71 125
71 67
71 33
71 89
71 130
71 189
71 134
71 180
71 210
71 214
71 142
71 55
71 184
71 32
71 64
71 27
71 146
71 109
71 127
71 113
71 92
71 114
71 138
71 117
71 51
71 199
71 91
71 17
71 106
71 163
71 22
71 20
71 123
71 219
71 216
71 97
71 80
71 69
71 10
71 19
71 82
71 193
71 74
71 86
71 165
71 187
71 188
71 110
71 217
71 94
71 118
116 72
116 147
116 36
116 61
116 204
116 14
116 140
116 99
116 143
116 161
116 79
116 26
116 60
116 21
116 177
116 112
116 68
116 103
116 40
116 157
116 134
116 43
116 124
116 180
116 81
116 212
116 205
116 84
116 76
116 87
116 142
116 32
116 218
116 64
116 47
116 179
116 105
116 54
116 176
116 113
116 30
116 136
116 152
116 34
116 3
116 106
116 11
116 20
116 192
116 129
116 150
116 132
116 44
116 216
116 149
116 93
116 97
116 80
116 10
116 19
116 74
116 88
116 62
116 188
203 159
203 75
203 209
203 90
203 169
203 161
203 29
203 26
203 186
203 41
203 160
203 33
203 130
203 189
203 134
203 43
203 13
203 78
203 206
203 151
203 28
203 121
203 45
203 212
203 49
203 84
203 58
203 55
203 184
203 85
203 7
203 105
203 190
203 127
203 113
203 162
203 5
203 92
203 48
203 136
203 164
203 138
203 152
203 117
203 51
203 137
203 53
203 91
203 196
203 22
203 95
203 123
203 219
203 216
203 93
203 178
203 80
203 19
203 104
203 126
203 74
203 165
203 188
203 110
203 1
133 72
133 50
133 215
133 169
133 167
133 135
133 140
133 99
133 35
133 131
133 26
133 56
133 177
133 186
133 195
133 191
133 103
133 63
133 40
133 155
133 67
133 59
133 189
133 134
133 39
133 115
133 28
133 45
133 212
133 58
133 76
133 9
133 142
133 32
133 85
133 47
133 211
133 197
133 109
133 176
133 201
133 171
133 194
133 48
133 152
133 17
133 123
133 107
133 192
133 129
133 24
133 216
133 31
133 93
133 77
133 178
133 80
133 148
133 104
133 193
133 108
133 86
133 100
133 187
133 37
133 158
133 1
133 118
168 75
168 209
168 65
168 122
168 0
168 2
168 14
168 99
168 38
168 35
168 131
168 73
168 29
168 60
168 177
168 172
168 68
168 173
168 63
168 182
168 89
168 141
168 206
168 45
168 153
168 205
168 49
168 58
168 87
168 9
168 142
168 55
168 184
168 64
168 47
168 211
168 127
168 171
168 162
168 194
168 164
168 114
168 138
168 196
168 3
168 95
168 107
168 192
168 150
168 216
168 149
168 31
168 12
168 10
168 213
168 82
168 86
168 165
168 200
168 62
168 42
168 185
198 72
198 207
198 36
198 65
198 122
198 23
198 99
198 35
198 139
198 4
198 83
198 29
198 26
198 60
198 174
198 56
198 160
198 155
198 78
198 8
198 76
198 218
198 27
198 179
198 146
198 109
198 113
198 201
198 48
198 136
198 114
198 138
198 91
198 34
198 22
198 11
198 95
198 20
198 123
198 219
198 24
198 132
198 216
198 149
198 144
198 77
198 10
198 148
198 98
198 213
198 126
198 46
198 108
198 74
198 111
198 86
198 188
198 185
198 110
198 118
72 50
72 75
72 207
72 90
72 0
72 96
72 61
72 215
72 169
72 167
72 14
72 175
72 99
72 183
72 143
72 83
72 29
72 56
72 195
72 112
72 172
72 41
72 160
72 40
72 155
72 67
72 141
72 189
72 39
72 180
72 81
72 153
72 205
72 32
72 218
72 85
72 119
72 34
72 17
72 163
72 22
72 11
72 219
72 24
72 31
72 77
72 80
72 10
72 98
72 213
72 82
72 46
72 37
72 185
72 1
72 70
50 75
50 207
50 65
50 23
50 66
50 2
50 175
50 140
50 166
50 38
50 128
50 183
50 161
50 4
50 68
50 156
50 182
50 157
50 89
50 59
50 130
50 141
50 134
50 39
50 43
50 78
50 115
50 28
50 212
50 205
50 214
50 101
50 55
50 184
50 32
50 64
50 47
50 15
50 211
50 179
50 197
50 119
50 109
50 127
50 54
50 52
50 176
50 92
50 30
50 164
50 117
50 137
50 199
50 91
50 34
50 11
50 95
50 107
50 132
50 44
50 31
50 102
50 77
50 19
50 98
50 104
50 193
50 108
50 74
50 86
50 100
50 165
50 37
50 158
50 94
159 75
159 207
159 65
159 0
159 215
159 169
159 145
159 14
159 175
159 140
159 128
159 131
159 161
159 202
159 177
159 191
159 63
159 182
159 160
159 157
159 89
159 57
159 59
159 141
159 78
159 180
159 205
159 214
159 58
159 87
159 142
159 32
159 218
159 85
159 176
159 201
159 5
159 137
159 53
159 3
159 163
159 11
159 95
159 123
159 150
159 93
159 144
159 97
159 19
159 126
159 46
159 111
159 165
159 88
159 188
159 110
159 1
159 217
159 94
75 122
75 23
75 61
75 215
75 66
75 2
75 145
75 14
75 38
75 128
75 131
75 73
75 202
75 29
75 26
75 177
75 172
75 68
75 182
75 160
75 157
75 141
75 39
75 43
75 124
75 78
75 180
75 115
75 28
75 45
75 212
75 205
75 49
75 210
75 87
75 32
75 64
75 47
75 211
75 179
75 109
75 54
75 113
75 201
75 194
75 5
75 164
75 152
75 137
75 91
75 34
75 6
75 163
75 20
75 192
75 24
75 216
75 149
75 12
75 144
75 77
75 16
75 69
75 19
75 104
75 193
75 62
75 42
75 70
75 118
147 61
147 169
147 99
147 35
147 139
147 143
147 73
147 202
147 29
147 60
147 174
147 56
147 186
147 195
147 25
147 63
147 57
147 59
147 124
147 115
147 8
147 81
147 212
147 205
147 49
147 214
147 76
147 184
147 32
147 218
147 113
147 162
147 30
147 136
147 138
147 91
147 196
147 34
147 6
147 17
147 95
147 20
147 129
147 219
147 44
147 102
147 19
147 98
147 154
147 104
147 181
147 165
147 62
147 110
147 217
147 70
207 122
207 23
207 90
207 66
207 145
207 99
207 38
207 139
207 4
207 174
207 186
207 112
207 172
207 25
207 103
207 41
207 155
207 67
207 141
207 189
207 124
207 206
207 84
207 87
207 9
207 32
207 47
207 7
207 197
207 190
207 119
207 127
207 171
207 164
207 138
207 117
207 51
207 137
207 53
207 106
207 163
207 95
207 107
207 44
207 97
207 178
207 69
207 10
207 19
207 154
207 104
207 126
207 46
207 74
207 165
207 62
207 188
207 185
207 94
207 70
36 122
36 23
36 145
36 140
36 38
36 128
36 161
36 177
36 208
36 112
36 172
36 191
36 160
36 157
36 130
36 43
36 124
36 13
36 153
36 205
36 84
36 58
36 87
36 9
36 55
36 184
36 179
36 197
36 127
36 52
36 201
36 136
36 152
36 117
36 137
36 53
36 17
36 22
36 192
36 219
36 150
36 149
36 31
36 12
36 77
36 16
36 80
36 69
36 193
36 108
36 165
36 37
36 42
209 122
209 90
209 96
209 61
209 66
209 167
209 2
209 145
209 38
209 128
209 131
209 143
209 83
209 60
209 56
209 177
209 68
209 103
209 156
209 173
209 157
209 59
209 130
209 43
209 212
209 205
209 49
209 210
209 84
209 58
209 76
209 32
209 85
209 47
209 105
209 197
209 146
209 54
209 92
209 164
209 11
209 95
209 123
209 150
209 132
209 149
209 93
209 80
209 213
209 104
209 187
209 200
209 217
65 66
65 167
65 135
65 99
65 38
65 139
65 143
65 73
65 202
65 29
65 191
65 68
65 67
65 89
65 59
65 121
65 45
65 81
65 84
65 9
65 142
65 218
65 47
65 15
65 197
65 127
65 176
65 30
65 51
65 137
65 53
65 91
65 34
65 106
65 22
65 95
65 123
65 219
65 44
65 149
65 102
65 16
65 178
65 98
65 154
65 213
65 181
65 74
65 42
65 188
65 94
65 70
122 215
122 169
122 66
122 145
122 14
122 135
122 175
122 99
122 35
122 128
122 4
122 73
122 29
122 60
122 174
122 208
122 156
122 173
122 157
122 33
122 59
122 130
122 141
122 189
122 8
122 205
122 49
122 58
122 101
122 9
122 32
122 179
122 7
122 197
122 190
122 146
122 113
122 201
122 171
122 194
122 136
122 51
122 6
122 3
122 22
122 129
122 219
122 44
122 80
122 69
122 98
122 82
122 104
122 126
122 108
122 111
122 100
122 165
122 88
122 37
122 42
122 217
122 118
23 90
23 96
23 66
23 167
23 204
23 2
23 38
23 35
23 83
23 202
23 177
23 68
23 173
23 160
23 67
23 89
23 124
23 206
23 45
23 84
23 87
23 9
23 55
23 32
23 218
23 105
23 201
23 171
23 92
23 30
23 138
23 51
23 53
23 91
23 163
23 22
23 95
23 107
23 24
23 12
23 144
23 178
23 148
23 82
23 126
23 46
23 74
23 86
23 62
23 37
23 217
23 118
90 166
90 38
90 35
90 139
90 128
90 143
90 161
90 83
90 60
90 174
90 21
90 186
90 195
90 208
90 112
90 191
90 25
90 41
90 63
90 125
90 33
90 89
90 141
90 39
90 43
90 124
90 180
90 121
90 212
90 205
90 84
90 58
90 76
90 101
90 9
90 32
90 218
90 85
90 47
90 7
90 197
90 146
90 109
90 52
90 201
90 48
90 136
90 51
90 137
90 3
90 123
90 192
90 44
90 216
90 93
90 12
90 77
90 10
90 19
90 148
90 98
90 104
90 126
90 111
90 200
90 188
90 185
90 1
0 204
0 14
0 35
0 83
0 202
0 56
0 186
0 112
0 156
0 182
0 125
0 157
0 33
0 89
0 189
0 39
0 78
0 206
0 180
0 115
0 28
0 153
0 212
0 210
0 84
0 101
0 184
0 85
0 47
0 127
0 113
0 201
0 5
0 30
0 136
0 164
0 51
0 137
0 199
0 22
0 11
0 132
0 144
0 102
0 10
0 98
0 213
0 126
0 46
0 165
0 62
0 185
0 110
96 169
96 2
96 140
96 166
96 35
96 128
96 131
96 143
96 79
96 56
96 208
96 125
96 40
96 57
96 206
96 180
96 121
96 45
96 81
96 153
96 205
96 49
96 76
96 87
96 101
96 9
96 32
96 218
96 64
96 15
96 27
96 211
96 7
96 190
96 54
96 171
96 5
96 92
96 164
96 114
96 34
96 6
96 106
96 11
96 107
96 192
96 219
96 216
96 149
96 31
96 93
96 12
96 102
96 77
96 80
96 154
96 213
96 181
96 108
96 111
96 165
96 42
96 188
96 110
96 94
61 66
61 166
61 139
61 131
61 4
61 83
61 202
61 174
61 186
61 208
61 112
61 191
61 25
61 173
61 40
61 157
61 89
61 8
61 45
61 84
61 76
61 87
61 9
61 55
61 15
61 27
61 109
61 113
61 171
61 194
61 136
61 152
61 117
61 53
61 3
61 106
61 11
61 95
61 123
61 129
61 150
61 132
61 93
61 178
61 80
61 98
61 82
61 108
61 74
61 111
61 86
61 100
61 187
61 42
61 188
61 110
61 1
61 217
61 70
61 118
215 66
215 2
215 145
215 175
215 139
215 131
215 161
215 202
215 191
215 68
215 103
215 156
215 125
215 157
215 33
215 59
215 13
215 45
215 210
215 214
215 87
215 142
215 32
215 105
215 127
215 54
215 52
215 201
215 162
215 92
215 117
215 137
215 199
215 3
215 163
215 11
215 123
215 107
215 129
215 150
215 24
215 44
215 12
215 77
215 16
215 19
215 98
215 126
215 181
215 193
215 187
215 37
215 94
215 70
169 167
169 2
169 145
169 140
169 38
169 139
169 128
169 183
169 143
169 161
169 73
169 79
169 202
169 29
169 26
169 21
169 195
169 25
169 40
169 155
169 67
169 130
169 206
169 180
169 115
169 28
169 121
169 49
169 84
169 214
169 58
169 76
169 101
169 142
169 184
169 119
169 109
169 113
169 171
169 5
169 48
169 164
169 114
169 152
169 53
169 199
169 196
169 34
169 3
169 17
169 163
169 11
169 192
169 31
169 93
169 12
169 16
169 80
169 69
169 10
169 46
169 187
169 62
169 42
169 1
169 217
169 118
66 167
66 175
66 140
66 166
66 183
66 161
66 73
66 79
66 83
66 29
66 56
66 103
66 156
66 173
66 155
66 141
66 189
66 134
66 124
66 206
66 115
66 121
66 212
66 214
66 58
66 85
66 105
66 113
66 171
66 162
66 138
66 152
66 117
66 137
66 53
66 91
66 6
66 106
66 11
66 123
66 44
66 93
66 77
66 16
66 19
66 154
66 213
66 82
66 126
66 158
66 188
66 110
167 14
167 35
167 139
167 143
167 4
167 83
167 202
167 60
167 174
167 177
167 112
167 172
167 125
167 160
167 40
167 67
167 57
167 130
167 39
167 78
167 206
167 115
167 8
167 153
167 76
167 87
167 101
167 9
167 142
167 105
167 197
167 119
167 54
167 52
167 113
167 201
167 162
167 30
167 152
167 196
167 6
167 106
167 22
167 95
167 20
167 44
167 216
167 93
167 12
167 77
167 178
167 80
167 10
167 154
167 181
167 193
167 108
167 100
167 88
167 185
167 1
167 94
167 70
204 145
204 135
204 175
204 139
204 183
204 161
204 79
204 29
204 26
204 60
204 195
204 172
204 25
204 173
204 157
204 67
204 59
204 130
204 141
204 189
204 134
204 124
204 206
204 115
204 212
204 210
204 76
204 9
204 184
204 15
204 119
204 109
204 127
204 54
204 48
204 117
204 199
204 91
204 196
204 6
204 17
204 20
204 107
204 129
204 24
204 93
204 97
204 16
204 80
204 69
204 154
204 213
204 108
204 74
204 111
204 200
204 37
204 158
204 188
2 166
2 38
2 139
2 161
2 4
2 60
2 208
2 112
2 173
2 40
2 155
2 57
2 189
2 134
2 124
2 78
2 180
2 8
2 81
2 212
2 205
2 49
2 214
2 101
2 85
2 64
2 47
2 211
2 7
2 190
2 127
2 54
2 176
2 194
2 92
2 48
2 114
2 196
2 3
2 163
2 11
2 20
2 123
2 107
2 129
2 132
2 44
2 144
2 102
2 77
2 16
2 10
2 82
2 46
2 111
2 187
2 88
2 42
2 185
2 1
2 217
145 14
145 135
145 166
145 35
145 128
145 183
145 161
145 4
145 73
145 83
145 29
145 60
145 174
145 56
145 21
145 177
145 172
145 25
145 63
145 182
145 40
145 155
145 157
145 67
145 134
145 39
145 124
145 13
145 115
145 151
145 81
145 49
145 84
145 214
145 101
145 142
145 55
145 184
145 32
145 218
145 47
145 197
145 171
145 164
145 51
145 53
145 199
145 91
145 196
145 95
145 20
145 107
145 192
145 129
145 144
145 80
145 19
145 104
145 74
145 187
145 88
145 94
145 118
14 135
14 99
14 131
14 161
14 29
14 172
14 25
14 103
14 173
14 63
14 155
14 130
14 141
14 189
14 43
14 151
14 121
14 49
14 210
14 214
14 142
14 211
14 109
14 52
14 176
14 171
14 194
14 5
14 48
14 114
14 152
14 137
14 34
14 17
14 106
14 22
14 107
14 150
14 144
14 10
14 98
14 126
14 46
14 181
14 86
14 165
14 185
135 99
135 166
135 38
135 4
135 73
135 174
135 186
135 172
135 63
135 160
135 40
135 155
135 157
135 33
135 89
135 141
135 189
135 134
135 43
135 124
135 8
135 28
135 81
135 58
135 76
135 87
135 101
135 55
135 85
135 47
135 15
135 190
135 127
135 54
135 194
135 48
135 136
135 164
135 152
135 22
135 150
135 216
135 12
135 144
135 178
135 69
135 19
135 148
135 213
135 104
135 126
135 200
135 88
135 62
135 42
135 1
135 118
175 140
175 139
175 128
175 4
175 83
175 26
175 177
175 195
175 172
175 191
175 41
175 173
175 63
175 182
175 125
175 89
175 59
175 134
175 43
175 124
175 78
175 180
175 115
175 151
175 28
175 45
175 153
175 49
175 9
175 85
175 179
175 197
175 190
175 171
175 48
175 30
175 91
175 196
175 106
175 22
175 107
175 129
175 150
175 24
175 132
175 216
175 149
175 102
175 178
175 80
175 213
175 193
175 86
175 62
175 158
175 188
175 185
175 1
175 94
175 70
140 131
140 73
140 79
140 202
140 26
140 60
140 174
140 68
140 25
140 103
140 41
140 125
140 40
140 89
140 57
140 130
140 141
140 189
140 39
140 13
140 78
140 28
140 45
140 214
140 76
140 101
140 9
140 15
140 27
140 211
140 7
140 119
140 127
140 52
140 201
140 171
140 162
140 164
140 152
140 53
140 91
140 196
140 6
140 17
140 106
140 22
140 20
140 107
140 129
140 150
140 149
140 31
140 144
140 178
140 10
140 19
140 82
140 100
140 42
140 185
140 118
99 183
99 143
99 4
99 83
99 202
99 26
99 177
99 208
99 156
99 160
99 67
99 33
99 89
99 57
99 59
99 189
99 134
99 43
99 13
99 151
99 205
99 49
99 101
99 9
99 55
99 85
99 64
99 27
99 7
99 146
99 109
99 194
99 92
99 30
99 136
99 196
99 3
99 106
99 22
99 95
99 150
99 24
99 216
99 102
99 97
99 80
99 10
99 148
99 82
99 46
99 193
99 62
99 158
99 42
99 110
166 131
166 143
166 73
166 83
166 191
166 68
166 103
166 41
166 156
166 125
166 157
166 43
166 13
166 180
166 28
166 81
166 84
166 58
166 76
166 87
166 101
166 142
166 218
166 85
166 64
166 47
166 15
166 211
166 179
166 7
166 201
166 30
166 138
166 152
166 24
166 149
166 144
166 148
166 46
166 108
166 111
166 100
166 187
166 88
166 217
166 94
38 83
38 29
38 26
38 21
38 103
38 173
38 182
38 67
38 59
38 141
38 134
38 115
38 8
38 58
38 101
38 142
38 184
38 32
38 85
38 27
38 211
38 179
38 119
38 127
38 52
38 5
38 114
38 117
38 91
38 3
38 17
38 106
38 11
38 107
38 192
38 132
38 144
38 97
38 16
38 178
38 80
38 213
38 104
38 126
38 111
38 86
38 200
38 158
38 185
38 217
38 118
35 143
35 73
35 79
35 202
35 26
35 60
35 174
35 21
35 177
35 112
35 191
35 103
35 41
35 156
35 173
35 63
35 182
35 125
35 40
35 155
35 89
35 141
35 13
35 115
35 153
35 49
35 210
35 214
35 101
35 55
35 218
35 47
35 15
35 7
35 197
35 146
35 119
35 113
35 171
35 194
35 48
35 138
35 117
35 91
35 196
35 6
35 22
35 95
35 123
35 107
35 219
35 24
35 144
35 102
35 77
35 10
35 148
35 98
35 154
35 82
35 181
35 86
35 110
35 1
35 217
35 118
139 183
139 143
139 161
139 83
139 202
139 174
139 195
139 208
139 112
139 68
139 41
139 157
139 59
139 130
139 206
139 180
139 28
139 81
139 212
139 87
139 101
139 9
139 55
139 15
139 27
139 211
139 105
139 197
139 190
139 176
139 162
139 5
139 48
139 138
139 117
139 51
139 17
139 106
139 107
139 219
139 24
139 132
139 44
139 216
139 97
139 16
139 178
139 181
139 187
139 158
139 188
139 185
139 217
139 94
139 118
128 131
128 143
128 83
128 29
128 174
128 21
128 195
128 89
128 180
128 28
128 214
128 58
128 142
128 184
128 32
128 7
128 52
128 176
128 138
128 53
128 199
128 196
128 3
128 22
128 123
128 192
128 219
128 216
128 31
128 102
128 97
128 77
128 69
128 10
128 19
128 82
128 104
128 88
128 62
128 42
128 185
128 1
128 70
131 79
131 21
131 177
131 112
131 103
131 173
131 182
131 157
131 141
131 189
131 206
131 45
131 81
131 205
131 84
131 76
131 101
131 9
131 32
131 218
131 211
131 197
131 201
131 171
131 162
131 194
131 92
131 164
131 114
131 138
131 152
131 137
131 53
131 199
131 91
131 6
131 106
131 163
131 22
131 95
131 219
131 93
131 102
131 154
131 82
131 46
131 193
131 108
131 74
131 86
131 94
183 4
183 73
183 79
183 202
183 26
183 21
183 186
183 195
183 112
183 172
183 41
183 182
183 40
183 67
183 57
183 43
183 81
183 49
183 210
183 101
183 55
183 184
183 32
183 27
183 105
183 109
183 54
183 176
183 171
183 162
183 136
183 138
183 137
183 53
183 91
183 196
183 3
183 95
183 219
183 44
183 144
183 80
183 10
183 181
183 193
183 86
183 158
183 42
183 110
183 1
183 217
183 94
143 161
143 26
143 60
143 25
143 63
143 157
143 89
143 141
143 151
143 121
143 49
143 84
143 58
143 184
143 64
143 197
143 146
143 119
143 194
143 164
143 137
143 6
143 17
143 163
143 11
143 95
143 192
143 129
143 24
143 102
143 10
143 154
143 213
143 126
143 86
143 187
143 200
143 185
161 79
161 56
161 112
161 103
161 173
161 157
161 130
161 189
161 134
161 43
161 124
161 13
161 115
161 121
161 81
161 210
161 58
161 87
161 211
161 179
161 7
161 197
161 113
161 162
161 92
161 48
161 30
161 136
161 117
161 51
161 199
161 91
161 196
161 106
161 11
161 24
161 144
161 16
161 213
161 82
161 74
161 37
161 158
4 79
4 26
4 21
4 172
4 63
4 157
4 33
4 141
4 13
4 153
4 84
4 87
4 9
4 32
4 218
4 27
4 7
4 105
4 197
4 146
4 127
4 54
4 113
4 201
4 171
4 162
4 92
4 114
4 53
4 196
4 6
4 163
4 95
4 20
4 132
4 149
4 144
4 69
4 19
4 98
4 213
4 126
4 46
4 181
4 193
4 74
4 111
4 100
4 37
4 188
4 1
4 70
73 186
73 208
73 68
73 67
73 89
73 130
73 141
73 124
73 121
73 81
73 153
73 212
73 84
73 214
73 76
73 87
73 101
73 9
73 142
73 184
73 64
73 47
73 15
73 27
73 105
73 197
73 190
73 146
73 48
73 136
73 164
73 138
73 117
73 196
73 34
73 6
73 20
73 192
73 31
73 93
73 77
73 80
73 82
73 126
73 193
73 187
73 188
73 217
73 94
73 70
79 26
79 60
79 56
79 68
79 103
79 41
79 173
79 63
79 182
79 125
79 155
79 157
79 130
79 180
79 8
79 28
79 212
79 214
79 218
79 64
79 211
79 7
79 146
79 54
79 52
79 113
79 92
79 30
79 136
79 164
79 114
79 53
79 34
79 6
79 22
79 11
79 95
79 20
79 123
79 107
79 129
79 44
79 93
79 97
79 213
79 104
79 193
79 74
79 86
79 187
79 200
79 88
79 42
79 217
79 94
83 202
83 26
83 21
83 112
83 172
83 156
83 63
83 182
83 155
83 59
83 134
83 43
83 8
83 151
83 81
83 49
83 210
83 58
83 9
83 184
83 218
83 85
83 179
83 109
83 52
83 92
83 30
83 164
83 114
83 138
83 51
83 91
83 6
83 3
83 17
83 106
83 11
83 95
83 123
83 93
83 80
83 98
83 82
83 126
83 37
83 188
83 185
83 110
202 172
202 173
202 63
202 160
202 155
202 141
202 43
202 124
202 8
202 45
202 212
202 84
202 58
202 184
202 32
202 47
202 15
202 146
202 119
202 52
202 113
202 5
202 136
202 114
202 51
202 199
202 196
202 163
202 22
202 11
202 123
202 132
202 44
202 216
202 93
202 97
202 16
202 178
202 19
202 126
202 74
202 111
202 200
202 88
202 42
202 185
202 217
202 70
29 26
29 174
29 56
29 21
29 177
29 208
29 41
29 182
29 40
29 33
29 57
29 59
29 115
29 8
29 28
29 212
29 205
29 58
29 142
29 218
29 7
29 146
29 109
29 127
29 113
29 201
29 194
29 5
29 114
29 152
29 137
29 34
29 6
29 17
29 163
29 24
29 44
29 31
29 19
29 148
29 98
29 213
29 82
29 86
29 165
29 110
29 70
26 21
26 195
26 103
26 173
26 63
26 160
26 157
26 33
26 89
26 59
26 130
26 180
26 151
26 49
26 210
26 214
26 76
26 87
26 101
26 9
26 218
26 64
26 179
26 119
26 201
26 171
26 162
26 114
26 138
26 34
26 6
26 17
26 106
26 22
26 95
26 20
26 219
26 150
26 44
26 31
26 93
26 178
26 19
26 148
26 46
26 181
26 193
26 86
26 62
26 188
26 1
26 217
26 94
26 118
60 21
60 177
60 195
60 208
60 172
60 68
60 41
60 182
60 157
60 57
60 59
60 189
60 8
60 28
60 121
60 205
60 84
60 214
60 76
60 142
60 85
60 47
60 179
60 7
60 105
60 146
60 176
60 171
60 136
60 138
60 152
60 51
60 91
60 17
60 22
60 20
60 107
60 192
60 150
60 149
60 31
60 16
60 80
60 19
60 104
60 181
60 193
60 74
60 88
60 158
60 70
60 118
174 21
174 186
174 195
174 172
174 25
174 103
174 41
174 157
174 33
174 59
174 39
174 124
174 151
174 45
174 49
174 84
174 214
174 58
174 76
174 55
174 32
174 85
174 64
174 7
174 146
174 127
174 176
174 171
174 92
174 48
174 136
174 164
174 152
174 51
174 34
174 17
174 11
174 20
174 44
174 97
174 77
174 16
174 148
174 98
174 154
174 213
174 82
174 104
174 86
174 200
174 88
174 110
174 217
56 186
56 68
56 89
56 130
56 134
56 115
56 8
56 121
56 45
56 81
56 205
56 210
56 84
56 58
56 87
56 85
56 179
56 7
56 197
56 190
56 127
56 54
56 52
56 201
56 162
56 152
56 51
56 199
56 6
56 3
56 106
56 22
56 20
56 192
56 129
56 219
56 150
56 44
56 77
56 80
56 74
56 111
56 165
56 187
56 200
21 177
21 186
21 112
21 172
21 191
21 68
21 156
21 63
21 125
21 160
21 157
21 33
21 59
21 134
21 39
21 43
21 124
21 8
21 210
21 214
21 76
21 55
21 85
21 105
21 197
21 146
21 127
21 54
21 52
21 5
21 48
21 136
21 152
21 53
21 199
21 91
21 6
21 95
21 20
21 107
21 129
21 219
21 24
21 102
21 69
21 10
21 98
21 104
21 108
21 111
21 88
21 42
21 110
21 1
21 217
177 112
177 68
177 103
177 40
177 57
177 141
177 43
177 13
177 78
177 45
177 212
177 205
177 210
177 84
177 214
177 58
177 76
177 87
177 101
177 9
177 32
177 85
177 15
177 7
177 105
177 146
177 109
177 113
177 201
177 162
177 5
177 92
177 30
177 164
177 138
177 152
177 196
177 6
177 106
177 132
177 44
177 216
177 31
177 77
177 178
177 193
177 74
177 111
177 88
177 37
177 158
177 42
177 118
186 195
186 208
186 172
186 191
186 25
186 41
186 125
186 40
186 155
186 59
186 189
186 134
186 124
186 206
186 115
186 28
186 121
186 212
186 205
186 49
186 214
186 76
186 55
186 85
186 64
186 15
186 105
186 119
186 127
186 54
186 176
186 171
186 30
186 164
186 114
186 138
186 51
186 137
186 199
186 17
186 11
186 123
186 132
186 31
186 93
186 12
186 178
186 10
186 19
186 82
186 126
186 193
186 108
186 111
186 37
186 1
186 94
195 172
195 57
195 59
195 130
195 134
195 43
195 78
195 206
195 115
195 28
195 45
195 212
195 87
195 142
195 184
195 32
195 64
195 15
195 211
195 190
195 52
195 201
195 162
195 5
195 136
195 114
195 53
195 106
195 95
195 219
195 24
195 132
195 216
195 149
195 12
195 144
195 80
195 19
195 148
195 213
195 111
195 100
195 200
195 62
195 94
195 70
208 172
208 25
208 156
208 63
208 40
208 67
208 33
208 59
208 134
208 124
208 121
208 81
208 49
208 84
208 214
208 58
208 9
208 218
208 64
208 15
208 179
208 197
208 109
208 52
208 5
208 152
208 117
208 51
208 199
208 34
208 11
208 95
208 20
208 123
208 107
208 192
208 132
208 44
208 216
208 31
208 144
208 77
208 16
208 10
208 19
208 148
208 154
208 213
208 104
208 126
208 46
208 181
208 193
208 86
208 100
208 165
208 187
208 37
208 158
208 1
112 68
112 25
112 156
112 125
112 40
112 67
112 89
112 57
112 130
112 39
112 81
112 212
112 58
112 76
112 87
112 101
112 32
112 218
112 85
112 7
112 197
112 146
112 52
112 176
112 138
112 152
112 3
112 22
112 11
112 107
112 192
112 219
112 24
112 93
112 12
112 102
112 77
112 178
112 148
112 104
112 193
112 108
112 111
112 187
112 62
112 37
112 42
112 110
112 217
112 94
112 70
172 25
172 182
172 125
172 40
172 155
172 33
172 89
172 124
172 180
172 8
172 81
172 210
172 214
172 142
172 32
172 218
172 85
172 47
172 211
172 109
172 30
172 114
172 117
172 91
172 196
172 6
172 106
172 11
172 123
172 31
172 102
172 97
172 178
172 69
172 98
172 193
172 111
172 86
172 37
172 188
172 1
172 94
191 156
191 173
191 160
191 155
191 33
191 189
191 134
191 13
191 8
191 87
191 211
191 146
191 119
191 176
191 171
191 48
191 136
191 117
191 91
191 3
191 11
191 20
191 123
191 24
191 93
191 77
191 154
191 213
191 82
191 126
191 86
191 165
191 94
68 41
68 125
68 67
68 89
68 39
68 43
68 78
68 206
68 28
68 45
68 212
68 214
68 9
68 184
68 32
68 218
68 7
68 105
68 197
68 194
68 92
68 138
68 152
68 196
68 34
68 106
68 20
68 219
68 150
68 132
68 93
68 144
68 102
68 77
68 19
68 148
68 213
68 46
68 108
68 74
68 187
68 62
68 70
25 103
25 40
25 89
25 189
25 43
25 206
25 180
25 8
25 153
25 205
25 210
25 214
25 58
25 184
25 32
25 218
25 85
25 197
25 146
25 113
25 201
25 171
25 162
25 194
25 30
25 164
25 117
25 51
25 199
25 91
25 196
25 106
25 11
25 123
25 107
25 192
25 24
25 144
25 102
25 19
25 148
25 98
25 104
25 126
25 46
25 193
25 74
25 187
25 200
25 37
25 1
25 94
103 41
103 156
103 63
103 160
103 155
103 157
103 67
103 89
103 130
103 189
103 134
103 43
103 124
103 180
103 151
103 153
103 212
103 214
103 58
103 87
103 55
103 32
103 218
103 15
103 211
103 179
103 7
103 30
103 138
103 152
103 117
103 51
103 163
103 22
103 20
103 123
103 107
103 216
103 144
103 178
103 104
103 74
103 88
103 62
103 118
41 156
41 125
41 155
41 59
41 141
41 134
41 206
41 180
41 8
41 121
41 212
41 214
41 76
41 142
41 179
41 146
41 109
41 52
41 176
41 171
41 194
41 92
41 164
41 51
41 196
41 11
41 95
41 107
41 219
41 150
41 44
41 149
41 144
41 102
41 77
41 178
41 10
41 108
41 74
41 86
41 88
41 188
41 185
41 217
41 70
156 63
156 125
156 160
156 157
156 130
156 39
156 43
156 180
156 81
156 153
156 212
156 214
156 58
156 76
156 142
156 32
156 64
156 7
156 105
156 146
156 127
156 54
156 201
156 136
156 164
156 138
156 152
156 137
156 53
156 199
156 196
156 106
156 163
156 22
156 107
156 129
156 219
156 24
156 44
156 31
156 77
156 98
156 82
156 46
156 181
156 88
156 62
156 158
156 217
156 118
173 63
173 155
173 157
173 89
173 141
173 189
173 134
173 43
173 180
173 151
173 81
173 205
173 49
173 210
173 58
173 55
173 184
173 32
173 64
173 127
173 176
173 113
173 162
173 194
173 138
173 199
173 163
173 11
173 20
173 107
173 149
173 93
173 144
173 97
173 98
173 213
173 104
173 181
173 158
173 42
173 1
63 67
63 59
63 134
63 124
63 180
63 8
63 151
63 81
63 153
63 210
63 142
63 184
63 32
63 85
63 211
63 119
63 109
63 127
63 5
63 92
63 136
63 152
63 53
63 3
63 20
63 219
63 132
63 31
63 93
63 12
63 102
63 16
63 213
63 181
63 158
63 188
63 94
182 160
182 40
182 130
182 124
182 115
182 214
182 58
182 142
182 184
182 179
182 190
182 54
182 52
182 201
182 164
182 6
182 3
182 22
182 95
182 219
182 150
182 132
182 149
182 31
182 80
182 19
182 98
182 154
182 126
182 46
182 108
182 74
182 111
182 200
182 88
182 37
182 42
182 185
182 110
182 70
182 118
125 160
125 40
125 33
125 189
125 39
125 43
125 78
125 206
125 151
125 121
125 45
125 205
125 210
125 84
125 76
125 101
125 9
125 142
125 27
125 211
125 105
125 119
125 109
125 127
125 52
125 113
125 171
125 194
125 92
125 30
125 138
125 152
125 117
125 199
125 95
125 192
125 129
125 16
125 10
125 154
125 213
125 111
125 100
125 110
125 118
160 155
160 141
160 43
160 13
160 206
160 180
160 115
160 28
160 212
160 49
160 9
160 32
160 218
160 85
160 27
160 179
160 197
160 176
160 201
160 194
160 5
160 91
160 196
160 22
160 95
160 123
160 129
160 132
160 44
160 216
160 12
160 77
160 178
160 213
160 126
160 193
160 108
160 37
160 1
160 118
40 155
40 89
40 59
40 130
40 124
40 180
40 8
40 151
40 121
40 205
40 210
40 84
40 214
40 87
40 101
40 142
40 184
40 218
40 64
40 15
40 27
40 7
40 146
40 54
40 30
40 199
40 163
40 219
40 144
40 16
40 19
40 148
40 154
40 46
40 181
40 74
40 100
40 165
40 187
40 200
40 37
40 42
40 217
155 130
155 134
155 78
155 206
155 8
155 28
155 45
155 153
155 205
155 142
155 184
155 32
155 47
155 27
155 211
155 119
155 109
155 162
155 92
155 51
155 199
155 196
155 106
155 163
155 11
155 95
155 123
155 107
155 150
155 44
155 216
155 102
155 19
155 46
155 111
155 86
155 42
155 188
155 217
155 94
155 70
157 130
157 134
157 124
157 13
157 180
157 115
157 151
157 121
157 45
157 49
157 87
157 142
157 27
157 179
157 7
157 105
157 146
157 109
157 127
157 54
157 171
157 194
157 92
157 48
157 136
157 117
157 91
157 196
157 3
157 22
157 11
157 20
157 192
157 93
157 12
157 144
157 97
157 16
157 178
157 148
157 98
157 104
157 193
157 108
157 187
157 200
157 62
157 37
157 188
157 110
157 70
67 89
67 57
67 141
67 13
67 115
67 8
67 45
67 205
67 58
67 9
67 64
67 15
67 211
67 7
67 127
67 52
67 176
67 113
67 201
67 194
67 30
67 136
67 152
67 196
67 163
67 11
67 95
67 20
67 44
67 216
67 149
67 97
67 77
67 16
67 148
67 154
67 108
67 74
67 86
67 200
67 62
67 217
67 118
33 59
33 141
33 43
33 124
33 206
33 115
33 45
33 205
33 49
33 210
33 9
33 32
33 218
33 64
33 47
33 27
33 146
33 109
33 127
33 176
33 171
33 194
33 136
33 164
33 114
33 51
33 137
33 53
33 34
33 3
33 17
33 11
33 132
33 216
33 149
33 93
33 12
33 144
33 77
33 16
33 148
33 82
33 104
33 108
33 165
33 187
33 70
89 130
89 141
89 189
89 39
89 124
89 13
89 206
89 121
89 153
89 212
89 205
89 101
89 218
89 85
89 64
89 15
89 27
89 197
89 5
89 138
89 51
89 137
89 106
89 163
89 129
89 150
89 24
89 44
89 93
89 126
89 181
89 108
89 100
89 62
89 37
89 158
89 94
57 59
57 39
57 206
57 180
57 81
57 212
57 58
57 101
57 9
57 142
57 184
57 47
57 27
57 7
57 146
57 119
57 127
57 113
57 171
57 5
57 92
57 164
57 138
57 152
57 137
57 199
57 91
57 34
57 163
57 95
57 149
57 77
57 16
57 19
57 148
57 154
57 82
57 46
57 74
57 165
57 187
57 200
57 88
57 42
57 188
57 185
57 118
59 141
59 189
59 13
59 180
59 8
59 153
59 212
59 214
59 101
59 142
59 55
59 218
59 64
59 47
59 15
59 179
59 171
59 5
59 136
59 164
59 138
59 137
59 53
59 199
59 6
59 106
59 22
59 123
59 192
59 150
59 132
59 93
59 97
59 16
59 178
59 80
59 19
59 148
59 98
59 181
59 108
59 86
59 100
59 200
59 110
59 217
130 134
130 124
130 13
130 206
130 180
130 115
130 8
130 84
130 214
130 58
130 32
130 85
130 64
130 27
130 197
130 109
130 52
130 176
130 162
130 48
130 164
130 138
130 117
130 53
130 199
130 91
130 196
130 3
130 17
130 22
130 95
130 20
130 107
130 24
130 216
130 102
130 97
130 77
130 80
130 19
130 98
130 154
130 213
130 104
130 46
130 181
130 193
130 100
130 88
130 185
130 1
141 180
141 151
141 153
141 212
141 214
141 87
141 101
141 184
141 32
141 105
141 197
141 54
141 176
141 201
141 171
141 5
141 164
141 137
141 53
141 199
141 91
141 196
141 34
141 216
141 93
141 12
141 144
141 77
141 178
141 10
141 148
141 213
141 100
141 37
141 158
141 188
141 110
189 134
189 39
189 124
189 78
189 206
189 180
189 8
189 151
189 81
189 184
189 32
189 218
189 27
189 7
189 105
189 127
189 52
189 92
189 48
189 114
189 137
189 199
189 6
189 17
189 150
189 97
189 77
189 16
189 178
189 69
189 148
189 154
189 108
189 74
189 200
189 185
189 94
134 39
134 124
134 8
134 45
134 81
134 205
134 49
134 210
134 84
134 76
134 55
134 184
134 218
134 47
134 15
134 27
134 211
134 105
134 54
134 113
134 201
134 48
134 30
134 164
134 114
134 117
134 196
134 34
134 6
134 106
134 22
134 20
134 192
134 129
134 219
134 31
134 77
134 16
134 80
134 154
134 193
134 108
134 86
134 42
134 185
134 1
39 13
39 8
39 153
39 49
39 214
39 101
39 9
39 142
39 55
39 32
39 64
39 7
39 109
39 127
39 171
39 162
39 5
39 92
39 53
39 199
39 91
39 196
39 11
39 95
39 20
39 107
39 192
39 149
39 31
39 144
39 102
39 80
39 69
39 104
39 111
39 86
39 165
39 187
39 88
39 62
39 37
39 94
43 78
43 206
43 180
43 151
43 28
43 121
43 153
43 205
43 210
43 76
43 218
43 15
43 27
43 7
43 105
43 54
43 52
43 171
43 136
43 138
43 117
43 51
43 199
43 91
43 17
43 106
43 192
43 219
43 24
43 31
43 93
43 12
43 144
43 97
43 16
43 178
43 80
43 10
43 126
43 46
43 193
43 111
43 86
43 187
43 200
43 88
43 62
43 37
43 42
43 118
124 13
124 115
124 8
124 28
124 45
124 212
124 205
124 49
124 210
124 84
124 214
124 76
124 101
124 55
124 218
124 211
124 179
124 190
124 201
124 92
124 91
124 17
124 106
124 163
124 95
124 129
124 24
124 216
124 31
124 93
124 144
124 102
124 16
124 178
124 69
124 154
124 100
124 88
124 62
124 158
124 1
124 70
124 118
13 206
13 28
13 121
13 205
13 49
13 58
13 76
13 32
13 218
13 85
13 64
13 179
13 7
13 146
13 119
13 113
13 201
13 171
13 162
13 194
13 5
13 92
13 138
13 196
13 6
13 17
13 106
13 95
13 20
13 123
13 192
13 219
13 132
13 44
13 149
13 31
13 12
13 16
13 178
13 80
13 148
13 98
13 154
13 213
13 126
13 46
13 108
13 37
13 110
78 180
78 8
78 151
78 153
78 212
78 205
78 49
78 210
78 76
78 101
78 32
78 218
78 27
78 179
78 5
78 48
78 138
78 53
78 22
78 11
78 192
78 219
78 16
78 178
78 80
78 19
78 98
78 154
78 213
78 104
78 46
78 181
78 74
78 165
78 187
78 62
78 42
78 110
78 1
206 180
206 28
206 49
206 210
206 84
206 87
206 142
206 32
206 64
206 15
206 27
206 197
206 146
206 52
206 5
206 30
206 152
206 199
206 91
206 3
206 17
206 106
206 22
206 123
206 93
206 178
206 19
206 148
206 82
206 104
206 181
206 165
206 187
206 62
206 37
206 188
206 1
206 118
180 115
180 45
180 153
180 205
180 84
180 184
180 218
180 47
180 211
180 179
180 105
180 119
180 127
180 176
180 201
180 5
180 30
180 136
180 138
180 117
180 51
180 137
180 53
180 199
180 6
180 3
180 24
180 31
180 93
180 144
180 102
180 77
180 213
180 82
180 193
180 74
180 62
180 37
180 158
180 42
180 188
180 118
115 121
115 205
115 49
115 210
115 76
115 9
115 184
115 27
115 105
115 190
115 146
115 127
115 113
115 201
115 53
115 34
115 3
115 106
115 163
115 22
115 11
115 20
115 150
115 31
115 93
115 69
115 154
115 126
115 74
115 111
115 86
115 100
115 88
115 158
115 185
8 28
8 121
8 212
8 210
8 84
8 58
8 64
8 7
8 52
8 201
8 171
8 162
8 92
8 51
8 137
8 53
8 91
8 6
8 106
8 163
8 20
8 24
8 44
8 216
8 93
8 144
8 97
8 16
8 178
8 69
8 10
8 98
8 213
8 82
8 193
8 108
8 74
8 86
8 187
8 37
8 94
151 153
151 212
151 49
151 84
151 76
151 101
151 142
151 184
151 218
151 85
151 179
151 105
151 119
151 127
151 54
151 52
151 201
151 171
151 162
151 194
151 30
151 53
151 91
151 196
151 106
151 150
151 216
151 31
151 93
151 102
151 80
151 69
151 10
151 98
151 46
151 181
151 187
151 188
151 110
151 1
151 118
28 212
28 84
28 58
28 87
28 9
28 184
28 32
28 85
28 179
28 146
28 109
28 54
28 194
28 30
28 136
28 164
28 53
28 3
28 11
28 95
28 20
28 192
28 129
28 216
28 93
28 97
28 178
28 19
28 98
28 154
28 213
28 82
28 108
28 62
28 94
28 70
28 118
121 153
121 212
121 205
121 58
121 87
121 184
121 32
121 15
121 105
121 109
121 52
121 113
121 53
121 199
121 6
121 163
121 95
121 123
121 24
121 132
121 44
121 144
121 10
121 148
121 213
121 86
121 187
121 37
121 158
121 188
45 153
45 205
45 58
45 87
45 101
45 184
45 32
45 47
45 15
45 211
45 179
45 162
45 194
45 5
45 152
45 117
45 51
45 3
45 163
45 95
45 107
45 132
45 216
45 102
45 69
45 213
45 82
45 46
45 74
45 100
45 185
45 110
45 118
81 212
81 210
81 214
81 76
81 9
81 55
81 32
81 211
81 146
81 113
81 171
81 92
81 48
81 138
81 152
81 51
81 53
81 196
81 17
81 106
81 22
81 95
81 123
81 129
81 44
81 149
81 31
81 93
81 102
81 77
81 16
81 148
81 82
81 46
81 165
81 200
81 185
81 94
81 70
81 118
153 212
153 205
153 210
153 58
153 32
153 218
153 47
153 27
153 7
153 197
153 146
153 52
153 113
153 171
153 162
153 92
153 136
153 137
153 199
153 3
153 17
153 95
153 20
153 107
153 129
153 24
153 31
153 93
153 97
153 77
153 69
153 213
153 181
153 187
153 37
153 110
153 70
153 118
212 205
212 58
212 218
212 64
212 146
212 109
212 127
212 176
212 171
212 194
212 5
212 117
212 51
212 91
212 34
212 6
212 106
212 123
212 107
212 149
212 102
212 97
212 77
212 19
212 148
212 213
212 104
212 181
212 111
212 100
212 165
212 187
212 42
212 70
212 118
205 101
205 184
205 218
205 64
205 211
205 179
205 105
205 197
205 52
205 113
205 194
205 5
205 92
205 136
205 164
205 114
205 199
205 6
205 22
205 219
205 149
205 97
205 80
205 69
205 19
205 193
205 86
205 158
205 42
205 185
205 110
205 217
49 84
49 9
49 184
49 218
49 85
49 27
49 54
49 201
49 136
49 117
49 51
49 137
49 106
49 107
49 216
49 93
49 12
49 80
49 154
49 213
49 158
49 185
49 110
210 214
210 9
210 142
210 55
210 64
210 47
210 179
210 105
210 119
210 109
210 52
210 176
210 201
210 171
210 92
210 136
210 114
210 137
210 53
210 17
210 163
210 11
210 95
210 20
210 107
210 44
210 93
210 12
210 97
210 181
210 165
210 88
210 37
210 185
210 1
210 70
210 118
84 87
84 142
84 184
84 32
84 211
84 179
84 105
84 197
84 190
84 109
84 176
84 117
84 137
84 91
84 196
84 22
84 123
84 192
84 44
84 77
84 16
84 69
84 104
84 181
84 200
84 188
84 185
84 110
84 1
84 217
214 58
214 87
214 9
214 105
214 197
214 109
214 54
214 113
214 171
214 162
214 5
214 34
214 17
214 106
214 107
214 129
214 149
214 12
214 144
214 77
214 178
214 154
214 82
214 193
214 165
214 187
214 200
214 88
214 37
214 158
214 70
58 9
58 142
58 32
58 218
58 211
58 179
58 109
58 127
58 113
58 171
58 92
58 138
58 152
58 117
58 51
58 53
58 199
58 196
58 106
58 22
58 150
58 93
58 144
58 77
58 16
58 80
58 69
58 10
58 98
58 82
58 104
58 126
58 46
58 108
58 111
58 86
58 100
58 165
58 158
58 1
58 217
76 142
76 55
76 32
76 179
76 7
76 109
76 52
76 48
76 30
76 114
76 152
76 117
76 51
76 91
76 34
76 106
76 22
76 11
76 123
76 129
76 93
76 178
76 69
76 10
76 19
76 148
76 154
76 108
76 86
76 100
76 200
76 62
76 158
76 42
76 1
76 94
76 70
87 184
87 32
87 64
87 27
87 211
87 179
87 197
87 176
87 201
87 48
87 164
87 53
87 91
87 163
87 22
87 24
87 44
87 149
87 144
87 102
87 10
87 19
87 148
87 98
87 181
87 74
87 111
87 158
87 110
87 217
101 218
101 15
101 179
101 7
101 190
101 109
101 176
101 164
101 114
101 152
101 117
101 51
101 53
101 6
101 106
101 163
101 11
101 95
101 192
101 219
101 216
101 31
101 144
101 77
101 16
101 178
101 69
101 154
101 213
101 82
101 104
101 86
101 165
101 187
101 88
101 158
101 42
101 188
101 185
101 110
101 118
9 55
9 218
9 85
9 64
9 109
9 176
9 201
9 171
9 162
9 194
9 114
9 51
9 53
9 199
9 91
9 196
9 192
9 132
9 216
9 149
9 12
9 102
9 16
9 10
9 181
9 165
9 88
9 42
9 185
9 110
9 70
142 85
142 47
142 15
142 179
142 54
142 52
142 92
142 138
142 152
142 117
142 53
142 196
142 163
142 11
142 129
142 150
142 132
142 144
142 97
142 98
142 154
142 46
142 200
142 62
142 37
142 1
142 118
55 32
55 64
55 211
55 197
55 48
55 164
55 53
55 199
55 91
55 22
55 123
55 107
55 192
55 129
55 132
55 44
55 149
55 31
55 102
55 97
55 213
55 126
55 181
55 86
55 200
55 88
55 37
55 42
55 1
55 94
184 32
184 15
184 211
184 190
184 127
184 54
184 113
184 162
184 92
184 164
184 51
184 53
184 199
184 91
184 6
184 22
184 11
184 107
184 192
184 129
184 150
184 24
184 44
184 149
184 12
184 102
184 77
184 69
184 19
184 104
184 86
184 100
184 158
184 110
184 217
184 94
32 27
32 179
32 7
32 119
32 109
32 176
32 194
32 152
32 137
32 163
32 22
32 44
32 12
32 144
32 97
32 77
32 178
32 154
32 126
32 74
32 86
32 165
32 158
32 188
32 217
218 179
218 190
218 201
218 171
218 162
218 30
218 138
218 117
218 137
218 199
218 91
218 17
218 106
218 123
218 129
218 24
218 144
218 77
218 16
218 178
218 154
218 126
218 200
218 62
218 158
218 217
218 70
85 15
85 179
85 119
85 54
85 171
85 194
85 5
85 92
85 164
85 91
85 6
85 17
85 22
85 129
85 132
85 44
85 77
85 80
85 69
85 10
85 181
85 193
85 108
85 86
85 187
85 37
85 1
85 94
64 179
64 7
64 146
64 119
64 109
64 127
64 162
64 5
64 92
64 48
64 138
64 53
64 91
64 6
64 106
64 163
64 11
64 95
64 20
64 192
64 219
64 216
64 102
64 97
64 77
64 69
64 19
64 148
64 213
64 104
64 108
64 74
64 187
64 88
64 37
64 42
64 94
64 70
47 211
47 179
47 7
47 105
47 197
47 190
47 146
47 109
47 127
47 176
47 171
47 162
47 30
47 164
47 114
47 117
47 137
47 53
47 3
47 123
47 192
47 216
47 149
47 97
47 19
47 148
47 98
47 154
47 46
47 193
47 74
47 62
47 110
47 70
15 27
15 211
15 7
15 109
15 54
15 113
15 171
15 194
15 48
15 136
15 164
15 138
15 152
15 3
15 106
15 22
15 123
15 192
15 219
15 150
15 132
15 44
15 216
15 12
15 77
15 16
15 80
15 10
15 154
15 213
15 82
15 46
15 193
15 74
15 86
15 100
15 1
15 94
15 70
15 118
27 105
27 146
27 127
27 54
27 201
27 194
27 92
27 136
27 138
27 117
27 51
27 137
27 91
27 196
27 34
27 163
27 123
27 192
27 129
27 150
27 178
27 69
27 98
27 108
27 86
27 88
27 37
27 158
27 110
27 70
211 109
211 113
211 171
211 162
211 92
211 30
211 136
211 137
211 53
211 34
211 6
211 3
211 17
211 106
211 95
211 150
211 24
211 132
211 44
211 93
211 102
211 77
211 98
211 104
211 46
211 86
211 100
211 165
211 187
211 200
211 88
211 62
211 158
211 1
179 105
179 190
179 54
179 52
179 164
179 152
179 137
179 91
179 31
179 77
179 178
179 80
179 69
179 154
179 213
179 104
179 181
179 165
179 88
7 109
7 171
7 136
7 91
7 34
7 150
7 216
7 149
7 102
7 104
7 193
7 111
7 100
7 62
7 37
7 158
105 176
105 171
105 5
105 92
105 152
105 34
105 3
105 17
105 11
105 95
105 219
105 132
105 97
105 178
105 69
105 154
105 82
105 126
105 74
105 200
105 37
105 217
197 109
197 127
197 171
197 162
197 5
197 48
197 136
197 199
197 196
197 3
197 163
197 20
197 129
197 150
197 149
197 77
197 19
197 148
197 213
197 82
197 181
197 193
197 165
197 187
197 62
197 110
197 1
197 94
190 127
190 52
190 162
190 5
190 92
190 114
190 138
190 51
190 106
190 22
190 20
190 107
190 132
190 44
190 12
190 16
190 178
190 80
190 69
190 19
190 148
190 82
190 126
190 46
190 108
190 165
190 42
190 188
190 110
190 118
146 109
146 48
146 114
146 199
146 22
146 11
146 95
146 20
146 150
146 31
146 12
146 102
146 77
146 16
146 69
146 154
146 213
146 193
146 111
146 100
146 62
146 188
146 1
146 217
146 70
119 109
119 52
119 162
119 194
119 136
119 114
119 138
119 117
119 22
119 20
119 123
119 150
119 24
119 44
119 12
119 102
119 77
119 10
119 148
119 154
119 181
119 193
119 100
119 165
119 187
119 200
119 62
119 158
119 42
119 118
109 127
109 52
109 176
109 201
109 171
109 92
109 30
109 136
109 164
109 117
109 137
109 196
109 34
109 3
109 106
109 163
109 22
109 11
109 20
109 107
109 24
109 132
109 31
109 144
109 102
109 16
109 19
109 148
109 98
109 213
109 181
109 86
109 187
109 88
127 54
127 171
127 162
127 5
127 48
127 136
127 164
127 51
127 199
127 91
127 34
127 6
127 163
127 11
127 123
127 24
127 149
127 12
127 144
127 102
127 77
127 16
127 80
127 69
127 82
127 126
127 88
127 37
127 94
54 201
54 171
54 162
54 92
54 48
54 164
54 137
54 196
54 20
54 123
54 24
54 132
54 93
54 144
54 16
54 69
54 181
54 193
54 108
54 187
54 37
54 188
54 110
54 1
54 94
52 176
52 113
52 201
52 162
52 194
52 92
52 48
52 30
52 136
52 164
52 114
52 152
52 137
52 22
52 107
52 44
52 149
52 12
52 77
52 16
52 193
52 74
52 86
52 37
52 185
52 217
52 94
176 201
176 30
176 136
176 138
176 51
176 53
176 199
176 11
176 20
176 107
176 192
176 129
176 219
176 44
176 216
176 12
176 80
176 82
176 104
176 193
176 100
176 187
176 217
176 94
176 118
113 194
113 117
113 51
113 137
113 53
113 20
113 123
113 107
113 192
113 129
113 219
113 97
113 82
113 100
113 88
113 158
113 217
201 92
201 53
201 199
201 91
201 196
201 17
201 163
201 107
201 24
201 216
201 77
201 10
201 82
201 126
201 46
201 193
201 86
201 200
201 62
201 158
201 42
201 110
201 217
171 162
171 30
171 114
171 152
171 51
171 137
171 53
171 17
171 106
171 22
171 11
171 192
171 219
171 150
171 24
171 104
171 108
171 100
171 62
171 94
171 118
162 92
162 30
162 114
162 137
162 11
162 95
162 123
162 192
162 129
162 219
162 31
162 144
162 102
162 16
162 10
162 154
162 213
162 181
162 88
162 185
194 5
194 30
194 91
194 196
194 106
194 95
194 20
194 219
194 150
194 24
194 132
194 216
194 102
194 178
194 148
194 181
194 193
194 100
194 165
194 187
194 62
194 1
194 217
194 94
194 118
5 30
5 136
5 164
5 152
5 51
5 137
5 199
5 91
5 6
5 22
5 20
5 123
5 107
5 192
5 219
5 31
5 102
5 154
5 82
5 74
5 200
5 62
5 94
5 118
92 30
92 136
92 53
92 34
92 6
92 192
92 129
92 132
92 44
92 102
92 97
92 178
92 98
92 82
92 126
92 193
92 108
92 111
92 200
92 88
92 42
92 110
92 118
48 199
48 91
48 34
48 3
48 17
48 163
48 22
48 95
48 178
48 98
48 154
48 82
48 126
48 100
48 200
48 62
48 42
48 185
48 217
30 136
30 152
30 6
30 3
30 11
30 20
30 123
30 150
30 216
30 31
30 16
30 178
30 80
30 69
30 19
30 104
30 126
30 46
30 108
30 86
30 165
30 200
30 62
30 185
30 1
30 217
136 117
136 137
136 196
136 3
136 106
136 20
136 107
136 192
136 129
136 150
136 31
136 97
136 77
136 16
136 178
136 80
136 82
136 193
136 187
136 200
136 62
136 188
136 110
136 70
164 114
164 196
164 3
164 95
164 129
164 219
164 132
164 216
164 149
164 31
164 178
164 80
164 69
164 19
164 213
164 82
164 104
164 126
164 86
164 100
164 62
164 37
164 158
164 188
164 1
114 138
114 152
114 53
114 163
114 107
114 129
114 216
114 93
114 12
114 10
114 46
114 187
114 200
114 88
114 110
138 117
138 51
138 137
138 53
138 199
138 34
138 6
138 17
138 22
138 20
138 123
138 219
138 132
138 216
138 144
138 77
138 104
138 126
138 46
138 86
138 158
138 185
138 70
152 196
152 34
152 11
152 20
152 107
152 150
152 24
152 149
152 178
152 82
152 100
152 88
152 110
152 1
117 137
117 53
117 91
117 34
117 6
117 22
117 11
117 95
117 20
117 44
117 97
117 16
117 69
117 181
117 193
117 108
117 88
117 37
117 42
117 185
117 94
117 70
51 137
51 199
51 91
51 17
51 22
51 95
51 192
51 149
51 12
51 144
51 102
51 77
51 178
51 10
51 154
51 104
51 88
51 42
51 185
51 70
51 118
137 6
137 22
137 11
137 132
137 102
137 80
137 98
137 82
137 104
137 46
137 181
137 193
137 74
137 111
137 100
137 165
137 187
137 37
137 158
137 185
137 217
137 70
137 118
53 199
53 91
53 17
53 123
53 107
53 219
53 150
53 24
53 31
53 16
53 69
53 10
53 181
53 193
53 108
53 100
53 200
53 188
53 1
53 217
53 94
199 91
199 6
199 17
199 106
199 22
199 123
199 192
199 129
199 44
199 216
199 149
199 97
199 16
199 69
199 10
199 154
199 108
199 74
199 111
199 187
199 200
199 37
199 94
91 34
91 6
91 106
91 11
91 192
91 24
91 216
91 149
91 93
91 144
91 102
91 97
91 154
91 82
91 104
91 46
91 74
91 86
91 100
91 62
91 188
91 185
91 94
196 6
196 17
196 106
196 163
196 20
196 150
196 24
196 216
196 93
196 178
196 80
196 154
196 181
196 193
196 111
196 86
196 62
196 110
196 1
34 6
34 106
34 11
34 20
34 123
34 24
34 44
34 149
34 77
34 10
34 98
34 126
34 181
34 108
34 187
34 37
34 158
34 185
34 70
6 20
6 192
6 129
6 150
6 24
6 44
6 149
6 31
6 12
6 144
6 97
6 178
6 80
6 69
6 98
6 82
6 46
6 181
6 74
6 200
6 37
6 1
6 94
3 17
3 106
3 163
3 22
3 192
3 132
3 216
3 31
3 97
3 16
3 80
3 10
3 98
3 104
3 126
3 193
3 111
3 185
3 110
17 22
17 95
17 123
17 107
17 192
17 129
17 219
17 150
17 216
17 102
17 77
17 69
17 10
17 19
17 82
17 165
17 187
17 200
17 88
17 110
106 11
106 20
106 192
106 44
106 216
106 178
106 19
106 82
106 111
106 100
106 165
106 200
106 62
106 37
106 185
106 110
106 217
163 22
163 123
163 150
163 132
163 44
163 149
163 31
163 97
163 80
163 69
163 148
163 213
163 82
163 104
163 126
163 181
163 108
163 74
163 111
163 200
163 188
163 185
163 110
163 1
163 118
22 132
22 31
22 93
22 97
22 16
22 178
22 10
22 82
22 193
22 86
22 100
22 110
11 107
11 192
11 132
11 44
11 149
11 102
11 178
11 80
11 10
11 19
11 98
11 46
11 181
11 108
11 165
11 200
11 88
11 37
11 110
11 1
11 94
11 70
95 192
95 149
95 97
95 16
95 19
95 154
95 46
95 181
95 193
95 74
95 165
95 200
95 37
95 110
95 217
20 44
20 216
20 12
20 102
20 77
20 16
20 148
20 193
20 86
20 100
20 165
20 37
20 158
20 185
20 110
20 94
20 70
20 118
123 219
123 24
123 44
123 216
123 149
123 31
123 12
123 102
123 16
123 148
123 213
123 126
123 100
123 187
123 88
123 62
123 37
123 70
107 192
107 150
107 149
107 93
107 12
107 97
107 77
107 16
107 178
107 10
107 98
107 213
107 108
107 88
107 185
107 94
107 118
192 24
192 44
192 216
192 149
192 93
192 80
192 10
192 19
192 154
192 126
192 86
192 62
192 37
192 110
192 1
192 70
129 93
129 12
129 148
129 98
129 104
129 46
129 108
129 42
129 217
129 94
219 132
219 216
219 149
219 12
219 144
219 102
219 80
219 10
219 148
219 126
219 193
219 108
219 100
219 165
219 200
219 37
219 158
219 185
219 1
219 70
219 118
150 132
150 44
150 93
150 12
150 69
150 98
150 154
150 213
150 104
150 108
150 74
150 100
150 165
150 37
150 1
150 217
24 44
24 216
24 149
24 97
24 178
24 10
24 19
24 148
24 154
24 213
24 193
24 108
24 74
24 111
24 165
24 37
24 110
24 217
132 216
132 31
132 97
132 16
132 80
132 104
132 126
132 74
132 111
132 86
132 88
132 37
132 188
132 185
132 1
132 217
44 149
44 31
44 93
44 12
44 97
44 16
44 213
44 82
44 126
44 181
44 111
44 165
44 62
44 217
216 149
216 31
216 16
216 19
216 98
216 154
216 46
216 108
216 74
216 88
216 42
216 185
216 1
216 70
149 31
149 93
149 102
149 98
149 154
149 213
149 82
149 181
149 193
31 12
31 144
31 77
31 10
31 148
31 98
31 154
31 82
31 126
31 62
31 158
93 144
93 102
93 69
93 10
93 148
93 213
93 104
93 126
93 108
93 74
93 165
93 37
93 94
93 70
93 118
12 144
12 178
12 80
12 19
12 154
12 104
12 126
12 46
12 100
12 165
12 88
12 185
12 110
12 1
12 217
144 97
144 16
144 80
144 148
144 213
144 104
144 126
144 165
144 42
144 217
144 94
144 70
144 118
102 97
102 16
102 10
102 126
102 193
102 111
102 86
102 165
102 200
102 88
102 62
102 42
102 188
102 1
102 94
97 77
97 213
97 46
97 181
97 111
97 187
97 188
97 110
97 1
97 94
77 178
77 80
77 10
77 126
77 108
77 86
77 165
77 200
77 188
77 1
16 178
16 80
16 10
16 19
16 98
16 154
16 104
16 108
16 86
16 165
16 188
16 110
16 1
16 217
178 69
178 82
178 104
178 46
178 108
178 74
178 100
178 158
178 188
178 185
178 70
80 148
80 98
80 126
80 181
80 108
80 111
80 86
80 100
80 62
80 185
80 1
69 74
69 86
69 100
69 88
69 37
10 148
10 154
10 213
10 82
10 104
10 126
10 100
10 37
10 158
19 104
19 126
19 46
19 181
19 86
19 200
19 42
19 1
19 217
148 213
148 108
148 37
98 126
98 74
98 86
98 165
98 188
98 185
98 1
98 217
154 213
154 193
154 108
154 165
154 88
154 158
154 42
154 110
213 126
213 46
213 187
213 37
213 42
82 46
82 100
82 62
82 188
82 110
82 217
82 94
104 126
104 46
104 193
104 108
104 74
104 88
104 37
104 42
104 217
126 193
126 108
126 86
126 62
126 188
126 185
126 1
126 70
46 86
46 200
46 42
46 185
46 217
46 70
181 193
181 74
181 86
181 88
181 37
181 188
181 110
181 1
181 217
181 118
193 187
193 88
193 37
193 185
193 118
108 187
108 42
108 185
108 110
108 217
74 100
74 42
74 188
74 185
111 86
111 187
111 200
111 110
111 70
86 187
86 88
86 37
86 70
86 118
100 165
100 187
100 62
100 185
100 217
165 187
165 200
165 88
165 37
165 158
165 188
187 200
187 158
187 118
200 42
200 185
88 158
88 42
88 118
62 217
62 118
37 110
37 1
37 217
37 94
158 118
185 110
185 1
185 217
185 70
110 217
110 118
1 94
217 94
217 70
