*verties 196
85
105
67
145
74
69
35
0
132
26
15
197
216
186
102
163
125
195
32
191
51
113
217
115
124
206
22
137
2
199
44
29
150
10
173
203
54
101
215
99
147
24
36
6
114
103
198
1
174
146
47
94
60
185
194
34
148
162
193
120
127
140
76
73
165
28
208
159
81
201
184
189
71
68
182
75
14
55
187
188
50
61
25
37
118
87
108
77
213
175
133
149
119
106
4
92
91
88
210
3
45
65
58
72
152
142
38
95
107
121
11
176
100
183
135
31
21
62
164
171
89
80
170
116
9
57
109
53
154
190
139
63
129
204
161
59
96
157
155
43
123
202
138
97
153
90
16
126
84
180
209
64
207
143
130
27
56
23
151
179
5
111
93
166
19
33
196
41
7
112
46
39
211
78
181
200
131
178
219
117
218
70
52
13
156
82
40
79
205
12
20
49
83
136
177
30
*edges 
85 105
85 67
85 145
85 69
85 26
85 186
85 102
85 163
85 32
85 51
85 22
85 199
85 29
85 10
85 54
85 101
85 147
85 36
85 6
85 114
85 103
85 1
85 174
85 146
85 47
85 60
85 194
85 34
85 148
85 140
85 81
85 184
85 71
85 182
85 75
85 14
85 187
85 188
85 50
85 108
85 213
85 175
85 92
85 152
85 38
85 107
85 11
85 31
85 89
85 80
85 116
85 109
85 190
85 139
85 63
85 157
85 202
85 97
85 126
85 130
85 23
85 151
85 179
85 111
85 93
85 196
85 41
85 112
85 181
85 178
85 219
85 117
85 218
85 52
85 13
85 40
85 205
85 30
105 0
105 186
105 102
105 195
105 32
105 191
105 115
105 124
105 206
105 137
105 44
105 29
105 10
105 99
105 24
105 36
105 6
105 103
105 198
105 1
105 174
105 47
105 94
105 60
105 185
105 127
105 140
105 28
105 201
105 184
105 71
105 75
105 55
105 188
105 61
105 25
105 37
105 213
105 4
105 91
105 65
105 72
105 121
105 176
105 21
105 164
105 89
105 170
105 9
105 57
105 53
105 154
105 190
105 139
105 63
105 157
105 155
105 202
105 153
105 16
105 126
105 56
105 151
105 111
105 93
105 19
105 33
105 39
105 78
105 131
105 178
105 219
105 218
105 70
105 52
105 156
105 79
105 136
105 177
67 145
67 69
67 35
67 132
67 15
67 216
67 186
67 102
67 125
67 113
67 206
67 22
67 137
67 2
67 44
67 29
67 150
67 10
67 173
67 99
67 24
67 36
67 6
67 103
67 47
67 94
67 60
67 34
67 148
67 162
67 193
67 120
67 127
67 140
67 76
67 165
67 81
67 189
67 71
67 68
67 75
67 14
67 187
67 25
67 87
67 108
67 149
67 3
67 65
67 38
67 95
67 107
67 11
67 21
67 62
67 164
67 89
67 80
67 170
67 57
67 109
67 154
67 190
67 129
67 204
67 59
67 157
67 155
67 43
67 123
67 138
67 153
67 16
67 126
67 84
67 180
67 209
67 207
67 27
67 56
67 23
67 151
67 5
67 93
67 33
67 41
67 211
67 200
67 70
67 13
67 156
67 40
67 79
67 205
67 12
67 20
67 136
67 30
145 74
145 69
145 132
145 15
145 197
145 216
145 186
145 125
145 206
145 22
145 137
145 199
145 44
145 29
145 203
145 101
145 215
145 99
145 6
145 103
145 198
145 1
145 146
145 47
145 94
145 185
145 194
145 34
145 76
145 165
145 208
145 159
145 184
145 189
145 71
145 182
145 187
145 25
145 37
145 108
145 213
145 106
145 4
145 88
145 210
145 45
145 142
145 95
145 121
145 11
145 31
145 21
145 62
145 164
145 80
145 170
145 9
145 109
145 154
145 161
145 59
145 96
145 43
145 123
145 138
145 97
145 90
145 126
145 180
145 64
145 207
145 130
145 27
145 56
145 23
145 179
145 93
145 166
145 78
145 70
145 40
145 79
145 205
145 20
145 136
145 177
74 35
74 26
74 197
74 216
74 163
74 125
74 113
74 124
74 137
74 29
74 54
74 147
74 36
74 198
74 146
74 47
74 94
74 60
74 185
74 34
74 148
74 162
74 193
74 120
74 127
74 76
74 73
74 165
74 208
74 81
74 201
74 189
74 68
74 50
74 25
74 118
74 108
74 77
74 175
74 119
74 106
74 92
74 91
74 3
74 65
74 72
74 152
74 38
74 107
74 135
74 80
74 170
74 57
74 109
74 154
74 190
74 96
74 157
74 155
74 123
74 153
74 64
74 130
74 27
74 151
74 111
74 19
74 196
74 7
74 112
74 46
74 78
74 181
74 200
74 131
74 70
74 156
74 82
74 40
74 79
74 12
74 83
74 177
74 30
69 35
69 132
69 197
69 216
69 125
69 191
69 51
69 113
69 115
69 124
69 206
69 22
69 44
69 101
69 215
69 99
69 36
69 6
69 198
69 146
69 60
69 34
69 127
69 140
69 76
69 159
69 81
69 184
69 68
69 182
69 75
69 14
69 188
69 25
69 37
69 118
69 4
69 92
69 88
69 3
69 65
69 152
69 142
69 11
69 100
69 183
69 21
69 62
69 164
69 171
69 89
69 57
69 109
69 53
69 190
69 139
69 63
69 129
69 157
69 43
69 138
69 90
69 16
69 209
69 143
69 130
69 27
69 56
69 111
69 41
69 7
69 112
69 46
69 78
69 181
69 131
69 219
69 218
69 156
69 79
69 205
69 83
69 177
69 30
35 0
35 132
35 186
35 195
35 191
35 113
35 217
35 124
35 137
35 44
35 10
35 203
35 54
35 101
35 215
35 147
35 6
35 114
35 1
35 174
35 146
35 194
35 148
35 193
35 127
35 165
35 28
35 159
35 184
35 182
35 75
35 188
35 50
35 25
35 37
35 77
35 133
35 106
35 4
35 88
35 210
35 3
35 65
35 58
35 72
35 152
35 38
35 95
35 135
35 62
35 171
35 89
35 80
35 9
35 109
35 53
35 154
35 139
35 129
35 59
35 96
35 123
35 202
35 138
35 126
35 84
35 207
35 130
35 179
35 5
35 111
35 166
35 46
35 78
35 131
35 178
35 219
35 70
35 156
35 82
35 40
35 12
35 49
35 136
0 197
0 186
0 195
0 51
0 206
0 22
0 2
0 44
0 150
0 173
0 203
0 54
0 101
0 215
0 99
0 147
0 114
0 103
0 60
0 34
0 120
0 127
0 28
0 81
0 189
0 182
0 75
0 55
0 187
0 50
0 118
0 87
0 77
0 45
0 72
0 107
0 11
0 100
0 135
0 31
0 21
0 171
0 80
0 170
0 116
0 57
0 109
0 53
0 190
0 63
0 129
0 204
0 59
0 157
0 155
0 138
0 153
0 16
0 84
0 180
0 143
0 23
0 5
0 111
0 93
0 19
0 33
0 196
0 39
0 211
0 117
0 70
0 52
0 13
0 40
0 205
0 12
0 30
132 102
132 163
132 32
132 191
132 51
132 113
132 217
132 124
132 206
132 137
132 199
132 44
132 10
132 101
132 99
132 24
132 36
132 103
132 47
132 60
132 120
132 127
132 76
132 73
132 165
132 28
132 208
132 184
132 14
132 188
132 50
132 25
132 37
132 87
132 108
132 77
132 213
132 175
132 133
132 4
132 92
132 210
132 65
132 142
132 38
132 95
132 121
132 183
132 21
132 171
132 170
132 116
132 9
132 57
132 109
132 53
132 129
132 155
132 43
132 97
132 153
132 90
132 16
132 126
132 180
132 209
132 64
132 207
132 130
132 27
132 56
132 151
132 179
132 7
132 112
132 46
132 39
132 211
132 131
132 117
132 218
132 70
132 52
132 156
132 82
132 205
132 136
26 216
26 186
26 191
26 51
26 113
26 217
26 115
26 22
26 137
26 2
26 10
26 203
26 54
26 101
26 215
26 147
26 36
26 114
26 146
26 94
26 60
26 148
26 193
26 140
26 76
26 165
26 159
26 81
26 75
26 55
26 188
26 118
26 77
26 213
26 133
26 88
26 45
26 152
26 95
26 107
26 176
26 100
26 135
26 31
26 164
26 170
26 116
26 9
26 57
26 109
26 154
26 129
26 204
26 59
26 96
26 155
26 202
26 97
26 153
26 16
26 126
26 180
26 209
26 64
26 23
26 5
26 111
26 166
26 19
26 196
26 112
26 39
26 178
26 117
26 70
26 52
26 13
26 156
26 40
26 79
26 12
26 49
26 83
26 177
26 30
15 216
15 186
15 163
15 195
15 115
15 124
15 137
15 44
15 29
15 150
15 203
15 101
15 215
15 99
15 198
15 146
15 47
15 60
15 185
15 194
15 148
15 162
15 120
15 76
15 73
15 165
15 159
15 184
15 189
15 68
15 75
15 14
15 55
15 187
15 37
15 108
15 77
15 175
15 149
15 106
15 65
15 142
15 95
15 107
15 121
15 183
15 135
15 31
15 21
15 164
15 170
15 57
15 53
15 154
15 190
15 139
15 161
15 59
15 202
15 97
15 153
15 126
15 84
15 209
15 64
15 143
15 130
15 23
15 151
15 111
15 33
15 196
15 211
15 200
15 131
15 70
15 13
15 82
15 40
15 79
15 205
15 20
15 49
15 83
15 136
15 177
197 216
197 102
197 195
197 32
197 191
197 51
197 206
197 22
197 199
197 173
197 203
197 215
197 24
197 36
197 6
197 103
197 198
197 1
197 174
197 194
197 34
197 162
197 120
197 127
197 76
197 73
197 28
197 71
197 68
197 14
197 187
197 61
197 37
197 87
197 77
197 213
197 175
197 133
197 119
197 106
197 4
197 3
197 45
197 58
197 152
197 142
197 95
197 121
197 11
197 176
197 171
197 9
197 53
197 190
197 204
197 59
197 96
197 157
197 155
197 43
197 138
197 97
197 153
197 90
197 16
197 126
197 84
197 180
197 130
197 56
197 23
197 111
197 166
197 19
197 33
197 196
197 41
197 39
197 211
197 181
197 219
197 117
197 218
197 70
197 52
197 13
197 156
197 82
197 20
197 49
197 136
197 177
197 30
216 125
216 195
216 32
216 51
216 113
216 115
216 137
216 199
216 173
216 203
216 54
216 101
216 215
216 99
216 147
216 24
216 114
216 146
216 148
216 140
216 76
216 159
216 81
216 184
216 182
216 55
216 187
216 188
216 61
216 118
216 87
216 108
216 175
216 133
216 88
216 3
216 45
216 58
216 152
216 11
216 176
216 100
216 21
216 164
216 9
216 109
216 190
216 139
216 129
216 204
216 161
216 157
216 155
216 43
216 123
216 202
216 138
216 16
216 180
216 207
216 179
216 111
216 93
216 41
216 39
216 78
216 178
216 219
216 218
216 13
216 156
216 82
216 12
216 20
216 83
216 177
186 102
186 163
186 125
186 195
186 191
186 124
186 206
186 137
186 2
186 199
186 29
186 150
186 10
186 54
186 99
186 147
186 24
186 36
186 6
186 114
186 1
186 47
186 34
186 120
186 127
186 140
186 165
186 28
186 208
186 81
186 184
186 189
186 71
186 68
186 14
186 55
186 50
186 37
186 118
186 77
186 213
186 133
186 149
186 106
186 91
186 210
186 3
186 45
186 72
186 38
186 95
186 107
186 176
186 183
186 171
186 89
186 139
186 129
186 204
186 96
186 155
186 153
186 90
186 16
186 84
186 180
186 209
186 207
186 143
186 130
186 56
186 5
186 166
186 19
186 41
186 112
186 46
186 200
186 131
186 218
186 70
186 52
186 13
186 156
186 82
186 40
186 12
186 20
186 83
186 136
186 177
186 30
102 125
102 32
102 191
102 217
102 124
102 22
102 44
102 29
102 101
102 147
102 6
102 146
102 47
102 94
102 60
102 34
102 193
102 140
102 73
102 28
102 208
102 159
102 81
102 201
102 182
102 55
102 188
102 61
102 118
102 108
102 119
102 58
102 142
102 38
102 121
102 31
102 21
102 171
102 89
102 80
102 170
102 109
102 53
102 139
102 63
102 161
102 157
102 155
102 43
102 138
102 209
102 64
102 130
102 27
102 179
102 111
102 166
102 19
102 112
102 39
102 181
102 200
102 70
102 52
102 13
102 156
102 82
102 205
102 12
102 49
102 136
102 30
163 32
163 217
163 124
163 206
163 137
163 199
163 173
163 147
163 24
163 36
163 114
163 1
163 174
163 47
163 94
163 60
163 185
163 194
163 34
163 162
163 140
163 28
163 208
163 159
163 184
163 71
163 68
163 75
163 14
163 37
163 87
163 77
163 149
163 92
163 88
163 45
163 65
163 58
163 72
163 95
163 11
163 100
163 183
163 31
163 62
163 164
163 89
163 80
163 53
163 190
163 129
163 204
163 59
163 43
163 138
163 97
163 90
163 16
163 126
163 209
163 27
163 56
163 23
163 179
163 5
163 93
163 166
163 33
163 196
163 41
163 112
163 39
163 200
163 131
163 178
163 219
163 218
163 70
163 13
163 156
163 82
163 79
163 49
125 195
125 113
125 124
125 22
125 137
125 2
125 215
125 99
125 147
125 24
125 174
125 47
125 94
125 185
125 194
125 34
125 148
125 193
125 120
125 127
125 73
125 28
125 208
125 81
125 201
125 184
125 189
125 71
125 182
125 75
125 55
125 61
125 118
125 87
125 77
125 175
125 149
125 4
125 92
125 88
125 210
125 3
125 45
125 65
125 152
125 95
125 121
125 11
125 135
125 21
125 62
125 171
125 80
125 116
125 53
125 154
125 129
125 161
125 97
125 153
125 16
125 126
125 180
125 64
125 130
125 23
125 5
125 111
125 166
125 19
125 33
125 196
125 7
125 211
125 78
125 131
125 117
125 218
125 70
125 13
125 156
125 205
125 49
125 83
125 136
125 177
195 115
195 124
195 206
195 137
195 150
195 24
195 198
195 1
195 60
195 34
195 127
195 140
195 76
195 165
195 28
195 159
195 81
195 184
195 189
195 71
195 68
195 182
195 75
195 37
195 118
195 108
195 213
195 175
195 133
195 149
195 119
195 106
195 4
195 88
195 210
195 3
195 45
195 58
195 152
195 38
195 11
195 100
195 183
195 135
195 31
195 21
195 170
195 116
195 9
195 57
195 53
195 139
195 161
195 96
195 157
195 43
195 123
195 202
195 153
195 126
195 180
195 209
195 143
195 130
195 56
195 23
195 179
195 166
195 196
195 41
195 46
195 39
195 211
195 200
195 131
195 178
195 218
195 13
195 82
195 205
195 12
195 20
195 136
32 191
32 51
32 113
32 217
32 115
32 22
32 199
32 10
32 54
32 101
32 24
32 36
32 6
32 103
32 198
32 174
32 47
32 60
32 148
32 120
32 140
32 73
32 208
32 81
32 201
32 184
32 189
32 71
32 68
32 188
32 37
32 108
32 175
32 149
32 119
32 106
32 4
32 92
32 91
32 58
32 152
32 142
32 38
32 107
32 121
32 11
32 176
32 135
32 31
32 164
32 89
32 170
32 116
32 109
32 53
32 139
32 204
32 161
32 157
32 155
32 43
32 97
32 90
32 16
32 126
32 84
32 180
32 143
32 27
32 151
32 5
32 19
32 41
32 7
32 112
32 46
32 39
32 181
32 200
32 117
32 218
32 13
32 82
32 79
32 205
32 12
32 30
191 113
191 124
191 2
191 173
191 99
191 1
191 146
191 94
191 185
191 120
191 127
191 76
191 73
191 28
191 201
191 189
191 71
191 182
191 75
191 188
191 61
191 87
191 77
191 213
191 175
191 149
191 119
191 88
191 210
191 45
191 72
191 142
191 95
191 121
191 176
191 135
191 31
191 171
191 89
191 170
191 109
191 53
191 190
191 63
191 204
191 59
191 155
191 43
191 202
191 153
191 90
191 84
191 209
191 207
191 143
191 56
191 179
191 5
191 111
191 93
191 166
191 19
191 39
191 211
191 78
191 178
191 219
191 117
191 218
191 70
191 13
191 156
191 82
191 40
191 79
191 205
191 12
191 20
191 49
191 136
51 113
51 115
51 124
51 22
51 199
51 29
51 99
51 36
51 114
51 103
51 1
51 146
51 185
51 34
51 120
51 127
51 165
51 28
51 208
51 159
51 71
51 182
51 55
51 187
51 188
51 61
51 37
51 108
51 4
51 92
51 91
51 88
51 45
51 65
51 58
51 72
51 152
51 142
51 121
51 176
51 100
51 21
51 171
51 89
51 80
51 109
51 154
51 190
51 63
51 129
51 59
51 157
51 43
51 123
51 84
51 209
51 143
51 56
51 23
51 41
51 211
51 181
51 200
51 131
51 219
51 218
51 52
51 13
51 156
51 82
51 40
51 79
51 12
51 30
113 115
113 206
113 22
113 137
113 2
113 199
113 44
113 29
113 150
113 10
113 173
113 203
113 54
113 99
113 147
113 24
113 36
113 114
113 103
113 198
113 174
113 47
113 94
113 34
113 148
113 120
113 140
113 73
113 165
113 28
113 81
113 71
113 75
113 14
113 55
113 187
113 188
113 50
113 37
113 77
113 213
113 175
113 149
113 119
113 91
113 210
113 45
113 65
113 72
113 11
113 176
113 21
113 80
113 57
113 109
113 63
113 161
113 157
113 97
113 90
113 16
113 209
113 207
113 143
113 130
113 23
113 5
113 93
113 166
113 7
113 39
113 78
113 181
113 200
113 131
113 70
113 13
113 156
113 40
113 205
113 136
113 177
217 124
217 206
217 137
217 29
217 150
217 10
217 203
217 215
217 99
217 24
217 36
217 114
217 1
217 94
217 60
217 194
217 148
217 76
217 165
217 201
217 184
217 189
217 68
217 75
217 87
217 77
217 175
217 133
217 149
217 88
217 210
217 107
217 11
217 176
217 100
217 135
217 171
217 170
217 9
217 57
217 53
217 154
217 139
217 129
217 161
217 96
217 123
217 202
217 138
217 97
217 153
217 90
217 126
217 84
217 209
217 56
217 111
217 93
217 33
217 196
217 46
217 131
217 82
217 79
217 136
217 177
217 30
115 124
115 206
115 22
115 2
115 199
115 44
115 29
115 203
115 54
115 147
115 1
115 47
115 60
115 185
115 194
115 148
115 162
115 140
115 28
115 81
115 201
115 184
115 189
115 187
115 25
115 37
115 87
115 77
115 213
115 133
115 119
115 210
115 58
115 142
115 38
115 95
115 11
115 183
115 135
115 31
115 62
115 164
115 170
115 116
115 9
115 109
115 154
115 139
115 161
115 59
115 96
115 155
115 43
115 153
115 126
115 207
115 27
115 56
115 23
115 111
115 19
115 41
115 7
115 46
115 131
115 178
115 70
115 156
115 79
115 83
115 136
124 29
124 150
124 10
124 99
124 147
124 24
124 114
124 103
124 198
124 146
124 60
124 185
124 162
124 193
124 127
124 140
124 76
124 73
124 165
124 28
124 208
124 159
124 81
124 189
124 71
124 68
124 182
124 75
124 55
124 188
124 50
124 25
124 37
124 118
124 133
124 149
124 88
124 65
124 152
124 38
124 95
124 121
124 11
124 100
124 31
124 62
124 89
124 116
124 154
124 139
124 129
124 204
124 155
124 43
124 202
124 138
124 97
124 126
124 130
124 179
124 46
124 39
124 78
124 181
124 131
124 219
124 70
124 13
124 79
124 205
124 83
124 136
124 30
206 22
206 199
206 44
206 10
206 54
206 101
206 215
206 99
206 36
206 94
206 60
206 148
206 120
206 140
206 73
206 165
206 159
206 81
206 189
206 71
206 55
206 25
206 118
206 108
206 77
206 175
206 133
206 210
206 95
206 11
206 100
206 135
206 21
206 171
206 170
206 116
206 9
206 154
206 139
206 129
206 155
206 43
206 202
206 138
206 153
206 16
206 84
206 180
206 64
206 207
206 130
206 27
206 56
206 23
206 111
206 19
206 196
206 112
206 46
206 39
206 78
206 181
206 200
206 178
206 117
206 218
206 52
206 13
206 82
206 40
206 30
22 44
22 29
22 150
22 10
22 54
22 99
22 24
22 36
22 114
22 1
22 174
22 148
22 162
22 120
22 127
22 140
22 73
22 165
22 208
22 81
22 201
22 184
22 14
22 50
22 87
22 108
22 77
22 133
22 119
22 106
22 4
22 45
22 58
22 95
22 107
22 121
22 176
22 100
22 183
22 21
22 170
22 116
22 53
22 154
22 190
22 139
22 161
22 157
22 155
22 153
22 180
22 209
22 143
22 111
22 93
22 196
22 41
22 112
22 46
22 211
22 181
22 131
22 178
22 219
22 117
22 218
22 70
22 156
22 82
22 79
22 12
22 49
22 177
22 30
137 173
137 203
137 99
137 147
137 24
137 6
137 114
137 1
137 60
137 185
137 148
137 120
137 127
137 140
137 73
137 165
137 189
137 71
137 68
137 75
137 55
137 187
137 188
137 61
137 25
137 37
137 108
137 213
137 106
137 4
137 58
137 95
137 107
137 183
137 135
137 62
137 89
137 80
137 170
137 57
137 109
137 63
137 204
137 59
137 155
137 97
137 90
137 126
137 180
137 64
137 143
137 130
137 27
137 56
137 23
137 93
137 19
137 41
137 112
137 181
137 131
137 178
137 13
137 156
137 82
137 79
137 12
137 20
137 136
2 54
2 101
2 36
2 6
2 146
2 47
2 120
2 127
2 140
2 76
2 73
2 28
2 208
2 159
2 184
2 75
2 14
2 187
2 61
2 118
2 77
2 91
2 88
2 45
2 65
2 58
2 95
2 11
2 176
2 100
2 164
2 89
2 9
2 57
2 139
2 204
2 59
2 96
2 97
2 153
2 90
2 126
2 180
2 209
2 64
2 207
2 27
2 23
2 5
2 93
2 166
2 33
2 7
2 211
2 78
2 131
2 219
2 52
2 13
2 205
2 20
2 49
2 136
199 150
199 10
199 203
199 99
199 147
199 24
199 36
199 6
199 114
199 103
199 1
199 146
199 185
199 162
199 140
199 76
199 73
199 165
199 208
199 189
199 188
199 50
199 25
199 37
199 118
199 133
199 106
199 92
199 91
199 45
199 65
199 58
199 121
199 11
199 183
199 135
199 21
199 164
199 171
199 80
199 170
199 116
199 57
199 53
199 154
199 139
199 129
199 161
199 96
199 123
199 84
199 180
199 209
199 207
199 27
199 151
199 111
199 93
199 166
199 33
199 41
199 7
199 39
199 211
199 200
199 131
199 178
199 219
199 218
199 70
199 13
199 40
199 20
199 49
199 177
199 30
44 29
44 10
44 54
44 215
44 99
44 147
44 36
44 6
44 103
44 1
44 94
44 194
44 148
44 162
44 193
44 76
44 73
44 165
44 28
44 208
44 159
44 81
44 201
44 71
44 75
44 14
44 37
44 118
44 87
44 77
44 149
44 210
44 3
44 152
44 38
44 107
44 11
44 100
44 135
44 31
44 62
44 80
44 190
44 63
44 204
44 157
44 97
44 126
44 180
44 64
44 130
44 23
44 179
44 5
44 166
44 41
44 7
44 112
44 46
44 211
44 200
44 131
44 219
44 117
44 52
44 13
44 40
44 79
44 205
44 30
29 150
29 203
29 24
29 114
29 103
29 198
29 47
29 94
29 60
29 185
29 148
29 120
29 73
29 28
29 159
29 81
29 201
29 184
29 68
29 182
29 14
29 55
29 187
29 188
29 50
29 118
29 87
29 77
29 175
29 106
29 4
29 92
29 210
29 3
29 65
29 72
29 152
29 121
29 11
29 176
29 31
29 164
29 89
29 9
29 57
29 109
29 53
29 154
29 139
29 63
29 129
29 161
29 155
29 202
29 138
29 153
29 90
29 16
29 84
29 143
29 130
29 27
29 111
29 93
29 166
29 33
29 112
29 46
29 211
29 78
29 200
29 131
29 218
29 13
29 82
29 79
29 20
150 10
150 173
150 203
150 215
150 6
150 198
150 1
150 47
150 120
150 140
150 76
150 73
150 165
150 184
150 189
150 71
150 68
150 55
150 187
150 188
150 25
150 118
150 108
150 175
150 149
150 106
150 3
150 65
150 58
150 152
150 95
150 121
150 100
150 31
150 170
150 116
150 9
150 53
150 154
150 129
150 204
150 161
150 59
150 96
150 43
150 123
150 126
150 209
150 143
150 27
150 23
150 151
150 179
150 5
150 111
150 93
150 19
150 33
150 7
150 46
150 211
150 78
150 131
150 178
150 117
150 156
150 82
150 49
10 203
10 54
10 147
10 36
10 198
10 1
10 146
10 47
10 94
10 185
10 194
10 148
10 162
10 120
10 165
10 28
10 81
10 201
10 68
10 75
10 55
10 187
10 188
10 61
10 118
10 87
10 77
10 175
10 4
10 91
10 88
10 3
10 45
10 65
10 58
10 72
10 152
10 121
10 11
10 176
10 100
10 183
10 135
10 31
10 62
10 171
10 80
10 57
10 109
10 53
10 139
10 63
10 204
10 161
10 96
10 157
10 123
10 138
10 16
10 126
10 64
10 130
10 179
10 111
10 93
10 19
10 33
10 196
10 46
10 39
10 78
10 178
10 70
10 82
10 79
10 12
10 177
173 215
173 147
173 114
173 103
173 146
173 194
173 162
173 120
173 140
173 76
173 73
173 28
173 159
173 184
173 189
173 182
173 75
173 14
173 25
173 37
173 87
173 108
173 106
173 210
173 3
173 142
173 38
173 107
173 176
173 100
173 135
173 31
173 89
173 80
173 116
173 57
173 154
173 204
173 96
173 123
173 16
173 126
173 209
173 64
173 207
173 143
173 27
173 56
173 151
173 111
173 93
173 166
173 33
173 196
173 7
173 112
173 46
173 181
173 200
173 131
173 178
173 219
173 117
173 82
173 79
173 20
173 136
203 54
203 101
203 215
203 99
203 24
203 114
203 103
203 1
203 146
203 47
203 94
203 194
203 34
203 162
203 193
203 140
203 165
203 208
203 189
203 71
203 68
203 182
203 75
203 14
203 55
203 25
203 37
203 108
203 213
203 175
203 133
203 92
203 65
203 58
203 72
203 152
203 107
203 11
203 21
203 62
203 89
203 116
203 9
203 109
203 154
203 63
203 129
203 161
203 59
203 96
203 155
203 43
203 138
203 97
203 90
203 16
203 84
203 64
203 130
203 56
203 23
203 33
203 41
203 7
203 112
203 46
203 211
203 181
203 178
203 219
203 218
203 70
203 82
203 40
203 205
203 83
203 30
54 101
54 24
54 114
54 103
54 174
54 194
54 148
54 162
54 193
54 127
54 140
54 159
54 81
54 201
54 71
54 182
54 75
54 25
54 77
54 149
54 106
54 92
54 88
54 210
54 3
54 45
54 152
54 107
54 121
54 100
54 183
54 135
54 31
54 62
54 80
54 170
54 109
54 154
54 190
54 139
54 63
54 157
54 155
54 16
54 126
54 84
54 180
54 143
54 27
54 111
54 19
54 112
54 78
54 13
54 156
54 82
54 40
54 83
54 30
101 215
101 99
101 147
101 24
101 114
101 198
101 146
101 94
101 60
101 34
101 162
101 127
101 140
101 76
101 28
101 68
101 182
101 75
101 55
101 61
101 25
101 37
101 118
101 87
101 108
101 133
101 149
101 106
101 4
101 88
101 65
101 58
101 72
101 142
101 135
101 31
101 21
101 164
101 171
101 89
101 80
101 53
101 161
101 96
101 155
101 43
101 202
101 84
101 209
101 64
101 143
101 56
101 151
101 179
101 93
101 19
101 33
101 7
101 46
101 211
101 131
101 219
101 117
101 218
101 70
101 13
101 82
101 79
101 20
101 30
215 99
215 24
215 103
215 47
215 34
215 127
215 28
215 184
215 189
215 68
215 182
215 14
215 55
215 187
215 188
215 37
215 77
215 175
215 133
215 119
215 4
215 92
215 91
215 88
215 3
215 45
215 152
215 11
215 100
215 21
215 164
215 171
215 80
215 170
215 57
215 109
215 53
215 154
215 129
215 161
215 59
215 123
215 153
215 180
215 209
215 143
215 5
215 111
215 93
215 33
215 196
215 7
215 112
215 46
215 78
215 181
215 200
215 178
215 117
215 218
215 52
215 82
215 205
215 12
215 20
215 49
215 136
215 30
99 147
99 24
99 6
99 103
99 1
99 174
99 185
99 148
99 120
99 127
99 208
99 189
99 14
99 187
99 118
99 87
99 108
99 133
99 119
99 106
99 91
99 88
99 210
99 72
99 142
99 38
99 107
99 121
99 11
99 135
99 62
99 164
99 171
99 89
99 170
99 116
99 109
99 139
99 161
99 96
99 157
99 43
99 123
99 138
99 153
99 90
99 84
99 180
99 64
99 207
99 5
99 111
99 166
99 19
99 33
99 41
99 7
99 39
99 211
99 181
99 131
99 117
99 13
99 82
99 40
99 205
99 49
99 83
99 177
147 36
147 114
147 198
147 47
147 94
147 60
147 148
147 120
147 140
147 165
147 208
147 81
147 201
147 184
147 189
147 71
147 14
147 187
147 61
147 37
147 108
147 133
147 149
147 106
147 45
147 65
147 58
147 95
147 107
147 121
147 11
147 100
147 135
147 62
147 164
147 80
147 9
147 57
147 53
147 154
147 63
147 129
147 204
147 59
147 157
147 155
147 43
147 123
147 97
147 126
147 180
147 209
147 64
147 56
147 23
147 151
147 5
147 111
147 166
147 196
147 7
147 112
147 46
147 39
147 78
147 181
147 131
147 178
147 117
147 13
147 82
147 79
147 20
147 136
147 30
24 36
24 6
24 103
24 198
24 1
24 174
24 162
24 193
24 127
24 28
24 159
24 201
24 184
24 71
24 25
24 37
24 213
24 149
24 119
24 91
24 210
24 45
24 65
24 58
24 142
24 38
24 107
24 11
24 100
24 135
24 21
24 164
24 171
24 89
24 116
24 9
24 57
24 53
24 154
24 139
24 129
24 161
24 138
24 97
24 153
24 126
24 143
24 130
24 111
24 19
24 33
24 196
24 7
24 46
24 78
24 200
24 131
24 178
24 218
24 70
24 156
24 177
24 30
36 114
36 103
36 198
36 146
36 47
36 60
36 185
36 162
36 193
36 120
36 127
36 76
36 165
36 184
36 182
36 75
36 14
36 55
36 188
36 213
36 175
36 149
36 4
36 210
36 45
36 58
36 152
36 142
36 38
36 107
36 121
36 183
36 21
36 62
36 171
36 80
36 116
36 109
36 154
36 139
36 161
36 96
36 157
36 155
36 43
36 202
36 138
36 153
36 207
36 130
36 27
36 56
36 111
36 19
36 196
36 7
36 112
36 211
36 78
36 200
36 131
36 117
36 218
36 70
36 13
36 156
36 40
36 205
36 20
36 49
36 83
36 177
6 103
6 198
6 1
6 174
6 146
6 60
6 127
6 73
6 28
6 208
6 159
6 81
6 189
6 75
6 14
6 55
6 187
6 25
6 37
6 108
6 149
6 119
6 4
6 92
6 3
6 58
6 95
6 121
6 183
6 135
6 31
6 21
6 62
6 89
6 116
6 9
6 109
6 154
6 139
6 161
6 96
6 155
6 43
6 123
6 90
6 16
6 180
6 64
6 207
6 143
6 56
6 23
6 111
6 166
6 41
6 181
6 131
6 218
6 52
6 13
6 82
6 205
6 49
6 136
6 30
114 103
114 198
114 1
114 174
114 146
114 60
114 185
114 34
114 148
114 127
114 140
114 81
114 201
114 184
114 188
114 106
114 92
114 91
114 88
114 45
114 58
114 72
114 152
114 142
114 38
114 11
114 176
114 183
114 164
114 171
114 80
114 116
114 57
114 53
114 154
114 63
114 129
114 204
114 161
114 59
114 157
114 155
114 43
114 153
114 90
114 126
114 180
114 209
114 143
114 130
114 5
114 93
114 19
114 7
114 112
114 211
114 181
114 131
114 218
114 52
114 13
114 82
114 40
114 205
114 49
114 83
114 30
103 198
103 1
103 47
103 194
103 148
103 127
103 76
103 28
103 81
103 189
103 68
103 182
103 14
103 50
103 25
103 108
103 213
103 175
103 119
103 106
103 3
103 45
103 58
103 72
103 152
103 38
103 107
103 100
103 183
103 89
103 170
103 116
103 109
103 53
103 204
103 155
103 43
103 123
103 202
103 209
103 64
103 207
103 143
103 27
103 151
103 93
103 166
103 41
103 7
103 46
103 181
103 178
103 219
103 117
103 218
103 52
103 40
103 205
103 49
103 83
103 30
198 174
198 60
198 185
198 34
198 148
198 127
198 140
198 76
198 208
198 81
198 184
198 182
198 75
198 55
198 25
198 175
198 149
198 119
198 4
198 65
198 58
198 72
198 107
198 176
198 100
198 135
198 31
198 21
198 164
198 171
198 9
198 57
198 53
198 154
198 123
198 138
198 153
198 84
198 180
198 207
198 27
198 111
198 33
198 196
198 41
198 7
198 112
198 46
198 78
198 178
198 117
198 13
198 156
198 205
198 12
198 177
1 94
1 60
1 185
1 194
1 162
1 120
1 127
1 140
1 73
1 159
1 81
1 201
1 189
1 68
1 187
1 188
1 61
1 37
1 87
1 213
1 175
1 149
1 119
1 4
1 92
1 95
1 121
1 135
1 31
1 21
1 164
1 80
1 57
1 109
1 154
1 190
1 139
1 161
1 155
1 43
1 123
1 97
1 153
1 180
1 209
1 207
1 143
1 27
1 151
1 179
1 19
1 33
1 196
1 41
1 7
1 46
1 211
1 78
1 181
1 178
1 117
1 218
1 70
1 13
1 156
1 79
1 205
1 20
1 136
1 177
1 30
174 60
174 194
174 127
174 140
174 73
174 165
174 28
174 159
174 81
174 189
174 75
174 14
174 188
174 61
174 118
174 108
174 77
174 213
174 119
174 4
174 92
174 210
174 152
174 142
174 38
174 95
174 121
174 135
174 31
174 62
174 80
174 190
174 139
174 161
174 59
174 96
174 157
174 155
174 123
174 202
174 138
174 153
174 16
174 84
174 180
174 64
174 130
174 151
174 179
174 93
174 166
174 19
174 112
174 46
174 78
174 181
174 178
174 219
174 117
174 52
174 82
174 40
174 79
174 12
174 83
174 136
174 30
146 60
146 185
146 194
146 34
146 148
146 120
146 127
146 140
146 73
146 165
146 208
146 81
146 184
146 189
146 71
146 68
146 75
146 55
146 118
146 213
146 175
146 133
146 149
146 106
146 4
146 88
146 210
146 3
146 65
146 152
146 107
146 11
146 176
146 100
146 31
146 171
146 116
146 9
146 57
146 53
146 139
146 161
146 59
146 138
146 16
146 180
146 209
146 64
146 207
146 130
146 56
146 23
146 151
146 111
146 46
146 39
146 78
146 181
146 117
146 70
146 79
146 12
146 49
146 136
146 30
47 194
47 162
47 193
47 28
47 81
47 201
47 71
47 68
47 75
47 61
47 25
47 118
47 77
47 133
47 119
47 4
47 91
47 88
47 210
47 58
47 152
47 121
47 11
47 176
47 31
47 21
47 171
47 80
47 57
47 109
47 190
47 63
47 161
47 96
47 16
47 180
47 143
47 56
47 23
47 179
47 5
47 196
47 41
47 7
47 112
47 46
47 39
47 211
47 200
47 131
47 178
47 218
47 70
47 156
47 82
47 12
47 20
47 49
47 83
47 30
94 185
94 194
94 148
94 120
94 76
94 159
94 81
94 201
94 184
94 189
94 68
94 75
94 55
94 188
94 61
94 87
94 77
94 213
94 175
94 133
94 149
94 106
94 91
94 88
94 210
94 3
94 65
94 58
94 72
94 152
94 38
94 95
94 121
94 11
94 135
94 62
94 116
94 53
94 190
94 139
94 204
94 155
94 43
94 138
94 97
94 90
94 180
94 209
94 207
94 56
94 23
94 151
94 166
94 196
94 112
94 200
94 219
94 117
94 218
94 82
94 79
94 49
94 83
94 30
60 73
60 28
60 159
60 81
60 71
60 182
60 75
60 188
60 50
60 25
60 108
60 213
60 175
60 133
60 149
60 119
60 106
60 45
60 65
60 38
60 107
60 121
60 176
60 183
60 135
60 31
60 171
60 170
60 9
60 57
60 139
60 59
60 157
60 43
60 123
60 202
60 138
60 84
60 180
60 207
60 27
60 56
60 23
60 151
60 196
60 7
60 112
60 39
60 181
60 200
60 131
60 218
60 70
60 52
60 13
60 79
60 205
60 12
60 83
60 136
185 162
185 193
185 120
185 140
185 76
185 73
185 81
185 184
185 189
185 71
185 182
185 37
185 118
185 108
185 77
185 213
185 106
185 91
185 88
185 65
185 152
185 95
185 176
185 183
185 31
185 21
185 170
185 116
185 9
185 109
185 190
185 139
185 63
185 43
185 123
185 138
185 16
185 126
185 180
185 209
185 143
185 151
185 5
185 93
185 166
185 7
185 211
185 78
185 178
185 219
185 117
185 70
185 79
185 12
185 49
185 177
194 34
194 193
194 73
194 165
194 28
194 208
194 159
194 201
194 184
194 182
194 14
194 188
194 61
194 37
194 108
194 149
194 4
194 88
194 210
194 3
194 45
194 65
194 72
194 107
194 121
194 176
194 100
194 62
194 171
194 89
194 170
194 109
194 53
194 154
194 190
194 63
194 204
194 59
194 123
194 90
194 64
194 56
194 23
194 5
194 111
194 19
194 196
194 112
194 211
194 70
194 156
194 82
194 79
194 205
194 12
194 49
194 136
194 177
194 30
34 162
34 120
34 140
34 28
34 159
34 81
34 71
34 182
34 55
34 25
34 118
34 108
34 77
34 213
34 175
34 133
34 149
34 106
34 91
34 88
34 210
34 3
34 72
34 142
34 176
34 21
34 171
34 89
34 80
34 170
34 116
34 9
34 57
34 63
34 161
34 59
34 157
34 155
34 97
34 153
34 126
34 180
34 209
34 64
34 143
34 130
34 23
34 151
34 111
34 19
34 33
34 41
34 7
34 112
34 46
34 211
34 181
34 200
34 131
34 178
34 219
34 117
34 70
34 156
34 82
34 205
34 20
34 83
148 162
148 193
148 127
148 165
148 159
148 68
148 14
148 187
148 188
148 61
148 25
148 37
148 108
148 119
148 106
148 4
148 3
148 72
148 142
148 38
148 95
148 121
148 11
148 183
148 31
148 21
148 62
148 171
148 9
148 154
148 204
148 161
148 59
148 157
148 202
148 138
148 97
148 153
148 90
148 16
148 27
148 179
148 111
148 93
148 166
148 19
148 41
148 7
148 112
148 78
148 181
148 131
148 178
148 219
148 218
148 52
148 156
148 82
148 40
148 79
148 49
148 136
148 177
162 76
162 165
162 208
162 81
162 201
162 184
162 189
162 68
162 182
162 14
162 188
162 37
162 118
162 108
162 77
162 175
162 119
162 4
162 92
162 91
162 45
162 65
162 58
162 38
162 95
162 11
162 100
162 183
162 21
162 164
162 171
162 80
162 170
162 116
162 57
162 109
162 154
162 204
162 59
162 157
162 43
162 123
162 202
162 138
162 97
162 153
162 16
162 126
162 84
162 64
162 27
162 23
162 151
162 179
162 5
162 93
162 166
162 196
162 7
162 39
162 211
162 78
162 178
162 70
162 156
162 205
162 12
162 83
162 177
193 120
193 127
193 73
193 159
193 201
193 75
193 55
193 25
193 213
193 175
193 149
193 119
193 106
193 92
193 91
193 88
193 210
193 3
193 58
193 72
193 38
193 176
193 100
193 135
193 31
193 21
193 62
193 164
193 171
193 170
193 116
193 9
193 53
193 154
193 190
193 59
193 157
193 43
193 202
193 153
193 84
193 180
193 143
193 56
193 151
193 179
193 5
193 111
193 93
193 7
193 112
193 46
193 181
193 200
193 219
193 52
193 156
193 82
193 79
193 12
193 20
193 49
193 177
193 30
120 127
120 140
120 76
120 165
120 28
120 208
120 159
120 189
120 71
120 182
120 55
120 187
120 50
120 25
120 118
120 87
120 77
120 175
120 92
120 91
120 210
120 45
120 65
120 58
120 152
120 142
120 95
120 11
120 183
120 135
120 170
120 116
120 9
120 53
120 139
120 63
120 129
120 59
120 157
120 153
120 90
120 16
120 84
120 180
120 209
120 207
120 56
120 111
120 166
120 19
120 33
120 112
120 46
120 39
120 181
120 178
120 219
120 117
120 156
120 20
120 49
120 136
120 30
127 140
127 76
127 165
127 184
127 189
127 68
127 75
127 50
127 61
127 37
127 213
127 133
127 119
127 4
127 91
127 210
127 3
127 95
127 11
127 183
127 135
127 170
127 57
127 96
127 157
127 155
127 43
127 153
127 16
127 126
127 180
127 207
127 143
127 130
127 56
127 151
127 179
127 5
127 19
127 196
127 7
127 181
127 178
127 117
127 218
127 13
127 156
127 12
127 83
127 177
140 73
140 14
140 50
140 61
140 37
140 118
140 149
140 119
140 92
140 91
140 88
140 210
140 3
140 65
140 58
140 152
140 38
140 95
140 107
140 11
140 135
140 171
140 116
140 9
140 109
140 53
140 154
140 204
140 59
140 123
140 202
140 153
140 126
140 180
140 143
140 56
140 151
140 179
140 5
140 111
140 93
140 166
140 7
140 46
140 211
140 200
140 131
140 79
140 205
140 49
140 136
76 184
76 182
76 187
76 188
76 118
76 87
76 213
76 119
76 4
76 92
76 3
76 45
76 65
76 152
76 142
76 38
76 95
76 11
76 21
76 62
76 89
76 170
76 9
76 53
76 154
76 96
76 97
76 180
76 64
76 130
76 27
76 23
76 151
76 179
76 166
76 19
76 41
76 46
76 39
76 200
76 131
76 70
76 52
76 13
76 156
76 82
76 12
76 49
76 83
76 136
76 177
73 165
73 208
73 184
73 68
73 182
73 50
73 25
73 4
73 92
73 88
73 210
73 3
73 45
73 58
73 72
73 152
73 142
73 95
73 107
73 121
73 176
73 183
73 62
73 164
73 171
73 89
73 116
73 57
73 109
73 53
73 154
73 63
73 161
73 59
73 96
73 155
73 43
73 97
73 153
73 90
73 126
73 84
73 180
73 209
73 64
73 207
73 143
73 130
73 56
73 151
73 179
73 33
73 41
73 7
73 46
73 78
73 181
73 131
73 219
73 117
73 218
73 70
73 156
73 12
73 20
73 49
73 136
73 177
165 208
165 81
165 182
165 75
165 14
165 188
165 50
165 37
165 118
165 108
165 77
165 213
165 175
165 133
165 119
165 92
165 88
165 210
165 3
165 65
165 58
165 72
165 152
165 142
165 107
165 11
165 183
165 135
165 31
165 80
165 116
165 57
165 154
165 190
165 129
165 96
165 155
165 123
165 153
165 90
165 16
165 126
165 180
165 209
165 207
165 143
165 27
165 5
165 93
165 166
165 33
165 196
165 7
165 112
165 39
165 78
165 181
165 200
165 131
165 219
165 70
165 13
165 156
165 40
165 205
165 136
28 201
28 71
28 182
28 187
28 50
28 25
28 118
28 108
28 213
28 175
28 119
28 4
28 91
28 210
28 3
28 72
28 142
28 107
28 121
28 11
28 176
28 100
28 183
28 62
28 171
28 89
28 80
28 170
28 9
28 109
28 190
28 139
28 204
28 161
28 59
28 96
28 155
28 123
28 90
28 64
28 207
28 130
28 27
28 56
28 23
28 179
28 5
28 19
28 33
28 196
28 41
28 46
28 78
28 178
28 52
28 156
28 79
28 12
28 20
28 49
28 177
28 30
208 201
208 55
208 188
208 50
208 61
208 25
208 37
208 108
208 213
208 175
208 119
208 4
208 92
208 91
208 88
208 3
208 65
208 72
208 152
208 38
208 11
208 100
208 31
208 21
208 62
208 164
208 170
208 116
208 9
208 57
208 109
208 129
208 204
208 59
208 157
208 90
208 16
208 84
208 180
208 64
208 207
208 130
208 56
208 196
208 41
208 46
208 39
208 211
208 181
208 200
208 131
208 219
208 218
208 70
208 40
208 12
208 136
208 177
159 201
159 184
159 68
159 55
159 187
159 25
159 108
159 133
159 149
159 91
159 210
159 3
159 45
159 65
159 58
159 95
159 121
159 100
159 21
159 62
159 116
159 57
159 109
159 53
159 154
159 190
159 139
159 63
159 161
159 96
159 126
159 180
159 207
159 143
159 130
159 56
159 23
159 151
159 93
159 46
159 39
159 78
159 181
159 131
159 178
159 117
159 13
159 156
159 82
159 49
159 83
159 136
159 30
81 201
81 184
81 189
81 71
81 68
81 182
81 14
81 55
81 188
81 50
81 61
81 25
81 37
81 87
81 108
81 133
81 106
81 92
81 88
81 210
81 45
81 58
81 95
81 11
81 135
81 171
81 80
81 170
81 57
81 63
81 129
81 204
81 161
81 59
81 96
81 157
81 123
81 202
81 97
81 90
81 84
81 180
81 209
81 64
81 207
81 151
81 5
81 93
81 196
81 7
81 112
81 46
81 39
81 211
81 131
81 178
81 117
81 20
81 177
81 30
201 184
201 189
201 14
201 55
201 188
201 50
201 61
201 25
201 87
201 119
201 91
201 88
201 210
201 58
201 142
201 38
201 95
201 107
201 121
201 176
201 135
201 164
201 170
201 116
201 139
201 157
201 202
201 97
201 153
201 16
201 84
201 207
201 143
201 27
201 56
201 151
201 5
201 111
201 93
201 19
201 41
201 7
201 39
201 211
201 181
201 200
201 131
201 117
201 156
201 82
201 40
201 79
201 12
201 30
184 71
184 68
184 14
184 187
184 61
184 4
184 92
184 91
184 88
184 3
184 45
184 65
184 58
184 142
184 38
184 95
184 107
184 183
184 135
184 21
184 62
184 171
184 89
184 80
184 57
184 154
184 190
184 63
184 204
184 161
184 96
184 157
184 43
184 123
184 202
184 153
184 126
184 180
184 130
184 151
184 5
184 111
184 19
184 33
184 196
184 112
184 78
184 200
184 219
184 117
184 218
184 156
184 79
184 205
184 20
184 49
184 30
189 68
189 182
189 75
189 14
189 187
189 188
189 50
189 37
189 175
189 149
189 106
189 3
189 45
189 65
189 58
189 72
189 152
189 38
189 121
189 11
189 176
189 100
189 183
189 31
189 89
189 109
189 154
189 190
189 63
189 204
189 59
189 96
189 202
189 97
189 126
189 209
189 64
189 23
189 151
189 179
189 93
189 166
189 33
189 196
189 41
189 112
189 46
189 78
189 181
189 178
189 219
189 117
189 218
189 52
189 13
189 82
189 40
189 205
189 12
189 49
189 30
71 68
71 182
71 75
71 55
71 50
71 77
71 119
71 106
71 92
71 88
71 210
71 3
71 65
71 100
71 183
71 21
71 62
71 80
71 170
71 109
71 154
71 139
71 63
71 129
71 204
71 96
71 157
71 43
71 202
71 97
71 16
71 126
71 180
71 209
71 207
71 143
71 130
71 27
71 23
71 179
71 5
71 166
71 7
71 112
71 39
71 181
71 178
71 219
71 218
71 156
71 82
71 12
71 83
71 136
71 177
71 30
68 75
68 50
68 25
68 118
68 87
68 108
68 213
68 175
68 149
68 119
68 4
68 92
68 91
68 88
68 210
68 3
68 45
68 152
68 142
68 38
68 121
68 11
68 176
68 21
68 62
68 164
68 80
68 57
68 109
68 154
68 59
68 96
68 155
68 43
68 123
68 138
68 126
68 207
68 143
68 27
68 151
68 179
68 111
68 166
68 33
68 41
68 112
68 46
68 78
68 181
68 131
68 178
68 117
68 218
68 70
68 156
68 205
68 83
182 75
182 14
182 118
182 108
182 149
182 4
182 91
182 88
182 65
182 121
182 11
182 176
182 100
182 21
182 62
182 164
182 171
182 154
182 190
182 139
182 129
182 59
182 97
182 153
182 90
182 84
182 209
182 64
182 143
182 23
182 151
182 5
182 166
182 39
182 211
182 78
182 178
182 70
182 52
182 13
182 82
182 49
182 83
182 30
75 188
75 50
75 25
75 37
75 108
75 77
75 213
75 88
75 210
75 3
75 65
75 58
75 72
75 152
75 38
75 100
75 135
75 164
75 89
75 80
75 170
75 116
75 9
75 57
75 190
75 139
75 63
75 204
75 96
75 155
75 123
75 209
75 143
75 130
75 27
75 23
75 151
75 41
75 112
75 46
75 78
75 178
75 218
75 156
75 205
75 12
75 20
14 118
14 108
14 77
14 175
14 149
14 92
14 91
14 210
14 58
14 72
14 142
14 38
14 95
14 100
14 135
14 21
14 164
14 57
14 53
14 154
14 190
14 63
14 129
14 204
14 59
14 157
14 43
14 153
14 64
14 130
14 23
14 5
14 111
14 166
14 112
14 211
14 181
14 200
14 219
14 117
14 70
14 156
14 40
14 205
14 20
14 136
14 177
14 30
55 187
55 188
55 61
55 25
55 87
55 77
55 213
55 133
55 149
55 4
55 88
55 210
55 3
55 65
55 58
55 11
55 100
55 183
55 135
55 21
55 89
55 170
55 116
55 53
55 63
55 129
55 161
55 96
55 157
55 43
55 123
55 138
55 84
55 207
55 143
55 130
55 27
55 56
55 179
55 5
55 111
55 93
55 166
55 19
55 33
55 196
55 41
55 7
55 46
55 39
55 211
55 78
55 131
55 178
55 219
55 218
55 52
55 13
55 82
55 79
55 205
55 83
55 136
55 30
187 188
187 50
187 61
187 118
187 87
187 213
187 175
187 133
187 106
187 91
187 88
187 58
187 142
187 95
187 176
187 100
187 31
187 80
187 170
187 9
187 57
187 53
187 154
187 190
187 139
187 63
187 161
187 59
187 96
187 155
187 43
187 202
187 138
187 97
187 209
187 207
187 143
187 56
187 111
187 93
187 166
187 19
187 196
187 7
187 78
187 131
187 178
187 70
187 13
187 40
187 79
187 205
187 12
187 49
187 177
187 30
188 61
188 118
188 175
188 133
188 149
188 119
188 106
188 4
188 45
188 65
188 152
188 121
188 176
188 100
188 135
188 21
188 62
188 116
188 57
188 154
188 190
188 204
188 202
188 97
188 90
188 180
188 209
188 64
188 27
188 5
188 93
188 166
188 196
188 112
188 46
188 181
188 178
188 70
188 40
188 205
188 49
188 83
188 30
50 61
50 25
50 118
50 108
50 175
50 106
50 4
50 92
50 88
50 210
50 3
50 65
50 72
50 38
50 95
50 11
50 135
50 89
50 80
50 9
50 53
50 190
50 139
50 129
50 204
50 161
50 157
50 155
50 123
50 202
50 97
50 16
50 84
50 151
50 111
50 7
50 46
50 181
50 200
50 218
50 13
50 40
50 12
61 37
61 118
61 87
61 77
61 213
61 175
61 133
61 4
61 88
61 210
61 3
61 65
61 58
61 72
61 152
61 107
61 176
61 100
61 183
61 62
61 164
61 171
61 80
61 116
61 109
61 63
61 204
61 96
61 155
61 138
61 16
61 180
61 64
61 27
61 23
61 151
61 5
61 166
61 196
61 112
61 200
61 52
61 13
61 205
61 12
61 49
61 83
61 136
61 177
61 30
25 213
25 175
25 149
25 119
25 92
25 91
25 210
25 65
25 72
25 142
25 95
25 107
25 121
25 11
25 183
25 164
25 171
25 170
25 116
25 109
25 139
25 63
25 129
25 204
25 161
25 59
25 96
25 157
25 43
25 123
25 138
25 97
25 16
25 126
25 84
25 180
25 209
25 207
25 130
25 23
25 151
25 179
25 19
25 41
25 112
25 46
25 78
25 200
25 117
25 70
25 52
25 13
25 40
25 205
25 20
25 49
25 136
25 177
37 118
37 175
37 133
37 119
37 91
37 88
37 210
37 45
37 65
37 58
37 72
37 152
37 142
37 38
37 95
37 107
37 100
37 135
37 164
37 171
37 170
37 116
37 9
37 57
37 154
37 190
37 139
37 129
37 161
37 157
37 16
37 126
37 84
37 64
37 130
37 23
37 179
37 5
37 111
37 166
37 112
37 46
37 181
37 131
37 178
37 219
37 117
37 52
37 13
37 205
37 12
37 83
37 136
118 87
118 108
118 133
118 119
118 106
118 91
118 45
118 65
118 58
118 38
118 95
118 121
118 176
118 31
118 53
118 154
118 139
118 63
118 129
118 161
118 59
118 123
118 202
118 138
118 126
118 84
118 180
118 64
118 130
118 27
118 56
118 111
118 93
118 41
118 46
118 39
118 78
118 200
118 131
118 178
118 219
118 70
118 13
118 79
118 20
118 83
118 136
87 108
87 77
87 213
87 133
87 149
87 106
87 4
87 91
87 88
87 3
87 72
87 38
87 121
87 11
87 100
87 62
87 164
87 80
87 170
87 109
87 53
87 154
87 190
87 63
87 129
87 204
87 59
87 155
87 123
87 138
87 97
87 16
87 126
87 180
87 64
87 207
87 143
87 27
87 56
87 179
87 5
87 19
87 33
87 41
87 78
87 131
87 178
87 117
87 218
87 52
87 13
87 79
87 20
87 83
87 136
108 77
108 213
108 149
108 92
108 210
108 3
108 45
108 65
108 72
108 95
108 176
108 135
108 62
108 164
108 171
108 89
108 80
108 116
108 109
108 154
108 63
108 129
108 161
108 155
108 43
108 153
108 90
108 180
108 64
108 23
108 151
108 179
108 111
108 93
108 33
108 196
108 41
108 39
108 78
108 178
108 219
108 218
108 13
108 79
108 12
108 20
108 136
108 30
77 175
77 133
77 149
77 119
77 91
77 210
77 3
77 65
77 58
77 72
77 142
77 95
77 107
77 176
77 183
77 135
77 89
77 80
77 53
77 190
77 129
77 161
77 96
77 155
77 202
77 138
77 97
77 153
77 126
77 180
77 130
77 27
77 111
77 166
77 19
77 33
77 196
77 7
77 211
77 200
77 178
77 117
77 218
77 52
77 156
77 79
77 83
77 30
213 149
213 106
213 91
213 88
213 210
213 72
213 152
213 95
213 116
213 9
213 109
213 190
213 129
213 204
213 202
213 138
213 97
213 153
213 84
213 180
213 207
213 130
213 56
213 23
213 151
213 5
213 166
213 19
213 33
213 7
213 112
213 178
213 219
213 218
213 156
213 79
213 205
213 49
213 83
213 177
175 149
175 119
175 4
175 92
175 210
175 3
175 65
175 107
175 121
175 11
175 176
175 183
175 31
175 21
175 164
175 171
175 89
175 170
175 116
175 139
175 63
175 204
175 138
175 97
175 153
175 90
175 126
175 64
175 130
175 27
175 56
175 179
175 5
175 19
175 196
175 41
175 211
175 78
175 200
175 131
175 178
175 219
175 218
175 70
175 156
175 79
175 205
133 92
133 88
133 45
133 65
133 58
133 72
133 142
133 38
133 107
133 11
133 176
133 100
133 183
133 135
133 62
133 171
133 170
133 9
133 53
133 190
133 63
133 161
133 59
133 96
133 155
133 123
133 202
133 138
133 97
133 16
133 84
133 209
133 143
133 27
133 23
133 179
133 93
133 166
133 19
133 46
133 200
133 117
133 52
133 82
133 79
133 205
133 12
133 20
133 83
149 119
149 91
149 88
149 210
149 3
149 65
149 58
149 152
149 142
149 11
149 183
149 135
149 21
149 171
149 170
149 9
149 57
149 53
149 154
149 190
149 63
149 129
149 204
149 157
149 202
149 90
149 16
149 27
149 56
149 23
149 179
149 166
149 33
149 46
149 39
149 200
149 131
149 178
149 117
149 218
149 70
149 82
149 40
149 12
149 30
119 91
119 88
119 210
119 58
119 142
119 38
119 121
119 176
119 31
119 164
119 9
119 154
119 190
119 139
119 204
119 59
119 96
119 157
119 202
119 138
119 97
119 126
119 180
119 23
119 5
119 111
119 93
119 166
119 41
119 46
119 211
119 200
119 218
119 52
119 156
119 82
119 20
119 49
119 136
119 30
106 4
106 92
106 91
106 210
106 3
106 45
106 72
106 152
106 38
106 11
106 176
106 100
106 183
106 31
106 21
106 164
106 171
106 89
106 116
106 9
106 57
106 154
106 139
106 129
106 161
106 59
106 157
106 155
106 43
106 123
106 202
106 138
106 16
106 126
106 64
106 143
106 56
106 23
106 5
106 111
106 19
106 41
106 7
106 112
106 46
106 39
106 211
106 78
106 200
106 131
106 219
106 117
106 52
106 79
106 205
106 12
106 30
4 92
4 91
4 210
4 45
4 72
4 142
4 38
4 95
4 31
4 62
4 171
4 170
4 9
4 57
4 109
4 129
4 161
4 59
4 202
4 97
4 153
4 126
4 84
4 209
4 64
4 207
4 143
4 130
4 27
4 56
4 23
4 19
4 112
4 46
4 39
4 181
4 178
4 218
4 52
4 82
4 79
4 12
4 83
4 177
4 30
92 91
92 152
92 95
92 100
92 135
92 62
92 89
92 170
92 57
92 109
92 161
92 157
92 155
92 138
92 97
92 90
92 16
92 126
92 180
92 64
92 27
92 56
92 151
92 5
92 93
92 166
92 19
92 196
92 46
92 78
92 200
92 131
92 117
92 218
92 70
92 156
92 40
92 79
92 205
92 49
92 83
92 177
91 45
91 65
91 152
91 38
91 107
91 121
91 11
91 176
91 100
91 183
91 31
91 21
91 164
91 89
91 80
91 170
91 57
91 53
91 204
91 59
91 96
91 155
91 43
91 202
91 97
91 153
91 90
91 84
91 143
91 130
91 27
91 151
91 179
91 93
91 166
91 33
91 41
91 7
91 211
91 181
91 200
91 178
91 70
91 52
91 13
91 156
91 82
91 79
91 205
91 12
91 83
91 30
88 210
88 3
88 45
88 142
88 95
88 107
88 11
88 176
88 183
88 31
88 80
88 170
88 109
88 53
88 63
88 204
88 157
88 123
88 202
88 138
88 97
88 126
88 209
88 64
88 143
88 130
88 23
88 179
88 5
88 111
88 93
88 19
88 196
88 41
88 39
88 178
88 117
88 70
88 52
88 82
88 40
88 205
88 136
210 3
210 58
210 72
210 152
210 142
210 38
210 95
210 107
210 121
210 176
210 183
210 62
210 164
210 171
210 170
210 116
210 53
210 154
210 63
210 204
210 59
210 96
210 157
210 155
210 123
210 97
210 153
210 90
210 64
210 207
210 143
210 27
210 56
210 151
210 5
210 166
210 7
210 78
210 181
210 200
210 82
210 40
210 79
210 205
210 12
210 49
210 136
3 45
3 121
3 176
3 100
3 183
3 135
3 21
3 89
3 9
3 109
3 53
3 139
3 204
3 96
3 157
3 43
3 123
3 138
3 16
3 84
3 209
3 64
3 207
3 130
3 27
3 56
3 179
3 5
3 111
3 19
3 33
3 41
3 46
3 211
3 181
3 131
3 178
3 219
3 117
3 70
3 52
3 82
3 20
3 83
3 177
45 58
45 72
45 38
45 95
45 176
45 100
45 31
45 171
45 80
45 116
45 9
45 109
45 53
45 190
45 204
45 161
45 59
45 96
45 157
45 43
45 97
45 16
45 126
45 84
45 180
45 209
45 23
45 179
45 5
45 19
45 33
45 196
45 7
45 112
45 211
45 219
45 52
45 205
45 20
45 83
45 136
65 58
65 72
65 95
65 11
65 62
65 170
65 116
65 9
65 109
65 204
65 157
65 123
65 138
65 97
65 153
65 16
65 126
65 84
65 180
65 209
65 64
65 130
65 56
65 179
65 93
65 41
65 7
65 46
65 39
65 181
65 200
65 131
65 219
65 117
65 218
65 70
65 52
65 82
65 40
65 79
65 205
65 12
65 20
65 136
65 177
65 30
58 142
58 95
58 11
58 183
58 21
58 171
58 80
58 116
58 57
58 190
58 139
58 63
58 204
58 157
58 155
58 138
58 97
58 153
58 84
58 180
58 209
58 64
58 207
58 143
58 27
58 56
58 23
58 151
58 5
58 93
58 33
58 196
58 46
58 78
58 181
58 131
58 218
58 13
58 82
58 40
58 79
58 83
72 38
72 95
72 107
72 121
72 11
72 176
72 21
72 62
72 164
72 89
72 80
72 57
72 154
72 139
72 129
72 204
72 161
72 96
72 202
72 97
72 90
72 126
72 84
72 180
72 64
72 143
72 27
72 93
72 33
72 41
72 46
72 78
72 13
72 156
72 82
72 12
72 49
72 83
72 136
72 177
72 30
152 142
152 95
152 107
152 176
152 62
152 171
152 80
152 170
152 116
152 109
152 53
152 190
152 63
152 129
152 204
152 96
152 157
152 155
152 43
152 123
152 202
152 126
152 84
152 207
152 27
152 56
152 23
152 151
152 5
152 166
152 19
152 33
152 196
152 112
152 78
152 181
152 200
152 131
152 178
152 219
152 218
152 70
152 156
152 79
152 205
152 49
152 177
142 38
142 11
142 135
142 57
142 154
142 161
142 59
142 155
142 43
142 123
142 202
142 138
142 97
142 90
142 64
142 207
142 143
142 27
142 56
142 151
142 111
142 19
142 33
142 41
142 112
142 39
142 211
142 178
142 52
142 13
142 79
142 205
142 177
142 30
38 135
38 164
38 116
38 9
38 57
38 154
38 139
38 59
38 155
38 202
38 153
38 16
38 84
38 180
38 64
38 143
38 27
38 56
38 151
38 93
38 19
38 196
38 112
38 46
38 181
38 219
38 117
38 52
38 13
38 79
38 12
38 20
38 83
38 136
38 177
95 121
95 11
95 62
95 164
95 171
95 80
95 170
95 116
95 9
95 57
95 63
95 204
95 161
95 96
95 157
95 43
95 123
95 202
95 138
95 153
95 84
95 180
95 64
95 207
95 27
95 23
95 19
95 196
95 41
95 7
95 112
95 39
95 211
95 78
95 181
95 200
95 52
95 156
95 82
95 79
95 205
95 20
95 49
95 136
95 30
107 176
107 100
107 164
107 170
107 116
107 109
107 53
107 154
107 139
107 63
107 161
107 59
107 157
107 155
107 138
107 97
107 153
107 90
107 84
107 180
107 209
107 56
107 151
107 179
107 5
107 111
107 33
107 196
107 211
107 78
107 200
107 131
107 219
107 218
107 70
107 13
107 156
107 82
107 79
107 205
107 12
107 20
107 49
107 83
107 177
121 135
121 164
121 9
121 57
121 109
121 139
121 63
121 129
121 204
121 161
121 59
121 96
121 43
121 153
121 16
121 207
121 56
121 23
121 111
121 166
121 33
121 46
121 39
121 211
121 78
121 178
121 117
121 218
121 13
121 82
121 40
121 12
121 49
121 83
121 30
11 21
11 62
11 164
11 171
11 9
11 109
11 190
11 129
11 204
11 161
11 157
11 155
11 202
11 153
11 16
11 180
11 27
11 23
11 151
11 166
11 219
11 117
11 52
11 156
11 40
11 79
11 205
11 12
11 20
11 49
11 83
11 30
176 135
176 164
176 80
176 154
176 63
176 59
176 96
176 202
176 138
176 97
176 153
176 126
176 180
176 209
176 64
176 207
176 56
176 151
176 166
176 33
176 41
176 7
176 112
176 181
176 131
176 70
176 13
176 82
176 205
176 12
176 20
176 83
176 136
176 177
100 183
100 171
100 154
100 139
100 129
100 204
100 161
100 96
100 157
100 43
100 123
100 138
100 97
100 153
100 90
100 64
100 207
100 143
100 130
100 56
100 23
100 5
100 33
100 41
100 112
100 39
100 78
100 181
100 131
100 178
100 219
100 70
100 156
100 40
100 79
100 205
100 49
100 83
100 136
100 30
183 31
183 21
183 62
183 164
183 80
183 170
183 9
183 109
183 53
183 154
183 139
183 63
183 129
183 204
183 161
183 59
183 157
183 43
183 97
183 153
183 64
183 207
183 130
183 27
183 23
183 179
183 33
183 196
183 112
183 46
183 39
183 218
183 70
183 52
183 156
183 82
183 79
183 205
183 12
183 30
135 164
135 171
135 170
135 9
135 204
135 59
135 157
135 43
135 202
135 90
135 16
135 126
135 84
135 207
135 143
135 151
135 5
135 111
135 41
135 181
135 178
135 219
135 52
135 13
135 156
135 205
135 12
135 136
135 30
31 164
31 89
31 9
31 109
31 53
31 129
31 204
31 161
31 59
31 96
31 43
31 123
31 90
31 126
31 84
31 180
31 209
31 64
31 179
31 5
31 111
31 93
31 33
31 196
31 41
31 46
31 39
31 211
31 181
31 131
31 70
31 156
31 40
31 79
31 12
31 49
31 177
31 30
21 62
21 171
21 80
21 116
21 9
21 109
21 139
21 155
21 138
21 97
21 90
21 84
21 180
21 143
21 130
21 56
21 23
21 151
21 179
21 5
21 19
21 196
21 7
21 46
21 78
21 181
21 70
21 156
21 40
21 205
21 20
21 177
21 30
62 164
62 89
62 80
62 116
62 161
62 155
62 123
62 97
62 153
62 16
62 84
62 180
62 130
62 27
62 179
62 5
62 93
62 19
62 33
62 196
62 112
62 200
62 131
62 178
62 219
62 52
62 79
62 20
62 49
164 171
164 170
164 53
164 204
164 96
164 123
164 97
164 16
164 126
164 180
164 64
164 207
164 143
164 130
164 5
164 111
164 19
164 112
164 78
164 181
164 200
164 178
164 219
164 117
164 70
164 82
164 79
164 49
164 177
171 80
171 170
171 154
171 139
171 129
171 204
171 161
171 59
171 155
171 202
171 138
171 126
171 209
171 64
171 143
171 130
171 56
171 151
171 179
171 111
171 166
171 41
171 7
171 112
171 39
171 211
171 78
171 181
171 200
171 131
171 178
171 218
171 156
171 82
171 79
171 83
171 136
89 80
89 170
89 109
89 204
89 96
89 123
89 202
89 97
89 153
89 126
89 84
89 180
89 209
89 143
89 151
89 5
89 166
89 33
89 112
89 39
89 78
89 131
89 219
89 117
89 218
89 13
89 82
89 177
80 116
80 57
80 53
80 154
80 97
80 90
80 84
80 207
80 56
80 5
80 111
80 93
80 112
80 39
80 78
80 181
80 131
80 219
80 205
80 49
80 83
80 177
170 9
170 154
170 63
170 129
170 204
170 96
170 155
170 97
170 90
170 84
170 180
170 56
170 151
170 179
170 111
170 93
170 166
170 19
170 39
170 78
170 131
170 178
170 117
170 218
170 52
170 82
170 79
170 20
170 49
170 136
116 9
116 57
116 109
116 154
116 139
116 63
116 161
116 59
116 96
116 84
116 180
116 209
116 64
116 207
116 151
116 179
116 19
116 41
116 7
116 46
116 78
116 200
116 131
116 117
116 70
116 52
116 156
116 40
116 79
116 205
116 136
116 177
116 30
9 53
9 154
9 139
9 129
9 161
9 59
9 96
9 157
9 155
9 43
9 153
9 126
9 209
9 64
9 130
9 56
9 23
9 179
9 166
9 196
9 46
9 39
9 211
9 78
9 181
9 178
9 219
9 117
9 70
9 156
9 82
9 79
9 205
9 12
9 83
57 154
57 190
57 139
57 204
57 161
57 59
57 155
57 43
57 202
57 16
57 180
57 207
57 56
57 23
57 5
57 111
57 19
57 196
57 7
57 46
57 39
57 211
57 200
57 131
57 70
57 52
57 40
57 205
57 12
57 20
57 49
57 177
57 30
109 154
109 190
109 139
109 129
109 161
109 59
109 96
109 157
109 43
109 97
109 90
109 84
109 180
109 27
109 23
109 179
109 93
109 196
109 41
109 178
109 219
109 117
109 218
109 70
109 13
109 82
109 49
109 136
109 177
109 30
53 190
53 139
53 63
53 161
53 157
53 43
53 202
53 97
53 153
53 84
53 180
53 130
53 27
53 151
53 5
53 93
53 166
53 19
53 196
53 46
53 39
53 200
53 219
53 117
53 70
53 156
53 40
53 205
53 20
154 190
154 139
154 63
154 129
154 96
154 155
154 123
154 138
154 90
154 126
154 180
154 209
154 64
154 56
154 151
154 5
154 166
154 19
154 33
154 196
154 112
154 211
154 78
154 181
154 200
154 117
154 218
154 156
154 79
154 49
154 83
154 136
154 30
190 139
190 63
190 161
190 59
190 96
190 43
190 202
190 138
190 153
190 16
190 84
190 207
190 143
190 130
190 179
190 111
190 93
190 166
190 19
190 196
190 41
190 7
190 112
190 46
190 39
190 181
190 131
190 178
190 70
190 52
190 13
190 156
190 40
190 79
190 205
139 63
139 129
139 204
139 59
139 123
139 138
139 84
139 180
139 64
139 56
139 23
139 41
139 7
139 39
139 211
139 78
139 181
139 131
139 117
139 70
139 52
139 13
139 156
139 82
139 20
63 59
63 96
63 157
63 43
63 202
63 138
63 97
63 153
63 90
63 126
63 84
63 209
63 64
63 143
63 56
63 151
63 5
63 93
63 166
63 196
63 46
63 39
63 211
63 78
63 178
63 70
63 52
63 40
63 205
63 12
63 49
129 204
129 161
129 157
129 155
129 123
129 202
129 97
129 153
129 90
129 16
129 126
129 209
129 130
129 56
129 151
129 179
129 5
129 166
129 19
129 112
129 39
129 78
129 200
129 178
129 117
129 218
129 13
129 156
129 40
129 136
129 177
204 59
204 155
204 43
204 126
204 143
204 130
204 27
204 23
204 179
204 5
204 93
204 166
204 112
204 46
204 200
204 219
204 117
204 70
204 52
204 156
204 79
204 205
204 12
204 177
204 30
161 96
161 157
161 123
161 202
161 97
161 90
161 84
161 209
161 64
161 151
161 179
161 111
161 93
161 33
161 196
161 41
161 112
161 39
161 78
161 181
161 131
161 218
161 52
161 156
161 82
161 79
161 12
161 20
161 83
161 136
59 157
59 155
59 43
59 202
59 97
59 90
59 64
59 143
59 56
59 23
59 179
59 111
59 93
59 166
59 196
59 41
59 7
59 112
59 46
59 39
59 211
59 78
59 181
59 52
59 82
59 40
59 79
59 12
59 20
59 49
59 177
96 155
96 43
96 123
96 90
96 126
96 207
96 23
96 179
96 33
96 41
96 7
96 46
96 39
96 211
96 181
96 200
96 219
96 117
96 218
96 70
96 156
96 205
96 12
96 20
96 49
96 83
96 136
157 155
157 123
157 138
157 97
157 153
157 90
157 126
157 209
157 143
157 27
157 23
157 151
157 5
157 111
157 93
157 166
157 196
157 41
157 7
157 39
157 200
157 178
157 218
157 52
157 82
157 40
157 20
157 83
157 177
155 123
155 202
155 153
155 16
155 209
155 207
155 143
155 151
155 93
155 33
155 41
155 7
155 39
155 211
155 78
155 181
155 200
155 131
155 219
155 117
155 70
155 52
155 40
155 205
155 12
155 177
43 138
43 126
43 209
43 23
43 5
43 111
43 196
43 7
43 112
43 39
43 211
43 181
43 219
43 70
43 52
43 13
43 156
43 82
43 40
43 79
43 20
43 49
43 83
43 136
43 177
43 30
123 202
123 126
123 180
123 209
123 143
123 130
123 27
123 151
123 179
123 5
123 111
123 93
123 33
123 41
123 7
123 112
123 39
123 211
123 200
123 131
123 178
123 219
123 52
123 13
123 82
123 40
123 12
123 49
123 83
123 177
123 30
202 138
202 90
202 126
202 180
202 56
202 179
202 33
202 7
202 112
202 211
202 78
202 181
202 200
202 131
202 219
202 117
202 218
202 52
202 156
202 82
202 40
202 79
202 205
202 12
202 20
202 83
138 90
138 16
138 180
138 209
138 207
138 27
138 56
138 151
138 111
138 19
138 33
138 112
138 218
138 52
138 156
138 40
138 12
138 136
138 30
97 16
97 84
97 180
97 207
97 143
97 130
97 27
97 56
97 23
97 151
97 166
97 41
97 112
97 211
97 78
97 218
97 156
97 205
97 12
97 49
97 83
97 136
153 16
153 84
153 209
153 130
153 27
153 179
153 111
153 166
153 196
153 112
153 211
153 200
153 178
153 218
153 70
153 13
153 156
153 205
153 49
153 83
153 177
90 84
90 143
90 23
90 166
90 33
90 112
90 46
90 78
90 178
90 70
90 52
90 156
90 82
90 79
90 205
90 20
90 30
16 126
16 84
16 209
16 64
16 23
16 151
16 111
16 166
16 7
16 200
16 178
16 52
16 13
16 82
16 79
16 205
16 20
16 49
16 83
16 136
16 177
16 30
126 84
126 143
126 27
126 56
126 151
126 179
126 111
126 196
126 39
126 211
126 78
126 181
126 131
126 178
126 219
126 117
126 218
126 52
126 13
126 20
126 83
126 136
126 177
126 30
84 64
84 27
84 56
84 23
84 5
84 33
84 112
84 46
84 117
84 218
84 70
84 52
84 13
84 156
84 82
84 40
84 20
84 83
84 30
180 209
180 64
180 207
180 130
180 166
180 41
180 7
180 46
180 211
180 78
180 181
180 200
180 219
180 117
180 218
180 13
180 40
180 20
180 49
209 207
209 143
209 130
209 27
209 56
209 23
209 179
209 33
209 196
209 112
209 39
209 200
209 178
209 117
209 13
209 156
209 82
209 40
209 79
209 205
209 12
209 83
209 136
209 177
64 56
64 23
64 179
64 196
64 41
64 7
64 46
64 211
64 181
64 178
64 117
64 218
64 70
64 52
64 13
64 82
64 40
64 205
64 49
64 83
64 136
64 177
207 143
207 27
207 56
207 179
207 93
207 41
207 7
207 39
207 78
207 181
207 117
207 218
207 70
207 13
207 82
207 40
207 12
207 20
207 83
207 177
207 30
143 56
143 151
143 179
143 5
143 93
143 33
143 196
143 41
143 7
143 112
143 46
143 211
143 78
143 200
143 131
143 219
143 156
143 40
143 79
143 205
143 20
143 49
143 83
143 136
143 30
130 56
130 151
130 5
130 111
130 93
130 19
130 33
130 41
130 7
130 46
130 181
130 131
130 219
130 117
130 13
130 156
130 205
130 83
130 177
27 151
27 5
27 111
27 93
27 166
27 19
27 33
27 7
27 112
27 78
27 178
27 219
27 117
27 218
27 52
27 13
27 156
27 82
27 40
27 79
27 205
27 12
27 20
27 49
27 136
27 177
56 151
56 111
56 93
56 166
56 41
56 112
56 39
56 181
56 200
56 131
56 218
56 70
56 52
56 13
56 82
56 49
23 179
23 5
23 93
23 166
23 112
23 46
23 39
23 117
23 218
23 70
23 156
23 40
23 205
23 12
23 20
23 49
23 83
23 30
151 5
151 111
151 166
151 7
151 46
151 211
151 78
151 117
151 13
151 79
151 205
151 20
151 83
151 136
179 111
179 93
179 166
179 19
179 33
179 46
179 39
179 181
179 131
179 178
179 219
179 156
179 82
179 12
179 20
179 136
5 111
5 93
5 166
5 19
5 196
5 41
5 46
5 39
5 78
5 181
5 200
5 117
5 218
5 52
5 40
5 20
5 49
5 177
111 33
111 196
111 112
111 211
111 181
111 200
111 219
111 218
111 70
111 156
111 82
111 40
111 205
111 12
111 20
111 83
111 177
111 30
93 19
93 41
93 181
93 200
93 131
93 70
93 13
93 156
93 82
93 40
93 79
93 205
93 12
93 83
93 136
93 177
93 30
166 33
166 196
166 41
166 112
166 46
166 211
166 181
166 200
166 178
166 218
166 40
166 20
166 83
166 136
166 177
166 30
19 46
19 200
19 178
19 219
19 79
19 136
33 41
33 112
33 39
33 131
33 178
33 117
33 13
33 82
33 79
33 136
33 177
196 7
196 112
196 219
196 218
196 70
196 13
196 82
196 79
196 20
196 136
196 177
41 7
41 112
41 200
41 131
41 117
41 218
41 70
41 13
41 79
41 83
7 112
7 211
7 200
7 218
7 13
7 82
7 205
7 12
7 49
7 83
7 30
112 39
112 181
112 219
112 70
112 13
112 40
112 79
112 12
112 30
46 78
46 178
46 218
46 52
46 20
46 49
46 83
46 136
46 177
46 30
39 181
39 131
39 219
39 218
39 70
39 13
39 40
39 177
211 181
211 178
211 219
211 70
211 13
211 12
211 20
211 177
211 30
78 200
78 131
78 219
78 117
78 13
78 156
78 82
78 205
78 12
78 83
78 177
78 30
181 131
181 70
181 156
181 79
181 20
181 49
181 30
200 131
200 52
200 13
200 156
200 79
200 12
200 83
200 30
131 219
131 117
131 218
131 70
131 13
131 156
131 40
131 79
131 205
131 49
131 136
131 177
178 219
178 117
178 79
178 136
219 117
219 13
219 156
219 205
219 12
219 20
219 49
219 83
219 136
219 30
117 218
117 52
117 205
117 12
117 20
117 177
218 13
218 82
218 20
218 49
70 52
70 156
70 82
70 79
70 205
70 12
70 20
70 49
70 136
70 177
52 13
52 40
52 83
52 136
13 83
13 136
13 177
156 40
156 20
156 49
156 177
156 30
82 40
82 20
82 136
82 177
82 30
40 205
40 12
40 49
40 83
40 30
79 12
79 20
79 49
79 83
205 12
205 20
205 49
12 20
12 83
12 177
12 30
20 49
20 83
20 136
20 177
20 30
49 83
49 177
49 30
83 136
83 30
136 177
136 30
