*verties 201
141
85
90
108
47
1
17
204
8
180
214
202
84
128
184
30
40
100
39
142
123
79
74
215
175
34
147
186
96
121
217
49
110
135
27
132
81
159
148
144
42
70
89
92
116
195
177
43
208
32
95
155
105
24
2
199
114
57
115
10
120
178
6
174
36
200
197
52
55
169
103
48
9
38
35
86
113
153
207
152
140
219
18
54
139
111
149
29
151
185
161
218
87
41
194
156
181
130
122
131
37
7
158
63
56
146
51
53
212
164
13
109
88
182
61
101
3
143
31
210
176
179
28
136
187
91
127
80
0
4
188
191
25
62
76
22
33
12
20
171
104
65
154
198
209
11
94
59
69
60
173
165
150
183
129
21
138
117
66
14
157
106
168
68
72
124
172
58
119
193
126
19
205
162
211
213
83
190
67
163
71
133
46
73
16
5
97
201
125
102
107
45
99
118
15
98
170
134
77
50
23
*edges 
141 148
141 114
141 36
141 219
141 109
85 148
85 103
85 218
85 176
85 187
85 168
85 133
85 46
85 99
90 27
90 105
90 197
90 38
90 212
90 182
90 176
90 191
90 25
90 171
90 94
90 21
90 157
90 162
108 32
108 35
108 151
108 185
108 218
108 51
108 150
108 117
108 14
47 1
47 100
47 110
47 42
47 115
47 36
47 197
47 52
47 169
47 161
47 218
47 146
47 4
47 188
47 124
47 162
1 174
1 200
1 113
1 185
1 156
1 130
1 25
1 165
1 162
1 46
17 214
17 79
17 81
17 41
17 28
17 91
17 154
17 119
17 193
17 118
17 50
204 123
204 132
204 42
204 92
204 208
204 19
204 213
204 46
204 118
8 96
8 121
8 92
8 178
8 113
8 127
8 80
8 59
8 138
8 172
8 205
8 15
8 77
180 42
180 115
180 31
180 66
214 123
214 79
214 89
214 6
214 55
214 35
214 185
214 218
214 37
214 3
214 179
214 138
214 119
214 126
214 19
214 102
202 39
202 121
202 49
202 208
202 10
202 56
202 109
202 28
202 172
202 163
202 45
202 99
84 74
84 195
84 158
84 101
84 191
84 171
84 14
128 42
128 185
128 87
128 194
128 56
128 182
128 101
128 3
128 127
128 45
184 89
184 95
184 48
184 156
184 53
184 154
184 173
184 150
184 124
184 126
184 67
30 39
30 34
30 96
30 115
30 36
30 18
30 37
30 158
30 51
30 91
30 33
30 65
30 66
30 119
30 71
40 79
40 34
40 186
40 212
40 191
40 124
40 58
40 73
100 81
100 208
100 2
100 36
100 200
100 86
100 156
100 158
100 56
100 164
100 13
100 182
100 91
100 33
100 83
39 70
39 89
39 57
39 120
39 36
39 200
39 18
39 164
39 62
39 33
39 171
39 119
142 159
142 95
142 63
142 136
142 154
142 102
123 2
123 131
123 88
123 3
123 94
79 34
79 147
79 32
79 169
79 61
79 191
79 22
79 173
79 66
79 106
74 148
74 161
74 156
74 187
74 12
74 106
74 193
74 205
74 190
74 15
215 51
215 31
215 33
215 12
215 104
215 211
215 213
175 217
175 177
175 95
175 9
175 38
175 86
175 18
175 146
175 0
175 129
175 83
175 15
34 121
34 81
34 114
34 152
34 219
34 158
34 80
34 4
34 22
34 33
34 12
34 65
34 66
34 193
147 110
147 144
147 208
147 155
147 182
147 80
147 22
147 106
147 71
147 16
147 201
186 199
186 120
186 104
186 198
186 69
186 173
186 201
96 116
96 208
96 161
96 63
96 0
96 209
96 59
96 173
96 117
96 106
121 89
121 105
121 114
121 6
121 190
217 208
217 113
217 122
217 20
217 94
217 117
217 162
217 23
49 155
49 57
49 219
49 54
49 161
49 25
49 201
110 81
110 57
110 9
110 35
110 56
110 88
110 11
110 124
110 73
110 23
135 109
135 198
135 72
135 162
135 163
135 45
135 77
27 159
27 89
27 10
27 130
27 51
27 61
27 25
27 62
27 65
27 60
27 21
27 213
27 16
27 77
132 103
132 182
132 143
132 210
132 191
132 65
132 209
132 11
132 23
81 195
81 57
81 63
81 56
81 25
81 22
81 20
81 183
81 77
159 6
159 18
159 54
159 3
159 136
159 20
159 65
159 59
159 168
159 16
159 5
148 195
148 95
148 194
148 182
148 28
148 106
148 23
144 115
144 29
144 53
144 187
144 62
144 72
144 193
144 205
144 211
144 125
42 174
42 36
42 161
42 171
42 209
42 60
42 129
70 105
70 57
70 48
70 207
70 41
70 61
70 176
70 91
70 59
70 193
70 125
89 87
89 66
89 19
89 5
92 24
92 169
92 149
92 130
92 158
92 129
116 208
116 24
116 29
116 212
116 3
116 62
116 171
116 154
116 165
116 205
195 114
195 185
195 51
195 76
195 16
177 156
177 122
177 131
177 13
177 176
177 107
43 208
43 156
43 88
43 182
43 91
43 11
43 124
43 125
43 170
208 103
208 63
208 28
208 209
208 106
208 193
208 133
208 73
208 170
32 155
32 120
32 9
32 149
32 164
32 127
32 0
32 162
95 200
95 181
95 7
95 56
95 210
95 209
95 68
95 118
155 111
155 151
155 56
155 76
155 65
155 66
105 57
105 115
105 52
105 54
105 7
105 51
105 164
105 138
105 107
24 55
24 86
24 152
24 151
24 210
24 22
24 33
24 134
2 152
2 181
2 146
2 4
2 198
2 72
2 58
2 126
2 5
2 23
199 9
199 14
199 72
114 197
114 201
57 151
57 161
57 25
57 106
115 55
115 35
115 87
115 164
115 28
115 91
115 97
115 118
10 29
10 173
10 168
120 197
120 119
120 67
178 52
178 139
178 28
178 11
178 106
178 168
178 16
178 15
6 113
6 152
6 219
6 41
6 182
6 61
6 176
6 68
6 119
6 99
174 52
174 38
174 54
174 51
174 13
174 124
174 71
174 99
174 50
36 131
36 63
36 76
36 138
36 99
36 15
200 194
200 51
200 60
200 172
200 67
200 16
200 5
197 55
197 130
197 158
197 176
197 209
197 190
197 98
52 3
52 154
52 211
52 46
52 98
55 111
55 218
55 194
55 122
55 12
55 20
55 138
55 58
55 162
169 153
169 164
169 88
169 61
169 138
169 106
169 170
169 134
169 23
103 207
103 161
103 218
103 87
103 179
103 91
103 171
103 65
103 150
103 138
103 97
48 139
48 101
48 11
48 60
48 183
48 119
48 213
48 45
9 130
9 158
9 53
9 164
9 91
9 4
9 19
38 18
38 88
38 143
38 179
38 25
38 129
38 83
38 67
38 45
38 134
35 161
35 122
35 33
35 129
35 117
35 193
35 205
86 153
86 46
113 207
113 131
113 37
113 61
113 28
113 33
113 211
113 16
113 5
113 102
113 45
153 161
153 51
153 31
153 187
153 127
153 80
153 209
153 69
207 190
152 187
152 20
152 16
140 210
140 191
140 25
140 22
140 154
140 173
140 118
140 98
219 87
219 13
219 150
219 66
219 172
219 107
18 13
18 136
18 209
18 94
54 151
54 182
54 179
54 171
54 163
54 16
54 23
139 111
139 122
139 143
139 59
139 14
139 102
111 218
111 173
149 29
149 185
149 161
149 171
149 117
149 162
149 5
149 102
149 15
149 170
149 50
29 161
29 171
29 154
29 46
151 131
151 56
151 76
151 12
151 21
151 66
185 22
185 20
185 67
185 5
161 87
161 210
161 187
161 67
161 71
161 170
161 77
218 88
218 187
218 20
218 94
218 129
218 157
87 7
87 179
87 80
87 124
87 172
87 102
87 99
87 170
41 194
41 181
41 131
41 3
41 168
41 213
41 73
41 97
41 118
41 170
41 23
194 212
194 61
194 33
194 106
194 118
156 21
156 211
156 83
156 73
181 56
181 51
181 4
181 69
181 60
181 162
181 125
130 188
130 165
130 58
130 162
130 46
130 15
122 56
122 171
122 104
122 60
122 150
122 117
122 162
131 182
131 28
131 69
131 66
131 157
131 170
131 23
37 176
37 179
37 187
37 76
37 59
37 183
37 66
37 168
37 205
37 163
37 133
37 77
7 88
158 191
158 65
63 168
63 124
63 205
63 46
63 77
56 182
56 25
56 22
56 124
56 126
56 19
56 67
56 73
56 45
56 170
146 109
146 210
146 94
146 150
146 66
146 205
51 143
51 210
51 91
51 209
51 60
51 150
51 16
53 31
53 33
53 94
53 213
53 83
212 61
212 31
212 191
212 25
212 22
212 198
212 107
164 109
164 179
164 28
164 136
164 80
164 119
164 211
13 179
13 22
13 60
13 14
13 97
109 88
109 101
109 12
109 66
109 68
109 133
109 73
109 16
88 80
88 62
88 76
88 172
88 102
88 99
182 22
182 183
182 138
182 68
61 25
61 76
61 190
61 16
101 33
101 65
101 21
101 168
3 154
3 72
3 45
3 23
143 171
143 129
143 71
31 22
31 209
31 58
31 71
31 107
210 76
210 11
210 60
210 183
210 14
210 205
176 171
176 150
176 72
176 67
179 0
179 65
179 21
179 213
179 67
28 80
28 4
28 33
28 12
28 150
28 126
28 16
28 5
28 125
28 107
28 118
28 134
136 165
136 134
187 19
187 99
91 22
91 129
91 117
91 97
91 15
127 80
127 172
127 126
127 163
127 46
80 0
80 4
80 22
80 134
0 58
0 133
4 62
4 22
4 193
4 162
4 15
188 25
188 150
188 66
188 68
188 211
188 163
188 170
191 198
191 58
191 170
191 77
25 59
25 173
25 201
62 66
62 193
62 133
62 125
76 104
76 16
76 97
22 21
22 72
33 193
33 67
12 68
12 193
12 213
20 11
20 94
20 66
20 58
20 102
20 170
20 50
171 154
171 165
171 150
171 66
171 190
171 118
104 66
104 102
104 45
65 69
65 134
154 138
154 124
154 97
198 117
198 168
198 163
198 46
198 73
198 97
209 162
209 190
209 45
11 124
94 173
94 72
94 119
94 205
94 71
59 69
59 129
59 157
59 124
59 46
59 45
60 162
60 71
60 5
60 201
60 134
60 50
173 68
173 19
173 125
173 118
165 157
165 97
165 98
165 170
150 163
150 5
150 99
150 118
183 138
183 67
129 205
129 46
129 98
21 211
21 97
21 102
21 77
138 157
138 119
138 162
138 190
138 102
117 68
117 211
117 97
117 102
66 170
66 77
14 172
14 77
157 68
157 83
157 163
106 126
106 46
68 193
72 124
124 71
124 77
172 126
172 125
172 107
58 16
205 102
162 213
211 102
190 71
67 16
67 134
71 170
71 134
133 125
133 77
16 170
97 107
97 45
125 170
102 170
45 99
99 134
170 77
