*verties 209
6
169
54
139
46
187
158
33
83
81
125
62
7
219
59
160
206
95
119
118
207
171
80
18
25
100
168
77
175
13
205
86
40
71
107
39
145
11
157
47
156
177
66
146
143
188
218
214
34
109
184
201
96
36
134
8
165
112
37
94
189
166
113
9
75
213
131
16
93
43
20
31
203
23
142
2
114
29
186
202
21
32
154
50
91
127
12
132
140
199
151
159
212
72
87
79
179
90
3
210
193
68
164
121
105
69
122
215
163
103
129
28
5
172
180
116
88
35
15
41
115
209
98
110
45
56
17
192
24
48
30
0
161
76
194
138
126
195
120
55
123
182
152
53
82
133
101
49
216
141
57
136
106
197
104
78
26
128
14
185
162
155
10
44
137
1
153
19
102
61
99
190
85
178
150
217
60
64
108
181
22
174
204
111
124
97
198
148
117
67
70
173
167
84
63
27
144
73
147
191
200
130
89
170
51
4
58
42
74
*edges 
6 169
6 139
6 187
6 33
6 81
6 7
6 95
6 18
6 25
6 168
6 205
6 86
6 107
6 145
6 11
6 157
6 66
6 188
6 184
6 201
6 96
6 8
6 37
6 113
6 9
6 131
6 20
6 142
6 114
6 29
6 154
6 12
6 212
6 79
6 179
6 90
6 210
6 69
6 122
6 215
6 28
6 116
6 15
6 41
6 209
6 110
6 45
6 56
6 192
6 76
6 194
6 138
6 126
6 152
6 101
6 49
6 216
6 57
6 197
6 104
6 78
6 26
6 128
6 185
6 44
6 1
6 102
6 99
6 178
6 150
6 60
6 204
6 111
6 124
6 97
6 148
6 117
6 67
6 167
6 84
6 144
6 73
6 147
6 170
6 51
6 74
169 54
169 187
169 158
169 33
169 125
169 62
169 206
169 95
169 118
169 171
169 80
169 18
169 100
169 168
169 13
169 205
169 86
169 107
169 11
169 157
169 47
169 177
169 146
169 109
169 201
169 96
169 134
169 165
169 37
169 94
169 113
169 9
169 75
169 131
169 16
169 20
169 31
169 23
169 142
169 2
169 21
169 154
169 50
169 127
169 12
169 199
169 212
169 179
169 90
169 164
169 121
169 163
169 103
169 28
169 5
169 116
169 88
169 15
169 115
169 30
169 161
169 194
169 138
169 120
169 55
169 123
169 182
169 53
169 82
169 133
169 49
169 216
169 136
169 106
169 197
169 104
169 78
169 26
169 14
169 162
169 44
169 137
169 102
169 99
169 190
169 85
169 178
169 150
169 217
169 60
169 64
169 108
169 174
169 204
169 198
169 67
169 70
169 167
169 73
169 191
169 200
169 130
169 170
169 4
54 139
54 158
54 83
54 81
54 125
54 7
54 59
54 206
54 118
54 171
54 25
54 77
54 39
54 47
54 146
54 143
54 34
54 109
54 201
54 36
54 134
54 37
54 189
54 75
54 213
54 131
54 93
54 31
54 203
54 23
54 2
54 21
54 50
54 127
54 132
54 140
54 151
54 212
54 72
54 87
54 179
54 210
54 68
54 105
54 215
54 129
54 35
54 41
54 115
54 209
54 98
54 56
54 192
54 0
54 138
54 123
54 53
54 49
54 216
54 141
54 57
54 106
54 104
54 78
54 128
54 185
54 137
54 153
54 61
54 150
54 217
54 60
54 108
54 174
54 204
54 111
54 124
54 198
54 148
54 67
54 70
54 173
54 167
54 63
54 130
54 89
54 51
54 58
54 42
139 33
139 81
139 125
139 62
139 160
139 95
139 207
139 80
139 18
139 168
139 175
139 86
139 40
139 71
139 39
139 145
139 146
139 143
139 218
139 96
139 8
139 165
139 94
139 189
139 166
139 113
139 9
139 131
139 31
139 203
139 23
139 142
139 2
139 114
139 202
139 50
139 91
139 127
139 12
139 140
139 199
139 151
139 72
139 79
139 3
139 121
139 105
139 129
139 5
139 35
139 115
139 45
139 192
139 24
139 48
139 0
139 161
139 76
139 152
139 82
139 133
139 216
139 141
139 57
139 106
139 197
139 78
139 128
139 14
139 162
139 19
139 99
139 85
139 178
139 217
139 60
139 64
139 97
139 198
139 173
139 27
139 144
139 147
139 89
139 170
139 4
139 58
46 33
46 83
46 62
46 219
46 206
46 95
46 77
46 175
46 205
46 107
46 39
46 11
46 47
46 156
46 177
46 66
46 146
46 218
46 214
46 184
46 165
46 37
46 94
46 9
46 75
46 43
46 23
46 142
46 29
46 186
46 154
46 50
46 127
46 132
46 140
46 199
46 212
46 72
46 179
46 90
46 3
46 210
46 68
46 164
46 121
46 105
46 69
46 122
46 215
46 163
46 103
46 5
46 180
46 116
46 41
46 209
46 98
46 192
46 76
46 194
46 195
46 120
46 55
46 152
46 53
46 133
46 101
46 49
46 216
46 106
46 26
46 128
46 14
46 185
46 162
46 137
46 19
46 99
46 190
46 178
46 217
46 60
46 64
46 108
46 181
46 111
46 198
46 67
46 70
46 173
46 27
46 200
46 89
46 51
187 158
187 33
187 83
187 81
187 206
187 207
187 18
187 100
187 77
187 13
187 205
187 86
187 71
187 39
187 157
187 47
187 156
187 177
187 146
187 188
187 218
187 214
187 184
187 201
187 36
187 165
187 37
187 94
187 189
187 75
187 31
187 23
187 142
187 2
187 29
187 202
187 21
187 32
187 154
187 132
187 199
187 151
187 159
187 212
187 79
187 179
187 210
187 68
187 121
187 163
187 103
187 5
187 180
187 35
187 15
187 209
187 98
187 110
187 45
187 192
187 24
187 161
187 120
187 123
187 57
187 197
187 14
187 162
187 10
187 1
187 61
187 99
187 85
187 150
187 64
187 181
187 111
187 198
187 148
187 67
187 73
187 130
187 89
187 170
187 58
187 74
158 83
158 219
158 18
158 100
158 77
158 175
158 13
158 205
158 71
158 107
158 39
158 145
158 47
158 177
158 66
158 146
158 218
158 214
158 34
158 184
158 201
158 96
158 134
158 165
158 37
158 94
158 189
158 113
158 9
158 131
158 93
158 20
158 31
158 2
158 114
158 186
158 21
158 154
158 50
158 127
158 12
158 140
158 212
158 87
158 164
158 105
158 163
158 103
158 129
158 28
158 172
158 180
158 116
158 15
158 41
158 209
158 98
158 56
158 17
158 192
158 24
158 0
158 76
158 126
158 195
158 123
158 182
158 152
158 101
158 49
158 141
158 106
158 128
158 14
158 155
158 10
158 44
158 153
158 19
158 102
158 99
158 190
158 217
158 181
158 22
158 111
158 124
158 148
158 70
158 84
158 147
158 89
158 170
158 4
33 81
33 7
33 206
33 95
33 80
33 18
33 168
33 77
33 205
33 40
33 71
33 39
33 157
33 156
33 146
33 214
33 109
33 96
33 165
33 94
33 113
33 9
33 75
33 213
33 16
33 93
33 31
33 2
33 114
33 202
33 21
33 50
33 91
33 127
33 12
33 140
33 151
33 159
33 79
33 3
33 193
33 164
33 103
33 172
33 180
33 88
33 41
33 98
33 56
33 76
33 194
33 138
33 120
33 55
33 53
33 82
33 133
33 101
33 216
33 106
33 197
33 155
33 10
33 61
33 99
33 85
33 181
33 22
33 124
33 117
33 173
33 63
33 27
33 144
33 73
33 147
33 200
33 130
33 89
33 4
33 74
83 81
83 219
83 206
83 95
83 119
83 118
83 171
83 80
83 25
83 77
83 205
83 40
83 71
83 107
83 145
83 11
83 157
83 47
83 66
83 146
83 188
83 214
83 34
83 109
83 184
83 201
83 8
83 37
83 94
83 9
83 16
83 2
83 114
83 186
83 21
83 91
83 127
83 140
83 199
83 72
83 87
83 179
83 90
83 3
83 193
83 129
83 28
83 180
83 116
83 88
83 35
83 41
83 45
83 56
83 17
83 192
83 48
83 194
83 126
83 55
83 182
83 152
83 82
83 133
83 49
83 216
83 136
83 104
83 26
83 128
83 185
83 10
83 1
83 153
83 102
83 190
83 85
83 150
83 181
83 204
83 198
83 70
83 84
83 63
83 27
83 200
83 130
83 51
81 125
81 7
81 219
81 59
81 206
81 95
81 171
81 25
81 175
81 71
81 107
81 145
81 11
81 156
81 66
81 146
81 218
81 214
81 184
81 201
81 96
81 134
81 37
81 189
81 166
81 113
81 75
81 213
81 131
81 93
81 31
81 203
81 142
81 114
81 186
81 21
81 32
81 154
81 91
81 127
81 12
81 140
81 199
81 151
81 72
81 87
81 90
81 210
81 164
81 121
81 105
81 69
81 122
81 215
81 163
81 28
81 5
81 116
81 115
81 209
81 98
81 17
81 24
81 48
81 0
81 194
81 195
81 55
81 152
81 53
81 101
81 49
81 216
81 57
81 136
81 197
81 104
81 155
81 44
81 137
81 1
81 153
81 99
81 64
81 108
81 174
81 111
81 148
81 117
81 67
81 70
81 84
81 63
81 27
81 73
81 191
81 200
81 130
81 4
81 58
81 74
125 62
125 59
125 206
125 119
125 118
125 171
125 80
125 18
125 100
125 13
125 205
125 86
125 71
125 11
125 157
125 47
125 156
125 66
125 146
125 218
125 214
125 109
125 165
125 37
125 213
125 131
125 93
125 20
125 31
125 203
125 23
125 142
125 2
125 29
125 32
125 50
125 91
125 12
125 132
125 140
125 159
125 79
125 179
125 193
125 68
125 164
125 121
125 88
125 115
125 209
125 98
125 45
125 192
125 24
125 48
125 161
125 76
125 126
125 195
125 120
125 55
125 123
125 82
125 133
125 78
125 26
125 137
125 1
125 19
125 102
125 64
125 111
125 124
125 198
125 117
125 67
125 70
125 27
125 73
125 147
125 191
125 200
125 170
125 51
125 4
62 7
62 219
62 160
62 206
62 95
62 118
62 171
62 25
62 77
62 86
62 107
62 39
62 11
62 177
62 66
62 218
62 34
62 184
62 96
62 36
62 165
62 112
62 37
62 94
62 189
62 9
62 75
62 131
62 93
62 43
62 20
62 31
62 203
62 186
62 21
62 91
62 132
62 199
62 151
62 87
62 79
62 90
62 193
62 68
62 121
62 69
62 215
62 129
62 28
62 180
62 116
62 88
62 15
62 41
62 56
62 17
62 192
62 24
62 48
62 30
62 0
62 161
62 126
62 55
62 123
62 152
62 101
62 49
62 216
62 141
62 57
62 106
62 26
62 14
62 137
62 1
62 19
62 61
62 99
62 217
62 60
62 22
62 204
62 148
62 117
62 67
62 70
62 173
62 167
62 84
62 144
62 73
62 191
62 200
62 170
62 4
62 58
62 42
7 119
7 207
7 171
7 18
7 13
7 40
7 107
7 157
7 47
7 156
7 177
7 66
7 143
7 218
7 214
7 34
7 184
7 201
7 36
7 165
7 37
7 189
7 213
7 16
7 31
7 29
7 186
7 50
7 91
7 199
7 151
7 212
7 72
7 179
7 90
7 3
7 68
7 164
7 121
7 105
7 215
7 129
7 5
7 35
7 209
7 110
7 17
7 24
7 0
7 161
7 194
7 138
7 195
7 55
7 123
7 152
7 53
7 133
7 49
7 141
7 136
7 104
7 26
7 128
7 14
7 185
7 155
7 10
7 1
7 153
7 61
7 85
7 178
7 64
7 108
7 174
7 111
7 148
7 67
7 173
7 167
7 27
7 73
7 147
7 130
7 170
7 58
219 59
219 160
219 206
219 95
219 119
219 118
219 207
219 80
219 100
219 77
219 175
219 13
219 205
219 40
219 71
219 39
219 11
219 156
219 143
219 218
219 214
219 184
219 96
219 134
219 8
219 165
219 112
219 189
219 9
219 213
219 131
219 93
219 43
219 31
219 203
219 23
219 142
219 2
219 154
219 50
219 12
219 132
219 140
219 159
219 87
219 79
219 3
219 164
219 215
219 103
219 116
219 98
219 45
219 17
219 192
219 24
219 161
219 76
219 126
219 195
219 55
219 152
219 133
219 49
219 141
219 57
219 106
219 197
219 104
219 26
219 185
219 155
219 137
219 1
219 102
219 99
219 190
219 217
219 22
219 204
219 198
219 148
219 67
219 70
219 173
219 167
219 84
219 63
219 144
219 73
219 51
219 74
59 118
59 18
59 25
59 100
59 168
59 175
59 13
59 205
59 71
59 145
59 47
59 177
59 188
59 214
59 184
59 201
59 96
59 134
59 189
59 166
59 9
59 213
59 20
59 142
59 2
59 29
59 202
59 154
59 50
59 12
59 132
59 140
59 151
59 159
59 87
59 79
59 179
59 3
59 121
59 163
59 103
59 172
59 180
59 116
59 41
59 110
59 192
59 48
59 0
59 55
59 123
59 182
59 152
59 53
59 82
59 133
59 49
59 57
59 136
59 106
59 128
59 155
59 10
59 44
59 153
59 61
59 99
59 178
59 150
59 217
59 60
59 181
59 174
59 124
59 198
59 67
59 63
59 27
59 144
59 73
59 147
59 191
59 130
59 89
59 4
59 58
160 206
160 95
160 207
160 25
160 175
160 40
160 145
160 11
160 156
160 34
160 109
160 201
160 96
160 36
160 165
160 112
160 37
160 189
160 75
160 213
160 16
160 93
160 20
160 23
160 186
160 202
160 32
160 50
160 91
160 127
160 151
160 159
160 87
160 3
160 210
160 68
160 164
160 69
160 122
160 163
160 103
160 116
160 88
160 35
160 15
160 41
160 209
160 24
160 30
160 0
160 76
160 138
160 120
160 55
160 182
160 82
160 133
160 216
160 141
160 197
160 14
160 10
160 137
160 1
160 153
160 19
160 102
160 190
160 85
160 178
160 150
160 217
160 60
160 108
160 181
160 22
160 174
160 111
160 124
160 198
160 117
160 67
160 70
160 167
160 27
160 147
160 58
160 74
206 171
206 25
206 100
206 77
206 175
206 205
206 145
206 11
206 47
206 66
206 218
206 214
206 109
206 184
206 201
206 36
206 134
206 8
206 37
206 189
206 113
206 9
206 75
206 213
206 131
206 16
206 93
206 43
206 20
206 203
206 142
206 114
206 29
206 186
206 32
206 154
206 127
206 132
206 140
206 199
206 159
206 179
206 90
206 210
206 193
206 121
206 105
206 103
206 129
206 28
206 172
206 180
206 116
206 88
206 41
206 115
206 209
206 98
206 110
206 45
206 17
206 48
206 161
206 76
206 194
206 126
206 120
206 55
206 123
206 152
206 53
206 136
206 197
206 104
206 78
206 128
206 185
206 162
206 155
206 10
206 137
206 1
206 19
206 102
206 85
206 178
206 60
206 108
206 181
206 174
206 198
206 148
206 70
206 84
206 73
206 200
206 130
206 51
206 58
206 42
95 119
95 171
95 80
95 25
95 100
95 77
95 13
95 86
95 40
95 71
95 39
95 145
95 47
95 156
95 146
95 143
95 214
95 34
95 201
95 36
95 134
95 8
95 165
95 112
95 75
95 213
95 16
95 93
95 23
95 142
95 186
95 21
95 32
95 50
95 132
95 140
95 72
95 79
95 3
95 193
95 121
95 122
95 215
95 163
95 129
95 5
95 180
95 116
95 41
95 98
95 56
95 17
95 192
95 0
95 194
95 120
95 55
95 152
95 57
95 136
95 197
95 128
95 14
95 155
95 10
95 102
95 190
95 178
95 217
95 60
95 64
95 204
95 198
95 148
95 67
95 173
95 167
95 144
95 73
95 191
95 89
95 170
95 4
95 74
119 207
119 171
119 80
119 25
119 77
119 205
119 71
119 107
119 11
119 156
119 146
119 143
119 218
119 96
119 165
119 37
119 131
119 93
119 43
119 203
119 23
119 114
119 202
119 32
119 154
119 91
119 127
119 12
119 199
119 212
119 72
119 179
119 90
119 164
119 121
119 105
119 69
119 103
119 129
119 172
119 116
119 15
119 209
119 110
119 56
119 17
119 48
119 0
119 76
119 120
119 55
119 123
119 152
119 53
119 101
119 49
119 216
119 57
119 106
119 197
119 104
119 26
119 14
119 162
119 137
119 190
119 85
119 181
119 22
119 174
119 111
119 124
119 148
119 67
119 173
119 84
119 63
119 27
119 144
119 147
119 191
119 130
119 89
119 170
119 42
118 80
118 77
118 13
118 205
118 40
118 71
118 145
118 177
118 146
118 214
118 34
118 109
118 184
118 134
118 8
118 112
118 94
118 166
118 113
118 9
118 213
118 16
118 20
118 203
118 23
118 142
118 29
118 32
118 50
118 132
118 159
118 212
118 72
118 90
118 210
118 193
118 164
118 121
118 105
118 69
118 163
118 5
118 172
118 35
118 41
118 209
118 110
118 45
118 17
118 192
118 24
118 138
118 120
118 55
118 182
118 152
118 53
118 82
118 101
118 49
118 141
118 57
118 136
118 106
118 26
118 14
118 185
118 162
118 44
118 61
118 85
118 150
118 60
118 181
118 22
118 204
118 111
118 97
118 198
118 117
118 70
118 173
118 167
118 63
118 27
118 144
118 73
118 191
118 89
118 170
118 51
118 4
118 58
118 74
207 171
207 18
207 13
207 86
207 40
207 39
207 145
207 157
207 156
207 66
207 146
207 143
207 188
207 34
207 109
207 201
207 94
207 166
207 9
207 16
207 43
207 20
207 31
207 114
207 29
207 186
207 21
207 50
207 127
207 199
207 151
207 159
207 212
207 87
207 79
207 179
207 193
207 121
207 69
207 122
207 215
207 5
207 41
207 115
207 110
207 17
207 0
207 194
207 138
207 126
207 55
207 123
207 82
207 133
207 101
207 141
207 136
207 106
207 104
207 78
207 128
207 185
207 44
207 137
207 153
207 178
207 150
207 217
207 108
207 22
207 174
207 204
207 97
207 198
207 67
207 173
207 63
207 147
207 191
207 130
207 89
207 170
207 58
207 42
207 74
171 80
171 168
171 86
171 71
171 107
171 11
171 47
171 156
171 146
171 143
171 214
171 34
171 109
171 201
171 36
171 8
171 94
171 189
171 9
171 75
171 213
171 16
171 31
171 203
171 23
171 142
171 2
171 186
171 32
171 91
171 127
171 140
171 151
171 72
171 87
171 179
171 193
171 105
171 69
171 122
171 103
171 28
171 5
171 172
171 180
171 116
171 88
171 15
171 41
171 115
171 98
171 56
171 17
171 24
171 48
171 161
171 120
171 152
171 53
171 133
171 49
171 216
171 57
171 106
171 128
171 185
171 162
171 10
171 44
171 19
171 102
171 61
171 178
171 217
171 22
171 174
171 204
171 124
171 97
171 198
171 117
171 84
171 27
171 144
171 73
171 147
171 191
171 170
171 51
171 58
171 42
80 25
80 168
80 77
80 13
80 205
80 71
80 11
80 156
80 66
80 188
80 218
80 109
80 184
80 201
80 96
80 36
80 112
80 94
80 189
80 113
80 9
80 16
80 203
80 2
80 186
80 32
80 154
80 50
80 12
80 132
80 151
80 72
80 87
80 179
80 90
80 210
80 193
80 68
80 164
80 121
80 105
80 122
80 215
80 28
80 5
80 172
80 180
80 116
80 35
80 98
80 56
80 17
80 194
80 126
80 195
80 120
80 53
80 133
80 49
80 57
80 106
80 78
80 128
80 14
80 44
80 61
80 190
80 85
80 178
80 60
80 174
80 97
80 148
80 27
80 191
80 200
80 130
80 89
80 4
80 42
18 25
18 175
18 13
18 205
18 86
18 40
18 39
18 157
18 47
18 188
18 218
18 8
18 112
18 94
18 9
18 75
18 43
18 20
18 31
18 203
18 142
18 2
18 29
18 202
18 21
18 50
18 91
18 12
18 132
18 140
18 159
18 72
18 79
18 179
18 90
18 210
18 68
18 164
18 105
18 69
18 122
18 28
18 5
18 172
18 180
18 88
18 35
18 15
18 56
18 17
18 48
18 161
18 194
18 126
18 195
18 123
18 53
18 82
18 133
18 101
18 49
18 141
18 57
18 136
18 197
18 104
18 26
18 128
18 155
18 10
18 137
18 153
18 19
18 99
18 190
18 85
18 150
18 64
18 108
18 22
18 204
18 111
18 198
18 148
18 67
18 70
18 167
18 63
18 144
18 147
18 191
18 200
18 130
18 89
18 170
18 4
18 42
25 168
25 77
25 175
25 13
25 86
25 40
25 145
25 157
25 177
25 146
25 34
25 109
25 184
25 8
25 189
25 166
25 113
25 213
25 131
25 16
25 203
25 114
25 29
25 186
25 202
25 21
25 32
25 50
25 132
25 199
25 159
25 212
25 72
25 79
25 90
25 3
25 193
25 121
25 105
25 69
25 122
25 215
25 163
25 129
25 5
25 180
25 116
25 35
25 41
25 209
25 56
25 17
25 192
25 24
25 48
25 30
25 0
25 76
25 194
25 138
25 120
25 55
25 123
25 152
25 53
25 133
25 101
25 197
25 78
25 14
25 10
25 61
25 99
25 60
25 181
25 204
25 97
25 67
25 70
25 173
25 167
25 84
25 63
25 27
25 73
25 191
25 200
25 130
25 89
25 170
25 51
25 4
25 42
25 74
100 175
100 205
100 40
100 107
100 39
100 11
100 47
100 156
100 177
100 66
100 146
100 218
100 109
100 201
100 36
100 134
100 189
100 9
100 75
100 213
100 31
100 203
100 2
100 29
100 21
100 32
100 91
100 127
100 132
100 140
100 212
100 87
100 210
100 164
100 105
100 69
100 103
100 5
100 172
100 116
100 88
100 15
100 41
100 115
100 209
100 110
100 45
100 192
100 24
100 120
100 123
100 182
100 53
100 49
100 216
100 136
100 106
100 104
100 128
100 14
100 10
100 99
100 85
100 217
100 64
100 108
100 181
100 111
100 124
100 97
100 148
100 70
100 173
100 167
100 84
100 63
100 73
100 191
100 130
100 89
100 170
100 4
168 175
168 86
168 107
168 39
168 156
168 66
168 146
168 218
168 214
168 34
168 109
168 36
168 165
168 94
168 189
168 9
168 213
168 93
168 43
168 31
168 203
168 23
168 114
168 186
168 32
168 154
168 50
168 91
168 127
168 132
168 140
168 199
168 151
168 212
168 87
168 3
168 193
168 68
168 121
168 69
168 122
168 163
168 116
168 88
168 35
168 15
168 41
168 115
168 209
168 98
168 24
168 48
168 30
168 76
168 138
168 55
168 123
168 182
168 53
168 82
168 216
168 57
168 197
168 104
168 14
168 185
168 162
168 10
168 1
168 153
168 61
168 190
168 85
168 178
168 60
168 64
168 22
168 174
168 148
168 117
168 67
168 70
168 173
168 84
168 63
168 27
168 200
168 130
168 89
168 170
168 4
168 74
77 175
77 205
77 86
77 71
77 107
77 39
77 47
77 156
77 143
77 188
77 34
77 96
77 8
77 112
77 37
77 75
77 213
77 93
77 31
77 203
77 142
77 29
77 202
77 50
77 127
77 132
77 199
77 151
77 90
77 193
77 68
77 164
77 105
77 69
77 129
77 5
77 172
77 180
77 15
77 115
77 209
77 110
77 45
77 17
77 192
77 161
77 195
77 120
77 123
77 152
77 53
77 82
77 197
77 104
77 78
77 26
77 14
77 162
77 137
77 153
77 85
77 217
77 181
77 204
77 111
77 198
77 67
77 70
77 167
77 63
77 73
77 191
77 200
77 130
77 89
77 51
175 86
175 11
175 157
175 156
175 177
175 146
175 188
175 218
175 214
175 34
175 184
175 201
175 96
175 112
175 37
175 94
175 75
175 131
175 16
175 93
175 20
175 31
175 23
175 142
175 2
175 29
175 186
175 21
175 154
175 12
175 140
175 199
175 72
175 87
175 179
175 210
175 193
175 68
175 121
175 105
175 69
175 215
175 129
175 28
175 5
175 180
175 116
175 88
175 209
175 98
175 110
175 45
175 192
175 48
175 0
175 138
175 126
175 123
175 53
175 133
175 101
175 49
175 216
175 141
175 136
175 106
175 78
175 26
175 14
175 162
175 155
175 44
175 19
175 102
175 61
175 85
175 150
175 60
175 64
175 181
175 22
175 174
175 204
175 124
175 97
175 148
175 70
175 173
175 167
175 84
175 63
175 144
175 73
175 147
175 191
175 130
175 51
175 42
13 205
13 86
13 71
13 39
13 145
13 47
13 177
13 188
13 218
13 109
13 96
13 36
13 165
13 189
13 75
13 213
13 131
13 16
13 203
13 23
13 2
13 29
13 21
13 50
13 127
13 199
13 151
13 159
13 212
13 72
13 87
13 90
13 3
13 193
13 68
13 105
13 69
13 122
13 163
13 129
13 180
13 88
13 35
13 15
13 209
13 56
13 30
13 161
13 194
13 195
13 55
13 123
13 182
13 53
13 82
13 133
13 216
13 78
13 26
13 155
13 1
13 153
13 19
13 102
13 61
13 99
13 190
13 85
13 178
13 150
13 108
13 174
13 204
13 124
13 117
13 67
13 63
13 130
13 170
13 51
13 4
205 145
205 47
205 177
205 218
205 214
205 109
205 36
205 134
205 165
205 112
205 166
205 113
205 9
205 213
205 93
205 203
205 23
205 142
205 2
205 21
205 12
205 212
205 179
205 68
205 121
205 105
205 69
205 122
205 163
205 129
205 28
205 180
205 35
205 41
205 115
205 98
205 17
205 48
205 76
205 138
205 195
205 182
205 82
205 49
205 106
205 197
205 78
205 26
205 14
205 162
205 137
205 19
205 99
205 190
205 178
205 181
205 111
205 97
205 148
205 67
205 70
205 173
205 27
205 144
205 147
205 191
205 4
205 58
205 42
205 74
86 40
86 107
86 39
86 157
86 47
86 177
86 66
86 146
86 218
86 214
86 34
86 109
86 36
86 134
86 8
86 165
86 112
86 9
86 131
86 16
86 93
86 43
86 20
86 31
86 203
86 2
86 114
86 29
86 21
86 91
86 127
86 151
86 159
86 90
86 210
86 105
86 69
86 215
86 163
86 129
86 28
86 5
86 35
86 98
86 110
86 56
86 192
86 76
86 194
86 138
86 55
86 123
86 182
86 49
86 141
86 57
86 106
86 104
86 26
86 128
86 14
86 162
86 1
86 19
86 102
86 178
86 217
86 64
86 174
86 204
86 97
86 198
86 148
86 117
86 67
86 70
86 173
86 84
86 147
86 191
86 170
86 51
86 4
86 58
40 39
40 157
40 47
40 156
40 146
40 188
40 218
40 201
40 134
40 112
40 94
40 113
40 16
40 43
40 20
40 2
40 29
40 186
40 202
40 21
40 50
40 12
40 151
40 159
40 79
40 179
40 90
40 3
40 210
40 193
40 68
40 164
40 121
40 69
40 129
40 28
40 180
40 35
40 15
40 209
40 98
40 30
40 0
40 76
40 138
40 126
40 120
40 53
40 49
40 216
40 141
40 57
40 106
40 128
40 155
40 10
40 44
40 102
40 85
40 178
40 150
40 60
40 108
40 181
40 22
40 174
40 148
40 67
40 167
40 84
40 63
40 191
40 89
40 58
40 42
71 39
71 157
71 47
71 156
71 146
71 143
71 188
71 184
71 201
71 96
71 36
71 8
71 37
71 166
71 113
71 9
71 93
71 203
71 23
71 2
71 114
71 29
71 186
71 202
71 50
71 140
71 212
71 87
71 90
71 3
71 69
71 122
71 163
71 129
71 172
71 35
71 15
71 56
71 161
71 194
71 138
71 126
71 195
71 82
71 101
71 141
71 57
71 197
71 78
71 185
71 155
71 44
71 153
71 19
71 102
71 61
71 99
71 178
71 60
71 64
71 108
71 181
71 111
71 124
71 117
71 67
71 70
71 84
71 63
71 170
71 74
107 11
107 47
107 177
107 66
107 218
107 214
107 34
107 109
107 36
107 165
107 37
107 189
107 166
107 113
107 9
107 131
107 16
107 93
107 20
107 31
107 142
107 186
107 202
107 21
107 32
107 154
107 127
107 12
107 132
107 199
107 159
107 212
107 72
107 79
107 90
107 3
107 164
107 121
107 122
107 215
107 163
107 103
107 129
107 28
107 180
107 15
107 98
107 17
107 192
107 161
107 76
107 138
107 126
107 195
107 55
107 53
107 82
107 49
107 57
107 78
107 26
107 162
107 1
107 153
107 19
107 102
107 61
107 99
107 190
107 85
107 178
107 64
107 22
107 174
107 204
107 124
107 198
107 148
107 117
107 67
107 167
107 84
107 63
107 27
107 73
107 147
107 130
107 89
39 157
39 177
39 146
39 143
39 214
39 201
39 96
39 36
39 112
39 37
39 94
39 189
39 166
39 113
39 9
39 213
39 16
39 93
39 43
39 20
39 31
39 203
39 23
39 142
39 29
39 21
39 50
39 91
39 127
39 132
39 79
39 90
39 210
39 164
39 121
39 105
39 69
39 122
39 129
39 28
39 172
39 180
39 88
39 35
39 41
39 56
39 48
39 30
39 138
39 195
39 120
39 55
39 49
39 216
39 136
39 104
39 78
39 128
39 185
39 137
39 19
39 61
39 99
39 190
39 178
39 150
39 22
39 204
39 97
39 198
39 67
39 70
39 167
39 63
39 200
39 170
39 74
145 146
145 188
145 214
145 201
145 134
145 8
145 165
145 112
145 37
145 94
145 189
145 113
145 9
145 75
145 213
145 43
145 142
145 186
145 21
145 32
145 50
145 132
145 159
145 90
145 3
145 68
145 122
145 180
145 116
145 88
145 35
145 15
145 41
145 98
145 192
145 24
145 30
145 0
145 194
145 126
145 120
145 55
145 152
145 53
145 49
145 136
145 197
145 26
145 128
145 162
145 155
145 44
145 1
145 153
145 102
145 61
145 99
145 178
145 150
145 217
145 60
145 64
145 108
145 181
145 22
145 111
145 124
145 198
145 167
145 84
145 63
145 27
145 144
145 200
145 130
145 89
145 170
145 51
145 4
145 42
145 74
11 156
11 66
11 143
11 218
11 201
11 36
11 8
11 37
11 94
11 166
11 113
11 9
11 213
11 16
11 20
11 29
11 50
11 91
11 127
11 12
11 132
11 199
11 159
11 72
11 79
11 179
11 90
11 210
11 68
11 164
11 28
11 5
11 172
11 180
11 15
11 115
11 209
11 110
11 45
11 17
11 24
11 48
11 30
11 0
11 161
11 76
11 126
11 182
11 133
11 136
11 106
11 78
11 26
11 185
11 155
11 44
11 1
11 153
11 19
11 99
11 190
11 178
11 181
11 22
11 174
11 111
11 124
11 97
11 198
11 148
11 67
11 70
11 173
11 84
11 27
11 144
11 89
11 51
11 4
11 58
11 74
157 47
157 156
157 146
157 143
157 188
157 34
157 109
157 36
157 134
157 8
157 37
157 94
157 113
157 131
157 16
157 203
157 23
157 142
157 2
157 29
157 50
157 91
157 12
157 132
157 140
157 199
157 159
157 87
157 79
157 179
157 90
157 3
157 193
157 68
157 105
157 69
157 163
157 103
157 129
157 28
157 5
157 172
157 35
157 41
157 115
157 45
157 56
157 17
157 192
157 24
157 48
157 0
157 161
157 194
157 55
157 123
157 152
157 82
157 133
157 101
157 49
157 216
157 141
157 57
157 106
157 78
157 26
157 14
157 185
157 162
157 155
157 99
157 190
157 178
157 60
157 181
157 174
157 204
157 111
157 97
157 148
157 117
157 167
157 63
157 144
157 73
157 191
157 4
47 177
47 218
47 184
47 201
47 96
47 8
47 165
47 112
47 37
47 94
47 166
47 113
47 131
47 16
47 43
47 31
47 2
47 154
47 91
47 151
47 72
47 87
47 79
47 3
47 210
47 121
47 105
47 69
47 163
47 129
47 172
47 88
47 35
47 41
47 209
47 45
47 192
47 48
47 161
47 138
47 120
47 55
47 123
47 53
47 82
47 133
47 101
47 141
47 57
47 136
47 106
47 104
47 78
47 26
47 185
47 1
47 102
47 61
47 99
47 190
47 150
47 60
47 204
47 124
47 97
47 198
47 148
47 117
47 84
47 63
47 144
47 147
47 191
47 130
47 58
156 177
156 146
156 188
156 218
156 214
156 184
156 201
156 96
156 36
156 165
156 112
156 94
156 189
156 113
156 9
156 203
156 23
156 2
156 114
156 186
156 32
156 154
156 50
156 127
156 90
156 3
156 210
156 68
156 121
156 105
156 69
156 215
156 28
156 172
156 180
156 116
156 88
156 15
156 17
156 24
156 194
156 195
156 55
156 82
156 101
156 141
156 106
156 78
156 26
156 14
156 162
156 10
156 137
156 153
156 61
156 85
156 150
156 64
156 108
156 204
156 111
156 124
156 97
156 117
156 70
156 173
156 84
156 27
156 200
156 130
156 89
156 4
177 146
177 188
177 34
177 184
177 36
177 134
177 37
177 113
177 213
177 31
177 203
177 142
177 127
177 212
177 79
177 179
177 90
177 3
177 193
177 68
177 69
177 215
177 103
177 129
177 5
177 116
177 88
177 15
177 209
177 45
177 192
177 24
177 30
177 0
177 161
177 138
177 195
177 55
177 123
177 152
177 53
177 82
177 133
177 101
177 49
177 141
177 104
177 128
177 14
177 155
177 10
177 137
177 153
177 102
177 61
177 85
177 60
177 64
177 204
177 117
177 70
177 173
177 167
177 63
177 73
177 89
177 170
177 4
66 188
66 218
66 34
66 96
66 134
66 8
66 165
66 112
66 94
66 113
66 9
66 213
66 131
66 93
66 203
66 23
66 142
66 2
66 29
66 186
66 32
66 50
66 91
66 127
66 12
66 140
66 199
66 72
66 179
66 90
66 193
66 68
66 105
66 122
66 215
66 28
66 180
66 116
66 88
66 115
66 98
66 110
66 192
66 48
66 30
66 76
66 138
66 126
66 123
66 82
66 133
66 101
66 49
66 216
66 141
66 57
66 136
66 197
66 104
66 78
66 14
66 185
66 162
66 44
66 19
66 102
66 61
66 150
66 217
66 60
66 108
66 181
66 174
66 111
66 97
66 117
66 70
66 167
66 84
66 63
66 144
66 200
66 4
66 74
146 201
146 165
146 112
146 37
146 94
146 189
146 9
146 93
146 31
146 2
146 186
146 202
146 32
146 154
146 12
146 132
146 159
146 79
146 90
146 193
146 69
146 122
146 129
146 5
146 172
146 88
146 115
146 209
146 98
146 45
146 56
146 17
146 161
146 126
146 120
146 55
146 123
146 152
146 53
146 82
146 101
146 49
146 216
146 141
146 197
146 104
146 26
146 14
146 185
146 162
146 137
146 1
146 61
146 190
146 85
146 178
146 150
146 217
146 108
146 22
146 174
146 124
146 97
146 198
146 148
146 70
146 173
146 167
146 84
146 63
146 73
146 147
146 191
146 89
146 51
146 4
146 58
143 214
143 34
143 109
143 201
143 36
143 112
143 37
143 213
143 16
143 31
143 23
143 114
143 32
143 154
143 91
143 199
143 159
143 79
143 179
143 90
143 210
143 193
143 105
143 69
143 215
143 163
143 28
143 5
143 180
143 116
143 88
143 15
143 41
143 209
143 76
143 120
143 182
143 82
143 216
143 141
143 57
143 106
143 104
143 26
143 128
143 10
143 44
143 19
143 102
143 61
143 99
143 85
143 60
143 22
143 174
143 204
143 111
143 97
143 148
143 173
143 167
143 27
143 73
143 191
143 130
143 58
188 214
188 34
188 109
188 184
188 96
188 134
188 112
188 94
188 166
188 113
188 75
188 213
188 131
188 16
188 43
188 31
188 203
188 2
188 186
188 202
188 127
188 12
188 199
188 72
188 87
188 164
188 121
188 163
188 103
188 35
188 15
188 209
188 56
188 0
188 161
188 194
188 138
188 195
188 55
188 152
188 53
188 82
188 133
188 101
188 49
188 216
188 57
188 136
188 197
188 104
188 78
188 14
188 162
188 10
188 44
188 102
188 61
188 190
188 85
188 178
188 150
188 217
188 181
188 174
188 124
188 148
188 70
188 173
188 63
188 147
188 200
188 130
188 89
188 170
188 51
188 4
218 214
218 109
218 184
218 37
218 166
218 16
218 93
218 43
218 31
218 2
218 114
218 29
218 186
218 32
218 132
218 140
218 199
218 151
218 159
218 212
218 72
218 87
218 79
218 90
218 210
218 68
218 121
218 105
218 122
218 163
218 180
218 116
218 41
218 209
218 24
218 0
218 161
218 76
218 194
218 138
218 126
218 120
218 123
218 133
218 49
218 136
218 104
218 162
218 155
218 44
218 153
218 99
218 190
218 85
218 60
218 22
218 204
218 148
218 117
218 173
218 167
218 84
218 63
218 27
218 144
218 200
218 170
218 42
218 74
214 201
214 96
214 36
214 165
214 94
214 131
214 16
214 93
214 203
214 29
214 186
214 21
214 154
214 91
214 12
214 132
214 140
214 199
214 159
214 212
214 87
214 79
214 164
214 105
214 69
214 163
214 5
214 172
214 116
214 15
214 115
214 209
214 98
214 110
214 56
214 24
214 0
214 76
214 194
214 138
214 195
214 152
214 82
214 141
214 106
214 26
214 128
214 162
214 155
214 10
214 19
214 61
214 190
214 85
214 178
214 108
214 174
214 204
214 111
214 97
214 198
214 148
214 67
214 173
214 89
214 51
34 109
34 184
34 201
34 96
34 36
34 8
34 165
34 37
34 166
34 75
34 142
34 2
34 186
34 21
34 32
34 12
34 72
34 87
34 210
34 193
34 68
34 164
34 105
34 215
34 163
34 103
34 129
34 28
34 15
34 41
34 209
34 98
34 192
34 24
34 30
34 76
34 195
34 120
34 123
34 182
34 152
34 53
34 101
34 57
34 136
34 106
34 78
34 26
34 14
34 185
34 155
34 44
34 153
34 19
34 99
34 190
34 178
34 60
34 181
34 22
34 204
34 97
34 198
34 148
34 117
34 173
34 167
34 84
34 63
34 144
34 73
34 147
34 130
34 170
34 58
34 74
109 184
109 201
109 96
109 8
109 189
109 113
109 9
109 213
109 93
109 20
109 203
109 23
109 114
109 202
109 32
109 154
109 91
109 127
109 12
109 199
109 151
109 159
109 212
109 72
109 179
109 90
109 210
109 193
109 68
109 164
109 105
109 69
109 215
109 129
109 5
109 180
109 116
109 88
109 35
109 15
109 98
109 110
109 56
109 24
109 48
109 30
109 0
109 161
109 55
109 123
109 182
109 152
109 53
109 216
109 141
109 106
109 197
109 104
109 26
109 14
109 162
109 137
109 1
109 99
109 190
109 178
109 150
109 60
109 108
109 181
109 174
109 204
109 198
109 117
109 70
109 84
109 63
109 144
109 73
109 191
109 130
109 89
109 170
109 4
109 74
184 96
184 134
184 8
184 165
184 112
184 37
184 113
184 213
184 43
184 20
184 31
184 23
184 142
184 2
184 29
184 186
184 202
184 91
184 12
184 140
184 151
184 212
184 72
184 87
184 179
184 210
184 193
184 68
184 69
184 122
184 103
184 5
184 172
184 116
184 35
184 15
184 115
184 209
184 98
184 110
184 45
184 56
184 17
184 192
184 48
184 30
184 0
184 161
184 76
184 194
184 138
184 195
184 123
184 152
184 133
184 101
184 49
184 216
184 57
184 136
184 26
184 14
184 185
184 162
184 155
184 137
184 153
184 102
184 99
184 190
184 178
184 150
184 108
184 111
184 97
184 148
184 117
184 67
184 84
184 63
184 27
184 191
184 89
184 51
184 4
184 58
184 42
201 36
201 134
201 8
201 112
201 37
201 94
201 189
201 166
201 113
201 9
201 213
201 23
201 142
201 114
201 186
201 202
201 32
201 91
201 127
201 12
201 159
201 72
201 79
201 179
201 210
201 193
201 164
201 121
201 215
201 129
201 15
201 41
201 115
201 209
201 110
201 17
201 24
201 30
201 76
201 138
201 126
201 120
201 123
201 182
201 133
201 141
201 57
201 106
201 104
201 78
201 128
201 14
201 155
201 137
201 1
201 178
201 217
201 181
201 124
201 148
201 70
201 27
201 144
201 4
201 58
201 74
96 36
96 8
96 165
96 112
96 37
96 113
96 9
96 75
96 213
96 131
96 16
96 43
96 203
96 23
96 186
96 32
96 154
96 50
96 127
96 199
96 151
96 212
96 179
96 210
96 193
96 164
96 215
96 163
96 129
96 28
96 5
96 180
96 116
96 88
96 41
96 115
96 209
96 98
96 17
96 24
96 48
96 30
96 0
96 161
96 120
96 152
96 53
96 82
96 133
96 49
96 216
96 57
96 106
96 78
96 26
96 128
96 185
96 162
96 155
96 44
96 137
96 19
96 102
96 99
96 85
96 178
96 64
96 108
96 181
96 22
96 124
96 97
96 117
96 67
96 167
96 27
96 73
96 130
96 170
96 51
96 4
96 58
36 134
36 8
36 165
36 113
36 213
36 131
36 43
36 20
36 23
36 186
36 21
36 154
36 91
36 132
36 140
36 199
36 151
36 159
36 79
36 3
36 164
36 69
36 122
36 129
36 5
36 209
36 98
36 45
36 56
36 192
36 24
36 48
36 30
36 0
36 161
36 76
36 194
36 138
36 126
36 182
36 152
36 53
36 82
36 133
36 49
36 57
36 106
36 78
36 128
36 14
36 1
36 102
36 99
36 150
36 60
36 181
36 111
36 124
36 148
36 117
36 70
36 167
36 63
36 144
36 73
36 200
36 130
36 89
36 170
36 51
36 74
134 8
134 94
134 166
134 113
134 9
134 2
134 114
134 202
134 154
134 50
134 127
134 12
134 212
134 79
134 179
134 164
134 122
134 129
134 28
134 35
134 15
134 209
134 110
134 45
134 48
134 76
134 138
134 195
134 120
134 123
134 182
134 53
134 82
134 197
134 104
134 78
134 26
134 185
134 162
134 10
134 153
134 102
134 61
134 178
134 150
134 217
134 60
134 64
134 108
134 181
134 174
134 204
134 111
134 124
134 148
134 67
134 167
134 84
134 73
134 147
134 191
134 200
134 130
134 89
134 51
134 74
8 165
8 94
8 113
8 131
8 16
8 93
8 43
8 2
8 114
8 186
8 21
8 91
8 132
8 140
8 199
8 212
8 210
8 193
8 164
8 121
8 69
8 163
8 103
8 172
8 180
8 116
8 209
8 98
8 110
8 192
8 24
8 48
8 30
8 76
8 194
8 195
8 120
8 133
8 101
8 49
8 216
8 136
8 26
8 185
8 137
8 153
8 19
8 99
8 190
8 178
8 150
8 60
8 174
8 117
8 167
8 84
8 73
8 147
8 200
8 130
8 170
8 58
165 37
165 16
165 93
165 20
165 31
165 203
165 2
165 202
165 21
165 32
165 127
165 132
165 140
165 199
165 212
165 87
165 210
165 68
165 121
165 105
165 69
165 122
165 103
165 129
165 28
165 180
165 116
165 35
165 115
165 98
165 17
165 138
165 120
165 182
165 152
165 53
165 133
165 101
165 49
165 136
165 106
165 26
165 128
165 14
165 185
165 44
165 153
165 85
165 217
165 64
165 108
165 174
165 97
165 198
165 117
165 67
165 70
165 167
165 84
165 63
165 73
165 147
165 191
165 200
165 170
165 4
165 58
112 37
112 94
112 189
112 9
112 75
112 131
112 93
112 23
112 142
112 2
112 114
112 29
112 186
112 32
112 140
112 199
112 159
112 72
112 87
112 179
112 193
112 121
112 28
112 172
112 35
112 41
112 209
112 98
112 110
112 24
112 76
112 138
112 126
112 55
112 133
112 101
112 49
112 216
112 57
112 136
112 26
112 128
112 14
112 10
112 44
112 1
112 153
112 19
112 85
112 217
112 60
112 64
112 181
112 22
112 204
112 198
112 84
112 27
112 147
112 191
112 200
112 89
112 51
112 58
112 74
37 94
37 189
37 131
37 16
37 43
37 142
37 202
37 21
37 154
37 127
37 132
37 199
37 151
37 212
37 72
37 87
37 179
37 90
37 3
37 210
37 68
37 121
37 69
37 215
37 163
37 103
37 28
37 5
37 116
37 35
37 41
37 45
37 56
37 30
37 161
37 76
37 138
37 126
37 195
37 55
37 182
37 49
37 216
37 57
37 136
37 104
37 78
37 26
37 185
37 155
37 153
37 19
37 61
37 99
37 190
37 85
37 178
37 150
37 217
37 60
37 181
37 22
37 174
37 204
37 111
37 124
37 198
37 148
37 117
37 67
37 173
37 84
37 27
37 147
37 170
37 51
94 166
94 75
94 131
94 93
94 43
94 2
94 114
94 29
94 186
94 32
94 91
94 127
94 12
94 151
94 212
94 87
94 90
94 3
94 210
94 193
94 68
94 105
94 122
94 163
94 103
94 129
94 28
94 5
94 180
94 35
94 115
94 98
94 110
94 45
94 24
94 76
94 194
94 126
94 195
94 120
94 55
94 152
94 49
94 106
94 26
94 14
94 162
94 153
94 102
94 61
94 99
94 190
94 85
94 150
94 60
94 108
94 181
94 22
94 204
94 97
94 148
94 167
94 84
94 63
94 73
94 147
94 130
94 89
94 170
94 42
189 113
189 9
189 93
189 43
189 20
189 203
189 142
189 2
189 114
189 186
189 202
189 21
189 154
189 91
189 12
189 132
189 140
189 199
189 151
189 212
189 72
189 179
189 90
189 210
189 68
189 164
189 215
189 129
189 180
189 116
189 115
189 209
189 45
189 17
189 24
189 0
189 76
189 138
189 126
189 120
189 123
189 152
189 82
189 49
189 141
189 57
189 106
189 197
189 26
189 162
189 155
189 44
189 102
189 61
189 60
189 108
189 181
189 174
189 204
189 111
189 198
189 67
189 70
189 173
189 167
189 63
189 147
189 89
189 170
189 51
166 131
166 93
166 20
166 2
166 186
166 202
166 32
166 127
166 132
166 140
166 199
166 151
166 193
166 105
166 69
166 122
166 215
166 103
166 5
166 172
166 88
166 35
166 41
166 115
166 209
166 45
166 56
166 192
166 30
166 0
166 126
166 120
166 182
166 53
166 82
166 141
166 57
166 197
166 78
166 26
166 162
166 137
166 153
166 190
166 178
166 150
166 60
166 22
166 204
166 70
166 73
166 191
166 200
166 130
166 58
113 75
113 43
113 20
113 23
113 151
113 72
113 87
113 179
113 68
113 164
113 163
113 129
113 5
113 180
113 35
113 15
113 115
113 209
113 98
113 110
113 45
113 24
113 48
113 0
113 161
113 76
113 120
113 123
113 182
113 152
113 53
113 101
113 216
113 136
113 104
113 78
113 26
113 128
113 14
113 185
113 137
113 102
113 61
113 99
113 190
113 85
113 217
113 60
113 111
113 124
113 148
113 173
113 167
113 73
113 200
113 130
113 89
113 170
113 4
9 213
9 16
9 93
9 43
9 31
9 142
9 29
9 186
9 21
9 12
9 199
9 151
9 159
9 72
9 87
9 3
9 210
9 193
9 68
9 69
9 163
9 103
9 5
9 180
9 116
9 15
9 41
9 209
9 17
9 30
9 161
9 194
9 126
9 55
9 53
9 82
9 133
9 49
9 57
9 136
9 106
9 104
9 128
9 14
9 185
9 162
9 155
9 44
9 137
9 1
9 61
9 190
9 85
9 217
9 60
9 108
9 181
9 124
9 97
9 198
9 67
9 70
9 173
9 63
9 73
9 191
9 89
9 58
9 74
75 16
75 20
75 203
75 23
75 142
75 186
75 21
75 91
75 140
75 199
75 151
75 212
75 72
75 87
75 79
75 179
75 90
75 193
75 68
75 164
75 163
75 129
75 28
75 172
75 116
75 88
75 209
75 161
75 76
75 194
75 138
75 126
75 195
75 120
75 55
75 123
75 182
75 152
75 82
75 133
75 101
75 57
75 136
75 106
75 197
75 128
75 185
75 162
75 155
75 10
75 1
75 19
75 102
75 61
75 190
75 178
75 181
75 22
75 111
75 148
75 167
75 84
75 63
75 144
75 73
75 147
75 170
75 58
75 42
213 131
213 43
213 203
213 186
213 21
213 50
213 127
213 12
213 132
213 140
213 151
213 72
213 87
213 179
213 3
213 210
213 121
213 129
213 5
213 172
213 88
213 35
213 15
213 41
213 110
213 56
213 192
213 0
213 194
213 138
213 55
213 182
213 101
213 216
213 136
213 128
213 185
213 155
213 137
213 153
213 102
213 85
213 150
213 217
213 60
213 64
213 22
213 204
213 124
213 67
213 70
213 173
213 167
213 63
213 27
213 73
213 89
213 51
213 42
213 74
131 93
131 31
131 203
131 23
131 142
131 2
131 114
131 154
131 91
131 127
131 199
131 159
131 179
131 210
131 193
131 68
131 164
131 28
131 116
131 88
131 41
131 115
131 98
131 45
131 24
131 30
131 126
131 195
131 123
131 152
131 82
131 101
131 49
131 57
131 78
131 26
131 128
131 14
131 162
131 155
131 10
131 137
131 153
131 102
131 99
131 190
131 85
131 150
131 108
131 174
131 97
131 148
131 67
131 173
131 167
131 84
131 63
131 27
131 191
131 130
131 89
131 4
16 31
16 203
16 23
16 29
16 32
16 154
16 91
16 199
16 212
16 79
16 179
16 90
16 3
16 210
16 121
16 69
16 215
16 163
16 103
16 28
16 5
16 180
16 15
16 41
16 115
16 209
16 45
16 56
16 17
16 192
16 0
16 161
16 123
16 152
16 53
16 106
16 104
16 78
16 128
16 14
16 185
16 10
16 137
16 1
16 102
16 85
16 178
16 217
16 60
16 64
16 108
16 22
16 174
16 204
16 124
16 97
16 198
16 117
16 73
16 191
16 42
93 23
93 114
93 32
93 154
93 91
93 132
93 140
93 199
93 151
93 212
93 87
93 179
93 193
93 164
93 121
93 105
93 69
93 215
93 28
93 172
93 180
93 116
93 35
93 15
93 98
93 110
93 56
93 17
93 192
93 0
93 161
93 76
93 194
93 126
93 120
93 123
93 182
93 53
93 133
93 57
93 106
93 104
93 78
93 10
93 1
93 19
93 99
93 85
93 150
93 217
93 111
93 97
93 198
93 148
93 167
93 63
93 73
93 147
93 191
93 200
93 89
93 170
93 58
93 74
43 20
43 31
43 203
43 29
43 202
43 50
43 91
43 127
43 12
43 132
43 140
43 79
43 179
43 90
43 193
43 164
43 122
43 163
43 129
43 5
43 180
43 116
43 88
43 35
43 41
43 115
43 45
43 17
43 48
43 76
43 194
43 195
43 55
43 182
43 53
43 82
43 101
43 136
43 106
43 162
43 155
43 44
43 137
43 153
43 19
43 178
43 150
43 217
43 174
43 111
43 97
43 198
43 117
43 173
43 84
43 27
43 144
43 73
43 200
43 51
43 4
43 58
43 74
20 31
20 203
20 23
20 114
20 202
20 32
20 154
20 50
20 91
20 12
20 132
20 151
20 72
20 90
20 3
20 210
20 193
20 68
20 121
20 215
20 163
20 103
20 129
20 5
20 35
20 41
20 98
20 17
20 48
20 0
20 76
20 194
20 126
20 195
20 120
20 123
20 101
20 49
20 216
20 141
20 57
20 197
20 104
20 128
20 14
20 155
20 1
20 153
20 102
20 178
20 217
20 60
20 181
20 22
20 204
20 111
20 167
20 84
20 63
20 144
20 73
20 147
20 200
20 130
20 170
20 42
20 74
31 23
31 142
31 2
31 114
31 29
31 202
31 21
31 32
31 91
31 12
31 132
31 140
31 199
31 212
31 72
31 79
31 179
31 3
31 210
31 68
31 121
31 105
31 122
31 163
31 103
31 129
31 28
31 180
31 116
31 88
31 41
31 115
31 56
31 17
31 192
31 24
31 48
31 0
31 138
31 195
31 123
31 53
31 133
31 49
31 216
31 197
31 104
31 128
31 14
31 185
31 162
31 155
31 10
31 44
31 19
31 102
31 61
31 150
31 217
31 108
31 22
31 174
31 111
31 97
31 198
31 27
31 73
31 191
31 200
31 130
31 170
31 58
31 42
203 142
203 29
203 202
203 32
203 50
203 127
203 12
203 199
203 151
203 159
203 72
203 87
203 179
203 90
203 3
203 210
203 193
203 164
203 105
203 69
203 122
203 215
203 103
203 129
203 116
203 88
203 15
203 115
203 209
203 45
203 24
203 0
203 161
203 76
203 194
203 195
203 55
203 53
203 82
203 216
203 57
203 197
203 162
203 155
203 44
203 137
203 1
203 190
203 85
203 178
203 150
203 60
203 198
203 148
203 70
203 167
203 27
203 200
203 89
203 51
203 42
23 142
23 2
23 186
23 202
23 50
23 127
23 12
23 199
23 151
23 87
23 68
23 121
23 122
23 215
23 163
23 103
23 129
23 172
23 88
23 35
23 15
23 115
23 45
23 192
23 24
23 48
23 126
23 55
23 123
23 182
23 57
23 106
23 104
23 26
23 128
23 155
23 137
23 153
23 102
23 190
23 150
23 217
23 181
23 174
23 111
23 97
23 198
23 67
23 173
23 84
23 63
23 27
23 144
23 147
23 200
23 130
23 170
23 51
23 4
23 58
23 74
142 114
142 29
142 186
142 154
142 50
142 127
142 12
142 132
142 151
142 159
142 72
142 87
142 179
142 90
142 210
142 193
142 164
142 121
142 69
142 215
142 103
142 129
142 180
142 116
142 15
142 115
142 209
142 56
142 17
142 24
142 30
142 161
142 194
142 138
142 55
142 123
142 152
142 133
142 101
142 216
142 141
142 136
142 106
142 197
142 26
142 128
142 185
142 155
142 10
142 1
142 102
142 61
142 99
142 178
142 181
142 22
142 174
142 111
142 198
142 67
142 63
142 27
142 147
142 51
2 186
2 202
2 32
2 50
2 132
2 199
2 87
2 179
2 3
2 164
2 121
2 69
2 122
2 215
2 163
2 5
2 15
2 115
2 110
2 192
2 48
2 76
2 194
2 138
2 126
2 195
2 120
2 182
2 152
2 53
2 101
2 136
2 106
2 78
2 14
2 185
2 155
2 44
2 137
2 1
2 19
2 217
2 108
2 181
2 22
2 97
2 117
2 173
2 167
2 144
2 73
2 147
2 200
2 130
2 89
2 58
2 42
2 74
114 29
114 186
114 202
114 21
114 32
114 91
114 127
114 132
114 151
114 212
114 72
114 90
114 210
114 68
114 164
114 105
114 215
114 163
114 103
114 129
114 28
114 172
114 41
114 115
114 209
114 98
114 110
114 45
114 48
114 0
114 161
114 194
114 55
114 152
114 53
114 133
114 49
114 216
114 141
114 197
114 78
114 26
114 14
114 185
114 162
114 155
114 137
114 19
114 102
114 99
114 190
114 85
114 178
114 150
114 217
114 108
114 181
114 174
114 111
114 124
114 117
114 70
114 173
114 84
114 27
114 73
114 4
114 74
29 186
29 202
29 21
29 32
29 154
29 50
29 199
29 193
29 68
29 164
29 121
29 215
29 163
29 103
29 129
29 172
29 88
29 15
29 41
29 209
29 98
29 110
29 56
29 48
29 30
29 76
29 194
29 195
29 120
29 55
29 53
29 49
29 141
29 57
29 197
29 104
29 78
29 10
29 44
29 1
29 153
29 19
29 190
29 85
29 178
29 108
29 174
29 111
29 198
29 148
29 117
29 67
29 173
29 84
29 63
29 144
29 73
29 200
29 89
29 58
29 74
186 202
186 21
186 32
186 154
186 50
186 91
186 132
186 140
186 199
186 151
186 212
186 87
186 193
186 68
186 105
186 69
186 122
186 163
186 103
186 172
186 116
186 88
186 41
186 209
186 110
186 45
186 192
186 48
186 30
186 76
186 138
186 82
186 49
186 141
186 57
186 106
186 197
186 78
186 26
186 128
186 162
186 155
186 19
186 99
186 190
186 178
186 217
186 60
186 108
186 181
186 22
186 174
186 198
186 148
186 117
186 173
186 63
186 27
186 144
186 73
186 130
186 89
186 170
186 51
186 4
186 42
186 74
202 21
202 154
202 50
202 91
202 12
202 199
202 159
202 212
202 72
202 179
202 210
202 164
202 121
202 105
202 69
202 103
202 28
202 88
202 41
202 209
202 110
202 56
202 17
202 24
202 30
202 0
202 194
202 55
202 53
202 82
202 101
202 141
202 57
202 106
202 197
202 104
202 78
202 26
202 162
202 44
202 153
202 19
202 102
202 99
202 190
202 178
202 150
202 108
202 181
202 22
202 174
202 111
202 124
202 97
202 117
202 173
202 84
202 63
202 27
202 144
202 147
202 200
202 89
202 170
202 4
202 58
202 42
21 154
21 50
21 127
21 12
21 140
21 87
21 90
21 3
21 210
21 193
21 164
21 121
21 105
21 122
21 215
21 163
21 28
21 5
21 180
21 116
21 35
21 209
21 110
21 45
21 56
21 192
21 24
21 48
21 30
21 0
21 161
21 76
21 194
21 138
21 120
21 55
21 123
21 152
21 53
21 101
21 49
21 57
21 197
21 104
21 78
21 14
21 162
21 10
21 137
21 153
21 19
21 61
21 178
21 150
21 217
21 64
21 22
21 111
21 97
21 198
21 117
21 67
21 70
21 167
21 63
21 147
21 191
21 200
21 51
21 4
21 74
32 50
32 91
32 127
32 12
32 132
32 199
32 151
32 159
32 72
32 90
32 193
32 105
32 69
32 122
32 163
32 129
32 116
32 35
32 41
32 98
32 110
32 45
32 17
32 48
32 161
32 76
32 138
32 126
32 120
32 53
32 82
32 133
32 101
32 136
32 197
32 104
32 26
32 1
32 61
32 99
32 190
32 85
32 217
32 64
32 108
32 174
32 111
32 124
32 148
32 167
32 191
32 89
32 170
32 51
154 50
154 91
154 151
154 159
154 212
154 179
154 90
154 210
154 193
154 164
154 69
154 122
154 103
154 28
154 172
154 88
154 98
154 110
154 56
154 24
154 161
154 194
154 195
154 120
154 55
154 133
154 57
154 136
154 106
154 26
154 128
154 14
154 185
154 162
154 44
154 137
154 102
154 61
154 99
154 85
154 178
154 150
154 60
154 64
154 204
154 124
154 97
154 148
154 67
154 63
154 27
154 147
154 191
154 130
154 170
154 51
154 4
154 58
50 12
50 132
50 199
50 212
50 72
50 90
50 3
50 68
50 164
50 105
50 69
50 5
50 172
50 15
50 209
50 45
50 56
50 48
50 0
50 161
50 76
50 194
50 138
50 120
50 55
50 182
50 53
50 216
50 141
50 106
50 197
50 104
50 78
50 14
50 185
50 155
50 137
50 1
50 102
50 178
50 150
50 217
50 64
50 108
50 181
50 174
50 117
50 173
50 27
50 191
50 89
91 132
91 159
91 72
91 87
91 210
91 121
91 105
91 69
91 122
91 163
91 103
91 129
91 172
91 88
91 115
91 209
91 110
91 56
91 17
91 24
91 48
91 0
91 126
91 195
91 55
91 123
91 152
91 133
91 101
91 49
91 141
91 106
91 197
91 78
91 128
91 155
91 10
91 44
91 61
91 190
91 178
91 150
91 217
91 64
91 174
91 204
91 67
91 84
91 73
91 147
91 130
91 51
91 4
127 12
127 132
127 199
127 151
127 79
127 90
127 68
127 164
127 105
127 122
127 103
127 5
127 180
127 88
127 15
127 41
127 115
127 56
127 17
127 192
127 30
127 0
127 161
127 194
127 152
127 82
127 133
127 49
127 216
127 141
127 78
127 128
127 155
127 10
127 137
127 1
127 153
127 19
127 85
127 178
127 150
127 217
127 64
127 22
127 111
127 124
127 67
127 70
127 173
127 167
127 84
127 144
127 73
127 147
127 130
127 51
127 4
127 74
12 72
12 87
12 79
12 210
12 164
12 122
12 129
12 5
12 172
12 180
12 88
12 35
12 15
12 110
12 45
12 192
12 30
12 138
12 126
12 195
12 182
12 53
12 82
12 133
12 101
12 49
12 216
12 141
12 197
12 78
12 128
12 185
12 162
12 10
12 44
12 137
12 1
12 19
12 102
12 190
12 150
12 217
12 64
12 108
12 204
12 111
12 124
12 97
12 198
12 148
12 117
12 70
12 167
12 63
12 144
12 73
12 147
12 200
12 130
12 89
12 74
132 140
132 199
132 151
132 212
132 72
132 87
132 79
132 179
132 90
132 210
132 193
132 68
132 164
132 121
132 122
132 163
132 129
132 28
132 5
132 172
132 180
132 116
132 35
132 15
132 41
132 209
132 17
132 192
132 24
132 48
132 161
132 76
132 194
132 195
132 120
132 182
132 53
132 101
132 216
132 141
132 57
132 185
132 155
132 137
132 61
132 217
132 181
132 22
132 174
132 204
132 97
132 198
132 148
132 117
132 67
132 173
132 84
132 63
132 147
132 191
132 200
132 130
132 89
132 170
132 51
132 4
132 42
132 74
140 151
140 159
140 212
140 87
140 90
140 210
140 193
140 68
140 164
140 121
140 105
140 69
140 122
140 163
140 103
140 5
140 116
140 115
140 110
140 192
140 48
140 0
140 76
140 194
140 126
140 123
140 182
140 152
140 133
140 216
140 141
140 136
140 197
140 104
140 78
140 185
140 162
140 10
140 44
140 153
140 19
140 178
140 217
140 204
140 148
140 70
140 173
140 27
140 144
140 147
140 130
140 58
140 42
140 74
199 72
199 87
199 179
199 90
199 3
199 210
199 193
199 105
199 215
199 163
199 103
199 5
199 116
199 88
199 35
199 15
199 41
199 115
199 209
199 98
199 110
199 45
199 17
199 192
199 48
199 30
199 161
199 76
199 194
199 126
199 195
199 120
199 123
199 53
199 133
199 101
199 216
199 57
199 136
199 104
199 26
199 128
199 14
199 44
199 1
199 19
199 102
199 99
199 217
199 64
199 108
199 174
199 97
199 148
199 70
199 173
199 167
199 27
199 144
199 73
199 200
199 89
199 170
199 4
199 42
199 74
151 72
151 87
151 79
151 179
151 164
151 121
151 69
151 122
151 215
151 129
151 28
151 5
151 88
151 15
151 115
151 209
151 98
151 110
151 17
151 24
151 48
151 0
151 161
151 76
151 138
151 126
151 82
151 101
151 216
151 57
151 136
151 78
151 26
151 14
151 1
151 153
151 19
151 61
151 99
151 190
151 85
151 217
151 181
151 204
151 97
151 148
151 84
151 63
151 73
151 147
151 200
151 89
151 51
159 72
159 90
159 3
159 210
159 164
159 121
159 105
159 69
159 122
159 163
159 129
159 28
159 5
159 172
159 35
159 115
159 209
159 98
159 110
159 56
159 17
159 24
159 0
159 161
159 76
159 194
159 138
159 126
159 195
159 182
159 53
159 82
159 101
159 216
159 141
159 57
159 197
159 104
159 78
159 26
159 162
159 1
159 19
159 102
159 61
159 99
159 190
159 64
159 108
159 181
159 174
159 204
159 111
159 67
159 173
159 167
159 27
159 191
159 51
159 4
159 74
212 87
212 179
212 3
212 210
212 68
212 105
212 69
212 215
212 172
212 116
212 88
212 41
212 98
212 110
212 45
212 17
212 48
212 30
212 0
212 161
212 76
212 195
212 120
212 55
212 182
212 133
212 49
212 57
212 78
212 26
212 162
212 10
212 44
212 137
212 153
212 102
212 85
212 178
212 150
212 64
212 108
212 181
212 22
212 204
212 111
212 117
212 67
212 167
212 84
212 27
212 147
212 200
212 130
212 89
212 51
212 58
212 42
212 74
72 79
72 179
72 90
72 193
72 68
72 105
72 69
72 122
72 163
72 129
72 180
72 116
72 88
72 35
72 15
72 115
72 98
72 110
72 45
72 17
72 192
72 24
72 76
72 194
72 120
72 182
72 82
72 133
72 106
72 197
72 78
72 26
72 128
72 162
72 155
72 10
72 153
72 85
72 108
72 181
72 22
72 204
72 111
72 117
72 67
72 167
72 63
72 27
72 73
72 191
72 130
72 4
72 74
87 79
87 90
87 3
87 68
87 121
87 105
87 69
87 103
87 5
87 180
87 116
87 15
87 41
87 209
87 24
87 48
87 0
87 194
87 138
87 126
87 195
87 182
87 53
87 133
87 101
87 49
87 141
87 197
87 78
87 26
87 128
87 14
87 162
87 155
87 1
87 153
87 102
87 85
87 178
87 217
87 181
87 204
87 111
87 124
87 148
87 117
87 167
87 27
87 144
87 191
87 89
87 170
87 51
87 42
87 74
79 90
79 210
79 193
79 68
79 121
79 163
79 103
79 172
79 180
79 116
79 88
79 35
79 15
79 209
79 45
79 56
79 24
79 30
79 161
79 76
79 194
79 138
79 126
79 195
79 120
79 55
79 82
79 133
79 101
79 216
79 141
79 197
79 78
79 128
79 185
79 155
79 44
79 137
79 1
79 61
79 99
79 85
79 150
79 217
79 64
79 108
79 124
79 97
79 148
79 117
79 67
79 84
79 63
79 27
79 144
79 73
79 191
79 200
79 51
79 4
79 42
179 90
179 3
179 210
179 193
179 68
179 164
179 69
179 163
179 103
179 28
179 5
179 172
179 180
179 116
179 115
179 209
179 192
179 30
179 0
179 126
179 120
179 55
179 123
179 152
179 82
179 133
179 49
179 57
179 197
179 185
179 10
179 153
179 19
179 102
179 190
179 85
179 64
179 108
179 22
179 204
179 111
179 97
179 148
179 67
179 173
179 167
179 84
179 63
179 144
179 147
179 200
179 130
179 89
179 51
179 58
179 74
90 164
90 121
90 122
90 215
90 163
90 28
90 5
90 172
90 35
90 15
90 98
90 45
90 56
90 17
90 0
90 76
90 194
90 120
90 152
90 101
90 216
90 141
90 197
90 78
90 26
90 14
90 185
90 155
90 10
90 137
90 1
90 153
90 19
90 61
90 99
90 178
90 60
90 64
90 108
90 181
90 174
90 204
90 111
90 97
90 198
90 148
90 117
90 70
90 63
90 27
90 144
90 191
90 130
90 51
90 4
90 42
3 193
3 68
3 164
3 121
3 122
3 215
3 129
3 28
3 172
3 180
3 35
3 15
3 115
3 45
3 56
3 17
3 192
3 24
3 0
3 161
3 76
3 195
3 120
3 55
3 123
3 152
3 101
3 141
3 136
3 106
3 197
3 104
3 26
3 14
3 185
3 162
3 61
3 85
3 178
3 64
3 108
3 204
3 111
3 97
3 148
3 67
3 70
3 84
3 27
3 130
3 89
3 51
3 4
3 42
3 74
210 68
210 121
210 105
210 69
210 122
210 163
210 129
210 172
210 180
210 35
210 15
210 209
210 98
210 110
210 56
210 24
210 48
210 30
210 0
210 161
210 76
210 194
210 138
210 126
210 195
210 55
210 152
210 82
210 133
210 49
210 141
210 197
210 26
210 128
210 14
210 44
210 137
210 1
210 19
210 61
210 190
210 217
210 60
210 181
210 22
210 111
210 124
210 148
210 67
210 70
210 173
210 167
210 27
210 130
210 51
210 4
210 58
210 42
210 74
193 122
193 103
193 129
193 28
193 180
193 116
193 35
193 115
193 98
193 17
193 30
193 161
193 138
193 55
193 123
193 182
193 152
193 82
193 133
193 49
193 216
193 57
193 106
193 197
193 78
193 26
193 137
193 1
193 99
193 190
193 85
193 217
193 60
193 64
193 22
193 204
193 111
193 124
193 198
193 67
193 167
193 84
193 63
193 147
193 200
193 89
193 170
68 121
68 69
68 215
68 163
68 28
68 116
68 35
68 98
68 45
68 56
68 24
68 161
68 126
68 195
68 55
68 123
68 53
68 133
68 101
68 141
68 136
68 106
68 197
68 26
68 128
68 14
68 185
68 162
68 155
68 10
68 19
68 102
68 99
68 64
68 108
68 174
68 198
68 117
68 67
68 63
68 144
68 147
68 200
68 51
68 4
68 74
164 121
164 105
164 69
164 122
164 103
164 129
164 172
164 35
164 15
164 115
164 209
164 98
164 110
164 45
164 24
164 0
164 161
164 194
164 126
164 120
164 55
164 182
164 53
164 82
164 133
164 101
164 106
164 78
164 26
164 128
164 14
164 185
164 162
164 137
164 1
164 153
164 102
164 99
164 85
164 150
164 60
164 64
164 108
164 22
164 174
164 204
164 124
164 97
164 198
164 148
164 117
164 67
164 70
164 173
164 167
164 144
164 73
164 4
164 42
164 74
121 103
121 129
121 172
121 116
121 88
121 35
121 15
121 41
121 110
121 192
121 24
121 48
121 30
121 0
121 76
121 194
121 195
121 120
121 182
121 82
121 141
121 57
121 136
121 197
121 104
121 78
121 128
121 14
121 10
121 137
121 1
121 153
121 190
121 178
121 150
121 64
121 181
121 111
121 124
121 198
121 117
121 70
121 63
121 73
121 147
121 191
121 89
121 170
121 42
121 74
105 69
105 163
105 103
105 129
105 5
105 172
105 35
105 15
105 17
105 48
105 0
105 161
105 76
105 120
105 152
105 53
105 82
105 101
105 57
105 136
105 106
105 197
105 104
105 185
105 10
105 44
105 137
105 1
105 153
105 19
105 61
105 99
105 150
105 217
105 108
105 181
105 174
105 111
105 148
105 117
105 70
105 84
105 63
105 144
105 73
105 191
105 200
105 170
105 51
105 58
105 42
69 215
69 129
69 28
69 172
69 180
69 35
69 15
69 209
69 110
69 56
69 17
69 48
69 161
69 76
69 194
69 195
69 120
69 123
69 82
69 101
69 216
69 57
69 106
69 104
69 78
69 26
69 128
69 14
69 155
69 137
69 1
69 19
69 102
69 85
69 150
69 60
69 108
69 181
69 204
69 124
69 198
69 148
69 67
69 167
69 63
69 27
69 73
69 191
69 200
69 130
69 4
69 58
69 74
122 103
122 129
122 5
122 172
122 116
122 115
122 209
122 98
122 24
122 48
122 30
122 194
122 126
122 120
122 123
122 152
122 216
122 141
122 57
122 136
122 106
122 128
122 185
122 155
122 44
122 19
122 61
122 190
122 178
122 60
122 64
122 108
122 181
122 174
122 97
122 67
122 173
122 167
122 191
122 130
122 170
122 51
122 4
215 129
215 28
215 172
215 180
215 35
215 15
215 41
215 98
215 110
215 56
215 17
215 192
215 48
215 0
215 138
215 120
215 55
215 123
215 53
215 82
215 141
215 197
215 104
215 78
215 128
215 14
215 185
215 162
215 155
215 44
215 19
215 102
215 61
215 85
215 178
215 64
215 181
215 22
215 204
215 111
215 97
215 148
215 117
215 70
215 84
215 27
215 73
215 147
215 191
215 200
215 89
215 51
215 4
215 58
163 28
163 5
163 172
163 180
163 35
163 15
163 115
163 209
163 98
163 110
163 45
163 17
163 24
163 30
163 194
163 120
163 152
163 53
163 133
163 101
163 49
163 141
163 57
163 197
163 104
163 26
163 128
163 14
163 162
163 10
163 44
163 1
163 153
163 19
163 61
163 85
163 204
163 97
163 198
163 148
163 117
163 70
163 173
163 167
163 84
163 63
163 147
163 130
163 170
163 42
103 129
103 116
103 98
103 17
103 192
103 48
103 30
103 0
103 161
103 138
103 126
103 123
103 152
103 101
103 49
103 197
103 104
103 78
103 26
103 185
103 162
103 10
103 137
103 1
103 19
103 102
103 61
103 178
103 150
103 217
103 108
103 181
103 204
103 111
103 198
103 167
103 63
103 27
103 147
103 130
103 170
103 4
103 58
103 42
129 28
129 5
129 35
129 41
129 110
129 56
129 24
129 161
129 76
129 55
129 182
129 82
129 141
129 136
129 106
129 197
129 104
129 78
129 26
129 162
129 44
129 137
129 153
129 61
129 99
129 178
129 181
129 174
129 111
129 198
129 117
129 84
129 63
129 144
129 73
129 191
129 200
129 89
129 51
129 74
28 172
28 180
28 15
28 115
28 98
28 17
28 192
28 24
28 30
28 0
28 161
28 76
28 195
28 120
28 152
28 49
28 141
28 26
28 128
28 162
28 10
28 44
28 153
28 61
28 178
28 64
28 181
28 204
28 198
28 148
28 70
28 173
28 167
28 63
28 200
28 130
28 89
28 74
5 172
5 116
5 88
5 35
5 209
5 98
5 17
5 24
5 48
5 30
5 0
5 194
5 126
5 120
5 55
5 53
5 133
5 101
5 106
5 197
5 104
5 128
5 14
5 155
5 19
5 102
5 61
5 99
5 85
5 178
5 64
5 181
5 22
5 174
5 204
5 111
5 97
5 117
5 173
5 167
5 84
5 27
5 144
5 73
5 147
5 200
5 170
5 4
5 58
172 41
172 56
172 17
172 192
172 24
172 194
172 126
172 120
172 182
172 152
172 82
172 49
172 141
172 57
172 136
172 10
172 153
172 19
172 150
172 217
172 60
172 108
172 204
172 198
172 148
172 117
172 67
172 70
172 173
172 84
172 73
172 147
172 89
172 4
172 42
180 116
180 35
180 98
180 110
180 56
180 192
180 24
180 0
180 76
180 194
180 138
180 126
180 120
180 123
180 152
180 82
180 101
180 57
180 106
180 26
180 14
180 185
180 44
180 153
180 99
180 85
180 178
180 150
180 217
180 64
180 181
180 174
180 148
180 117
180 67
180 70
180 73
180 191
180 89
180 170
180 51
180 4
180 58
116 209
116 98
116 56
116 17
116 76
116 194
116 138
116 195
116 120
116 123
116 53
116 49
116 141
116 136
116 128
116 155
116 1
116 153
116 61
116 99
116 150
116 217
116 60
116 64
116 108
116 181
116 174
116 204
116 124
116 198
116 70
116 84
116 27
116 73
116 147
116 200
116 130
116 89
116 4
116 42
116 74
88 35
88 98
88 56
88 192
88 48
88 0
88 161
88 76
88 194
88 126
88 195
88 120
88 55
88 123
88 152
88 53
88 133
88 101
88 106
88 104
88 162
88 10
88 44
88 1
88 99
88 217
88 108
88 181
88 22
88 174
88 204
88 111
88 124
88 173
88 167
88 144
88 73
88 191
88 200
88 170
88 4
35 115
35 209
35 56
35 30
35 76
35 194
35 138
35 55
35 152
35 53
35 82
35 133
35 141
35 106
35 26
35 128
35 14
35 185
35 155
35 10
35 44
35 153
35 19
35 102
35 99
35 190
35 85
35 178
35 150
35 108
35 181
35 174
35 204
35 111
35 198
35 117
35 70
35 173
35 167
35 84
35 63
35 144
35 130
35 89
35 42
15 41
15 115
15 209
15 98
15 45
15 192
15 30
15 0
15 194
15 126
15 195
15 120
15 123
15 182
15 53
15 133
15 101
15 57
15 106
15 104
15 78
15 185
15 162
15 155
15 44
15 137
15 1
15 19
15 99
15 178
15 150
15 217
15 60
15 64
15 174
15 124
15 97
15 198
15 148
15 67
15 70
15 173
15 167
15 27
15 147
15 191
15 200
15 170
15 51
41 98
41 110
41 45
41 192
41 30
41 76
41 194
41 138
41 126
41 55
41 53
41 82
41 49
41 216
41 141
41 57
41 136
41 106
41 104
41 26
41 14
41 185
41 162
41 10
41 44
41 153
41 61
41 99
41 85
41 150
41 217
41 64
41 174
41 148
41 117
41 173
41 84
41 27
41 200
41 130
41 89
41 74
115 110
115 17
115 192
115 24
115 30
115 161
115 194
115 138
115 126
115 55
115 182
115 53
115 133
115 49
115 216
115 57
115 136
115 14
115 10
115 137
115 153
115 61
115 99
115 190
115 217
115 64
115 181
115 174
115 111
115 117
115 67
115 70
115 173
115 167
115 63
115 191
115 200
115 130
115 51
115 4
115 58
209 98
209 110
209 45
209 56
209 17
209 48
209 194
209 152
209 82
209 101
209 216
209 141
209 197
209 104
209 128
209 10
209 44
209 137
209 153
209 102
209 61
209 178
209 60
209 108
209 181
209 22
209 174
209 204
209 111
209 124
209 63
209 27
209 144
209 73
209 4
98 56
98 192
98 0
98 161
98 76
98 138
98 126
98 120
98 55
98 182
98 152
98 53
98 82
98 133
98 101
98 216
98 106
98 197
98 78
98 26
98 14
98 10
98 190
98 85
98 178
98 150
98 64
98 181
98 174
98 204
98 111
98 117
98 173
98 167
98 84
98 144
98 73
98 147
98 200
98 42
110 45
110 56
110 17
110 192
110 24
110 194
110 120
110 55
110 182
110 152
110 82
110 133
110 57
110 136
110 106
110 78
110 26
110 185
110 155
110 10
110 1
110 61
110 99
110 190
110 85
110 150
110 217
110 108
110 174
110 204
110 111
110 198
110 148
110 167
110 84
110 27
110 144
110 147
110 200
110 130
110 74
45 56
45 17
45 192
45 161
45 76
45 194
45 195
45 123
45 53
45 82
45 133
45 101
45 49
45 216
45 57
45 106
45 78
45 26
45 162
45 10
45 44
45 137
45 99
45 190
45 60
45 108
45 181
45 22
45 174
45 124
45 198
45 117
45 173
45 84
45 63
45 200
45 89
45 170
45 4
45 58
56 17
56 24
56 48
56 30
56 194
56 195
56 120
56 55
56 123
56 101
56 49
56 216
56 57
56 78
56 128
56 10
56 137
56 1
56 99
56 190
56 85
56 178
56 217
56 60
56 181
56 111
56 124
56 148
56 27
56 144
56 147
56 51
56 58
56 42
56 74
17 24
17 48
17 30
17 161
17 194
17 195
17 120
17 55
17 123
17 182
17 53
17 216
17 26
17 185
17 162
17 44
17 1
17 19
17 99
17 190
17 85
17 150
17 217
17 64
17 181
17 22
17 198
17 70
17 84
17 63
17 147
17 191
17 130
17 51
17 4
17 58
17 42
192 24
192 30
192 0
192 161
192 55
192 53
192 82
192 101
192 49
192 216
192 57
192 106
192 162
192 155
192 44
192 137
192 190
192 85
192 217
192 60
192 174
192 111
192 97
192 198
192 117
192 70
192 84
192 63
192 27
192 73
192 130
192 89
192 170
192 4
24 48
24 76
24 126
24 120
24 123
24 152
24 53
24 82
24 133
24 49
24 141
24 106
24 197
24 104
24 26
24 185
24 44
24 137
24 153
24 19
24 102
24 61
24 85
24 178
24 150
24 217
24 60
24 22
24 174
24 204
24 111
24 124
24 198
24 117
24 67
24 63
24 191
24 51
24 4
48 30
48 161
48 194
48 195
48 55
48 133
48 101
48 216
48 57
48 104
48 78
48 14
48 185
48 155
48 153
48 102
48 61
48 99
48 85
48 178
48 60
48 108
48 204
48 117
48 70
48 173
48 167
48 27
48 144
48 73
48 51
48 4
48 58
48 74
30 161
30 76
30 194
30 138
30 120
30 123
30 152
30 82
30 101
30 136
30 106
30 197
30 78
30 26
30 185
30 162
30 10
30 1
30 61
30 99
30 178
30 150
30 60
30 108
30 181
30 22
30 204
30 111
30 148
30 117
30 167
30 27
30 147
30 200
30 170
30 42
0 161
0 195
0 123
0 182
0 53
0 133
0 57
0 136
0 104
0 26
0 162
0 155
0 44
0 137
0 153
0 178
0 108
0 181
0 22
0 174
0 198
0 148
0 117
0 167
0 84
0 147
0 170
0 4
0 42
161 76
161 194
161 126
161 195
161 55
161 123
161 182
161 152
161 82
161 133
161 101
161 49
161 216
161 106
161 197
161 78
161 128
161 14
161 185
161 162
161 137
161 1
161 153
161 19
161 61
161 99
161 190
161 178
161 217
161 108
161 181
161 97
161 173
161 27
161 144
161 191
161 200
161 89
76 138
76 126
76 55
76 123
76 53
76 216
76 141
76 57
76 78
76 26
76 128
76 14
76 10
76 102
76 190
76 178
76 60
76 181
76 204
76 124
76 97
76 198
76 148
76 173
76 167
76 73
76 89
76 51
76 42
76 74
194 126
194 195
194 152
194 53
194 82
194 133
194 106
194 197
194 128
194 162
194 137
194 19
194 61
194 99
194 190
194 85
194 178
194 64
194 108
194 22
194 111
194 124
194 198
194 173
194 167
194 84
194 63
194 144
194 73
194 147
194 191
194 200
194 58
194 42
138 195
138 55
138 182
138 152
138 53
138 82
138 49
138 141
138 57
138 136
138 106
138 197
138 104
138 26
138 162
138 155
138 10
138 137
138 19
138 102
138 99
138 85
138 217
138 60
138 64
138 174
138 198
138 67
138 173
138 200
138 89
138 51
138 58
126 53
126 141
126 57
126 136
126 197
126 104
126 26
126 185
126 155
126 10
126 153
126 19
126 61
126 85
126 217
126 60
126 108
126 22
126 204
126 97
126 117
126 70
126 173
126 84
126 27
126 144
126 147
126 130
126 51
126 58
195 55
195 123
195 152
195 82
195 101
195 216
195 141
195 57
195 136
195 106
195 197
195 104
195 26
195 128
195 14
195 185
195 44
195 1
195 61
195 190
195 85
195 178
195 150
195 217
195 60
195 64
195 108
195 22
195 174
195 124
195 198
195 67
195 70
195 144
195 191
195 130
195 170
195 51
195 4
195 42
120 55
120 182
120 152
120 82
120 49
120 141
120 197
120 104
120 78
120 128
120 44
120 1
120 19
120 102
120 99
120 150
120 217
120 60
120 64
120 181
120 22
120 204
120 111
120 97
120 198
120 148
120 67
120 84
120 73
120 147
120 191
120 200
120 170
120 4
120 58
120 42
55 123
55 152
55 133
55 216
55 136
55 104
55 26
55 162
55 155
55 10
55 44
55 137
55 1
55 61
55 178
55 217
55 60
55 181
55 174
55 204
55 97
55 198
55 148
55 117
55 63
55 144
55 73
55 147
55 170
55 51
123 82
123 49
123 141
123 57
123 136
123 197
123 104
123 78
123 14
123 10
123 137
123 1
123 108
123 181
123 22
123 174
123 204
123 97
123 70
123 63
123 27
123 144
123 191
123 200
123 130
123 51
123 42
123 74
182 53
182 133
182 101
182 49
182 216
182 141
182 57
182 197
182 104
182 128
182 14
182 155
182 44
182 153
182 19
182 102
182 190
182 217
182 64
182 108
182 181
182 204
182 111
182 124
182 198
182 148
182 70
182 167
182 84
182 27
182 73
182 191
182 89
182 170
182 4
182 42
152 53
152 82
152 133
152 216
152 136
152 197
152 104
152 78
152 26
152 155
152 153
152 190
152 217
152 60
152 108
152 181
152 22
152 111
152 97
152 198
152 84
152 27
152 191
152 200
152 51
152 4
152 74
53 82
53 133
53 141
53 197
53 26
53 128
53 14
53 185
53 162
53 155
53 10
53 44
53 137
53 153
53 61
53 99
53 190
53 85
53 178
53 217
53 108
53 181
53 22
53 204
53 111
53 124
53 97
53 67
53 70
53 84
53 27
53 147
53 130
53 89
53 51
53 4
53 58
53 74
82 133
82 141
82 57
82 136
82 78
82 26
82 128
82 185
82 162
82 10
82 1
82 153
82 19
82 102
82 190
82 85
82 108
82 181
82 22
82 97
82 117
82 84
82 63
82 144
82 147
82 200
82 170
82 51
82 4
82 74
133 216
133 162
133 10
133 137
133 153
133 61
133 99
133 85
133 178
133 217
133 64
133 204
133 97
133 198
133 148
133 117
133 173
133 167
133 84
133 144
133 73
133 200
133 170
133 51
133 4
133 58
133 74
101 49
101 141
101 57
101 136
101 197
101 104
101 78
101 128
101 185
101 162
101 10
101 44
101 61
101 190
101 178
101 150
101 217
101 60
101 108
101 111
101 97
101 198
101 148
101 117
101 67
101 84
101 27
101 144
101 200
101 51
101 58
101 42
101 74
49 141
49 57
49 106
49 26
49 44
49 137
49 1
49 153
49 102
49 61
49 99
49 190
49 150
49 217
49 60
49 64
49 204
49 111
49 124
49 97
49 198
49 117
49 173
49 167
49 63
49 191
49 200
49 130
49 89
49 51
49 58
49 42
216 136
216 106
216 78
216 155
216 10
216 44
216 153
216 102
216 99
216 190
216 85
216 178
216 150
216 217
216 60
216 64
216 108
216 181
216 22
216 174
216 67
216 70
216 167
216 84
216 144
216 73
216 147
216 130
216 89
216 170
216 4
216 58
216 42
141 197
141 162
141 137
141 19
141 99
141 190
141 150
141 217
141 60
141 64
141 181
141 174
141 204
141 198
141 70
141 63
141 27
141 144
141 191
141 130
141 89
141 51
141 74
57 106
57 104
57 78
57 26
57 14
57 44
57 137
57 1
57 153
57 19
57 190
57 85
57 178
57 108
57 174
57 204
57 198
57 117
57 173
57 73
57 147
57 200
57 89
57 170
57 58
136 106
136 104
136 78
136 14
136 185
136 155
136 137
136 1
136 153
136 19
136 61
136 99
136 85
136 178
136 181
136 174
136 111
136 198
136 167
136 63
136 27
136 147
136 191
136 58
106 197
106 78
106 128
106 14
106 44
106 137
106 1
106 60
106 181
106 22
106 174
106 111
106 97
106 198
106 148
106 117
106 67
106 63
106 144
106 73
106 130
106 89
106 170
106 74
197 26
197 128
197 185
197 10
197 153
197 19
197 99
197 64
197 22
197 174
197 111
197 124
197 67
197 70
197 173
197 144
197 147
197 58
104 155
104 102
104 85
104 178
104 217
104 60
104 198
104 117
104 173
104 167
104 84
104 27
104 144
104 73
104 130
104 89
104 51
104 42
104 74
78 128
78 185
78 155
78 10
78 44
78 153
78 19
78 102
78 99
78 217
78 64
78 108
78 174
78 124
78 97
78 117
78 67
78 173
78 167
78 27
78 147
78 191
78 130
78 170
78 58
78 42
78 74
26 14
26 185
26 162
26 10
26 137
26 1
26 19
26 102
26 190
26 108
26 181
26 22
26 124
26 97
26 198
26 117
26 67
26 173
26 84
26 63
26 27
26 144
26 73
26 147
26 191
26 130
26 89
26 170
26 51
26 4
26 58
26 42
26 74
128 14
128 10
128 137
128 153
128 102
128 190
128 178
128 217
128 181
128 204
128 111
128 70
128 84
128 63
128 27
128 144
128 191
128 130
128 4
14 10
14 19
14 102
14 190
14 150
14 217
14 181
14 22
14 148
14 67
14 70
14 173
14 84
14 63
14 27
14 191
14 130
14 4
14 58
185 155
185 10
185 44
185 1
185 19
185 99
185 190
185 217
185 181
185 22
185 97
185 67
185 70
185 167
185 84
185 147
185 191
185 200
185 58
185 42
162 137
162 1
162 153
162 19
162 178
162 150
162 108
162 22
162 124
162 97
162 198
162 117
162 67
162 147
162 130
162 4
162 42
155 61
155 85
155 150
155 217
155 64
155 181
155 22
155 204
155 124
155 97
155 67
155 70
155 173
155 167
155 84
155 144
155 191
155 89
155 58
10 153
10 19
10 61
10 190
10 85
10 178
10 150
10 217
10 60
10 64
10 181
10 22
10 124
10 97
10 198
10 117
10 67
10 70
10 27
10 200
10 130
10 89
10 4
10 58
10 42
44 1
44 19
44 99
44 85
44 64
44 108
44 22
44 174
44 111
44 198
44 117
44 173
44 84
44 63
44 144
44 147
44 200
44 89
44 42
44 74
137 1
137 19
137 102
137 99
137 190
137 178
137 150
137 217
137 181
137 22
137 111
137 97
137 198
137 117
137 67
137 84
137 63
137 191
137 200
137 130
137 89
137 4
137 58
137 42
1 102
1 61
1 85
1 178
1 217
1 60
1 174
1 97
1 198
1 148
1 117
1 70
1 173
1 144
1 147
1 130
1 89
1 51
1 74
153 102
153 190
153 178
153 217
153 60
153 64
153 108
153 181
153 174
153 204
153 198
153 117
153 67
153 173
153 167
153 63
153 73
153 200
153 170
153 51
153 4
153 58
153 42
153 74
19 190
19 150
19 217
19 60
19 108
19 111
19 148
19 67
19 27
19 147
19 130
19 89
19 51
19 42
19 74
102 61
102 190
102 150
102 60
102 22
102 174
102 124
102 97
102 148
102 117
102 67
102 70
102 173
102 167
102 27
102 147
102 191
102 200
102 74
61 190
61 85
61 181
61 22
61 204
61 111
61 97
61 198
61 117
61 167
61 84
61 63
61 27
61 144
61 73
61 147
61 130
61 89
61 51
61 4
61 58
61 74
99 178
99 150
99 60
99 64
99 108
99 22
99 124
99 97
99 117
99 167
99 84
99 63
99 200
99 89
99 170
99 42
99 74
190 85
190 178
190 108
190 97
190 198
190 117
190 173
190 144
190 73
190 147
190 200
190 130
190 170
190 74
85 217
85 64
85 22
85 111
85 198
85 117
85 67
85 70
85 27
85 144
85 200
85 130
85 4
85 58
85 42
85 74
178 217
178 60
178 64
178 22
178 111
178 124
178 97
178 198
178 147
178 200
178 130
178 89
178 4
178 58
178 42
150 217
150 60
150 64
150 108
150 181
150 22
150 174
150 148
150 117
150 70
150 167
150 84
150 27
150 144
150 4
150 58
150 74
217 60
217 64
217 181
217 22
217 124
217 148
217 67
217 167
217 84
217 63
217 27
217 89
217 51
217 4
217 58
217 42
217 74
60 22
60 174
60 204
60 111
60 97
60 198
60 148
60 117
60 67
60 70
60 167
60 63
60 27
60 144
60 73
60 147
60 200
60 130
60 74
64 108
64 22
64 111
64 124
64 173
64 167
64 84
64 27
64 144
64 147
64 191
64 130
64 89
64 170
64 4
108 181
108 174
108 111
108 124
108 117
108 173
108 167
108 147
108 191
108 170
181 22
181 174
181 124
181 97
181 198
181 148
181 67
181 167
181 63
181 147
181 200
181 89
181 4
181 42
181 74
22 174
22 111
22 124
22 97
22 198
22 117
22 67
22 70
22 167
22 27
22 144
22 73
22 130
22 170
22 51
22 4
174 124
174 97
174 63
174 27
174 144
174 191
174 89
174 51
174 4
174 74
204 111
204 124
204 148
204 167
204 84
204 63
204 73
204 147
204 130
204 89
204 4
111 124
111 67
111 173
111 167
111 84
111 63
111 27
111 200
111 130
111 58
124 148
124 70
124 173
124 73
124 89
124 58
124 42
97 198
97 148
97 67
97 70
97 173
97 144
97 42
97 74
198 67
198 167
198 27
198 144
198 200
198 130
198 89
148 67
148 144
148 147
148 130
148 51
148 42
148 74
117 173
117 63
117 27
117 73
117 147
117 200
117 130
117 51
117 42
67 63
67 27
67 144
67 147
67 130
67 42
67 74
70 173
70 84
70 73
70 191
70 200
70 170
70 4
70 58
173 167
173 84
173 27
173 147
173 42
167 63
167 27
167 130
167 51
84 63
84 27
84 147
84 200
84 170
84 42
84 74
63 27
63 73
63 147
63 200
63 130
63 51
63 42
63 74
27 73
27 191
27 130
27 89
27 51
27 58
27 74
144 147
144 200
144 130
144 170
144 4
144 42
73 191
73 130
73 89
73 4
73 42
147 200
147 89
147 170
147 51
147 42
191 200
191 4
191 42
200 130
200 51
200 4
130 89
130 51
130 4
89 170
89 51
89 74
170 4
170 58
170 74
51 4
51 58
51 42
4 58
58 42
42 74
