*verties 197
66
186
189
200
81
39
213
117
57
103
99
139
24
17
119
71
171
5
49
64
209
208
92
0
205
212
29
14
195
116
86
168
124
130
37
218
61
201
184
197
55
87
80
199
109
74
108
63
70
2
177
34
40
142
90
143
203
78
188
215
113
211
60
151
93
44
101
22
75
112
206
207
35
105
30
175
12
120
194
152
148
33
150
202
26
128
131
68
198
28
136
176
129
126
1
146
7
192
182
127
102
110
181
165
153
157
219
58
77
21
135
159
89
190
19
158
122
97
216
132
174
137
140
11
121
8
91
172
144
155
43
32
147
164
85
187
36
163
178
73
173
47
41
141
111
31
27
196
56
106
59
133
94
95
46
65
183
191
214
162
166
45
88
79
50
154
167
69
114
23
180
6
96
83
76
115
149
217
53
170
54
107
145
179
72
38
16
204
156
160
134
169
138
4
118
52
18
*edges 
66 186
66 189
66 200
66 103
66 171
66 64
66 208
66 92
66 205
66 14
66 86
66 168
66 124
66 61
66 87
66 80
66 109
66 108
66 63
66 177
66 211
66 60
66 44
66 22
66 112
66 207
66 30
66 12
66 152
66 26
66 68
66 182
66 127
66 157
66 77
66 21
66 190
66 140
66 91
66 155
66 85
66 36
66 163
66 41
66 94
66 214
66 45
66 114
66 180
66 83
66 149
66 217
66 53
66 170
66 145
66 38
66 156
66 169
186 81
186 213
186 103
186 139
186 24
186 171
186 5
186 0
186 14
186 116
186 124
186 130
186 37
186 201
186 197
186 199
186 109
186 74
186 63
186 2
186 207
186 202
186 26
186 128
186 129
186 146
186 7
186 192
186 102
186 165
186 159
186 89
186 19
186 122
186 137
186 140
186 11
186 91
186 144
186 155
186 36
186 163
186 178
186 73
186 173
186 41
186 111
186 196
186 106
186 46
186 65
186 166
186 50
186 167
186 23
186 6
186 83
186 217
186 145
186 156
186 138
186 4
186 18
189 39
189 103
189 24
189 171
189 5
189 205
189 29
189 116
189 168
189 124
189 197
189 70
189 2
189 142
189 78
189 113
189 211
189 60
189 151
189 93
189 44
189 112
189 175
189 120
189 152
189 150
189 198
189 28
189 176
189 1
189 192
189 127
189 165
189 190
189 216
189 132
189 8
189 91
189 43
189 32
189 163
189 178
189 41
189 183
189 191
189 162
189 114
189 83
189 115
189 149
189 53
189 16
189 138
200 171
200 64
200 168
200 201
200 197
200 55
200 87
200 80
200 74
200 70
200 34
200 40
200 142
200 78
200 113
200 60
200 44
200 22
200 75
200 206
200 35
200 194
200 148
200 202
200 128
200 110
200 157
200 77
200 21
200 190
200 216
200 140
200 32
200 147
200 178
200 27
200 133
200 65
200 214
200 88
200 79
200 50
200 6
200 83
200 149
200 170
200 54
200 107
200 72
200 118
81 99
81 64
81 208
81 92
81 0
81 212
81 195
81 116
81 201
81 87
81 80
81 109
81 108
81 177
81 40
81 142
81 90
81 211
81 60
81 151
81 93
81 112
81 206
81 105
81 175
81 194
81 148
81 128
81 68
81 176
81 126
81 1
81 7
81 192
81 102
81 165
81 157
81 135
81 174
81 91
81 32
81 147
81 187
81 73
81 41
81 196
81 94
81 183
81 214
81 50
81 154
81 114
81 217
81 38
81 204
81 156
81 160
81 138
39 117
39 57
39 99
39 24
39 71
39 208
39 205
39 14
39 124
39 130
39 201
39 199
39 109
39 78
39 60
39 93
39 207
39 35
39 175
39 26
39 198
39 129
39 126
39 7
39 192
39 165
39 58
39 77
39 89
39 190
39 132
39 174
39 144
39 43
39 32
39 147
39 36
39 27
39 196
39 59
39 65
39 191
39 214
39 79
39 50
39 115
39 170
39 179
39 138
213 139
213 17
213 195
213 168
213 130
213 37
213 61
213 201
213 199
213 63
213 177
213 215
213 30
213 194
213 148
213 33
213 202
213 131
213 198
213 126
213 1
213 182
213 127
213 157
213 77
213 137
213 121
213 144
213 111
213 106
213 94
213 46
213 154
213 69
213 114
213 6
213 54
213 72
213 204
213 138
117 57
117 103
117 99
117 5
117 64
117 195
117 116
117 86
117 168
117 218
117 61
117 201
117 184
117 74
117 63
117 113
117 151
117 93
117 44
117 35
117 105
117 175
117 148
117 33
117 68
117 192
117 182
117 132
117 43
117 147
117 187
117 36
117 173
117 47
117 31
117 106
117 133
117 95
117 79
117 83
117 149
117 217
117 54
117 145
117 38
117 160
117 134
117 52
117 18
57 99
57 24
57 17
57 171
57 205
57 61
57 201
57 184
57 197
57 80
57 2
57 34
57 40
57 215
57 151
57 206
57 175
57 68
57 28
57 176
57 153
57 157
57 219
57 21
57 216
57 91
57 172
57 32
57 85
57 187
57 163
57 41
57 111
57 31
57 95
57 46
57 214
57 79
57 69
57 23
57 76
57 115
57 53
57 145
57 160
57 134
57 118
57 52
103 139
103 17
103 49
103 29
103 130
103 197
103 55
103 87
103 109
103 63
103 70
103 34
103 143
103 78
103 60
103 22
103 206
103 207
103 30
103 12
103 33
103 128
103 131
103 129
103 127
103 181
103 153
103 77
103 21
103 89
103 19
103 121
103 155
103 164
103 41
103 111
103 133
103 94
103 95
103 183
103 191
103 45
103 167
103 115
103 217
103 53
103 38
103 16
103 160
103 138
103 4
103 52
103 18
99 139
99 71
99 5
99 49
99 208
99 37
99 197
99 199
99 70
99 90
99 143
99 113
99 44
99 22
99 206
99 207
99 35
99 12
99 202
99 128
99 136
99 146
99 7
99 192
99 153
99 157
99 77
99 89
99 190
99 122
99 97
99 132
99 174
99 137
99 11
99 8
99 172
99 36
99 178
99 141
99 196
99 59
99 46
99 65
99 191
99 45
99 79
99 114
99 6
99 170
99 54
99 145
99 16
139 24
139 171
139 205
139 29
139 14
139 74
139 70
139 142
139 90
139 203
139 215
139 44
139 207
139 105
139 175
139 202
139 68
139 146
139 181
139 77
139 159
139 190
139 132
139 174
139 137
139 32
139 147
139 85
139 36
139 73
139 41
139 141
139 111
139 31
139 56
139 106
139 183
139 166
139 50
139 154
139 69
139 23
139 115
139 54
139 145
139 52
24 49
24 64
24 92
24 0
24 212
24 29
24 116
24 124
24 184
24 87
24 74
24 63
24 70
24 143
24 113
24 93
24 206
24 35
24 105
24 194
24 148
24 202
24 68
24 136
24 176
24 129
24 146
24 182
24 102
24 153
24 219
24 58
24 77
24 135
24 159
24 89
24 19
24 158
24 11
24 8
24 91
24 172
24 147
24 85
24 41
24 141
24 111
24 133
24 65
24 191
24 214
24 45
24 88
24 114
24 23
24 180
24 6
24 76
24 170
24 145
24 179
24 156
24 169
17 119
17 49
17 209
17 205
17 212
17 29
17 116
17 86
17 37
17 218
17 55
17 80
17 199
17 109
17 74
17 90
17 143
17 215
17 113
17 211
17 44
17 101
17 22
17 75
17 30
17 12
17 202
17 131
17 176
17 129
17 126
17 1
17 146
17 165
17 219
17 21
17 135
17 190
17 97
17 132
17 174
17 11
17 121
17 155
17 187
17 36
17 111
17 59
17 46
17 65
17 191
17 214
17 45
17 88
17 50
17 114
17 23
17 217
17 53
17 54
17 107
17 160
17 4
17 52
119 71
119 209
119 0
119 205
119 29
119 116
119 124
119 61
119 201
119 108
119 177
119 142
119 143
119 188
119 113
119 211
119 93
119 44
119 75
119 207
119 35
119 12
119 26
119 68
119 198
119 129
119 126
119 146
119 181
119 153
119 58
119 21
119 135
119 190
119 19
119 158
119 97
119 140
119 11
119 172
119 155
119 187
119 141
119 59
119 46
119 65
119 214
119 167
119 69
119 83
119 76
119 217
119 107
119 145
119 179
119 72
119 204
119 156
119 134
119 52
71 5
71 49
71 92
71 29
71 116
71 86
71 130
71 201
71 197
71 90
71 215
71 113
71 93
71 112
71 35
71 105
71 194
71 33
71 150
71 131
71 68
71 198
71 126
71 146
71 127
71 181
71 135
71 159
71 19
71 122
71 97
71 137
71 91
71 144
71 43
71 164
71 178
71 173
71 41
71 56
71 94
71 65
71 191
71 114
71 6
71 96
71 83
71 76
71 118
71 52
171 208
171 0
171 205
171 29
171 14
171 116
171 130
171 37
171 61
171 201
171 80
171 199
171 74
171 142
171 151
171 22
171 112
171 30
171 175
171 148
171 128
171 136
171 176
171 102
171 181
171 165
171 157
171 135
171 89
171 19
171 97
171 132
171 155
171 43
171 147
171 164
171 85
171 36
171 178
171 73
171 27
171 106
171 59
171 133
171 162
171 166
171 180
171 76
171 204
171 134
171 169
171 118
171 18
5 116
5 168
5 130
5 37
5 218
5 197
5 87
5 80
5 74
5 108
5 63
5 143
5 203
5 211
5 22
5 150
5 202
5 129
5 182
5 127
5 153
5 21
5 135
5 158
5 11
5 91
5 155
5 32
5 147
5 163
5 56
5 59
5 133
5 95
5 46
5 162
5 45
5 79
5 50
5 114
5 180
5 96
5 115
5 149
5 53
5 54
5 145
5 179
5 204
5 134
5 138
5 4
49 208
49 86
49 124
49 218
49 87
49 80
49 199
49 109
49 108
49 63
49 2
49 143
49 203
49 78
49 101
49 75
49 207
49 30
49 175
49 33
49 26
49 131
49 136
49 126
49 181
49 77
49 159
49 158
49 122
49 140
49 121
49 8
49 144
49 155
49 43
49 36
49 163
49 178
49 183
49 214
49 162
49 166
49 79
49 50
49 154
49 69
49 114
49 54
49 107
49 145
49 16
49 156
49 134
49 169
49 138
64 209
64 92
64 0
64 205
64 14
64 168
64 124
64 37
64 184
64 55
64 199
64 74
64 63
64 177
64 142
64 211
64 105
64 30
64 175
64 120
64 202
64 26
64 131
64 28
64 1
64 127
64 165
64 157
64 21
64 159
64 137
64 140
64 11
64 8
64 73
64 141
64 27
64 196
64 106
64 95
64 65
64 183
64 162
64 50
64 180
64 96
64 134
64 138
209 92
209 205
209 29
209 14
209 116
209 218
209 184
209 197
209 80
209 199
209 74
209 177
209 34
209 40
209 90
209 203
209 188
209 215
209 101
209 112
209 206
209 194
209 131
209 176
209 126
209 182
209 181
209 165
209 153
209 157
209 219
209 135
209 159
209 19
209 122
209 97
209 132
209 174
209 91
209 144
209 147
209 85
209 163
209 178
209 73
209 141
209 31
209 196
209 191
209 214
209 88
209 167
209 180
209 6
209 96
209 149
209 217
209 53
209 54
209 38
209 134
208 205
208 195
208 116
208 124
208 37
208 197
208 55
208 108
208 63
208 70
208 177
208 40
208 203
208 113
208 60
208 93
208 101
208 22
208 75
208 112
208 206
208 35
208 105
208 175
208 128
208 136
208 176
208 126
208 165
208 157
208 122
208 137
208 140
208 11
208 144
208 43
208 187
208 173
208 41
208 31
208 94
208 46
208 183
208 162
208 166
208 50
208 154
208 83
208 54
208 107
208 145
208 72
208 52
92 0
92 14
92 116
92 61
92 197
92 108
92 177
92 34
92 142
92 143
92 203
92 215
92 44
92 22
92 35
92 105
92 12
92 120
92 202
92 128
92 136
92 1
92 102
92 58
92 77
92 159
92 89
92 190
92 19
92 216
92 140
92 91
92 155
92 147
92 163
92 173
92 47
92 141
92 111
92 56
92 59
92 94
92 65
92 191
92 214
92 45
92 88
92 79
92 69
92 114
92 23
92 180
92 76
92 53
92 145
92 38
92 204
92 156
92 52
92 18
0 205
0 195
0 116
0 86
0 201
0 184
0 55
0 80
0 108
0 70
0 34
0 90
0 215
0 211
0 93
0 101
0 75
0 206
0 198
0 28
0 136
0 176
0 126
0 1
0 146
0 181
0 157
0 135
0 159
0 89
0 19
0 122
0 155
0 85
0 47
0 27
0 106
0 94
0 183
0 88
0 50
0 76
0 115
0 217
0 145
0 38
0 16
0 156
0 118
0 18
205 29
205 14
205 124
205 37
205 218
205 197
205 55
205 87
205 80
205 199
205 108
205 63
205 188
205 113
205 211
205 93
205 101
205 22
205 75
205 35
205 30
205 12
205 120
205 152
205 150
205 202
205 198
205 136
205 102
205 219
205 159
205 97
205 132
205 8
205 172
205 187
205 178
205 73
205 141
205 31
205 27
205 59
205 94
205 79
205 167
205 170
205 107
205 179
205 38
205 16
205 204
205 160
205 4
212 14
212 124
212 218
212 87
212 108
212 2
212 142
212 78
212 215
212 113
212 30
212 120
212 202
212 176
212 129
212 102
212 153
212 219
212 58
212 159
212 190
212 158
212 216
212 140
212 121
212 91
212 172
212 36
212 73
212 111
212 27
212 56
212 94
212 65
212 183
212 214
212 162
212 45
212 50
212 154
212 107
212 72
212 38
212 4
29 55
29 80
29 199
29 74
29 2
29 177
29 142
29 215
29 211
29 101
29 30
29 12
29 120
29 194
29 33
29 68
29 176
29 146
29 7
29 192
29 182
29 127
29 102
29 58
29 21
29 190
29 122
29 137
29 8
29 155
29 147
29 36
29 73
29 47
29 111
29 94
29 46
29 214
29 162
29 166
29 45
29 88
29 79
29 23
29 180
29 96
29 115
29 53
29 170
29 107
29 72
29 16
29 156
29 134
29 169
14 195
14 116
14 86
14 130
14 218
14 184
14 63
14 40
14 78
14 215
14 151
14 93
14 112
14 206
14 35
14 175
14 148
14 26
14 198
14 129
14 7
14 182
14 127
14 102
14 89
14 190
14 121
14 85
14 73
14 173
14 47
14 111
14 31
14 94
14 95
14 65
14 166
14 45
14 88
14 154
14 76
14 115
14 217
14 107
14 145
14 179
14 72
14 38
14 204
195 130
195 37
195 197
195 55
195 108
195 2
195 143
195 203
195 211
195 75
195 35
195 152
195 150
195 26
195 128
195 198
195 126
195 127
195 153
195 58
195 77
195 159
195 190
195 144
195 147
195 85
195 41
195 46
195 65
195 183
195 166
195 154
195 114
195 180
195 96
195 115
195 149
195 170
195 54
195 145
195 179
195 72
195 38
195 204
195 169
195 138
195 4
195 18
116 124
116 61
116 201
116 197
116 108
116 40
116 90
116 203
116 12
116 148
116 150
116 202
116 131
116 68
116 198
116 126
116 7
116 127
116 110
116 219
116 58
116 21
116 97
116 216
116 8
116 155
116 32
116 187
116 36
116 73
116 47
116 141
116 196
116 95
116 46
116 191
116 50
116 69
116 23
116 6
116 83
116 76
116 217
116 54
116 160
116 138
86 124
86 37
86 218
86 201
86 197
86 80
86 199
86 109
86 70
86 2
86 177
86 78
86 188
86 215
86 60
86 151
86 112
86 207
86 30
86 175
86 120
86 194
86 150
86 28
86 136
86 126
86 1
86 7
86 182
86 102
86 181
86 153
86 21
86 159
86 89
86 190
86 172
86 43
86 32
86 85
86 173
86 41
86 27
86 106
86 133
86 94
86 191
86 79
86 154
86 180
86 96
86 83
86 149
86 217
86 54
86 107
86 179
86 38
86 16
86 204
86 118
86 52
86 18
168 130
168 218
168 201
168 184
168 197
168 87
168 80
168 109
168 74
168 108
168 63
168 34
168 90
168 143
168 215
168 113
168 211
168 60
168 151
168 93
168 112
168 207
168 120
168 33
168 128
168 28
168 1
168 146
168 182
168 102
168 165
168 157
168 219
168 89
168 19
168 158
168 132
168 85
168 163
168 41
168 141
168 111
168 183
168 79
168 114
168 23
168 83
168 170
168 54
168 16
168 134
124 37
124 61
124 55
124 199
124 74
124 63
124 143
124 60
124 75
124 30
124 175
124 12
124 120
124 152
124 128
124 198
124 136
124 176
124 127
124 58
124 190
124 122
124 216
124 174
124 121
124 155
124 43
124 85
124 36
124 27
124 133
124 214
124 167
124 23
124 180
124 96
124 115
124 149
124 217
124 145
124 156
124 138
124 4
130 37
130 61
130 201
130 63
130 2
130 177
130 142
130 90
130 60
130 75
130 35
130 175
130 194
130 202
130 128
130 131
130 68
130 1
130 146
130 153
130 135
130 159
130 19
130 140
130 121
130 8
130 164
130 187
130 178
130 173
130 47
130 31
130 27
130 95
130 65
130 214
130 45
130 154
130 23
130 76
130 149
130 107
130 134
130 52
37 184
37 70
37 2
37 34
37 203
37 78
37 215
37 211
37 44
37 112
37 206
37 12
37 150
37 26
37 131
37 136
37 129
37 146
37 192
37 182
37 153
37 58
37 135
37 89
37 122
37 174
37 137
37 8
37 91
37 155
37 43
37 32
37 147
37 85
37 36
37 178
37 173
37 47
37 111
37 59
37 191
37 166
37 79
37 154
37 69
37 23
37 107
37 38
37 16
37 169
37 138
37 118
218 184
218 109
218 74
218 108
218 93
218 22
218 198
218 28
218 176
218 1
218 127
218 153
218 58
218 135
218 19
218 132
218 11
218 32
218 164
218 187
218 178
218 141
218 27
218 95
218 180
218 76
218 115
218 149
218 107
218 145
218 38
218 16
218 204
218 138
218 52
218 18
61 199
61 109
61 74
61 70
61 113
61 211
61 151
61 93
61 101
61 112
61 206
61 175
61 120
61 152
61 131
61 136
61 129
61 182
61 102
61 110
61 181
61 190
61 97
61 216
61 137
61 140
61 172
61 144
61 155
61 43
61 147
61 73
61 47
61 106
61 94
61 65
61 183
61 162
61 79
61 114
61 96
61 76
61 53
61 107
61 179
61 38
61 160
61 169
61 138
61 4
201 184
201 197
201 87
201 199
201 109
201 74
201 108
201 63
201 34
201 78
201 113
201 60
201 101
201 35
201 105
201 148
201 33
201 202
201 26
201 131
201 1
201 192
201 182
201 165
201 157
201 219
201 89
201 158
201 97
201 140
201 155
201 32
201 85
201 187
201 178
201 173
201 41
201 214
201 88
201 154
201 167
201 69
201 180
201 76
201 160
201 134
201 169
201 18
184 197
184 74
184 70
184 177
184 34
184 40
184 203
184 113
184 211
184 151
184 93
184 206
184 35
184 30
184 194
184 33
184 26
184 136
184 176
184 192
184 127
184 181
184 157
184 21
184 190
184 19
184 122
184 174
184 137
184 121
184 155
184 36
184 163
184 73
184 41
184 141
184 191
184 214
184 166
184 79
184 154
184 23
184 180
184 83
184 76
184 107
184 160
184 118
197 87
197 109
197 74
197 40
197 90
197 215
197 93
197 44
197 75
197 35
197 148
197 136
197 176
197 129
197 146
197 182
197 165
197 77
197 135
197 97
197 137
197 140
197 11
197 32
197 164
197 36
197 31
197 196
197 46
197 183
197 214
197 45
197 50
197 69
197 114
197 6
197 83
197 145
197 16
197 18
55 80
55 74
55 70
55 177
55 143
55 211
55 151
55 93
55 112
55 206
55 35
55 30
55 152
55 148
55 150
55 136
55 192
55 182
55 110
55 181
55 58
55 135
55 159
55 122
55 97
55 11
55 8
55 43
55 85
55 178
55 141
55 56
55 95
55 166
55 114
55 6
55 53
55 38
55 204
55 134
55 118
55 52
55 18
87 63
87 34
87 142
87 93
87 207
87 175
87 12
87 120
87 128
87 68
87 198
87 28
87 129
87 1
87 182
87 102
87 157
87 219
87 21
87 159
87 89
87 122
87 97
87 174
87 11
87 91
87 155
87 147
87 178
87 73
87 173
87 41
87 111
87 196
87 133
87 167
87 69
87 114
87 23
87 6
87 76
87 170
87 134
87 169
87 52
80 199
80 109
80 63
80 177
80 142
80 143
80 151
80 194
80 202
80 26
80 198
80 136
80 192
80 102
80 181
80 89
80 158
80 137
80 11
80 121
80 172
80 144
80 43
80 32
80 164
80 178
80 73
80 196
80 133
80 95
80 46
80 166
80 50
80 154
80 167
80 180
80 6
80 83
80 115
80 149
80 53
80 107
80 145
80 38
80 16
80 134
80 169
199 74
199 108
199 34
199 90
199 78
199 215
199 211
199 112
199 206
199 30
199 12
199 120
199 194
199 131
199 68
199 28
199 7
199 192
199 110
199 165
199 159
199 158
199 97
199 11
199 121
199 8
199 172
199 36
199 141
199 111
199 31
199 106
199 46
199 183
199 214
199 88
199 167
199 114
199 83
199 217
199 53
199 54
199 179
199 156
199 160
199 134
199 138
109 108
109 2
109 177
109 78
109 44
109 175
109 194
109 26
109 136
109 1
109 192
109 127
109 165
109 153
109 89
109 190
109 140
109 11
109 121
109 8
109 91
109 164
109 36
109 73
109 27
109 56
109 59
109 94
109 183
109 162
109 83
109 115
109 72
109 160
109 138
109 118
109 52
74 2
74 40
74 142
74 90
74 215
74 211
74 60
74 35
74 120
74 28
74 176
74 1
74 192
74 182
74 102
74 219
74 132
74 137
74 140
74 121
74 187
74 36
74 178
74 73
74 173
74 41
74 141
74 111
74 31
74 95
74 191
74 166
74 88
74 154
74 167
74 69
74 114
74 6
74 83
74 76
74 149
74 53
74 160
74 4
74 118
108 2
108 34
108 113
108 211
108 44
108 75
108 35
108 30
108 120
108 148
108 128
108 129
108 126
108 1
108 127
108 181
108 153
108 157
108 58
108 19
108 132
108 137
108 155
108 32
108 147
108 85
108 187
108 41
108 111
108 31
108 196
108 94
108 162
108 45
108 79
108 114
108 23
108 96
108 115
108 149
108 53
108 170
108 38
108 169
108 18
63 34
63 40
63 142
63 188
63 151
63 105
63 30
63 12
63 120
63 148
63 33
63 150
63 198
63 126
63 7
63 127
63 110
63 165
63 135
63 159
63 190
63 122
63 97
63 132
63 137
63 8
63 164
63 163
63 41
63 56
63 59
63 95
63 191
63 214
63 162
63 6
63 76
63 53
63 170
63 204
63 156
63 134
63 138
63 118
70 2
70 90
70 78
70 188
70 211
70 151
70 93
70 75
70 112
70 207
70 35
70 120
70 194
70 28
70 136
70 129
70 1
70 192
70 102
70 181
70 157
70 21
70 135
70 174
70 155
70 32
70 187
70 173
70 141
70 59
70 133
70 94
70 46
70 45
70 167
70 114
70 6
70 76
70 217
70 53
70 107
70 145
70 179
70 38
70 134
70 4
2 177
2 90
2 143
2 151
2 44
2 22
2 105
2 30
2 175
2 12
2 194
2 152
2 198
2 28
2 129
2 110
2 58
2 190
2 132
2 174
2 178
2 73
2 173
2 141
2 31
2 27
2 56
2 59
2 65
2 183
2 45
2 79
2 50
2 154
2 69
2 83
2 149
2 16
2 160
2 52
2 18
177 188
177 211
177 60
177 75
177 112
177 206
177 207
177 30
177 148
177 128
177 68
177 136
177 126
177 146
177 192
177 181
177 157
177 219
177 58
177 135
177 19
177 158
177 97
177 137
177 8
177 155
177 32
177 147
177 164
177 163
177 56
177 46
177 65
177 214
177 45
177 88
177 79
177 114
177 23
177 6
177 96
177 107
177 204
177 160
177 52
34 143
34 203
34 113
34 101
34 112
34 206
34 207
34 105
34 30
34 12
34 33
34 198
34 176
34 129
34 146
34 7
34 182
34 58
34 159
34 190
34 19
34 122
34 132
34 140
34 163
34 178
34 173
34 27
34 191
34 162
34 88
34 50
34 114
34 180
34 6
34 83
34 115
34 149
34 54
34 107
34 204
34 138
34 118
34 52
40 203
40 188
40 60
40 101
40 30
40 194
40 33
40 150
40 136
40 176
40 129
40 126
40 7
40 127
40 58
40 21
40 89
40 132
40 174
40 137
40 43
40 187
40 47
40 111
40 196
40 106
40 95
40 183
40 191
40 214
40 162
40 166
40 167
40 69
40 180
40 6
40 96
40 83
40 149
40 170
40 54
40 145
40 156
40 169
142 101
142 22
142 35
142 105
142 30
142 12
142 194
142 152
142 126
142 1
142 192
142 102
142 165
142 77
142 174
142 8
142 172
142 155
142 163
142 141
142 31
142 196
142 56
142 69
142 53
142 170
142 54
142 72
142 204
142 18
90 215
90 211
90 22
90 112
90 206
90 35
90 148
90 129
90 182
90 157
90 159
90 158
90 155
90 43
90 147
90 164
90 163
90 178
90 47
90 27
90 133
90 214
90 45
90 154
90 167
90 180
90 96
90 149
90 156
90 134
90 169
90 138
90 4
143 188
143 93
143 22
143 194
143 152
143 33
143 131
143 129
143 7
143 182
143 102
143 219
143 58
143 21
143 97
143 216
143 132
143 155
143 36
143 178
143 173
143 41
143 111
143 106
143 59
143 94
143 95
143 45
143 79
143 50
143 23
143 170
143 54
143 107
143 145
143 72
143 16
143 204
143 138
203 78
203 22
203 112
203 207
203 105
203 148
203 192
203 165
203 219
203 89
203 190
203 19
203 158
203 97
203 216
203 137
203 11
203 91
203 187
203 41
203 141
203 27
203 196
203 95
203 166
203 45
203 88
203 69
203 83
203 115
203 16
203 204
203 160
203 118
203 18
78 113
78 75
78 206
78 35
78 105
78 30
78 175
78 152
78 131
78 136
78 176
78 129
78 102
78 110
78 157
78 58
78 21
78 89
78 132
78 137
78 140
78 155
78 73
78 47
78 111
78 196
78 59
78 94
78 166
78 79
78 167
78 69
78 149
78 53
78 54
78 107
78 145
78 179
78 72
78 16
78 118
188 211
188 75
188 112
188 206
188 35
188 105
188 175
188 12
188 33
188 202
188 131
188 198
188 176
188 129
188 7
188 110
188 181
188 157
188 219
188 21
188 8
188 147
188 187
188 163
188 178
188 73
188 173
188 141
188 111
188 27
188 56
188 94
188 166
188 88
188 79
188 50
188 154
188 115
188 145
188 160
188 169
215 113
215 93
215 44
215 22
215 30
215 175
215 120
215 202
215 128
215 131
215 1
215 192
215 182
215 157
215 21
215 159
215 19
215 174
215 121
215 187
215 41
215 65
215 183
215 45
215 154
215 6
215 76
215 53
215 170
215 179
215 156
215 134
215 169
215 52
113 60
113 151
113 93
113 22
113 207
113 35
113 105
113 12
113 120
113 194
113 150
113 202
113 131
113 28
113 136
113 126
113 1
113 182
113 110
113 165
113 153
113 21
113 159
113 89
113 174
113 43
113 32
113 41
113 141
113 111
113 196
113 59
113 95
113 46
113 214
113 166
113 88
113 79
113 69
113 114
113 23
113 76
113 149
113 107
113 145
113 16
113 204
113 160
113 134
113 118
113 52
211 151
211 93
211 44
211 75
211 206
211 194
211 128
211 192
211 219
211 21
211 135
211 190
211 19
211 97
211 132
211 137
211 121
211 91
211 172
211 144
211 155
211 32
211 36
211 47
211 106
211 59
211 95
211 65
211 191
211 166
211 88
211 50
211 167
211 76
211 170
211 145
211 72
211 16
211 204
211 156
211 4
211 52
211 18
60 75
60 30
60 128
60 176
60 129
60 127
60 110
60 165
60 153
60 157
60 159
60 89
60 190
60 19
60 216
60 132
60 174
60 172
60 144
60 43
60 32
60 164
60 85
60 111
60 31
60 106
60 183
60 79
60 50
60 167
60 69
60 96
60 149
60 170
60 145
60 179
60 156
60 134
60 4
151 101
151 105
151 30
151 12
151 120
151 148
151 131
151 198
151 28
151 136
151 126
151 1
151 127
151 181
151 58
151 89
151 190
151 19
151 216
151 11
151 121
151 8
151 172
151 155
151 164
151 73
151 173
151 27
151 59
151 133
151 191
151 88
151 76
151 149
151 53
151 107
151 72
151 38
151 16
151 204
151 169
151 18
93 112
93 207
93 30
93 175
93 152
93 33
93 150
93 128
93 198
93 28
93 176
93 129
93 146
93 182
93 102
93 157
93 219
93 158
93 97
93 132
93 91
93 144
93 155
93 32
93 85
93 73
93 47
93 41
93 111
93 56
93 46
93 65
93 191
93 45
93 23
93 180
93 115
93 53
93 134
93 169
93 138
93 52
44 30
44 194
44 198
44 28
44 136
44 126
44 1
44 127
44 110
44 157
44 219
44 77
44 135
44 97
44 216
44 137
44 140
44 121
44 85
44 173
44 31
44 106
44 46
44 162
44 166
44 88
44 79
44 167
44 23
44 6
44 149
44 54
44 179
44 38
44 16
44 138
44 118
44 18
101 206
101 207
101 12
101 120
101 148
101 131
101 176
101 126
101 165
101 219
101 159
101 122
101 97
101 174
101 137
101 140
101 144
101 155
101 32
101 85
101 187
101 163
101 111
101 59
101 133
101 45
101 88
101 114
101 83
101 76
101 107
101 145
101 204
101 52
22 207
22 30
22 194
22 33
22 150
22 202
22 26
22 68
22 28
22 192
22 127
22 110
22 181
22 165
22 219
22 19
22 174
22 155
22 43
22 164
22 85
22 178
22 47
22 141
22 111
22 196
22 94
22 65
22 183
22 162
22 166
22 45
22 88
22 6
22 96
22 76
22 53
22 72
22 38
22 4
22 118
22 18
75 150
75 1
75 102
75 165
75 157
75 21
75 97
75 11
75 43
75 164
75 85
75 36
75 73
75 173
75 162
75 69
75 96
75 217
75 179
75 72
75 38
75 204
75 160
75 134
75 169
75 52
112 206
112 35
112 12
112 194
112 148
112 202
112 131
112 68
112 28
112 176
112 219
112 58
112 77
112 21
112 135
112 190
112 97
112 11
112 43
112 164
112 85
112 187
112 36
112 163
112 27
112 106
112 133
112 183
112 214
112 45
112 50
112 69
112 23
112 180
112 6
112 83
112 115
112 16
112 156
112 160
206 35
206 105
206 175
206 152
206 33
206 202
206 28
206 176
206 192
206 110
206 58
206 77
206 19
206 122
206 137
206 121
206 8
206 32
206 147
206 85
206 187
206 41
206 56
206 59
206 214
206 88
206 167
206 114
206 23
206 83
206 149
206 170
206 179
206 38
206 160
206 134
206 169
207 35
207 105
207 12
207 202
207 26
207 198
207 1
207 192
207 102
207 110
207 181
207 153
207 157
207 77
207 122
207 174
207 137
207 11
207 8
207 91
207 164
207 85
207 187
207 73
207 111
207 106
207 95
207 183
207 191
207 166
207 88
207 79
207 69
207 217
207 53
207 72
207 156
207 52
207 18
35 175
35 148
35 131
35 1
35 7
35 182
35 102
35 181
35 157
35 77
35 190
35 144
35 43
35 164
35 85
35 163
35 178
35 73
35 111
35 133
35 65
35 183
35 162
35 166
35 114
35 115
35 217
35 54
35 160
35 134
35 118
35 18
105 30
105 194
105 150
105 26
105 131
105 68
105 198
105 136
105 1
105 7
105 192
105 181
105 157
105 219
105 77
105 21
105 159
105 89
105 97
105 132
105 137
105 172
105 144
105 155
105 32
105 187
105 163
105 178
105 47
105 56
105 59
105 94
105 46
105 65
105 191
105 88
105 50
105 114
105 76
105 149
105 217
105 53
105 179
105 169
105 4
30 120
30 194
30 152
30 202
30 26
30 198
30 1
30 146
30 192
30 102
30 181
30 190
30 158
30 97
30 91
30 172
30 43
30 164
30 85
30 187
30 178
30 73
30 27
30 94
30 46
30 183
30 69
30 23
30 96
30 53
30 38
30 156
30 160
30 18
175 194
175 128
175 28
175 136
175 146
175 7
175 192
175 102
175 181
175 153
175 157
175 58
175 159
175 89
175 158
175 174
175 187
175 178
175 196
175 56
175 59
175 46
175 65
175 183
175 214
175 88
175 23
175 53
175 54
175 107
175 38
175 16
175 204
175 156
175 4
12 202
12 131
12 68
12 198
12 176
12 129
12 1
12 192
12 181
12 58
12 159
12 89
12 190
12 216
12 132
12 91
12 144
12 155
12 187
12 178
12 173
12 47
12 141
12 31
12 27
12 196
12 191
12 162
12 6
12 170
12 54
12 145
12 16
12 169
12 118
120 194
120 152
120 148
120 33
120 68
120 176
120 1
120 110
120 165
120 21
120 135
120 97
120 132
120 137
120 8
120 91
120 172
120 41
120 31
120 27
120 56
120 106
120 133
120 95
120 191
120 214
120 45
120 154
120 167
120 69
120 54
120 107
120 145
120 134
120 169
120 52
194 129
194 1
194 110
194 181
194 157
194 135
194 159
194 158
194 122
194 174
194 137
194 11
194 121
194 155
194 32
194 178
194 73
194 173
194 47
194 41
194 111
194 106
194 59
194 133
194 94
194 46
194 191
194 214
194 45
194 50
194 154
194 96
194 76
194 115
194 170
194 54
194 179
194 38
194 204
194 169
194 138
194 18
152 28
152 176
152 102
152 165
152 21
152 135
152 97
152 137
152 144
152 155
152 32
152 36
152 173
152 47
152 196
152 94
152 46
152 166
152 50
152 69
152 76
152 217
152 179
152 38
152 204
152 160
152 134
152 138
152 4
148 131
148 129
148 146
148 7
148 110
148 165
148 58
148 159
148 122
148 216
148 32
148 147
148 85
148 173
148 111
148 133
148 95
148 46
148 65
148 166
148 88
148 79
148 167
148 96
148 83
148 76
148 170
148 54
148 179
148 16
148 156
148 160
33 198
33 28
33 136
33 146
33 7
33 127
33 102
33 153
33 157
33 135
33 190
33 122
33 97
33 91
33 172
33 155
33 164
33 85
33 187
33 163
33 27
33 56
33 59
33 65
33 191
33 114
33 23
33 180
33 96
33 76
33 170
33 54
33 72
33 204
33 169
150 202
150 68
150 126
150 182
150 102
150 153
150 21
150 89
150 155
150 147
150 73
150 141
150 196
150 106
150 59
150 94
150 154
150 167
150 6
150 54
150 107
150 156
150 169
202 26
202 131
202 28
202 176
202 126
202 146
202 7
202 192
202 127
202 102
202 165
202 77
202 135
202 158
202 97
202 174
202 137
202 121
202 91
202 187
202 163
202 196
202 59
202 133
202 94
202 65
202 79
202 154
202 170
202 145
202 72
202 16
202 160
202 134
26 68
26 129
26 7
26 174
26 137
26 140
26 144
26 85
26 178
26 47
26 41
26 27
26 196
26 106
26 95
26 183
26 214
26 88
26 179
26 169
26 138
128 198
128 28
128 176
128 127
128 165
128 77
128 135
128 158
128 97
128 11
128 8
128 144
128 155
128 32
128 178
128 73
128 41
128 196
128 59
128 133
128 95
128 183
128 191
128 214
128 166
128 88
128 69
128 96
128 76
128 115
128 53
128 170
128 54
128 179
128 204
128 156
128 160
128 52
131 136
131 129
131 1
131 146
131 110
131 181
131 165
131 153
131 157
131 135
131 19
131 122
131 174
131 11
131 121
131 172
131 144
131 155
131 32
131 141
131 111
131 31
131 94
131 50
131 167
131 180
131 96
131 76
131 170
131 54
131 107
131 145
68 198
68 28
68 136
68 126
68 7
68 102
68 181
68 135
68 122
68 140
68 11
68 147
68 36
68 173
68 41
68 31
68 27
68 196
68 133
68 46
68 183
68 191
68 69
68 76
68 170
68 54
68 204
68 118
198 136
198 146
198 182
198 102
198 181
198 153
198 159
198 216
198 174
198 11
198 121
198 155
198 147
198 36
198 141
198 111
198 27
198 133
198 94
198 191
198 50
198 23
198 6
198 96
198 83
198 149
198 72
198 38
198 16
198 156
198 160
198 4
198 118
28 136
28 129
28 192
28 110
28 157
28 58
28 135
28 122
28 216
28 174
28 91
28 144
28 47
28 41
28 141
28 111
28 27
28 56
28 106
28 94
28 46
28 214
28 162
28 79
28 50
28 180
28 96
28 53
28 38
28 204
28 134
28 4
28 118
28 18
136 182
136 127
136 58
136 21
136 159
136 174
136 43
136 187
136 163
136 178
136 31
136 27
136 56
136 106
136 59
136 133
136 46
136 183
136 191
136 166
136 88
136 69
136 115
136 170
136 54
136 16
136 204
136 134
136 138
136 4
176 129
176 1
176 146
176 182
176 127
176 181
176 165
176 153
176 58
176 21
176 159
176 158
176 132
176 137
176 121
176 172
176 144
176 43
176 164
176 187
176 178
176 173
176 111
176 166
176 79
176 167
176 69
176 114
176 23
176 54
176 72
176 160
176 18
129 126
129 192
129 153
129 58
129 77
129 135
129 190
129 19
129 137
129 172
129 144
129 164
129 163
129 178
129 31
129 27
129 106
129 65
129 45
129 88
129 50
129 114
129 6
129 170
129 107
129 145
129 72
129 38
129 18
126 1
126 181
126 165
126 153
126 157
126 77
126 21
126 89
126 140
126 11
126 8
126 91
126 172
126 144
126 187
126 111
126 133
126 65
126 191
126 88
126 79
126 114
126 6
126 96
126 72
126 38
126 156
126 160
126 138
126 4
126 118
1 146
1 192
1 110
1 58
1 135
1 190
1 216
1 132
1 174
1 144
1 155
1 85
1 173
1 47
1 141
1 31
1 56
1 46
1 65
1 183
1 162
1 180
1 115
1 217
1 53
1 38
1 138
146 7
146 182
146 21
146 159
146 190
146 19
146 158
146 122
146 121
146 8
146 155
146 85
146 178
146 47
146 111
146 31
146 27
146 56
146 133
146 95
146 46
146 214
146 45
146 88
146 167
146 114
146 83
146 76
146 149
146 217
146 54
146 107
146 145
146 72
146 16
146 156
146 118
146 52
7 135
7 89
7 190
7 19
7 174
7 11
7 8
7 91
7 172
7 147
7 36
7 41
7 111
7 196
7 56
7 106
7 94
7 95
7 65
7 191
7 166
7 79
7 167
7 180
7 6
7 96
7 149
7 179
7 156
7 160
7 169
7 138
7 4
7 118
7 18
192 127
192 110
192 165
192 153
192 58
192 158
192 97
192 8
192 32
192 36
192 173
192 41
192 141
192 196
192 56
192 94
192 183
192 162
192 166
192 45
192 23
192 180
192 96
192 53
192 107
192 145
192 179
192 16
192 204
192 118
182 102
182 77
182 159
182 89
182 19
182 132
182 43
182 164
182 163
182 56
182 133
182 183
182 88
182 154
182 6
182 83
182 115
182 217
182 53
182 54
182 107
127 102
127 135
127 122
127 140
127 121
127 91
127 155
127 43
127 173
127 141
127 196
127 56
127 106
127 133
127 94
127 162
127 79
127 167
127 69
127 114
127 6
127 76
127 149
127 169
127 4
127 52
102 153
102 77
102 159
102 19
102 121
102 144
102 155
102 147
102 173
102 47
102 196
102 56
102 133
102 95
102 46
102 183
102 214
102 162
102 83
102 107
102 72
102 204
102 156
102 169
102 4
102 52
110 181
110 58
110 77
110 159
110 89
110 19
110 158
110 122
110 140
110 121
110 144
110 155
110 147
110 173
110 47
110 65
110 191
110 162
110 167
110 6
110 96
110 83
110 76
110 115
110 149
110 217
110 54
110 38
110 156
110 169
110 118
181 165
181 159
181 190
181 19
181 122
181 132
181 174
181 137
181 172
181 43
181 85
181 36
181 173
181 196
181 46
181 65
181 191
181 214
181 166
181 45
181 50
181 6
181 76
181 115
181 149
181 217
181 53
181 179
181 160
181 52
165 219
165 77
165 135
165 159
165 89
165 122
165 174
165 11
165 121
165 8
165 172
165 43
165 32
165 163
165 173
165 47
165 111
165 27
165 196
165 56
165 65
165 162
165 166
165 45
165 50
165 69
165 23
165 180
165 76
165 115
165 145
165 204
165 156
165 169
165 18
153 89
153 122
153 216
153 174
153 137
153 140
153 172
153 144
153 155
153 164
153 163
153 73
153 173
153 31
153 196
153 214
153 162
153 45
153 88
153 79
153 167
153 69
153 180
153 6
153 76
153 115
153 149
153 53
153 54
153 145
153 134
153 138
153 4
153 118
153 18
157 219
157 97
157 216
157 132
157 11
157 36
157 173
157 111
157 196
157 59
157 65
157 183
157 162
157 114
157 53
157 145
157 72
157 16
157 160
219 58
219 21
219 97
219 216
219 174
219 43
219 163
219 111
219 27
219 106
219 133
219 65
219 191
219 166
219 88
219 79
219 167
219 69
219 23
219 180
219 76
219 115
219 107
219 204
219 160
58 135
58 19
58 122
58 132
58 174
58 121
58 32
58 164
58 36
58 141
58 111
58 27
58 106
58 133
58 45
58 88
58 79
58 154
58 69
58 114
58 149
58 217
58 16
58 160
58 134
58 138
77 135
77 190
77 122
77 137
77 91
77 172
77 178
77 73
77 141
77 31
77 196
77 106
77 59
77 94
77 46
77 183
77 214
77 166
77 45
77 154
77 69
77 114
77 23
77 115
77 170
77 204
77 4
77 52
21 159
21 19
21 97
21 137
21 91
21 144
21 155
21 187
21 178
21 31
21 196
21 133
21 191
21 162
21 166
21 167
21 6
21 76
21 217
21 170
21 54
21 160
21 134
21 169
21 118
135 140
135 91
135 155
135 43
135 147
135 85
135 163
135 73
135 173
135 106
135 59
135 95
135 191
135 167
135 23
135 53
135 54
135 107
135 16
135 169
159 89
159 19
159 158
159 216
159 172
159 36
159 163
159 173
159 47
159 141
159 111
159 31
159 196
159 56
159 106
159 133
159 94
159 95
159 45
159 167
159 69
159 23
159 107
159 145
159 179
159 38
159 204
159 138
159 18
89 97
89 216
89 132
89 174
89 155
89 32
89 85
89 163
89 111
89 94
89 65
89 191
89 88
89 69
89 149
89 54
89 138
89 4
190 216
190 11
190 121
190 91
190 43
190 85
190 163
190 31
190 56
190 133
190 65
190 69
190 6
190 83
190 72
190 160
190 4
190 118
190 52
19 137
19 11
19 91
19 144
19 155
19 32
19 73
19 47
19 141
19 111
19 106
19 59
19 133
19 94
19 191
19 162
19 50
19 114
19 23
19 96
19 170
19 179
19 72
19 156
19 52
19 18
158 97
158 11
158 121
158 85
158 187
158 178
158 173
158 41
158 95
158 167
158 76
158 54
158 107
158 145
158 179
158 204
158 160
158 169
158 138
158 52
122 216
122 132
122 36
122 178
122 27
122 94
122 65
122 191
122 167
122 69
122 23
122 83
122 53
122 179
122 72
122 156
122 160
122 4
122 52
122 18
97 137
97 140
97 172
97 155
97 43
97 164
97 187
97 36
97 41
97 111
97 56
97 94
97 46
97 65
97 50
97 167
97 149
97 54
97 107
97 72
97 204
97 156
97 134
97 118
216 174
216 32
216 187
216 163
216 173
216 111
216 56
216 183
216 214
216 45
216 167
216 69
216 23
216 6
216 76
216 217
216 145
216 204
216 160
216 134
216 118
216 18
132 174
132 8
132 43
132 187
132 47
132 27
132 196
132 56
132 106
132 94
132 214
132 167
132 76
132 149
132 170
132 145
132 118
174 137
174 140
174 11
174 121
174 91
174 172
174 43
174 147
174 41
174 56
174 95
174 46
174 214
174 79
174 154
174 114
174 6
174 217
174 53
174 170
174 138
137 140
137 8
137 144
137 155
137 43
137 147
137 85
137 178
137 47
137 41
137 31
137 27
137 46
137 65
137 191
137 45
137 88
137 69
137 96
137 76
137 149
137 53
137 54
137 107
137 38
137 16
137 52
137 18
140 144
140 163
140 41
140 111
140 31
140 183
140 214
140 162
140 166
140 88
140 79
140 154
140 114
140 6
140 96
140 76
140 204
140 52
11 121
11 8
11 43
11 85
11 187
11 73
11 27
11 133
11 46
11 65
11 183
11 191
11 162
11 79
11 154
11 23
11 96
11 83
11 76
11 115
11 149
11 170
11 54
11 72
11 156
121 178
121 141
121 95
121 46
121 214
121 166
121 45
121 50
121 167
121 23
121 6
121 115
121 170
121 145
121 204
121 156
121 169
121 118
121 18
8 144
8 155
8 43
8 163
8 73
8 106
8 133
8 162
8 79
8 50
8 154
8 114
8 6
8 53
8 107
8 145
8 38
8 169
8 138
91 155
91 164
91 36
91 163
91 178
91 73
91 31
91 94
91 95
91 183
91 88
91 79
91 154
91 23
91 96
91 83
91 217
91 179
91 72
91 38
172 43
172 141
172 133
172 95
172 46
172 183
172 191
172 162
172 167
172 114
172 180
172 6
172 204
172 160
172 169
172 118
172 18
144 43
144 147
144 85
144 36
144 178
144 141
144 27
144 56
144 59
144 94
144 191
144 45
144 88
144 23
144 96
144 76
144 115
144 149
144 107
144 156
144 4
144 18
155 43
155 85
155 187
155 36
155 31
155 56
155 46
155 88
155 50
155 114
155 23
155 115
155 149
155 72
155 138
155 118
155 52
155 18
43 147
43 36
43 31
43 27
43 196
43 94
43 183
43 79
43 167
43 69
43 23
43 180
43 76
43 16
43 160
43 18
32 147
32 85
32 36
32 56
32 46
32 191
32 214
32 114
32 23
32 53
32 107
32 38
32 16
32 138
32 4
32 52
32 18
147 36
147 173
147 41
147 27
147 56
147 106
147 59
147 94
147 95
147 45
147 50
147 96
147 72
147 38
147 134
147 138
147 18
164 85
164 163
164 178
164 173
164 27
164 56
164 133
164 65
164 183
164 214
164 45
164 79
164 96
164 115
164 170
164 107
164 179
164 204
164 169
164 118
85 178
85 73
85 173
85 31
85 59
85 183
85 191
85 162
85 88
85 154
85 167
85 6
85 83
85 76
85 115
85 170
85 107
85 145
85 16
85 204
85 4
85 18
187 163
187 178
187 47
187 141
187 27
187 94
187 46
187 65
187 167
187 23
187 53
187 16
187 204
187 160
187 138
36 163
36 173
36 47
36 141
36 95
36 214
36 45
36 167
36 170
36 107
36 204
36 169
36 18
163 173
163 47
163 111
163 133
163 94
163 95
163 46
163 214
163 166
163 45
163 114
163 96
163 83
163 179
163 156
163 134
163 118
178 41
178 141
178 31
178 27
178 196
178 95
178 214
178 166
178 45
178 88
178 114
178 115
178 179
178 204
178 156
178 52
73 27
73 196
73 106
73 65
73 183
73 191
73 214
73 107
73 145
73 179
73 38
73 16
73 204
73 18
173 41
173 111
173 59
173 95
173 183
173 214
173 162
173 154
173 167
173 69
173 23
173 180
173 83
173 149
173 53
173 170
173 16
173 138
173 4
173 18
47 111
47 94
47 95
47 191
47 162
47 114
47 6
47 96
47 115
47 149
47 217
47 145
47 179
47 72
47 38
47 134
47 4
41 27
41 65
41 166
41 45
41 88
41 50
41 167
41 180
41 96
41 115
41 145
41 72
41 38
41 52
141 59
141 65
141 214
141 45
141 79
141 50
141 69
141 180
141 6
141 96
141 115
141 149
141 53
141 54
141 107
141 118
111 196
111 106
111 191
111 167
111 6
111 83
111 115
111 149
111 170
111 204
111 156
111 4
31 27
31 46
31 166
31 88
31 79
31 69
31 114
31 83
31 76
31 179
31 156
31 160
31 118
31 18
27 65
27 69
27 114
27 180
27 96
27 149
27 217
27 179
27 204
27 156
27 160
196 95
196 214
196 166
196 88
196 23
196 180
196 6
196 115
196 170
196 107
196 38
196 16
196 138
196 118
56 106
56 59
56 65
56 162
56 50
56 180
56 96
56 83
56 115
56 38
56 204
56 138
56 4
106 94
106 191
106 88
106 79
106 96
106 115
106 179
106 156
106 169
106 4
59 162
59 88
59 69
59 114
59 180
59 83
59 217
59 53
59 170
59 145
59 16
59 160
59 169
59 18
133 46
133 214
133 50
133 167
133 114
133 54
133 72
133 16
133 52
133 18
94 162
94 166
94 88
94 79
94 23
94 180
94 149
94 72
94 38
94 204
94 169
94 4
94 118
95 183
95 191
95 88
95 50
95 69
95 180
95 6
95 217
95 107
95 145
95 72
95 16
95 169
95 138
95 18
46 65
46 183
46 191
46 166
46 45
46 88
46 79
46 83
46 54
46 145
46 16
46 160
46 138
46 4
46 18
65 167
65 83
65 53
65 16
65 156
65 134
65 169
65 4
183 191
183 154
183 69
183 114
183 96
183 83
183 76
183 115
183 217
183 170
183 54
183 38
183 16
183 160
183 118
191 162
191 166
191 88
191 69
191 23
191 96
191 115
191 170
191 54
191 72
191 16
191 4
214 79
214 167
214 69
214 114
214 180
214 6
214 96
214 53
214 170
214 107
214 16
214 204
214 156
214 134
214 169
214 138
214 52
162 166
162 50
162 167
162 23
162 6
162 76
162 149
162 217
162 16
162 156
162 169
162 4
166 45
166 79
166 76
166 115
166 54
166 72
166 134
166 18
45 88
45 154
45 83
45 76
45 217
45 170
45 54
45 145
45 179
45 16
45 156
45 134
45 52
45 18
88 79
88 154
88 167
88 180
88 217
88 54
88 156
79 154
79 83
79 53
79 107
79 16
79 204
79 18
50 83
50 115
50 145
50 179
50 72
50 204
50 156
50 169
50 18
154 6
154 149
154 217
154 145
154 204
154 156
154 4
154 118
154 18
167 23
167 76
167 149
167 179
167 4
167 118
69 83
69 115
69 149
69 53
69 145
69 18
114 23
114 96
114 76
114 170
114 145
114 179
114 204
114 156
114 169
114 138
114 4
114 118
114 52
23 180
23 115
23 179
23 16
23 156
23 18
180 179
180 156
180 4
180 18
6 217
6 145
6 72
6 160
6 138
96 115
96 217
96 170
96 145
96 179
96 204
96 156
83 76
83 217
83 53
83 54
83 16
83 138
83 52
76 170
76 107
76 204
76 156
76 160
76 134
76 169
76 138
76 52
115 53
115 170
115 54
115 145
115 38
115 160
115 169
149 170
149 107
149 204
149 134
149 138
149 4
149 118
217 53
217 170
217 54
217 179
217 72
217 156
217 134
217 169
217 138
217 52
53 170
53 145
53 134
53 169
53 138
53 18
170 179
170 38
170 16
170 156
170 169
54 179
54 72
54 160
54 169
54 138
54 18
107 38
107 16
107 138
107 118
107 52
145 179
145 38
145 16
145 204
145 160
145 169
145 52
179 204
179 156
179 134
179 169
179 118
179 18
72 204
72 156
72 52
38 204
38 134
38 169
38 4
38 118
16 204
16 156
16 169
16 118
204 160
204 134
204 138
204 18
156 160
160 118
134 118
169 138
169 118
138 118
138 52
138 18
4 118
4 18
