*verties 20
21
10
15
1
12
17
14
11
8
2
5
0
19
3
16
20
7
4
18
9
*edges 
21 15
21 12
21 17
21 11
21 0
21 19
21 3
21 16
21 18
10 17
10 2
10 19
10 3
10 16
10 20
10 7
10 4
10 18
10 9
15 1
15 12
15 17
15 14
15 11
15 8
15 2
15 0
15 19
15 3
15 16
15 4
15 18
1 12
1 14
1 8
1 2
1 5
1 0
1 7
1 4
12 17
12 14
12 19
12 20
12 18
17 14
17 11
17 8
17 2
17 0
17 19
17 16
17 20
17 7
17 4
17 18
14 19
14 3
14 16
14 7
14 4
14 9
11 8
11 2
11 0
11 19
11 16
11 20
11 4
11 18
11 9
8 2
8 5
8 0
8 3
8 16
8 20
8 7
8 4
2 5
2 19
2 3
2 16
2 7
2 4
2 9
5 16
5 20
5 7
5 4
0 3
0 16
0 20
0 18
0 9
19 20
19 7
19 4
19 18
19 9
3 16
3 20
3 18
3 9
16 20
16 7
16 4
16 18
20 7
20 9
7 18
7 9
4 18
4 9
18 9
