*verties 19
4
0
10
12
7
11
17
15
18
21
5
16
2
9
8
1
20
6
13
*edges 
4 0
4 10
4 12
4 7
4 11
4 15
4 18
4 21
4 5
4 16
4 2
4 8
4 1
4 20
4 6
0 10
0 12
0 7
0 11
0 17
0 15
0 18
0 21
0 5
0 2
0 9
0 20
0 6
0 13
10 12
10 7
10 11
10 17
10 15
10 18
10 21
10 5
10 16
10 2
10 9
10 8
10 1
10 20
10 13
12 7
12 11
12 17
12 15
12 18
12 21
12 5
12 16
12 2
12 9
12 8
12 1
12 20
12 6
7 11
7 15
7 21
7 5
7 16
7 9
7 8
7 20
7 6
7 13
11 17
11 15
11 18
11 21
11 5
11 16
11 2
11 8
11 1
11 20
11 6
11 13
17 15
17 21
17 5
17 16
17 2
17 9
17 1
17 20
17 6
17 13
15 18
15 21
15 5
15 16
15 2
15 9
15 8
15 20
15 6
15 13
18 21
18 5
18 16
18 2
18 9
18 8
18 1
18 20
18 6
18 13
21 5
21 16
21 2
21 9
21 8
21 1
21 20
21 6
21 13
5 16
5 2
5 9
5 8
5 20
5 6
5 13
16 2
16 9
16 8
16 1
16 20
16 6
16 13
2 9
2 8
2 1
2 20
2 6
2 13
9 8
9 20
9 6
9 13
8 1
8 6
8 13
1 6
1 13
20 6
20 13
6 13
