*verties 20
9
17
12
4
16
0
8
21
6
10
7
18
19
13
2
15
20
11
14
1
*edges 
9 17
9 12
9 4
9 16
9 0
9 8
9 21
9 6
9 10
9 7
9 18
9 19
9 13
9 2
9 15
9 11
9 14
17 12
17 4
17 16
17 0
17 8
17 21
17 6
17 10
17 7
17 18
17 19
17 13
17 2
17 15
17 20
17 11
17 14
17 1
12 4
12 16
12 0
12 8
12 21
12 6
12 10
12 7
12 18
12 19
12 13
12 2
12 15
12 20
12 11
12 14
12 1
4 16
4 0
4 8
4 21
4 6
4 10
4 7
4 18
4 19
4 13
4 2
4 15
4 20
4 11
4 14
4 1
16 0
16 8
16 21
16 6
16 10
16 7
16 18
16 19
16 13
16 2
16 15
16 20
16 11
16 14
16 1
0 8
0 21
0 6
0 10
0 7
0 18
0 19
0 13
0 2
0 15
0 20
0 11
0 14
0 1
8 21
8 6
8 10
8 7
8 18
8 19
8 13
8 15
8 20
8 11
8 14
8 1
21 6
21 10
21 7
21 18
21 19
21 13
21 2
21 15
21 20
21 11
21 14
21 1
6 10
6 7
6 18
6 19
6 13
6 2
6 15
6 20
6 14
6 1
10 7
10 18
10 19
10 13
10 2
10 15
10 20
10 11
10 14
7 18
7 19
7 13
7 2
7 15
7 20
7 11
7 14
7 1
18 19
18 13
18 2
18 15
18 20
18 11
18 14
18 1
19 13
19 2
19 15
19 20
19 11
19 14
19 1
13 2
13 15
13 20
13 11
13 14
13 1
2 15
2 20
2 11
2 14
2 1
15 20
15 11
15 14
15 1
20 11
20 14
20 1
11 14
11 1
14 1
