*verties 20
0
6
15
7
4
16
20
13
21
5
1
12
17
11
18
3
10
19
14
8
*edges 
0 6
0 4
0 16
0 20
0 21
0 17
0 11
0 18
0 3
0 10
0 14
0 8
6 7
6 4
6 16
6 21
6 5
6 12
6 18
6 3
6 10
6 19
15 4
15 16
15 20
15 13
15 5
15 1
15 12
15 18
15 3
15 10
15 14
15 8
7 4
7 20
7 13
7 12
7 17
7 11
7 3
7 10
7 19
7 14
7 8
4 13
4 21
4 1
4 18
4 14
16 13
16 21
16 5
16 19
16 8
20 13
20 21
20 1
20 12
20 3
20 14
13 21
13 5
13 1
13 12
13 17
13 11
13 3
13 10
13 19
13 8
21 5
21 12
21 17
21 10
21 14
21 8
5 17
5 11
5 18
5 19
5 14
1 17
1 11
1 3
1 10
1 8
12 17
12 11
12 3
12 10
12 19
17 11
17 10
17 14
11 18
11 3
18 3
18 10
18 19
10 19
14 8
