*verties 18
13
2
1
19
9
16
7
20
17
6
15
3
5
11
14
21
4
10
*edges 
13 2
13 1
13 19
13 9
13 16
13 7
13 20
13 17
13 6
13 15
13 3
13 11
13 14
13 21
13 4
13 10
2 1
2 19
2 9
2 16
2 7
2 20
2 17
2 6
2 15
2 3
2 5
2 11
2 14
2 21
2 4
2 10
1 19
1 9
1 16
1 7
1 20
1 17
1 6
1 15
1 3
1 5
1 11
1 14
1 21
1 4
1 10
19 9
19 16
19 7
19 20
19 17
19 6
19 15
19 3
19 5
19 11
19 14
19 21
19 4
19 10
9 16
9 7
9 20
9 17
9 6
9 15
9 3
9 5
9 11
9 14
9 21
9 4
9 10
16 7
16 20
16 17
16 6
16 15
16 3
16 5
16 11
16 14
16 4
16 10
7 20
7 17
7 6
7 15
7 3
7 5
7 11
7 14
7 21
7 4
7 10
20 17
20 6
20 15
20 3
20 5
20 11
20 14
20 21
20 4
20 10
17 6
17 15
17 3
17 5
17 11
17 14
17 21
17 4
17 10
6 15
6 3
6 5
6 11
6 14
6 21
6 4
6 10
15 3
15 5
15 11
15 14
15 21
15 4
15 10
3 5
3 11
3 14
3 21
3 4
3 10
5 11
5 14
5 21
5 4
5 10
11 14
11 21
11 4
11 10
14 21
14 4
14 10
21 4
21 10
4 10
