*verties 18
1
11
20
4
15
13
5
10
14
9
17
0
12
2
8
21
7
19
*edges 
1 11
1 4
1 15
1 13
1 5
1 14
1 9
1 12
1 7
11 4
11 15
11 13
11 5
11 10
11 9
11 17
11 12
11 8
11 19
20 15
20 13
20 5
20 10
20 9
20 0
20 12
20 2
20 8
20 21
20 7
4 15
4 13
4 5
4 10
4 9
4 0
4 2
4 21
4 19
15 10
15 9
15 17
15 0
15 12
15 2
15 8
15 21
15 7
13 5
13 10
13 14
13 9
13 17
13 0
13 12
13 2
13 8
13 7
5 10
5 14
5 9
5 17
5 0
5 2
5 8
5 19
10 14
10 0
10 12
10 2
10 21
10 7
10 19
14 9
14 17
14 0
14 12
14 2
14 8
14 21
14 7
9 17
9 12
9 8
9 21
9 7
9 19
17 0
17 21
17 19
0 12
0 8
0 21
0 19
12 2
12 21
12 19
2 8
2 21
2 7
2 19
8 21
21 7
