*verties 20
10
1
17
6
3
16
12
11
9
21
2
15
19
5
8
13
0
20
4
7
*edges 
10 3
10 12
10 11
10 5
10 8
10 13
10 7
1 6
1 3
1 16
1 11
1 13
1 7
17 6
17 11
17 9
17 21
17 19
17 13
17 0
17 7
6 3
6 16
6 11
6 9
6 2
6 15
6 5
6 8
3 12
3 11
3 21
3 19
3 5
3 20
3 4
3 7
16 11
16 9
16 2
16 13
16 0
16 4
16 7
12 21
12 15
12 5
12 13
12 20
11 15
11 5
11 8
11 0
11 20
9 21
9 2
9 13
9 0
9 7
21 2
21 19
21 13
21 0
21 20
2 19
2 5
2 8
2 20
15 19
15 5
15 13
15 0
15 4
19 5
19 0
19 20
19 4
19 7
5 4
8 4
8 7
13 20
13 4
13 7
0 20
0 4
0 7
4 7
