*verties 17
4
6
16
5
17
10
12
2
1
0
8
7
14
3
13
19
21
*edges 
4 6
4 16
4 10
4 2
4 1
4 0
4 8
4 7
4 14
4 3
4 13
4 19
4 21
6 16
6 5
6 17
6 12
6 2
6 1
6 0
6 8
6 7
6 14
6 3
6 13
6 21
16 5
16 17
16 10
16 12
16 2
16 1
16 8
16 7
16 14
16 3
16 13
16 19
5 17
5 10
5 12
5 2
5 1
5 8
5 7
5 3
5 13
5 19
5 21
17 10
17 12
17 2
17 1
17 0
17 8
17 7
17 14
17 3
17 13
17 19
17 21
10 2
10 1
10 0
10 7
10 14
10 13
10 19
10 21
12 2
12 1
12 0
12 7
12 14
12 3
12 13
12 21
2 1
2 0
2 7
2 14
2 3
2 13
2 19
2 21
1 0
1 8
1 7
1 14
1 3
1 13
1 19
1 21
0 8
0 7
0 13
0 19
0 21
8 7
8 14
8 3
8 13
8 19
8 21
7 14
7 13
7 19
7 21
14 13
14 19
3 13
3 19
3 21
13 19
13 21
19 21
