*verties 20
4
6
18
20
15
10
0
9
12
17
13
16
8
7
5
21
14
2
11
1
*edges 
4 6
4 18
4 20
4 10
4 0
4 9
4 12
4 17
4 13
4 16
4 8
4 7
4 5
4 21
4 14
4 11
6 18
6 20
6 15
6 10
6 0
6 9
6 12
6 17
6 13
6 16
6 8
6 7
6 5
6 21
6 14
6 2
6 11
6 1
18 20
18 15
18 10
18 0
18 9
18 12
18 17
18 13
18 16
18 8
18 7
18 5
18 21
18 14
18 2
18 11
18 1
20 15
20 10
20 0
20 9
20 12
20 17
20 13
20 16
20 7
20 5
20 21
20 14
20 2
20 11
20 1
15 10
15 0
15 9
15 12
15 17
15 13
15 16
15 8
15 7
15 5
15 21
15 14
15 2
15 11
15 1
10 0
10 9
10 12
10 17
10 13
10 16
10 8
10 7
10 5
10 21
10 14
10 2
10 11
10 1
0 9
0 12
0 17
0 13
0 16
0 8
0 7
0 5
0 21
0 14
0 2
0 11
0 1
9 12
9 17
9 13
9 16
9 8
9 5
9 21
9 14
9 2
9 11
9 1
12 17
12 13
12 16
12 8
12 7
12 5
12 21
12 14
12 2
12 11
12 1
17 13
17 16
17 8
17 7
17 5
17 21
17 14
17 2
17 11
17 1
13 16
13 8
13 7
13 5
13 21
13 14
13 2
13 11
13 1
16 8
16 7
16 5
16 21
16 14
16 2
16 1
8 7
8 5
8 21
8 14
8 2
8 11
8 1
7 5
7 21
7 14
7 11
7 1
5 21
5 14
5 2
5 11
5 1
21 14
21 2
21 11
21 1
14 2
14 11
14 1
2 11
2 1
11 1
