*verties 21
6
1
12
19
16
15
10
11
0
3
4
2
21
17
7
20
14
13
9
5
8
*edges 
6 1
6 12
6 19
6 16
6 15
6 10
6 0
6 3
6 4
6 2
6 21
6 17
6 7
6 20
6 14
6 13
6 9
6 5
1 12
1 19
1 16
1 15
1 10
1 11
1 0
1 3
1 4
1 21
1 17
1 7
1 20
1 14
1 13
1 9
1 5
1 8
12 19
12 16
12 15
12 10
12 0
12 3
12 4
12 2
12 21
12 17
12 20
12 14
12 13
12 9
12 5
19 16
19 15
19 10
19 11
19 4
19 2
19 21
19 17
19 7
19 20
19 14
19 13
19 9
19 5
19 8
16 15
16 10
16 11
16 3
16 4
16 2
16 21
16 17
16 7
16 20
16 14
16 13
16 5
16 8
15 11
15 0
15 3
15 4
15 2
15 21
15 17
15 7
15 20
15 14
15 13
15 9
15 5
15 8
10 11
10 0
10 4
10 2
10 21
10 17
10 7
10 14
10 13
10 9
10 5
10 8
11 3
11 4
11 2
11 21
11 7
11 20
11 14
11 13
11 9
11 5
11 8
0 3
0 4
0 2
0 21
0 17
0 7
0 20
0 14
0 13
0 9
0 5
0 8
3 4
3 21
3 17
3 14
3 13
3 9
3 5
3 8
4 2
4 21
4 17
4 7
4 14
4 13
4 9
4 5
4 8
2 21
2 7
2 14
2 13
2 9
2 8
21 7
21 20
21 14
21 13
21 9
21 5
21 8
17 7
17 14
17 13
17 9
17 5
17 8
7 20
7 14
7 13
7 9
7 5
7 8
20 14
20 13
20 9
20 5
20 8
14 9
14 5
14 8
13 9
13 5
9 5
9 8
5 8
