*verties 19
21
15
13
17
2
10
16
9
4
0
5
12
6
19
18
11
3
20
14
*edges 
21 15
21 13
21 17
21 2
21 9
21 4
21 0
21 12
21 6
21 11
21 3
21 20
21 14
15 13
15 2
15 4
15 0
15 5
15 12
15 6
15 19
15 18
15 11
15 20
13 17
13 10
13 16
13 9
13 4
13 5
13 12
13 3
17 10
17 4
17 6
17 18
17 3
17 14
2 16
2 9
2 4
2 0
2 5
2 12
2 6
2 19
2 18
2 11
2 3
2 20
2 14
10 4
10 5
10 19
10 11
10 3
10 20
16 4
16 0
16 5
16 19
16 18
16 3
16 20
16 14
9 4
9 5
9 6
9 11
9 20
9 14
4 5
4 6
4 19
4 11
4 3
4 20
0 6
0 18
0 11
0 3
0 20
0 14
5 12
5 19
5 18
5 11
5 3
5 20
12 18
12 11
12 20
6 19
6 3
6 20
19 3
19 14
18 11
18 3
18 20
18 14
11 3
11 14
