*verties 19
17
18
19
0
21
1
15
4
14
20
5
3
6
8
9
2
10
7
12
*edges 
17 18
17 21
17 1
17 15
17 14
17 20
17 6
17 8
17 10
17 12
18 19
18 21
18 1
18 15
18 4
18 14
18 5
18 2
18 10
18 7
18 12
19 0
19 21
19 15
19 20
19 3
19 6
19 8
19 2
19 7
19 12
0 21
0 1
0 5
0 3
0 6
0 8
0 9
0 2
21 1
21 4
21 14
21 8
21 2
21 10
21 7
21 12
1 15
1 20
1 5
1 8
1 9
1 2
1 10
1 7
15 4
15 14
15 20
15 5
15 8
15 9
4 14
4 20
4 6
4 9
4 10
4 7
14 20
14 6
14 8
14 2
14 10
14 7
14 12
20 5
20 6
20 10
20 12
5 3
5 6
5 9
3 6
3 8
3 2
3 10
3 7
3 12
6 8
6 9
6 2
6 12
8 7
8 12
9 10
2 7
2 12
7 12
