*verties 15
20
8
15
4
21
13
18
1
2
7
9
10
14
5
19
*edges 
20 8
20 15
20 13
20 18
20 1
20 7
20 9
20 10
20 14
20 5
20 19
8 15
8 4
8 21
8 13
8 18
8 1
8 7
8 9
8 10
8 14
8 5
8 19
15 4
15 21
15 13
15 18
15 1
15 2
15 7
15 9
15 10
15 5
15 19
4 21
4 13
4 18
4 1
4 2
4 7
4 9
4 10
4 14
4 5
4 19
21 13
21 18
21 1
21 7
21 9
21 14
21 5
21 19
13 18
13 1
13 2
13 7
13 9
13 10
13 14
13 5
13 19
18 1
18 2
18 9
18 10
18 14
18 5
18 19
1 2
1 7
1 9
1 10
1 14
1 5
1 19
2 7
2 9
2 10
2 14
2 5
2 19
7 10
7 14
7 19
9 14
9 5
9 19
10 14
10 5
10 19
14 5
14 19
5 19
