*verties 19
18
6
20
2
14
16
21
8
0
11
17
7
15
19
9
5
12
4
1
*edges 
18 20
18 2
18 14
18 16
18 21
18 8
18 0
18 17
18 7
18 15
18 19
18 9
18 5
18 12
18 4
18 1
6 20
6 2
6 14
6 21
6 8
6 0
6 11
6 17
6 7
6 15
6 19
6 9
6 5
6 12
6 4
20 2
20 14
20 16
20 21
20 8
20 0
20 11
20 7
20 15
20 19
20 12
20 4
2 16
2 21
2 8
2 0
2 11
2 17
2 7
2 15
2 19
2 9
2 5
2 12
2 4
2 1
14 16
14 21
14 8
14 0
14 17
14 7
14 15
14 19
14 5
14 12
14 4
16 21
16 8
16 0
16 11
16 17
16 7
16 19
16 9
16 5
16 12
16 4
16 1
21 8
21 0
21 11
21 7
21 15
21 19
21 9
21 5
21 12
21 4
21 1
8 0
8 11
8 17
8 7
8 15
8 19
8 9
8 12
8 4
8 1
0 17
0 7
0 15
0 19
0 9
0 12
0 4
0 1
11 17
11 7
11 15
11 19
11 9
11 5
11 12
11 4
17 7
17 15
17 19
17 12
17 1
7 15
7 19
7 9
7 12
7 4
7 1
15 9
15 5
15 12
15 4
15 1
19 9
19 5
19 12
19 4
9 5
9 12
9 4
9 1
5 12
5 1
12 4
4 1
