*verties 20
21
3
4
11
20
17
8
0
5
13
6
7
14
18
1
9
16
2
15
19
*edges 
21 3
21 4
21 20
21 17
21 8
21 0
21 5
21 13
21 6
21 7
21 14
21 1
21 9
21 16
21 2
21 19
3 11
3 20
3 17
3 8
3 5
3 13
3 6
3 7
3 18
3 1
3 9
3 16
3 15
4 11
4 20
4 17
4 0
4 5
4 13
4 7
4 14
4 18
4 1
4 2
4 15
4 19
11 20
11 17
11 0
11 5
11 13
11 7
11 14
11 18
11 1
11 9
11 16
11 2
11 15
20 17
20 8
20 0
20 5
20 13
20 7
20 14
20 18
20 1
20 9
20 16
20 2
20 15
20 19
17 8
17 0
17 5
17 7
17 14
17 16
17 2
17 15
17 19
8 0
8 5
8 13
8 6
8 14
8 18
8 1
8 9
8 16
8 2
8 15
8 19
0 5
0 13
0 14
0 18
0 1
0 9
0 16
0 2
0 15
0 19
5 13
5 6
5 7
5 14
5 18
5 1
5 9
5 2
5 15
5 19
13 6
13 7
13 14
13 18
13 1
13 9
13 16
13 2
13 15
13 19
6 14
6 18
6 1
6 9
6 16
6 2
6 15
6 19
7 14
7 18
7 1
7 16
7 2
7 15
7 19
14 1
14 9
14 16
14 2
14 15
14 19
18 1
18 9
18 16
18 2
18 15
18 19
1 9
1 16
1 2
1 15
1 19
9 16
9 2
9 15
9 19
16 2
16 15
16 19
2 19
15 19
