*verties 18
16
17
21
20
13
19
1
0
2
6
15
3
8
18
14
7
5
12
*edges 
16 17
16 21
16 20
16 13
16 19
16 1
16 0
16 6
16 15
16 3
16 8
16 18
16 14
16 7
16 5
16 12
17 21
17 20
17 13
17 19
17 1
17 0
17 2
17 6
17 15
17 3
17 18
17 14
17 7
17 5
21 20
21 13
21 19
21 1
21 0
21 2
21 6
21 15
21 3
21 8
21 18
21 14
21 7
21 5
21 12
20 13
20 19
20 1
20 0
20 2
20 6
20 3
20 8
20 18
20 14
20 7
20 5
20 12
13 19
13 0
13 2
13 6
13 15
13 3
13 8
13 18
13 14
13 7
13 12
19 1
19 2
19 6
19 3
19 8
19 18
19 14
19 7
19 5
19 12
1 0
1 2
1 15
1 3
1 8
1 18
1 14
1 7
1 5
1 12
0 2
0 6
0 3
0 8
0 18
0 14
0 7
0 5
0 12
2 6
2 15
2 3
2 8
2 18
2 14
2 7
2 5
6 15
6 3
6 8
6 7
6 5
6 12
15 3
15 8
15 18
15 14
15 7
15 12
3 8
3 18
3 14
3 7
3 5
3 12
8 18
8 14
8 7
8 5
8 12
18 14
18 7
18 5
18 12
14 7
14 5
14 12
7 12
5 12
