*verties 16
1
3
14
21
18
5
9
16
6
12
15
17
11
4
13
2
*edges 
1 3
1 14
1 21
1 18
1 5
1 9
1 6
1 15
1 17
1 11
1 2
3 14
3 18
3 5
3 9
3 6
3 12
3 15
3 17
3 4
3 2
14 21
14 18
14 5
14 16
14 12
14 15
14 17
14 11
14 4
14 2
21 18
21 5
21 9
21 16
21 6
21 12
21 15
21 17
21 11
21 2
18 5
18 9
18 6
18 12
18 17
18 11
18 4
18 13
18 2
5 9
5 16
5 6
5 12
5 15
5 17
5 11
5 4
5 13
9 6
9 12
9 15
9 17
9 11
9 13
9 2
16 6
16 12
16 15
16 11
16 13
6 12
6 15
6 17
6 4
6 2
12 15
12 17
12 11
12 13
15 17
15 4
15 13
17 11
17 4
17 13
17 2
11 4
11 13
11 2
4 13
4 2
13 2
