t # 0
v 0 4
v 1 6
v 2 12
v 3 7
v 4 13
v 5 18
v 6 10
v 7 17
v 8 9
v 9 19
v 10 11
v 11 1
v 12 0
v 13 2
v 14 14
v 15 20
v 16 16
v 17 15
e 0 2 1
e 0 6 1
e 0 8 1
e 0 9 1
e 0 13 1
e 0 15 1
e 0 17 1
e 1 10 1
e 1 11 1
e 1 12 1
e 1 13 1
e 1 15 1
e 1 17 1
e 2 3 1
e 2 8 1
e 2 11 1
e 2 13 1
e 2 16 1
e 3 4 1
e 3 5 1
e 3 7 1
e 3 10 1
e 3 13 1
e 3 14 1
e 3 17 1
e 4 11 1
e 4 13 1
e 4 15 1
e 4 16 1
e 5 7 1
e 5 9 1
e 5 11 1
e 5 12 1
e 5 14 1
e 5 15 1
e 5 16 1
e 6 7 1
e 6 10 1
e 6 13 1
e 6 15 1
e 6 16 1
e 7 9 1
e 7 10 1
e 7 15 1
e 7 16 1
e 8 9 1
e 8 16 1
e 9 10 1
e 9 12 1
e 9 14 1
e 9 15 1
e 9 17 1
e 10 12 1
e 10 15 1
e 11 14 1
e 11 17 1
e 12 13 1
e 12 15 1
e 12 16 1
e 12 17 1
e 13 14 1
e 14 16 1
e 15 16 1
e 16 17 1
t # 1
v 0 21
v 1 16
v 2 10
v 3 15
v 4 5
v 5 3
v 6 13
v 7 19
v 8 1
v 9 6
v 10 14
v 11 12
v 12 20
v 13 8
v 14 4
v 15 17
v 16 7
v 17 0
e 0 3 1
e 0 4 1
e 0 5 1
e 0 7 1
e 0 8 1
e 0 9 1
e 0 10 1
e 0 11 1
e 0 15 1
e 0 16 1
e 1 2 1
e 1 3 1
e 1 4 1
e 1 5 1
e 1 6 1
e 1 8 1
e 1 9 1
e 1 13 1
e 1 17 1
e 2 5 1
e 2 7 1
e 2 10 1
e 2 11 1
e 2 12 1
e 2 15 1
e 3 4 1
e 3 7 1
e 3 8 1
e 3 12 1
e 3 13 1
e 3 14 1
e 3 15 1
e 3 17 1
e 4 5 1
e 4 7 1
e 4 8 1
e 4 9 1
e 4 12 1
e 4 15 1
e 4 16 1
e 4 17 1
e 5 6 1
e 5 9 1
e 5 10 1
e 5 12 1
e 5 13 1
e 5 14 1
e 5 16 1
e 5 17 1
e 6 8 1
e 6 10 1
e 6 12 1
e 6 16 1
e 7 8 1
e 7 9 1
e 7 11 1
e 7 12 1
e 8 9 1
e 8 10 1
e 8 12 1
e 8 13 1
e 8 15 1
e 8 17 1
e 9 10 1
e 9 11 1
e 9 13 1
e 9 16 1
e 10 11 1
e 10 12 1
e 10 14 1
e 10 16 1
e 11 13 1
e 11 14 1
e 11 15 1
e 11 17 1
e 12 13 1
e 12 15 1
e 13 17 1
e 14 15 1
e 14 16 1
e 14 17 1
e 15 16 1
t # 2
v 0 5
v 1 13
v 2 11
v 3 9
v 4 6
v 5 3
v 6 7
v 7 14
v 8 21
v 9 15
v 10 2
v 11 12
v 12 10
v 13 20
v 14 4
v 15 18
v 16 8
v 17 17
e 0 1 1
e 0 2 1
e 0 3 1
e 0 4 1
e 0 5 1
e 0 6 1
e 0 8 1
e 0 9 1
e 0 11 1
e 0 12 1
e 0 13 1
e 0 14 1
e 0 15 1
e 0 16 1
e 0 17 1
e 1 2 1
e 1 3 1
e 1 4 1
e 1 5 1
e 1 6 1
e 1 7 1
e 1 8 1
e 1 9 1
e 1 10 1
e 1 11 1
e 1 12 1
e 1 13 1
e 1 14 1
e 1 15 1
e 1 16 1
e 1 17 1
e 2 3 1
e 2 6 1
e 2 7 1
e 2 8 1
e 2 9 1
e 2 10 1
e 2 11 1
e 2 12 1
e 2 13 1
e 2 14 1
e 2 15 1
e 2 16 1
e 2 17 1
e 3 5 1
e 3 6 1
e 3 7 1
e 3 8 1
e 3 9 1
e 3 10 1
e 3 12 1
e 3 13 1
e 3 15 1
e 3 16 1
e 3 17 1
e 4 5 1
e 4 6 1
e 4 7 1
e 4 8 1
e 4 9 1
e 4 10 1
e 4 11 1
e 4 13 1
e 4 14 1
e 4 16 1
e 4 17 1
e 5 6 1
e 5 7 1
e 5 9 1
e 5 12 1
e 5 13 1
e 5 14 1
e 5 15 1
e 5 16 1
e 5 17 1
e 6 7 1
e 6 10 1
e 6 11 1
e 6 13 1
e 6 14 1
e 6 15 1
e 6 16 1
e 6 17 1
e 7 8 1
e 7 9 1
e 7 11 1
e 7 12 1
e 7 13 1
e 7 14 1
e 7 15 1
e 7 17 1
e 8 9 1
e 8 10 1
e 8 11 1
e 8 12 1
e 8 13 1
e 8 14 1
e 8 15 1
e 8 16 1
e 8 17 1
e 9 10 1
e 9 11 1
e 9 12 1
e 9 13 1
e 9 14 1
e 9 15 1
e 9 16 1
e 9 17 1
e 10 11 1
e 10 12 1
e 10 13 1
e 10 14 1
e 10 15 1
e 10 16 1
e 10 17 1
e 11 12 1
e 11 13 1
e 11 16 1
e 11 17 1
e 12 13 1
e 12 15 1
e 12 16 1
e 12 17 1
e 13 14 1
e 13 15 1
e 13 16 1
e 13 17 1
e 14 15 1
e 14 16 1
e 14 17 1
e 15 17 1
e 16 17 1
t # 3
v 0 6
v 1 1
v 2 12
v 3 19
v 4 16
v 5 15
v 6 10
v 7 11
v 8 0
v 9 3
v 10 4
v 11 2
v 12 21
v 13 17
v 14 7
v 15 20
v 16 14
v 17 13
v 18 9
v 19 5
v 20 8
e 0 1 1
e 0 2 1
e 0 3 1
e 0 4 1
e 0 5 1
e 0 6 1
e 0 8 1
e 0 9 1
e 0 10 1
e 0 11 1
e 0 12 1
e 0 13 1
e 0 14 1
e 0 15 1
e 0 16 1
e 0 17 1
e 0 18 1
e 0 19 1
e 1 2 1
e 1 3 1
e 1 4 1
e 1 5 1
e 1 6 1
e 1 7 1
e 1 8 1
e 1 9 1
e 1 10 1
e 1 12 1
e 1 13 1
e 1 14 1
e 1 15 1
e 1 16 1
e 1 17 1
e 1 18 1
e 1 19 1
e 1 20 1
e 2 3 1
e 2 4 1
e 2 5 1
e 2 6 1
e 2 8 1
e 2 9 1
e 2 10 1
e 2 11 1
e 2 12 1
e 2 13 1
e 2 15 1
e 2 16 1
e 2 17 1
e 2 18 1
e 2 19 1
e 3 4 1
e 3 5 1
e 3 6 1
e 3 7 1
e 3 10 1
e 3 11 1
e 3 12 1
e 3 13 1
e 3 14 1
e 3 15 1
e 3 16 1
e 3 17 1
e 3 18 1
e 3 19 1
e 3 20 1
e 4 5 1
e 4 6 1
e 4 7 1
e 4 9 1
e 4 10 1
e 4 11 1
e 4 12 1
e 4 13 1
e 4 14 1
e 4 15 1
e 4 16 1
e 4 17 1
e 4 19 1
e 4 20 1
e 5 7 1
e 5 8 1
e 5 9 1
e 5 10 1
e 5 11 1
e 5 12 1
e 5 13 1
e 5 14 1
e 5 15 1
e 5 16 1
e 5 17 1
e 5 18 1
e 5 19 1
e 5 20 1
e 6 7 1
e 6 8 1
e 6 10 1
e 6 11 1
e 6 12 1
e 6 13 1
e 6 14 1
e 6 16 1
e 6 17 1
e 6 18 1
e 6 19 1
e 6 20 1
e 7 9 1
e 7 10 1
e 7 11 1
e 7 12 1
e 7 14 1
e 7 15 1
e 7 16 1
e 7 17 1
e 7 18 1
e 7 19 1
e 7 20 1
e 8 9 1
e 8 10 1
e 8 11 1
e 8 12 1
e 8 13 1
e 8 14 1
e 8 15 1
e 8 16 1
e 8 17 1
e 8 18 1
e 8 19 1
e 8 20 1
e 9 10 1
e 9 12 1
e 9 13 1
e 9 16 1
e 9 17 1
e 9 18 1
e 9 19 1
e 9 20 1
e 10 11 1
e 10 12 1
e 10 13 1
e 10 14 1
e 10 16 1
e 10 17 1
e 10 18 1
e 10 19 1
e 10 20 1
e 11 12 1
e 11 14 1
e 11 16 1
e 11 17 1
e 11 18 1
e 11 20 1
e 12 14 1
e 12 15 1
e 12 16 1
e 12 17 1
e 12 18 1
e 12 19 1
e 12 20 1
e 13 14 1
e 13 16 1
e 13 17 1
e 13 18 1
e 13 19 1
e 13 20 1
e 14 15 1
e 14 16 1
e 14 17 1
e 14 18 1
e 14 19 1
e 14 20 1
e 15 16 1
e 15 17 1
e 15 18 1
e 15 19 1
e 15 20 1
e 16 18 1
e 16 19 1
e 16 20 1
e 17 18 1
e 17 19 1
e 18 19 1
e 18 20 1
e 19 20 1
t # 4
v 0 18
v 1 6
v 2 20
v 3 2
v 4 14
v 5 16
v 6 21
v 7 8
v 8 0
v 9 11
v 10 17
v 11 7
v 12 15
v 13 19
v 14 9
v 15 5
v 16 12
v 17 4
v 18 1
e 0 2 1
e 0 3 1
e 0 4 1
e 0 5 1
e 0 6 1
e 0 7 1
e 0 8 1
e 0 10 1
e 0 11 1
e 0 12 1
e 0 13 1
e 0 14 1
e 0 15 1
e 0 16 1
e 0 17 1
e 0 18 1
e 1 2 1
e 1 3 1
e 1 4 1
e 1 6 1
e 1 7 1
e 1 8 1
e 1 9 1
e 1 10 1
e 1 11 1
e 1 12 1
e 1 13 1
e 1 14 1
e 1 15 1
e 1 16 1
e 1 17 1
e 2 3 1
e 2 4 1
e 2 5 1
e 2 6 1
e 2 7 1
e 2 8 1
e 2 9 1
e 2 11 1
e 2 12 1
e 2 13 1
e 2 16 1
e 2 17 1
e 3 5 1
e 3 6 1
e 3 7 1
e 3 8 1
e 3 9 1
e 3 10 1
e 3 11 1
e 3 12 1
e 3 13 1
e 3 14 1
e 3 15 1
e 3 16 1
e 3 17 1
e 3 18 1
e 4 5 1
e 4 6 1
e 4 7 1
e 4 8 1
e 4 10 1
e 4 11 1
e 4 12 1
e 4 13 1
e 4 15 1
e 4 16 1
e 4 17 1
e 5 6 1
e 5 7 1
e 5 8 1
e 5 9 1
e 5 10 1
e 5 11 1
e 5 13 1
e 5 14 1
e 5 15 1
e 5 16 1
e 5 17 1
e 5 18 1
e 6 7 1
e 6 8 1
e 6 9 1
e 6 11 1
e 6 12 1
e 6 13 1
e 6 14 1
e 6 15 1
e 6 16 1
e 6 17 1
e 6 18 1
e 7 8 1
e 7 9 1
e 7 10 1
e 7 11 1
e 7 12 1
e 7 13 1
e 7 14 1
e 7 16 1
e 7 17 1
e 7 18 1
e 8 10 1
e 8 11 1
e 8 12 1
e 8 13 1
e 8 14 1
e 8 16 1
e 8 17 1
e 8 18 1
e 9 10 1
e 9 11 1
e 9 12 1
e 9 13 1
e 9 14 1
e 9 15 1
e 9 16 1
e 9 17 1
e 10 11 1
e 10 12 1
e 10 13 1
e 10 16 1
e 10 18 1
e 11 12 1
e 11 13 1
e 11 14 1
e 11 16 1
e 11 17 1
e 11 18 1
e 12 14 1
e 12 15 1
e 12 16 1
e 12 17 1
e 12 18 1
e 13 14 1
e 13 15 1
e 13 16 1
e 13 17 1
e 14 15 1
e 14 16 1
e 14 17 1
e 14 18 1
e 15 16 1
e 15 18 1
e 16 17 1
e 17 18 1
t # 5
v 0 18
v 1 5
v 2 15
v 3 14
v 4 10
v 5 12
v 6 17
v 7 1
v 8 6
v 9 7
v 10 21
v 11 8
v 12 11
v 13 9
v 14 13
e 0 7 1
e 0 8 1
e 0 9 1
e 0 12 1
e 1 7 1
e 1 9 1
e 1 12 1
e 1 13 1
e 2 10 1
e 2 11 1
e 2 13 1
e 2 14 1
e 3 4 1
e 3 6 1
e 3 7 1
e 3 9 1
e 4 7 1
e 4 9 1
e 4 12 1
e 4 13 1
e 4 14 1
e 5 6 1
e 5 9 1
e 5 11 1
e 5 13 1
e 6 11 1
e 6 12 1
e 6 13 1
e 6 14 1
e 7 9 1
e 7 14 1
e 8 11 1
e 8 12 1
e 8 14 1
e 9 12 1
e 10 12 1
e 10 14 1
e 11 14 1
t # 6
v 0 18
v 1 0
v 2 3
v 3 7
v 4 12
v 5 13
v 6 17
v 7 20
v 8 1
v 9 19
v 10 14
v 11 16
v 12 4
v 13 21
v 14 5
e 0 4 1
e 0 5 1
e 0 7 1
e 1 10 1
e 1 11 1
e 1 14 1
e 2 6 1
e 2 9 1
e 2 11 1
e 2 12 1
e 2 14 1
e 3 4 1
e 3 5 1
e 3 8 1
e 3 9 1
e 3 11 1
e 3 13 1
e 4 5 1
e 4 9 1
e 4 10 1
e 4 13 1
e 4 14 1
e 5 8 1
e 5 9 1
e 5 12 1
e 5 13 1
e 5 14 1
e 6 7 1
e 6 14 1
e 7 8 1
e 7 9 1
e 7 11 1
e 7 12 1
e 8 13 1
e 8 14 1
e 9 11 1
e 9 14 1
e 10 13 1
e 11 12 1
t # 7
v 0 4
v 1 20
v 2 18
v 3 10
v 4 13
v 5 3
v 6 19
v 7 2
v 8 14
v 9 0
v 10 1
v 11 17
v 12 11
v 13 5
v 14 21
v 15 15
e 0 4 1
e 0 5 1
e 0 6 1
e 0 8 1
e 0 12 1
e 0 13 1
e 1 4 1
e 1 5 1
e 1 7 1
e 1 9 1
e 1 11 1
e 1 13 1
e 1 15 1
e 2 6 1
e 2 9 1
e 2 10 1
e 2 12 1
e 2 15 1
e 3 6 1
e 3 8 1
e 3 9 1
e 3 11 1
e 3 13 1
e 4 5 1
e 4 7 1
e 4 8 1
e 4 9 1
e 4 10 1
e 4 11 1
e 5 13 1
e 5 14 1
e 6 7 1
e 6 8 1
e 6 10 1
e 6 12 1
e 7 10 1
e 7 12 1
e 7 15 1
e 8 10 1
e 8 11 1
e 8 13 1
e 9 12 1
e 9 14 1
e 9 15 1
e 10 11 1
e 10 13 1
e 10 14 1
e 10 15 1
e 11 14 1
e 11 15 1
e 12 14 1
e 13 15 1
t # 8
v 0 4
v 1 1
v 2 11
v 3 9
v 4 6
v 5 10
v 6 12
v 7 19
v 8 17
v 9 13
v 10 15
v 11 14
v 12 21
v 13 0
v 14 3
e 0 4 1
e 0 5 1
e 1 2 1
e 1 6 1
e 1 10 1
e 2 5 1
e 2 6 1
e 3 8 1
e 3 11 1
e 3 12 1
e 4 9 1
e 4 10 1
e 5 8 1
e 5 10 1
e 5 11 1
e 5 12 1
e 5 14 1
e 6 9 1
e 7 10 1
e 8 13 1
e 8 14 1
e 9 11 1
e 9 12 1
e 9 13 1
e 10 13 1
e 12 13 1
t # 9
v 0 2
v 1 18
v 2 3
v 3 15
v 4 4
v 5 20
v 6 10
v 7 0
v 8 7
v 9 21
v 10 17
v 11 16
v 12 19
v 13 9
v 14 11
v 15 12
v 16 14
e 0 1 1
e 0 2 1
e 0 9 1
e 0 13 1
e 0 16 1
e 1 3 1
e 1 8 1
e 1 13 1
e 1 15 1
e 1 16 1
e 2 5 1
e 2 9 1
e 3 6 1
e 4 12 1
e 5 7 1
e 6 14 1
e 6 15 1
e 7 10 1
e 7 11 1
e 7 12 1
e 7 16 1
e 8 12 1
e 11 12 1
e 11 13 1
e 11 14 1
e 11 15 1
e 12 14 1
e 12 16 1
t # 10
v 0 21
v 1 6
v 2 17
v 3 9
v 4 14
v 5 10
v 6 5
v 7 4
v 8 16
v 9 3
v 10 0
v 11 15
v 12 11
v 13 20
v 14 19
e 0 1 1
e 0 2 1
e 0 3 1
e 0 7 1
e 0 10 1
e 0 13 1
e 0 14 1
e 1 2 1
e 1 3 1
e 1 5 1
e 1 9 1
e 1 10 1
e 1 12 1
e 1 14 1
e 2 5 1
e 2 6 1
e 3 4 1
e 3 5 1
e 3 7 1
e 3 8 1
e 3 9 1
e 3 14 1
e 4 5 1
e 4 9 1
e 4 11 1
e 4 13 1
e 5 7 1
e 5 8 1
e 5 10 1
e 5 11 1
e 5 12 1
e 6 9 1
e 6 10 1
e 6 12 1
e 6 13 1
e 6 14 1
e 7 8 1
e 7 9 1
e 7 13 1
e 8 9 1
e 8 10 1
e 8 11 1
e 8 12 1
e 9 10 1
e 9 11 1
e 9 13 1
e 10 12 1
e 10 13 1
e 11 14 1
e 12 14 1
t # 11
v 0 16
v 1 14
v 2 9
v 3 21
v 4 18
v 5 17
v 6 10
v 7 11
v 8 12
v 9 15
v 10 19
v 11 5
v 12 1
v 13 8
v 14 4
e 0 1 1
e 0 2 1
e 0 3 1
e 0 4 1
e 0 8 1
e 0 9 1
e 0 10 1
e 0 12 1
e 0 13 1
e 0 14 1
e 1 2 1
e 1 4 1
e 1 6 1
e 1 8 1
e 1 10 1
e 1 12 1
e 1 13 1
e 2 3 1
e 2 4 1
e 2 5 1
e 2 6 1
e 2 7 1
e 2 8 1
e 2 9 1
e 2 13 1
e 2 14 1
e 3 4 1
e 3 5 1
e 3 6 1
e 3 7 1
e 3 8 1
e 3 11 1
e 4 5 1
e 4 7 1
e 4 9 1
e 4 10 1
e 4 11 1
e 5 6 1
e 5 8 1
e 5 11 1
e 5 12 1
e 5 13 1
e 5 14 1
e 6 8 1
e 6 9 1
e 6 11 1
e 6 14 1
e 7 10 1
e 7 13 1
e 7 14 1
e 8 9 1
e 8 10 1
e 8 11 1
e 8 12 1
e 8 13 1
e 8 14 1
e 9 13 1
e 9 14 1
e 10 13 1
e 10 14 1
e 11 12 1
e 11 13 1
e 12 13 1
t # 12
v 0 19
v 1 14
v 2 0
v 3 3
v 4 20
v 5 12
v 6 8
v 7 1
v 8 16
v 9 5
v 10 4
v 11 17
v 12 10
v 13 13
v 14 18
v 15 2
v 16 6
e 0 2 1
e 0 3 1
e 0 4 1
e 0 5 1
e 0 7 1
e 0 10 1
e 0 12 1
e 0 13 1
e 0 14 1
e 0 15 1
e 1 3 1
e 1 6 1
e 1 7 1
e 1 8 1
e 1 10 1
e 1 11 1
e 1 16 1
e 2 3 1
e 2 4 1
e 2 7 1
e 2 8 1
e 2 14 1
e 2 15 1
e 3 4 1
e 3 8 1
e 3 9 1
e 3 10 1
e 3 11 1
e 4 6 1
e 4 7 1
e 4 9 1
e 4 10 1
e 4 14 1
e 5 7 1
e 5 9 1
e 5 10 1
e 5 11 1
e 5 14 1
e 5 15 1
e 5 16 1
e 6 7 1
e 6 8 1
e 6 9 1
e 6 14 1
e 6 15 1
e 7 8 1
e 7 10 1
e 7 11 1
e 8 10 1
e 8 11 1
e 8 14 1
e 9 10 1
e 9 11 1
e 9 13 1
e 9 14 1
e 9 15 1
e 10 12 1
e 10 13 1
e 10 14 1
e 10 15 1
e 11 14 1
e 12 13 1
e 12 16 1
e 14 15 1
e 15 16 1
t # 13
v 0 21
v 1 10
v 2 15
v 3 1
v 4 12
v 5 17
v 6 14
v 7 11
v 8 8
v 9 2
v 10 5
v 11 0
v 12 19
v 13 3
v 14 16
v 15 20
v 16 7
v 17 4
v 18 18
v 19 9
e 0 2 1
e 0 4 1
e 0 5 1
e 0 7 1
e 0 11 1
e 0 12 1
e 0 13 1
e 0 14 1
e 0 18 1
e 1 5 1
e 1 9 1
e 1 12 1
e 1 13 1
e 1 14 1
e 1 15 1
e 1 16 1
e 1 17 1
e 1 18 1
e 1 19 1
e 2 3 1
e 2 4 1
e 2 5 1
e 2 6 1
e 2 7 1
e 2 8 1
e 2 9 1
e 2 11 1
e 2 12 1
e 2 13 1
e 2 14 1
e 2 17 1
e 2 18 1
e 3 4 1
e 3 6 1
e 3 8 1
e 3 9 1
e 3 10 1
e 3 11 1
e 3 16 1
e 3 17 1
e 4 5 1
e 4 6 1
e 4 12 1
e 4 15 1
e 4 18 1
e 5 6 1
e 5 7 1
e 5 8 1
e 5 9 1
e 5 11 1
e 5 12 1
e 5 14 1
e 5 15 1
e 5 16 1
e 5 17 1
e 5 18 1
e 6 12 1
e 6 13 1
e 6 14 1
e 6 16 1
e 6 17 1
e 6 19 1
e 7 8 1
e 7 9 1
e 7 11 1
e 7 12 1
e 7 14 1
e 7 15 1
e 7 17 1
e 7 18 1
e 7 19 1
e 8 9 1
e 8 10 1
e 8 11 1
e 8 13 1
e 8 14 1
e 8 15 1
e 8 16 1
e 8 17 1
e 9 10 1
e 9 12 1
e 9 13 1
e 9 14 1
e 9 16 1
e 9 17 1
e 9 19 1
e 10 14 1
e 10 15 1
e 10 16 1
e 10 17 1
e 11 13 1
e 11 14 1
e 11 15 1
e 11 18 1
e 11 19 1
e 12 15 1
e 12 16 1
e 12 17 1
e 12 18 1
e 12 19 1
e 13 14 1
e 13 15 1
e 13 18 1
e 13 19 1
e 14 15 1
e 14 16 1
e 14 17 1
e 14 18 1
e 15 16 1
e 15 19 1
e 16 18 1
e 16 19 1
e 17 18 1
e 17 19 1
e 18 19 1
t # 14
v 0 4
v 1 0
v 2 10
v 3 12
v 4 7
v 5 11
v 6 17
v 7 15
v 8 18
v 9 21
v 10 5
v 11 16
v 12 2
v 13 9
v 14 8
v 15 1
v 16 20
v 17 6
v 18 13
e 0 1 1
e 0 2 1
e 0 3 1
e 0 4 1
e 0 5 1
e 0 7 1
e 0 8 1
e 0 9 1
e 0 10 1
e 0 11 1
e 0 12 1
e 0 14 1
e 0 15 1
e 0 16 1
e 0 17 1
e 1 2 1
e 1 3 1
e 1 4 1
e 1 5 1
e 1 6 1
e 1 7 1
e 1 8 1
e 1 9 1
e 1 10 1
e 1 12 1
e 1 13 1
e 1 16 1
e 1 17 1
e 1 18 1
e 2 3 1
e 2 4 1
e 2 5 1
e 2 6 1
e 2 7 1
e 2 8 1
e 2 9 1
e 2 10 1
e 2 11 1
e 2 12 1
e 2 13 1
e 2 14 1
e 2 15 1
e 2 16 1
e 2 18 1
e 3 4 1
e 3 5 1
e 3 6 1
e 3 7 1
e 3 8 1
e 3 9 1
e 3 10 1
e 3 11 1
e 3 12 1
e 3 13 1
e 3 14 1
e 3 15 1
e 3 16 1
e 3 17 1
e 4 5 1
e 4 7 1
e 4 9 1
e 4 10 1
e 4 11 1
e 4 13 1
e 4 14 1
e 4 16 1
e 4 17 1
e 4 18 1
e 5 6 1
e 5 7 1
e 5 8 1
e 5 9 1
e 5 10 1
e 5 11 1
e 5 12 1
e 5 14 1
e 5 15 1
e 5 16 1
e 5 17 1
e 5 18 1
e 6 7 1
e 6 9 1
e 6 10 1
e 6 11 1
e 6 12 1
e 6 13 1
e 6 15 1
e 6 16 1
e 6 17 1
e 6 18 1
e 7 8 1
e 7 9 1
e 7 10 1
e 7 11 1
e 7 12 1
e 7 13 1
e 7 14 1
e 7 16 1
e 7 17 1
e 7 18 1
e 8 9 1
e 8 10 1
e 8 11 1
e 8 12 1
e 8 13 1
e 8 14 1
e 8 15 1
e 8 16 1
e 8 17 1
e 8 18 1
e 9 10 1
e 9 11 1
e 9 12 1
e 9 13 1
e 9 14 1
e 9 15 1
e 9 16 1
e 9 17 1
e 9 18 1
e 10 11 1
e 10 12 1
e 10 13 1
e 10 14 1
e 10 16 1
e 10 17 1
e 10 18 1
e 11 12 1
e 11 13 1
e 11 14 1
e 11 15 1
e 11 16 1
e 11 17 1
e 11 18 1
e 12 13 1
e 12 14 1
e 12 15 1
e 12 16 1
e 12 17 1
e 12 18 1
e 13 14 1
e 13 16 1
e 13 17 1
e 13 18 1
e 14 15 1
e 14 17 1
e 14 18 1
e 15 17 1
e 15 18 1
e 16 17 1
e 16 18 1
e 17 18 1
t # 15
v 0 8
v 1 20
v 2 11
v 3 13
v 4 18
v 5 15
v 6 9
v 7 7
v 8 12
v 9 4
v 10 2
v 11 19
v 12 5
v 13 10
v 14 6
v 15 17
e 0 1 1
e 0 3 1
e 0 7 1
e 0 9 1
e 0 11 1
e 0 14 1
e 1 3 1
e 1 5 1
e 1 6 1
e 1 9 1
e 1 11 1
e 1 12 1
e 2 4 1
e 2 5 1
e 2 15 1
e 3 4 1
e 3 5 1
e 3 7 1
e 3 9 1
e 3 12 1
e 4 7 1
e 4 9 1
e 4 12 1
e 4 15 1
e 5 6 1
e 5 7 1
e 5 8 1
e 5 9 1
e 5 12 1
e 5 14 1
e 6 10 1
e 6 13 1
e 6 14 1
e 7 8 1
e 7 9 1
e 7 10 1
e 7 11 1
e 7 12 1
e 8 12 1
e 8 13 1
e 9 13 1
e 9 14 1
e 10 11 1
e 10 12 1
e 10 13 1
e 10 15 1
e 11 12 1
e 11 13 1
e 11 14 1
e 14 15 1
t # 16
v 0 17
v 1 10
v 2 7
v 3 4
v 4 0
v 5 3
v 6 19
v 7 15
v 8 18
v 9 1
v 10 16
v 11 11
v 12 12
v 13 20
v 14 13
v 15 14
v 16 21
e 0 3 1
e 0 5 1
e 0 7 1
e 0 8 1
e 0 10 1
e 0 11 1
e 0 12 1
e 0 13 1
e 1 2 1
e 1 3 1
e 1 4 1
e 1 5 1
e 1 6 1
e 1 8 1
e 1 11 1
e 1 13 1
e 1 16 1
e 2 3 1
e 2 6 1
e 2 9 1
e 2 11 1
e 2 12 1
e 2 13 1
e 2 16 1
e 3 4 1
e 3 5 1
e 3 6 1
e 3 7 1
e 3 8 1
e 3 10 1
e 3 14 1
e 4 6 1
e 4 8 1
e 4 9 1
e 4 11 1
e 4 13 1
e 4 16 1
e 5 7 1
e 5 10 1
e 5 13 1
e 5 15 1
e 6 7 1
e 6 13 1
e 6 14 1
e 6 15 1
e 7 11 1
e 7 12 1
e 7 16 1
e 8 9 1
e 8 10 1
e 8 11 1
e 8 13 1
e 8 15 1
e 9 12 1
e 9 14 1
e 9 15 1
e 10 11 1
e 10 13 1
e 10 15 1
e 10 16 1
e 11 14 1
e 11 16 1
e 12 13 1
e 12 14 1
e 13 15 1
e 14 16 1
t # 17
v 0 9
v 1 17
v 2 12
v 3 4
v 4 16
v 5 0
v 6 8
v 7 21
v 8 6
v 9 10
v 10 7
v 11 18
v 12 19
v 13 13
v 14 2
v 15 15
v 16 20
v 17 11
v 18 14
v 19 1
e 0 1 1
e 0 2 1
e 0 3 1
e 0 4 1
e 0 5 1
e 0 6 1
e 0 7 1
e 0 8 1
e 0 9 1
e 0 10 1
e 0 11 1
e 0 12 1
e 0 13 1
e 0 14 1
e 0 15 1
e 0 17 1
e 0 18 1
e 1 2 1
e 1 3 1
e 1 4 1
e 1 5 1
e 1 6 1
e 1 7 1
e 1 8 1
e 1 9 1
e 1 10 1
e 1 11 1
e 1 12 1
e 1 13 1
e 1 14 1
e 1 15 1
e 1 16 1
e 1 17 1
e 1 18 1
e 1 19 1
e 2 3 1
e 2 4 1
e 2 5 1
e 2 6 1
e 2 7 1
e 2 8 1
e 2 9 1
e 2 10 1
e 2 11 1
e 2 12 1
e 2 13 1
e 2 14 1
e 2 15 1
e 2 16 1
e 2 17 1
e 2 18 1
e 2 19 1
e 3 4 1
e 3 5 1
e 3 6 1
e 3 7 1
e 3 8 1
e 3 9 1
e 3 10 1
e 3 11 1
e 3 12 1
e 3 13 1
e 3 14 1
e 3 15 1
e 3 16 1
e 3 17 1
e 3 18 1
e 3 19 1
e 4 5 1
e 4 6 1
e 4 7 1
e 4 8 1
e 4 9 1
e 4 10 1
e 4 11 1
e 4 12 1
e 4 13 1
e 4 14 1
e 4 15 1
e 4 16 1
e 4 17 1
e 4 18 1
e 4 19 1
e 5 6 1
e 5 7 1
e 5 8 1
e 5 9 1
e 5 10 1
e 5 11 1
e 5 12 1
e 5 13 1
e 5 14 1
e 5 15 1
e 5 16 1
e 5 17 1
e 5 18 1
e 5 19 1
e 6 7 1
e 6 8 1
e 6 9 1
e 6 10 1
e 6 11 1
e 6 12 1
e 6 13 1
e 6 15 1
e 6 16 1
e 6 17 1
e 6 18 1
e 6 19 1
e 7 8 1
e 7 9 1
e 7 10 1
e 7 11 1
e 7 12 1
e 7 13 1
e 7 14 1
e 7 15 1
e 7 16 1
e 7 17 1
e 7 18 1
e 7 19 1
e 8 9 1
e 8 10 1
e 8 11 1
e 8 12 1
e 8 13 1
e 8 14 1
e 8 15 1
e 8 16 1
e 8 18 1
e 8 19 1
e 9 10 1
e 9 11 1
e 9 12 1
e 9 13 1
e 9 14 1
e 9 15 1
e 9 16 1
e 9 17 1
e 9 18 1
e 10 11 1
e 10 12 1
e 10 13 1
e 10 14 1
e 10 15 1
e 10 16 1
e 10 17 1
e 10 18 1
e 10 19 1
e 11 12 1
e 11 13 1
e 11 14 1
e 11 15 1
e 11 16 1
e 11 17 1
e 11 18 1
e 11 19 1
e 12 13 1
e 12 14 1
e 12 15 1
e 12 16 1
e 12 17 1
e 12 18 1
e 12 19 1
e 13 14 1
e 13 15 1
e 13 16 1
e 13 17 1
e 13 18 1
e 13 19 1
e 14 15 1
e 14 16 1
e 14 17 1
e 14 18 1
e 14 19 1
e 15 16 1
e 15 17 1
e 15 18 1
e 15 19 1
e 16 17 1
e 16 18 1
e 16 19 1
e 17 18 1
e 17 19 1
e 18 19 1
t # 18
v 0 0
v 1 6
v 2 15
v 3 7
v 4 4
v 5 16
v 6 20
v 7 13
v 8 21
v 9 5
v 10 1
v 11 12
v 12 17
v 13 11
v 14 18
v 15 3
v 16 10
v 17 19
v 18 14
v 19 8
e 0 1 1
e 0 4 1
e 0 5 1
e 0 6 1
e 0 8 1
e 0 12 1
e 0 13 1
e 0 14 1
e 0 15 1
e 0 16 1
e 0 18 1
e 0 19 1
e 1 3 1
e 1 4 1
e 1 5 1
e 1 8 1
e 1 9 1
e 1 11 1
e 1 14 1
e 1 15 1
e 1 16 1
e 1 17 1
e 2 4 1
e 2 5 1
e 2 6 1
e 2 7 1
e 2 9 1
e 2 10 1
e 2 11 1
e 2 14 1
e 2 15 1
e 2 16 1
e 2 18 1
e 2 19 1
e 3 4 1
e 3 6 1
e 3 7 1
e 3 11 1
e 3 12 1
e 3 13 1
e 3 15 1
e 3 16 1
e 3 17 1
e 3 18 1
e 3 19 1
e 4 7 1
e 4 8 1
e 4 10 1
e 4 14 1
e 4 18 1
e 5 7 1
e 5 8 1
e 5 9 1
e 5 17 1
e 5 19 1
e 6 7 1
e 6 8 1
e 6 10 1
e 6 11 1
e 6 15 1
e 6 18 1
e 7 8 1
e 7 9 1
e 7 10 1
e 7 11 1
e 7 12 1
e 7 13 1
e 7 15 1
e 7 16 1
e 7 17 1
e 7 19 1
e 8 9 1
e 8 11 1
e 8 12 1
e 8 16 1
e 8 18 1
e 8 19 1
e 9 12 1
e 9 13 1
e 9 14 1
e 9 17 1
e 9 18 1
e 10 12 1
e 10 13 1
e 10 15 1
e 10 16 1
e 10 19 1
e 11 12 1
e 11 13 1
e 11 15 1
e 11 16 1
e 11 17 1
e 12 13 1
e 12 16 1
e 12 18 1
e 13 14 1
e 13 15 1
e 14 15 1
e 14 16 1
e 14 17 1
e 16 17 1
e 18 19 1
t # 19
v 0 13
v 1 2
v 2 1
v 3 19
v 4 9
v 5 16
v 6 7
v 7 20
v 8 17
v 9 6
v 10 15
v 11 3
v 12 5
v 13 11
v 14 14
v 15 21
v 16 4
v 17 10
e 0 1 1
e 0 2 1
e 0 3 1
e 0 4 1
e 0 5 1
e 0 6 1
e 0 7 1
e 0 8 1
e 0 9 1
e 0 10 1
e 0 11 1
e 0 13 1
e 0 14 1
e 0 15 1
e 0 16 1
e 0 17 1
e 1 2 1
e 1 3 1
e 1 4 1
e 1 5 1
e 1 6 1
e 1 7 1
e 1 8 1
e 1 9 1
e 1 10 1
e 1 11 1
e 1 12 1
e 1 13 1
e 1 14 1
e 1 15 1
e 1 16 1
e 1 17 1
e 2 3 1
e 2 4 1
e 2 5 1
e 2 6 1
e 2 7 1
e 2 8 1
e 2 9 1
e 2 10 1
e 2 11 1
e 2 12 1
e 2 13 1
e 2 14 1
e 2 15 1
e 2 16 1
e 2 17 1
e 3 4 1
e 3 5 1
e 3 6 1
e 3 7 1
e 3 8 1
e 3 9 1
e 3 10 1
e 3 11 1
e 3 12 1
e 3 13 1
e 3 14 1
e 3 15 1
e 3 16 1
e 3 17 1
e 4 5 1
e 4 6 1
e 4 7 1
e 4 8 1
e 4 9 1
e 4 10 1
e 4 11 1
e 4 12 1
e 4 13 1
e 4 14 1
e 4 15 1
e 4 16 1
e 4 17 1
e 5 6 1
e 5 7 1
e 5 8 1
e 5 9 1
e 5 10 1
e 5 11 1
e 5 12 1
e 5 13 1
e 5 14 1
e 5 16 1
e 5 17 1
e 6 7 1
e 6 8 1
e 6 9 1
e 6 10 1
e 6 11 1
e 6 12 1
e 6 13 1
e 6 14 1
e 6 15 1
e 6 16 1
e 6 17 1
e 7 8 1
e 7 9 1
e 7 10 1
e 7 11 1
e 7 12 1
e 7 13 1
e 7 14 1
e 7 15 1
e 7 16 1
e 7 17 1
e 8 9 1
e 8 10 1
e 8 11 1
e 8 12 1
e 8 13 1
e 8 14 1
e 8 15 1
e 8 16 1
e 8 17 1
e 9 10 1
e 9 11 1
e 9 12 1
e 9 13 1
e 9 14 1
e 9 15 1
e 9 16 1
e 9 17 1
e 10 11 1
e 10 12 1
e 10 13 1
e 10 14 1
e 10 15 1
e 10 16 1
e 10 17 1
e 11 12 1
e 11 13 1
e 11 14 1
e 11 15 1
e 11 16 1
e 11 17 1
e 12 13 1
e 12 14 1
e 12 15 1
e 12 16 1
e 12 17 1
e 13 14 1
e 13 15 1
e 13 16 1
e 13 17 1
e 14 15 1
e 14 16 1
e 14 17 1
e 15 16 1
e 15 17 1
e 16 17 1
t # 20
v 0 16
v 1 0
v 2 21
v 3 7
v 4 8
v 5 12
v 6 13
v 7 6
v 8 15
v 9 1
v 10 3
v 11 18
v 12 2
v 13 5
v 14 4
v 15 19
v 16 11
v 17 10
v 18 14
v 19 20
v 20 17
e 0 1 1
e 0 2 1
e 0 3 1
e 0 6 1
e 0 8 1
e 0 15 1
e 0 16 1
e 0 17 1
e 0 18 1
e 0 19 1
e 1 2 1
e 1 4 1
e 1 6 1
e 1 8 1
e 1 10 1
e 1 11 1
e 1 13 1
e 1 14 1
e 1 16 1
e 1 18 1
e 1 20 1
e 2 5 1
e 2 6 1
e 2 8 1
e 2 9 1
e 2 12 1
e 2 15 1
e 2 16 1
e 2 17 1
e 2 18 1
e 3 7 1
e 3 9 1
e 3 12 1
e 3 14 1
e 3 16 1
e 3 18 1
e 3 19 1
e 4 5 1
e 4 8 1
e 4 10 1
e 4 11 1
e 4 12 1
e 4 13 1
e 4 14 1
e 4 15 1
e 4 16 1
e 4 20 1
e 5 6 1
e 5 7 1
e 5 8 1
e 5 10 1
e 5 11 1
e 5 12 1
e 5 13 1
e 5 16 1
e 5 17 1
e 6 7 1
e 6 8 1
e 6 13 1
e 6 14 1
e 6 15 1
e 6 17 1
e 6 18 1
e 6 19 1
e 7 9 1
e 7 12 1
e 7 14 1
e 7 15 1
e 7 16 1
e 7 18 1
e 7 20 1
e 8 12 1
e 8 13 1
e 8 14 1
e 8 15 1
e 8 16 1
e 8 18 1
e 8 20 1
e 9 10 1
e 9 11 1
e 9 13 1
e 9 16 1
e 9 17 1
e 9 18 1
e 10 11 1
e 10 12 1
e 10 13 1
e 10 16 1
e 10 19 1
e 11 13 1
e 11 16 1
e 11 17 1
e 11 18 1
e 11 20 1
e 12 13 1
e 12 16 1
e 12 19 1
e 13 14 1
e 13 17 1
e 14 17 1
e 14 19 1
e 14 20 1
e 15 17 1
e 15 18 1
e 16 17 1
e 16 19 1
e 16 20 1
e 17 18 1
e 17 19 1
e 17 20 1
e 18 19 1
e 19 20 1
t # 21
v 0 1
v 1 20
v 2 11
v 3 8
v 4 17
v 5 9
v 6 7
v 7 21
v 8 3
v 9 4
v 10 2
v 11 12
v 12 19
v 13 0
v 14 16
e 0 1 1
e 0 2 1
e 0 3 1
e 0 4 1
e 0 5 1
e 0 6 1
e 0 7 1
e 0 8 1
e 0 9 1
e 0 10 1
e 0 11 1
e 0 12 1
e 0 13 1
e 1 3 1
e 1 4 1
e 1 5 1
e 1 7 1
e 1 10 1
e 1 11 1
e 1 12 1
e 1 14 1
e 2 5 1
e 2 7 1
e 2 8 1
e 2 9 1
e 2 12 1
e 2 13 1
e 2 14 1
e 3 5 1
e 3 8 1
e 3 10 1
e 3 11 1
e 3 13 1
e 3 14 1
e 4 5 1
e 4 6 1
e 4 8 1
e 4 9 1
e 4 10 1
e 4 11 1
e 4 12 1
e 4 14 1
e 5 12 1
e 5 13 1
e 6 7 1
e 6 8 1
e 6 9 1
e 6 10 1
e 6 13 1
e 6 14 1
e 7 8 1
e 7 11 1
e 7 14 1
e 8 9 1
e 8 11 1
e 8 12 1
e 8 13 1
e 8 14 1
e 9 10 1
e 9 11 1
e 10 11 1
e 10 13 1
e 10 14 1
e 11 12 1
e 11 14 1
e 12 13 1
t # 22
v 0 1
v 1 11
v 2 20
v 3 4
v 4 15
v 5 13
v 6 5
v 7 10
v 8 14
v 9 9
v 10 17
v 11 0
v 12 12
v 13 2
v 14 8
v 15 21
v 16 7
v 17 19
e 0 1 1
e 0 3 1
e 0 4 1
e 0 5 1
e 0 6 1
e 0 8 1
e 0 9 1
e 0 12 1
e 0 16 1
e 1 3 1
e 1 4 1
e 1 5 1
e 1 6 1
e 1 7 1
e 1 9 1
e 1 10 1
e 1 12 1
e 1 14 1
e 1 17 1
e 2 4 1
e 2 5 1
e 2 6 1
e 2 7 1
e 2 9 1
e 2 11 1
e 2 12 1
e 2 13 1
e 2 14 1
e 2 15 1
e 2 16 1
e 3 4 1
e 3 5 1
e 3 6 1
e 3 7 1
e 3 9 1
e 3 11 1
e 3 13 1
e 3 15 1
e 3 17 1
e 4 7 1
e 4 9 1
e 4 10 1
e 4 11 1
e 4 12 1
e 4 13 1
e 4 14 1
e 4 15 1
e 4 16 1
e 5 6 1
e 5 7 1
e 5 8 1
e 5 9 1
e 5 10 1
e 5 11 1
e 5 12 1
e 5 13 1
e 5 14 1
e 5 16 1
e 6 7 1
e 6 8 1
e 6 9 1
e 6 10 1
e 6 11 1
e 6 13 1
e 6 14 1
e 6 17 1
e 7 8 1
e 7 11 1
e 7 12 1
e 7 13 1
e 7 15 1
e 7 16 1
e 7 17 1
e 8 9 1
e 8 10 1
e 8 11 1
e 8 12 1
e 8 13 1
e 8 14 1
e 8 15 1
e 8 16 1
e 9 10 1
e 9 12 1
e 9 14 1
e 9 15 1
e 9 16 1
e 9 17 1
e 10 11 1
e 10 15 1
e 10 17 1
e 11 12 1
e 11 14 1
e 11 15 1
e 11 17 1
e 12 13 1
e 12 15 1
e 12 17 1
e 13 14 1
e 13 15 1
e 13 16 1
e 13 17 1
e 14 15 1
e 15 16 1
t # 23
v 0 10
v 1 1
v 2 17
v 3 6
v 4 3
v 5 16
v 6 12
v 7 11
v 8 9
v 9 21
v 10 2
v 11 15
v 12 19
v 13 5
v 14 8
v 15 13
v 16 0
v 17 20
v 18 4
v 19 7
e 0 4 1
e 0 6 1
e 0 7 1
e 0 13 1
e 0 14 1
e 0 15 1
e 0 19 1
e 1 3 1
e 1 4 1
e 1 5 1
e 1 7 1
e 1 15 1
e 1 19 1
e 2 3 1
e 2 7 1
e 2 8 1
e 2 9 1
e 2 12 1
e 2 15 1
e 2 16 1
e 2 19 1
e 3 4 1
e 3 5 1
e 3 7 1
e 3 8 1
e 3 10 1
e 3 11 1
e 3 13 1
e 3 14 1
e 4 6 1
e 4 7 1
e 4 9 1
e 4 12 1
e 4 13 1
e 4 17 1
e 4 18 1
e 4 19 1
e 5 7 1
e 5 8 1
e 5 10 1
e 5 15 1
e 5 16 1
e 5 18 1
e 5 19 1
e 6 9 1
e 6 11 1
e 6 13 1
e 6 15 1
e 6 17 1
e 7 11 1
e 7 13 1
e 7 14 1
e 7 16 1
e 7 17 1
e 8 9 1
e 8 10 1
e 8 15 1
e 8 16 1
e 8 19 1
e 9 10 1
e 9 12 1
e 9 15 1
e 9 16 1
e 9 17 1
e 10 12 1
e 10 13 1
e 10 14 1
e 10 17 1
e 11 12 1
e 11 13 1
e 11 15 1
e 11 16 1
e 11 18 1
e 12 13 1
e 12 16 1
e 12 17 1
e 12 18 1
e 12 19 1
e 13 18 1
e 14 18 1
e 14 19 1
e 15 17 1
e 15 18 1
e 15 19 1
e 16 17 1
e 16 18 1
e 16 19 1
e 18 19 1
t # 24
v 0 11
v 1 0
v 2 6
v 3 15
v 4 12
v 5 10
v 6 21
v 7 18
v 8 7
v 9 9
v 10 2
v 11 13
v 12 8
v 13 5
v 14 17
v 15 1
e 0 1 1
e 0 2 1
e 0 3 1
e 0 5 1
e 0 6 1
e 0 8 1
e 0 9 1
e 0 10 1
e 0 11 1
e 0 13 1
e 0 14 1
e 0 15 1
e 1 2 1
e 1 3 1
e 1 5 1
e 1 7 1
e 1 8 1
e 1 9 1
e 1 10 1
e 1 11 1
e 1 12 1
e 1 14 1
e 1 15 1
e 2 4 1
e 2 5 1
e 2 7 1
e 2 10 1
e 2 11 1
e 2 13 1
e 2 14 1
e 2 15 1
e 3 4 1
e 3 7 1
e 3 8 1
e 3 10 1
e 3 11 1
e 3 13 1
e 4 6 1
e 4 7 1
e 4 9 1
e 4 10 1
e 4 11 1
e 4 12 1
e 4 13 1
e 4 14 1
e 5 6 1
e 5 7 1
e 5 8 1
e 5 9 1
e 5 10 1
e 5 11 1
e 5 13 1
e 5 14 1
e 5 15 1
e 6 7 1
e 6 9 1
e 6 10 1
e 6 11 1
e 6 15 1
e 7 9 1
e 7 10 1
e 7 11 1
e 7 13 1
e 7 14 1
e 7 15 1
e 8 9 1
e 8 10 1
e 8 12 1
e 8 13 1
e 8 14 1
e 8 15 1
e 9 10 1
e 9 11 1
e 9 12 1
e 9 13 1
e 9 15 1
e 10 11 1
e 10 12 1
e 10 13 1
e 10 14 1
e 10 15 1
e 11 12 1
e 11 13 1
e 11 15 1
e 12 14 1
e 12 15 1
e 13 14 1
e 13 15 1
t # 25
v 0 4
v 1 6
v 2 16
v 3 5
v 4 17
v 5 10
v 6 12
v 7 2
v 8 1
v 9 0
v 10 8
v 11 7
v 12 14
v 13 3
v 14 13
v 15 19
v 16 21
e 0 1 1
e 0 2 1
e 0 5 1
e 0 7 1
e 0 8 1
e 0 9 1
e 0 10 1
e 0 11 1
e 0 12 1
e 0 13 1
e 0 14 1
e 0 15 1
e 0 16 1
e 1 2 1
e 1 3 1
e 1 4 1
e 1 6 1
e 1 7 1
e 1 8 1
e 1 9 1
e 1 10 1
e 1 11 1
e 1 12 1
e 1 13 1
e 1 14 1
e 1 16 1
e 2 3 1
e 2 4 1
e 2 5 1
e 2 6 1
e 2 7 1
e 2 8 1
e 2 10 1
e 2 11 1
e 2 12 1
e 2 13 1
e 2 14 1
e 2 15 1
e 3 4 1
e 3 5 1
e 3 6 1
e 3 7 1
e 3 8 1
e 3 10 1
e 3 11 1
e 3 13 1
e 3 14 1
e 3 15 1
e 3 16 1
e 4 5 1
e 4 6 1
e 4 7 1
e 4 8 1
e 4 9 1
e 4 10 1
e 4 11 1
e 4 12 1
e 4 13 1
e 4 14 1
e 4 15 1
e 4 16 1
e 5 7 1
e 5 8 1
e 5 9 1
e 5 11 1
e 5 12 1
e 5 14 1
e 5 15 1
e 5 16 1
e 6 7 1
e 6 8 1
e 6 9 1
e 6 11 1
e 6 12 1
e 6 13 1
e 6 14 1
e 6 16 1
e 7 8 1
e 7 9 1
e 7 11 1
e 7 12 1
e 7 13 1
e 7 14 1
e 7 15 1
e 7 16 1
e 8 9 1
e 8 10 1
e 8 11 1
e 8 12 1
e 8 13 1
e 8 14 1
e 8 15 1
e 8 16 1
e 9 10 1
e 9 11 1
e 9 14 1
e 9 15 1
e 9 16 1
e 10 11 1
e 10 12 1
e 10 13 1
e 10 14 1
e 10 15 1
e 10 16 1
e 11 12 1
e 11 14 1
e 11 15 1
e 11 16 1
e 12 14 1
e 12 15 1
e 13 14 1
e 13 15 1
e 13 16 1
e 14 15 1
e 14 16 1
e 15 16 1
t # 26
v 0 17
v 1 1
v 2 0
v 3 7
v 4 5
v 5 4
v 6 2
v 7 15
v 8 9
v 9 11
v 10 8
v 11 16
v 12 3
v 13 12
v 14 10
v 15 18
v 16 14
v 17 19
e 0 3 1
e 0 8 1
e 0 9 1
e 0 10 1
e 0 11 1
e 0 14 1
e 1 5 1
e 1 7 1
e 1 9 1
e 1 10 1
e 1 11 1
e 1 15 1
e 1 16 1
e 1 17 1
e 2 7 1
e 2 11 1
e 2 12 1
e 2 15 1
e 3 6 1
e 3 8 1
e 3 9 1
e 3 11 1
e 3 13 1
e 3 15 1
e 3 16 1
e 3 17 1
e 4 11 1
e 4 13 1
e 4 15 1
e 4 16 1
e 4 17 1
e 5 6 1
e 5 8 1
e 5 11 1
e 5 12 1
e 6 7 1
e 6 8 1
e 6 9 1
e 6 12 1
e 6 13 1
e 6 14 1
e 6 15 1
e 7 8 1
e 7 9 1
e 7 14 1
e 8 10 1
e 8 11 1
e 8 12 1
e 8 13 1
e 9 11 1
e 9 12 1
e 9 13 1
e 9 15 1
e 9 17 1
e 10 14 1
e 10 16 1
e 10 17 1
e 11 13 1
e 11 14 1
e 11 17 1
e 12 15 1
e 12 17 1
e 13 14 1
e 14 16 1
t # 27
v 0 20
v 1 17
v 2 9
v 3 10
v 4 5
v 5 14
v 6 15
v 7 13
v 8 1
v 9 2
v 10 6
v 11 8
v 12 0
v 13 16
v 14 4
v 15 11
v 16 18
v 17 12
v 18 7
v 19 3
e 0 1 1
e 0 2 1
e 0 3 1
e 0 4 1
e 0 5 1
e 0 6 1
e 0 7 1
e 0 8 1
e 0 9 1
e 0 10 1
e 0 11 1
e 0 12 1
e 0 13 1
e 0 14 1
e 0 15 1
e 0 16 1
e 0 17 1
e 0 18 1
e 0 19 1
e 1 2 1
e 1 3 1
e 1 4 1
e 1 5 1
e 1 6 1
e 1 8 1
e 1 9 1
e 1 10 1
e 1 11 1
e 1 12 1
e 1 13 1
e 1 14 1
e 1 15 1
e 1 16 1
e 1 17 1
e 1 18 1
e 1 19 1
e 2 3 1
e 2 4 1
e 2 5 1
e 2 6 1
e 2 7 1
e 2 8 1
e 2 9 1
e 2 10 1
e 2 11 1
e 2 12 1
e 2 13 1
e 2 14 1
e 2 15 1
e 2 16 1
e 2 17 1
e 2 18 1
e 2 19 1
e 3 4 1
e 3 5 1
e 3 6 1
e 3 7 1
e 3 8 1
e 3 9 1
e 3 10 1
e 3 11 1
e 3 12 1
e 3 13 1
e 3 14 1
e 3 15 1
e 3 16 1
e 3 17 1
e 3 18 1
e 3 19 1
e 4 5 1
e 4 6 1
e 4 7 1
e 4 8 1
e 4 9 1
e 4 10 1
e 4 11 1
e 4 12 1
e 4 13 1
e 4 14 1
e 4 15 1
e 4 16 1
e 4 17 1
e 4 18 1
e 4 19 1
e 5 6 1
e 5 7 1
e 5 8 1
e 5 9 1
e 5 10 1
e 5 11 1
e 5 12 1
e 5 13 1
e 5 14 1
e 5 15 1
e 5 16 1
e 5 17 1
e 5 18 1
e 5 19 1
e 6 7 1
e 6 8 1
e 6 9 1
e 6 10 1
e 6 11 1
e 6 12 1
e 6 13 1
e 6 14 1
e 6 15 1
e 6 16 1
e 6 17 1
e 6 18 1
e 6 19 1
e 7 9 1
e 7 11 1
e 7 12 1
e 7 13 1
e 7 14 1
e 7 15 1
e 7 16 1
e 7 17 1
e 7 18 1
e 7 19 1
e 8 9 1
e 8 10 1
e 8 11 1
e 8 12 1
e 8 13 1
e 8 14 1
e 8 15 1
e 8 16 1
e 8 18 1
e 8 19 1
e 9 10 1
e 9 11 1
e 9 13 1
e 9 14 1
e 9 15 1
e 9 16 1
e 9 18 1
e 9 19 1
e 10 11 1
e 10 12 1
e 10 14 1
e 10 15 1
e 10 16 1
e 10 17 1
e 10 18 1
e 10 19 1
e 11 12 1
e 11 13 1
e 11 14 1
e 11 15 1
e 11 16 1
e 11 17 1
e 11 19 1
e 12 13 1
e 12 14 1
e 12 15 1
e 12 16 1
e 12 17 1
e 12 18 1
e 13 14 1
e 13 15 1
e 13 16 1
e 13 17 1
e 13 18 1
e 13 19 1
e 14 15 1
e 14 16 1
e 14 17 1
e 14 18 1
e 14 19 1
e 15 16 1
e 15 17 1
e 15 18 1
e 15 19 1
e 16 17 1
e 16 18 1
e 16 19 1
e 17 19 1
e 18 19 1
t # 28
v 0 4
v 1 6
v 2 18
v 3 20
v 4 15
v 5 10
v 6 0
v 7 9
v 8 12
v 9 17
v 10 13
v 11 16
v 12 8
v 13 7
v 14 5
v 15 21
v 16 14
v 17 2
v 18 11
v 19 1
e 0 1 1
e 0 2 1
e 0 3 1
e 0 5 1
e 0 6 1
e 0 7 1
e 0 8 1
e 0 9 1
e 0 10 1
e 0 11 1
e 0 12 1
e 0 13 1
e 0 14 1
e 0 15 1
e 0 16 1
e 0 18 1
e 1 2 1
e 1 3 1
e 1 4 1
e 1 5 1
e 1 6 1
e 1 7 1
e 1 8 1
e 1 9 1
e 1 10 1
e 1 11 1
e 1 12 1
e 1 13 1
e 1 14 1
e 1 15 1
e 1 16 1
e 1 17 1
e 1 18 1
e 1 19 1
e 2 3 1
e 2 4 1
e 2 5 1
e 2 6 1
e 2 7 1
e 2 8 1
e 2 9 1
e 2 10 1
e 2 11 1
e 2 12 1
e 2 13 1
e 2 14 1
e 2 15 1
e 2 16 1
e 2 17 1
e 2 18 1
e 2 19 1
e 3 4 1
e 3 5 1
e 3 6 1
e 3 7 1
e 3 8 1
e 3 9 1
e 3 10 1
e 3 11 1
e 3 13 1
e 3 14 1
e 3 15 1
e 3 16 1
e 3 17 1
e 3 18 1
e 3 19 1
e 4 5 1
e 4 6 1
e 4 7 1
e 4 8 1
e 4 9 1
e 4 10 1
e 4 11 1
e 4 12 1
e 4 13 1
e 4 14 1
e 4 15 1
e 4 16 1
e 4 17 1
e 4 18 1
e 4 19 1
e 5 6 1
e 5 7 1
e 5 8 1
e 5 9 1
e 5 10 1
e 5 11 1
e 5 12 1
e 5 13 1
e 5 14 1
e 5 15 1
e 5 16 1
e 5 17 1
e 5 18 1
e 5 19 1
e 6 7 1
e 6 8 1
e 6 9 1
e 6 10 1
e 6 11 1
e 6 12 1
e 6 13 1
e 6 14 1
e 6 15 1
e 6 16 1
e 6 17 1
e 6 18 1
e 6 19 1
e 7 8 1
e 7 9 1
e 7 10 1
e 7 11 1
e 7 12 1
e 7 14 1
e 7 15 1
e 7 16 1
e 7 17 1
e 7 18 1
e 7 19 1
e 8 9 1
e 8 10 1
e 8 11 1
e 8 12 1
e 8 13 1
e 8 14 1
e 8 15 1
e 8 16 1
e 8 17 1
e 8 18 1
e 8 19 1
e 9 10 1
e 9 11 1
e 9 12 1
e 9 13 1
e 9 14 1
e 9 15 1
e 9 16 1
e 9 17 1
e 9 18 1
e 9 19 1
e 10 11 1
e 10 12 1
e 10 13 1
e 10 14 1
e 10 15 1
e 10 16 1
e 10 17 1
e 10 18 1
e 10 19 1
e 11 12 1
e 11 13 1
e 11 14 1
e 11 15 1
e 11 16 1
e 11 17 1
e 11 19 1
e 12 13 1
e 12 14 1
e 12 15 1
e 12 16 1
e 12 17 1
e 12 18 1
e 12 19 1
e 13 14 1
e 13 15 1
e 13 16 1
e 13 18 1
e 13 19 1
e 14 15 1
e 14 16 1
e 14 17 1
e 14 18 1
e 14 19 1
e 15 16 1
e 15 17 1
e 15 18 1
e 15 19 1
e 16 17 1
e 16 18 1
e 16 19 1
e 17 18 1
e 17 19 1
e 18 19 1
t # 29
v 0 2
v 1 8
v 2 10
v 3 4
v 4 18
v 5 7
v 6 1
v 7 6
v 8 13
v 9 15
v 10 9
v 11 11
v 12 21
v 13 16
v 14 14
e 0 1 1
e 0 2 1
e 0 3 1
e 0 4 1
e 0 6 1
e 0 7 1
e 0 8 1
e 0 10 1
e 0 12 1
e 0 13 1
e 0 14 1
e 1 2 1
e 1 3 1
e 1 4 1
e 1 5 1
e 1 6 1
e 1 7 1
e 1 9 1
e 1 11 1
e 1 12 1
e 1 13 1
e 1 14 1
e 2 4 1
e 2 5 1
e 2 6 1
e 2 9 1
e 2 10 1
e 2 12 1
e 2 13 1
e 3 4 1
e 3 5 1
e 3 6 1
e 3 7 1
e 3 9 1
e 3 10 1
e 3 11 1
e 3 12 1
e 4 5 1
e 4 7 1
e 4 8 1
e 4 9 1
e 4 10 1
e 4 11 1
e 5 6 1
e 5 7 1
e 5 8 1
e 5 9 1
e 5 10 1
e 5 11 1
e 5 12 1
e 5 13 1
e 5 14 1
e 6 8 1
e 6 9 1
e 6 11 1
e 6 12 1
e 6 13 1
e 6 14 1
e 7 9 1
e 7 10 1
e 7 11 1
e 7 12 1
e 8 9 1
e 8 10 1
e 8 14 1
e 9 10 1
e 9 13 1
e 9 14 1
e 10 11 1
e 10 12 1
e 10 13 1
e 10 14 1
e 11 13 1
e 11 14 1
e 12 13 1
e 12 14 1
t # 30
v 0 10
v 1 20
v 2 1
v 3 4
v 4 16
v 5 12
v 6 14
v 7 3
v 8 7
v 9 15
v 10 8
v 11 18
v 12 11
v 13 5
v 14 19
v 15 0
v 16 2
v 17 9
v 18 6
v 19 17
e 0 1 1
e 0 5 1
e 0 6 1
e 0 10 1
e 0 11 1
e 0 12 1
e 0 13 1
e 0 15 1
e 0 16 1
e 1 2 1
e 1 5 1
e 1 8 1
e 1 11 1
e 1 13 1
e 1 15 1
e 2 5 1
e 2 8 1
e 2 9 1
e 2 11 1
e 2 13 1
e 2 14 1
e 3 5 1
e 3 6 1
e 3 16 1
e 3 17 1
e 3 18 1
e 4 6 1
e 4 7 1
e 4 8 1
e 4 10 1
e 4 11 1
e 4 13 1
e 4 14 1
e 4 19 1
e 5 7 1
e 5 11 1
e 5 12 1
e 5 15 1
e 5 17 1
e 5 19 1
e 6 7 1
e 6 8 1
e 6 10 1
e 6 12 1
e 6 16 1
e 7 8 1
e 7 12 1
e 7 14 1
e 7 16 1
e 7 18 1
e 7 19 1
e 8 9 1
e 8 11 1
e 8 13 1
e 8 14 1
e 8 16 1
e 9 14 1
e 9 18 1
e 9 19 1
e 10 12 1
e 10 13 1
e 10 15 1
e 10 18 1
e 11 13 1
e 11 14 1
e 11 15 1
e 11 17 1
e 11 19 1
e 12 14 1
e 13 14 1
e 13 15 1
e 13 19 1
e 14 16 1
e 14 17 1
e 15 16 1
e 15 17 1
e 17 19 1
e 18 19 1
t # 31
v 0 19
v 1 4
v 2 9
v 3 20
v 4 17
v 5 5
v 6 0
v 7 15
v 8 8
v 9 2
v 10 13
v 11 14
v 12 21
v 13 18
v 14 7
v 15 12
v 16 10
v 17 16
e 0 1 1
e 0 2 1
e 0 5 1
e 0 6 1
e 0 8 1
e 0 10 1
e 0 11 1
e 0 12 1
e 0 14 1
e 0 15 1
e 0 16 1
e 0 17 1
e 1 2 1
e 1 3 1
e 1 5 1
e 1 6 1
e 1 7 1
e 1 8 1
e 1 10 1
e 1 11 1
e 1 12 1
e 1 14 1
e 1 16 1
e 1 17 1
e 2 3 1
e 2 4 1
e 2 6 1
e 2 7 1
e 2 8 1
e 2 9 1
e 2 11 1
e 2 12 1
e 2 13 1
e 2 14 1
e 2 15 1
e 2 16 1
e 3 5 1
e 3 6 1
e 3 7 1
e 3 8 1
e 3 9 1
e 3 10 1
e 3 11 1
e 3 12 1
e 3 13 1
e 3 15 1
e 3 16 1
e 3 17 1
e 4 5 1
e 4 7 1
e 4 8 1
e 4 9 1
e 4 11 1
e 4 13 1
e 4 14 1
e 4 15 1
e 4 16 1
e 4 17 1
e 5 6 1
e 5 7 1
e 5 8 1
e 5 9 1
e 5 10 1
e 5 11 1
e 5 13 1
e 5 14 1
e 5 17 1
e 6 7 1
e 6 10 1
e 6 12 1
e 6 13 1
e 6 15 1
e 6 16 1
e 6 17 1
e 7 8 1
e 7 9 1
e 7 10 1
e 7 11 1
e 7 12 1
e 7 13 1
e 7 15 1
e 7 17 1
e 8 9 1
e 8 10 1
e 8 11 1
e 8 13 1
e 8 14 1
e 8 15 1
e 8 16 1
e 9 10 1
e 9 11 1
e 9 12 1
e 9 13 1
e 9 14 1
e 9 16 1
e 9 17 1
e 10 12 1
e 10 13 1
e 10 15 1
e 10 16 1
e 11 12 1
e 11 13 1
e 11 14 1
e 11 15 1
e 11 16 1
e 11 17 1
e 12 13 1
e 12 15 1
e 12 16 1
e 13 14 1
e 13 15 1
e 13 16 1
e 13 17 1
e 14 15 1
e 14 16 1
e 15 16 1
e 15 17 1
e 16 17 1
t # 32
v 0 5
v 1 12
v 2 20
v 3 16
v 4 2
v 5 13
v 6 0
v 7 7
v 8 1
v 9 14
v 10 19
v 11 6
v 12 11
v 13 15
v 14 10
v 15 9
v 16 4
v 17 21
v 18 17
v 19 3
v 20 8
e 0 5 1
e 0 9 1
e 0 16 1
e 0 19 1
e 0 20 1
e 1 2 1
e 1 6 1
e 1 8 1
e 1 12 1
e 1 13 1
e 1 14 1
e 1 16 1
e 1 19 1
e 2 4 1
e 2 9 1
e 2 11 1
e 2 15 1
e 2 16 1
e 2 18 1
e 3 5 1
e 3 13 1
e 3 14 1
e 3 17 1
e 3 19 1
e 4 5 1
e 4 7 1
e 4 9 1
e 4 10 1
e 4 11 1
e 4 15 1
e 4 17 1
e 4 18 1
e 4 19 1
e 4 20 1
e 5 8 1
e 5 11 1
e 5 12 1
e 5 15 1
e 5 16 1
e 5 20 1
e 6 9 1
e 6 11 1
e 6 13 1
e 6 19 1
e 6 20 1
e 7 12 1
e 7 15 1
e 7 16 1
e 7 17 1
e 7 18 1
e 8 11 1
e 8 13 1
e 9 13 1
e 9 14 1
e 9 17 1
e 10 12 1
e 10 14 1
e 10 16 1
e 10 18 1
e 10 20 1
e 11 15 1
e 12 13 1
e 12 14 1
e 12 18 1
e 13 15 1
e 13 18 1
e 15 19 1
t # 33
v 0 10
v 1 20
v 2 13
v 3 2
v 4 3
v 5 8
v 6 9
v 7 12
v 8 0
v 9 11
v 10 14
v 11 1
v 12 18
v 13 17
v 14 7
e 0 2 1
e 0 4 1
e 0 5 1
e 0 8 1
e 0 9 1
e 0 12 1
e 0 13 1
e 1 5 1
e 1 8 1
e 1 9 1
e 1 10 1
e 1 13 1
e 1 14 1
e 2 6 1
e 2 7 1
e 2 11 1
e 2 13 1
e 3 5 1
e 3 9 1
e 3 10 1
e 3 11 1
e 3 12 1
e 3 14 1
e 4 5 1
e 4 6 1
e 4 8 1
e 4 10 1
e 4 11 1
e 4 14 1
e 5 8 1
e 6 10 1
e 6 12 1
e 7 8 1
e 7 9 1
e 7 10 1
e 7 13 1
e 7 14 1
e 8 11 1
e 8 14 1
e 9 10 1
e 9 11 1
e 9 12 1
e 9 14 1
e 10 12 1
e 11 12 1
e 11 13 1
e 12 13 1
e 13 14 1
t # 34
v 0 0
v 1 3
v 2 1
v 3 13
v 4 17
v 5 10
v 6 9
v 7 15
v 8 21
v 9 5
v 10 2
v 11 8
v 12 20
v 13 18
v 14 6
e 0 1 1
e 0 2 1
e 0 3 1
e 0 4 1
e 0 5 1
e 0 6 1
e 0 7 1
e 0 8 1
e 0 9 1
e 0 10 1
e 0 12 1
e 0 13 1
e 0 14 1
e 1 3 1
e 1 5 1
e 1 6 1
e 1 7 1
e 1 9 1
e 1 10 1
e 1 11 1
e 1 14 1
e 2 4 1
e 2 5 1
e 2 6 1
e 2 7 1
e 2 8 1
e 2 9 1
e 2 10 1
e 2 11 1
e 2 12 1
e 2 13 1
e 2 14 1
e 3 5 1
e 3 6 1
e 3 7 1
e 3 8 1
e 3 9 1
e 3 10 1
e 3 13 1
e 4 7 1
e 4 8 1
e 4 9 1
e 4 12 1
e 4 13 1
e 4 14 1
e 5 6 1
e 5 8 1
e 5 10 1
e 5 11 1
e 5 14 1
e 6 7 1
e 6 8 1
e 6 9 1
e 6 10 1
e 6 12 1
e 6 13 1
e 6 14 1
e 7 9 1
e 7 10 1
e 7 12 1
e 7 13 1
e 7 14 1
e 8 9 1
e 8 10 1
e 8 11 1
e 8 12 1
e 8 13 1
e 9 10 1
e 9 11 1
e 10 11 1
e 10 12 1
e 10 13 1
e 10 14 1
e 11 12 1
e 11 13 1
e 12 13 1
e 12 14 1
e 13 14 1
t # 35
v 0 18
v 1 3
v 2 8
v 3 7
v 4 13
v 5 20
v 6 16
v 7 5
v 8 19
v 9 14
v 10 6
v 11 11
v 12 0
v 13 21
v 14 4
v 15 2
e 0 1 1
e 0 2 1
e 0 3 1
e 0 4 1
e 0 5 1
e 0 6 1
e 0 7 1
e 0 8 1
e 0 9 1
e 0 11 1
e 0 12 1
e 0 14 1
e 0 15 1
e 1 2 1
e 1 3 1
e 1 5 1
e 1 6 1
e 1 7 1
e 1 9 1
e 1 10 1
e 1 11 1
e 1 13 1
e 1 14 1
e 1 15 1
e 2 4 1
e 2 5 1
e 2 6 1
e 2 7 1
e 2 9 1
e 2 14 1
e 2 15 1
e 3 4 1
e 3 5 1
e 3 6 1
e 3 7 1
e 3 8 1
e 3 9 1
e 3 11 1
e 3 12 1
e 3 13 1
e 3 14 1
e 3 15 1
e 4 5 1
e 4 6 1
e 4 7 1
e 4 8 1
e 4 11 1
e 4 12 1
e 4 13 1
e 4 15 1
e 5 6 1
e 5 8 1
e 5 9 1
e 5 11 1
e 5 14 1
e 5 15 1
e 6 7 1
e 6 10 1
e 6 11 1
e 6 13 1
e 6 14 1
e 7 8 1
e 7 11 1
e 7 13 1
e 7 14 1
e 7 15 1
e 8 9 1
e 8 10 1
e 8 12 1
e 8 13 1
e 8 14 1
e 8 15 1
e 9 10 1
e 9 11 1
e 9 12 1
e 9 13 1
e 9 14 1
e 10 11 1
e 10 12 1
e 10 13 1
e 10 14 1
e 10 15 1
e 11 13 1
e 11 14 1
e 12 14 1
e 12 15 1
e 13 14 1
e 13 15 1
t # 36
v 0 21
v 1 15
v 2 13
v 3 17
v 4 2
v 5 10
v 6 16
v 7 9
v 8 4
v 9 0
v 10 5
v 11 12
v 12 6
v 13 19
v 14 18
v 15 11
v 16 3
v 17 20
v 18 14
e 0 1 1
e 0 2 1
e 0 3 1
e 0 4 1
e 0 7 1
e 0 8 1
e 0 9 1
e 0 11 1
e 0 12 1
e 0 15 1
e 0 16 1
e 0 17 1
e 0 18 1
e 1 2 1
e 1 4 1
e 1 8 1
e 1 9 1
e 1 10 1
e 1 11 1
e 1 12 1
e 1 13 1
e 1 14 1
e 1 15 1
e 1 17 1
e 2 3 1
e 2 5 1
e 2 6 1
e 2 7 1
e 2 8 1
e 2 10 1
e 2 11 1
e 2 16 1
e 3 5 1
e 3 8 1
e 3 12 1
e 3 14 1
e 3 16 1
e 3 18 1
e 4 6 1
e 4 7 1
e 4 8 1
e 4 9 1
e 4 10 1
e 4 11 1
e 4 12 1
e 4 13 1
e 4 14 1
e 4 15 1
e 4 16 1
e 4 17 1
e 4 18 1
e 5 8 1
e 5 10 1
e 5 13 1
e 5 15 1
e 5 16 1
e 5 17 1
e 6 8 1
e 6 9 1
e 6 10 1
e 6 13 1
e 6 14 1
e 6 16 1
e 6 17 1
e 6 18 1
e 7 8 1
e 7 10 1
e 7 12 1
e 7 15 1
e 7 17 1
e 7 18 1
e 8 10 1
e 8 12 1
e 8 13 1
e 8 15 1
e 8 16 1
e 8 17 1
e 9 12 1
e 9 14 1
e 9 15 1
e 9 16 1
e 9 17 1
e 9 18 1
e 10 11 1
e 10 13 1
e 10 14 1
e 10 15 1
e 10 16 1
e 10 17 1
e 11 14 1
e 11 15 1
e 11 17 1
e 12 13 1
e 12 16 1
e 12 17 1
e 13 16 1
e 13 18 1
e 14 15 1
e 14 16 1
e 14 17 1
e 14 18 1
e 15 16 1
e 15 18 1
t # 37
v 0 1
v 1 16
v 2 4
v 3 14
v 4 12
v 5 10
v 6 15
v 7 8
v 8 11
v 9 18
v 10 9
v 11 7
v 12 0
v 13 13
v 14 3
v 15 2
v 16 20
v 17 19
v 18 21
v 19 5
e 0 9 1
e 0 12 1
e 1 2 1
e 1 8 1
e 2 3 1
e 2 4 1
e 2 10 1
e 2 11 1
e 2 16 1
e 5 13 1
e 6 9 1
e 6 10 1
e 7 17 1
e 7 18 1
e 7 19 1
e 8 9 1
e 8 11 1
e 8 19 1
e 11 12 1
e 11 13 1
e 11 14 1
e 11 15 1
e 11 16 1
e 11 19 1
e 12 13 1
e 12 19 1
e 13 14 1
t # 38
v 0 17
v 1 18
v 2 19
v 3 0
v 4 21
v 5 1
v 6 15
v 7 4
v 8 14
v 9 20
v 10 5
v 11 3
v 12 6
v 13 8
v 14 9
v 15 2
v 16 10
v 17 7
v 18 12
e 0 1 1
e 0 4 1
e 0 5 1
e 0 6 1
e 0 8 1
e 0 9 1
e 0 12 1
e 0 13 1
e 0 16 1
e 0 18 1
e 1 2 1
e 1 4 1
e 1 5 1
e 1 6 1
e 1 7 1
e 1 8 1
e 1 10 1
e 1 15 1
e 1 16 1
e 1 17 1
e 1 18 1
e 2 3 1
e 2 4 1
e 2 6 1
e 2 9 1
e 2 11 1
e 2 12 1
e 2 13 1
e 2 15 1
e 2 17 1
e 2 18 1
e 3 4 1
e 3 5 1
e 3 10 1
e 3 11 1
e 3 12 1
e 3 13 1
e 3 14 1
e 3 15 1
e 4 5 1
e 4 7 1
e 4 8 1
e 4 13 1
e 4 15 1
e 4 16 1
e 4 17 1
e 4 18 1
e 5 6 1
e 5 9 1
e 5 10 1
e 5 13 1
e 5 14 1
e 5 15 1
e 5 16 1
e 5 17 1
e 6 7 1
e 6 8 1
e 6 9 1
e 6 10 1
e 6 13 1
e 6 14 1
e 7 8 1
e 7 9 1
e 7 12 1
e 7 14 1
e 7 16 1
e 7 17 1
e 8 9 1
e 8 12 1
e 8 13 1
e 8 15 1
e 8 16 1
e 8 17 1
e 8 18 1
e 9 10 1
e 9 12 1
e 9 16 1
e 9 18 1
e 10 11 1
e 10 12 1
e 10 14 1
e 11 12 1
e 11 13 1
e 11 15 1
e 11 16 1
e 11 17 1
e 11 18 1
e 12 13 1
e 12 14 1
e 12 15 1
e 12 18 1
e 13 17 1
e 13 18 1
e 14 16 1
e 15 17 1
e 15 18 1
e 17 18 1
t # 39
v 0 20
v 1 8
v 2 15
v 3 4
v 4 21
v 5 13
v 6 18
v 7 1
v 8 2
v 9 7
v 10 9
v 11 10
v 12 14
v 13 5
v 14 19
e 0 1 1
e 0 2 1
e 0 5 1
e 0 6 1
e 0 7 1
e 0 9 1
e 0 10 1
e 0 11 1
e 0 12 1
e 0 13 1
e 0 14 1
e 1 2 1
e 1 3 1
e 1 4 1
e 1 5 1
e 1 6 1
e 1 7 1
e 1 9 1
e 1 10 1
e 1 11 1
e 1 12 1
e 1 13 1
e 1 14 1
e 2 3 1
e 2 4 1
e 2 5 1
e 2 6 1
e 2 7 1
e 2 8 1
e 2 9 1
e 2 10 1
e 2 11 1
e 2 13 1
e 2 14 1
e 3 4 1
e 3 5 1
e 3 6 1
e 3 7 1
e 3 8 1
e 3 9 1
e 3 10 1
e 3 11 1
e 3 12 1
e 3 13 1
e 3 14 1
e 4 5 1
e 4 6 1
e 4 7 1
e 4 9 1
e 4 10 1
e 4 12 1
e 4 13 1
e 4 14 1
e 5 6 1
e 5 7 1
e 5 8 1
e 5 9 1
e 5 10 1
e 5 11 1
e 5 12 1
e 5 13 1
e 5 14 1
e 6 7 1
e 6 8 1
e 6 10 1
e 6 11 1
e 6 12 1
e 6 13 1
e 6 14 1
e 7 8 1
e 7 9 1
e 7 10 1
e 7 11 1
e 7 12 1
e 7 13 1
e 7 14 1
e 8 9 1
e 8 10 1
e 8 11 1
e 8 12 1
e 8 13 1
e 8 14 1
e 9 11 1
e 9 12 1
e 9 14 1
e 10 12 1
e 10 13 1
e 10 14 1
e 11 12 1
e 11 13 1
e 11 14 1
e 12 13 1
e 12 14 1
e 13 14 1
t # 40
v 0 21
v 1 3
v 2 4
v 3 11
v 4 20
v 5 17
v 6 8
v 7 0
v 8 5
v 9 13
v 10 6
v 11 7
v 12 14
v 13 18
v 14 1
v 15 9
v 16 16
v 17 2
v 18 15
v 19 19
e 0 1 1
e 0 2 1
e 0 4 1
e 0 5 1
e 0 6 1
e 0 7 1
e 0 8 1
e 0 9 1
e 0 10 1
e 0 11 1
e 0 12 1
e 0 14 1
e 0 15 1
e 0 16 1
e 0 17 1
e 0 19 1
e 1 3 1
e 1 4 1
e 1 5 1
e 1 6 1
e 1 8 1
e 1 9 1
e 1 10 1
e 1 11 1
e 1 13 1
e 1 14 1
e 1 15 1
e 1 16 1
e 1 18 1
e 2 3 1
e 2 4 1
e 2 5 1
e 2 7 1
e 2 8 1
e 2 9 1
e 2 11 1
e 2 12 1
e 2 13 1
e 2 14 1
e 2 17 1
e 2 18 1
e 2 19 1
e 3 4 1
e 3 5 1
e 3 7 1
e 3 8 1
e 3 9 1
e 3 11 1
e 3 12 1
e 3 13 1
e 3 14 1
e 3 15 1
e 3 16 1
e 3 17 1
e 3 18 1
e 4 5 1
e 4 6 1
e 4 7 1
e 4 8 1
e 4 9 1
e 4 11 1
e 4 12 1
e 4 13 1
e 4 14 1
e 4 15 1
e 4 16 1
e 4 17 1
e 4 18 1
e 4 19 1
e 5 6 1
e 5 7 1
e 5 8 1
e 5 11 1
e 5 12 1
e 5 16 1
e 5 17 1
e 5 18 1
e 5 19 1
e 6 7 1
e 6 8 1
e 6 9 1
e 6 10 1
e 6 12 1
e 6 13 1
e 6 14 1
e 6 15 1
e 6 16 1
e 6 17 1
e 6 18 1
e 6 19 1
e 7 8 1
e 7 9 1
e 7 12 1
e 7 13 1
e 7 14 1
e 7 15 1
e 7 16 1
e 7 17 1
e 7 18 1
e 7 19 1
e 8 9 1
e 8 10 1
e 8 11 1
e 8 12 1
e 8 13 1
e 8 14 1
e 8 15 1
e 8 17 1
e 8 18 1
e 8 19 1
e 9 10 1
e 9 11 1
e 9 12 1
e 9 13 1
e 9 14 1
e 9 15 1
e 9 16 1
e 9 17 1
e 9 18 1
e 9 19 1
e 10 12 1
e 10 13 1
e 10 14 1
e 10 15 1
e 10 16 1
e 10 17 1
e 10 18 1
e 10 19 1
e 11 12 1
e 11 13 1
e 11 14 1
e 11 16 1
e 11 17 1
e 11 18 1
e 11 19 1
e 12 14 1
e 12 15 1
e 12 16 1
e 12 17 1
e 12 18 1
e 12 19 1
e 13 14 1
e 13 15 1
e 13 16 1
e 13 17 1
e 13 18 1
e 13 19 1
e 14 15 1
e 14 16 1
e 14 17 1
e 14 18 1
e 14 19 1
e 15 16 1
e 15 17 1
e 15 18 1
e 15 19 1
e 16 17 1
e 16 18 1
e 16 19 1
e 17 19 1
e 18 19 1
t # 41
v 0 16
v 1 17
v 2 21
v 3 20
v 4 13
v 5 19
v 6 1
v 7 0
v 8 2
v 9 6
v 10 15
v 11 3
v 12 8
v 13 18
v 14 14
v 15 7
v 16 5
v 17 12
e 0 1 1
e 0 2 1
e 0 3 1
e 0 4 1
e 0 5 1
e 0 6 1
e 0 7 1
e 0 9 1
e 0 10 1
e 0 11 1
e 0 12 1
e 0 13 1
e 0 14 1
e 0 15 1
e 0 16 1
e 0 17 1
e 1 2 1
e 1 3 1
e 1 4 1
e 1 5 1
e 1 6 1
e 1 7 1
e 1 8 1
e 1 9 1
e 1 10 1
e 1 11 1
e 1 13 1
e 1 14 1
e 1 15 1
e 1 16 1
e 2 3 1
e 2 4 1
e 2 5 1
e 2 6 1
e 2 7 1
e 2 8 1
e 2 9 1
e 2 10 1
e 2 11 1
e 2 12 1
e 2 13 1
e 2 14 1
e 2 15 1
e 2 16 1
e 2 17 1
e 3 4 1
e 3 5 1
e 3 6 1
e 3 7 1
e 3 8 1
e 3 9 1
e 3 11 1
e 3 12 1
e 3 13 1
e 3 14 1
e 3 15 1
e 3 16 1
e 3 17 1
e 4 5 1
e 4 7 1
e 4 8 1
e 4 9 1
e 4 10 1
e 4 11 1
e 4 12 1
e 4 13 1
e 4 14 1
e 4 15 1
e 4 17 1
e 5 6 1
e 5 8 1
e 5 9 1
e 5 11 1
e 5 12 1
e 5 13 1
e 5 14 1
e 5 15 1
e 5 16 1
e 5 17 1
e 6 7 1
e 6 8 1
e 6 10 1
e 6 11 1
e 6 12 1
e 6 13 1
e 6 14 1
e 6 15 1
e 6 16 1
e 6 17 1
e 7 8 1
e 7 9 1
e 7 11 1
e 7 12 1
e 7 13 1
e 7 14 1
e 7 15 1
e 7 16 1
e 7 17 1
e 8 9 1
e 8 10 1
e 8 11 1
e 8 12 1
e 8 13 1
e 8 14 1
e 8 15 1
e 8 16 1
e 9 10 1
e 9 11 1
e 9 12 1
e 9 15 1
e 9 16 1
e 9 17 1
e 10 11 1
e 10 12 1
e 10 13 1
e 10 14 1
e 10 15 1
e 10 17 1
e 11 12 1
e 11 13 1
e 11 14 1
e 11 15 1
e 11 16 1
e 11 17 1
e 12 13 1
e 12 14 1
e 12 15 1
e 12 16 1
e 12 17 1
e 13 14 1
e 13 15 1
e 13 16 1
e 13 17 1
e 14 15 1
e 14 16 1
e 14 17 1
e 15 17 1
e 16 17 1
t # 42
v 0 11
v 1 17
v 2 18
v 3 2
v 4 12
v 5 14
v 6 5
v 7 9
v 8 6
v 9 0
v 10 16
v 11 3
v 12 8
v 13 15
v 14 4
v 15 10
v 16 19
e 0 1 1
e 0 3 1
e 0 5 1
e 0 9 1
e 0 11 1
e 0 12 1
e 0 13 1
e 0 15 1
e 1 2 1
e 1 6 1
e 1 7 1
e 1 8 1
e 1 13 1
e 1 14 1
e 1 15 1
e 2 6 1
e 2 7 1
e 2 11 1
e 2 12 1
e 2 13 1
e 2 14 1
e 3 4 1
e 3 6 1
e 3 7 1
e 3 8 1
e 3 9 1
e 3 10 1
e 3 11 1
e 3 15 1
e 3 16 1
e 4 5 1
e 4 8 1
e 4 10 1
e 4 11 1
e 4 14 1
e 4 16 1
e 5 10 1
e 5 11 1
e 5 14 1
e 6 7 1
e 6 10 1
e 6 12 1
e 6 14 1
e 7 10 1
e 7 11 1
e 7 15 1
e 7 16 1
e 8 10 1
e 8 11 1
e 8 14 1
e 8 16 1
e 9 11 1
e 9 12 1
e 10 12 1
e 10 13 1
e 10 16 1
e 11 16 1
e 12 13 1
e 12 14 1
t # 43
v 0 3
v 1 14
v 2 6
v 3 7
v 4 18
v 5 4
v 6 5
v 7 1
v 8 12
v 9 19
v 10 20
v 11 21
v 12 15
v 13 8
v 14 16
v 15 0
v 16 11
v 17 17
e 0 4 1
e 0 11 1
e 1 2 1
e 1 6 1
e 1 9 1
e 1 10 1
e 1 13 1
e 1 15 1
e 1 17 1
e 2 6 1
e 3 4 1
e 3 10 1
e 3 12 1
e 3 13 1
e 3 15 1
e 4 5 1
e 4 10 1
e 4 12 1
e 5 8 1
e 5 11 1
e 5 13 1
e 5 16 1
e 5 17 1
e 6 9 1
e 6 14 1
e 7 14 1
e 8 13 1
e 8 14 1
e 8 16 1
e 10 12 1
e 10 13 1
e 11 16 1
e 11 17 1
e 12 17 1
e 13 14 1
e 13 15 1
e 14 17 1
e 15 16 1
t # 44
v 0 2
v 1 20
v 2 0
v 3 10
v 4 19
v 5 21
v 6 14
v 7 8
v 8 3
v 9 17
v 10 13
v 11 4
v 12 12
v 13 15
v 14 11
v 15 9
v 16 1
v 17 6
v 18 18
v 19 5
v 20 16
e 0 4 1
e 0 10 1
e 0 15 1
e 0 16 1
e 0 17 1
e 0 20 1
e 1 2 1
e 1 10 1
e 1 16 1
e 1 18 1
e 1 20 1
e 2 5 1
e 2 6 1
e 2 7 1
e 2 9 1
e 2 10 1
e 2 12 1
e 2 15 1
e 3 4 1
e 3 13 1
e 3 19 1
e 3 20 1
e 4 5 1
e 4 9 1
e 5 7 1
e 5 9 1
e 5 20 1
e 6 11 1
e 6 12 1
e 6 17 1
e 7 8 1
e 7 10 1
e 7 12 1
e 7 18 1
e 8 9 1
e 8 15 1
e 8 20 1
e 9 10 1
e 9 12 1
e 9 16 1
e 9 18 1
e 10 13 1
e 10 14 1
e 10 16 1
e 11 12 1
e 11 14 1
e 11 16 1
e 11 17 1
e 12 16 1
e 12 17 1
e 12 18 1
e 12 19 1
e 13 15 1
e 13 17 1
e 13 19 1
e 13 20 1
e 14 16 1
e 15 16 1
e 15 19 1
e 16 17 1
e 16 20 1
e 17 18 1
e 17 20 1
e 18 20 1
t # 45
v 0 7
v 1 10
v 2 6
v 3 19
v 4 4
v 5 0
v 6 13
v 7 8
v 8 1
v 9 5
v 10 16
v 11 11
v 12 9
v 13 2
v 14 18
v 15 17
v 16 14
v 17 3
e 0 3 1
e 0 4 1
e 0 5 1
e 0 6 1
e 0 7 1
e 0 8 1
e 0 9 1
e 0 10 1
e 0 11 1
e 0 12 1
e 0 13 1
e 0 14 1
e 0 16 1
e 0 17 1
e 1 2 1
e 1 3 1
e 1 4 1
e 1 5 1
e 1 7 1
e 1 8 1
e 1 9 1
e 1 10 1
e 1 11 1
e 1 12 1
e 1 13 1
e 1 15 1
e 1 17 1
e 2 3 1
e 2 4 1
e 2 5 1
e 2 8 1
e 2 10 1
e 2 12 1
e 2 13 1
e 2 15 1
e 2 16 1
e 2 17 1
e 3 4 1
e 3 5 1
e 3 6 1
e 3 7 1
e 3 8 1
e 3 9 1
e 3 10 1
e 3 11 1
e 3 12 1
e 3 13 1
e 3 14 1
e 3 15 1
e 3 16 1
e 3 17 1
e 4 6 1
e 4 7 1
e 4 9 1
e 4 11 1
e 4 15 1
e 5 6 1
e 5 7 1
e 5 8 1
e 5 9 1
e 5 10 1
e 5 11 1
e 5 13 1
e 5 14 1
e 5 17 1
e 6 7 1
e 6 11 1
e 6 12 1
e 6 13 1
e 6 14 1
e 6 16 1
e 6 17 1
e 7 9 1
e 7 10 1
e 7 11 1
e 7 12 1
e 7 13 1
e 7 14 1
e 7 17 1
e 8 9 1
e 8 11 1
e 8 12 1
e 8 13 1
e 8 14 1
e 8 16 1
e 9 10 1
e 9 13 1
e 9 14 1
e 9 15 1
e 9 16 1
e 10 11 1
e 10 13 1
e 10 15 1
e 10 16 1
e 10 17 1
e 11 12 1
e 11 13 1
e 11 14 1
e 11 15 1
e 11 16 1
e 12 13 1
e 12 14 1
e 12 16 1
e 12 17 1
e 13 15 1
e 13 16 1
e 14 15 1
e 14 16 1
e 15 17 1
e 16 17 1
t # 46
v 0 16
v 1 21
v 2 10
v 3 13
v 4 11
v 5 19
v 6 7
v 7 8
v 8 4
v 9 12
v 10 17
v 11 6
v 12 0
v 13 5
v 14 2
v 15 3
v 16 9
e 0 2 1
e 0 3 1
e 0 5 1
e 0 7 1
e 0 10 1
e 0 11 1
e 0 12 1
e 0 14 1
e 0 16 1
e 1 2 1
e 1 3 1
e 1 4 1
e 1 6 1
e 1 7 1
e 1 10 1
e 1 11 1
e 1 12 1
e 1 13 1
e 1 15 1
e 2 4 1
e 2 8 1
e 2 10 1
e 2 11 1
e 2 12 1
e 2 14 1
e 2 16 1
e 3 4 1
e 3 12 1
e 3 15 1
e 4 5 1
e 4 7 1
e 4 8 1
e 4 10 1
e 4 13 1
e 5 6 1
e 5 8 1
e 5 15 1
e 5 16 1
e 6 7 1
e 6 8 1
e 6 10 1
e 6 11 1
e 6 12 1
e 6 13 1
e 6 14 1
e 6 15 1
e 7 9 1
e 7 11 1
e 7 13 1
e 7 16 1
e 8 9 1
e 8 10 1
e 8 11 1
e 8 12 1
e 8 13 1
e 8 14 1
e 9 11 1
e 9 13 1
e 9 14 1
e 10 11 1
e 10 13 1
e 10 15 1
e 11 12 1
e 11 16 1
e 12 13 1
e 12 14 1
e 12 16 1
e 13 15 1
e 14 15 1
e 14 16 1
e 15 16 1
t # 47
v 0 1
v 1 3
v 2 14
v 3 21
v 4 18
v 5 5
v 6 9
v 7 16
v 8 6
v 9 12
v 10 15
v 11 17
v 12 11
v 13 4
v 14 13
v 15 2
e 0 1 1
e 0 2 1
e 0 3 1
e 0 4 1
e 0 5 1
e 0 6 1
e 0 8 1
e 0 10 1
e 0 11 1
e 0 12 1
e 0 15 1
e 1 2 1
e 1 4 1
e 1 5 1
e 1 6 1
e 1 8 1
e 1 9 1
e 1 10 1
e 1 11 1
e 1 13 1
e 1 15 1
e 2 3 1
e 2 4 1
e 2 5 1
e 2 7 1
e 2 9 1
e 2 10 1
e 2 11 1
e 2 12 1
e 2 13 1
e 2 15 1
e 3 4 1
e 3 5 1
e 3 6 1
e 3 7 1
e 3 8 1
e 3 9 1
e 3 10 1
e 3 11 1
e 3 12 1
e 3 15 1
e 4 5 1
e 4 6 1
e 4 8 1
e 4 9 1
e 4 11 1
e 4 12 1
e 4 13 1
e 4 14 1
e 4 15 1
e 5 6 1
e 5 7 1
e 5 8 1
e 5 9 1
e 5 10 1
e 5 11 1
e 5 12 1
e 5 13 1
e 5 14 1
e 6 8 1
e 6 9 1
e 6 10 1
e 6 11 1
e 6 12 1
e 6 14 1
e 6 15 1
e 7 8 1
e 7 9 1
e 7 10 1
e 7 12 1
e 7 14 1
e 8 9 1
e 8 10 1
e 8 11 1
e 8 13 1
e 8 15 1
e 9 10 1
e 9 11 1
e 9 12 1
e 9 14 1
e 10 11 1
e 10 13 1
e 10 14 1
e 11 12 1
e 11 13 1
e 11 14 1
e 11 15 1
e 12 13 1
e 12 14 1
e 12 15 1
e 13 14 1
e 13 15 1
e 14 15 1
t # 48
v 0 2
v 1 19
v 2 0
v 3 4
v 4 6
v 5 13
v 6 1
v 7 18
v 8 20
v 9 7
v 10 12
v 11 3
v 12 16
v 13 14
v 14 21
v 15 8
v 16 5
v 17 15
v 18 9
v 19 17
e 0 9 1
e 0 18 1
e 1 3 1
e 1 6 1
e 2 10 1
e 2 12 1
e 2 19 1
e 3 9 1
e 3 10 1
e 3 11 1
e 3 13 1
e 4 6 1
e 4 8 1
e 5 7 1
e 5 16 1
e 6 7 1
e 6 13 1
e 7 8 1
e 7 9 1
e 7 13 1
e 7 14 1
e 8 9 1
e 8 10 1
e 8 15 1
e 8 16 1
e 8 19 1
e 9 12 1
e 9 14 1
e 10 13 1
e 10 19 1
e 11 14 1
e 11 15 1
e 13 17 1
e 14 17 1
t # 49
v 0 18
v 1 2
v 2 1
v 3 11
v 4 16
v 5 0
v 6 21
v 7 12
v 8 9
v 9 10
v 10 19
v 11 3
v 12 4
v 13 6
v 14 20
v 15 13
v 16 7
v 17 17
v 18 5
v 19 14
e 0 4 1
e 0 8 1
e 0 18 1
e 0 19 1
e 1 4 1
e 2 5 1
e 2 9 1
e 2 13 1
e 2 18 1
e 3 4 1
e 3 5 1
e 4 10 1
e 4 17 1
e 5 6 1
e 5 15 1
e 5 17 1
e 6 14 1
e 6 15 1
e 7 10 1
e 8 18 1
e 9 10 1
e 9 14 1
e 10 11 1
e 10 14 1
e 11 15 1
e 12 17 1
e 12 18 1
e 13 18 1
e 14 16 1
e 15 17 1
e 15 19 1
e 16 19 1
