*verties 25
15
3
24
22
29
7
25
0
2
9
11
1
28
6
23
27
4
17
30
13
20
12
10
21
16
*edges 
15 3
15 24
15 22
15 29
15 7
15 25
15 2
15 11
15 1
15 28
15 6
15 27
15 4
15 17
15 30
15 13
15 20
15 12
15 10
15 21
3 24
3 22
3 29
3 7
3 25
3 2
3 9
3 1
3 28
3 23
3 27
3 4
3 17
3 30
3 13
3 20
3 12
3 10
3 16
24 22
24 29
24 7
24 9
24 1
24 28
24 6
24 23
24 27
24 4
24 17
24 13
24 20
24 12
24 10
24 21
24 16
22 25
22 0
22 2
22 9
22 11
22 1
22 6
22 23
22 27
22 17
22 30
22 13
22 20
22 12
22 10
22 21
22 16
29 0
29 2
29 11
29 1
29 28
29 23
29 27
29 4
29 17
29 30
29 13
29 20
29 12
29 10
29 21
29 16
7 25
7 0
7 2
7 9
7 11
7 1
7 6
7 23
7 27
7 17
7 30
7 13
7 20
7 10
7 21
25 0
25 11
25 23
25 4
25 17
25 30
25 13
25 20
25 10
25 21
25 16
0 2
0 9
0 11
0 28
0 23
0 27
0 17
0 30
0 13
0 20
0 10
0 21
0 16
2 9
2 11
2 1
2 28
2 6
2 27
2 4
2 17
2 30
2 13
2 20
2 12
2 10
9 11
9 1
9 28
9 6
9 23
9 27
9 17
9 30
9 13
9 20
9 12
9 10
9 21
9 16
11 28
11 23
11 27
11 4
11 17
11 30
11 20
11 12
11 10
11 21
11 16
1 28
1 6
1 23
1 27
1 4
1 17
1 13
1 20
1 10
1 21
28 6
28 27
28 4
28 17
28 20
28 12
28 10
28 21
28 16
6 4
6 30
6 13
6 20
6 12
6 21
6 16
23 27
23 17
23 30
23 13
23 20
23 10
23 16
27 4
27 30
27 13
27 20
27 12
27 21
27 16
4 17
4 30
4 13
4 12
4 21
4 16
17 30
17 13
17 20
17 12
17 10
17 16
30 20
30 10
13 10
13 21
13 16
20 12
20 10
20 21
20 16
12 21
12 16
10 21
10 16
