*verties 30
2
28
16
29
9
23
21
27
25
8
18
0
5
14
30
22
20
26
4
24
6
15
12
13
31
10
17
7
3
11
*edges 
2 28
2 16
2 29
2 21
2 27
2 25
2 8
2 0
2 20
2 26
2 4
2 24
2 6
2 12
2 31
28 16
28 29
28 9
28 8
28 18
28 5
28 30
28 4
28 6
28 13
28 31
28 10
28 17
16 29
16 9
16 25
16 18
16 5
16 14
16 20
16 24
16 6
16 15
16 12
16 31
16 10
16 17
16 7
16 3
16 11
29 23
29 21
29 14
29 30
29 26
29 6
29 12
29 13
29 17
29 3
29 11
9 23
9 27
9 0
9 30
9 20
9 6
9 15
9 12
9 13
9 31
9 10
9 3
23 21
23 8
23 30
23 22
23 20
23 26
23 24
23 12
23 31
23 7
23 11
21 27
21 0
21 5
21 22
21 20
21 26
21 4
21 24
21 6
21 15
21 13
21 31
21 17
21 7
27 25
27 18
27 0
27 5
27 14
27 30
27 22
27 26
27 4
27 24
27 6
27 15
27 10
27 7
25 8
25 18
25 5
25 14
25 4
25 15
25 12
25 7
25 3
25 11
8 18
8 5
8 22
8 20
8 26
8 24
8 15
8 3
8 11
18 0
18 14
18 30
18 26
18 4
18 6
18 12
18 10
0 14
0 30
0 22
0 20
0 26
0 4
0 24
0 13
0 7
0 3
5 14
5 30
5 24
5 31
5 7
5 11
14 30
14 20
14 26
14 4
14 24
14 6
14 13
14 31
14 10
14 7
14 3
14 11
30 22
30 24
30 6
30 13
30 10
30 7
30 3
22 20
22 26
22 24
22 6
22 12
22 13
22 11
20 26
20 4
20 24
20 6
20 10
20 17
20 7
26 4
26 15
26 13
26 10
26 7
26 11
4 6
4 15
4 13
4 31
4 10
4 17
4 11
24 6
24 10
24 7
6 13
6 11
15 12
15 31
15 10
15 17
15 7
12 10
12 17
12 7
12 3
12 11
13 31
13 10
13 17
13 7
13 3
13 11
31 10
31 17
31 3
31 11
10 7
17 7
17 3
