*verties 28
11
30
16
14
6
19
25
3
7
1
21
8
28
4
24
17
29
0
10
27
2
23
13
22
12
20
31
18
*edges 
11 25
11 3
11 28
11 24
11 27
11 23
11 22
11 20
11 31
30 16
30 14
30 19
30 3
30 28
30 24
30 17
30 29
30 2
16 14
16 7
16 21
16 24
16 13
16 20
16 18
14 19
14 25
14 21
14 4
14 13
14 20
6 7
6 8
6 4
6 2
6 22
6 12
6 20
6 31
19 25
19 28
19 24
19 22
19 12
19 31
25 28
25 29
25 0
25 23
25 12
3 7
3 8
3 4
3 24
3 13
7 17
7 29
7 27
7 23
7 13
7 20
1 24
1 0
1 23
1 31
1 18
21 24
21 27
21 2
21 22
21 31
8 24
8 0
8 23
8 22
8 31
8 18
28 10
28 27
28 31
4 24
4 13
4 22
4 31
24 17
24 10
24 27
24 2
24 23
24 22
17 0
17 10
17 2
17 23
17 18
29 27
29 31
0 10
0 12
10 22
10 12
27 22
27 20
27 18
2 22
2 12
23 31
13 22
13 31
22 20
22 18
