*verties 31
20
3
30
4
1
14
5
13
29
2
6
17
27
11
7
31
0
9
8
26
24
28
23
12
15
16
21
18
22
19
25
*edges 
20 14
20 13
20 6
20 26
20 24
20 16
20 21
20 18
3 13
3 29
3 6
3 17
3 27
3 31
3 0
3 8
3 28
3 15
3 18
3 22
3 19
30 14
30 29
30 2
30 17
30 27
30 7
30 16
30 18
30 19
30 25
4 1
4 5
4 13
4 27
4 7
4 26
4 12
4 15
4 16
1 14
1 29
1 2
1 6
1 17
1 7
1 31
1 26
1 28
1 23
1 15
1 18
1 22
14 13
14 29
14 6
14 11
14 24
14 12
14 21
14 22
5 13
5 29
5 6
5 24
5 15
5 16
5 21
5 18
5 22
13 29
13 2
13 17
13 7
13 31
13 0
13 9
13 8
13 15
13 21
13 25
29 2
29 17
29 27
29 11
29 9
29 8
29 26
29 24
29 12
29 16
29 19
2 17
2 27
2 7
2 31
2 9
2 8
2 26
2 24
2 28
2 15
2 16
2 19
6 31
6 0
6 23
6 12
6 15
6 18
17 31
17 9
17 8
17 23
17 12
17 15
17 16
17 21
17 19
17 25
27 11
27 31
27 0
27 9
27 15
27 16
27 21
27 22
11 31
11 9
11 8
11 26
11 24
11 23
11 16
11 21
11 25
7 31
7 9
7 24
7 16
7 22
7 25
31 0
31 8
31 26
31 24
31 28
31 23
31 15
31 22
31 19
31 25
0 26
0 24
0 23
0 22
9 8
9 16
9 21
9 22
8 26
8 12
8 15
8 18
26 24
26 23
26 12
26 16
26 22
26 25
24 28
24 23
24 18
28 12
28 16
28 22
28 19
28 25
23 15
23 18
23 19
12 15
12 22
12 19
15 16
15 25
16 21
16 18
16 22
16 19
21 18
21 22
18 22
18 19
