*verties 26
6
4
25
0
8
10
3
13
26
27
1
17
7
22
15
24
18
5
23
20
16
9
29
12
11
28
*edges 
6 0
6 10
6 27
6 1
6 17
6 7
6 15
6 24
6 18
6 5
6 23
6 16
6 9
6 29
6 12
6 11
6 28
4 25
4 8
4 3
4 1
4 17
4 7
4 22
4 15
4 5
4 23
4 20
4 16
4 29
4 11
4 28
25 0
25 8
25 3
25 13
25 26
25 27
25 1
25 15
25 24
25 18
25 5
25 23
25 20
25 9
25 29
25 12
25 28
0 8
0 10
0 3
0 13
0 27
0 1
0 7
0 15
0 24
0 18
0 5
0 23
0 20
0 29
0 11
0 28
8 3
8 26
8 27
8 1
8 17
8 7
8 22
8 15
8 24
8 5
8 23
8 20
8 16
8 9
8 12
10 3
10 26
10 27
10 17
10 22
10 15
10 24
10 5
10 16
10 29
10 11
10 28
3 13
3 27
3 17
3 7
3 5
3 23
3 29
3 12
3 11
3 28
13 26
13 27
13 1
13 17
13 7
13 24
13 5
13 16
13 9
13 12
26 22
26 18
26 23
26 20
26 16
26 29
26 12
26 11
27 1
27 17
27 15
27 24
27 5
27 23
27 16
27 9
27 28
1 17
1 15
1 24
1 5
1 20
1 16
1 29
1 11
1 28
17 7
17 22
17 15
17 24
17 18
17 20
17 16
17 29
17 28
7 22
7 15
7 24
7 20
7 16
7 9
7 11
7 28
22 15
22 18
22 5
22 23
22 20
22 29
22 12
15 24
15 18
15 23
15 20
15 16
15 11
15 28
24 5
24 20
24 9
24 12
24 11
24 28
18 5
18 23
18 20
18 16
18 11
18 28
5 23
5 20
5 29
5 11
23 16
23 29
23 12
23 11
23 28
20 16
20 9
20 29
20 12
20 11
16 28
9 29
9 12
9 11
29 12
29 28
12 11
12 28
11 28
