*verties 27
22
29
23
11
24
1
8
31
4
7
28
15
13
0
17
19
27
9
30
18
21
5
20
16
3
12
26
*edges 
22 29
22 23
22 11
22 8
22 31
22 4
22 7
22 15
22 0
22 19
22 9
22 18
22 21
22 5
22 16
22 3
22 26
29 23
29 1
29 8
29 31
29 7
29 15
29 0
29 17
29 27
29 9
29 5
29 20
29 16
29 12
23 24
23 8
23 4
23 7
23 19
23 27
23 30
23 18
23 20
23 16
23 3
23 12
23 26
11 7
11 13
11 0
11 17
11 27
11 30
11 21
11 3
11 12
11 26
24 1
24 4
24 7
24 28
24 15
24 13
24 0
24 17
24 19
24 9
24 30
24 18
24 5
24 3
24 12
1 8
1 0
1 17
1 19
1 27
1 30
1 18
1 21
1 20
1 16
8 4
8 7
8 28
8 15
8 13
8 0
8 17
8 27
8 9
8 5
8 20
8 16
31 4
31 7
31 15
31 27
31 30
31 18
31 21
31 20
31 3
31 12
31 26
4 7
4 15
4 13
4 19
4 27
4 21
4 5
4 20
4 16
4 26
7 15
7 13
7 17
7 19
7 27
7 18
7 21
7 16
7 3
7 12
7 26
28 15
28 13
28 0
28 17
28 19
28 27
28 30
28 18
28 21
28 20
28 3
15 30
15 21
15 5
15 20
15 16
15 3
13 17
13 9
13 30
13 18
13 20
13 16
13 3
13 12
13 26
0 27
0 16
0 26
17 27
17 21
17 5
17 20
17 16
17 26
19 27
19 30
19 18
19 5
19 20
19 16
19 3
19 12
27 9
27 21
27 5
27 20
9 30
9 18
9 5
9 16
9 3
30 18
30 21
30 5
30 20
30 3
30 12
30 26
18 21
18 5
18 20
18 16
18 3
18 12
21 20
5 20
5 3
5 12
20 16
20 3
20 12
16 3
16 12
3 12
3 26
12 26
