*verties 28
30
21
10
12
5
28
1
7
24
23
17
11
22
2
4
19
3
16
9
26
29
25
13
8
20
18
31
6
*edges 
30 21
30 10
30 12
30 5
30 28
30 1
30 7
30 24
30 11
30 22
30 4
30 19
30 3
30 16
30 9
30 29
30 25
30 8
30 20
30 18
30 31
30 6
21 10
21 12
21 5
21 28
21 1
21 7
21 23
21 17
21 11
21 22
21 2
21 4
21 19
21 16
21 9
21 26
21 29
21 13
21 8
21 20
21 18
21 31
21 6
10 12
10 5
10 28
10 1
10 24
10 23
10 17
10 11
10 22
10 2
10 4
10 19
10 3
10 16
10 9
10 26
10 29
10 25
10 8
10 20
10 18
10 31
10 6
12 5
12 28
12 1
12 7
12 24
12 23
12 17
12 11
12 22
12 2
12 4
12 19
12 16
12 9
12 26
12 29
12 25
12 13
12 8
12 20
12 18
12 31
12 6
5 28
5 1
5 7
5 24
5 23
5 17
5 11
5 22
5 2
5 4
5 19
5 3
5 16
5 9
5 26
5 29
5 25
5 13
5 8
5 20
5 31
5 6
28 1
28 7
28 24
28 23
28 17
28 11
28 22
28 2
28 4
28 3
28 16
28 9
28 26
28 29
28 25
28 8
28 20
28 18
28 31
28 6
1 7
1 24
1 23
1 17
1 11
1 22
1 2
1 4
1 19
1 3
1 16
1 9
1 26
1 29
1 25
1 13
1 8
1 18
1 31
1 6
7 24
7 23
7 17
7 2
7 19
7 3
7 16
7 9
7 26
7 29
7 25
7 13
7 8
7 20
7 18
7 31
7 6
24 17
24 22
24 2
24 4
24 19
24 3
24 16
24 9
24 26
24 29
24 25
24 8
24 20
24 31
24 6
23 17
23 11
23 22
23 2
23 4
23 19
23 16
23 9
23 26
23 29
23 25
23 13
23 8
23 20
23 18
23 31
23 6
17 11
17 22
17 2
17 4
17 19
17 3
17 16
17 9
17 26
17 29
17 25
17 13
17 8
17 20
17 18
17 31
17 6
11 22
11 2
11 19
11 3
11 16
11 9
11 26
11 29
11 25
11 13
11 8
11 20
11 18
11 31
11 6
22 2
22 4
22 19
22 3
22 16
22 26
22 29
22 25
22 13
22 8
22 20
22 18
22 31
22 6
2 4
2 19
2 3
2 16
2 9
2 26
2 29
2 25
2 13
2 8
2 20
2 31
2 6
4 19
4 3
4 16
4 9
4 26
4 29
4 25
4 13
4 8
4 20
4 18
4 31
4 6
19 3
19 16
19 9
19 26
19 29
19 25
19 13
19 8
19 20
19 18
19 31
19 6
3 16
3 9
3 26
3 29
3 25
3 13
3 8
3 20
3 18
3 31
3 6
16 9
16 26
16 29
16 25
16 13
16 8
16 20
16 18
16 31
16 6
9 26
9 29
9 25
9 13
9 8
9 20
9 18
9 31
9 6
26 29
26 25
26 13
26 8
26 20
26 18
26 31
26 6
29 25
29 13
29 20
29 18
29 31
29 6
25 8
25 20
25 31
25 6
13 8
13 20
13 18
13 31
13 6
8 20
8 18
8 31
8 6
20 18
20 31
20 6
18 31
18 6
31 6
