*verties 26
12
26
17
25
8
24
28
3
10
21
1
31
16
0
22
29
18
23
14
9
7
27
13
15
11
19
*edges 
12 17
12 25
12 8
12 21
12 0
12 22
12 23
12 14
12 9
12 7
12 15
12 11
12 19
26 25
26 8
26 3
26 31
26 16
26 0
26 29
26 14
26 9
26 27
26 15
26 19
17 28
17 10
17 31
17 16
17 22
17 18
17 14
17 9
17 7
17 13
17 15
17 19
25 8
25 24
25 3
25 21
25 16
25 22
25 29
25 18
25 14
25 9
25 27
25 13
25 15
8 10
8 1
8 31
8 16
8 22
8 29
8 23
8 14
8 9
8 7
8 27
8 13
8 15
8 19
24 28
24 3
24 10
24 21
24 1
24 31
24 0
24 18
24 23
24 14
24 7
24 27
24 13
24 15
24 11
28 3
28 21
28 1
28 29
28 23
28 14
28 9
28 7
28 27
28 13
28 19
3 10
3 21
3 22
3 23
3 14
3 9
3 7
3 27
3 13
3 11
10 1
10 31
10 16
10 9
10 7
10 27
10 11
21 1
21 0
21 29
21 23
21 14
21 9
21 13
21 15
21 11
21 19
1 31
1 0
1 29
1 23
1 9
1 7
1 27
1 13
31 16
31 29
31 18
31 14
31 9
31 27
31 11
31 19
16 0
16 18
16 7
16 27
16 13
16 15
16 11
16 19
0 22
0 29
0 18
0 14
0 27
0 13
22 29
22 18
22 9
22 7
22 13
22 11
29 18
29 23
29 9
29 27
29 15
18 23
18 27
18 13
18 15
18 11
23 14
23 13
14 7
14 13
9 27
9 13
9 15
9 19
7 27
7 13
7 19
27 13
27 15
27 11
27 19
13 15
13 11
15 19
