*verties 24
18
4
9
26
24
1
10
13
30
16
21
14
7
31
8
11
25
15
29
17
2
27
22
6
*edges 
18 4
18 26
18 24
18 1
18 10
18 30
18 21
18 14
18 7
18 31
18 8
18 11
18 25
18 15
18 29
18 2
18 27
18 22
18 6
4 9
4 26
4 24
4 1
4 10
4 13
4 30
4 21
4 14
4 7
4 31
4 8
4 11
4 25
4 15
4 2
4 6
9 26
9 24
9 1
9 13
9 30
9 21
9 14
9 7
9 31
9 8
9 11
9 15
9 29
9 17
9 27
9 22
9 6
26 10
26 13
26 16
26 31
26 8
26 11
26 15
26 29
26 17
26 27
26 6
24 10
24 13
24 30
24 14
24 31
24 8
24 11
24 25
24 15
24 17
24 27
24 22
24 6
1 10
1 13
1 30
1 16
1 14
1 7
1 31
1 8
1 15
1 29
1 2
1 22
10 13
10 30
10 31
10 11
10 15
10 27
10 22
10 6
13 30
13 16
13 21
13 7
13 31
13 8
13 11
13 15
13 29
13 17
13 2
13 27
13 22
13 6
30 16
30 21
30 14
30 31
30 8
30 11
30 15
30 29
30 17
30 2
30 27
30 22
16 21
16 14
16 31
16 17
16 2
16 22
16 6
21 14
21 31
21 15
21 29
21 17
21 22
14 7
14 31
14 8
14 25
14 15
14 29
14 17
14 2
14 22
7 31
7 8
7 11
7 25
7 15
7 29
7 17
7 2
7 27
7 22
31 11
31 25
31 15
31 17
31 2
31 27
31 6
8 11
8 25
8 29
8 2
8 22
11 15
11 29
11 2
11 27
11 6
25 29
25 17
25 22
15 2
15 27
15 22
29 17
29 2
29 27
29 22
29 6
17 2
17 27
17 6
2 27
2 22
27 6
22 6
