*verties 20
25
14
3
19
7
17
18
30
0
29
12
26
16
27
4
15
31
1
13
11
*edges 
25 14
25 3
25 19
25 7
25 0
25 12
25 26
25 16
25 4
25 15
25 31
25 1
25 11
14 3
14 18
14 0
14 29
14 12
14 26
14 27
14 4
14 31
3 19
3 7
3 0
3 29
3 26
3 16
3 4
3 31
3 1
3 13
19 7
19 18
19 30
19 26
19 27
19 15
19 31
19 1
19 13
19 11
7 17
7 18
7 29
7 12
7 26
7 4
7 31
7 1
7 13
17 18
17 30
17 26
17 16
17 27
17 15
17 31
17 13
17 11
18 0
18 29
18 26
18 16
18 27
18 4
18 15
18 31
18 11
30 12
30 4
30 15
30 1
0 29
0 12
0 26
0 27
0 4
0 15
0 1
0 13
29 26
29 16
29 4
29 15
29 31
29 1
29 11
12 27
12 4
12 15
12 1
12 13
26 16
26 4
26 31
26 1
26 13
27 4
27 15
27 31
27 1
27 13
27 11
4 15
4 31
4 1
4 13
4 11
15 13
15 11
31 1
31 11
1 13
13 11
