*verties 31
23
2
6
27
9
12
16
1
31
11
13
0
5
21
14
15
28
10
7
3
4
24
29
22
25
20
18
30
26
8
19
*edges 
23 6
23 27
23 9
23 12
23 1
23 31
23 0
23 21
23 14
23 15
23 10
23 3
23 4
23 22
23 30
23 8
2 6
2 16
2 1
2 11
2 13
2 0
2 21
2 14
2 28
2 7
2 3
2 4
2 22
2 25
2 18
2 26
2 19
6 27
6 9
6 12
6 31
6 11
6 13
6 0
6 14
6 10
6 3
6 24
6 25
6 18
6 19
27 12
27 16
27 1
27 13
27 5
27 21
27 14
27 15
27 10
27 4
27 24
27 20
27 18
27 8
9 12
9 11
9 0
9 15
9 10
9 7
9 4
9 24
9 22
9 25
9 18
9 26
9 8
12 16
12 1
12 11
12 0
12 21
12 14
12 15
12 28
12 10
12 7
12 4
12 20
12 18
12 8
16 1
16 31
16 11
16 13
16 0
16 5
16 28
16 7
16 29
16 20
16 26
16 8
1 21
1 28
1 3
1 29
1 22
1 25
1 18
1 30
1 8
1 19
31 0
31 5
31 21
31 15
31 28
31 10
31 7
31 4
31 24
31 29
31 22
31 25
31 20
31 8
11 0
11 5
11 15
11 10
11 7
11 4
11 29
11 25
11 20
11 30
11 26
11 8
11 19
13 0
13 14
13 28
13 10
13 7
13 4
13 24
13 29
13 25
13 18
13 30
13 26
13 8
0 5
0 21
0 14
0 15
0 28
0 10
0 7
0 4
0 29
0 22
0 25
0 20
0 18
0 26
0 8
0 19
5 28
5 3
5 4
5 22
5 25
5 20
5 18
5 30
5 8
21 14
21 28
21 4
21 24
21 29
21 22
21 25
21 20
21 18
21 30
14 15
14 28
14 7
14 24
14 29
14 22
14 30
14 8
15 28
15 7
15 3
15 4
15 22
15 25
15 18
15 30
15 26
15 8
28 7
28 3
28 24
28 29
28 18
28 30
28 8
10 7
10 4
10 24
10 29
10 25
10 20
10 18
10 30
10 19
7 3
7 4
7 24
7 29
7 20
7 18
7 30
7 26
7 8
3 22
3 25
3 20
3 18
3 26
3 8
3 19
4 22
4 20
4 18
4 30
4 26
4 19
24 22
24 30
24 19
29 22
29 18
29 26
29 8
29 19
22 20
22 30
22 8
22 19
25 20
25 30
25 8
20 18
20 30
20 8
18 30
18 26
18 19
26 8
8 19
