*verties 27
7
22
18
19
8
17
9
14
5
28
20
3
6
27
4
1
13
25
15
0
10
26
11
31
12
29
23
*edges 
7 22
7 19
7 17
7 9
7 15
7 11
7 12
7 29
22 14
22 28
22 3
22 4
22 1
22 26
22 31
18 8
18 5
18 3
18 25
18 26
18 31
19 8
19 5
19 15
19 26
19 31
8 17
8 9
8 28
8 1
8 13
17 25
17 15
17 10
17 12
17 23
9 5
9 20
9 6
9 13
9 0
9 31
9 29
14 5
14 28
14 3
14 15
14 11
5 20
5 1
5 13
5 25
5 10
28 20
28 3
28 4
28 15
28 26
28 29
20 3
20 27
20 4
20 25
20 0
20 26
20 31
20 23
3 6
3 27
3 26
3 11
3 29
6 27
6 4
6 25
6 15
6 11
6 31
6 12
6 23
27 13
27 25
27 10
27 26
27 29
4 15
4 10
1 26
1 11
1 29
1 23
13 25
13 15
13 0
13 10
13 23
25 12
15 26
15 12
15 23
0 31
0 29
10 11
10 31
10 29
26 12
26 29
11 31
31 12
31 23
12 29
29 23
