*verties 30
16
17
31
15
0
27
11
26
10
18
4
3
1
8
25
23
19
24
28
9
7
14
30
13
2
21
5
6
12
20
*edges 
16 17
16 15
16 0
16 10
16 18
16 3
16 1
16 8
16 23
16 19
16 9
16 7
16 30
16 2
16 21
16 5
16 20
17 15
17 0
17 26
17 4
17 1
17 14
17 30
17 2
17 21
17 5
31 15
31 27
31 11
31 26
31 10
31 18
31 4
31 1
31 25
31 23
31 19
31 9
31 7
31 30
31 13
31 2
31 5
31 6
31 20
15 0
15 27
15 26
15 18
15 1
15 25
15 7
15 14
15 30
15 21
15 6
15 12
15 20
0 27
0 10
0 4
0 3
0 8
0 23
0 19
0 28
0 7
0 14
0 5
0 6
0 12
27 4
27 3
27 1
27 8
27 23
27 9
27 14
27 30
27 13
27 21
27 5
27 20
11 10
11 18
11 4
11 3
11 8
11 25
11 23
11 19
11 24
11 28
11 9
11 7
11 14
11 12
26 18
26 4
26 1
26 8
26 23
26 19
26 24
26 9
26 7
26 13
26 21
26 6
26 12
10 18
10 19
10 28
10 14
10 30
10 21
10 12
18 4
18 3
18 25
18 19
18 28
18 9
18 21
18 5
18 12
18 20
4 3
4 19
4 24
4 28
4 14
4 30
4 13
4 5
4 6
3 24
3 2
3 6
3 12
1 8
1 19
1 24
1 7
1 14
1 13
1 21
1 5
1 6
1 12
8 25
8 24
8 28
8 9
8 7
8 2
8 21
8 5
25 23
25 28
25 9
25 7
25 13
25 2
25 5
25 6
25 20
23 24
23 28
23 9
23 7
23 2
23 5
23 12
23 20
19 24
19 9
19 14
19 30
19 13
19 21
19 5
19 12
19 20
24 28
24 9
24 7
24 30
24 13
24 2
24 21
24 20
28 7
28 14
28 2
28 21
28 5
28 20
9 7
9 13
9 2
9 21
9 5
9 6
9 20
7 14
7 2
7 20
14 30
14 13
14 21
14 6
30 21
30 5
13 5
13 20
2 6
2 12
2 20
21 6
21 12
21 20
5 6
6 12
12 20
