*verties 28
8
7
4
20
28
10
1
26
29
2
30
3
17
15
18
6
0
16
5
22
31
12
11
9
27
13
23
24
*edges 
8 7
8 10
8 1
8 26
8 29
8 3
8 15
8 18
8 6
8 0
8 16
8 5
8 31
8 12
8 9
8 27
8 13
8 24
7 4
7 20
7 28
7 10
7 26
7 2
7 30
7 3
7 17
7 18
7 6
7 0
7 16
7 5
7 22
7 31
7 12
7 11
7 9
7 13
7 24
4 20
4 28
4 1
4 26
4 2
4 30
4 3
4 17
4 15
4 18
4 6
4 0
4 16
4 5
4 22
4 31
4 12
4 11
4 9
4 27
4 23
4 24
20 10
20 29
20 2
20 30
20 3
20 18
20 0
20 16
20 5
20 31
20 12
20 11
20 9
20 27
20 23
20 24
28 10
28 1
28 26
28 29
28 2
28 30
28 3
28 17
28 18
28 0
28 16
28 5
28 22
28 12
28 11
28 9
28 27
28 13
28 23
28 24
10 1
10 26
10 29
10 2
10 3
10 17
10 18
10 6
10 0
10 16
10 5
10 22
10 31
10 12
10 11
10 27
10 13
10 23
10 24
1 29
1 2
1 30
1 3
1 15
1 18
1 6
1 0
1 5
1 22
1 31
1 12
1 11
1 9
1 27
1 23
1 24
26 29
26 2
26 30
26 3
26 17
26 15
26 18
26 6
26 0
26 16
26 5
26 22
26 31
26 12
26 9
26 27
26 13
26 23
26 24
29 2
29 30
29 3
29 17
29 15
29 18
29 6
29 0
29 5
29 22
29 31
29 12
29 11
29 9
29 27
29 13
29 23
29 24
2 30
2 3
2 17
2 18
2 6
2 16
2 5
2 22
2 31
2 11
2 9
2 27
2 13
2 23
2 24
30 3
30 17
30 15
30 6
30 0
30 16
30 5
30 22
30 31
30 12
30 11
30 9
30 27
30 13
30 23
30 24
3 17
3 18
3 16
3 5
3 22
3 12
3 9
3 27
3 13
3 23
17 18
17 6
17 0
17 16
17 5
17 22
17 31
17 12
17 9
17 27
17 13
17 23
15 18
15 6
15 0
15 16
15 5
15 22
15 31
15 12
15 11
15 27
15 13
18 6
18 0
18 16
18 22
18 31
18 12
18 11
18 9
18 27
18 13
18 23
18 24
6 0
6 16
6 5
6 22
6 31
6 12
6 11
6 13
6 23
6 24
0 16
0 5
0 22
0 31
0 12
0 11
0 9
0 27
0 13
0 23
0 24
16 5
16 22
16 31
16 12
16 11
16 9
16 27
16 23
16 24
5 22
5 12
5 9
5 27
5 13
5 23
5 24
22 12
22 11
22 9
22 27
22 13
22 24
31 12
31 11
31 9
31 27
31 13
31 23
31 24
12 11
12 9
12 27
12 13
12 23
12 24
11 9
11 27
11 13
11 23
9 13
9 23
9 24
27 13
27 23
27 24
13 23
13 24
23 24
