*verties 28
25
19
24
18
13
14
6
22
11
15
9
1
21
31
17
0
12
23
29
16
20
2
5
10
30
8
3
26
*edges 
25 18
25 13
25 14
25 6
25 11
25 15
25 17
25 0
25 12
25 16
25 20
25 5
25 10
25 30
25 8
25 3
19 24
19 13
19 22
19 9
19 1
19 31
19 0
19 29
19 16
19 20
19 2
19 5
19 10
19 3
19 26
24 13
24 14
24 22
24 11
24 15
24 9
24 1
24 21
24 0
24 29
24 16
24 20
24 2
24 5
24 10
24 30
18 13
18 14
18 6
18 11
18 9
18 1
18 21
18 31
18 17
18 0
18 23
18 29
18 20
18 2
18 10
18 30
18 8
13 14
13 6
13 22
13 11
13 15
13 9
13 21
13 31
13 17
13 12
13 23
13 29
13 16
13 2
13 30
13 8
14 6
14 22
14 11
14 1
14 21
14 17
14 12
14 16
14 20
14 5
14 10
14 8
14 3
14 26
6 11
6 15
6 9
6 31
6 17
6 0
6 12
6 29
6 20
6 5
6 10
6 30
6 8
6 26
22 11
22 15
22 9
22 21
22 31
22 0
22 12
22 29
22 16
22 20
22 2
22 5
22 10
22 30
22 3
11 15
11 1
11 21
11 17
11 0
11 29
11 16
11 20
11 2
11 5
11 10
11 30
11 26
15 1
15 21
15 31
15 17
15 23
15 16
15 2
15 3
15 26
9 1
9 21
9 31
9 17
9 29
9 16
9 20
9 2
9 5
9 30
9 8
9 3
1 21
1 31
1 17
1 0
1 12
1 2
1 10
1 30
1 8
1 3
21 31
21 17
21 0
21 12
21 29
21 16
21 20
21 5
21 8
21 3
21 26
31 17
31 0
31 23
31 29
31 20
31 5
31 10
31 3
31 26
17 23
17 16
17 20
17 2
17 5
17 10
17 30
17 8
0 23
0 29
0 20
0 2
0 5
0 10
0 30
0 8
0 3
12 29
12 16
12 20
12 2
12 10
12 30
12 8
23 29
23 20
23 5
23 10
23 30
23 3
23 26
29 16
29 2
29 10
29 30
29 8
29 26
16 20
16 2
16 5
16 10
16 30
16 8
16 26
20 2
20 5
20 10
20 30
20 8
20 3
2 5
2 10
2 8
2 3
5 10
5 8
5 26
10 30
10 3
10 26
30 8
30 3
30 26
8 26
3 26
