*verties 28
6
22
7
0
2
14
11
1
10
23
17
4
5
19
27
24
31
21
3
25
16
30
12
13
18
8
29
9
*edges 
6 22
6 2
6 14
6 1
6 10
6 23
6 17
6 4
6 5
6 19
6 27
6 24
6 31
6 21
6 25
6 30
6 18
6 8
6 29
6 9
22 7
22 0
22 11
22 1
22 10
22 23
22 17
22 4
22 5
22 19
22 31
22 21
22 3
22 25
22 16
22 30
22 13
22 8
22 29
22 9
7 0
7 2
7 14
7 11
7 10
7 23
7 17
7 5
7 19
7 24
7 31
7 21
7 25
7 16
7 30
7 12
7 13
7 18
7 8
7 29
7 9
0 2
0 14
0 11
0 1
0 10
0 23
0 17
0 4
0 5
0 19
0 27
0 24
0 31
0 21
0 25
0 16
0 30
0 12
0 13
0 18
0 29
0 9
2 14
2 11
2 1
2 10
2 23
2 17
2 4
2 5
2 19
2 27
2 24
2 3
2 25
2 16
2 30
2 12
2 13
2 18
2 8
2 9
14 11
14 1
14 10
14 17
14 19
14 31
14 21
14 3
14 25
14 16
14 30
14 12
14 13
14 18
14 8
14 29
14 9
11 10
11 23
11 17
11 4
11 5
11 31
11 21
11 3
11 25
11 16
11 30
11 12
11 18
11 8
11 29
11 9
1 10
1 23
1 17
1 4
1 5
1 24
1 31
1 21
1 3
1 25
1 16
1 12
1 13
1 8
1 29
1 9
10 23
10 17
10 5
10 19
10 27
10 24
10 31
10 21
10 25
10 16
10 30
10 8
10 9
23 17
23 4
23 19
23 27
23 24
23 31
23 21
23 3
23 25
23 16
23 30
23 12
23 18
23 8
23 9
17 4
17 5
17 19
17 27
17 24
17 31
17 21
17 3
17 16
17 30
17 12
17 13
17 8
17 29
17 9
4 5
4 27
4 21
4 3
4 25
4 16
4 30
4 12
4 13
4 18
4 8
4 29
4 9
5 19
5 27
5 24
5 31
5 21
5 25
5 16
5 30
5 12
5 13
5 18
5 8
5 29
19 27
19 24
19 31
19 21
19 25
19 16
19 30
19 18
19 8
19 29
19 9
27 24
27 31
27 3
27 25
27 16
27 30
27 12
27 13
27 8
27 29
27 9
24 31
24 21
24 3
24 25
24 16
24 30
24 12
24 13
24 18
24 8
24 29
31 21
31 3
31 25
31 16
31 30
31 12
31 13
31 18
31 8
31 29
31 9
21 3
21 25
21 16
21 30
21 12
21 13
21 18
21 8
21 9
3 16
3 30
3 12
3 13
3 18
3 29
3 9
25 12
25 13
25 8
25 29
25 9
16 30
16 12
16 13
16 8
16 29
16 9
30 12
30 13
30 18
30 8
30 29
30 9
12 13
12 29
12 9
13 18
13 8
13 29
18 8
18 29
18 9
8 29
8 9
29 9
