*verties 30
12
19
7
0
3
23
16
27
5
20
17
6
4
25
10
30
29
24
18
14
13
21
2
31
9
26
15
28
11
22
*edges 
12 19
12 7
12 0
12 3
12 23
12 16
12 27
12 5
12 20
12 17
12 4
12 25
12 10
12 30
12 29
12 14
12 13
12 21
12 31
12 9
12 26
12 15
12 28
12 11
12 22
19 3
19 16
19 27
19 5
19 20
19 17
19 6
19 4
19 25
19 10
19 30
19 29
19 24
19 18
19 14
19 21
19 31
19 26
19 15
19 28
19 11
19 22
7 0
7 23
7 16
7 27
7 5
7 20
7 17
7 6
7 25
7 10
7 30
7 29
7 18
7 14
7 13
7 2
7 31
7 9
7 26
7 28
7 11
7 22
0 3
0 16
0 27
0 5
0 17
0 6
0 4
0 25
0 10
0 30
0 29
0 14
0 13
0 21
0 9
0 26
0 15
0 28
0 11
3 23
3 16
3 27
3 5
3 20
3 6
3 25
3 10
3 30
3 29
3 24
3 18
3 13
3 2
3 31
3 9
3 26
3 15
3 11
23 16
23 27
23 5
23 20
23 17
23 6
23 4
23 10
23 30
23 29
23 24
23 14
23 13
23 21
23 2
23 31
23 9
23 26
23 15
23 28
23 11
23 22
16 5
16 20
16 6
16 4
16 25
16 10
16 30
16 29
16 24
16 18
16 14
16 13
16 21
16 2
16 31
16 26
16 15
16 28
16 22
27 5
27 20
27 17
27 25
27 10
27 30
27 24
27 18
27 14
27 13
27 21
27 2
27 9
27 26
27 15
27 28
27 11
27 22
5 20
5 17
5 6
5 4
5 25
5 10
5 30
5 24
5 14
5 21
5 2
5 31
5 9
5 26
5 15
5 28
5 11
5 22
20 17
20 6
20 4
20 30
20 29
20 24
20 18
20 14
20 13
20 21
20 2
20 31
20 9
20 26
20 15
20 28
20 11
20 22
17 6
17 4
17 25
17 10
17 29
17 24
17 18
17 14
17 13
17 2
17 31
17 9
17 26
17 15
17 22
6 25
6 10
6 30
6 29
6 24
6 13
6 21
6 2
6 31
6 9
6 26
6 15
6 11
6 22
4 30
4 29
4 24
4 18
4 14
4 13
4 21
4 2
4 31
4 9
4 26
4 15
4 11
4 22
25 30
25 29
25 24
25 18
25 14
25 13
25 21
25 2
25 31
25 9
25 26
25 15
25 28
25 11
25 22
10 30
10 29
10 24
10 14
10 21
10 2
10 31
10 9
10 28
10 11
10 22
30 29
30 24
30 13
30 21
30 9
30 26
30 15
30 11
30 22
29 24
29 14
29 21
29 2
29 31
29 9
29 15
29 28
29 11
29 22
24 18
24 21
24 31
24 9
24 26
24 28
24 22
18 13
18 21
18 2
18 31
18 9
18 26
18 28
18 11
18 22
14 21
14 2
14 31
14 9
14 26
14 15
14 28
14 11
14 22
13 2
13 31
13 26
13 15
13 28
13 11
21 2
21 31
21 9
21 26
21 15
21 11
21 22
2 31
2 9
2 26
2 15
2 11
2 22
31 9
31 26
31 15
31 28
9 26
9 15
9 28
9 11
26 15
26 28
26 11
26 22
15 11
15 22
28 11
28 22
11 22
