*verties 26
25
7
24
5
13
27
14
17
6
29
1
9
12
28
31
2
3
21
19
4
18
15
23
8
20
11
*edges 
25 7
25 24
25 5
25 13
25 14
25 17
25 6
25 29
25 1
25 9
25 12
25 31
25 2
25 21
25 19
25 4
25 18
25 15
25 23
25 8
25 20
25 11
7 24
7 5
7 13
7 14
7 17
7 6
7 29
7 1
7 9
7 28
7 31
7 2
7 3
7 21
7 19
7 4
7 18
7 15
7 23
7 11
24 27
24 14
24 17
24 6
24 29
24 9
24 12
24 28
24 31
24 2
24 3
24 21
24 19
24 4
24 18
24 15
24 23
24 8
24 20
24 11
5 13
5 27
5 14
5 17
5 6
5 29
5 1
5 9
5 12
5 28
5 31
5 2
5 3
5 21
5 19
5 4
5 18
5 15
5 23
5 8
5 20
5 11
13 27
13 14
13 17
13 6
13 1
13 9
13 12
13 31
13 2
13 3
13 21
13 19
13 4
13 18
13 15
13 23
13 8
13 20
13 11
27 17
27 6
27 29
27 1
27 9
27 12
27 28
27 31
27 2
27 3
27 21
27 19
27 4
27 15
27 20
27 11
14 17
14 6
14 29
14 1
14 12
14 28
14 31
14 2
14 3
14 21
14 19
14 4
14 18
14 15
14 23
14 8
14 11
17 6
17 29
17 1
17 9
17 12
17 28
17 31
17 2
17 3
17 19
17 4
17 18
17 15
17 23
17 11
6 29
6 1
6 9
6 12
6 28
6 31
6 3
6 21
6 19
6 18
6 23
6 20
6 11
29 1
29 9
29 12
29 28
29 31
29 2
29 3
29 21
29 19
29 4
29 18
29 15
29 8
29 11
1 9
1 12
1 28
1 31
1 2
1 3
1 4
1 18
1 15
1 23
1 8
1 20
1 11
9 12
9 28
9 31
9 2
9 3
9 21
9 19
9 4
9 18
9 23
9 8
9 20
9 11
12 28
12 31
12 3
12 21
12 19
12 4
12 18
12 23
12 8
12 20
12 11
28 31
28 21
28 19
28 4
28 18
28 15
28 8
28 20
28 11
31 2
31 3
31 21
31 19
31 4
31 18
31 15
31 23
31 8
31 20
31 11
2 3
2 21
2 19
2 4
2 18
2 15
2 23
2 8
2 20
2 11
3 19
3 4
3 18
3 23
3 8
3 11
21 19
21 4
21 18
21 15
21 23
21 8
21 20
21 11
19 4
19 18
19 15
19 23
19 8
19 20
19 11
4 18
4 15
4 23
4 8
4 20
4 11
18 15
18 23
18 8
18 20
18 11
15 8
15 20
15 11
23 8
23 11
8 20
8 11
20 11
