*verties 22
17
16
30
22
0
29
10
8
3
9
20
18
1
2
7
24
28
21
4
19
12
6
*edges 
17 16
17 30
17 22
17 0
17 29
17 10
17 8
17 3
17 9
17 20
17 18
17 1
17 2
17 7
17 24
17 21
17 19
17 12
17 6
16 30
16 22
16 0
16 29
16 10
16 8
16 3
16 9
16 20
16 18
16 1
16 2
16 24
16 28
16 21
16 4
16 19
16 12
16 6
30 22
30 0
30 29
30 10
30 8
30 3
30 9
30 20
30 18
30 1
30 2
30 7
30 24
30 28
30 21
30 4
30 19
30 12
22 0
22 29
22 10
22 8
22 3
22 9
22 20
22 18
22 1
22 2
22 7
22 24
22 28
22 21
22 4
22 19
22 12
22 6
0 29
0 10
0 8
0 3
0 9
0 20
0 18
0 1
0 7
0 24
0 28
0 21
0 4
0 12
0 6
29 10
29 8
29 3
29 9
29 20
29 18
29 1
29 2
29 7
29 24
29 28
29 21
29 19
29 12
29 6
10 8
10 3
10 9
10 20
10 18
10 2
10 7
10 24
10 28
10 21
10 4
10 19
10 6
8 3
8 9
8 20
8 18
8 1
8 2
8 7
8 24
8 28
8 21
8 4
8 19
8 12
8 6
3 9
3 20
3 18
3 1
3 2
3 7
3 24
3 28
3 21
3 4
3 6
9 18
9 1
9 2
9 7
9 24
9 28
9 21
9 4
9 19
9 12
9 6
20 18
20 1
20 2
20 24
20 28
20 21
20 4
20 12
20 6
18 2
18 7
18 24
18 28
18 21
18 4
18 12
18 6
1 2
1 7
1 24
1 28
1 21
1 4
1 12
2 7
2 24
2 28
2 21
2 4
2 19
2 12
2 6
7 24
7 21
7 4
7 19
7 12
7 6
24 28
24 21
24 4
24 19
24 12
24 6
28 21
28 4
28 19
28 12
28 6
21 4
21 19
21 12
4 12
4 6
19 12
19 6
