*verties 29
15
0
13
26
7
24
10
21
1
9
17
30
11
29
22
31
19
23
16
2
5
3
27
12
8
28
14
20
4
*edges 
15 0
15 13
15 26
15 7
15 24
15 10
15 21
15 9
15 17
15 30
15 22
15 31
15 19
15 2
15 5
15 3
15 27
15 8
15 28
15 14
15 20
15 4
0 13
0 26
0 7
0 24
0 10
0 21
0 17
0 11
0 22
0 19
0 23
0 16
0 2
0 5
0 3
0 27
0 28
0 14
0 20
0 4
13 7
13 24
13 10
13 17
13 30
13 22
13 31
13 23
13 16
13 5
13 8
13 20
13 4
26 7
26 24
26 10
26 1
26 9
26 17
26 11
26 29
26 22
26 23
26 16
26 2
26 5
26 12
26 28
26 14
26 4
7 21
7 1
7 30
7 11
7 22
7 31
7 19
7 23
7 2
7 5
7 3
7 27
7 12
7 8
7 4
24 10
24 21
24 9
24 17
24 22
24 31
24 23
24 2
24 5
24 3
24 27
24 8
24 28
24 4
10 21
10 1
10 17
10 11
10 29
10 19
10 23
10 16
10 2
10 5
10 27
10 28
10 20
10 4
21 1
21 9
21 17
21 30
21 11
21 29
21 22
21 31
21 19
21 2
21 5
21 3
21 27
21 12
21 8
21 14
21 20
21 4
1 9
1 17
1 11
1 29
1 31
1 19
1 23
1 16
1 2
1 5
1 27
1 12
1 8
1 28
1 14
1 20
9 17
9 30
9 11
9 29
9 22
9 31
9 19
9 23
9 16
9 2
9 5
9 3
9 27
9 12
9 8
9 28
9 14
9 20
9 4
17 30
17 11
17 29
17 31
17 19
17 23
17 16
17 2
17 5
17 28
17 20
17 4
30 11
30 29
30 22
30 31
30 2
30 12
30 28
30 20
30 4
11 29
11 22
11 31
11 23
11 16
11 2
11 3
11 27
11 8
11 14
11 20
11 4
29 22
29 31
29 19
29 23
29 16
29 2
29 5
29 3
29 27
29 8
29 14
29 20
22 31
22 19
22 23
22 16
22 2
22 5
22 3
22 27
22 12
22 28
22 14
22 20
22 4
31 23
31 16
31 2
31 3
31 27
31 12
31 8
31 28
31 14
31 20
19 23
19 2
19 5
19 27
19 20
23 16
23 2
23 5
23 27
23 12
23 8
23 28
23 20
23 4
16 2
16 5
16 3
16 12
16 28
16 20
16 4
2 5
2 27
2 8
2 14
2 20
2 4
5 27
5 12
5 8
5 28
5 14
5 20
5 4
3 27
3 12
3 8
3 28
3 20
27 12
27 28
27 14
27 20
12 8
12 28
12 14
12 20
12 4
8 28
8 20
8 4
28 14
28 20
28 4
14 4
20 4
