*verties 25
8
26
3
20
22
19
1
24
17
28
11
30
31
15
12
18
21
14
29
16
5
23
7
10
13
*edges 
8 3
8 17
8 11
8 12
8 14
8 23
8 10
26 3
26 24
26 17
26 28
26 15
26 5
3 22
3 24
3 28
3 11
3 31
3 15
3 16
3 5
20 28
20 11
20 15
20 29
22 24
22 17
22 28
22 30
22 31
22 18
22 21
22 16
19 18
19 7
19 10
1 28
1 11
1 21
1 14
1 23
24 11
24 18
24 14
24 29
24 7
24 10
17 21
17 14
17 16
17 7
17 13
28 11
28 12
28 21
28 14
28 29
11 30
11 14
11 29
11 7
11 13
30 18
30 21
30 5
30 13
31 12
31 18
31 21
31 14
31 5
31 13
15 7
12 5
18 21
18 14
21 23
21 13
14 16
14 23
14 7
14 13
29 16
16 7
5 10
23 7
