*verties 20
10
31
7
0
20
2
14
12
29
26
5
13
30
4
19
18
17
9
16
11
*edges 
10 31
10 0
10 20
10 2
10 14
10 12
10 29
10 5
10 4
10 19
10 18
10 17
10 9
10 16
10 11
31 7
31 0
31 20
31 2
31 14
31 12
31 29
31 26
31 13
31 30
31 19
31 18
31 17
31 9
31 16
31 11
7 0
7 20
7 2
7 14
7 12
7 29
7 5
7 13
7 30
7 4
7 19
7 18
7 17
7 9
7 16
7 11
0 20
0 2
0 14
0 12
0 29
0 26
0 13
0 30
0 4
0 18
0 17
0 16
0 11
20 2
20 14
20 29
20 26
20 5
20 13
20 30
20 4
20 19
20 18
20 17
20 9
20 16
20 11
2 14
2 5
2 13
2 4
2 19
2 18
2 17
2 9
2 16
2 11
14 29
14 26
14 5
14 13
14 30
14 4
14 19
14 18
14 17
14 16
14 11
12 29
12 26
12 5
12 13
12 30
12 4
12 19
12 18
12 17
12 9
12 16
12 11
29 26
29 5
29 30
29 4
29 19
29 18
29 17
29 9
29 16
29 11
26 5
26 30
26 4
26 19
26 18
26 17
26 9
26 16
26 11
5 13
5 30
5 4
5 17
5 9
5 16
5 11
13 30
13 4
13 19
13 18
13 17
13 9
13 11
30 4
30 19
30 18
30 17
30 9
30 16
30 11
4 19
4 18
4 17
4 9
4 16
19 18
19 17
19 9
18 9
18 16
18 11
17 9
17 16
17 11
9 16
9 11
16 11
