*verties 26
19
8
2
23
30
27
1
31
0
10
4
7
25
3
22
12
6
20
15
29
21
18
24
28
14
11
*edges 
19 2
19 23
19 27
19 1
19 4
19 7
19 12
19 20
19 15
19 29
19 18
19 28
19 14
8 2
8 23
8 27
8 10
8 25
8 3
8 22
8 6
8 20
8 29
8 21
8 28
8 14
2 30
2 31
2 4
2 3
2 22
2 12
2 6
2 20
2 21
2 18
2 14
23 30
23 27
23 1
23 31
23 3
23 22
23 20
23 15
23 29
23 21
23 18
30 27
30 1
30 4
30 3
30 22
30 6
30 20
30 29
30 21
30 18
30 24
30 28
30 14
30 11
27 1
27 31
27 3
27 20
27 15
27 29
27 21
27 18
27 24
27 28
27 14
1 31
1 0
1 7
1 22
1 12
1 20
1 21
1 24
1 28
1 14
1 11
31 10
31 4
31 7
31 3
31 22
31 6
31 20
31 15
31 29
31 21
31 18
31 24
31 28
31 11
0 7
0 25
0 12
0 6
0 20
0 18
0 24
0 28
0 14
10 4
10 25
10 3
10 12
10 6
10 20
10 15
10 18
10 24
10 11
4 3
4 22
4 12
4 20
4 15
4 21
4 18
4 24
4 28
4 14
7 25
7 12
7 6
7 20
7 11
25 3
25 12
25 6
25 20
25 15
25 29
25 18
25 24
25 28
25 14
25 11
3 12
3 20
3 15
3 21
3 28
3 14
22 12
22 20
22 15
22 29
22 21
22 24
22 14
12 15
12 21
12 18
12 24
12 28
6 29
6 18
6 24
6 11
20 21
20 18
20 28
20 14
20 11
15 29
15 21
15 18
15 24
15 14
15 11
29 21
29 18
29 14
29 11
21 14
21 11
18 24
18 14
24 14
24 11
28 14
28 11
