*verties 24
20
25
28
13
31
11
16
18
8
5
29
27
0
10
7
1
12
22
30
24
17
2
26
21
*edges 
20 25
20 28
20 16
20 8
20 5
20 27
20 10
20 7
20 1
20 12
20 22
20 24
20 17
20 2
20 26
20 21
25 13
25 11
25 8
25 29
25 27
25 0
25 1
25 22
25 17
25 2
28 13
28 31
28 18
28 8
28 5
28 27
28 10
28 7
28 1
28 30
28 24
28 21
13 31
13 11
13 18
13 5
13 7
13 1
13 12
13 30
13 24
13 17
13 2
13 26
31 11
31 18
31 29
31 10
31 7
31 12
31 30
31 24
31 2
31 26
11 8
11 5
11 29
11 27
11 0
11 10
11 7
11 30
11 24
11 2
16 8
16 5
16 29
16 27
16 0
16 10
16 7
16 1
16 30
16 24
16 17
16 2
16 26
18 8
18 5
18 29
18 7
18 1
18 12
18 22
18 30
18 24
18 17
18 2
18 26
8 5
8 29
8 27
8 10
8 7
8 12
8 30
8 17
5 27
5 10
5 1
5 12
5 30
5 24
5 17
5 26
29 0
29 24
29 17
27 0
27 10
27 7
27 12
27 30
27 24
27 17
27 2
0 10
0 1
0 12
0 30
0 24
0 17
0 2
0 26
0 21
10 12
10 22
10 24
10 17
10 2
10 26
10 21
7 12
7 22
7 30
7 24
7 17
1 22
1 30
1 2
1 26
1 21
12 22
12 24
12 17
12 26
12 21
22 2
22 26
30 24
30 17
30 21
24 17
24 2
24 26
24 21
17 2
17 26
2 26
2 21
26 21
