*verties 28
14
4
15
25
7
8
21
16
11
0
3
10
27
22
17
19
2
30
1
13
28
6
29
18
20
26
12
24
*edges 
14 15
14 8
14 21
14 3
14 10
14 27
14 22
14 19
14 30
14 1
14 13
14 28
14 6
14 18
4 25
4 7
4 16
4 11
4 0
4 3
4 27
4 17
4 19
4 2
4 30
4 13
4 29
4 18
4 26
15 7
15 8
15 16
15 0
15 3
15 27
15 2
15 1
15 28
15 6
15 18
15 20
25 7
25 8
25 21
25 16
25 11
25 0
25 27
25 22
25 17
25 19
25 30
7 8
7 21
7 16
7 11
7 0
7 10
7 19
7 2
7 28
7 6
7 20
8 16
8 11
8 3
8 10
8 27
8 17
8 2
8 30
8 13
8 28
8 29
8 26
8 24
21 11
21 3
21 27
21 22
21 19
21 2
21 13
21 28
21 29
21 18
21 26
21 24
16 0
16 3
16 10
16 17
16 19
16 30
16 1
16 28
16 6
16 18
16 12
11 0
11 3
11 10
11 27
11 17
11 19
11 2
11 30
11 13
11 28
11 6
11 12
0 27
0 17
0 1
0 13
0 6
0 26
0 12
0 24
3 17
3 2
3 30
3 1
3 28
3 6
3 29
3 26
3 12
3 24
10 27
10 22
10 17
10 30
10 1
10 29
10 20
27 22
27 17
27 19
27 2
27 13
27 29
27 24
22 17
22 19
22 30
22 1
22 28
22 6
22 20
22 26
22 12
17 19
17 1
17 13
17 29
17 26
17 12
19 2
19 1
19 6
19 29
19 18
19 26
19 24
2 30
2 13
2 6
2 29
2 20
2 12
30 13
30 28
30 6
30 29
30 20
30 12
30 24
1 13
1 28
1 6
1 29
1 18
1 20
1 12
1 24
13 6
13 29
13 26
13 12
28 6
28 26
6 18
6 20
6 24
29 18
29 20
29 26
29 24
18 20
18 12
18 24
20 26
26 12
26 24
12 24
