*verties 31
22
30
29
18
8
17
9
28
31
1
12
5
15
20
24
3
16
13
25
19
26
0
23
7
10
11
27
6
14
4
21
*edges 
22 30
22 29
22 18
22 17
22 9
22 28
22 31
22 1
22 5
22 20
22 24
22 16
22 13
22 26
22 0
22 23
22 11
22 6
22 14
30 29
30 8
30 17
30 9
30 15
30 3
30 16
30 25
30 26
30 0
30 7
30 27
30 6
30 21
29 17
29 9
29 31
29 20
29 24
29 13
29 26
29 0
29 7
29 11
29 27
29 14
29 4
29 21
18 8
18 17
18 1
18 5
18 20
18 3
18 13
18 25
18 23
18 10
18 11
18 27
18 6
18 21
8 17
8 9
8 28
8 31
8 15
8 20
8 16
8 13
8 19
8 23
8 7
8 11
8 4
8 21
17 31
17 1
17 15
17 20
17 24
17 25
17 19
17 26
17 10
17 11
17 27
17 14
9 31
9 12
9 5
9 15
9 20
9 13
9 19
9 0
9 23
9 10
9 6
28 31
28 1
28 12
28 5
28 15
28 20
28 16
28 13
28 25
28 0
28 6
28 14
28 21
31 1
31 15
31 13
31 19
31 26
31 23
31 11
31 27
31 6
31 21
1 5
1 15
1 24
1 16
1 0
1 23
1 7
1 6
1 14
12 5
12 15
12 20
12 24
12 16
12 25
12 19
12 0
12 10
12 11
12 6
12 14
5 15
5 3
5 16
5 13
5 25
5 19
5 0
5 7
5 10
5 27
5 4
15 24
15 3
15 16
15 23
15 7
15 4
20 24
20 3
20 16
20 13
20 25
20 19
20 23
20 27
20 6
20 14
20 4
24 13
24 19
24 26
24 0
24 23
24 27
3 16
3 13
3 25
3 19
3 0
3 23
3 14
3 4
3 21
16 13
16 25
16 26
16 11
16 6
13 25
13 19
13 26
13 23
13 7
13 10
13 11
13 27
13 4
25 0
25 23
25 11
25 6
25 14
19 23
19 7
19 11
19 27
19 14
19 4
19 21
26 23
26 10
26 14
26 4
26 21
0 23
0 7
0 10
0 14
23 7
23 10
23 27
23 14
23 4
7 11
7 4
10 6
10 4
10 21
11 6
11 14
27 6
6 14
14 4
14 21
4 21
