*verties 29
1
26
6
11
20
27
13
21
19
8
18
25
30
5
12
2
7
14
23
4
28
24
29
22
31
3
9
16
0
*edges 
1 11
1 20
1 27
1 21
1 8
1 30
1 12
1 2
1 7
1 14
1 23
1 4
1 24
1 29
1 22
1 31
1 3
1 9
1 0
26 20
26 13
26 8
26 30
26 5
26 2
26 7
26 14
26 4
26 24
26 29
26 31
26 9
26 16
6 11
6 27
6 13
6 21
6 18
6 25
6 30
6 12
6 7
6 14
6 23
6 4
6 24
6 22
6 31
6 9
6 16
11 27
11 13
11 21
11 19
11 25
11 12
11 7
11 23
11 28
11 24
11 29
11 22
11 3
11 9
11 16
11 0
20 13
20 19
20 18
20 5
20 2
20 14
20 23
20 28
20 29
20 22
20 31
20 3
20 0
27 21
27 18
27 25
27 30
27 5
27 2
27 14
27 4
27 28
27 24
27 31
27 3
27 9
27 16
27 0
13 21
13 19
13 25
13 5
13 12
13 7
13 23
13 4
13 24
13 29
13 22
13 31
13 3
13 16
21 19
21 8
21 18
21 30
21 12
21 14
21 23
21 4
21 29
21 3
21 16
19 8
19 18
19 30
19 2
19 24
19 29
19 0
8 12
8 2
8 14
8 23
8 4
8 24
8 22
18 25
18 30
18 5
18 12
18 7
18 14
18 4
18 28
18 29
18 22
18 31
18 9
18 0
25 12
25 7
25 14
25 23
25 4
25 24
25 29
25 9
25 0
30 12
30 2
30 7
30 14
30 23
30 4
30 28
30 24
30 29
30 16
30 0
5 14
5 23
5 28
5 22
5 9
5 0
12 2
12 7
12 14
12 4
12 24
12 29
12 3
12 9
12 0
2 7
2 14
2 23
2 4
2 28
2 3
2 9
7 4
7 28
7 31
7 9
7 16
7 0
14 23
14 24
14 9
14 16
23 24
23 22
23 31
23 0
4 28
4 22
4 31
4 3
4 9
4 16
4 0
28 24
28 29
28 22
28 3
28 16
24 22
24 31
24 3
24 9
24 16
29 22
29 3
29 9
29 0
22 3
22 16
22 0
31 3
31 9
31 16
31 0
3 16
9 16
