*verties 27
29
3
25
16
18
10
31
11
2
22
15
6
12
9
21
17
0
30
4
26
7
5
23
14
8
24
27
*edges 
29 3
29 16
29 18
29 11
29 22
29 6
29 9
29 21
29 17
29 30
29 4
29 23
29 8
29 27
3 18
3 2
3 6
3 12
3 21
3 0
3 7
3 5
3 24
3 27
25 18
25 10
25 22
25 15
25 6
25 9
25 30
25 4
25 26
25 14
16 18
16 15
16 9
16 17
16 0
16 5
16 24
16 27
18 31
18 2
18 6
18 12
18 30
18 14
18 8
18 27
10 22
10 15
10 12
10 21
10 17
10 0
10 4
10 26
10 7
10 5
10 23
10 24
10 27
31 11
31 9
31 30
31 4
31 26
31 5
31 8
31 24
31 27
11 2
11 22
11 6
11 12
11 21
11 0
11 30
11 5
11 23
11 27
2 12
2 5
2 23
2 14
2 8
2 24
22 6
22 9
22 0
22 4
22 7
22 23
22 14
22 8
15 6
15 12
15 9
15 17
15 30
15 26
15 7
15 5
15 23
15 24
6 9
6 21
6 17
6 30
6 14
6 24
12 9
12 21
12 0
12 30
12 7
12 23
12 14
12 24
12 27
9 0
9 4
9 5
21 17
21 30
21 24
17 0
17 4
17 5
17 14
17 8
0 30
0 4
0 8
30 7
30 14
30 27
4 7
4 23
4 24
4 27
26 5
26 23
26 8
26 27
7 24
5 23
5 14
5 8
5 24
23 8
14 27
8 24
