*verties 26
23
7
1
3
27
10
6
12
26
11
29
30
19
25
15
17
9
13
24
18
5
16
22
21
31
28
*edges 
23 7
23 1
23 27
23 10
23 6
23 26
23 30
23 19
23 25
23 15
23 17
23 9
23 18
23 5
23 16
23 22
23 21
23 28
7 3
7 27
7 10
7 6
7 26
7 30
7 19
7 25
7 17
7 9
7 13
7 24
7 18
7 5
7 16
7 22
7 21
7 28
1 3
1 10
1 6
1 12
1 26
1 29
1 30
1 19
1 25
1 15
1 17
1 9
1 13
1 24
1 18
1 5
1 16
1 22
1 31
1 28
3 27
3 10
3 12
3 26
3 11
3 29
3 30
3 19
3 25
3 15
3 17
3 9
3 13
3 24
3 18
3 5
3 16
3 22
3 21
3 31
27 12
27 29
27 30
27 19
27 15
27 17
27 9
27 24
27 18
27 5
27 16
27 31
10 6
10 12
10 26
10 30
10 25
10 15
10 17
10 9
10 13
10 24
10 18
10 16
10 21
10 31
10 28
6 12
6 26
6 11
6 29
6 30
6 19
6 25
6 15
6 17
6 13
6 24
6 18
6 16
6 22
6 21
6 31
12 26
12 11
12 29
12 30
12 19
12 25
12 15
12 9
12 24
12 18
12 16
12 21
12 31
12 28
26 11
26 29
26 19
26 25
26 15
26 17
26 9
26 13
26 24
26 18
26 16
26 22
26 21
26 31
26 28
11 29
11 30
11 19
11 25
11 15
11 17
11 9
11 13
11 24
11 18
11 5
11 16
11 22
11 28
29 30
29 19
29 25
29 17
29 9
29 13
29 24
29 18
29 16
29 22
29 21
29 31
30 19
30 25
30 15
30 17
30 9
30 24
30 18
30 16
30 22
30 31
30 28
19 25
19 15
19 17
19 9
19 5
19 16
19 22
19 21
19 31
19 28
25 15
25 17
25 9
25 24
25 18
25 5
25 16
25 22
25 21
25 31
25 28
15 17
15 9
15 13
15 24
15 18
15 5
15 16
15 22
15 21
15 31
17 9
17 24
17 18
17 5
17 16
17 22
17 21
17 31
9 24
9 18
9 5
9 16
9 31
13 24
13 18
13 5
13 16
13 21
13 31
13 28
24 18
24 16
24 22
24 21
24 31
24 28
18 5
18 22
18 21
18 31
18 28
5 16
5 21
5 28
16 22
16 21
22 21
22 31
21 31
21 28
31 28
