*verties 30
26
3
5
27
13
19
21
29
8
20
16
1
24
0
12
31
15
10
22
9
28
25
11
2
6
4
14
17
18
30
*edges 
26 3
26 5
26 27
26 13
26 19
26 29
26 8
26 20
26 16
26 24
26 12
26 31
26 15
26 10
26 22
26 9
26 25
26 11
26 2
26 6
26 4
26 14
26 18
3 27
3 13
3 29
3 8
3 20
3 16
3 1
3 24
3 12
3 10
3 22
3 9
3 28
3 11
3 2
3 6
3 4
3 14
3 17
3 18
3 30
5 13
5 19
5 21
5 29
5 8
5 20
5 16
5 1
5 24
5 0
5 15
5 9
5 28
5 25
5 11
5 2
5 6
5 4
5 14
5 18
5 30
27 13
27 19
27 21
27 29
27 8
27 20
27 16
27 1
27 24
27 0
27 12
27 31
27 15
27 10
27 22
27 9
27 25
27 11
27 2
27 6
27 4
27 14
27 17
27 18
27 30
13 21
13 29
13 8
13 20
13 16
13 1
13 0
13 12
13 31
13 15
13 10
13 22
13 9
13 28
13 11
13 2
13 6
13 4
13 14
13 17
13 30
19 21
19 29
19 8
19 20
19 1
19 24
19 0
19 12
19 31
19 15
19 10
19 9
19 28
19 25
19 11
19 2
19 6
19 4
19 14
19 17
19 18
21 29
21 8
21 20
21 16
21 24
21 0
21 12
21 31
21 15
21 10
21 9
21 28
21 11
21 2
21 6
21 4
21 17
21 18
21 30
29 8
29 20
29 16
29 1
29 24
29 0
29 12
29 31
29 15
29 10
29 22
29 9
29 28
29 25
29 11
29 2
29 6
29 14
29 30
8 20
8 16
8 1
8 24
8 0
8 31
8 10
8 22
8 9
8 28
8 11
8 6
8 4
8 14
8 17
8 30
20 16
20 1
20 0
20 31
20 10
20 22
20 28
20 11
20 2
20 4
20 14
20 17
20 30
16 1
16 24
16 0
16 12
16 31
16 15
16 10
16 22
16 9
16 25
16 11
16 2
16 6
16 4
16 14
16 17
16 18
1 24
1 0
1 12
1 31
1 9
1 28
1 25
1 11
1 2
1 6
1 4
1 14
1 17
1 18
24 0
24 12
24 31
24 10
24 22
24 28
24 25
24 11
24 6
24 4
24 14
24 17
24 18
24 30
0 12
0 31
0 15
0 10
0 22
0 9
0 28
0 25
0 11
0 6
0 4
0 17
0 30
12 31
12 15
12 10
12 22
12 25
12 11
12 2
12 6
12 14
12 17
12 18
12 30
31 15
31 10
31 22
31 9
31 28
31 11
31 2
31 6
31 4
31 14
31 17
31 18
15 22
15 28
15 25
15 2
15 6
15 4
15 14
15 17
15 18
15 30
10 22
10 28
10 25
10 11
10 2
10 14
10 17
10 18
10 30
22 28
22 25
22 2
22 14
22 17
22 30
9 28
9 25
9 11
9 2
9 6
9 4
9 14
9 17
9 18
28 25
28 11
28 2
28 6
28 4
28 17
28 18
28 30
25 11
25 2
25 6
25 17
25 18
25 30
11 2
11 6
11 4
11 14
11 17
11 18
11 30
2 6
2 4
2 14
2 17
2 18
2 30
6 4
6 14
6 18
6 30
4 14
4 17
4 18
4 30
14 17
14 18
17 18
17 30
18 30
