*verties 25
12
27
19
30
8
25
11
23
14
10
1
9
22
16
5
26
6
4
29
28
15
18
31
3
21
*edges 
12 27
12 25
12 11
12 23
12 14
12 10
12 9
12 16
12 6
12 29
12 21
27 25
27 23
27 9
27 22
27 16
27 5
27 26
27 6
27 21
19 25
19 11
19 14
19 10
19 1
19 9
19 16
19 5
19 26
19 15
19 31
19 21
30 8
30 23
30 22
30 26
30 4
8 25
8 23
8 5
8 18
8 31
8 21
25 11
25 14
25 10
25 1
25 5
25 15
11 23
11 10
11 6
11 4
11 28
11 18
11 3
11 21
23 14
23 1
23 22
23 16
23 5
23 6
23 4
23 3
14 9
14 22
14 26
14 4
14 28
14 18
10 1
10 26
10 4
10 15
10 18
10 21
1 16
1 5
1 4
1 18
1 3
9 16
9 5
9 26
9 6
9 4
9 29
9 28
9 18
9 31
9 21
22 5
22 6
22 29
22 28
22 3
22 21
16 15
16 18
16 21
5 26
5 6
5 29
5 15
5 31
5 3
26 6
26 4
26 29
26 28
26 18
26 31
6 29
6 28
6 15
4 28
4 18
4 31
4 21
29 28
29 31
29 3
28 15
15 31
18 21
