*verties 29
7
17
10
1
8
31
3
14
20
30
2
0
21
26
18
4
16
13
25
6
23
12
19
27
28
15
22
29
24
*edges 
7 17
7 10
7 1
7 31
7 14
7 20
7 30
7 0
7 26
7 18
7 4
7 16
7 25
7 6
7 23
7 12
7 19
7 27
7 28
7 15
7 22
7 29
17 10
17 1
17 8
17 31
17 3
17 14
17 20
17 30
17 2
17 21
17 18
17 16
17 25
17 23
17 12
17 27
17 28
17 22
17 29
17 24
10 1
10 8
10 31
10 14
10 20
10 2
10 0
10 26
10 18
10 16
10 13
10 25
10 23
10 12
10 19
10 27
10 28
10 29
1 31
1 3
1 14
1 30
1 2
1 0
1 21
1 26
1 18
1 4
1 16
1 13
1 6
1 23
1 19
1 27
1 15
1 22
1 29
1 24
8 31
8 3
8 30
8 0
8 21
8 26
8 18
8 4
8 13
8 23
8 12
8 19
8 27
8 28
8 15
8 22
8 29
8 24
31 14
31 20
31 30
31 2
31 0
31 21
31 26
31 18
31 4
31 16
31 13
31 25
31 6
31 23
31 22
31 29
3 30
3 2
3 0
3 21
3 26
3 18
3 13
3 6
3 28
3 22
3 29
3 24
14 20
14 30
14 2
14 0
14 21
14 4
14 16
14 25
14 6
14 12
14 19
14 27
14 15
14 22
14 29
14 24
20 30
20 2
20 0
20 21
20 16
20 25
20 6
20 19
20 27
20 28
20 15
20 22
20 29
20 24
30 2
30 0
30 21
30 18
30 4
30 16
30 13
30 25
30 12
30 19
30 27
30 28
30 15
30 22
30 24
2 0
2 26
2 18
2 16
2 25
2 23
2 12
2 19
2 27
2 28
2 15
2 29
0 21
0 18
0 4
0 16
0 13
0 25
0 6
0 23
0 19
0 27
0 22
21 26
21 18
21 4
21 25
21 6
21 23
21 12
21 27
21 28
21 15
21 22
21 29
21 24
26 18
26 4
26 16
26 13
26 25
26 23
26 12
26 19
26 27
26 22
26 29
26 24
18 4
18 16
18 13
18 25
18 6
18 23
18 19
18 27
18 28
18 15
18 22
18 24
4 13
4 25
4 6
4 23
4 19
4 27
4 15
4 22
4 29
16 13
16 25
16 6
16 19
16 27
16 28
16 22
16 29
16 24
13 25
13 6
13 23
13 27
13 28
13 15
13 22
13 29
13 24
25 6
25 23
25 12
25 28
25 15
25 29
25 24
6 23
6 12
6 28
6 15
6 29
23 12
23 19
23 27
23 28
23 15
23 22
23 24
12 19
12 15
12 22
12 24
19 27
19 15
19 22
19 29
27 28
27 15
27 29
27 24
28 15
28 22
28 29
22 29
22 24
