*verties 29
19
30
24
11
0
6
21
4
2
12
17
29
14
26
23
20
16
5
15
25
10
31
27
22
18
7
13
28
9
*edges 
19 30
19 24
19 6
19 21
19 4
19 2
19 17
19 29
19 14
19 26
19 20
19 15
19 25
19 10
19 31
19 27
19 22
19 18
19 13
19 28
30 24
30 11
30 0
30 6
30 21
30 2
30 12
30 29
30 14
30 26
30 23
30 16
30 5
30 25
30 31
30 27
30 22
30 7
30 13
30 28
30 9
24 11
24 0
24 6
24 21
24 4
24 2
24 12
24 17
24 29
24 14
24 26
24 23
24 20
24 16
24 5
24 15
24 25
24 10
24 31
24 27
24 18
24 7
24 13
24 9
11 0
11 6
11 4
11 2
11 12
11 17
11 29
11 14
11 26
11 23
11 20
11 16
11 5
11 15
11 10
11 27
11 22
11 18
11 7
11 13
0 6
0 21
0 12
0 17
0 29
0 14
0 26
0 23
0 20
0 5
0 15
0 25
0 31
0 27
0 13
0 28
0 9
6 21
6 4
6 2
6 12
6 29
6 23
6 20
6 16
6 15
6 25
6 10
6 27
6 22
6 7
6 28
21 2
21 17
21 29
21 14
21 26
21 23
21 5
21 15
21 25
21 27
21 18
21 13
21 28
21 9
4 2
4 12
4 29
4 14
4 26
4 23
4 20
4 5
4 15
4 25
4 10
4 31
4 27
4 22
4 7
4 13
4 28
4 9
2 12
2 17
2 14
2 26
2 23
2 20
2 16
2 15
2 25
2 10
2 31
2 27
2 22
2 18
2 13
2 28
2 9
12 17
12 29
12 14
12 26
12 23
12 20
12 16
12 5
12 25
12 22
12 18
12 7
12 28
17 29
17 14
17 26
17 20
17 5
17 25
17 10
17 31
17 27
17 22
17 18
17 7
17 13
17 28
17 9
29 14
29 26
29 23
29 5
29 15
29 25
29 31
29 27
29 22
29 18
29 7
29 13
29 9
14 26
14 23
14 16
14 5
14 15
14 25
14 10
14 31
14 27
14 22
14 18
14 7
14 13
14 28
14 9
26 23
26 20
26 16
26 5
26 15
26 25
26 10
26 27
26 7
26 13
26 9
23 15
23 31
23 27
23 18
23 7
23 13
23 28
20 16
20 25
20 10
20 27
20 7
20 13
20 28
20 9
16 15
16 25
16 10
16 31
16 27
16 22
16 18
16 7
16 28
16 9
5 15
5 25
5 10
5 31
5 27
5 18
5 7
5 13
5 28
15 25
15 10
15 31
15 27
15 18
15 7
25 10
25 31
25 27
25 22
25 18
25 7
25 13
25 9
10 31
10 27
10 18
10 7
10 13
10 28
10 9
31 27
31 18
31 7
31 13
27 22
27 18
27 28
27 9
22 18
22 7
22 13
22 28
22 9
18 7
18 13
18 28
18 9
7 13
7 28
7 9
13 28
13 9
