*verties 23
2
19
4
22
3
30
5
26
10
8
17
7
20
15
11
16
12
27
18
13
29
9
1
*edges 
2 4
2 3
2 5
2 10
2 8
2 11
2 27
2 18
2 13
2 29
2 9
2 1
19 22
19 5
19 10
19 8
19 7
19 11
19 12
19 27
19 9
19 1
4 3
4 5
4 10
4 8
4 20
4 15
4 11
4 16
4 13
4 9
22 5
22 26
22 17
22 11
22 16
22 27
22 18
22 29
3 30
3 5
3 8
3 15
3 16
3 12
3 18
3 13
3 1
30 7
30 15
30 11
30 12
30 18
30 13
30 9
5 26
5 11
5 16
26 10
26 8
26 17
26 15
26 12
26 27
26 18
26 9
26 1
10 8
10 17
10 20
10 15
10 18
10 13
10 29
10 1
8 17
8 15
8 16
8 12
8 13
8 1
17 7
17 11
17 27
17 29
17 9
17 1
7 15
7 16
7 12
7 13
7 1
20 16
20 12
20 27
20 18
20 13
15 13
15 29
15 1
11 16
11 27
11 13
11 1
16 12
16 18
16 1
12 27
12 18
12 29
12 1
27 18
27 13
27 1
18 13
18 1
13 29
29 9
29 1
